20
0.0 22.36 6.08 5.0 8.54 11.05 25.63 26.93 17.12 19.72 22.02 22.02 7.81 4.12 25.3 19.92 29.41 27.02 15.62 34.71 
22.36 0.0 21.38 18.03 24.76 28.32 17.8 18.03 12.37 20.22 11.18 22.47 21.93 18.36 18.44 16.64 14.32 25.5 10.2 16.28 
6.08 21.38 0.0 8.49 14.56 17.12 20.59 21.95 19.7 24.08 24.04 16.12 13.42 7.07 20.12 14.76 25.46 21.1 12.53 31.24 
5.0 18.03 8.49 0.0 8.25 11.7 24.33 25.5 12.17 15.62 17.03 22.36 6.0 1.41 24.19 19.03 26.83 27.29 13.0 31.62 
8.54 24.76 14.56 8.25 0.0 3.61 32.56 33.73 15.23 14.14 20.25 30.07 2.83 9.06 32.39 27.17 34.93 35.06 21.19 39.45 
11.05 28.32 17.12 11.7 3.61 0.0 35.9 37.11 18.36 16.03 23.26 33.0 6.4 12.37 35.69 30.41 38.48 38.0 24.7 43.05 
25.63 17.8 20.59 24.33 32.56 35.9 0.0 1.41 27.2 34.93 28.18 8.25 30.27 23.54 1.0 5.83 8.0 8.54 12.04 14.14 
26.93 18.03 21.95 25.5 33.73 37.11 1.41 0.0 27.89 35.69 28.64 9.49 31.4 24.74 2.24 7.21 7.07 9.22 13.0 13.04 
17.12 12.37 19.7 12.17 15.23 18.36 27.2 27.89 0.0 8.0 5.1 28.84 12.65 13.34 27.51 23.71 26.0 33.12 15.65 28.64 
19.72 20.22 24.08 15.62 14.14 16.03 34.93 35.69 8.0 0.0 10.3 35.78 12.65 17.03 35.17 31.02 34.0 40.31 23.09 36.5 
22.02 11.18 24.04 17.03 20.25 23.26 28.18 28.64 5.1 10.3 0.0 31.14 17.72 18.11 28.65 25.61 25.5 35.0 17.69 27.02 
22.02 22.47 16.12 22.36 30.07 33.0 8.25 9.49 28.84 35.78 31.14 0.0 28.28 21.21 7.28 5.83 16.12 5.0 13.45 22.36 
7.81 21.93 13.42 6.0 2.83 6.4 30.27 31.4 12.65 12.65 17.72 28.28 0.0 7.07 30.15 25.02 32.31 33.24 18.68 36.72 
4.12 18.36 7.07 1.41 9.06 12.37 23.54 24.74 13.34 17.03 18.11 21.21 7.07 0.0 23.35 18.11 26.42 26.17 12.53 31.4 
25.3 18.44 20.12 24.19 32.39 35.69 1.0 2.24 27.51 35.17 28.65 7.28 30.15 23.35 0.0 5.39 9.0 7.62 12.17 15.13 
19.92 16.64 14.76 19.03 27.17 30.41 5.83 7.21 23.71 31.02 25.61 5.83 25.02 18.11 5.39 0.0 12.08 9.43 8.06 18.38 
29.41 14.32 25.46 26.83 34.93 38.48 8.0 7.07 26.0 34.0 25.5 16.12 32.31 26.42 9.0 12.08 0.0 16.28 13.89 6.32 
27.02 25.5 21.1 27.29 35.06 38.0 8.54 9.22 33.12 40.31 35.0 5.0 33.24 26.17 7.62 9.43 16.28 0.0 17.49 22.02 
15.62 10.2 12.53 13.0 21.19 24.7 12.04 13.0 15.65 23.09 17.69 13.45 18.68 12.53 12.17 8.06 13.89 17.49 0.0 19.1 
34.71 16.28 31.24 31.62 39.45 43.05 14.14 13.04 28.64 36.5 27.02 22.36 36.72 31.4 15.13 18.38 6.32 22.02 19.1 0.0 
