66
0.0 90.0 210.0 240.34 141.79 174.93 169.71 180.0 169.71 240.0 30.0 60.0 127.53 216.33 123.69 90.27 80.4 241.87 205.25 12.81 228.47 201.25 150.0 120.0 130.23 80.4 150.0 127.28 66.03 38.47 103.25 168.11 138.92 44.94 131.97 131.0 175.73 126.14 159.61 142.13 150.0 136.01 219.86 179.61 52.35 141.22 149.47 128.51 145.34 159.81 158.4 160.56 193.67 189.53 131.04 142.24 61.61 197.8 142.04 95.27 241.87 223.04 90.0 147.13 121.06 184.23 
90.0 0.0 120.0 80.4 205.57 108.17 123.69 90.0 241.87 150.0 60.0 30.0 196.01 147.53 134.16 209.72 192.09 169.71 173.4 174.93 150.0 127.28 60.0 30.0 171.41 192.09 94.87 90.0 148.93 92.2 38.47 247.39 192.67 120.17 198.93 198.28 180.28 151.43 218.25 230.52 120.0 226.01 106.88 132.97 66.03 229.97 234.35 181.37 225.44 194.83 126.14 76.16 15.23 219.86 137.08 128.27 150.65 118.69 204.83 167.26 169.71 179.69 127.28 228.22 160.11 173.67 
210.0 120.0 0.0 169.71 98.08 108.17 150.0 30.0 240.34 30.0 180.0 150.0 76.03 188.22 216.33 172.0 123.69 120.0 197.96 94.87 90.0 94.87 60.0 90.0 74.86 123.69 127.28 150.0 74.86 207.51 120.17 254.53 143.33 237.07 83.26 81.71 244.66 239.77 122.44 238.17 169.71 232.77 96.17 153.1 178.1 237.63 240.88 120.0 223.8 119.1 169.92 66.03 251.22 156.73 214.83 191.34 86.95 166.59 175.1 113.31 120.0 184.95 228.47 174.6 255.88 224.32 
240.34 80.4 169.71 0.0 187.24 182.48 210.0 192.09 76.76 150.0 197.14 147.53 125.94 251.98 156.41 184.74 90.0 120.0 41.42 94.87 123.69 152.97 216.33 241.87 236.11 12.81 212.13 241.87 203.34 253.78 119.1 59.46 111.14 138.59 96.6 156.32 201.56 185.53 220.44 172.66 240.0 185.67 172.79 193.87 214.16 211.93 231.67 101.51 85.65 77.41 223.02 235.03 102.49 153.53 126.02 254.31 179.62 254.83 183.75 152.13 80.4 234.67 210.39 166.82 232.77 154.56 
141.79 205.57 98.08 187.24 0.0 203.96 246.33 122.8 36.77 77.2 62.0 234.35 64.0 231.67 182.0 133.7 187.72 197.23 205.85 158.81 169.94 185.31 149.47 177.2 186.87 74.03 225.08 248.03 225.03 115.93 191.51 223.29 233.28 176.47 96.0 32.0 95.21 130.23 34.0 240.67 77.49 226.07 211.67 173.08 251.15 223.0 216.82 110.8 233.45 199.45 200.49 132.2 191.18 215.5 32.56 229.12 244.86 203.18 181.92 84.5 95.6 181.21 198.4 119.23 242.47 245.97 
174.93 108.17 108.17 182.48 203.96 0.0 42.43 94.87 90.91 127.28 150.0 127.28 161.99 210.39 123.69 81.9 94.87 67.08 67.47 90.0 60.0 30.0 90.0 94.87 110.74 228.47 30.0 60.0 240.83 192.67 138.92 228.04 153.64 216.01 147.08 181.37 126.9 43.08 230.42 143.33 67.08 154.93 126.13 219.32 171.41 178.35 198.4 198.28 86.19 162.0 222.65 128.14 254.19 205.0 244.24 231.76 223.33 208.39 227.98 210.61 218.4 56.32 150.0 105.87 168.69 100.82 
169.71 123.69 150.0 210.0 246.33 42.43 0.0 134.16 240.0 169.71 150.0 134.16 203.67 156.41 90.0 166.82 120.0 90.0 140.68 123.69 94.87 67.08 123.69 120.0 129.24 80.4 30.0 42.43 235.03 194.83 159.81 218.37 162.0 213.78 186.95 223.73 163.66 89.31 93.15 91.78 30.0 118.0 136.19 248.07 178.94 153.39 182.0 166.0 242.99 180.23 247.17 162.05 6.0 223.75 45.12 251.86 208.89 160.96 196.0 185.78 12.81 142.17 123.69 184.74 136.0 150.48 
180.0 90.0 30.0 192.09 122.8 94.87 134.16 0.0 197.14 60.0 150.0 120.0 106.02 113.7 192.09 174.6 134.16 123.69 184.95 108.17 94.87 90.0 30.0 60.0 240.83 134.16 108.17 127.28 237.07 178.1 92.2 211.67 74.86 207.51 111.32 110.16 224.32 214.83 143.01 191.69 150.0 185.27 237.16 138.92 148.93 191.02 195.36 255.88 176.6 32.31 151.43 44.94 211.4 106.88 191.34 169.92 240.41 72.47 120.0 251.15 123.69 176.15 201.25 182.16 229.82 206.35 
169.71 241.87 240.34 76.76 36.77 90.91 240.0 197.14 0.0 113.7 192.09 216.33 218.38 60.0 150.0 251.18 253.11 208.24 89.53 254.88 210.39 159.26 147.53 80.4 72.0 236.91 241.87 212.13 171.23 202.09 78.0 216.75 18.0 184.88 202.88 237.2 209.91 104.19 122.0 87.86 210.0 119.08 171.36 237.66 222.04 151.08 182.7 74.0 38.0 144.79 204.05 188.69 108.68 196.33 138.98 171.98 121.8 71.02 44.0 75.6 188.22 151.12 123.69 135.11 104.0 233.08 
240.0 150.0 30.0 150.0 77.2 127.28 169.71 60.0 113.7 0.0 210.0 180.0 46.04 244.39 241.87 174.6 120.0 123.69 214.4 90.0 94.87 108.17 90.0 120.0 143.33 120.0 150.0 174.93 149.48 237.07 148.93 145.01 193.09 74.86 57.2 54.92 75.26 71.39 106.45 113.88 192.09 101.53 172.01 171.41 207.51 112.75 118.95 175.1 72.47 170.66 191.34 92.2 133.4 198.76 239.77 214.83 157.04 228.15 220.73 173.03 123.69 197.96 12.81 172.0 120.0 244.66 
30.0 60.0 180.0 197.14 62.0 150.0 150.0 150.0 192.09 210.0 0.0 30.0 2.0 241.87 120.0 248.97 241.87 216.33 190.55 228.47 201.25 174.93 120.0 90.0 138.92 241.87 127.28 108.17 92.2 44.94 76.16 193.49 153.1 66.03 34.0 30.0 172.1 128.27 96.0 171.41 134.16 166.01 236.81 160.0 38.47 170.66 177.2 142.04 170.95 166.97 142.24 131.61 212.43 195.6 126.14 131.04 91.08 225.44 160.11 116.52 216.33 205.25 94.87 90.27 128.51 175.73 
60.0 30.0 150.0 147.53 234.35 127.28 134.16 120.0 216.33 180.0 30.0 0.0 226.01 80.4 123.69 228.22 216.33 192.09 179.69 201.25 174.93 150.0 90.0 60.0 153.1 216.33 108.17 94.87 120.17 66.03 52.35 220.05 171.41 92.2 228.54 227.98 173.67 137.08 245.54 200.9 123.69 196.01 9.17 144.01 44.94 200.26 205.57 160.11 197.8 178.94 131.04 103.25 233.56 205.91 128.27 126.14 120.81 253.62 181.37 140.98 192.09 190.55 108.17 248.97 142.04 172.1 
127.53 196.01 76.03 125.94 64.0 161.99 203.67 106.02 218.38 46.04 2.0 226.01 0.0 185.67 118.0 189.87 126.65 140.36 246.07 99.3 116.28 137.77 136.01 166.01 217.86 130.38 187.88 214.85 227.3 120.27 194.16 241.47 37.79 179.34 32.0 32.0 165.05 171.02 98.0 223.0 228.78 216.82 255.01 206.16 253.18 223.0 226.07 242.1 200.41 236.99 229.09 136.01 230.07 33.59 115.53 254.53 233.08 164.16 117.88 243.65 143.74 225.86 154.93 179.98 198.98 114.63 
216.33 147.53 188.22 251.98 231.67 210.39 156.41 113.7 60.0 244.39 241.87 80.4 185.67 0.0 210.0 201.88 212.9 145.01 198.64 215.01 148.08 254.88 240.34 197.14 142.49 193.37 159.26 90.91 202.09 244.05 188.69 220.05 108.83 222.04 167.16 207.48 29.12 171.98 40.84 95.71 85.81 125.94 183.53 155.14 78.0 155.77 187.24 134.0 71.02 189.96 74.97 82.39 127.95 231.65 204.05 235.58 160.11 38.0 104.0 128.51 114.42 240.57 182.48 255.06 164.0 121.28 
123.69 134.16 216.33 156.41 182.0 123.69 90.0 192.09 150.0 241.87 120.0 123.69 118.0 210.0 0.0 228.32 210.0 180.0 162.64 212.13 182.48 152.97 169.71 150.0 253.81 190.17 94.87 67.08 178.94 159.81 171.23 96.66 54.99 166.97 86.0 150.0 140.58 247.17 216.0 188.73 60.0 203.67 223.75 72.0 158.11 225.22 246.33 76.0 154.74 121.1 254.7 202.09 178.64 179.57 246.07 248.62 139.05 213.41 106.0 101.07 156.41 179.64 42.43 252.64 46.0 145.0 
90.27 209.72 172.0 184.74 133.7 81.9 166.82 174.6 251.18 174.6 248.97 228.22 189.87 201.88 228.32 0.0 143.62 140.46 98.0 63.31 55.75 63.31 182.16 194.12 238.1 60.03 105.87 132.32 148.71 244.07 175.93 247.68 78.08 84.71 219.57 161.06 174.0 209.12 107.48 180.19 184.74 137.55 199.24 94.83 219.62 100.98 27.28 140.46 205.78 234.42 122.93 144.47 195.82 234.55 179.98 151.17 204.84 141.45 189.71 48.41 52.0 68.0 217.27 30.0 72.58 144.0 
80.4 192.09 123.69 90.0 187.72 94.87 120.0 134.16 253.11 120.0 241.87 216.33 126.65 212.9 210.0 143.62 0.0 30.0 190.03 30.0 42.43 67.08 150.0 169.71 11.31 240.0 123.69 152.97 214.16 119.1 213.78 241.8 129.88 170.66 97.53 156.89 247.68 223.02 220.84 138.59 150.0 155.65 153.53 94.68 32.31 185.23 208.39 127.51 255.95 126.13 125.36 178.94 67.68 183.0 191.3 158.92 188.94 216.27 185.26 163.03 241.87 171.27 241.87 140.46 0.0 223.62 
241.87 169.71 120.0 120.0 197.23 67.08 90.0 123.69 208.24 123.69 216.33 192.09 140.36 145.01 180.0 140.46 30.0 0.0 171.27 42.43 30.0 42.43 134.16 150.0 225.22 241.87 94.87 123.69 170.66 32.31 194.83 191.54 11.31 119.1 114.77 168.15 223.62 191.3 228.98 250.93 120.0 50.68 56.85 54.99 235.03 111.95 147.54 0.0 211.68 31.11 89.31 166.97 223.37 136.19 158.92 125.36 136.38 149.91 127.51 97.37 240.0 156.05 212.13 143.62 226.0 201.16 
205.25 173.4 197.96 41.42 205.85 67.47 140.68 184.95 89.53 214.4 190.55 179.69 246.07 198.64 162.64 98.0 190.03 171.27 0.0 139.61 112.75 87.93 176.15 172.19 142.94 138.16 56.32 59.93 213.34 170.86 134.95 52.35 171.73 190.92 84.71 224.59 76.0 115.55 189.87 198.49 142.17 162.0 226.57 46.17 154.05 130.87 89.82 211.4 229.79 136.72 48.7 141.04 224.44 136.94 88.84 65.05 253.34 136.78 234.67 156.73 110.94 30.0 125.11 128.0 190.03 46.0 
12.81 174.93 94.87 94.87 158.81 90.0 123.69 108.17 254.88 90.0 228.47 201.25 99.3 215.01 212.13 63.31 30.0 42.43 139.61 0.0 30.0 60.0 127.28 150.0 227.34 210.0 120.0 150.0 193.09 74.86 192.67 215.43 53.74 143.33 72.47 128.51 211.48 189.41 191.6 122.26 152.97 134.34 77.41 246.01 240.83 161.9 182.78 131.0 253.24 11.31 43.08 153.1 233.1 126.13 150.78 106.75 173.9 213.05 187.67 157.23 212.13 112.75 240.0 55.75 30.0 182.71 
228.47 150.0 90.0 123.69 169.94 60.0 94.87 94.87 210.39 94.87 201.25 174.93 116.28 148.08 182.48 55.75 42.43 30.0 112.75 30.0 0.0 30.0 108.17 127.28 191.69 212.13 90.0 120.0 143.33 240.83 171.41 156.93 227.34 74.86 94.4 142.04 182.71 150.78 200.93 242.29 123.69 248.85 226.25 233.62 216.01 66.57 108.39 30.0 208.39 225.22 244.24 138.92 184.71 31.11 106.75 43.08 114.63 145.23 131.0 87.29 210.0 87.93 210.0 63.31 227.98 154.42 
201.25 127.28 94.87 152.97 185.31 30.0 67.08 90.0 159.26 108.17 174.93 150.0 137.77 254.88 152.97 63.31 67.08 42.43 87.93 60.0 30.0 0.0 94.87 108.17 153.64 218.4 60.0 90.0 74.86 216.01 153.1 68.18 191.69 240.83 119.88 160.11 154.42 106.75 214.08 196.78 94.87 205.1 180.69 224.59 192.67 223.58 239.63 227.98 156.61 193.87 231.76 130.23 125.28 231.01 43.08 244.24 251.75 253.24 30.0 240.53 212.13 67.47 180.0 81.9 198.28 126.9 
150.0 60.0 60.0 216.33 149.47 90.0 123.69 30.0 147.53 90.0 120.0 90.0 136.01 240.34 169.71 182.16 150.0 134.16 176.15 127.28 108.17 94.87 0.0 30.0 216.01 150.0 94.87 108.17 207.51 148.93 66.03 163.17 240.83 178.1 140.19 139.27 206.35 191.34 166.47 136.25 134.16 127.53 198.76 130.23 120.17 135.31 141.79 229.82 118.69 235.03 137.08 38.47 167.55 9.17 169.92 151.43 210.47 223.8 255.88 222.66 134.16 172.19 174.93 194.12 204.83 191.42 
120.0 30.0 90.0 241.87 177.2 94.87 120.0 60.0 80.4 120.0 90.0 60.0 166.01 197.14 150.0 194.12 169.71 150.0 172.19 150.0 127.28 108.17 30.0 0.0 192.67 169.71 90.0 94.87 178.1 120.17 44.94 101.21 216.01 148.93 169.45 168.69 191.42 169.92 191.76 46.73 123.69 2.0 156.73 128.14 92.2 43.91 62.0 204.83 253.62 213.78 128.27 52.35 115.12 236.81 151.43 137.08 180.54 176.6 229.82 194.62 150.0 173.4 150.0 209.72 181.37 180.28 
130.23 171.41 74.86 236.11 186.87 110.74 129.24 240.83 72.0 143.33 138.92 153.1 217.86 142.49 253.81 238.1 11.31 225.22 142.94 227.34 191.69 153.64 216.01 192.67 0.0 64.99 52.19 246.01 94.87 94.87 150.0 118.41 30.0 90.0 238.34 200.42 74.4 30.07 177.73 198.09 94.68 171.59 108.17 150.0 108.17 150.33 130.0 248.97 230.9 30.0 120.02 201.25 92.97 60.0 60.03 90.02 146.49 53.85 253.39 205.18 234.14 171.73 219.32 78.08 248.13 100.18 
80.4 192.09 123.69 12.81 74.03 228.47 80.4 134.16 236.91 120.0 241.87 216.33 130.38 193.37 190.17 60.03 240.0 241.87 138.16 210.0 212.13 218.4 150.0 169.71 64.99 0.0 241.87 32.62 166.2 247.95 165.71 111.3 144.79 104.33 160.72 101.07 210.52 234.08 51.88 188.49 120.68 158.71 253.78 114.28 219.86 141.11 116.91 91.24 198.32 74.86 144.12 117.39 244.56 93.72 204.09 174.1 205.96 143.51 162.43 249.2 30.0 110.94 190.17 52.0 240.0 181.6 
150.0 94.87 127.28 212.13 225.08 30.0 30.0 108.17 241.87 150.0 127.28 108.17 187.88 159.26 94.87 105.87 123.69 94.87 56.32 120.0 90.0 60.0 94.87 90.0 52.19 241.87 0.0 30.0 216.01 171.41 130.23 188.74 110.74 192.67 175.19 204.83 100.82 244.24 249.3 64.53 42.43 88.0 31.11 218.08 153.1 124.21 152.0 168.69 240.13 129.24 217.33 132.97 223.14 180.23 231.76 222.65 195.39 156.61 198.28 180.71 228.47 59.93 120.0 132.32 139.27 77.61 
127.28 90.0 150.0 241.87 248.03 60.0 42.43 127.28 212.13 174.93 108.17 94.87 214.85 90.91 67.08 132.32 152.97 123.69 59.93 150.0 120.0 90.0 108.17 94.87 246.01 32.62 30.0 0.0 192.67 153.1 128.14 145.07 52.19 171.41 203.84 229.82 77.61 231.76 86.46 234.78 30.0 242.53 231.01 220.95 138.92 29.12 92.97 139.27 210.15 94.68 216.08 144.01 191.76 157.3 222.65 217.33 168.15 86.19 168.69 150.85 241.87 76.24 90.0 160.02 110.16 60.7 
66.03 148.93 74.86 203.34 225.03 240.83 235.03 237.07 171.23 149.48 92.2 120.17 227.3 202.09 178.94 148.71 214.16 170.66 213.34 193.09 143.33 74.86 207.51 178.1 94.87 166.2 216.01 192.67 0.0 60.0 150.0 102.08 90.0 30.0 235.05 223.89 161.42 106.51 231.14 110.63 213.78 91.24 161.55 201.25 90.0 84.38 85.44 158.2 136.95 123.69 173.91 210.0 133.28 152.97 125.87 148.81 52.35 174.0 159.52 112.16 104.33 237.43 138.92 197.12 162.51 179.88 
38.47 92.2 207.51 253.78 115.93 192.67 194.83 178.1 202.09 237.07 44.94 66.03 120.27 244.05 159.81 244.07 119.1 32.31 170.86 74.86 240.83 216.01 148.93 120.17 94.87 247.95 171.41 153.1 60.0 0.0 90.0 155.24 108.17 30.0 134.34 113.7 137.32 88.0 127.39 161.0 178.94 147.53 192.09 150.0 30.0 144.22 144.01 166.34 174.0 123.69 125.87 150.0 168.3 152.97 92.97 106.51 84.02 221.35 178.01 130.0 219.86 190.92 128.14 84.71 159.52 146.82 
103.25 38.47 120.17 119.1 191.51 138.92 159.81 92.2 78.0 148.93 76.16 52.35 194.16 188.69 171.23 175.93 213.78 194.83 134.95 192.67 171.41 153.1 66.03 44.94 150.0 165.71 130.23 128.14 150.0 90.0 0.0 241.08 174.93 120.0 203.18 190.17 146.82 125.87 198.66 244.83 158.11 235.42 32.62 94.87 60.0 234.14 233.24 212.43 247.1 169.71 88.0 60.0 240.13 192.09 106.51 92.97 164.44 158.24 233.56 192.04 140.43 141.68 160.0 196.7 193.67 137.32 
168.11 247.39 254.53 59.46 223.29 228.04 218.37 211.67 216.75 145.01 193.49 220.05 241.47 220.05 96.66 247.68 241.8 191.54 52.35 215.43 156.93 68.18 163.17 101.21 118.41 111.3 188.74 145.07 102.08 155.24 241.08 0.0 89.89 127.91 8.25 230.35 189.87 147.09 220.69 130.0 181.95 98.02 95.08 72.0 183.41 66.0 34.06 234.78 178.91 129.77 235.92 155.77 67.23 146.49 176.57 206.19 134.85 182.89 224.72 187.04 236.95 136.53 231.6 132.62 248.07 217.7 
138.92 192.67 143.33 111.14 233.28 153.64 162.0 74.86 18.0 193.09 153.1 171.41 37.79 108.83 54.99 78.08 129.88 11.31 171.73 53.74 227.34 191.69 240.83 216.01 30.0 144.79 110.74 52.19 90.0 108.17 174.93 89.89 0.0 94.87 103.79 244.27 100.18 60.03 226.03 182.48 129.24 153.7 84.85 180.0 127.28 129.07 105.26 248.13 220.13 42.43 150.01 228.47 65.3 67.08 90.02 120.02 142.13 244.9 248.97 202.09 64.99 200.88 224.59 151.12 250.89 127.81 
44.94 120.17 237.07 138.59 176.47 216.01 213.78 207.51 184.88 74.86 66.03 92.2 179.34 222.04 166.97 84.71 170.66 119.1 190.92 143.33 74.86 240.83 178.1 148.93 90.0 104.33 192.67 171.41 30.0 30.0 120.0 127.91 94.87 0.0 189.07 175.01 146.82 92.97 184.2 134.83 194.83 118.93 174.93 174.93 60.0 114.28 114.54 159.52 153.67 120.0 148.81 180.0 148.81 150.0 106.51 125.87 63.25 196.81 166.34 117.64 247.95 213.34 130.23 148.71 158.2 161.42 
131.97 198.93 83.26 96.6 96.0 147.08 186.95 111.32 202.88 57.2 34.0 228.54 32.0 167.16 86.0 219.57 97.53 114.77 84.71 72.47 94.4 119.88 140.19 169.45 238.34 160.72 175.19 203.84 235.05 134.34 203.18 8.25 103.79 189.07 0.0 64.0 198.49 196.12 130.0 220.69 214.04 219.17 112.59 227.69 46.35 229.78 237.12 228.22 189.92 43.5 248.39 148.61 253.37 119.63 150.21 92.0 233.62 151.17 85.84 236.18 171.73 251.34 139.27 211.07 181.84 159.06 
131.0 198.28 81.71 156.32 32.0 181.37 223.73 110.16 237.2 54.92 30.0 227.98 32.0 207.48 150.0 161.06 156.89 168.15 224.59 128.51 142.04 160.11 139.27 168.69 200.42 101.07 204.83 229.82 223.89 113.7 190.17 230.35 244.27 175.01 64.0 0.0 130.87 148.59 66.0 229.78 246.81 219.17 232.15 187.63 250.13 220.69 219.17 40.64 215.19 216.67 212.88 130.25 209.08 235.64 78.61 240.03 236.89 181.91 149.91 254.94 117.8 202.24 175.1 149.26 219.47 55.03 
175.73 180.28 244.66 201.56 95.21 126.9 163.66 224.32 209.91 75.26 172.1 173.67 165.05 29.12 140.58 174.0 247.68 223.62 76.0 211.48 182.71 154.42 206.35 191.42 74.4 210.52 100.82 77.61 161.42 137.32 146.82 189.87 100.18 146.82 198.49 130.87 0.0 54.92 52.35 84.71 150.48 244.66 150.85 100.18 134.0 224.59 204.17 162.64 152.7 61.61 75.6 179.88 148.66 62.1 46.0 54.92 209.31 213.63 179.64 64.78 181.6 106.0 66.36 204.0 149.77 30.0 
126.14 151.43 239.77 185.53 130.23 43.08 89.31 214.83 104.19 71.39 128.27 137.08 171.02 171.98 247.17 209.12 223.02 191.3 115.55 189.41 150.78 106.75 191.34 169.92 30.07 234.08 244.24 231.76 106.51 88.0 125.87 147.09 60.03 92.97 196.12 148.59 54.92 0.0 117.32 215.26 45.12 191.18 135.07 120.02 92.97 173.07 155.76 251.44 243.19 43.86 90.0 173.91 122.26 68.88 30.0 60.0 154.78 111.01 41.28 210.61 204.09 143.57 216.08 238.48 246.98 75.6 
159.61 218.25 122.44 220.44 34.0 230.42 93.15 143.01 122.0 106.45 96.0 245.54 98.0 40.84 216.0 107.48 220.84 228.98 189.87 191.6 200.93 214.08 166.47 191.76 177.73 51.88 249.3 86.46 231.14 127.39 198.66 220.69 226.03 184.2 130.0 66.0 52.35 117.32 0.0 8.25 139.77 237.94 193.37 163.17 18.11 230.35 219.47 160.65 255.83 185.49 192.35 142.35 176.57 197.56 251.79 222.04 27.28 228.54 215.94 132.45 79.7 162.83 225.51 88.84 82.39 232.76 
142.13 230.52 238.17 172.66 240.67 143.33 91.78 191.69 87.86 113.88 171.41 200.9 223.0 95.71 188.73 180.19 138.59 250.93 198.49 122.26 242.29 196.78 136.25 46.73 198.09 188.49 64.53 234.78 110.63 161.0 244.83 130.0 182.48 134.83 220.69 229.78 84.71 215.26 8.25 0.0 243.68 32.06 223.29 174.37 188.31 64.0 96.02 125.94 51.26 223.29 121.74 161.51 193.75 249.56 236.38 40.99 80.52 63.78 106.02 87.66 117.25 235.16 148.93 232.91 149.26 136.07 
150.0 120.0 169.71 240.0 77.49 67.08 30.0 150.0 210.0 192.09 134.16 123.69 228.78 85.81 60.0 184.74 150.0 120.0 142.17 152.97 123.69 94.87 134.16 123.69 94.68 120.68 42.43 30.0 213.78 178.94 158.11 181.95 129.24 194.83 214.04 246.81 150.48 45.12 139.77 243.68 0.0 254.95 73.54 250.6 166.97 94.59 136.62 136.0 213.41 157.3 246.07 171.23 229.24 205.73 251.86 247.17 183.67 93.85 166.0 156.89 80.4 149.77 94.87 205.49 106.0 142.49 
136.01 226.01 232.77 185.67 226.07 154.93 118.0 185.27 119.08 101.53 166.01 196.01 216.82 125.94 203.67 137.55 155.65 50.68 162.0 134.34 248.85 205.1 127.53 2.0 171.59 158.71 88.0 242.53 91.24 147.53 235.42 98.02 153.7 118.93 219.17 219.17 244.66 191.18 237.94 32.06 254.95 0.0 191.27 141.45 176.59 32.06 64.0 148.4 81.58 195.3 68.35 146.04 161.79 220.55 214.4 239.14 76.94 91.3 132.38 104.69 59.4 205.0 161.99 201.44 168.3 74.46 
219.86 106.88 96.17 172.79 211.67 126.13 136.19 237.16 171.36 172.01 236.81 9.17 255.01 183.53 223.75 199.24 153.53 56.85 226.57 77.41 226.25 180.69 198.76 156.73 108.17 253.78 31.11 231.01 161.55 192.09 32.62 95.08 84.85 174.93 112.59 232.15 150.85 135.07 193.37 223.29 73.54 191.27 0.0 247.39 212.13 159.81 127.91 184.26 86.02 94.87 218.96 172.81 30.07 90.0 162.31 190.38 209.09 108.26 175.42 77.61 209.91 16.0 157.3 245.02 197.31 180.71 
179.61 132.97 153.1 193.87 173.08 219.32 248.07 138.92 237.66 171.41 160.0 144.01 206.16 155.14 72.0 94.83 94.68 54.99 46.17 246.01 233.62 224.59 130.23 128.14 150.0 114.28 218.08 220.95 201.25 150.0 94.87 72.0 180.0 174.93 227.69 187.63 100.18 120.02 163.17 174.37 250.6 141.45 247.39 0.0 127.28 117.32 86.39 159.85 197.69 152.97 30.07 94.87 239.88 161.55 90.02 60.03 234.01 81.63 191.76 99.32 84.38 46.82 251.79 122.2 127.01 74.4 
52.35 66.03 178.1 214.16 251.15 171.41 178.94 148.93 222.04 207.51 38.47 44.94 253.18 78.0 158.11 219.62 32.31 235.03 154.05 240.83 216.01 192.67 120.17 92.2 108.17 219.86 153.1 138.92 90.0 30.0 60.0 183.41 127.28 60.0 46.35 250.13 134.0 92.97 18.11 188.31 166.97 176.59 212.13 127.28 0.0 174.18 173.67 178.01 196.81 134.16 106.51 120.0 190.54 161.55 88.0 92.97 109.18 247.1 193.67 147.51 192.35 170.86 132.97 244.07 166.34 137.32 
141.22 229.97 237.63 211.93 223.0 178.35 153.39 191.02 151.08 112.75 170.66 200.26 223.0 155.77 225.22 100.98 185.23 111.95 130.87 161.9 66.57 223.58 135.31 43.91 150.33 141.11 124.21 29.12 84.38 144.22 234.14 66.0 129.07 114.28 229.78 220.69 224.59 173.07 230.35 64.0 94.59 32.06 159.81 117.32 174.18 0.0 32.06 175.97 113.44 171.41 252.93 144.79 130.61 194.83 198.73 225.46 89.55 119.62 162.31 130.0 252.33 181.74 182.88 178.82 193.35 248.56 
149.47 234.35 240.88 231.67 216.82 198.4 182.0 195.36 182.7 118.95 177.2 205.57 226.07 187.24 246.33 27.28 208.39 147.54 89.82 182.78 108.39 239.63 141.79 62.0 130.0 116.91 152.0 92.97 85.44 144.01 233.24 34.06 105.26 114.54 237.12 219.17 204.17 155.76 219.47 96.02 136.62 64.0 127.91 86.39 173.67 32.06 0.0 203.04 144.89 147.51 240.67 142.49 98.95 168.58 183.52 211.9 107.48 150.57 191.64 155.79 239.88 154.43 203.96 149.68 218.0 230.01 
128.51 181.37 120.0 101.51 110.8 198.28 166.0 255.88 74.0 175.1 142.04 160.11 242.1 134.0 76.0 140.46 127.51 0.0 211.4 131.0 30.0 227.98 229.82 204.83 248.97 91.24 168.69 139.27 158.2 166.34 212.43 234.78 248.13 159.52 228.22 40.64 162.64 251.44 160.65 125.94 136.0 148.4 184.26 159.85 178.01 175.97 203.04 0.0 83.19 110.6 123.06 15.23 126.9 172.66 41.28 86.74 106.92 139.28 30.0 48.08 240.0 234.67 54.92 189.71 30.0 179.64 
145.34 225.44 223.8 85.65 233.45 86.19 242.99 176.6 38.0 72.47 170.95 197.8 200.41 71.02 154.74 205.78 255.95 211.68 229.79 253.24 208.39 156.61 118.69 253.62 230.9 198.32 240.13 210.15 136.95 174.0 247.1 178.91 220.13 153.67 189.92 215.19 152.7 243.19 255.83 51.26 213.41 81.58 86.02 197.69 196.81 113.44 144.89 83.19 0.0 35.78 156.15 158.24 240.13 128.76 45.43 111.01 90.69 60.0 58.14 60.53 136.5 45.69 120.27 251.09 110.72 183.24 
159.81 194.83 119.1 77.41 199.45 162.0 180.23 32.31 144.79 170.66 166.97 178.94 236.99 189.96 121.1 234.42 126.13 31.11 136.72 11.31 225.22 193.87 235.03 213.78 30.0 74.86 129.24 94.68 123.69 123.69 169.71 129.77 42.43 120.0 43.5 216.67 61.61 43.86 185.49 223.29 157.3 195.3 94.87 152.97 134.16 171.41 147.51 110.6 35.78 0.0 124.19 216.33 88.0 30.0 68.0 95.52 175.73 128.06 120.22 234.78 237.07 166.59 249.16 66.0 108.68 91.08 
158.4 126.14 169.92 223.02 200.49 222.65 247.17 151.43 204.05 191.34 142.24 131.04 229.09 74.97 254.7 122.93 125.36 89.31 48.7 43.08 244.24 231.76 137.08 128.27 120.02 144.12 217.33 216.08 173.91 125.87 88.0 235.92 150.01 148.81 248.39 212.88 75.6 90.0 192.35 121.74 246.07 68.35 218.96 30.07 106.51 252.93 240.67 123.06 156.15 124.19 0.0 106.51 210.45 135.07 60.0 30.0 209.61 232.17 156.73 253.65 114.16 65.05 236.37 151.17 86.74 54.92 
160.56 76.16 66.03 235.03 132.2 128.14 162.05 44.94 188.69 92.2 131.61 103.25 136.01 82.39 202.09 144.47 178.94 166.97 141.04 153.1 138.92 130.23 38.47 52.35 201.25 117.39 132.97 144.01 210.0 150.0 60.0 155.77 228.47 180.0 148.61 130.25 179.88 173.91 142.35 161.51 171.23 146.04 172.81 94.87 120.0 144.79 142.49 15.23 158.24 216.33 106.51 0.0 143.83 234.31 148.81 125.87 222.17 248.52 115.12 243.31 98.18 134.73 201.79 158.15 233.56 161.42 
193.67 15.23 251.22 102.49 191.18 254.19 6.0 211.4 108.68 133.4 212.43 233.56 230.07 127.95 178.64 195.82 67.68 223.37 224.44 233.1 184.71 125.28 167.55 115.12 92.97 244.56 223.14 191.76 133.28 168.3 240.13 67.23 65.3 148.81 253.37 209.08 148.66 122.26 176.57 193.75 229.24 161.79 30.07 239.88 190.54 130.61 98.95 126.9 240.13 88.0 210.45 143.83 0.0 92.97 151.42 180.85 179.69 249.45 114.21 237.76 198.98 254.39 92.26 242.0 144.79 178.55 
189.53 219.86 156.73 153.53 215.5 205.0 223.75 106.88 196.33 198.76 195.6 205.91 33.59 231.65 179.57 234.55 183.0 136.19 136.94 126.13 31.11 231.01 9.17 236.81 60.0 93.72 180.23 157.3 152.97 152.97 192.09 146.49 67.08 150.0 119.63 235.64 62.1 68.88 197.56 249.56 205.73 220.55 90.0 161.55 161.55 194.83 168.58 172.66 128.76 30.0 135.07 234.31 92.97 0.0 86.28 109.29 205.18 178.04 178.97 66.36 243.68 166.77 111.01 66.45 171.44 91.41 
131.04 137.08 214.83 126.02 32.56 244.24 45.12 191.34 138.98 239.77 126.14 128.27 115.53 204.05 246.07 179.98 191.3 158.92 88.84 150.78 106.75 43.08 169.92 151.43 60.03 204.09 231.76 222.65 125.87 92.97 106.51 176.57 90.02 106.51 150.21 78.61 46.0 30.0 251.79 236.38 251.86 214.4 162.31 90.02 88.0 198.73 183.52 41.28 45.43 68.0 60.0 148.81 151.42 86.28 0.0 30.0 169.75 156.15 86.74 221.85 174.1 115.55 218.98 209.12 251.44 54.92 
142.24 128.27 191.34 254.31 229.12 231.76 251.86 169.92 171.98 214.83 131.04 126.14 254.53 235.58 248.62 151.17 158.92 125.36 65.05 106.75 43.08 244.24 151.43 137.08 90.02 174.1 222.65 217.33 148.81 106.51 92.97 206.19 120.02 125.87 92.0 240.03 54.92 60.0 222.04 40.99 247.17 239.14 190.38 60.03 92.97 225.46 211.9 86.74 111.01 95.52 30.0 125.87 180.85 109.29 30.0 0.0 188.35 195.56 123.06 236.38 144.12 88.84 225.86 179.98 41.28 46.0 
61.61 150.65 86.95 179.62 244.86 223.33 208.89 240.41 121.8 157.04 91.08 120.81 233.08 160.11 139.05 204.84 188.94 136.38 253.34 173.9 114.63 251.75 210.47 180.54 146.49 205.96 195.39 168.15 52.35 84.02 164.44 134.85 142.13 63.25 233.62 236.89 209.31 154.78 27.28 80.52 183.67 76.94 209.09 234.01 109.18 89.55 107.48 106.92 90.69 175.73 209.61 222.17 179.69 205.18 169.75 188.35 0.0 137.93 107.2 60.0 159.12 99.32 96.83 243.02 114.77 224.66 
197.8 118.69 166.59 254.83 203.18 208.39 160.96 72.47 71.02 228.15 225.44 253.62 164.16 38.0 213.41 141.45 216.27 149.91 136.78 213.05 145.23 253.24 223.8 176.6 53.85 143.51 156.61 86.19 174.0 221.35 158.24 182.89 244.9 196.81 151.17 181.91 213.63 111.01 228.54 63.78 93.85 91.3 108.26 81.63 247.1 119.62 150.57 139.28 60.0 128.06 232.17 248.52 249.45 178.04 156.15 195.56 137.93 0.0 110.72 120.27 248.66 192.69 180.18 210.49 168.34 243.92 
142.04 204.83 175.1 183.75 181.92 227.98 196.0 120.0 44.0 220.73 160.11 181.37 117.88 104.0 106.0 189.71 185.26 127.51 234.67 187.67 131.0 30.0 255.88 229.82 253.39 162.43 198.28 168.69 159.52 178.01 233.56 224.72 248.97 166.34 85.84 149.91 179.64 41.28 215.94 106.02 166.0 132.38 175.42 191.76 193.67 162.31 191.64 30.0 58.14 120.22 156.73 115.12 114.21 178.97 86.74 123.06 107.2 110.72 0.0 48.7 91.24 41.42 81.71 232.48 60.0 199.73 
95.27 167.26 113.31 152.13 84.5 210.61 185.78 251.15 75.6 173.03 116.52 140.98 243.65 128.51 101.07 48.41 163.03 97.37 156.73 157.23 87.29 240.53 222.66 194.62 205.18 249.2 180.71 150.85 112.16 130.0 192.04 187.04 202.09 117.64 236.18 254.94 64.78 210.61 132.45 87.66 156.89 104.69 77.61 99.32 147.51 130.0 155.79 48.08 60.53 234.78 253.65 243.31 237.76 66.36 221.85 236.38 60.0 120.27 48.7 0.0 212.13 189.17 62.1 139.44 63.66 104.19 
241.87 169.71 120.0 80.4 95.6 218.4 12.81 123.69 188.22 123.69 216.33 192.09 143.74 114.42 156.41 52.0 241.87 240.0 110.94 212.13 210.0 212.13 134.16 150.0 234.14 30.0 228.47 241.87 104.33 219.86 140.43 236.95 64.99 247.95 171.73 117.8 181.6 204.09 79.7 117.25 80.4 59.4 209.91 84.38 192.35 252.33 239.88 240.0 136.5 237.07 114.16 98.18 198.98 243.68 174.1 144.12 159.12 248.66 91.24 212.13 0.0 85.6 150.55 60.03 207.7 153.1 
223.04 179.69 184.95 234.67 181.21 56.32 142.17 176.15 151.12 197.96 205.25 190.55 225.86 240.57 179.64 68.0 171.27 156.05 30.0 112.75 87.93 67.47 172.19 173.4 171.73 110.94 59.93 76.24 237.43 190.92 141.68 136.53 200.88 213.34 251.34 202.24 106.0 143.57 162.83 235.16 149.77 205.0 16.0 46.82 170.86 181.74 154.43 234.67 45.69 166.59 65.05 134.73 254.39 166.77 115.55 88.84 99.32 192.69 41.42 189.17 85.6 0.0 152.55 98.0 211.4 76.0 
90.0 127.28 228.47 210.39 198.4 150.0 123.69 201.25 123.69 12.81 94.87 108.17 154.93 182.48 42.43 217.27 241.87 212.13 125.11 240.0 210.0 180.0 174.93 150.0 219.32 190.17 120.0 90.0 138.92 128.14 160.0 231.6 224.59 130.23 139.27 175.1 66.36 216.08 225.51 148.93 94.87 161.99 157.3 251.79 132.97 182.88 203.96 54.92 120.27 249.16 236.37 201.79 92.26 111.01 218.98 225.86 96.83 180.18 81.71 62.1 150.55 152.55 0.0 246.39 34.0 86.39 
147.13 228.22 174.6 166.82 119.23 105.87 184.74 182.16 135.11 172.0 90.27 248.97 179.98 255.06 252.64 30.0 140.46 143.62 128.0 55.75 63.31 81.9 194.12 209.72 78.08 52.0 132.32 160.02 197.12 84.71 196.7 132.62 151.12 148.71 211.07 149.26 204.0 238.48 88.84 232.91 205.49 201.44 245.02 122.2 244.07 178.82 149.68 189.71 251.09 66.0 151.17 158.15 242.0 66.45 209.12 179.98 243.02 210.49 232.48 139.44 60.03 98.0 246.39 0.0 140.46 174.0 
121.06 160.11 255.88 232.77 242.47 168.69 136.0 229.82 104.0 120.0 128.51 142.04 198.98 164.0 46.0 72.58 0.0 226.0 190.03 30.0 227.98 198.28 204.83 181.37 248.13 240.0 139.27 110.16 162.51 159.52 193.67 248.07 250.89 158.2 181.84 219.47 149.77 246.98 82.39 149.26 106.0 168.3 197.31 127.01 166.34 193.35 218.0 30.0 110.72 108.68 86.74 233.56 144.79 171.44 251.44 41.28 114.77 168.34 60.0 63.66 207.7 211.4 34.0 140.46 0.0 162.64 
184.23 173.67 224.32 154.56 245.97 100.82 150.48 206.35 233.08 244.66 175.73 172.1 114.63 121.28 145.0 144.0 223.62 201.16 46.0 182.71 154.42 126.9 191.42 180.28 100.18 181.6 77.61 60.7 179.88 146.82 137.32 217.7 127.81 161.42 159.06 55.03 30.0 75.6 232.76 136.07 142.49 74.46 180.71 74.4 137.32 248.56 230.01 179.64 183.24 91.08 54.92 161.42 178.55 91.41 54.92 46.0 224.66 243.92 199.73 104.19 153.1 76.0 86.39 174.0 162.64 0.0 
