50
0.0 2.0 1.0 2.24 2.0 2.83 3.0 3.61 4.0 4.47 30.41 30.15 31.4 31.14 32.39 32.14 33.38 33.14 34.37 34.13 35.36 35.13 36.35 36.12 37.34 37.12 38.33 38.12 39.32 39.12 40.31 40.11 41.3 41.11 42.3 42.11 43.29 43.1 44.28 44.1 45.28 45.1 42.43 44.41 51.48 51.24 19.31 20.12 31.14 31.4 
2.0 0.0 2.24 1.0 2.83 2.0 3.61 3.0 4.47 4.0 28.44 28.16 29.43 29.15 30.41 30.15 31.4 31.14 32.39 32.14 33.38 33.14 34.37 34.13 35.36 35.13 36.35 36.12 37.34 37.12 38.33 38.12 39.32 39.12 40.31 40.11 41.3 41.11 42.3 42.11 43.29 43.1 42.76 44.72 51.79 51.48 18.68 19.31 29.15 29.43 
1.0 2.24 0.0 2.0 1.0 2.24 2.0 2.83 3.0 3.61 30.59 30.27 31.58 31.26 32.56 32.25 33.54 33.24 34.53 34.23 35.51 35.23 36.5 36.22 37.48 37.22 38.47 38.21 39.46 39.2 40.45 40.2 41.44 41.19 42.43 42.19 43.42 43.19 44.41 44.18 45.4 45.18 41.44 43.42 50.49 50.25 18.38 19.24 31.06 31.26 
2.24 1.0 2.0 0.0 2.24 1.0 2.83 2.0 3.61 3.0 28.64 28.28 29.61 29.27 30.59 30.27 31.58 31.26 32.56 32.25 33.54 33.24 34.53 34.23 35.51 35.23 36.5 36.22 37.48 37.22 38.47 38.21 39.46 39.2 40.45 40.2 41.44 41.19 42.43 42.19 43.42 43.19 41.77 43.74 50.8 50.49 17.72 18.38 29.07 29.27 
2.0 2.83 1.0 2.24 0.0 2.0 1.0 2.24 2.0 2.83 30.81 30.41 31.78 31.4 32.76 32.39 33.73 33.38 34.71 34.37 35.69 35.36 36.67 36.35 37.66 37.34 38.64 38.33 39.62 39.32 40.61 40.31 41.59 41.3 42.58 42.3 43.57 43.29 44.55 44.28 45.54 45.28 40.45 42.43 49.5 49.25 17.46 18.36 31.02 31.14 
2.83 2.0 2.24 1.0 2.0 0.0 2.24 1.0 2.83 2.0 28.86 28.44 29.83 29.43 30.81 30.41 31.78 31.4 32.76 32.39 33.73 33.38 34.71 34.37 35.69 35.36 36.67 36.35 37.66 37.34 38.64 38.33 39.62 39.32 40.61 40.31 41.59 41.3 42.58 42.3 43.57 43.29 40.79 42.76 49.82 49.5 16.76 17.46 29.02 29.15 
3.0 3.61 2.0 2.83 1.0 2.24 0.0 2.0 1.0 2.24 31.05 30.59 32.02 31.58 32.98 32.56 33.96 33.54 34.93 34.53 35.9 35.51 36.88 36.5 37.85 37.48 38.83 38.47 39.81 39.46 40.79 40.45 41.77 41.44 42.76 42.43 43.74 43.42 44.72 44.41 45.71 45.4 39.46 41.44 48.51 48.26 16.55 17.49 31.0 31.06 
3.61 3.0 2.83 2.0 2.24 1.0 2.0 0.0 2.24 1.0 29.12 28.64 30.08 29.61 31.05 30.59 32.02 31.58 32.98 32.56 33.96 33.54 34.93 34.53 35.9 35.51 36.88 36.5 37.85 37.48 38.83 38.47 39.81 39.46 40.79 40.45 41.77 41.44 42.76 42.43 43.74 43.42 39.81 41.77 48.84 48.51 15.81 16.55 29.0 29.07 
4.0 4.47 3.0 3.61 2.0 2.83 1.0 2.24 0.0 2.0 31.32 30.81 32.28 31.78 33.24 32.76 34.21 33.73 35.17 34.71 36.14 35.69 37.11 36.67 38.08 37.66 39.05 38.64 40.02 39.62 41.0 40.61 41.98 41.59 42.95 42.58 43.93 43.57 44.91 44.55 45.89 45.54 38.47 40.45 47.52 47.27 15.65 16.64 31.02 31.02 
4.47 4.0 3.61 3.0 2.83 2.0 2.24 1.0 2.0 0.0 29.41 28.86 30.36 29.83 31.32 30.81 32.28 31.78 33.24 32.76 34.21 33.73 35.17 34.71 36.14 35.69 37.11 36.67 38.08 37.66 39.05 38.64 40.02 39.62 41.0 40.61 41.98 41.59 42.95 42.58 43.93 43.57 38.83 40.79 47.85 47.52 14.87 15.65 29.02 29.02 
30.41 28.44 30.59 28.64 30.81 28.86 31.05 29.12 31.32 29.41 0.0 2.0 1.0 2.24 2.0 2.83 3.0 3.61 4.0 4.47 5.0 5.39 6.0 6.32 7.0 7.28 8.0 8.25 9.0 9.22 10.0 10.2 11.0 11.18 12.0 12.17 13.0 13.15 14.0 14.14 15.0 15.13 59.2 60.8 67.12 66.04 32.53 31.14 8.06 10.05 
30.15 28.16 30.27 28.28 30.41 28.44 30.59 28.64 30.81 28.86 2.0 0.0 2.24 1.0 2.83 2.0 3.61 3.0 4.47 4.0 5.39 5.0 6.32 6.0 7.28 7.0 8.25 8.0 9.22 9.0 10.2 10.0 11.18 11.0 12.17 12.0 13.15 13.0 14.14 14.0 15.13 15.0 57.63 59.2 65.46 64.35 31.14 29.7 6.08 8.06 
31.4 29.43 31.58 29.61 31.78 29.83 32.02 30.08 32.28 30.36 1.0 2.24 0.0 2.0 1.0 2.24 2.0 2.83 3.0 3.61 4.0 4.47 5.0 5.39 6.0 6.32 7.0 7.28 8.0 8.25 9.0 9.22 10.0 10.2 11.0 11.18 12.0 12.17 13.0 13.15 14.0 14.14 59.82 61.4 67.68 66.57 33.24 31.83 8.0 10.0 
31.14 29.15 31.26 29.27 31.4 29.43 31.58 29.61 31.78 29.83 2.24 1.0 2.0 0.0 2.24 1.0 2.83 2.0 3.61 3.0 4.47 4.0 5.39 5.0 6.32 6.0 7.28 7.0 8.25 8.0 9.22 9.0 10.2 10.0 11.18 11.0 12.17 12.0 13.15 13.0 14.14 14.0 58.26 59.82 66.03 64.9 31.89 30.41 6.0 8.0 
32.39 30.41 32.56 30.59 32.76 30.81 32.98 31.05 33.24 31.32 2.0 2.83 1.0 2.24 0.0 2.0 1.0 2.24 2.0 2.83 3.0 3.61 4.0 4.47 5.0 5.39 6.0 6.32 7.0 7.28 8.0 8.25 9.0 9.22 10.0 10.2 11.0 11.18 12.0 12.17 13.0 13.15 60.44 62.01 68.24 67.12 33.97 32.53 8.06 10.05 
32.14 30.15 32.25 30.27 32.39 30.41 32.56 30.59 32.76 30.81 2.83 2.0 2.24 1.0 2.0 0.0 2.24 1.0 2.83 2.0 3.61 3.0 4.47 4.0 5.39 5.0 6.32 6.0 7.28 7.0 8.25 8.0 9.22 9.0 10.2 10.0 11.18 11.0 12.17 12.0 13.15 13.0 58.9 60.44 66.61 65.46 32.65 31.14 6.08 8.06 
33.38 31.4 33.54 31.58 33.73 31.78 33.96 32.02 34.21 32.28 3.0 3.61 2.0 2.83 1.0 2.24 0.0 2.0 1.0 2.24 2.0 2.83 3.0 3.61 4.0 4.47 5.0 5.39 6.0 6.32 7.0 7.28 8.0 8.25 9.0 9.22 10.0 10.2 11.0 11.18 12.0 12.17 61.07 62.63 68.82 67.68 34.71 33.24 8.25 10.2 
33.14 31.14 33.24 31.26 33.38 31.4 33.54 31.58 33.73 31.78 3.61 3.0 2.83 2.0 2.24 1.0 2.0 0.0 2.24 1.0 2.83 2.0 3.61 3.0 4.47 4.0 5.39 5.0 6.32 6.0 7.28 7.0 8.25 8.0 9.22 9.0 10.2 10.0 11.18 11.0 12.17 12.0 59.55 61.07 67.2 66.03 33.42 31.89 6.32 8.25 
34.37 32.39 34.53 32.56 34.71 32.76 34.93 32.98 35.17 33.24 4.0 4.47 3.0 3.61 2.0 2.83 1.0 2.24 0.0 2.0 1.0 2.24 2.0 2.83 3.0 3.61 4.0 4.47 5.0 5.39 6.0 6.32 7.0 7.28 8.0 8.25 9.0 9.22 10.0 10.2 11.0 11.18 61.72 63.25 69.4 68.24 35.47 33.97 8.54 10.44 
34.13 32.14 34.23 32.25 34.37 32.39 34.53 32.56 34.71 32.76 4.47 4.0 3.61 3.0 2.83 2.0 2.24 1.0 2.0 0.0 2.24 1.0 2.83 2.0 3.61 3.0 4.47 4.0 5.39 5.0 6.32 6.0 7.28 7.0 8.25 8.0 9.22 9.0 10.2 10.0 11.18 11.0 60.21 61.72 67.8 66.61 34.21 32.65 6.71 8.54 
35.36 33.38 35.51 33.54 35.69 33.73 35.9 33.96 36.14 34.21 5.0 5.39 4.0 4.47 3.0 3.61 2.0 2.83 1.0 2.24 0.0 2.0 1.0 2.24 2.0 2.83 3.0 3.61 4.0 4.47 5.0 5.39 6.0 6.32 7.0 7.28 8.0 8.25 9.0 9.22 10.0 10.2 62.37 63.89 70.0 68.82 36.24 34.71 8.94 10.77 
35.13 33.14 35.23 33.24 35.36 33.38 35.51 33.54 35.69 33.73 5.39 5.0 4.47 4.0 3.61 3.0 2.83 2.0 2.24 1.0 2.0 0.0 2.24 1.0 2.83 2.0 3.61 3.0 4.47 4.0 5.39 5.0 6.32 6.0 7.28 7.0 8.25 8.0 9.22 9.0 10.2 10.0 60.88 62.37 68.41 67.2 35.0 33.42 7.21 8.94 
36.35 34.37 36.5 34.53 36.67 34.71 36.88 34.93 37.11 35.17 6.0 6.32 5.0 5.39 4.0 4.47 3.0 3.61 2.0 2.83 1.0 2.24 0.0 2.0 1.0 2.24 2.0 2.83 3.0 3.61 4.0 4.47 5.0 5.39 6.0 6.32 7.0 7.28 8.0 8.25 9.0 9.22 63.03 64.54 70.6 69.4 37.01 35.47 9.43 11.18 
36.12 34.13 36.22 34.23 36.35 34.37 36.5 34.53 36.67 34.71 6.32 6.0 5.39 5.0 4.47 4.0 3.61 3.0 2.83 2.0 2.24 1.0 2.0 0.0 2.24 1.0 2.83 2.0 3.61 3.0 4.47 4.0 5.39 5.0 6.32 6.0 7.28 7.0 8.25 8.0 9.22 9.0 61.55 63.03 69.03 67.8 35.81 34.21 7.81 9.43 
37.34 35.36 37.48 35.51 37.66 35.69 37.85 35.9 38.08 36.14 7.0 7.28 6.0 6.32 5.0 5.39 4.0 4.47 3.0 3.61 2.0 2.83 1.0 2.24 0.0 2.0 1.0 2.24 2.0 2.83 3.0 3.61 4.0 4.47 5.0 5.39 6.0 6.32 7.0 7.28 8.0 8.25 63.7 65.19 71.22 70.0 37.8 36.24 10.0 11.66 
37.12 35.13 37.22 35.23 37.34 35.36 37.48 35.51 37.66 35.69 7.28 7.0 6.32 6.0 5.39 5.0 4.47 4.0 3.61 3.0 2.83 2.0 2.24 1.0 2.0 0.0 2.24 1.0 2.83 2.0 3.61 3.0 4.47 4.0 5.39 5.0 6.32 6.0 7.28 7.0 8.25 8.0 62.24 63.7 69.66 68.41 36.62 35.0 8.49 10.0 
38.33 36.35 38.47 36.5 38.64 36.67 38.83 36.88 39.05 37.11 8.0 8.25 7.0 7.28 6.0 6.32 5.0 5.39 4.0 4.47 3.0 3.61 2.0 2.83 1.0 2.24 0.0 2.0 1.0 2.24 2.0 2.83 3.0 3.61 4.0 4.47 5.0 5.39 6.0 6.32 7.0 7.28 64.38 65.86 71.84 70.6 38.6 37.01 10.63 12.21 
38.12 36.12 38.21 36.22 38.33 36.35 38.47 36.5 38.64 36.67 8.25 8.0 7.28 7.0 6.32 6.0 5.39 5.0 4.47 4.0 3.61 3.0 2.83 2.0 2.24 1.0 2.0 0.0 2.24 1.0 2.83 2.0 3.61 3.0 4.47 4.0 5.39 5.0 6.32 6.0 7.28 7.0 62.94 64.38 70.29 69.03 37.44 35.81 9.22 10.63 
39.32 37.34 39.46 37.48 39.62 37.66 39.81 37.85 40.02 38.08 9.0 9.22 8.0 8.25 7.0 7.28 6.0 6.32 5.0 5.39 4.0 4.47 3.0 3.61 2.0 2.83 1.0 2.24 0.0 2.0 1.0 2.24 2.0 2.83 3.0 3.61 4.0 4.47 5.0 5.39 6.0 6.32 65.07 66.53 72.47 71.22 39.41 37.8 11.31 12.81 
39.12 37.12 39.2 37.22 39.32 37.34 39.46 37.48 39.62 37.66 9.22 9.0 8.25 8.0 7.28 7.0 6.32 6.0 5.39 5.0 4.47 4.0 3.61 3.0 2.83 2.0 2.24 1.0 2.0 0.0 2.24 1.0 2.83 2.0 3.61 3.0 4.47 4.0 5.39 5.0 6.32 6.0 63.64 65.07 70.94 69.66 38.28 36.62 10.0 11.31 
40.31 38.33 40.45 38.47 40.61 38.64 40.79 38.83 41.0 39.05 10.0 10.2 9.0 9.22 8.0 8.25 7.0 7.28 6.0 6.32 5.0 5.39 4.0 4.47 3.0 3.61 2.0 2.83 1.0 2.24 0.0 2.0 1.0 2.24 2.0 2.83 3.0 3.61 4.0 4.47 5.0 5.39 65.76 67.21 73.11 71.84 40.22 38.6 12.04 13.45 
40.11 38.12 40.2 38.21 40.31 38.33 40.45 38.47 40.61 38.64 10.2 10.0 9.22 9.0 8.25 8.0 7.28 7.0 6.32 6.0 5.39 5.0 4.47 4.0 3.61 3.0 2.83 2.0 2.24 1.0 2.0 0.0 2.24 1.0 2.83 2.0 3.61 3.0 4.47 4.0 5.39 5.0 64.35 65.76 71.59 70.29 39.12 37.44 10.82 12.04 
41.3 39.32 41.44 39.46 41.59 39.62 41.77 39.81 41.98 40.02 11.0 11.18 10.0 10.2 9.0 9.22 8.0 8.25 7.0 7.28 6.0 6.32 5.0 5.39 4.0 4.47 3.0 3.61 2.0 2.83 1.0 2.24 0.0 2.0 1.0 2.24 2.0 2.83 3.0 3.61 4.0 4.47 66.47 67.9 73.76 72.47 41.05 39.41 12.81 14.14 
41.11 39.12 41.19 39.2 41.3 39.32 41.44 39.46 41.59 39.62 11.18 11.0 10.2 10.0 9.22 9.0 8.25 8.0 7.28 7.0 6.32 6.0 5.39 5.0 4.47 4.0 3.61 3.0 2.83 2.0 2.24 1.0 2.0 0.0 2.24 1.0 2.83 2.0 3.61 3.0 4.47 4.0 65.07 66.47 72.25 70.94 39.96 38.28 11.66 12.81 
42.3 40.31 42.43 40.45 42.58 40.61 42.76 40.79 42.95 41.0 12.0 12.17 11.0 11.18 10.0 10.2 9.0 9.22 8.0 8.25 7.0 7.28 6.0 6.32 5.0 5.39 4.0 4.47 3.0 3.61 2.0 2.83 1.0 2.24 0.0 2.0 1.0 2.24 2.0 2.83 3.0 3.61 67.18 68.59 74.41 73.11 41.88 40.22 13.6 14.87 
42.11 40.11 42.19 40.2 42.3 40.31 42.43 40.45 42.58 40.61 12.17 12.0 11.18 11.0 10.2 10.0 9.22 9.0 8.25 8.0 7.28 7.0 6.32 6.0 5.39 5.0 4.47 4.0 3.61 3.0 2.83 2.0 2.24 1.0 2.0 0.0 2.24 1.0 2.83 2.0 3.61 3.0 65.8 67.18 72.92 71.59 40.82 39.12 12.53 13.6 
43.29 41.3 43.42 41.44 43.57 41.59 43.74 41.77 43.93 41.98 13.0 13.15 12.0 12.17 11.0 11.18 10.0 10.2 9.0 9.22 8.0 8.25 7.0 7.28 6.0 6.32 5.0 5.39 4.0 4.47 3.0 3.61 2.0 2.83 1.0 2.24 0.0 2.0 1.0 2.24 2.0 2.83 67.9 69.3 75.07 73.76 42.72 41.05 14.42 15.62 
43.1 41.11 43.19 41.19 43.29 41.3 43.42 41.44 43.57 41.59 13.15 13.0 12.17 12.0 11.18 11.0 10.2 10.0 9.22 9.0 8.25 8.0 7.28 7.0 6.32 6.0 5.39 5.0 4.47 4.0 3.61 3.0 2.83 2.0 2.24 1.0 2.0 0.0 2.24 1.0 2.83 2.0 66.53 67.9 73.59 72.25 41.68 39.96 13.42 14.42 
44.28 42.3 44.41 42.43 44.55 42.58 44.72 42.76 44.91 42.95 14.0 14.14 13.0 13.15 12.0 12.17 11.0 11.18 10.0 10.2 9.0 9.22 8.0 8.25 7.0 7.28 6.0 6.32 5.0 5.39 4.0 4.47 3.0 3.61 2.0 2.83 1.0 2.24 0.0 2.0 1.0 2.24 68.62 70.01 75.74 74.41 43.57 41.88 15.26 16.4 
44.1 42.11 44.18 42.19 44.28 42.3 44.41 42.43 44.55 42.58 14.14 14.0 13.15 13.0 12.17 12.0 11.18 11.0 10.2 10.0 9.22 9.0 8.25 8.0 7.28 7.0 6.32 6.0 5.39 5.0 4.47 4.0 3.61 3.0 2.83 2.0 2.24 1.0 2.0 0.0 2.24 1.0 67.27 68.62 74.28 72.92 42.54 40.82 14.32 15.26 
45.28 43.29 45.4 43.42 45.54 43.57 45.71 43.74 45.89 43.93 15.0 15.13 14.0 14.14 13.0 13.15 12.0 12.17 11.0 11.18 10.0 10.2 9.0 9.22 8.0 8.25 7.0 7.28 6.0 6.32 5.0 5.39 4.0 4.47 3.0 3.61 2.0 2.83 1.0 2.24 0.0 2.0 69.35 70.72 76.42 75.07 44.42 42.72 16.12 17.2 
45.1 43.1 45.18 43.19 45.28 43.29 45.4 43.42 45.54 43.57 15.13 15.0 14.14 14.0 13.15 13.0 12.17 12.0 11.18 11.0 10.2 10.0 9.22 9.0 8.25 8.0 7.28 7.0 6.32 6.0 5.39 5.0 4.47 4.0 3.61 3.0 2.83 2.0 2.24 1.0 2.0 0.0 68.01 69.35 74.97 73.59 43.42 41.68 15.23 16.12 
42.43 42.76 41.44 41.77 40.45 40.79 39.46 39.81 38.47 38.83 59.2 57.63 59.82 58.26 60.44 58.9 61.07 59.55 61.72 60.21 62.37 60.88 63.03 61.55 63.7 62.24 64.38 62.94 65.07 63.64 65.76 64.35 66.47 65.07 67.18 65.8 67.9 66.53 68.62 67.27 69.35 68.01 0.0 2.0 9.06 9.06 27.29 28.3 53.76 52.33 
44.41 44.72 43.42 43.74 42.43 42.76 41.44 41.77 40.45 40.79 60.8 59.2 61.4 59.82 62.01 60.44 62.63 61.07 63.25 61.72 63.89 62.37 64.54 63.03 65.19 63.7 65.86 64.38 66.53 65.07 67.21 65.76 67.9 66.47 68.59 67.18 69.3 67.9 70.01 68.62 70.72 69.35 2.0 0.0 7.07 7.07 29.07 30.02 55.23 53.76 
51.48 51.79 50.49 50.8 49.5 49.82 48.51 48.84 47.52 47.85 67.12 65.46 67.68 66.03 68.24 66.61 68.82 67.2 69.4 67.8 70.0 68.41 70.6 69.03 71.22 69.66 71.84 70.29 72.47 70.94 73.11 71.59 73.76 72.25 74.41 72.92 75.07 73.59 75.74 74.28 76.42 74.97 9.06 7.07 0.0 2.0 35.85 36.67 61.22 59.67 
51.24 51.48 50.25 50.49 49.25 49.5 48.26 48.51 47.27 47.52 66.04 64.35 66.57 64.9 67.12 65.46 67.68 66.03 68.24 66.61 68.82 67.2 69.4 67.8 70.0 68.41 70.6 69.03 71.22 69.66 71.84 70.29 72.47 70.94 73.11 71.59 73.76 72.25 74.41 72.92 75.07 73.59 9.06 7.07 2.0 0.0 35.11 35.85 60.0 58.41 
19.31 18.68 18.38 17.72 17.46 16.76 16.55 15.81 15.65 14.87 32.53 31.14 33.24 31.89 33.97 32.65 34.71 33.42 35.47 34.21 36.24 35.0 37.01 35.81 37.8 36.62 38.6 37.44 39.41 38.28 40.22 39.12 41.05 39.96 41.88 40.82 42.72 41.68 43.57 42.54 44.42 43.42 27.29 29.07 35.85 35.11 0.0 2.0 28.3 27.29 
20.12 19.31 19.24 18.38 18.36 17.46 17.49 16.55 16.64 15.65 31.14 29.7 31.83 30.41 32.53 31.14 33.24 31.89 33.97 32.65 34.71 33.42 35.47 34.21 36.24 35.0 37.01 35.81 37.8 36.62 38.6 37.44 39.41 38.28 40.22 39.12 41.05 39.96 41.88 40.82 42.72 41.68 28.3 30.02 36.67 35.85 2.0 0.0 26.63 25.55 
31.14 29.15 31.06 29.07 31.02 29.02 31.0 29.0 31.02 29.02 8.06 6.08 8.0 6.0 8.06 6.08 8.25 6.32 8.54 6.71 8.94 7.21 9.43 7.81 10.0 8.49 10.63 9.22 11.31 10.0 12.04 10.82 12.81 11.66 13.6 12.53 14.42 13.42 15.26 14.32 16.12 15.23 53.76 55.23 61.22 60.0 28.3 26.63 0.0 2.0 
31.4 29.43 31.26 29.27 31.14 29.15 31.06 29.07 31.02 29.02 10.05 8.06 10.0 8.0 10.05 8.06 10.2 8.25 10.44 8.54 10.77 8.94 11.18 9.43 11.66 10.0 12.21 10.63 12.81 11.31 13.45 12.04 14.14 12.81 14.87 13.6 15.62 14.42 16.4 15.26 17.2 16.12 52.33 53.76 59.67 58.41 27.29 25.55 2.0 0.0 
