50
0.0 2.0 1.0 2.24 38.28 40.16 38.63 40.5 48.0 50.0 25.71 26.25 28.64 26.68 29.55 27.73 14.87 15.65 31.4 33.38 43.93 45.45 29.12 31.05 43.28 41.77 28.23 29.07 48.84 48.51 65.95 67.27 20.62 18.79 50.36 50.16 50.8 52.77 57.58 55.71 54.92 52.95 65.86 66.89 65.8 66.64 9.22 7.28 44.78 44.01 
2.0 0.0 2.24 1.0 37.64 39.56 37.95 39.85 48.04 50.04 25.32 25.71 29.12 27.2 31.38 29.55 14.32 14.87 31.14 33.14 45.28 46.75 29.73 31.62 44.82 43.28 27.51 28.23 50.8 50.49 67.48 68.77 19.92 18.03 50.64 50.36 50.49 52.47 59.46 57.58 56.89 54.92 67.6 68.6 67.62 68.45 9.85 8.06 46.62 45.88 
1.0 2.24 0.0 2.0 37.34 39.22 37.7 39.56 47.0 49.0 24.74 25.3 29.61 27.66 29.15 27.31 15.81 16.55 30.41 32.39 43.19 44.69 28.16 30.08 43.93 42.45 29.15 29.97 49.03 48.66 65.3 66.6 21.54 19.7 49.37 49.16 49.82 51.79 57.94 56.08 55.11 53.15 65.37 66.37 65.39 66.21 10.2 8.25 45.19 44.38 
2.24 1.0 2.0 0.0 36.69 38.6 37.0 38.9 47.04 49.04 24.33 24.74 30.08 28.16 31.02 29.15 15.3 15.81 30.15 32.14 44.55 46.01 28.79 30.68 45.45 43.93 28.46 29.15 50.99 50.64 66.84 68.12 20.88 18.97 49.65 49.37 49.5 51.48 59.81 57.94 57.07 55.11 67.12 68.1 67.23 68.03 10.77 8.94 47.01 46.24 
38.28 37.64 37.34 36.69 0.0 2.0 1.0 2.24 17.69 19.1 13.04 12.08 66.76 64.85 46.65 44.94 50.64 50.36 9.43 8.54 42.11 42.01 22.47 21.84 78.82 77.67 62.03 62.0 75.8 74.63 63.39 63.64 55.23 53.24 23.6 22.02 14.56 16.49 87.32 85.8 81.27 79.63 70.06 70.01 73.55 73.33 47.43 45.54 76.37 74.97 
40.16 39.56 39.22 38.6 2.0 0.0 2.24 1.0 16.4 17.69 14.76 13.93 68.68 66.76 47.71 46.04 52.61 52.35 10.63 9.43 42.3 42.11 23.26 22.47 80.45 79.32 64.03 64.0 77.01 75.8 63.2 63.39 57.22 55.23 22.47 20.81 12.65 14.56 88.62 87.11 82.42 80.8 70.18 70.06 73.82 73.55 49.34 47.43 77.79 76.37 
38.63 37.95 37.7 37.0 1.0 2.24 0.0 2.0 18.44 19.8 13.6 12.53 67.05 65.15 47.51 45.79 50.8 50.49 10.3 9.49 43.1 43.01 23.41 22.8 79.4 78.24 62.07 62.01 76.61 75.45 64.38 64.63 55.33 53.34 24.41 22.8 14.87 16.76 88.09 86.56 82.1 80.45 71.06 71.01 74.55 74.33 47.76 45.88 77.08 75.69 
40.5 39.85 39.56 38.9 2.24 1.0 2.0 0.0 17.2 18.44 15.26 14.32 68.96 67.05 48.55 46.87 52.77 52.47 11.4 10.3 43.29 43.1 24.17 23.41 81.02 79.88 64.07 64.01 77.8 76.61 64.2 64.38 57.31 55.33 23.32 21.63 13.0 14.87 89.38 87.86 83.23 81.61 71.18 71.06 74.81 74.55 49.65 47.76 78.49 77.08 
48.0 48.04 47.0 47.04 17.69 16.4 18.44 17.2 0.0 2.0 23.77 24.35 76.24 74.24 45.0 43.83 62.2 62.39 17.72 15.81 32.65 31.78 21.54 19.7 82.86 82.08 74.81 75.13 74.52 73.0 50.25 50.09 67.48 65.49 6.32 4.47 9.22 9.85 86.83 85.6 79.25 77.9 58.94 58.46 63.57 62.94 57.04 55.04 77.7 76.01 
50.0 50.04 49.0 49.04 19.1 17.69 19.8 18.44 2.0 0.0 25.71 26.25 78.23 76.24 46.62 45.49 64.2 64.38 19.65 17.72 33.62 32.65 23.41 21.54 84.69 83.93 76.79 77.1 76.06 74.52 50.49 50.25 69.46 67.48 6.0 4.0 9.0 9.22 88.41 87.2 80.72 79.4 59.48 58.94 64.26 63.57 59.03 57.04 79.4 77.7 
25.71 25.32 24.74 24.33 13.04 14.76 13.6 15.26 23.77 25.71 0.0 2.0 54.34 52.39 35.47 33.62 39.01 39.01 6.08 8.06 35.9 36.4 14.32 14.87 65.8 64.64 51.24 51.48 63.81 62.77 58.82 59.46 44.05 42.05 27.73 26.93 25.18 27.17 75.0 73.41 69.46 67.74 63.51 63.79 66.03 66.12 34.93 32.98 63.7 62.37 
26.25 25.71 25.3 24.74 12.08 13.93 12.53 14.32 24.35 26.25 2.0 0.0 54.82 52.89 37.34 35.47 39.12 39.01 6.71 8.54 37.85 38.33 16.28 16.76 67.01 65.8 51.09 51.24 65.51 64.5 60.73 61.35 44.0 42.0 28.65 27.73 25.02 27.02 76.61 75.0 71.2 69.46 65.49 65.76 68.03 68.12 35.44 33.53 65.19 63.89 
28.64 29.12 29.61 30.08 66.76 68.68 67.05 68.96 76.24 78.23 54.34 54.82 0.0 2.0 45.18 44.28 17.8 19.1 60.02 61.98 65.19 67.07 56.04 58.03 27.0 25.0 17.12 19.1 46.1 46.96 83.53 85.23 16.64 17.8 78.0 78.03 79.43 81.39 48.66 46.69 51.26 49.4 79.51 81.06 77.08 78.52 19.42 21.38 36.4 37.0 
26.68 27.2 27.66 28.16 64.85 66.76 65.15 67.05 74.24 76.24 52.39 52.89 2.0 0.0 43.42 42.49 16.28 17.69 58.05 60.02 63.32 65.19 54.04 56.04 27.07 25.08 17.0 19.0 45.31 46.1 81.84 83.53 15.65 16.64 76.0 76.03 77.47 79.43 48.37 46.39 50.6 48.7 77.99 79.51 75.66 77.08 17.46 19.42 35.9 36.4 
29.55 31.38 29.15 31.02 46.65 47.71 47.51 48.55 45.0 46.62 35.47 37.34 45.18 43.42 0.0 2.0 41.23 42.8 37.22 38.28 21.1 23.09 24.84 26.17 40.45 40.2 53.74 55.17 29.7 28.32 38.6 40.22 46.75 45.45 43.42 44.42 52.35 53.81 41.87 40.61 34.83 33.3 36.62 37.8 36.25 37.12 32.65 31.4 33.11 31.3 
27.73 29.55 27.31 29.15 44.94 46.04 45.79 46.87 43.83 45.49 33.62 35.47 44.28 42.49 2.0 0.0 39.7 41.23 35.51 36.62 21.38 23.35 23.35 24.76 40.79 40.45 52.35 53.74 31.14 29.83 39.82 41.4 45.28 43.93 42.49 43.42 50.99 52.5 43.19 41.87 36.4 34.83 38.28 39.41 38.08 38.91 31.14 29.83 34.0 32.25 
14.87 14.32 15.81 15.3 50.64 52.61 50.8 52.77 62.2 64.2 39.01 39.12 17.8 16.28 41.23 39.7 0.0 2.0 45.0 47.0 58.01 59.64 43.97 45.88 40.5 38.63 13.42 14.42 53.24 53.46 79.21 80.66 5.83 4.24 64.94 64.63 64.12 66.12 59.3 57.31 59.14 57.14 77.8 79.03 76.85 77.94 8.6 9.9 46.17 46.04 
15.65 14.87 16.55 15.81 50.36 52.35 50.49 52.47 62.39 64.38 39.01 39.01 19.1 17.69 42.8 41.23 2.0 0.0 45.04 47.04 59.2 60.8 44.6 46.49 42.38 40.5 12.65 13.42 55.23 55.44 80.61 82.04 5.1 3.16 65.31 64.94 64.03 66.03 61.29 59.3 61.13 59.14 79.4 80.6 78.55 79.61 10.3 11.4 48.17 48.04 
31.4 31.14 30.41 30.15 9.43 10.63 10.3 11.4 17.72 19.65 6.08 6.71 60.02 58.05 37.22 35.51 45.0 45.04 0.0 2.0 34.06 34.23 13.34 13.04 70.18 69.12 57.31 57.56 66.4 65.22 56.29 56.75 50.09 48.09 21.95 21.02 19.42 21.38 77.99 76.49 71.85 70.21 62.03 62.13 65.12 65.03 40.61 38.64 67.21 65.76 
33.38 33.14 32.39 32.14 8.54 9.43 9.49 10.3 15.81 17.72 8.06 8.54 61.98 60.02 38.28 36.62 47.0 47.04 2.0 0.0 34.0 34.06 13.93 13.34 71.87 70.83 59.3 59.54 67.62 66.4 55.9 56.29 52.09 50.09 20.25 19.24 17.46 19.42 79.31 77.83 73.01 71.4 62.0 62.03 65.28 65.12 42.58 40.61 68.68 67.21 
43.93 45.28 43.19 44.55 42.11 42.3 43.1 43.29 32.65 33.62 35.9 37.85 65.19 63.32 21.1 21.38 58.01 59.2 34.06 34.0 0.0 2.0 21.59 21.21 61.13 61.03 71.28 72.42 46.1 44.28 23.26 24.19 63.82 62.2 28.6 30.23 41.63 42.49 58.6 57.78 49.74 48.76 28.0 28.07 31.58 31.26 49.93 48.26 52.39 50.45 
45.45 46.75 44.69 46.01 42.01 42.11 43.01 43.1 31.78 32.65 36.4 38.33 67.07 65.19 23.09 23.35 59.64 60.8 34.23 34.06 2.0 0.0 22.14 21.59 63.13 63.03 72.95 74.06 47.93 46.1 22.47 23.26 65.46 63.82 27.46 29.15 40.85 41.63 60.42 59.62 51.48 50.54 28.07 28.0 32.02 31.58 51.62 49.93 54.34 52.39 
29.12 29.73 28.16 28.79 22.47 23.26 23.41 24.17 21.54 23.41 14.32 16.28 56.04 54.04 24.84 23.35 43.97 44.6 13.34 13.93 21.59 22.14 0.0 2.0 61.33 60.54 57.25 57.94 54.49 53.15 44.6 45.31 49.65 47.76 22.09 22.36 27.8 29.41 66.48 65.12 59.67 58.14 49.25 49.5 52.01 52.01 37.48 35.51 56.61 55.0 
31.05 31.62 30.08 30.68 21.84 22.47 22.8 23.41 19.7 21.54 14.87 16.76 58.03 56.04 26.17 24.76 45.88 46.49 13.04 13.34 21.21 21.59 2.0 0.0 63.16 62.39 59.14 59.81 55.87 54.49 43.97 44.6 51.55 49.65 20.1 20.4 26.25 27.8 67.94 66.6 60.96 59.46 49.09 49.25 52.09 52.01 39.46 37.48 58.25 56.61 
43.28 44.82 43.93 45.45 78.82 80.45 79.4 81.02 82.86 84.69 65.8 67.01 27.0 27.07 40.45 40.79 40.5 42.38 70.18 71.87 61.13 63.13 61.33 63.16 0.0 2.0 44.05 46.04 24.21 25.81 73.01 74.95 41.98 42.45 82.54 83.22 88.59 90.35 22.47 20.62 27.66 26.17 65.55 67.42 61.27 63.07 36.36 37.44 12.81 14.42 
41.77 43.28 42.45 43.93 77.67 79.32 78.24 79.88 82.08 83.93 64.64 65.8 25.0 25.08 40.2 40.45 38.63 40.5 69.12 70.83 61.03 63.03 60.54 62.39 2.0 0.0 42.05 44.05 25.5 27.02 73.5 75.43 40.02 40.52 81.91 82.54 87.66 89.44 24.35 22.47 29.21 27.66 66.31 68.15 62.18 63.95 34.67 35.81 14.14 15.62 
28.23 27.51 29.15 28.46 62.03 64.03 62.07 64.07 74.81 76.79 51.24 51.09 17.12 17.0 53.74 52.35 13.42 12.65 57.31 59.3 71.28 72.95 57.25 59.14 44.05 42.05 0.0 2.0 61.4 61.98 92.1 93.61 7.62 9.49 77.88 77.47 76.03 78.03 65.28 63.29 66.94 65.0 90.03 91.35 88.6 89.81 21.4 23.02 52.61 52.95 
29.07 28.23 29.97 29.15 62.0 64.0 62.01 64.01 75.13 77.1 51.48 51.24 19.1 19.0 55.17 53.74 14.42 13.42 57.56 59.54 72.42 74.06 57.94 59.81 46.04 44.05 2.0 0.0 63.32 63.89 93.43 94.92 8.6 10.3 78.34 77.88 76.11 78.1 67.27 65.28 68.88 66.94 91.55 92.85 90.21 91.4 22.67 24.21 54.59 54.92 
48.84 50.8 49.03 50.99 75.8 77.01 76.61 77.8 74.52 76.06 63.81 65.51 46.1 45.31 29.7 31.14 53.24 55.23 66.4 67.62 46.1 47.93 54.49 55.87 24.21 25.5 61.4 63.32 0.0 2.0 52.04 54.04 56.89 56.57 72.42 73.6 82.04 83.49 12.53 11.7 6.08 4.12 42.95 44.91 37.95 39.85 46.0 46.04 11.4 9.9 
48.51 50.49 48.66 50.64 74.63 75.8 75.45 76.61 73.0 74.52 62.77 64.5 46.96 46.1 28.32 29.83 53.46 55.44 65.22 66.4 44.28 46.1 53.15 54.49 25.81 27.02 61.98 63.89 2.0 0.0 50.04 52.04 57.27 56.89 70.8 72.01 80.61 82.04 14.32 13.6 6.71 5.0 41.0 42.95 36.06 37.95 46.04 46.0 13.04 11.4 
65.95 67.48 65.3 66.84 63.39 63.2 64.38 64.2 50.25 50.49 58.82 60.73 83.53 81.84 38.6 39.82 79.21 80.61 56.29 55.9 23.26 22.47 44.6 43.97 73.01 73.5 92.1 93.43 52.04 50.04 0.0 2.0 84.9 83.45 44.55 46.53 59.41 59.68 63.13 63.03 53.15 53.04 12.21 10.63 18.87 17.2 70.77 69.31 61.66 59.68 
67.27 68.77 66.6 68.12 63.64 63.39 64.63 64.38 50.09 50.25 59.46 61.35 85.23 83.53 40.22 41.4 80.66 82.04 56.75 56.29 24.19 23.26 45.31 44.6 74.95 75.43 93.61 94.92 54.04 52.04 2.0 0.0 86.37 84.9 44.28 46.27 59.21 59.41 65.12 65.03 55.15 55.04 13.89 12.21 20.59 18.87 72.25 70.77 63.64 61.66 
20.62 19.92 21.54 20.88 55.23 57.22 55.33 57.31 67.48 69.46 44.05 44.0 16.64 15.65 46.75 45.28 5.83 5.1 50.09 52.09 63.82 65.46 49.65 51.55 41.98 40.02 7.62 8.6 56.89 57.27 84.9 86.37 0.0 2.0 70.41 70.04 69.01 71.01 62.01 60.01 62.65 60.67 83.24 84.5 82.1 83.23 14.14 15.62 49.01 49.09 
18.79 18.03 19.7 18.97 53.24 55.23 53.34 55.33 65.49 67.48 42.05 42.0 17.8 16.64 45.45 43.93 4.24 3.16 48.09 50.09 62.2 63.82 47.76 49.65 42.45 40.52 9.49 10.3 56.57 56.89 83.45 84.9 2.0 0.0 68.45 68.07 67.01 69.01 62.07 60.07 62.39 60.41 82.01 83.24 80.99 82.1 12.81 14.14 49.01 49.01 
50.36 50.64 49.37 49.65 23.6 22.47 24.41 23.32 6.32 6.0 27.73 28.65 78.0 76.0 43.42 42.49 64.94 65.31 21.95 20.25 28.6 27.46 22.09 20.1 82.54 81.91 77.88 78.34 72.42 70.8 44.55 44.28 70.41 68.45 0.0 2.0 15.0 15.13 84.88 83.76 76.84 75.6 53.76 53.16 58.69 57.94 59.14 57.14 76.48 74.71 
50.16 50.36 49.16 49.37 22.02 20.81 22.8 21.63 4.47 4.0 26.93 27.73 78.03 76.03 44.42 43.42 64.63 64.94 21.02 19.24 30.23 29.15 22.36 20.4 83.22 82.54 77.47 77.88 73.6 72.01 46.53 46.27 70.04 68.07 2.0 0.0 13.0 13.15 86.02 84.88 78.1 76.84 55.66 55.08 60.54 59.81 59.03 57.04 77.41 75.66 
50.8 50.49 49.82 49.5 14.56 12.65 14.87 13.0 9.22 9.0 25.18 25.02 79.43 77.47 52.35 50.99 64.12 64.03 19.42 17.46 41.63 40.85 27.8 26.25 88.59 87.66 76.03 76.11 82.04 80.61 59.41 59.21 69.01 67.01 15.0 13.0 0.0 2.0 94.18 92.85 87.0 85.56 68.15 67.68 72.73 72.12 60.02 58.05 84.4 82.8 
52.77 52.47 51.79 51.48 16.49 14.56 16.76 14.87 9.85 9.22 27.17 27.02 81.39 79.43 53.81 52.5 66.12 66.03 21.38 19.42 42.49 41.63 29.41 27.8 90.35 89.44 78.03 78.1 83.49 82.04 59.68 59.41 71.01 69.01 15.13 13.15 2.0 0.0 95.67 94.37 88.39 86.98 68.68 68.15 73.39 72.73 61.98 60.02 86.02 84.4 
57.58 59.46 57.94 59.81 87.32 88.62 88.09 89.38 86.83 88.41 75.0 76.61 48.66 48.37 41.87 43.19 59.3 61.29 77.99 79.31 58.6 60.42 66.48 67.94 22.47 24.35 65.28 67.27 12.53 14.32 63.13 65.12 62.01 62.07 84.88 86.02 94.18 95.67 0.0 2.0 10.0 10.2 53.08 55.08 47.38 49.37 53.15 53.6 13.15 13.6 
55.71 57.58 56.08 57.94 85.8 87.11 86.56 87.86 85.6 87.2 73.41 75.0 46.69 46.39 40.61 41.87 57.31 59.3 76.49 77.83 57.78 59.62 65.12 66.6 20.62 22.47 63.29 65.28 11.7 13.6 63.03 65.03 60.01 60.07 83.76 84.88 92.85 94.37 2.0 0.0 10.2 10.0 53.24 55.23 47.68 49.65 51.2 51.66 11.18 11.7 
54.92 56.89 55.11 57.07 81.27 82.42 82.1 83.23 79.25 80.72 69.46 71.2 51.26 50.6 34.83 36.4 59.14 61.13 71.85 73.01 49.74 51.48 59.67 60.96 27.66 29.21 66.94 68.88 6.08 6.71 53.15 55.15 62.65 62.39 76.84 78.1 87.0 88.39 10.0 10.2 0.0 2.0 43.1 45.1 37.48 39.46 52.01 52.09 15.26 14.32 
52.95 54.92 53.15 55.11 79.63 80.8 80.45 81.61 77.9 79.4 67.74 69.46 49.4 48.7 33.3 34.83 57.14 59.14 70.21 71.4 48.76 50.54 58.14 59.46 26.17 27.66 65.0 66.94 4.12 5.0 53.04 55.04 60.67 60.41 75.6 76.84 85.56 86.98 10.2 10.0 2.0 0.0 43.29 45.28 37.85 39.81 50.01 50.09 13.6 12.53 
65.86 67.6 65.37 67.12 70.06 70.18 71.06 71.18 58.94 59.48 63.51 65.49 79.51 77.99 36.62 38.28 77.8 79.4 62.03 62.0 28.0 28.07 49.25 49.09 65.55 66.31 90.03 91.55 42.95 41.0 12.21 13.89 83.24 82.01 53.76 55.66 68.15 68.68 53.08 53.24 43.1 43.29 0.0 2.0 6.71 5.0 69.2 68.01 53.45 51.55 
66.89 68.6 66.37 68.1 70.01 70.06 71.01 71.06 58.46 58.94 63.79 65.76 81.06 79.51 37.8 39.41 79.03 80.6 62.13 62.03 28.07 28.0 49.5 49.25 67.42 68.15 91.35 92.85 44.91 42.95 10.63 12.21 84.5 83.24 53.16 55.08 67.68 68.15 55.08 55.23 45.1 45.28 2.0 0.0 8.54 6.71 70.43 69.2 55.36 53.45 
65.8 67.62 65.39 67.23 73.55 73.82 74.55 74.81 63.57 64.26 66.03 68.03 77.08 75.66 36.25 38.08 76.85 78.55 65.12 65.28 31.58 32.02 52.01 52.09 61.27 62.18 88.6 90.21 37.95 36.06 18.87 20.59 82.1 80.99 58.69 60.54 72.73 73.39 47.38 47.68 37.48 37.85 6.71 8.54 0.0 2.0 68.26 67.23 48.85 47.01 
66.64 68.45 66.21 68.03 73.33 73.55 74.33 74.55 62.94 63.57 66.12 68.12 78.52 77.08 37.12 38.91 77.94 79.61 65.03 65.12 31.26 31.58 52.01 52.01 63.07 63.95 89.81 91.4 39.85 37.95 17.2 18.87 83.23 82.1 57.94 59.81 72.12 72.73 49.37 49.65 39.46 39.81 5.0 6.71 2.0 0.0 69.34 68.26 50.7 48.85 
9.22 9.85 10.2 10.77 47.43 49.34 47.76 49.65 57.04 59.03 34.93 35.44 19.42 17.46 32.65 31.14 8.6 10.3 40.61 42.58 49.93 51.62 37.48 39.46 36.36 34.67 21.4 22.67 46.0 46.04 70.77 72.25 14.14 12.81 59.14 59.03 60.02 61.98 53.15 51.2 52.01 50.01 69.2 70.43 68.26 69.34 0.0 2.0 40.02 39.62 
7.28 8.06 8.25 8.94 45.54 47.43 45.88 47.76 55.04 57.04 32.98 33.53 21.38 19.42 31.4 29.83 9.9 11.4 38.64 40.61 48.26 49.93 35.51 37.48 37.44 35.81 23.02 24.21 46.04 46.0 69.31 70.77 15.62 14.14 57.14 57.04 58.05 60.02 53.6 51.66 52.09 50.09 68.01 69.2 67.23 68.26 2.0 0.0 40.52 40.02 
44.78 46.62 45.19 47.01 76.37 77.79 77.08 78.49 77.7 79.4 63.7 65.19 36.4 35.9 33.11 34.0 46.17 48.17 67.21 68.68 52.39 54.34 56.61 58.25 12.81 14.14 52.61 54.59 11.4 13.04 61.66 63.64 49.01 49.01 76.48 77.41 84.4 86.02 13.15 11.18 15.26 13.6 53.45 55.36 48.85 50.7 40.02 40.52 0.0 2.0 
44.01 45.88 44.38 46.24 74.97 76.37 75.69 77.08 76.01 77.7 62.37 63.89 37.0 36.4 31.3 32.25 46.04 48.04 65.76 67.21 50.45 52.39 55.0 56.61 14.42 15.62 52.95 54.92 9.9 11.4 59.68 61.66 49.09 49.01 74.71 75.66 82.8 84.4 13.6 11.7 14.32 12.53 51.55 53.45 47.01 48.85 39.62 40.02 2.0 0.0 
