50
0.0 2.0 1.0 2.24 2.0 2.83 26.42 25.5 25.55 24.6 24.7 23.71 23.85 22.83 23.02 21.95 22.2 21.1 21.4 20.25 20.62 19.42 19.85 18.6 19.1 17.8 18.38 17.03 17.69 16.28 17.03 15.56 16.4 14.87 35.85 37.7 6.32 4.47 6.71 5.0 47.3 46.87 46.32 45.89 45.35 44.91 44.38 43.93 36.35 36.67 
2.0 0.0 2.24 1.0 2.83 2.0 27.46 26.42 26.63 25.55 25.81 24.7 25.0 23.85 24.21 23.02 23.43 22.2 22.67 21.4 21.93 20.62 21.21 19.85 20.52 19.1 19.85 18.38 19.21 17.69 18.6 17.03 18.03 16.4 36.67 38.48 8.25 6.32 8.54 6.71 47.8 47.3 46.84 46.32 45.88 45.35 44.92 44.38 36.12 36.35 
1.0 2.24 0.0 2.0 1.0 2.24 27.29 26.4 26.42 25.5 25.55 24.6 24.7 23.71 23.85 22.83 23.02 21.95 22.2 21.1 21.4 20.25 20.62 19.42 19.85 18.6 19.1 17.8 18.38 17.03 17.69 16.28 17.03 15.56 34.93 36.77 6.08 4.12 6.32 4.47 48.27 47.85 47.3 46.87 46.32 45.89 45.35 44.91 35.36 35.69 
2.24 1.0 2.0 0.0 2.24 1.0 28.3 27.29 27.46 26.42 26.63 25.55 25.81 24.7 25.0 23.85 24.21 23.02 23.43 22.2 22.67 21.4 21.93 20.62 21.21 19.85 20.52 19.1 19.85 18.38 19.21 17.69 18.6 17.03 35.78 37.58 8.06 6.08 8.25 6.32 48.76 48.27 47.8 47.3 46.84 46.32 45.88 45.35 35.13 35.36 
2.0 2.83 1.0 2.24 0.0 2.0 28.18 27.31 27.29 26.4 26.42 25.5 25.55 24.6 24.7 23.71 23.85 22.83 23.02 21.95 22.2 21.1 21.4 20.25 20.62 19.42 19.85 18.6 19.1 17.8 18.38 17.03 17.69 16.28 34.01 35.85 6.0 4.0 6.08 4.12 49.24 48.84 48.27 47.85 47.3 46.87 46.32 45.89 34.37 34.71 
2.83 2.0 2.24 1.0 2.0 0.0 29.15 28.18 28.3 27.29 27.46 26.42 26.63 25.55 25.81 24.7 25.0 23.85 24.21 23.02 23.43 22.2 22.67 21.4 21.93 20.62 21.21 19.85 20.52 19.1 19.85 18.38 19.21 17.69 34.89 36.67 8.0 6.0 8.06 6.08 49.73 49.24 48.76 48.27 47.8 47.3 46.84 46.32 34.13 34.37 
26.42 27.46 27.29 28.3 28.18 29.15 0.0 2.0 1.0 2.24 2.0 2.83 3.0 3.61 4.0 4.47 5.0 5.39 6.0 6.32 7.0 7.28 8.0 8.25 9.0 9.22 10.0 10.2 11.0 11.18 12.0 12.17 13.0 13.15 56.01 58.01 25.96 26.57 26.93 27.51 23.09 23.35 22.09 22.36 21.1 21.38 20.1 20.4 61.68 62.3 
25.5 26.42 26.4 27.29 27.31 28.18 2.0 0.0 2.24 1.0 2.83 2.0 3.61 3.0 4.47 4.0 5.39 5.0 6.32 6.0 7.28 7.0 8.25 8.0 9.22 9.0 10.2 10.0 11.18 11.0 12.17 12.0 13.15 13.0 56.08 58.08 25.5 25.96 26.48 26.93 23.0 23.09 22.0 22.09 21.0 21.1 20.0 20.1 61.13 61.68 
25.55 26.63 26.42 27.46 27.29 28.3 1.0 2.24 0.0 2.0 1.0 2.24 2.0 2.83 3.0 3.61 4.0 4.47 5.0 5.39 6.0 6.32 7.0 7.28 8.0 8.25 9.0 9.22 10.0 10.2 11.0 11.18 12.0 12.17 55.01 57.01 25.0 25.63 25.96 26.57 24.08 24.33 23.09 23.35 22.09 22.36 21.1 21.38 60.73 61.35 
24.6 25.55 25.5 26.42 26.4 27.29 2.24 1.0 2.0 0.0 2.24 1.0 2.83 2.0 3.61 3.0 4.47 4.0 5.39 5.0 6.32 6.0 7.28 7.0 8.25 8.0 9.22 9.0 10.2 10.0 11.18 11.0 12.17 12.0 55.08 57.08 24.52 25.0 25.5 25.96 24.0 24.08 23.0 23.09 22.0 22.09 21.0 21.1 60.17 60.73 
24.7 25.81 25.55 26.63 26.42 27.46 2.0 2.83 1.0 2.24 0.0 2.0 1.0 2.24 2.0 2.83 3.0 3.61 4.0 4.47 5.0 5.39 6.0 6.32 7.0 7.28 8.0 8.25 9.0 9.22 10.0 10.2 11.0 11.18 54.01 56.01 24.04 24.7 25.0 25.63 25.08 25.32 24.08 24.33 23.09 23.35 22.09 22.36 59.77 60.41 
23.71 24.7 24.6 25.55 25.5 26.42 2.83 2.0 2.24 1.0 2.0 0.0 2.24 1.0 2.83 2.0 3.61 3.0 4.47 4.0 5.39 5.0 6.32 6.0 7.28 7.0 8.25 8.0 9.22 9.0 10.2 10.0 11.18 11.0 54.08 56.08 23.54 24.04 24.52 25.0 25.0 25.08 24.0 24.08 23.0 23.09 22.0 22.09 59.2 59.77 
23.85 25.0 24.7 25.81 25.55 26.63 3.0 3.61 2.0 2.83 1.0 2.24 0.0 2.0 1.0 2.24 2.0 2.83 3.0 3.61 4.0 4.47 5.0 5.39 6.0 6.32 7.0 7.28 8.0 8.25 9.0 9.22 10.0 10.2 53.01 55.01 23.09 23.77 24.04 24.7 26.08 26.31 25.08 25.32 24.08 24.33 23.09 23.35 58.82 59.46 
22.83 23.85 23.71 24.7 24.6 25.55 3.61 3.0 2.83 2.0 2.24 1.0 2.0 0.0 2.24 1.0 2.83 2.0 3.61 3.0 4.47 4.0 5.39 5.0 6.32 6.0 7.28 7.0 8.25 8.0 9.22 9.0 10.2 10.0 53.08 55.08 22.56 23.09 23.54 24.04 26.0 26.08 25.0 25.08 24.0 24.08 23.0 23.09 58.24 58.82 
23.02 24.21 23.85 25.0 24.7 25.81 4.0 4.47 3.0 3.61 2.0 2.83 1.0 2.24 0.0 2.0 1.0 2.24 2.0 2.83 3.0 3.61 4.0 4.47 5.0 5.39 6.0 6.32 7.0 7.28 8.0 8.25 9.0 9.22 52.01 54.01 22.14 22.85 23.09 23.77 27.07 27.29 26.08 26.31 25.08 25.32 24.08 24.33 57.87 58.52 
21.95 23.02 22.83 23.85 23.71 24.7 4.47 4.0 3.61 3.0 2.83 2.0 2.24 1.0 2.0 0.0 2.24 1.0 2.83 2.0 3.61 3.0 4.47 4.0 5.39 5.0 6.32 6.0 7.28 7.0 8.25 8.0 9.22 9.0 52.09 54.08 21.59 22.14 22.56 23.09 27.0 27.07 26.0 26.08 25.0 25.08 24.0 24.08 57.28 57.87 
22.2 23.43 23.02 24.21 23.85 25.0 5.0 5.39 4.0 4.47 3.0 3.61 2.0 2.83 1.0 2.24 0.0 2.0 1.0 2.24 2.0 2.83 3.0 3.61 4.0 4.47 5.0 5.39 6.0 6.32 7.0 7.28 8.0 8.25 51.01 53.01 21.19 21.93 22.14 22.85 28.07 28.28 27.07 27.29 26.08 26.31 25.08 25.32 56.92 57.58 
21.1 22.2 21.95 23.02 22.83 23.85 5.39 5.0 4.47 4.0 3.61 3.0 2.83 2.0 2.24 1.0 2.0 0.0 2.24 1.0 2.83 2.0 3.61 3.0 4.47 4.0 5.39 5.0 6.32 6.0 7.28 7.0 8.25 8.0 51.09 53.08 20.62 21.19 21.59 22.14 28.0 28.07 27.0 27.07 26.0 26.08 25.0 25.08 56.32 56.92 
21.4 22.67 22.2 23.43 23.02 24.21 6.0 6.32 5.0 5.39 4.0 4.47 3.0 3.61 2.0 2.83 1.0 2.24 0.0 2.0 1.0 2.24 2.0 2.83 3.0 3.61 4.0 4.47 5.0 5.39 6.0 6.32 7.0 7.28 50.01 52.01 20.25 21.02 21.19 21.93 29.07 29.27 28.07 28.28 27.07 27.29 26.08 26.31 55.97 56.65 
20.25 21.4 21.1 22.2 21.95 23.02 6.32 6.0 5.39 5.0 4.47 4.0 3.61 3.0 2.83 2.0 2.24 1.0 2.0 0.0 2.24 1.0 2.83 2.0 3.61 3.0 4.47 4.0 5.39 5.0 6.32 6.0 7.28 7.0 50.09 52.09 19.65 20.25 20.62 21.19 29.0 29.07 28.0 28.07 27.0 27.07 26.0 26.08 55.36 55.97 
20.62 21.93 21.4 22.67 22.2 23.43 7.0 7.28 6.0 6.32 5.0 5.39 4.0 4.47 3.0 3.61 2.0 2.83 1.0 2.24 0.0 2.0 1.0 2.24 2.0 2.83 3.0 3.61 4.0 4.47 5.0 5.39 6.0 6.32 49.01 51.01 19.31 20.12 20.25 21.02 30.07 30.27 29.07 29.27 28.07 28.28 27.07 27.29 55.03 55.71 
19.42 20.62 20.25 21.4 21.1 22.2 7.28 7.0 6.32 6.0 5.39 5.0 4.47 4.0 3.61 3.0 2.83 2.0 2.24 1.0 2.0 0.0 2.24 1.0 2.83 2.0 3.61 3.0 4.47 4.0 5.39 5.0 6.32 6.0 49.09 51.09 18.68 19.31 19.65 20.25 30.0 30.07 29.0 29.07 28.0 28.07 27.0 27.07 54.41 55.03 
19.85 21.21 20.62 21.93 21.4 22.67 8.0 8.25 7.0 7.28 6.0 6.32 5.0 5.39 4.0 4.47 3.0 3.61 2.0 2.83 1.0 2.24 0.0 2.0 1.0 2.24 2.0 2.83 3.0 3.61 4.0 4.47 5.0 5.39 48.01 50.01 18.38 19.24 19.31 20.12 31.06 31.26 30.07 30.27 29.07 29.27 28.07 28.28 54.08 54.78 
18.6 19.85 19.42 20.62 20.25 21.4 8.25 8.0 7.28 7.0 6.32 6.0 5.39 5.0 4.47 4.0 3.61 3.0 2.83 2.0 2.24 1.0 2.0 0.0 2.24 1.0 2.83 2.0 3.61 3.0 4.47 4.0 5.39 5.0 48.09 50.09 17.72 18.38 18.68 19.31 31.0 31.06 30.0 30.07 29.0 29.07 28.0 28.07 53.45 54.08 
19.1 20.52 19.85 21.21 20.62 21.93 9.0 9.22 8.0 8.25 7.0 7.28 6.0 6.32 5.0 5.39 4.0 4.47 3.0 3.61 2.0 2.83 1.0 2.24 0.0 2.0 1.0 2.24 2.0 2.83 3.0 3.61 4.0 4.47 47.01 49.01 17.46 18.36 18.38 19.24 32.06 32.25 31.06 31.26 30.07 30.27 29.07 29.27 53.14 53.85 
17.8 19.1 18.6 19.85 19.42 20.62 9.22 9.0 8.25 8.0 7.28 7.0 6.32 6.0 5.39 5.0 4.47 4.0 3.61 3.0 2.83 2.0 2.24 1.0 2.0 0.0 2.24 1.0 2.83 2.0 3.61 3.0 4.47 4.0 47.1 49.09 16.76 17.46 17.72 18.38 32.0 32.06 31.0 31.06 30.0 30.07 29.0 29.07 52.5 53.14 
18.38 19.85 19.1 20.52 19.85 21.21 10.0 10.2 9.0 9.22 8.0 8.25 7.0 7.28 6.0 6.32 5.0 5.39 4.0 4.47 3.0 3.61 2.0 2.83 1.0 2.24 0.0 2.0 1.0 2.24 2.0 2.83 3.0 3.61 46.01 48.01 16.55 17.49 17.46 18.36 33.06 33.24 32.06 32.25 31.06 31.26 30.07 30.27 52.2 52.92 
17.03 18.38 17.8 19.1 18.6 19.85 10.2 10.0 9.22 9.0 8.25 8.0 7.28 7.0 6.32 6.0 5.39 5.0 4.47 4.0 3.61 3.0 2.83 2.0 2.24 1.0 2.0 0.0 2.24 1.0 2.83 2.0 3.61 3.0 46.1 48.09 15.81 16.55 16.76 17.46 33.0 33.06 32.0 32.06 31.0 31.06 30.0 30.07 51.55 52.2 
17.69 19.21 18.38 19.85 19.1 20.52 11.0 11.18 10.0 10.2 9.0 9.22 8.0 8.25 7.0 7.28 6.0 6.32 5.0 5.39 4.0 4.47 3.0 3.61 2.0 2.83 1.0 2.24 0.0 2.0 1.0 2.24 2.0 2.83 45.01 47.01 15.65 16.64 16.55 17.49 34.06 34.23 33.06 33.24 32.06 32.25 31.06 31.26 51.26 52.0 
16.28 17.69 17.03 18.38 17.8 19.1 11.18 11.0 10.2 10.0 9.22 9.0 8.25 8.0 7.28 7.0 6.32 6.0 5.39 5.0 4.47 4.0 3.61 3.0 2.83 2.0 2.24 1.0 2.0 0.0 2.24 1.0 2.83 2.0 45.1 47.1 14.87 15.65 15.81 16.55 34.0 34.06 33.0 33.06 32.0 32.06 31.0 31.06 50.6 51.26 
17.03 18.6 17.69 19.21 18.38 19.85 12.0 12.17 11.0 11.18 10.0 10.2 9.0 9.22 8.0 8.25 7.0 7.28 6.0 6.32 5.0 5.39 4.0 4.47 3.0 3.61 2.0 2.83 1.0 2.24 0.0 2.0 1.0 2.24 44.01 46.01 14.76 15.81 15.65 16.64 35.06 35.23 34.06 34.23 33.06 33.24 32.06 32.25 50.33 51.08 
15.56 17.03 16.28 17.69 17.03 18.38 12.17 12.0 11.18 11.0 10.2 10.0 9.22 9.0 8.25 8.0 7.28 7.0 6.32 6.0 5.39 5.0 4.47 4.0 3.61 3.0 2.83 2.0 2.24 1.0 2.0 0.0 2.24 1.0 44.1 46.1 13.93 14.76 14.87 15.65 35.0 35.06 34.0 34.06 33.0 33.06 32.0 32.06 49.65 50.33 
16.4 18.03 17.03 18.6 17.69 19.21 13.0 13.15 12.0 12.17 11.0 11.18 10.0 10.2 9.0 9.22 8.0 8.25 7.0 7.28 6.0 6.32 5.0 5.39 4.0 4.47 3.0 3.61 2.0 2.83 1.0 2.24 0.0 2.0 43.01 45.01 13.89 15.0 14.76 15.81 36.06 36.22 35.06 35.23 34.06 34.23 33.06 33.24 49.4 50.16 
14.87 16.4 15.56 17.03 16.28 17.69 13.15 13.0 12.17 12.0 11.18 11.0 10.2 10.0 9.22 9.0 8.25 8.0 7.28 7.0 6.32 6.0 5.39 5.0 4.47 4.0 3.61 3.0 2.83 2.0 2.24 1.0 2.0 0.0 43.1 45.1 13.0 13.89 13.93 14.76 36.0 36.06 35.0 35.06 34.0 34.06 33.0 33.06 48.7 49.4 
35.85 36.67 34.93 35.78 34.01 34.89 56.01 56.08 55.01 55.08 54.01 54.08 53.01 53.08 52.01 52.09 51.01 51.09 50.01 50.09 49.01 49.09 48.01 48.09 47.01 47.1 46.01 46.1 45.01 45.1 44.01 44.1 43.01 43.1 0.0 2.0 32.02 32.57 31.05 31.62 79.06 79.16 78.06 78.16 77.06 77.16 76.06 76.16 19.24 21.21 
37.7 38.48 36.77 37.58 35.85 36.67 58.01 58.08 57.01 57.08 56.01 56.08 55.01 55.08 54.01 54.08 53.01 53.08 52.01 52.09 51.01 51.09 50.01 50.09 49.01 49.09 48.01 48.09 47.01 47.1 46.01 46.1 45.01 45.1 2.0 0.0 33.96 34.48 32.98 33.53 81.06 81.15 80.06 80.16 79.06 79.16 78.06 78.16 19.03 21.02 
6.32 8.25 6.08 8.06 6.0 8.0 25.96 25.5 25.0 24.52 24.04 23.54 23.09 22.56 22.14 21.59 21.19 20.62 20.25 19.65 19.31 18.68 18.38 17.72 17.46 16.76 16.55 15.81 15.65 14.87 14.76 13.93 13.89 13.0 32.02 33.96 0.0 2.0 1.0 2.24 48.26 48.09 47.27 47.1 46.27 46.1 45.28 45.1 35.74 36.4 
4.47 6.32 4.12 6.08 4.0 6.0 26.57 25.96 25.63 25.0 24.7 24.04 23.77 23.09 22.85 22.14 21.93 21.19 21.02 20.25 20.12 19.31 19.24 18.38 18.36 17.46 17.49 16.55 16.64 15.65 15.81 14.76 15.0 13.89 32.57 34.48 2.0 0.0 2.24 1.0 48.51 48.26 47.52 47.27 46.53 46.27 45.54 45.28 35.17 35.74 
6.71 8.54 6.32 8.25 6.08 8.06 26.93 26.48 25.96 25.5 25.0 24.52 24.04 23.54 23.09 22.56 22.14 21.59 21.19 20.62 20.25 19.65 19.31 18.68 18.38 17.72 17.46 16.76 16.55 15.81 15.65 14.87 14.76 13.93 31.05 32.98 1.0 2.24 0.0 2.0 49.25 49.09 48.26 48.09 47.27 47.1 46.27 46.1 34.79 35.47 
5.0 6.71 4.47 6.32 4.12 6.08 27.51 26.93 26.57 25.96 25.63 25.0 24.7 24.04 23.77 23.09 22.85 22.14 21.93 21.19 21.02 20.25 20.12 19.31 19.24 18.38 18.36 17.46 17.49 16.55 16.64 15.65 15.81 14.76 31.62 33.53 2.24 1.0 2.0 0.0 49.5 49.25 48.51 48.26 47.52 47.27 46.53 46.27 34.21 34.79 
47.3 47.8 48.27 48.76 49.24 49.73 23.09 23.0 24.08 24.0 25.08 25.0 26.08 26.0 27.07 27.0 28.07 28.0 29.07 29.0 30.07 30.0 31.06 31.0 32.06 32.0 33.06 33.0 34.06 34.0 35.06 35.0 36.06 36.0 79.06 81.06 48.26 48.51 49.25 49.5 0.0 2.0 1.0 2.24 2.0 2.83 3.0 3.61 83.55 83.95 
46.87 47.3 47.85 48.27 48.84 49.24 23.35 23.09 24.33 24.08 25.32 25.08 26.31 26.08 27.29 27.07 28.28 28.07 29.27 29.07 30.27 30.07 31.26 31.06 32.25 32.06 33.24 33.06 34.23 34.06 35.23 35.06 36.22 36.06 79.16 81.15 48.09 48.26 49.09 49.25 2.0 0.0 2.24 1.0 2.83 2.0 3.61 3.0 83.19 83.55 
46.32 46.84 47.3 47.8 48.27 48.76 22.09 22.0 23.09 23.0 24.08 24.0 25.08 25.0 26.08 26.0 27.07 27.0 28.07 28.0 29.07 29.0 30.07 30.0 31.06 31.0 32.06 32.0 33.06 33.0 34.06 34.0 35.06 35.0 78.06 80.06 47.27 47.52 48.26 48.51 1.0 2.24 0.0 2.0 1.0 2.24 2.0 2.83 82.57 82.98 
45.89 46.32 46.87 47.3 47.85 48.27 22.36 22.09 23.35 23.09 24.33 24.08 25.32 25.08 26.31 26.08 27.29 27.07 28.28 28.07 29.27 29.07 30.27 30.07 31.26 31.06 32.25 32.06 33.24 33.06 34.23 34.06 35.23 35.06 78.16 80.16 47.1 47.27 48.09 48.26 2.24 1.0 2.0 0.0 2.24 1.0 2.83 2.0 82.2 82.57 
45.35 45.88 46.32 46.84 47.3 47.8 21.1 21.0 22.09 22.0 23.09 23.0 24.08 24.0 25.08 25.0 26.08 26.0 27.07 27.0 28.07 28.0 29.07 29.0 30.07 30.0 31.06 31.0 32.06 32.0 33.06 33.0 34.06 34.0 77.06 79.06 46.27 46.53 47.27 47.52 2.0 2.83 1.0 2.24 0.0 2.0 1.0 2.24 81.58 82.0 
44.91 45.35 45.89 46.32 46.87 47.3 21.38 21.1 22.36 22.09 23.35 23.09 24.33 24.08 25.32 25.08 26.31 26.08 27.29 27.07 28.28 28.07 29.27 29.07 30.27 30.07 31.26 31.06 32.25 32.06 33.24 33.06 34.23 34.06 77.16 79.16 46.1 46.27 47.1 47.27 2.83 2.0 2.24 1.0 2.0 0.0 2.24 1.0 81.22 81.58 
44.38 44.92 45.35 45.88 46.32 46.84 20.1 20.0 21.1 21.0 22.09 22.0 23.09 23.0 24.08 24.0 25.08 25.0 26.08 26.0 27.07 27.0 28.07 28.0 29.07 29.0 30.07 30.0 31.06 31.0 32.06 32.0 33.06 33.0 76.06 78.06 45.28 45.54 46.27 46.53 3.0 3.61 2.0 2.83 1.0 2.24 0.0 2.0 80.6 81.02 
43.93 44.38 44.91 45.35 45.89 46.32 20.4 20.1 21.38 21.1 22.36 22.09 23.35 23.09 24.33 24.08 25.32 25.08 26.31 26.08 27.29 27.07 28.28 28.07 29.27 29.07 30.27 30.07 31.26 31.06 32.25 32.06 33.24 33.06 76.16 78.16 45.1 45.28 46.1 46.27 3.61 3.0 2.83 2.0 2.24 1.0 2.0 0.0 80.23 80.6 
36.35 36.12 35.36 35.13 34.37 34.13 61.68 61.13 60.73 60.17 59.77 59.2 58.82 58.24 57.87 57.28 56.92 56.32 55.97 55.36 55.03 54.41 54.08 53.45 53.14 52.5 52.2 51.55 51.26 50.6 50.33 49.65 49.4 48.7 19.24 19.03 35.74 35.17 34.79 34.21 83.55 83.19 82.57 82.2 81.58 81.22 80.6 80.23 0.0 2.0 
36.67 36.35 35.69 35.36 34.71 34.37 62.3 61.68 61.35 60.73 60.41 59.77 59.46 58.82 58.52 57.87 57.58 56.92 56.65 55.97 55.71 55.03 54.78 54.08 53.85 53.14 52.92 52.2 52.0 51.26 51.08 50.33 50.16 49.4 21.21 21.02 36.4 35.74 35.47 34.79 83.95 83.55 82.98 82.57 82.0 81.58 81.02 80.6 2.0 0.0 
