100
0.0 2.0 20.59 21.63 79.03 80.6 47.01 45.01 41.0 41.48 46.04 44.41 43.83 45.62 63.35 65.31 62.94 61.52 57.97 58.52 39.66 40.8 49.5 47.52 40.5 38.83 28.44 28.86 66.19 67.98 43.93 43.57 56.3 57.01 68.88 67.62 63.25 64.82 45.18 46.14 46.0 48.0 38.01 38.01 36.24 38.01 67.74 66.73 36.69 36.14 44.41 44.72 39.0 37.16 66.64 68.45 32.65 33.62 46.69 48.17 76.28 77.94 54.23 53.49 70.71 71.69 21.19 19.31 29.15 29.02 55.44 56.73 36.67 36.35 18.38 17.72 32.28 32.89 7.21 6.32 41.76 42.38 36.25 35.47 38.12 38.01 48.83 50.0 29.15 30.23 71.55 73.35 43.74 44.15 70.72 69.35 21.84 23.77 38.91 39.82 
2.0 0.0 18.87 20.0 80.28 81.84 49.01 47.01 40.61 41.0 47.71 46.04 42.95 44.78 62.97 64.94 64.38 62.94 57.49 57.97 38.59 39.66 51.48 49.5 42.19 40.5 28.16 28.44 67.12 68.88 44.38 43.93 55.66 56.3 70.18 68.88 64.54 66.07 44.28 45.18 46.04 48.04 38.12 38.01 35.34 37.16 68.8 67.74 37.34 36.69 46.39 46.69 40.85 39.0 67.54 69.32 31.78 32.65 48.08 49.52 77.42 79.06 55.04 54.23 69.77 70.71 23.09 21.19 31.14 31.02 54.2 55.44 38.64 38.33 19.24 18.38 31.78 32.28 8.49 7.21 43.68 44.27 37.12 36.25 40.11 40.01 50.48 51.61 27.46 28.6 70.68 72.5 45.71 46.1 72.12 70.72 22.47 24.35 38.08 38.91 
20.59 18.87 0.0 2.0 84.81 86.05 65.92 63.95 31.32 30.81 58.24 56.32 29.07 31.06 52.24 54.23 71.59 69.84 46.1 46.01 23.35 23.77 67.07 65.07 53.37 51.42 22.2 21.1 68.59 70.04 42.64 41.4 43.01 43.1 75.45 73.82 69.89 71.03 30.15 30.41 40.25 42.05 33.84 32.76 22.02 24.02 71.51 70.04 38.29 36.8 62.13 62.03 54.23 52.24 68.62 70.09 19.24 19.03 55.46 56.36 80.81 82.13 55.87 54.49 54.41 55.03 38.12 36.12 48.76 48.27 37.12 38.08 56.61 56.04 25.96 24.04 22.85 22.14 27.2 25.61 58.03 58.14 40.22 38.6 57.49 57.07 60.73 61.35 8.6 9.9 55.79 57.72 61.03 61.0 78.55 76.85 26.4 27.29 25.02 25.02 
21.63 20.0 2.0 0.0 83.6 84.81 66.29 64.33 29.41 28.86 57.72 55.79 27.07 29.07 50.25 52.24 70.66 68.88 44.1 44.01 21.38 21.84 67.19 65.19 52.95 50.99 20.62 19.42 67.18 68.59 41.11 39.82 41.01 41.11 74.33 72.67 68.8 69.89 28.16 28.44 38.47 40.25 32.2 31.06 20.02 22.02 70.18 68.68 37.01 35.47 62.29 62.13 54.08 52.09 67.18 68.62 17.26 17.03 54.63 55.46 79.51 80.81 54.45 53.04 52.5 53.14 38.33 36.35 49.34 48.76 35.36 36.36 57.25 56.61 25.5 23.54 21.02 20.25 28.43 26.91 58.0 58.03 39.12 37.44 57.97 57.49 60.17 60.73 7.62 8.6 53.85 55.79 61.13 61.03 77.52 75.8 25.63 26.4 23.02 23.02 
79.03 80.28 84.81 83.6 0.0 2.0 63.03 63.13 62.03 63.91 37.64 38.28 72.73 72.12 62.0 62.03 18.44 18.97 64.28 66.27 76.69 78.55 55.0 55.04 42.72 43.46 63.81 65.51 19.24 19.03 44.28 46.1 68.59 70.58 10.3 11.4 15.81 14.21 73.38 75.29 51.55 50.96 53.67 55.46 72.5 71.69 14.56 16.49 46.62 48.26 56.22 54.23 48.76 49.34 20.1 20.0 72.01 73.79 32.76 31.06 6.08 6.71 30.46 32.31 83.0 85.0 62.18 63.13 68.01 66.1 86.12 88.07 70.21 68.25 61.55 62.94 65.76 67.54 81.54 82.66 50.8 48.84 44.69 46.23 65.92 63.95 35.17 33.24 87.66 86.61 81.02 81.1 54.33 52.35 11.0 11.18 59.41 58.05 71.31 73.16 
80.6 81.84 86.05 84.81 2.0 0.0 65.03 65.12 62.77 64.62 39.56 40.16 73.39 72.73 62.03 62.0 20.4 20.88 64.5 66.48 77.47 79.31 57.0 57.04 44.6 45.31 64.9 66.57 19.65 19.24 45.18 46.96 68.88 70.86 12.08 13.04 17.49 15.81 74.0 75.89 52.2 51.55 54.59 56.36 73.35 72.5 15.23 17.09 47.8 49.41 58.22 56.22 50.7 51.24 20.4 20.1 72.95 74.71 34.48 32.76 6.08 6.08 31.3 33.11 83.02 85.02 63.95 64.88 69.92 68.01 86.59 88.53 72.18 70.21 63.03 64.38 66.73 68.48 83.22 84.31 52.77 50.8 46.01 47.51 67.9 65.92 37.11 35.17 88.75 87.66 81.0 81.02 56.32 54.33 13.0 13.15 60.81 59.41 72.09 73.93 
47.01 49.01 65.92 66.29 63.03 65.03 0.0 2.0 69.4 71.03 28.46 29.15 78.03 79.08 87.0 88.46 45.04 45.18 84.22 85.7 76.92 78.72 8.25 8.0 26.42 27.46 59.54 61.29 62.36 64.29 58.14 59.46 85.28 86.83 54.08 54.23 50.49 52.47 79.4 81.12 66.47 67.9 60.31 61.85 72.01 72.95 60.21 60.64 50.91 52.35 7.62 9.49 19.42 20.62 63.6 65.52 68.88 70.68 38.08 39.92 64.12 66.12 57.25 58.18 102.62 104.2 28.16 30.08 18.11 18.0 93.06 94.83 12.53 11.7 43.86 45.69 64.5 66.24 43.29 45.28 14.76 16.55 46.69 48.08 9.22 9.0 29.83 31.78 73.76 74.22 102.3 103.59 9.85 11.7 52.04 52.0 46.53 47.51 73.43 75.18 
45.01 47.01 63.95 64.33 63.13 65.12 2.0 0.0 67.8 69.4 27.89 28.46 76.32 77.39 85.63 87.11 45.0 45.04 82.76 84.22 75.13 76.92 8.94 8.25 25.5 26.42 57.8 59.54 61.85 63.79 56.85 58.14 83.74 85.28 54.01 54.08 50.25 52.24 77.7 79.4 65.07 66.53 58.8 60.31 70.24 71.2 59.84 60.21 49.52 50.91 7.07 9.06 18.36 19.42 63.06 65.0 67.08 68.88 37.34 39.22 64.03 66.03 56.36 57.25 101.04 102.62 26.25 28.16 16.12 16.0 91.3 93.06 10.82 9.85 42.05 43.86 62.77 64.5 41.3 43.29 13.93 15.81 45.34 46.69 7.28 7.0 29.43 31.4 71.81 72.28 100.77 102.07 9.22 11.18 52.15 52.04 44.78 45.79 71.69 73.43 
41.0 40.61 31.32 29.41 62.03 62.77 69.4 67.8 0.0 2.0 49.04 47.13 11.05 11.05 22.36 24.33 54.15 52.15 17.09 17.89 14.76 16.55 66.73 65.0 46.62 44.78 12.65 12.17 43.38 44.29 18.25 16.28 16.4 17.69 54.57 52.63 49.82 50.22 12.0 14.0 10.82 12.04 10.2 8.25 11.31 10.0 47.54 45.69 20.62 18.68 62.97 61.91 51.48 49.74 42.94 43.91 12.53 13.6 41.44 41.19 56.86 57.7 31.62 29.73 33.3 34.83 43.93 42.64 57.38 55.9 26.17 28.16 65.07 63.64 28.02 26.93 9.0 9.22 47.8 47.3 56.44 55.47 25.0 23.09 63.7 62.37 50.45 50.01 29.68 28.02 33.24 34.71 61.06 60.03 59.03 57.07 24.21 22.67 9.43 11.18 
41.48 41.0 30.81 28.86 63.91 64.62 71.03 69.4 2.0 0.0 50.96 49.04 9.06 9.06 22.09 24.08 56.14 54.15 16.49 17.09 13.04 14.76 68.48 66.73 48.47 46.62 13.42 12.65 45.19 46.07 20.22 18.25 15.26 16.4 56.52 54.57 51.79 52.17 10.0 12.0 12.53 13.6 12.17 10.2 10.0 8.49 49.4 47.54 22.56 20.62 64.66 63.63 53.24 51.48 44.72 45.65 11.7 12.53 43.42 43.19 58.69 59.51 33.53 31.62 31.83 33.3 45.28 43.93 58.73 57.28 24.19 26.17 66.47 65.07 29.21 28.02 9.22 9.0 48.38 47.8 58.18 57.25 26.93 25.0 65.19 63.89 52.39 51.97 28.65 26.93 31.89 33.42 62.77 61.77 61.0 59.03 25.5 24.04 7.81 9.43 
46.04 47.71 58.24 57.72 37.64 39.56 28.46 27.89 49.04 50.96 0.0 2.0 59.44 59.91 62.43 63.6 19.31 18.68 60.9 62.65 60.41 62.39 21.95 21.02 5.66 7.21 43.05 45.04 33.96 35.9 33.62 35.36 63.07 64.88 27.66 27.29 23.09 25.08 60.64 62.59 42.94 43.91 38.9 40.8 55.33 55.58 32.14 32.39 28.46 30.36 20.88 18.97 11.18 11.7 35.17 37.11 53.08 55.08 10.0 11.66 37.34 39.32 29.41 30.61 80.5 82.29 26.17 27.59 30.36 28.46 74.95 76.9 33.06 31.06 32.28 34.21 47.27 49.25 46.69 48.17 14.14 12.17 24.04 25.96 29.0 27.0 2.83 4.47 63.95 63.64 79.65 80.62 18.68 16.76 27.31 26.57 32.39 32.14 55.73 57.71 
44.41 46.04 56.32 55.79 38.28 40.16 29.15 28.46 47.13 49.04 2.0 0.0 57.49 57.97 60.8 62.01 20.12 19.31 59.17 60.9 58.42 60.41 23.02 21.95 4.47 5.66 41.05 43.05 33.54 35.51 31.91 33.62 61.27 63.07 28.16 27.66 23.35 25.32 58.69 60.64 41.18 42.19 37.0 38.9 53.34 53.6 32.02 32.14 26.57 28.46 21.54 19.7 11.0 11.18 34.71 36.67 51.09 53.08 8.94 10.77 37.66 39.62 28.3 29.41 78.71 80.5 24.84 26.17 29.83 27.89 73.01 74.95 33.0 31.0 30.36 32.28 45.28 47.27 45.25 46.69 14.56 12.65 22.14 24.04 29.07 27.07 4.47 5.66 61.98 61.66 77.9 78.89 19.31 17.46 28.18 27.31 30.41 30.15 53.76 55.73 
43.83 42.95 29.07 27.07 72.73 73.39 78.03 76.32 11.05 9.06 59.44 57.49 0.0 2.0 24.04 25.96 65.19 63.2 17.72 17.26 6.32 7.21 76.06 74.25 56.61 54.71 18.6 17.03 53.85 54.63 29.27 27.29 14.04 14.04 65.51 63.56 60.83 61.19 1.41 3.16 21.19 21.93 21.02 19.03 7.62 5.83 58.19 56.3 31.26 29.27 72.01 71.11 60.93 59.09 53.31 54.13 11.18 10.44 52.24 52.09 67.42 68.15 42.45 40.52 26.93 28.02 51.22 49.68 64.54 63.25 15.52 17.46 72.47 71.22 34.83 33.3 13.6 12.04 51.0 50.09 65.8 65.0 35.51 33.54 71.61 70.46 61.0 60.67 24.52 22.56 27.73 29.55 70.21 69.35 70.04 68.07 31.62 30.53 5.0 4.12 
45.62 44.78 31.06 29.07 72.12 72.73 79.08 77.39 11.05 9.06 59.91 57.97 2.0 0.0 22.14 24.04 65.07 63.07 15.81 15.3 8.25 8.94 76.92 75.13 57.25 55.36 19.85 18.38 53.14 53.85 29.07 27.07 12.04 12.04 65.12 63.15 60.53 60.83 1.41 3.16 20.62 21.19 21.21 19.24 9.49 7.62 57.57 55.66 31.58 29.61 72.95 72.01 61.74 59.93 52.55 53.31 13.0 12.37 52.47 52.24 66.73 67.42 41.98 40.02 25.24 26.4 52.5 50.99 65.86 64.54 15.13 17.12 73.76 72.47 36.12 34.66 14.87 13.45 52.77 51.89 66.64 65.8 35.9 33.96 72.8 71.61 61.39 61.0 26.48 24.52 25.94 27.73 71.12 70.21 69.72 67.74 32.8 31.62 6.71 6.08 
63.35 62.97 52.24 50.25 62.0 62.03 87.0 85.63 22.36 22.09 62.43 60.8 24.04 22.14 0.0 2.0 60.73 58.82 6.32 7.21 30.36 31.02 82.88 81.39 61.72 60.21 34.93 34.53 43.1 43.01 29.07 27.59 10.82 12.04 57.71 55.73 54.57 54.13 23.41 24.17 20.62 19.1 27.78 26.83 30.27 28.28 48.17 46.17 36.12 34.83 79.91 78.52 67.9 66.47 42.05 42.0 33.06 33.24 53.0 51.97 56.01 56.08 36.06 34.18 21.0 23.0 64.14 63.13 77.39 75.72 29.07 30.61 84.63 83.01 49.24 48.47 31.26 31.06 70.09 69.63 72.86 71.51 40.31 38.95 82.62 81.06 62.97 61.91 48.51 46.57 19.1 19.42 77.79 76.42 62.97 61.0 45.19 43.38 27.29 27.66 
65.31 64.94 54.23 52.24 62.03 62.0 88.46 87.11 24.33 24.08 63.6 62.01 25.96 24.04 2.0 0.0 61.35 59.46 8.25 8.94 32.28 32.89 84.22 82.76 63.03 61.55 36.88 36.5 43.29 43.1 30.41 29.0 12.53 13.6 58.05 56.09 55.08 54.57 25.3 26.0 22.2 20.62 29.53 28.64 32.25 30.27 48.37 46.39 37.64 36.4 81.32 79.91 69.3 67.9 42.19 42.05 35.06 35.23 54.08 53.0 56.01 56.01 36.77 34.93 21.1 23.09 65.86 64.88 79.08 77.39 30.41 31.89 86.27 84.63 51.08 50.33 33.24 33.06 72.03 71.59 74.25 72.86 41.77 40.46 84.2 82.62 64.07 62.97 50.45 48.51 19.0 19.1 79.2 77.79 63.35 61.39 47.01 45.19 29.27 29.61 
62.94 64.38 71.59 70.66 18.44 20.4 45.04 45.0 54.15 56.14 19.31 20.12 65.19 65.07 60.73 61.35 0.0 2.0 61.19 63.15 67.9 69.87 37.22 37.05 24.6 25.55 52.5 54.41 21.21 22.67 36.01 38.01 64.63 66.61 9.06 9.49 7.07 8.6 66.12 68.12 45.04 45.18 44.41 46.39 63.15 62.8 17.2 18.44 35.17 37.11 38.01 36.01 30.36 31.02 22.63 24.08 61.85 63.79 16.4 15.26 19.1 21.1 24.74 26.68 81.02 82.98 44.65 45.8 49.65 47.76 80.01 82.01 51.79 49.82 46.62 48.26 55.54 57.49 64.66 65.95 32.39 30.41 31.95 33.84 47.52 45.54 16.76 14.87 75.77 75.03 79.56 80.08 36.06 34.06 8.06 7.28 45.28 44.29 62.65 64.63 
61.52 62.94 69.84 68.88 18.97 20.88 45.18 45.04 52.15 54.15 18.68 19.31 63.2 63.07 58.82 59.46 2.0 0.0 59.23 61.19 65.92 67.9 37.48 37.22 23.77 24.6 50.6 52.5 19.85 21.4 34.01 36.01 62.65 64.63 9.06 9.06 5.83 7.62 64.12 66.12 43.05 43.19 42.43 44.41 61.19 60.83 16.12 17.2 33.24 35.17 38.01 36.01 29.83 30.36 21.26 22.8 59.91 61.85 14.87 13.6 19.0 21.0 22.8 24.74 79.08 81.02 43.57 44.65 49.04 47.13 78.01 80.01 51.48 49.5 45.0 46.62 53.6 55.54 63.41 64.66 32.14 30.15 30.08 31.95 47.27 45.28 16.28 14.32 73.93 73.16 77.62 78.16 36.0 34.0 9.22 8.06 43.57 42.54 60.67 62.65 
57.97 57.49 46.1 44.1 64.28 64.5 84.22 82.76 17.09 16.49 60.9 59.17 17.72 15.81 6.32 8.25 61.19 59.23 0.0 2.0 24.04 24.7 80.6 79.03 59.64 58.01 29.73 29.12 45.1 45.28 27.29 25.55 5.0 6.71 59.08 57.08 55.44 55.23 17.09 17.89 18.03 17.0 24.08 22.8 24.08 22.09 50.04 48.04 33.42 31.89 77.34 76.06 65.44 63.89 44.18 44.41 27.0 27.07 51.89 51.08 58.42 58.69 36.5 34.53 19.92 21.84 60.22 59.08 73.6 72.01 23.85 25.55 81.06 79.51 44.78 43.83 25.71 25.32 64.85 64.29 70.43 69.2 37.8 36.24 79.31 77.83 61.72 60.84 42.2 40.26 18.79 19.72 75.29 74.03 64.2 62.2 40.82 39.12 21.1 21.38 
58.52 57.97 46.01 44.01 66.27 66.48 85.7 84.22 17.89 17.09 62.65 60.9 17.26 15.3 7.21 8.94 63.15 61.19 2.0 0.0 23.54 24.04 82.2 80.6 61.29 59.64 30.46 29.73 47.1 47.27 29.07 27.29 3.61 5.0 61.07 59.08 57.43 57.22 16.49 17.09 19.72 18.79 25.46 24.08 24.0 22.0 52.04 50.04 35.0 33.42 78.87 77.62 67.01 65.44 46.17 46.39 27.07 27.0 53.71 52.92 60.41 60.67 38.47 36.5 18.03 19.92 61.4 60.22 74.81 73.25 22.2 23.85 82.33 80.81 45.79 44.78 26.25 25.71 65.46 64.85 72.01 70.8 39.41 37.8 80.66 79.21 63.51 62.65 41.77 39.81 17.0 18.03 76.84 75.6 66.19 64.2 41.88 40.22 21.0 21.1 
39.66 38.59 23.35 21.38 76.69 77.47 76.92 75.13 14.76 13.04 60.41 58.42 6.32 8.25 30.36 32.28 67.9 65.92 24.04 23.54 0.0 2.0 75.61 73.74 57.07 55.11 17.72 15.81 58.14 59.06 32.57 30.68 20.22 20.02 68.96 67.05 64.03 64.56 7.07 7.07 25.55 26.63 23.54 21.59 5.1 5.1 62.24 60.42 33.06 31.06 71.31 70.58 60.73 58.82 57.71 58.67 8.06 6.4 54.01 54.08 71.59 72.45 46.24 44.38 31.38 32.2 49.4 47.71 62.43 61.29 16.4 18.03 70.46 69.34 33.12 31.38 13.15 11.18 46.87 45.79 65.46 64.85 37.0 35.0 69.97 68.96 62.2 62.07 18.25 16.28 32.57 34.48 69.64 68.95 73.25 71.31 30.46 29.73 5.39 3.61 
40.8 39.66 23.77 21.84 78.55 79.31 78.72 76.92 16.55 14.76 62.39 60.41 7.21 8.94 31.02 32.89 69.87 67.9 24.7 24.04 2.0 0.0 77.49 75.61 59.03 57.07 19.65 17.72 59.93 60.83 34.48 32.57 20.62 20.22 70.88 68.96 65.97 66.48 7.62 7.07 27.29 28.3 25.5 23.54 7.07 7.07 64.08 62.24 35.06 33.06 73.16 72.45 62.64 60.73 59.48 60.42 9.85 8.06 56.01 56.08 73.41 74.25 48.1 46.24 30.68 31.38 51.11 49.4 64.07 62.97 14.87 16.4 72.11 71.02 34.89 33.12 15.13 13.15 48.01 46.87 67.36 66.76 39.0 37.0 71.69 70.71 64.2 64.07 18.03 16.03 32.02 33.96 71.51 70.84 75.19 73.25 32.31 31.62 7.28 5.39 
49.5 51.48 67.07 67.19 55.0 57.0 8.25 8.94 66.73 68.48 21.95 23.02 76.06 76.92 82.88 84.22 37.22 37.48 80.6 82.2 75.61 77.49 0.0 2.0 21.21 22.67 57.94 59.81 55.36 57.25 53.81 55.32 82.1 83.76 46.27 46.53 42.95 44.91 77.39 79.2 62.63 63.89 57.14 58.83 70.58 71.31 52.89 53.45 47.2 48.83 5.1 5.1 15.26 17.0 56.65 58.52 67.68 69.57 31.91 33.62 56.32 58.31 51.31 52.43 99.57 101.24 29.0 31.0 22.36 21.54 91.39 93.23 19.1 17.69 43.17 45.12 62.77 64.62 46.84 48.76 10.3 11.4 42.8 44.41 14.87 13.6 22.85 24.7 74.43 74.67 99.05 100.21 6.08 6.71 44.0 44.05 45.22 45.88 71.69 73.54 
47.52 49.5 65.07 65.19 55.04 57.04 8.0 8.25 65.0 66.73 21.02 21.95 74.25 75.13 81.39 82.76 37.05 37.22 79.03 80.6 73.74 75.61 2.0 0.0 19.85 21.21 56.08 57.94 54.71 56.61 52.35 53.81 80.45 82.1 46.1 46.27 42.58 44.55 75.58 77.39 61.07 62.37 55.47 57.14 68.71 69.46 52.39 52.89 45.61 47.2 3.16 3.16 13.6 15.26 55.97 57.87 65.79 67.68 30.89 32.65 56.14 58.14 50.25 51.31 97.91 99.57 27.0 29.0 20.59 19.7 89.55 91.39 17.8 16.28 41.23 43.17 60.93 62.77 44.92 46.84 8.6 9.9 41.23 42.8 13.45 12.04 22.14 24.04 72.44 72.69 97.42 98.6 4.12 5.0 44.05 44.0 43.32 44.01 69.86 71.69 
40.5 42.19 53.37 52.95 42.72 44.6 26.42 25.5 46.62 48.47 5.66 4.47 56.61 57.25 61.72 63.03 24.6 23.77 59.64 61.29 57.07 59.03 21.21 19.85 0.0 2.0 39.46 41.44 37.22 39.2 32.65 34.21 61.4 63.13 32.57 32.02 27.66 29.61 57.87 59.77 41.62 42.8 36.67 38.48 51.97 52.39 36.01 36.01 26.42 28.18 18.87 17.2 7.28 7.0 38.33 40.31 49.5 51.48 12.17 14.14 41.98 43.93 30.87 31.76 78.89 80.62 20.52 21.93 25.5 23.54 72.12 74.04 29.07 27.07 27.46 29.43 43.93 45.89 41.04 42.52 11.66 10.0 21.95 23.71 25.32 23.35 8.49 10.0 59.41 59.21 78.23 79.32 16.64 15.0 32.65 31.78 28.02 28.02 52.63 54.57 
38.83 40.5 51.42 50.99 43.46 45.31 27.46 26.42 44.78 46.62 7.21 5.66 54.71 55.36 60.21 61.55 25.55 24.6 58.01 59.64 55.11 57.07 22.67 21.21 2.0 0.0 37.48 39.46 37.05 39.05 31.14 32.65 59.68 61.4 33.24 32.57 28.16 30.08 55.97 57.87 40.0 41.23 34.89 36.67 50.01 50.45 36.12 36.01 24.7 26.42 20.0 18.44 8.06 7.28 38.12 40.11 47.52 49.5 12.0 14.0 42.45 44.38 30.08 30.87 77.18 78.89 19.21 20.52 25.18 23.19 70.21 72.12 29.27 27.29 25.5 27.46 41.98 43.93 39.6 41.04 12.81 11.31 20.25 21.95 25.71 23.77 10.0 11.31 57.43 57.22 76.55 77.67 17.8 16.28 33.62 32.65 26.02 26.02 50.7 52.63 
28.44 28.16 22.2 20.62 63.81 64.9 59.54 57.8 12.65 13.42 43.05 41.05 18.6 19.85 34.93 36.88 52.5 50.6 29.73 30.46 17.72 19.65 57.94 56.08 39.46 37.48 0.0 2.0 46.75 48.1 20.52 19.21 28.65 29.68 55.01 53.24 49.66 50.54 20.0 21.63 18.68 20.62 11.66 10.77 12.65 13.42 50.0 48.41 17.46 15.65 53.71 52.92 43.01 41.11 46.69 48.08 10.05 12.04 37.48 37.85 59.41 60.61 34.06 32.56 44.69 46.01 32.65 31.14 46.01 44.69 33.54 35.34 53.91 52.63 16.28 14.87 5.0 6.71 35.17 34.71 47.76 47.13 20.62 18.68 53.01 51.87 45.0 45.04 23.85 22.83 45.0 46.62 52.0 51.26 58.69 56.86 13.04 12.08 13.89 15.65 
28.86 28.44 21.1 19.42 65.51 66.57 61.29 59.54 12.17 12.65 45.04 43.05 17.03 18.38 34.53 36.5 54.41 52.5 29.12 29.73 15.81 17.72 59.81 57.94 41.44 39.46 2.0 0.0 48.27 49.58 21.93 20.52 27.73 28.65 56.8 55.01 51.48 52.33 18.44 20.0 19.31 21.19 12.81 11.66 10.77 11.66 51.61 50.0 19.31 17.46 55.54 54.78 44.92 43.01 48.17 49.52 8.06 10.05 39.46 39.81 61.03 62.2 35.61 34.06 43.42 44.69 34.21 32.65 47.51 46.23 31.76 33.54 55.44 54.2 17.8 16.28 3.61 5.0 35.74 35.17 49.65 49.04 22.56 20.62 54.64 53.54 47.0 47.04 22.2 21.1 43.83 45.49 53.85 53.14 60.54 58.69 14.76 13.93 12.21 13.89 
66.19 67.12 68.59 67.18 19.24 19.65 62.36 61.85 43.38 45.19 33.96 33.54 53.85 53.14 43.1 43.29 21.21 19.85 45.1 47.1 58.14 59.93 55.36 54.71 37.22 37.05 46.75 48.27 0.0 2.0 26.4 28.02 49.37 51.35 15.23 13.42 14.14 12.81 54.42 56.3 32.7 31.95 35.81 37.44 54.2 53.24 5.1 3.16 30.61 31.89 54.82 52.89 44.41 44.18 1.41 3.16 54.08 55.76 25.08 23.09 13.6 14.32 12.73 14.21 64.07 66.07 52.95 53.37 62.01 60.01 66.94 68.88 66.27 64.28 47.89 48.88 48.01 49.65 70.01 70.77 48.05 46.1 30.02 31.06 62.51 60.53 32.57 30.68 70.43 69.2 62.2 62.39 52.63 50.7 20.62 18.79 44.94 43.27 52.77 54.56 
67.98 68.88 70.04 68.59 19.03 19.24 64.29 63.79 44.29 46.07 35.9 35.51 54.63 53.85 43.01 43.1 22.67 21.4 45.28 47.27 59.06 60.83 57.25 56.61 39.2 39.05 48.1 49.58 2.0 0.0 27.66 29.21 49.65 51.62 16.12 14.42 15.62 14.14 55.15 57.01 33.54 32.7 37.01 38.6 55.23 54.2 5.83 4.24 32.2 33.42 56.75 54.82 46.39 46.17 1.41 1.41 55.22 56.86 27.07 25.08 13.15 13.6 14.21 15.56 64.01 66.01 54.92 55.32 64.01 62.01 67.45 69.38 68.26 66.27 49.65 50.61 49.2 50.8 71.87 72.62 50.01 48.05 31.76 32.76 64.5 62.51 34.48 32.57 71.7 70.43 62.07 62.2 54.57 52.63 21.47 19.72 46.65 44.94 53.71 55.47 
43.93 44.38 42.64 41.11 44.28 45.18 58.14 56.85 18.25 20.22 33.62 31.91 29.27 29.07 29.07 30.41 36.01 34.01 27.29 29.07 32.57 34.48 53.81 52.35 32.65 31.14 20.52 21.93 26.4 27.66 0.0 2.0 29.73 31.62 36.4 34.48 31.58 32.02 30.15 32.14 9.49 10.3 9.43 11.18 28.23 27.51 30.02 28.3 8.25 8.0 50.93 49.5 38.9 37.54 26.25 27.59 27.78 29.53 24.7 24.04 39.45 40.5 13.89 12.21 47.01 48.85 37.64 37.11 50.16 48.33 44.0 46.0 56.82 55.07 26.08 26.31 21.63 23.32 49.25 49.5 43.84 42.45 11.66 10.77 54.38 52.7 34.44 33.62 44.05 42.8 46.07 47.01 48.8 47.38 40.79 38.83 22.2 20.22 27.2 29.12 
43.57 43.93 41.4 39.82 46.1 46.96 59.46 58.14 16.28 18.25 35.36 33.62 27.29 27.07 27.59 29.0 38.01 36.01 25.55 27.29 30.68 32.57 55.32 53.81 34.21 32.65 19.21 20.52 28.02 29.21 2.0 0.0 27.86 29.73 38.33 36.4 33.54 33.96 28.16 30.15 7.62 8.6 7.81 9.43 26.4 25.63 31.76 30.02 8.94 8.25 52.33 50.93 40.31 38.9 27.8 29.07 26.08 27.78 26.57 25.96 41.18 42.19 15.65 13.89 45.19 47.01 38.28 37.64 50.99 49.19 42.0 44.0 57.8 56.08 26.0 26.08 20.0 21.63 49.09 49.25 45.28 43.93 12.81 11.66 55.47 53.82 36.25 35.47 42.52 41.23 44.29 45.28 50.21 48.84 42.76 40.79 22.02 20.02 25.3 27.2 
56.3 55.66 43.01 41.01 68.59 68.88 85.28 83.74 16.4 15.26 63.07 61.27 14.04 12.04 10.82 12.53 64.63 62.65 5.0 3.61 20.22 20.62 82.1 80.45 61.4 59.68 28.65 27.73 49.37 49.65 29.73 27.86 0.0 2.0 63.0 61.0 59.14 59.03 13.15 13.6 20.25 19.65 25.0 23.43 21.1 19.1 54.23 52.24 34.99 33.29 78.6 77.42 66.85 65.22 48.51 48.84 24.33 24.08 54.42 53.76 62.8 63.15 40.11 38.12 17.49 19.24 60.31 59.03 73.76 72.25 18.87 20.59 81.39 79.93 44.41 43.27 24.17 23.41 63.32 62.63 71.85 70.72 39.45 37.74 79.91 78.52 64.08 63.32 38.47 36.5 17.03 18.38 76.61 75.45 68.03 66.03 40.61 39.05 18.11 18.0 
57.01 56.3 43.1 41.11 70.58 70.86 86.83 85.28 17.69 16.4 64.88 63.07 14.04 12.04 12.04 13.6 66.61 64.63 6.71 5.0 20.02 20.22 83.76 82.1 63.13 61.4 29.68 28.65 51.35 51.62 31.62 29.73 2.0 0.0 65.0 63.0 61.13 61.03 13.0 13.15 22.14 21.59 26.63 25.0 21.38 19.42 56.22 54.23 36.72 34.99 80.21 79.06 68.51 66.85 50.49 50.8 24.74 24.33 56.3 55.66 64.78 65.12 42.11 40.11 15.81 17.49 61.62 60.31 75.07 73.59 17.2 18.87 82.76 81.32 45.61 44.41 25.06 24.17 64.08 63.32 73.5 72.4 41.18 39.45 81.34 79.98 65.92 65.19 38.21 36.22 15.56 17.03 78.24 77.1 70.03 68.03 41.87 40.36 18.44 18.11 
68.88 70.18 75.45 74.33 10.3 12.08 54.08 54.01 54.57 56.52 27.66 28.16 65.51 65.12 57.71 58.05 9.06 9.06 59.08 61.07 68.96 70.88 46.27 46.1 32.57 33.24 55.01 56.8 15.23 16.12 36.4 38.33 63.0 65.0 0.0 2.0 5.66 4.47 66.29 68.25 44.55 44.28 45.54 47.43 64.51 63.89 10.3 12.08 37.59 39.36 47.0 45.0 38.83 39.29 16.55 17.49 63.69 65.55 22.47 20.81 10.05 12.04 23.19 25.18 78.52 80.5 51.88 52.84 57.97 56.04 79.63 81.61 60.53 58.55 51.62 53.08 57.38 59.24 71.28 72.42 41.19 39.2 35.23 36.89 56.32 54.33 25.32 23.35 78.77 77.83 76.79 77.1 45.01 43.01 5.39 3.61 49.68 48.41 63.6 65.52 
67.62 68.88 73.82 72.67 11.4 13.04 54.23 54.08 52.63 54.57 27.29 27.66 63.56 63.15 55.73 56.09 9.49 9.06 57.08 59.08 67.05 68.96 46.53 46.27 32.02 32.57 53.24 55.01 13.42 14.42 34.48 36.4 61.0 63.0 2.0 0.0 4.47 2.83 64.33 66.29 42.58 42.3 43.66 45.54 62.63 61.98 8.6 10.3 35.85 37.59 47.04 45.04 38.47 38.83 14.76 15.81 61.85 63.69 21.47 19.72 10.05 12.04 21.21 23.19 76.53 78.52 50.99 51.88 57.49 55.54 77.65 79.63 60.3 58.31 50.21 51.62 55.54 57.38 70.18 71.28 41.05 39.05 33.6 35.23 56.14 54.15 25.08 23.09 77.03 76.06 74.81 75.13 45.01 43.01 7.28 5.39 48.17 46.86 61.68 63.6 
63.25 64.54 69.89 68.8 15.81 17.49 50.49 50.25 49.82 51.79 23.09 23.35 60.83 60.53 54.57 55.08 7.07 5.83 55.44 57.43 64.03 65.97 42.95 42.58 27.66 28.16 49.66 51.48 14.14 15.62 31.58 33.54 59.14 61.13 5.66 4.47 0.0 2.0 61.66 63.64 40.11 40.01 40.52 42.45 59.48 58.94 10.3 11.4 32.2 34.01 43.19 41.19 34.23 34.53 15.56 17.03 58.52 60.41 17.0 15.26 14.32 16.28 19.03 21.02 75.13 77.1 46.52 47.41 53.15 51.2 75.24 77.23 56.14 54.15 45.97 47.42 52.2 54.08 65.73 66.85 37.0 35.0 29.68 31.38 52.04 50.04 21.0 19.0 73.36 72.45 73.55 73.98 41.11 39.12 9.22 7.28 44.05 42.8 58.69 60.64 
64.82 66.07 71.03 69.89 14.21 15.81 52.47 52.24 50.22 52.17 25.08 25.32 61.19 60.83 54.13 54.57 8.6 7.62 55.23 57.22 64.56 66.48 44.91 44.55 29.61 30.08 50.54 52.33 12.81 14.14 32.02 33.96 59.03 61.03 4.47 2.83 2.0 0.0 61.98 63.95 40.31 40.11 41.11 43.01 60.08 59.48 8.6 9.9 33.12 34.89 45.18 43.19 36.22 36.5 14.21 15.56 59.24 61.1 18.79 17.0 12.37 14.32 19.03 21.02 74.81 76.79 48.33 49.19 55.11 53.15 75.43 77.41 58.14 56.14 47.38 48.8 52.92 54.78 67.42 68.51 39.0 37.0 30.81 32.45 54.04 52.04 23.0 21.0 74.3 73.36 73.16 73.55 43.1 41.11 9.0 7.0 45.34 44.05 59.2 61.13 
45.18 44.28 30.15 28.16 73.38 74.0 79.4 77.7 12.0 10.0 60.64 58.69 1.41 1.41 23.41 25.3 66.12 64.12 17.09 16.49 7.07 7.62 77.39 75.58 57.87 55.97 20.0 18.44 54.42 55.15 30.15 28.16 13.15 13.0 66.29 64.33 61.66 61.98 0.0 2.0 21.84 22.47 22.09 20.1 8.94 7.21 58.82 56.92 32.39 30.41 73.36 72.45 62.24 60.42 53.85 54.63 12.53 11.7 53.34 53.15 68.01 68.71 43.17 41.23 25.55 26.63 52.63 51.09 65.95 64.66 14.32 16.28 73.88 72.62 36.24 34.71 15.0 13.45 52.35 51.43 67.12 66.31 36.67 34.71 73.01 71.85 62.17 61.81 25.32 23.35 26.4 28.23 71.55 70.68 70.86 68.88 33.02 31.91 6.4 5.39 
46.14 45.18 30.41 28.44 75.29 75.89 81.12 79.4 14.0 12.0 62.59 60.64 3.16 3.16 24.17 26.0 68.12 66.12 17.89 17.09 7.07 7.07 79.2 77.39 59.77 57.87 21.63 20.0 56.3 57.01 32.14 30.15 13.6 13.15 68.25 66.29 63.64 63.95 2.0 0.0 23.77 24.35 24.08 22.09 10.0 8.49 60.73 58.82 34.37 32.39 75.13 74.25 64.08 62.24 55.71 56.46 13.6 12.53 55.33 55.15 69.89 70.58 45.12 43.17 24.6 25.55 54.2 52.63 67.48 66.22 12.37 14.32 75.43 74.2 37.8 36.24 16.64 15.0 53.34 52.35 68.94 68.15 38.64 36.67 74.63 73.5 64.13 63.79 25.08 23.09 25.63 27.51 73.35 72.5 72.84 70.86 34.67 33.62 7.81 6.4 
46.0 46.04 40.25 38.47 51.55 52.2 66.47 65.07 10.82 12.53 42.94 41.18 21.19 20.62 20.62 22.2 45.04 43.05 18.03 19.72 25.55 27.29 62.63 61.07 41.62 40.0 18.68 19.31 32.7 33.54 9.49 7.62 20.25 22.14 44.55 42.58 40.11 40.31 21.84 23.77 0.0 2.0 8.06 8.06 22.02 20.81 37.0 35.11 15.56 14.21 59.46 58.14 47.51 46.01 32.2 33.12 22.67 24.04 34.18 33.53 46.24 47.01 21.38 19.42 37.58 39.4 43.83 42.95 56.94 55.23 35.13 37.12 64.07 62.43 29.83 29.43 17.49 18.6 52.15 52.04 52.5 51.22 19.85 18.38 62.01 60.44 43.86 43.08 39.82 38.29 36.72 37.74 57.38 56.08 49.25 47.27 25.71 23.77 20.25 21.95 
48.0 48.04 42.05 40.25 50.96 51.55 67.9 66.53 12.04 13.6 43.91 42.19 21.93 21.19 19.1 20.62 45.18 43.19 17.0 18.79 26.63 28.3 63.89 62.37 42.8 41.23 20.62 21.19 31.95 32.7 10.3 8.6 19.65 21.59 44.28 42.3 40.01 40.11 22.47 24.35 2.0 0.0 10.05 10.05 23.35 22.02 36.4 34.48 17.03 15.81 60.83 59.46 48.84 47.38 31.38 32.2 24.21 25.5 34.93 34.18 45.54 46.24 21.1 19.1 36.77 38.63 45.62 44.78 58.67 56.94 35.36 37.34 65.73 64.07 31.78 31.4 19.24 20.25 54.15 54.04 53.81 52.5 21.21 19.85 63.6 62.01 44.72 43.86 41.4 39.82 35.78 36.72 58.73 57.38 49.09 47.1 27.66 25.71 21.4 23.02 
38.01 38.12 33.84 32.2 53.67 54.59 60.31 58.8 10.2 12.17 38.9 37.0 21.02 21.21 27.78 29.53 44.41 42.43 24.08 25.46 23.54 25.5 57.14 55.47 36.67 34.89 11.66 12.81 35.81 37.01 9.43 7.81 25.0 26.63 45.54 43.66 40.52 41.11 22.09 24.08 8.06 10.05 0.0 2.0 18.97 18.44 39.45 37.74 10.44 8.54 53.6 52.43 41.88 40.22 35.61 36.88 18.36 20.12 31.26 31.06 48.88 49.93 23.32 21.63 42.44 44.1 36.36 35.36 49.65 48.01 36.35 38.33 57.01 55.44 21.84 21.38 12.21 13.89 44.1 44.01 46.87 45.79 14.87 13.0 55.23 53.76 40.26 39.81 34.71 33.42 42.01 43.28 51.61 50.48 49.73 47.8 17.72 15.81 18.25 20.22 
38.01 38.01 32.76 31.06 55.46 56.36 61.85 60.31 8.25 10.2 40.8 38.9 19.03 19.24 26.83 28.64 46.39 44.41 22.8 24.08 21.59 23.54 58.83 57.14 38.48 36.67 10.77 11.66 37.44 38.6 11.18 9.43 23.43 25.0 47.43 45.54 42.45 43.01 20.1 22.09 8.06 10.05 2.0 0.0 17.09 16.49 41.18 39.45 12.37 10.44 55.22 54.08 43.57 41.88 37.2 38.42 16.64 18.36 33.24 33.06 50.61 51.62 25.06 23.32 40.8 42.44 37.44 36.36 50.8 49.2 34.37 36.35 58.26 56.73 22.47 21.84 10.63 12.21 44.28 44.1 48.55 47.51 16.76 14.87 56.59 55.15 42.2 41.77 33.24 31.89 40.46 41.77 53.25 52.15 51.66 49.73 18.38 16.55 16.28 18.25 
36.24 35.34 22.02 20.02 72.5 73.35 72.01 70.24 11.31 10.0 55.33 53.34 7.62 9.49 30.27 32.25 63.15 61.19 24.08 24.0 5.1 7.07 70.58 68.71 51.97 50.01 12.65 10.77 54.2 55.23 28.23 26.4 21.1 21.38 64.51 62.63 59.48 60.08 8.94 10.0 22.02 23.35 18.97 17.09 0.0 2.0 58.14 56.36 28.16 26.17 66.31 65.55 55.66 53.76 53.85 54.92 3.61 3.0 49.04 49.16 67.54 68.48 42.05 40.25 34.48 35.51 44.65 43.01 57.8 56.61 21.1 22.83 65.8 64.64 28.3 26.63 8.06 6.08 43.42 42.49 60.41 59.77 32.02 30.02 65.19 64.14 57.14 57.04 18.79 17.0 35.34 37.16 64.62 63.91 68.68 66.76 25.5 24.7 3.0 3.61 
38.01 37.16 24.02 22.02 71.69 72.5 72.95 71.2 10.0 8.49 55.58 53.6 5.83 7.62 28.28 30.27 62.8 60.83 22.09 22.0 5.1 7.07 71.31 69.46 52.39 50.45 13.42 11.66 53.24 54.2 27.51 25.63 19.1 19.42 63.89 61.98 58.94 59.48 7.21 8.49 20.81 22.02 18.44 16.49 2.0 0.0 57.27 55.46 28.02 26.02 67.12 66.31 56.3 54.42 52.84 53.85 5.39 5.0 49.0 49.04 66.64 67.54 41.23 39.4 32.76 33.84 45.8 44.2 59.03 57.8 20.12 21.93 67.01 65.8 29.41 27.8 8.54 6.71 45.18 44.28 61.1 60.41 32.02 30.02 66.29 65.19 57.31 57.14 20.62 18.79 33.54 35.34 65.39 64.62 68.15 66.22 26.42 25.5 1.0 2.24 
67.74 68.8 71.51 70.18 14.56 15.23 60.21 59.84 47.54 49.4 32.14 32.02 58.19 57.57 48.17 48.37 17.2 16.12 50.04 52.04 62.24 64.08 52.89 52.39 36.01 36.12 50.0 51.61 5.1 5.83 30.02 31.76 54.23 56.22 10.3 8.6 10.3 8.6 58.82 60.73 37.0 36.4 39.45 41.18 58.14 57.27 0.0 2.0 33.24 34.71 52.77 50.8 43.01 43.01 6.32 7.21 57.8 59.54 24.19 22.2 9.43 10.63 16.12 17.89 69.12 71.11 53.16 53.76 61.29 59.3 71.59 73.55 65.01 63.01 49.65 50.8 51.62 53.34 71.11 72.01 46.27 44.28 32.02 33.3 61.07 59.08 30.41 28.44 73.82 72.67 67.27 67.48 50.64 48.66 15.65 13.89 47.01 45.45 56.86 58.69 
66.73 67.74 70.04 68.68 16.49 17.09 60.64 60.21 45.69 47.54 32.39 32.14 56.3 55.66 46.17 46.39 18.44 17.2 48.04 50.04 60.42 62.24 53.45 52.89 36.01 36.01 48.41 50.0 3.16 4.24 28.3 30.02 52.24 54.23 12.08 10.3 11.4 9.9 56.92 58.82 35.11 34.48 37.74 39.45 56.36 55.46 2.0 0.0 31.83 33.24 53.15 51.2 43.1 43.01 4.47 5.66 56.08 57.8 24.02 22.02 11.18 12.21 14.42 16.12 67.12 69.12 52.63 53.16 61.13 59.14 69.63 71.59 65.07 63.07 48.55 49.65 49.93 51.62 70.26 71.11 46.53 44.55 30.81 32.02 61.2 59.21 30.81 28.86 72.2 71.03 65.28 65.49 50.99 49.03 17.46 15.65 45.8 44.2 55.04 56.86 
36.69 37.34 38.29 37.01 46.62 47.8 50.91 49.52 20.62 22.56 28.46 26.57 31.26 31.58 36.12 37.64 35.17 33.24 33.42 35.0 33.06 35.06 47.2 45.61 26.42 24.7 17.46 19.31 30.61 32.2 8.25 8.94 34.99 36.72 37.59 35.85 32.2 33.12 32.39 34.37 15.56 17.03 10.44 12.37 28.16 28.02 33.24 31.83 0.0 2.0 43.93 42.64 32.02 30.48 30.81 32.45 26.68 28.64 21.02 21.02 42.52 43.86 18.03 17.0 52.48 54.2 29.41 28.86 42.05 40.25 46.69 48.66 48.88 47.17 18.44 18.97 20.4 22.36 41.59 41.98 37.01 35.81 4.47 2.83 46.62 45.0 29.83 29.43 41.18 40.25 51.87 53.01 41.87 40.61 41.23 39.4 14.87 13.0 28.0 30.0 
36.14 36.69 36.8 35.47 48.26 49.41 52.35 50.91 18.68 20.62 30.36 28.46 29.27 29.61 34.83 36.4 37.11 35.17 31.89 33.42 31.06 33.06 48.83 47.2 28.18 26.42 15.65 17.46 31.89 33.42 8.0 8.25 33.29 34.99 39.36 37.59 34.01 34.89 30.41 32.39 14.21 15.81 8.54 10.44 26.17 26.02 34.71 33.24 2.0 0.0 45.45 44.2 33.6 32.02 32.02 33.6 24.74 26.68 23.02 23.02 44.05 45.34 19.21 18.03 50.77 52.48 30.08 29.41 42.94 41.18 44.72 46.69 49.93 48.26 18.11 18.44 18.44 20.4 41.3 41.59 38.6 37.44 6.32 4.47 47.8 46.23 31.78 31.4 39.45 38.47 50.22 51.4 43.42 42.2 43.08 41.23 14.32 12.37 26.0 28.0 
44.41 46.39 62.13 62.29 56.22 58.22 7.62 7.07 62.97 64.66 20.88 21.54 72.01 72.95 79.91 81.32 38.01 38.01 77.34 78.87 71.31 73.16 5.1 3.16 18.87 20.0 53.71 55.54 54.82 56.75 50.93 52.33 78.6 80.21 47.0 47.04 43.19 45.18 73.36 75.13 59.46 60.83 53.6 55.22 66.31 67.12 52.77 53.15 43.93 45.45 0.0 2.0 12.04 13.45 56.04 57.97 63.32 65.19 30.46 32.31 57.01 59.01 49.65 50.61 96.02 97.65 24.02 26.02 17.49 16.55 87.24 89.05 15.26 13.6 38.6 40.52 58.6 60.42 41.76 43.68 7.21 8.94 39.62 41.11 10.82 9.22 22.36 24.33 69.58 69.87 95.6 96.83 2.24 4.12 45.28 45.1 40.85 41.63 67.54 69.35 
44.72 46.69 62.03 62.13 54.23 56.22 9.49 9.06 61.91 63.63 18.97 19.7 71.11 72.01 78.52 79.91 36.01 36.01 76.06 77.62 70.58 72.45 5.1 3.16 17.2 18.44 52.92 54.78 52.89 54.82 49.5 50.93 77.42 79.06 45.0 45.04 41.19 43.19 72.45 74.25 58.14 59.46 52.43 54.08 65.55 66.31 50.8 51.2 42.64 44.2 2.0 0.0 10.63 12.21 54.12 56.04 62.63 64.51 28.64 30.46 55.01 57.01 47.89 48.88 94.87 96.52 24.02 26.02 18.6 17.49 86.41 88.24 17.0 15.26 38.08 40.02 57.78 59.62 42.38 44.27 5.66 7.21 38.29 39.82 12.53 10.82 20.4 22.36 69.35 69.58 94.4 95.6 1.0 2.24 43.29 43.1 40.16 40.85 66.71 68.54 
39.0 40.85 54.23 54.08 48.76 50.7 19.42 18.36 51.48 53.24 11.18 11.0 60.93 61.74 67.9 69.3 30.36 29.83 65.44 67.01 60.73 62.64 15.26 13.6 7.28 8.06 43.01 44.92 44.41 46.39 38.9 40.31 66.85 68.51 38.83 38.47 34.23 36.22 62.24 64.08 47.51 48.84 41.88 43.57 55.66 56.3 43.01 43.1 32.02 33.6 12.04 10.63 0.0 2.0 45.54 47.52 52.89 54.82 19.42 21.38 48.51 50.49 38.08 38.91 84.31 85.98 17.89 19.7 19.31 17.46 76.32 78.19 22.0 20.0 29.07 31.06 47.76 49.65 38.28 39.96 5.0 4.12 27.66 29.21 18.11 16.12 13.6 15.52 61.0 61.03 83.82 85.0 9.9 8.6 38.28 37.64 30.59 31.05 56.65 58.52 
37.16 39.0 52.24 52.09 49.34 51.24 20.62 19.42 49.74 51.48 11.7 11.18 59.09 59.93 66.47 67.9 31.02 30.36 63.89 65.44 58.82 60.73 17.0 15.26 7.0 7.28 41.11 43.01 44.18 46.17 37.54 38.9 65.22 66.85 39.29 38.83 34.53 36.5 60.42 62.24 46.01 47.38 40.22 41.88 53.76 54.42 43.01 43.01 30.48 32.02 13.45 12.21 2.0 0.0 45.28 47.27 50.96 52.89 19.1 21.1 48.84 50.8 37.34 38.08 82.66 84.31 16.12 17.89 18.68 16.76 74.46 76.32 22.09 20.1 27.07 29.07 45.88 47.76 36.62 38.28 6.71 6.08 26.17 27.66 18.44 16.49 14.32 16.16 59.0 59.03 82.2 83.41 11.4 10.3 39.0 38.28 28.64 29.12 54.78 56.65 
66.64 67.54 68.62 67.18 20.1 20.4 63.6 63.06 42.94 44.72 35.17 34.71 53.31 52.55 42.05 42.19 22.63 21.26 44.18 46.17 57.71 59.48 56.65 55.97 38.33 38.12 46.69 48.17 1.41 1.41 26.25 27.8 48.51 50.49 16.55 14.76 15.56 14.21 53.85 55.71 32.2 31.38 35.61 37.2 53.85 52.84 6.32 4.47 30.81 32.02 56.04 54.12 45.54 45.28 0.0 2.0 53.82 55.47 26.17 24.19 14.32 14.87 12.81 14.14 63.03 65.03 53.76 54.13 63.0 61.0 66.22 68.15 67.36 65.38 48.3 49.24 47.8 49.41 70.58 71.31 49.24 47.3 30.41 31.38 63.64 61.66 33.84 31.95 70.29 69.03 61.13 61.29 53.85 51.92 21.93 20.12 45.28 43.57 52.35 54.12 
68.45 69.32 70.09 68.62 20.0 20.1 65.52 65.0 43.91 45.65 37.11 36.67 54.13 53.31 42.0 42.05 24.08 22.8 44.41 46.39 58.67 60.42 58.52 57.87 40.31 40.11 48.08 49.52 3.16 1.41 27.59 29.07 48.84 50.8 17.49 15.81 17.03 15.56 54.63 56.46 33.12 32.2 36.88 38.42 54.92 53.85 7.21 5.66 32.45 33.6 57.97 56.04 47.52 47.27 2.0 0.0 55.0 56.61 28.16 26.17 14.04 14.32 14.42 15.62 63.0 65.0 55.73 56.09 65.0 63.0 66.76 68.68 69.35 67.36 50.09 51.0 49.04 50.61 72.45 73.16 51.2 49.24 32.2 33.12 65.62 63.64 35.74 33.84 71.59 70.29 61.03 61.13 55.79 53.85 22.83 21.1 47.01 45.28 53.34 55.07 
32.65 31.78 19.24 17.26 72.01 72.95 68.88 67.08 12.53 11.7 53.08 51.09 11.18 13.0 33.06 35.06 61.85 59.91 27.0 27.07 8.06 9.85 67.68 65.79 49.5 47.52 10.05 8.06 54.08 55.22 27.78 26.08 24.33 24.74 63.69 61.85 58.52 59.24 12.53 13.6 22.67 24.21 18.36 16.64 3.61 5.39 57.8 56.08 26.68 24.74 63.32 62.63 52.89 50.96 53.82 55.0 0.0 2.0 47.27 47.52 67.23 68.26 41.68 39.96 38.08 39.12 41.34 39.66 54.41 53.25 24.41 26.08 62.43 61.29 25.06 23.32 6.32 4.47 39.82 38.91 57.57 57.01 30.27 28.28 61.91 60.9 55.01 55.01 17.2 15.62 38.91 40.72 61.68 61.03 67.68 65.79 22.47 21.84 6.32 7.21 
33.62 32.65 19.03 17.03 73.79 74.71 70.68 68.88 13.6 12.53 55.08 53.08 10.44 12.37 33.24 35.23 63.79 61.85 27.07 27.0 6.4 8.06 69.57 67.68 51.48 49.5 12.04 10.05 55.76 56.86 29.53 27.78 24.08 24.33 65.55 63.69 60.41 61.1 11.7 12.53 24.04 25.5 20.12 18.36 3.0 5.0 59.54 57.8 28.64 26.68 65.19 64.51 54.82 52.89 55.47 56.61 2.0 0.0 49.25 49.5 68.96 69.97 43.42 41.68 37.12 38.08 43.05 41.34 56.04 54.92 22.8 24.41 64.07 62.97 26.83 25.06 8.25 6.32 40.82 39.82 59.48 58.94 32.25 30.27 63.63 62.65 57.01 57.01 16.12 14.42 38.08 39.92 63.57 62.94 69.57 67.68 24.35 23.77 6.0 6.32 
46.69 48.08 55.46 54.63 32.76 34.48 38.08 37.34 41.44 43.42 10.0 8.94 52.24 52.47 53.0 54.08 16.4 14.87 51.89 53.71 54.01 56.01 31.91 30.89 12.17 12.0 37.48 39.46 25.08 27.07 24.7 26.57 54.42 56.3 22.47 21.47 17.0 18.79 53.34 55.33 34.18 34.93 31.26 33.24 49.04 49.0 24.19 24.02 21.02 23.02 30.46 28.64 19.42 19.1 26.17 28.16 47.27 49.25 0.0 2.0 31.02 32.89 19.42 20.62 71.69 73.54 29.55 30.41 37.12 35.13 67.6 69.58 41.19 39.2 30.23 31.91 41.11 43.1 48.83 50.0 23.41 21.54 17.03 19.03 37.48 35.51 10.0 8.94 60.08 59.48 70.68 71.55 28.23 26.4 24.04 22.67 29.07 28.23 49.01 51.01 
48.17 49.52 56.36 55.46 31.06 32.76 39.92 39.22 41.19 43.19 11.66 10.77 52.09 52.24 51.97 53.0 15.26 13.6 51.08 52.92 54.08 56.08 33.62 32.65 14.14 14.0 37.85 39.81 23.09 25.08 24.04 25.96 53.76 55.66 20.81 19.72 15.26 17.0 53.15 55.15 33.53 34.18 31.06 33.06 49.16 49.04 22.2 22.02 21.02 23.02 32.31 30.46 21.38 21.1 24.19 26.17 47.52 49.5 2.0 0.0 29.15 31.02 17.8 19.1 70.94 72.8 31.38 32.2 39.12 37.12 67.36 69.35 43.19 41.19 31.4 33.02 41.3 43.29 50.48 51.61 25.3 23.41 17.26 19.24 39.46 37.48 11.31 10.0 60.75 60.08 69.86 70.68 30.08 28.23 22.67 21.21 30.02 29.07 49.01 51.01 
76.28 77.42 80.81 79.51 6.08 6.08 64.12 64.03 56.86 58.69 37.34 37.66 67.42 66.73 56.01 56.01 19.1 19.0 58.42 60.41 71.59 73.41 56.32 56.14 41.98 42.45 59.41 61.03 13.6 13.15 39.45 41.18 62.8 64.78 10.05 10.05 14.32 12.37 68.01 69.89 46.24 45.54 48.88 50.61 67.54 66.64 9.43 11.18 42.52 44.05 57.01 55.01 48.51 48.84 14.32 14.04 67.23 68.96 31.02 29.15 0.0 2.0 25.55 27.29 77.01 79.01 60.54 61.33 67.47 65.51 80.52 82.46 70.35 68.36 58.41 59.67 61.06 62.77 79.26 80.26 51.09 49.09 41.04 42.43 66.19 64.2 35.13 33.14 83.23 82.1 75.01 75.06 55.0 53.0 13.42 12.65 55.97 54.49 66.21 68.03 
77.94 79.06 82.13 80.81 6.71 6.08 66.12 66.03 57.7 59.51 39.32 39.62 68.15 67.42 56.08 56.01 21.1 21.0 58.69 60.67 72.45 74.25 58.31 58.14 43.93 44.38 60.61 62.2 14.32 13.6 40.5 42.19 63.15 65.12 12.04 12.04 16.28 14.32 68.71 70.58 47.01 46.24 49.93 51.62 68.48 67.54 10.63 12.21 43.86 45.34 59.01 57.01 50.49 50.8 14.87 14.32 68.26 69.97 32.89 31.02 2.0 0.0 26.63 28.3 77.06 79.06 62.39 63.16 69.43 67.47 81.04 82.97 72.34 70.35 60.0 61.22 62.13 63.81 81.01 81.99 53.08 51.09 42.52 43.86 68.18 66.19 37.12 35.13 84.4 83.23 75.01 75.01 57.0 55.0 15.23 14.56 57.49 55.97 67.08 68.88 
54.23 55.04 55.87 54.45 30.46 31.3 57.25 56.36 31.62 33.53 29.41 28.3 42.45 41.98 36.06 36.77 24.74 22.8 36.5 38.47 46.24 48.1 51.31 50.25 30.87 30.08 34.06 35.61 12.73 14.21 13.89 15.65 40.11 42.11 23.19 21.21 19.03 19.03 43.17 45.12 21.38 21.1 23.32 25.06 42.05 41.23 16.12 14.42 18.03 19.21 49.65 47.89 38.08 37.34 12.81 14.42 41.68 43.42 19.42 17.8 25.55 26.63 0.0 2.0 56.29 58.25 43.01 43.1 53.6 51.62 56.44 58.42 58.94 57.01 35.85 36.67 35.51 37.22 58.52 59.14 42.49 40.71 18.03 18.79 55.66 53.76 29.07 27.59 57.8 56.61 54.82 55.36 47.41 45.65 28.02 26.02 32.65 30.89 40.85 42.72 
53.49 54.23 54.49 53.04 32.31 33.11 58.18 57.25 29.73 31.62 30.61 29.41 40.52 40.02 34.18 34.93 26.68 24.74 34.53 36.5 44.38 46.24 52.43 51.31 31.76 30.87 32.56 34.06 14.21 15.56 12.21 13.89 38.12 40.11 25.18 23.19 21.02 21.02 41.23 43.17 19.42 19.1 21.63 23.32 40.25 39.4 17.89 16.12 17.0 18.03 50.61 48.88 38.91 38.08 14.14 15.62 39.96 41.68 20.62 19.1 27.29 28.3 2.0 0.0 54.34 56.29 43.01 43.01 53.94 51.97 54.45 56.44 59.48 57.57 35.11 35.85 33.84 35.51 57.97 58.52 43.42 41.68 17.46 18.03 56.3 54.42 30.41 29.0 56.22 55.0 52.89 53.45 48.37 46.65 30.02 28.02 31.78 29.97 39.0 40.85 
70.71 69.77 54.41 52.5 83.0 83.02 102.62 101.04 33.3 31.83 80.5 78.71 26.93 25.24 21.0 21.1 81.02 79.08 19.92 18.03 31.38 30.68 99.57 97.91 78.89 77.18 44.69 43.42 64.07 64.01 47.01 45.19 17.49 15.81 78.52 76.53 75.13 74.81 25.55 24.6 37.58 36.77 42.44 40.8 34.48 32.76 69.12 67.12 52.48 50.77 96.02 94.87 84.31 82.66 63.03 63.0 38.08 37.12 71.69 70.94 77.01 77.06 56.29 54.34 0.0 2.0 77.08 75.69 90.52 89.1 19.03 19.24 98.29 96.9 60.88 59.55 39.82 38.6 77.9 76.94 89.31 88.2 56.94 55.23 97.0 95.67 81.44 80.62 47.85 45.89 2.83 4.47 94.05 92.91 83.73 81.74 57.28 55.87 31.91 30.89 
71.69 70.71 55.03 53.14 85.0 85.02 104.2 102.62 34.83 33.3 82.29 80.5 28.02 26.4 23.0 23.09 82.98 81.02 21.84 19.92 32.2 31.38 101.24 99.57 80.62 78.89 46.01 44.69 66.07 66.01 48.85 47.01 19.24 17.49 80.5 78.52 77.1 76.79 26.63 25.55 39.4 38.63 44.1 42.44 35.51 33.84 71.11 69.12 54.2 52.48 97.65 96.52 85.98 84.31 65.03 65.0 39.12 38.08 73.54 72.8 79.01 79.06 58.25 56.29 2.0 0.0 78.49 77.08 91.92 90.52 19.03 19.03 99.72 98.35 62.24 60.88 41.11 39.82 78.89 77.9 90.97 89.89 58.67 56.94 98.49 97.19 83.26 82.46 48.27 46.32 4.47 5.66 95.69 94.58 85.71 83.73 58.69 57.31 33.02 31.91 
21.19 23.09 38.12 38.33 62.18 63.95 28.16 26.25 43.93 45.28 26.17 24.84 51.22 52.5 64.14 65.86 44.65 43.57 60.22 61.4 49.4 51.11 29.0 27.0 20.52 19.21 32.65 34.21 52.95 54.92 37.64 38.28 60.31 61.62 51.88 50.99 46.52 48.33 52.63 54.2 43.83 45.62 36.36 37.44 44.65 45.8 53.16 52.63 29.41 30.08 24.02 24.02 17.89 16.12 53.76 55.73 41.34 43.05 29.55 31.38 60.54 62.39 43.01 43.01 77.08 78.49 0.0 2.0 13.45 12.04 65.73 67.42 21.26 20.0 16.4 18.03 37.64 39.2 20.62 22.2 20.62 21.19 26.48 26.93 20.59 19.7 29.0 30.48 45.71 46.1 77.16 78.64 23.02 23.19 52.7 51.62 19.8 21.26 46.4 48.01 
19.31 21.19 36.12 36.35 63.13 64.88 30.08 28.16 42.64 43.93 27.59 26.17 49.68 50.99 63.13 64.88 45.8 44.65 59.08 60.22 47.71 49.4 31.0 29.0 21.93 20.52 31.14 32.65 53.37 55.32 37.11 37.64 59.03 60.31 52.84 51.88 47.41 49.19 51.09 52.63 42.95 44.78 35.36 36.36 43.01 44.2 53.76 53.16 28.86 29.41 26.02 26.02 19.7 17.89 54.13 56.09 39.66 41.34 30.41 32.2 61.33 63.16 43.1 43.01 75.69 77.08 2.0 0.0 14.87 13.6 64.07 65.73 22.8 21.63 14.87 16.4 36.12 37.64 19.1 20.62 22.56 23.09 26.17 26.48 22.36 21.54 30.41 31.83 43.74 44.15 75.82 77.34 25.02 25.18 53.82 52.7 18.44 20.0 44.82 46.4 
29.15 31.14 48.76 49.34 68.01 69.92 18.11 16.12 57.38 58.73 30.36 29.83 64.54 65.86 77.39 79.08 49.65 49.04 73.6 74.81 62.43 64.07 22.36 20.59 25.5 25.18 46.01 47.51 62.01 64.01 50.16 50.99 73.76 75.07 57.97 57.49 53.15 55.11 65.95 67.48 56.94 58.67 49.65 50.8 57.8 59.03 61.29 61.13 42.05 42.94 17.49 18.6 19.31 18.68 63.0 65.0 54.41 56.04 37.12 39.12 67.47 69.43 53.6 53.94 90.52 91.92 13.45 14.87 0.0 2.0 78.82 80.45 8.06 7.28 29.73 31.24 50.99 52.5 25.18 27.17 18.6 20.25 38.63 39.4 9.0 9.22 32.89 34.79 56.92 57.58 90.61 92.1 17.8 19.1 57.58 56.92 33.24 34.71 59.67 61.22 
