50
0.0 2.0 1.0 2.24 2.0 2.83 3.0 3.61 4.0 4.47 5.0 5.39 49.16 49.37 50.16 50.36 51.16 51.35 52.15 52.35 53.15 53.34 54.15 54.33 55.15 55.33 56.14 56.32 57.14 57.31 58.14 58.31 59.14 59.3 16.28 17.8 16.97 18.44 17.69 19.1 18.44 19.8 19.21 20.52 20.0 21.26 20.81 22.02 21.63 22.8 
2.0 0.0 2.24 1.0 2.83 2.0 3.61 3.0 4.47 4.0 5.39 5.0 47.17 47.38 48.17 48.37 49.16 49.37 50.16 50.36 51.16 51.35 52.15 52.35 53.15 53.34 54.15 54.33 55.15 55.33 56.14 56.32 57.14 57.31 15.0 16.64 15.62 17.2 16.28 17.8 16.97 18.44 17.69 19.1 18.44 19.8 19.21 20.52 20.0 21.26 
1.0 2.24 0.0 2.0 1.0 2.24 2.0 2.83 3.0 3.61 4.0 4.47 49.09 49.25 50.09 50.25 51.09 51.24 52.09 52.24 53.08 53.24 54.08 54.23 55.08 55.23 56.08 56.22 57.08 57.22 58.08 58.22 59.08 59.21 15.56 17.03 16.28 17.69 17.03 18.38 17.8 19.1 18.6 19.85 19.42 20.62 20.25 21.4 21.1 22.2 
2.24 1.0 2.0 0.0 2.24 1.0 2.83 2.0 3.61 3.0 4.47 4.0 47.1 47.27 48.09 48.26 49.09 49.25 50.09 50.25 51.09 51.24 52.09 52.24 53.08 53.24 54.08 54.23 55.08 55.23 56.08 56.22 57.08 57.22 14.21 15.81 14.87 16.4 15.56 17.03 16.28 17.69 17.03 18.38 17.8 19.1 18.6 19.85 19.42 20.62 
2.0 2.83 1.0 2.24 0.0 2.0 1.0 2.24 2.0 2.83 3.0 3.61 49.04 49.16 50.04 50.16 51.04 51.16 52.04 52.15 53.04 53.15 54.04 54.15 55.04 55.15 56.04 56.14 57.04 57.14 58.03 58.14 59.03 59.14 14.87 16.28 15.62 16.97 16.4 17.69 17.2 18.44 18.03 19.21 18.87 20.0 19.72 20.81 20.59 21.63 
2.83 2.0 2.24 1.0 2.0 0.0 2.24 1.0 2.83 2.0 3.61 3.0 47.04 47.17 48.04 48.17 49.04 49.16 50.04 50.16 51.04 51.16 52.04 52.15 53.04 53.15 54.04 54.15 55.04 55.15 56.04 56.14 57.04 57.14 13.45 15.0 14.14 15.62 14.87 16.28 15.62 16.97 16.4 17.69 17.2 18.44 18.03 19.21 18.87 20.0 
3.0 3.61 2.0 2.83 1.0 2.24 0.0 2.0 1.0 2.24 2.0 2.83 49.01 49.09 50.01 50.09 51.01 51.09 52.01 52.09 53.01 53.08 54.01 54.08 55.01 55.08 56.01 56.08 57.01 57.08 58.01 58.08 59.01 59.08 14.21 15.56 15.0 16.28 15.81 17.03 16.64 17.8 17.49 18.6 18.36 19.42 19.24 20.25 20.12 21.1 
3.61 3.0 2.83 2.0 2.24 1.0 2.0 0.0 2.24 1.0 2.83 2.0 47.01 47.1 48.01 48.09 49.01 49.09 50.01 50.09 51.01 51.09 52.01 52.09 53.01 53.08 54.01 54.08 55.01 55.08 56.01 56.08 57.01 57.08 12.73 14.21 13.45 14.87 14.21 15.56 15.0 16.28 15.81 17.03 16.64 17.8 17.49 18.6 18.36 19.42 
4.0 4.47 3.0 3.61 2.0 2.83 1.0 2.24 0.0 2.0 1.0 2.24 49.0 49.04 50.0 50.04 51.0 51.04 52.0 52.04 53.0 53.04 54.0 54.04 55.0 55.04 56.0 56.04 57.0 57.04 58.0 58.03 59.0 59.03 13.6 14.87 14.42 15.62 15.26 16.4 16.12 17.2 17.0 18.03 17.89 18.87 18.79 19.72 19.7 20.59 
4.47 4.0 3.61 3.0 2.83 2.0 2.24 1.0 2.0 0.0 2.24 1.0 47.0 47.04 48.0 48.04 49.0 49.04 50.0 50.04 51.0 51.04 52.0 52.04 53.0 53.04 54.0 54.04 55.0 55.04 56.0 56.04 57.0 57.04 12.04 13.45 12.81 14.14 13.6 14.87 14.42 15.62 15.26 16.4 16.12 17.2 17.0 18.03 17.89 18.87 
5.0 5.39 4.0 4.47 3.0 3.61 2.0 2.83 1.0 2.24 0.0 2.0 49.01 49.01 50.01 50.01 51.01 51.01 52.01 52.01 53.01 53.01 54.01 54.01 55.01 55.01 56.01 56.01 57.01 57.01 58.01 58.01 59.01 59.01 13.04 14.21 13.89 15.0 14.76 15.81 15.65 16.64 16.55 17.49 17.46 18.36 18.38 19.24 19.31 20.12 
5.39 5.0 4.47 4.0 3.61 3.0 2.83 2.0 2.24 1.0 2.0 0.0 47.01 47.01 48.01 48.01 49.01 49.01 50.01 50.01 51.01 51.01 52.01 52.01 53.01 53.01 54.01 54.01 55.01 55.01 56.01 56.01 57.01 57.01 11.4 12.73 12.21 13.45 13.04 14.21 13.89 15.0 14.76 15.81 15.65 16.64 16.55 17.49 17.46 18.36 
49.16 47.17 49.09 47.1 49.04 47.04 49.01 47.01 49.0 47.0 49.01 47.01 0.0 2.0 1.0 2.24 2.0 2.83 3.0 3.61 4.0 4.47 5.0 5.39 6.0 6.32 7.0 7.28 8.0 8.25 9.0 9.22 10.0 10.2 38.83 39.29 37.85 38.33 36.88 37.36 35.9 36.4 34.93 35.44 33.96 34.48 32.98 33.53 32.02 32.57 
49.37 47.38 49.25 47.27 49.16 47.17 49.09 47.1 49.04 47.04 49.01 47.01 2.0 0.0 2.24 1.0 2.83 2.0 3.61 3.0 4.47 4.0 5.39 5.0 6.32 6.0 7.28 7.0 8.25 8.0 9.22 9.0 10.2 10.0 38.47 38.83 37.48 37.85 36.5 36.88 35.51 35.9 34.53 34.93 33.54 33.96 32.56 32.98 31.58 32.02 
50.16 48.17 50.09 48.09 50.04 48.04 50.01 48.01 50.0 48.0 50.01 48.01 1.0 2.24 0.0 2.0 1.0 2.24 2.0 2.83 3.0 3.61 4.0 4.47 5.0 5.39 6.0 6.32 7.0 7.28 8.0 8.25 9.0 9.22 39.81 40.26 38.83 39.29 37.85 38.33 36.88 37.36 35.9 36.4 34.93 35.44 33.96 34.48 32.98 33.53 
50.36 48.37 50.25 48.26 50.16 48.17 50.09 48.09 50.04 48.04 50.01 48.01 2.24 1.0 2.0 0.0 2.24 1.0 2.83 2.0 3.61 3.0 4.47 4.0 5.39 5.0 6.32 6.0 7.28 7.0 8.25 8.0 9.22 9.0 39.46 39.81 38.47 38.83 37.48 37.85 36.5 36.88 35.51 35.9 34.53 34.93 33.54 33.96 32.56 32.98 
51.16 49.16 51.09 49.09 51.04 49.04 51.01 49.01 51.0 49.0 51.01 49.01 2.0 2.83 1.0 2.24 0.0 2.0 1.0 2.24 2.0 2.83 3.0 3.61 4.0 4.47 5.0 5.39 6.0 6.32 7.0 7.28 8.0 8.25 40.79 41.23 39.81 40.26 38.83 39.29 37.85 38.33 36.88 37.36 35.9 36.4 34.93 35.44 33.96 34.48 
51.35 49.37 51.24 49.25 51.16 49.16 51.09 49.09 51.04 49.04 51.01 49.01 2.83 2.0 2.24 1.0 2.0 0.0 2.24 1.0 2.83 2.0 3.61 3.0 4.47 4.0 5.39 5.0 6.32 6.0 7.28 7.0 8.25 8.0 40.45 40.79 39.46 39.81 38.47 38.83 37.48 37.85 36.5 36.88 35.51 35.9 34.53 34.93 33.54 33.96 
52.15 50.16 52.09 50.09 52.04 50.04 52.01 50.01 52.0 50.0 52.01 50.01 3.0 3.61 2.0 2.83 1.0 2.24 0.0 2.0 1.0 2.24 2.0 2.83 3.0 3.61 4.0 4.47 5.0 5.39 6.0 6.32 7.0 7.28 41.77 42.2 40.79 41.23 39.81 40.26 38.83 39.29 37.85 38.33 36.88 37.36 35.9 36.4 34.93 35.44 
52.35 50.36 52.24 50.25 52.15 50.16 52.09 50.09 52.04 50.04 52.01 50.01 3.61 3.0 2.83 2.0 2.24 1.0 2.0 0.0 2.24 1.0 2.83 2.0 3.61 3.0 4.47 4.0 5.39 5.0 6.32 6.0 7.28 7.0 41.44 41.77 40.45 40.79 39.46 39.81 38.47 38.83 37.48 37.85 36.5 36.88 35.51 35.9 34.53 34.93 
53.15 51.16 53.08 51.09 53.04 51.04 53.01 51.01 53.0 51.0 53.01 51.01 4.0 4.47 3.0 3.61 2.0 2.83 1.0 2.24 0.0 2.0 1.0 2.24 2.0 2.83 3.0 3.61 4.0 4.47 5.0 5.39 6.0 6.32 42.76 43.17 41.77 42.2 40.79 41.23 39.81 40.26 38.83 39.29 37.85 38.33 36.88 37.36 35.9 36.4 
53.34 51.35 53.24 51.24 53.15 51.16 53.08 51.09 53.04 51.04 53.01 51.01 4.47 4.0 3.61 3.0 2.83 2.0 2.24 1.0 2.0 0.0 2.24 1.0 2.83 2.0 3.61 3.0 4.47 4.0 5.39 5.0 6.32 6.0 42.43 42.76 41.44 41.77 40.45 40.79 39.46 39.81 38.47 38.83 37.48 37.85 36.5 36.88 35.51 35.9 
54.15 52.15 54.08 52.09 54.04 52.04 54.01 52.01 54.0 52.0 54.01 52.01 5.0 5.39 4.0 4.47 3.0 3.61 2.0 2.83 1.0 2.24 0.0 2.0 1.0 2.24 2.0 2.83 3.0 3.61 4.0 4.47 5.0 5.39 43.74 44.15 42.76 43.17 41.77 42.2 40.79 41.23 39.81 40.26 38.83 39.29 37.85 38.33 36.88 37.36 
54.33 52.35 54.23 52.24 54.15 52.15 54.08 52.09 54.04 52.04 54.01 52.01 5.39 5.0 4.47 4.0 3.61 3.0 2.83 2.0 2.24 1.0 2.0 0.0 2.24 1.0 2.83 2.0 3.61 3.0 4.47 4.0 5.39 5.0 43.42 43.74 42.43 42.76 41.44 41.77 40.45 40.79 39.46 39.81 38.47 38.83 37.48 37.85 36.5 36.88 
55.15 53.15 55.08 53.08 55.04 53.04 55.01 53.01 55.0 53.0 55.01 53.01 6.0 6.32 5.0 5.39 4.0 4.47 3.0 3.61 2.0 2.83 1.0 2.24 0.0 2.0 1.0 2.24 2.0 2.83 3.0 3.61 4.0 4.47 44.72 45.12 43.74 44.15 42.76 43.17 41.77 42.2 40.79 41.23 39.81 40.26 38.83 39.29 37.85 38.33 
55.33 53.34 55.23 53.24 55.15 53.15 55.08 53.08 55.04 53.04 55.01 53.01 6.32 6.0 5.39 5.0 4.47 4.0 3.61 3.0 2.83 2.0 2.24 1.0 2.0 0.0 2.24 1.0 2.83 2.0 3.61 3.0 4.47 4.0 44.41 44.72 43.42 43.74 42.43 42.76 41.44 41.77 40.45 40.79 39.46 39.81 38.47 38.83 37.48 37.85 
56.14 54.15 56.08 54.08 56.04 54.04 56.01 54.01 56.0 54.0 56.01 54.01 7.0 7.28 6.0 6.32 5.0 5.39 4.0 4.47 3.0 3.61 2.0 2.83 1.0 2.24 0.0 2.0 1.0 2.24 2.0 2.83 3.0 3.61 45.71 46.1 44.72 45.12 43.74 44.15 42.76 43.17 41.77 42.2 40.79 41.23 39.81 40.26 38.83 39.29 
56.32 54.33 56.22 54.23 56.14 54.15 56.08 54.08 56.04 54.04 56.01 54.01 7.28 7.0 6.32 6.0 5.39 5.0 4.47 4.0 3.61 3.0 2.83 2.0 2.24 1.0 2.0 0.0 2.24 1.0 2.83 2.0 3.61 3.0 45.4 45.71 44.41 44.72 43.42 43.74 42.43 42.76 41.44 41.77 40.45 40.79 39.46 39.81 38.47 38.83 
57.14 55.15 57.08 55.08 57.04 55.04 57.01 55.01 57.0 55.0 57.01 55.01 8.0 8.25 7.0 7.28 6.0 6.32 5.0 5.39 4.0 4.47 3.0 3.61 2.0 2.83 1.0 2.24 0.0 2.0 1.0 2.24 2.0 2.83 46.69 47.07 45.71 46.1 44.72 45.12 43.74 44.15 42.76 43.17 41.77 42.2 40.79 41.23 39.81 40.26 
57.31 55.33 57.22 55.23 57.14 55.15 57.08 55.08 57.04 55.04 57.01 55.01 8.25 8.0 7.28 7.0 6.32 6.0 5.39 5.0 4.47 4.0 3.61 3.0 2.83 2.0 2.24 1.0 2.0 0.0 2.24 1.0 2.83 2.0 46.39 46.69 45.4 45.71 44.41 44.72 43.42 43.74 42.43 42.76 41.44 41.77 40.45 40.79 39.46 39.81 
58.14 56.14 58.08 56.08 58.03 56.04 58.01 56.01 58.0 56.0 58.01 56.01 9.0 9.22 8.0 8.25 7.0 7.28 6.0 6.32 5.0 5.39 4.0 4.47 3.0 3.61 2.0 2.83 1.0 2.24 0.0 2.0 1.0 2.24 47.68 48.05 46.69 47.07 45.71 46.1 44.72 45.12 43.74 44.15 42.76 43.17 41.77 42.2 40.79 41.23 
58.31 56.32 58.22 56.22 58.14 56.14 58.08 56.08 58.03 56.04 58.01 56.01 9.22 9.0 8.25 8.0 7.28 7.0 6.32 6.0 5.39 5.0 4.47 4.0 3.61 3.0 2.83 2.0 2.24 1.0 2.0 0.0 2.24 1.0 47.38 47.68 46.39 46.69 45.4 45.71 44.41 44.72 43.42 43.74 42.43 42.76 41.44 41.77 40.45 40.79 
59.14 57.14 59.08 57.08 59.03 57.04 59.01 57.01 59.0 57.0 59.01 57.01 10.0 10.2 9.0 9.22 8.0 8.25 7.0 7.28 6.0 6.32 5.0 5.39 4.0 4.47 3.0 3.61 2.0 2.83 1.0 2.24 0.0 2.0 48.66 49.03 47.68 48.05 46.69 47.07 45.71 46.1 44.72 45.12 43.74 44.15 42.76 43.17 41.77 42.2 
59.3 57.31 59.21 57.22 59.14 57.14 59.08 57.08 59.03 57.04 59.01 57.01 10.2 10.0 9.22 9.0 8.25 8.0 7.28 7.0 6.32 6.0 5.39 5.0 4.47 4.0 3.61 3.0 2.83 2.0 2.24 1.0 2.0 0.0 48.37 48.66 47.38 47.68 46.39 46.69 45.4 45.71 44.41 44.72 43.42 43.74 42.43 42.76 41.44 41.77 
16.28 15.0 15.56 14.21 14.87 13.45 14.21 12.73 13.6 12.04 13.04 11.4 38.83 38.47 39.81 39.46 40.79 40.45 41.77 41.44 42.76 42.43 43.74 43.42 44.72 44.41 45.71 45.4 46.69 46.39 47.68 47.38 48.66 48.37 0.0 2.0 1.0 2.24 2.0 2.83 3.0 3.61 4.0 4.47 5.0 5.39 6.0 6.32 7.0 7.28 
17.8 16.64 17.03 15.81 16.28 15.0 15.56 14.21 14.87 13.45 14.21 12.73 39.29 38.83 40.26 39.81 41.23 40.79 42.2 41.77 43.17 42.76 44.15 43.74 45.12 44.72 46.1 45.71 47.07 46.69 48.05 47.68 49.03 48.66 2.0 0.0 2.24 1.0 2.83 2.0 3.61 3.0 4.47 4.0 5.39 5.0 6.32 6.0 7.28 7.0 
16.97 15.62 16.28 14.87 15.62 14.14 15.0 13.45 14.42 12.81 13.89 12.21 37.85 37.48 38.83 38.47 39.81 39.46 40.79 40.45 41.77 41.44 42.76 42.43 43.74 43.42 44.72 44.41 45.71 45.4 46.69 46.39 47.68 47.38 1.0 2.24 0.0 2.0 1.0 2.24 2.0 2.83 3.0 3.61 4.0 4.47 5.0 5.39 6.0 6.32 
18.44 17.2 17.69 16.4 16.97 15.62 16.28 14.87 15.62 14.14 15.0 13.45 38.33 37.85 39.29 38.83 40.26 39.81 41.23 40.79 42.2 41.77 43.17 42.76 44.15 43.74 45.12 44.72 46.1 45.71 47.07 46.69 48.05 47.68 2.24 1.0 2.0 0.0 2.24 1.0 2.83 2.0 3.61 3.0 4.47 4.0 5.39 5.0 6.32 6.0 
17.69 16.28 17.03 15.56 16.4 14.87 15.81 14.21 15.26 13.6 14.76 13.04 36.88 36.5 37.85 37.48 38.83 38.47 39.81 39.46 40.79 40.45 41.77 41.44 42.76 42.43 43.74 43.42 44.72 44.41 45.71 45.4 46.69 46.39 2.0 2.83 1.0 2.24 0.0 2.0 1.0 2.24 2.0 2.83 3.0 3.61 4.0 4.47 5.0 5.39 
19.1 17.8 18.38 17.03 17.69 16.28 17.03 15.56 16.4 14.87 15.81 14.21 37.36 36.88 38.33 37.85 39.29 38.83 40.26 39.81 41.23 40.79 42.2 41.77 43.17 42.76 44.15 43.74 45.12 44.72 46.1 45.71 47.07 46.69 2.83 2.0 2.24 1.0 2.0 0.0 2.24 1.0 2.83 2.0 3.61 3.0 4.47 4.0 5.39 5.0 
18.44 16.97 17.8 16.28 17.2 15.62 16.64 15.0 16.12 14.42 15.65 13.89 35.9 35.51 36.88 36.5 37.85 37.48 38.83 38.47 39.81 39.46 40.79 40.45 41.77 41.44 42.76 42.43 43.74 43.42 44.72 44.41 45.71 45.4 3.0 3.61 2.0 2.83 1.0 2.24 0.0 2.0 1.0 2.24 2.0 2.83 3.0 3.61 4.0 4.47 
19.8 18.44 19.1 17.69 18.44 16.97 17.8 16.28 17.2 15.62 16.64 15.0 36.4 35.9 37.36 36.88 38.33 37.85 39.29 38.83 40.26 39.81 41.23 40.79 42.2 41.77 43.17 42.76 44.15 43.74 45.12 44.72 46.1 45.71 3.61 3.0 2.83 2.0 2.24 1.0 2.0 0.0 2.24 1.0 2.83 2.0 3.61 3.0 4.47 4.0 
19.21 17.69 18.6 17.03 18.03 16.4 17.49 15.81 17.0 15.26 16.55 14.76 34.93 34.53 35.9 35.51 36.88 36.5 37.85 37.48 38.83 38.47 39.81 39.46 40.79 40.45 41.77 41.44 42.76 42.43 43.74 43.42 44.72 44.41 4.0 4.47 3.0 3.61 2.0 2.83 1.0 2.24 0.0 2.0 1.0 2.24 2.0 2.83 3.0 3.61 
20.52 19.1 19.85 18.38 19.21 17.69 18.6 17.03 18.03 16.4 17.49 15.81 35.44 34.93 36.4 35.9 37.36 36.88 38.33 37.85 39.29 38.83 40.26 39.81 41.23 40.79 42.2 41.77 43.17 42.76 44.15 43.74 45.12 44.72 4.47 4.0 3.61 3.0 2.83 2.0 2.24 1.0 2.0 0.0 2.24 1.0 2.83 2.0 3.61 3.0 
20.0 18.44 19.42 17.8 18.87 17.2 18.36 16.64 17.89 16.12 17.46 15.65 33.96 33.54 34.93 34.53 35.9 35.51 36.88 36.5 37.85 37.48 38.83 38.47 39.81 39.46 40.79 40.45 41.77 41.44 42.76 42.43 43.74 43.42 5.0 5.39 4.0 4.47 3.0 3.61 2.0 2.83 1.0 2.24 0.0 2.0 1.0 2.24 2.0 2.83 
21.26 19.8 20.62 19.1 20.0 18.44 19.42 17.8 18.87 17.2 18.36 16.64 34.48 33.96 35.44 34.93 36.4 35.9 37.36 36.88 38.33 37.85 39.29 38.83 40.26 39.81 41.23 40.79 42.2 41.77 43.17 42.76 44.15 43.74 5.39 5.0 4.47 4.0 3.61 3.0 2.83 2.0 2.24 1.0 2.0 0.0 2.24 1.0 2.83 2.0 
20.81 19.21 20.25 18.6 19.72 18.03 19.24 17.49 18.79 17.0 18.38 16.55 32.98 32.56 33.96 33.54 34.93 34.53 35.9 35.51 36.88 36.5 37.85 37.48 38.83 38.47 39.81 39.46 40.79 40.45 41.77 41.44 42.76 42.43 6.0 6.32 5.0 5.39 4.0 4.47 3.0 3.61 2.0 2.83 1.0 2.24 0.0 2.0 1.0 2.24 
22.02 20.52 21.4 19.85 20.81 19.21 20.25 18.6 19.72 18.03 19.24 17.49 33.53 32.98 34.48 33.96 35.44 34.93 36.4 35.9 37.36 36.88 38.33 37.85 39.29 38.83 40.26 39.81 41.23 40.79 42.2 41.77 43.17 42.76 6.32 6.0 5.39 5.0 4.47 4.0 3.61 3.0 2.83 2.0 2.24 1.0 2.0 0.0 2.24 1.0 
21.63 20.0 21.1 19.42 20.59 18.87 20.12 18.36 19.7 17.89 19.31 17.46 32.02 31.58 32.98 32.56 33.96 33.54 34.93 34.53 35.9 35.51 36.88 36.5 37.85 37.48 38.83 38.47 39.81 39.46 40.79 40.45 41.77 41.44 7.0 7.28 6.0 6.32 5.0 5.39 4.0 4.47 3.0 3.61 2.0 2.83 1.0 2.24 0.0 2.0 
22.8 21.26 22.2 20.62 21.63 20.0 21.1 19.42 20.59 18.87 20.12 18.36 32.57 32.02 33.53 32.98 34.48 33.96 35.44 34.93 36.4 35.9 37.36 36.88 38.33 37.85 39.29 38.83 40.26 39.81 41.23 40.79 42.2 41.77 7.28 7.0 6.32 6.0 5.39 5.0 4.47 4.0 3.61 3.0 2.83 2.0 2.24 1.0 2.0 0.0 
