150
0.0 67.98 25.02 70.86 68.88 43.83 59.46 79.31 106.1 50.25 60.21 65.12 58.18 70.38 132.97 70.72 45.4 30.59 58.0 68.59 75.31 24.41 2.24 34.23 76.12 23.43 121.49 65.74 80.6 78.34 99.72 128.75 20.88 22.0 99.01 16.64 48.51 87.32 42.19 60.17 85.48 129.77 69.92 79.2 91.97 98.84 69.12 75.18 77.03 130.75 72.11 36.06 155.08 137.09 92.2 94.07 113.74 52.95 66.94 46.04 13.93 122.58 55.97 88.73 129.85 27.86 124.62 104.31 120.35 45.18 39.36 152.61 158.38 102.11 89.87 51.86 14.56 67.08 127.06 81.27 139.04 96.01 144.12 76.32 65.76 91.2 111.63 84.5 34.23 124.81 98.08 146.71 97.32 111.02 117.88 11.4 62.36 131.86 145.89 59.09 45.04 121.56 77.1 88.23 65.51 136.31 114.13 94.34 72.03 63.79 89.0 72.95 47.85 130.25 108.12 101.39 13.89 80.99 134.54 124.15 51.55 57.8 125.9 125.04 39.92 9.22 109.62 122.41 50.99 20.0 79.25 74.0 82.68 46.53 85.0 41.68 59.67 35.61 104.48 91.24 83.67 77.18 142.01 65.03 114.06 52.89 96.88 23.35 31.14 121.76 
67.98 0.0 91.42 82.37 2.0 111.8 48.55 83.82 38.28 27.89 25.02 24.76 39.12 48.8 65.19 36.4 39.4 94.11 21.47 23.02 45.88 60.14 65.74 37.48 22.02 80.41 54.56 2.24 49.4 18.6 32.56 61.61 47.51 88.26 49.04 82.68 70.34 49.4 58.25 81.93 111.49 61.85 50.36 35.47 37.05 30.87 38.29 7.81 43.57 70.83 28.23 32.45 87.8 80.01 47.51 35.69 46.04 74.33 46.17 31.76 70.6 59.21 48.76 27.89 63.64 89.27 56.92 48.3 59.23 55.15 79.16 84.69 91.21 60.21 31.4 21.21 79.38 18.68 59.17 39.92 90.21 45.45 90.47 97.99 61.85 46.86 45.28 35.69 100.9 56.86 50.25 78.77 57.8 66.53 53.0 59.91 53.25 71.59 78.03 44.1 35.78 56.08 22.67 23.19 58.01 73.17 46.24 27.59 59.46 15.03 54.63 37.44 54.71 65.07 58.6 33.96 61.4 15.13 84.22 61.4 47.54 15.81 78.24 72.01 28.3 76.54 51.24 56.64 54.78 74.33 89.04 75.21 16.64 27.46 82.13 40.45 44.1 39.05 51.24 23.32 106.45 41.68 85.7 68.6 46.86 51.48 55.44 50.99 98.27 55.44 
25.02 91.42 0.0 72.37 92.11 23.6 72.62 82.0 129.69 70.18 85.21 84.63 74.25 84.02 155.68 87.73 70.18 8.6 78.55 88.48 99.85 46.84 27.07 59.21 100.98 17.46 143.59 89.2 105.08 102.96 123.66 152.78 45.54 3.16 124.0 20.62 52.2 102.73 51.87 59.68 77.67 153.21 93.94 97.08 111.21 122.2 85.56 98.23 92.7 155.72 97.13 60.42 177.18 162.11 117.11 114.04 136.47 55.08 91.24 71.06 32.31 147.31 69.03 109.6 151.45 11.05 148.33 129.31 145.25 68.01 36.67 176.05 180.37 126.78 110.11 73.36 12.08 91.92 149.97 98.31 163.78 121.02 169.07 72.06 74.71 116.11 135.86 102.94 9.49 148.19 123.04 169.66 121.93 135.72 142.41 36.06 74.06 156.82 168.67 73.66 70.01 146.01 101.97 112.54 75.8 161.11 137.64 116.73 82.49 88.46 103.23 89.83 58.82 154.78 133.06 125.23 37.48 105.08 159.38 148.95 75.5 79.61 150.65 150.01 64.03 19.92 128.84 143.89 61.85 21.4 79.76 79.06 105.12 71.45 89.56 59.03 84.01 55.23 122.49 114.39 77.65 93.35 167.03 71.31 136.4 65.0 121.59 48.09 20.1 146.03 
70.86 82.37 72.37 0.0 81.41 94.25 34.01 9.85 111.32 55.8 96.26 59.24 43.38 38.33 127.1 51.2 94.4 66.76 60.9 62.63 119.5 89.54 70.21 79.88 103.17 55.44 113.07 81.12 124.48 100.85 109.42 134.54 71.11 70.86 130.92 84.02 22.36 54.33 31.76 13.0 30.41 129.99 119.1 59.41 74.06 103.58 48.27 84.17 49.09 151.71 106.04 73.41 142.59 161.64 128.0 79.16 110.89 18.03 114.77 88.73 84.53 138.51 33.62 80.06 117.11 61.85 127.91 130.65 140.01 104.32 35.69 150.16 144.89 140.6 77.52 63.01 66.07 96.4 123.41 57.08 172.54 127.32 172.63 17.03 21.59 127.2 122.12 65.19 77.49 125.16 131.75 141.01 137.28 147.87 131.24 76.24 29.73 152.28 139.0 38.48 91.21 133.24 104.01 104.28 25.71 151.82 117.28 93.17 28.0 91.4 50.99 51.79 30.48 141.91 140.66 109.77 80.36 96.61 166.58 141.06 104.86 66.89 160.38 154.35 73.0 77.16 87.46 110.02 29.0 54.01 8.54 11.7 85.07 84.96 18.6 46.69 108.71 53.41 77.78 96.17 24.74 51.16 167.43 13.93 108.46 31.4 135.42 81.44 91.79 131.22 
68.88 2.0 92.11 81.41 0.0 112.71 47.51 82.66 37.64 27.46 27.02 23.35 38.08 47.38 64.14 34.83 41.23 94.64 20.62 21.4 47.8 61.62 66.65 38.9 23.6 80.81 53.26 3.61 51.26 19.85 32.25 61.19 48.55 88.96 50.33 83.76 69.86 47.54 57.87 81.27 110.69 61.1 52.35 33.62 35.06 30.08 36.8 6.4 41.88 71.31 30.08 33.6 86.61 80.65 49.04 33.73 44.94 73.76 48.17 33.54 71.84 59.41 47.85 25.96 62.24 89.74 56.32 49.24 59.67 57.01 79.06 83.93 90.0 61.72 29.43 21.02 80.06 20.62 58.18 38.08 91.27 46.75 91.29 97.17 60.75 48.41 45.1 33.73 101.59 56.08 51.62 77.83 59.41 67.9 53.04 61.03 52.15 72.03 77.03 43.05 37.58 56.01 24.21 23.54 56.86 73.33 45.54 26.17 58.14 17.03 52.8 35.81 54.12 65.01 59.82 33.54 62.63 15.52 85.23 61.66 49.48 15.3 79.4 72.95 29.41 77.52 49.34 55.17 54.08 74.73 87.98 74.06 15.0 29.15 80.81 40.2 46.1 39.2 49.25 22.36 105.6 39.96 86.38 67.6 45.61 50.7 57.01 52.35 99.32 55.23 
43.83 111.8 23.6 94.25 112.71 0.0 96.21 104.04 149.88 92.62 102.11 107.3 97.62 107.62 176.78 111.02 85.16 27.51 100.8 111.04 113.16 59.3 46.07 76.84 118.68 40.82 165.16 109.57 118.07 121.43 143.39 172.33 64.47 26.25 139.3 30.59 75.15 126.25 75.45 81.32 95.02 173.57 106.0 120.24 134.06 142.66 108.93 119.0 116.18 172.39 113.56 79.71 198.77 177.77 131.75 136.65 157.54 77.62 104.08 87.8 44.55 165.25 92.62 131.83 173.35 32.7 168.34 145.72 162.51 79.01 58.87 196.4 202.04 140.09 132.61 95.13 34.66 109.77 170.88 121.63 177.03 136.62 183.53 91.66 98.11 130.75 155.08 125.99 16.76 168.62 137.93 190.54 135.06 149.08 160.96 52.81 97.65 173.57 189.71 97.19 85.91 164.76 119.64 131.67 99.32 178.76 157.92 138.06 106.0 106.89 126.82 113.15 82.42 173.3 147.76 145.1 52.63 124.62 173.18 166.64 88.09 101.24 164.08 164.88 83.67 35.47 151.74 165.86 85.45 45.0 101.14 101.77 126.4 89.19 112.01 82.07 97.19 77.62 145.69 135.07 96.08 116.78 182.33 94.37 157.78 88.6 135.18 64.03 16.03 165.15 
59.46 48.55 72.62 34.01 47.51 96.21 0.0 35.47 78.09 23.6 64.82 25.3 9.43 11.4 96.42 19.24 66.85 70.71 27.2 28.86 88.41 70.0 57.87 53.85 69.81 55.9 82.61 47.43 93.09 67.12 75.69 101.71 50.0 70.0 97.42 75.77 28.16 30.48 21.26 36.06 63.89 98.02 89.36 28.86 44.38 70.21 16.28 50.16 21.1 117.75 73.54 46.17 114.24 127.63 95.02 48.84 79.0 30.27 84.91 59.93 70.61 104.69 3.61 48.01 88.07 65.05 95.34 96.75 106.04 79.56 43.42 119.21 116.91 107.71 46.27 30.48 62.13 63.66 92.09 28.23 138.76 93.81 138.64 50.29 13.45 94.26 88.53 35.17 80.72 93.05 98.41 110.65 104.69 114.63 97.53 59.68 5.0 118.33 108.9 4.47 63.16 99.69 70.6 70.26 10.0 118.14 84.48 60.3 14.32 58.69 30.61 20.62 14.21 108.47 107.07 76.16 63.51 62.61 132.74 107.21 77.62 33.42 126.75 120.44 44.38 68.15 60.54 80.6 11.66 51.22 40.5 26.91 51.42 55.47 35.23 20.02 79.65 28.07 52.35 62.59 58.52 22.36 133.42 20.12 77.1 7.81 102.65 60.07 88.19 97.86 
79.31 83.82 82.0 9.85 82.66 104.04 35.47 0.0 110.05 58.69 99.82 59.68 44.82 36.77 123.79 50.16 99.64 76.54 62.63 62.65 123.33 96.84 78.52 85.48 105.26 64.94 109.77 82.8 128.14 102.42 108.85 132.7 77.83 80.41 132.8 93.02 31.0 50.09 38.6 22.85 34.23 127.48 123.6 57.28 71.02 102.53 47.42 84.72 46.57 151.64 108.93 78.55 138.06 161.9 130.48 76.3 108.47 27.17 119.2 93.48 92.78 138.0 36.07 78.16 113.07 71.57 125.88 131.76 139.99 110.49 45.35 146.87 140.17 143.18 75.19 65.76 75.33 99.09 120.51 54.34 173.9 129.2 173.28 22.47 22.02 129.73 121.26 62.59 87.28 122.78 133.84 137.44 140.12 150.08 130.55 83.95 30.61 152.12 135.3 39.82 96.25 132.26 106.04 104.81 25.81 150.99 115.52 91.71 25.63 94.11 46.01 50.33 35.78 140.73 142.41 109.0 88.07 97.42 167.82 140.63 110.28 68.88 162.05 155.4 77.67 86.01 83.0 106.23 33.62 63.2 7.07 8.6 84.58 89.4 9.22 51.31 113.46 58.67 73.03 95.46 28.16 48.76 167.72 16.64 105.72 35.0 138.11 88.26 101.27 129.97 
106.1 38.28 129.69 111.32 37.64 149.88 78.09 110.05 0.0 63.29 53.04 53.24 69.46 73.38 29.07 60.17 71.45 132.28 55.08 49.37 61.47 95.8 103.87 74.09 37.2 118.36 23.54 40.5 61.68 31.89 8.06 24.02 85.43 126.53 44.05 120.35 104.12 63.29 93.01 113.99 141.66 23.71 69.78 52.92 41.62 8.0 63.06 31.78 63.69 43.93 46.32 70.21 52.5 55.17 49.25 36.4 13.15 107.38 67.12 65.44 107.7 29.21 79.63 32.2 33.24 127.35 18.68 35.69 33.3 85.7 115.28 46.52 56.08 58.14 35.85 57.87 117.65 43.84 22.67 56.36 72.67 42.01 67.9 128.1 89.74 49.37 12.04 48.3 139.18 18.87 47.01 41.4 59.01 59.44 21.4 97.53 81.79 44.05 41.11 73.82 68.77 22.36 36.62 20.62 85.62 41.15 8.06 18.38 84.43 44.82 68.8 59.77 88.09 30.68 49.24 5.83 98.62 25.81 66.29 32.02 76.06 51.62 64.4 53.85 66.21 114.49 41.68 29.07 87.28 112.29 116.39 101.83 27.02 62.43 105.7 76.32 69.07 76.49 49.04 16.03 136.06 61.47 60.88 97.51 17.0 83.38 56.01 87.66 136.0 19.92 
50.25 27.89 70.18 55.8 27.46 92.62 23.6 58.69 63.29 0.0 41.23 14.87 15.23 28.86 86.65 22.56 44.38 71.11 8.54 18.44 64.82 52.89 48.17 33.0 47.51 56.46 73.93 26.25 69.53 45.69 59.01 87.28 34.01 67.12 75.29 66.71 42.45 40.02 30.41 54.23 84.08 85.7 65.86 29.53 41.73 55.33 22.09 32.02 30.27 98.72 50.33 25.0 107.35 107.86 72.2 44.05 67.72 46.49 61.4 37.0 57.8 86.83 22.63 39.45 81.41 65.8 81.74 75.77 87.1 58.31 52.04 108.17 110.46 84.81 40.0 7.21 58.25 40.61 81.32 32.31 117.18 71.69 118.11 70.71 36.88 71.4 72.03 34.41 79.4 80.6 76.01 100.88 81.57 92.09 80.31 46.14 28.6 99.46 99.62 19.72 40.52 83.1 48.37 50.99 33.6 100.72 70.71 47.8 37.12 35.61 43.29 24.74 26.93 92.09 85.09 60.01 49.19 42.95 111.36 89.11 55.08 12.17 104.81 99.4 22.2 59.46 59.4 73.82 27.29 50.57 63.13 50.25 36.67 32.31 58.82 13.04 56.36 15.0 54.41 47.27 79.26 29.61 113.53 42.52 67.07 24.41 79.65 42.45 81.32 82.0 
60.21 25.02 85.21 96.26 27.02 102.11 64.82 99.82 53.04 41.23 0.0 45.88 56.04 68.48 82.07 57.94 18.6 90.01 39.36 45.61 23.6 44.28 58.14 26.02 17.0 78.64 74.06 24.02 28.32 21.26 45.28 72.4 40.01 82.15 39.46 71.57 79.61 73.01 67.12 92.66 122.89 75.93 25.96 59.23 62.07 47.8 59.09 31.58 65.79 70.58 12.04 26.93 105.48 77.0 33.84 60.53 64.2 84.31 21.59 14.32 57.87 63.25 63.78 52.61 83.76 86.15 69.81 44.1 60.42 32.8 83.57 98.01 109.04 45.62 56.32 34.41 74.01 9.22 75.69 63.56 81.04 36.22 84.72 110.0 78.1 32.89 54.92 60.3 94.43 71.51 39.05 94.18 41.68 53.85 59.51 49.65 69.81 71.7 94.07 60.8 16.55 63.51 17.89 32.56 74.81 76.66 60.83 49.24 77.94 10.2 77.88 59.46 66.07 71.69 49.03 47.38 49.48 28.02 75.93 64.56 23.71 33.11 68.01 65.49 25.08 67.08 75.71 77.52 67.27 72.84 103.95 91.44 40.26 14.14 100.0 49.82 19.1 44.42 76.24 42.54 118.6 64.2 82.05 83.45 66.29 65.05 40.25 38.08 86.98 64.5 
65.12 24.76 84.63 59.24 23.35 107.3 25.3 59.68 53.24 14.87 45.88 0.0 16.28 24.04 73.98 12.08 54.01 85.09 8.25 4.12 68.88 66.48 63.03 45.12 46.75 70.24 60.73 24.21 72.95 43.19 50.45 77.1 48.37 81.61 73.66 81.57 51.0 28.02 40.45 60.83 89.19 74.24 71.78 15.52 26.87 45.28 13.6 25.06 19.92 92.48 52.15 37.36 93.78 102.46 72.25 29.41 55.58 54.15 67.36 46.04 72.4 79.4 26.48 25.63 67.62 79.65 71.0 72.11 80.78 69.12 63.35 96.18 96.77 84.96 25.55 15.52 72.8 42.19 69.05 19.1 114.28 70.09 113.65 75.58 38.01 71.59 63.35 19.72 93.74 69.18 74.97 88.29 82.46 91.24 72.28 60.75 29.55 93.05 86.83 20.88 50.01 74.53 47.42 45.18 34.0 92.89 60.01 36.06 34.83 37.59 32.39 13.6 35.01 83.36 83.1 50.99 63.63 37.74 108.17 81.91 64.2 13.15 102.62 95.72 33.73 74.33 44.55 60.01 34.06 64.5 65.3 51.11 26.31 41.05 57.49 25.94 63.56 29.73 39.66 37.48 83.82 18.44 108.26 45.31 54.34 30.15 80.16 56.08 96.18 72.84 
58.18 39.12 74.25 43.38 38.08 97.62 9.43 44.82 69.46 15.23 56.04 16.28 0.0 14.04 89.11 13.6 59.48 73.41 17.8 20.1 79.63 65.49 56.36 47.38 60.44 58.41 75.5 38.01 84.2 57.69 66.71 93.26 45.71 71.42 88.01 74.79 35.13 29.15 25.63 44.55 73.05 90.05 81.01 23.32 38.48 61.52 11.31 40.85 18.87 108.5 64.38 39.46 107.86 118.31 85.7 42.38 71.18 38.01 76.54 52.2 68.01 95.6 10.2 40.45 81.61 67.8 87.05 87.32 96.8 72.99 48.7 111.65 110.68 98.41 39.29 21.63 63.03 54.45 84.48 24.08 129.32 84.4 129.25 59.46 22.8 84.96 79.62 29.53 82.88 85.02 89.02 103.41 95.46 105.26 88.53 56.61 14.21 109.11 101.79 5.0 55.66 90.8 61.22 60.93 19.1 109.14 76.11 52.01 21.95 49.52 31.02 15.62 19.42 99.64 97.65 67.27 60.17 53.23 123.31 98.08 70.21 24.08 117.32 111.02 37.11 67.23 55.57 74.04 18.03 53.15 49.93 36.24 42.58 47.54 44.05 16.55 71.59 23.77 48.41 53.76 67.78 19.21 124.08 29.53 69.58 14.0 93.38 55.23 88.23 89.11 
70.38 48.8 84.02 38.33 47.38 107.62 11.4 36.77 73.38 28.86 68.48 24.04 14.04 0.0 89.0 13.42 73.25 82.04 29.15 26.4 91.92 79.31 68.71 61.4 70.77 67.27 75.01 48.17 96.25 67.21 72.09 96.32 59.41 81.4 97.67 86.82 38.01 19.42 32.53 43.57 68.73 91.66 93.94 21.1 36.06 65.79 10.82 48.6 11.18 114.93 75.8 53.46 105.55 125.3 96.26 41.0 72.56 39.22 89.47 65.8 81.04 101.24 15.0 41.77 79.63 76.38 89.63 95.8 103.31 86.98 54.08 112.02 108.06 108.98 39.2 34.54 73.5 65.8 85.15 19.1 138.0 94.11 136.86 55.33 17.0 95.59 84.5 27.0 92.1 86.83 99.01 103.04 106.4 115.28 93.78 69.86 11.18 115.39 101.12 11.4 69.38 95.52 71.45 68.51 13.04 114.23 79.08 55.08 11.18 61.03 19.21 13.6 25.46 104.04 107.06 72.24 73.55 61.4 131.83 103.87 83.93 35.51 126.51 119.28 50.99 79.2 50.96 72.34 22.67 62.63 43.01 28.46 47.85 61.03 33.6 29.61 84.86 37.34 42.15 58.69 62.97 13.04 131.13 25.0 70.18 19.1 104.14 69.12 99.48 93.3 
132.97 65.19 155.68 127.1 64.14 176.78 96.42 123.79 29.07 86.65 82.07 73.98 89.11 89.0 0.0 77.23 100.41 157.47 78.11 69.86 89.47 124.33 130.74 102.2 66.22 143.02 14.04 67.42 89.05 60.96 37.01 21.59 112.68 152.54 68.15 147.87 124.17 73.82 114.34 132.19 157.32 11.18 98.11 68.03 53.04 34.83 80.22 57.8 78.03 52.89 75.21 97.64 23.43 63.57 74.95 48.0 19.24 126.67 95.72 94.18 135.67 40.2 98.73 48.66 14.14 152.28 17.03 58.25 47.1 114.77 137.32 23.09 27.02 81.39 50.16 82.46 143.6 72.86 6.4 70.03 84.9 67.05 76.32 144.12 106.0 75.27 31.62 62.0 165.11 12.37 71.31 14.32 83.43 80.22 35.06 125.1 99.13 52.2 13.0 92.66 97.62 32.02 65.6 49.68 102.0 43.86 21.63 39.0 99.13 73.59 78.45 76.11 108.5 33.53 70.46 34.83 126.49 54.49 79.08 42.43 105.12 76.16 80.5 68.59 93.49 141.66 42.38 18.38 107.06 137.06 130.65 116.35 50.57 90.91 117.71 99.33 98.01 101.02 52.5 41.88 151.4 76.01 68.15 114.0 19.65 102.96 80.52 115.8 163.45 28.0 
70.72 36.4 87.73 51.2 34.83 111.02 19.24 50.16 60.17 22.56 57.94 12.08 13.6 13.42 77.23 0.0 65.28 87.01 19.24 13.45 80.96 75.43 68.8 55.23 58.41 72.01 63.39 36.06 85.0 54.49 58.69 83.36 56.3 84.86 84.85 87.37 47.3 17.46 38.91 55.01 81.58 79.16 83.82 9.85 25.3 52.5 3.0 35.47 8.06 101.52 64.14 47.27 95.08 111.89 83.87 29.61 60.07 49.5 79.38 57.43 79.62 87.85 21.84 29.07 68.88 81.4 76.79 82.62 89.89 80.01 61.85 100.08 97.8 96.54 27.07 26.02 76.38 54.2 73.01 10.63 124.81 81.32 123.49 68.07 29.61 83.24 71.17 16.16 96.43 74.24 86.31 91.44 94.2 102.55 80.41 68.03 22.02 101.98 89.68 15.81 61.29 82.22 59.03 55.22 25.5 100.9 66.1 41.98 24.6 49.65 21.0 2.24 32.31 90.8 94.11 58.87 71.31 48.27 118.6 90.47 75.66 25.0 113.45 106.02 44.05 79.88 42.06 61.39 30.36 66.71 56.3 41.79 34.44 52.47 46.87 29.21 75.43 35.36 34.83 45.31 75.93 7.07 117.72 37.48 58.01 26.25 91.83 65.0 101.21 80.08 
45.4 39.4 70.18 94.4 41.23 85.16 66.85 99.64 71.45 44.38 18.6 54.01 59.48 73.25 100.41 65.28 0.0 75.95 46.1 55.08 30.08 26.25 43.57 14.87 35.51 66.41 91.83 37.7 35.44 39.82 63.78 90.97 27.73 67.27 54.23 54.59 74.97 82.02 63.13 88.41 118.14 94.49 26.08 69.07 75.19 65.86 65.62 46.96 73.33 87.32 28.79 21.1 123.76 92.66 47.0 74.63 82.22 79.93 22.36 8.06 40.61 81.15 64.88 67.07 101.4 72.78 88.41 60.64 77.79 15.81 75.17 116.61 127.31 56.72 70.21 39.32 59.84 27.66 94.05 73.01 93.65 51.48 99.0 106.1 79.16 46.0 73.5 71.57 79.03 90.03 53.04 112.7 51.97 65.62 77.83 34.13 71.69 88.53 112.54 63.57 4.0 81.88 36.36 51.09 76.56 94.24 79.31 66.04 80.99 27.02 86.21 67.19 64.07 89.9 63.01 65.86 33.02 46.01 89.2 82.28 10.77 41.01 80.5 80.06 22.47 51.01 90.48 94.87 66.04 61.1 102.65 91.79 55.9 13.04 101.52 48.37 15.26 41.05 89.5 60.0 114.56 72.17 97.33 83.01 84.02 64.88 51.48 22.09 69.63 83.01 
30.59 94.11 8.6 66.76 94.64 27.51 70.71 76.54 132.28 71.11 90.01 85.09 73.41 82.04 157.47 87.01 75.95 0.0 79.62 89.07 105.91 53.85 32.39 64.03 105.23 15.0 145.0 91.92 111.2 106.79 126.61 155.71 50.0 10.0 129.19 29.0 47.89 101.14 49.52 53.85 69.87 155.59 100.42 96.61 111.22 124.62 84.65 100.58 91.35 160.2 102.02 64.28 178.47 167.0 122.59 114.39 138.35 50.16 97.51 76.11 39.82 151.2 67.18 110.48 152.5 5.66 150.96 134.01 149.48 75.03 31.38 178.35 181.57 132.67 110.64 75.03 16.12 96.19 151.92 97.45 169.57 126.1 174.41 65.03 71.28 121.59 139.06 102.65 10.77 150.53 128.39 171.59 127.91 141.57 145.99 41.98 71.59 161.25 170.47 72.25 75.43 149.46 106.23 115.92 72.8 165.1 140.13 118.47 79.4 92.44 101.18 89.02 56.59 158.32 138.44 128.06 43.97 108.26 164.98 152.95 82.01 81.34 156.42 155.26 67.6 27.29 128.71 144.9 59.46 20.59 73.76 74.32 106.98 76.01 84.5 59.17 90.24 56.46 121.82 116.69 70.18 92.2 172.05 67.12 138.0 62.94 127.42 53.94 27.89 149.25 
58.0 21.47 78.55 60.9 20.62 100.8 27.2 62.63 55.08 8.54 39.36 8.25 17.8 29.15 78.11 19.24 46.1 79.62 0.0 10.82 62.77 58.31 55.87 36.88 42.64 65.0 65.39 20.25 67.12 39.96 51.16 79.1 40.5 75.47 70.21 74.28 49.65 36.01 38.05 60.73 90.08 77.28 65.0 23.77 34.21 47.1 19.92 24.33 27.29 91.76 46.86 29.12 98.84 101.24 67.94 36.07 59.2 53.37 60.54 38.21 64.64 79.43 27.29 31.06 72.95 74.32 73.44 69.77 80.08 61.03 60.21 99.69 101.97 80.66 31.89 7.28 66.57 36.88 72.8 27.29 111.65 66.61 111.89 76.56 40.61 67.21 64.2 27.73 87.82 72.18 71.22 92.35 77.79 87.46 72.69 53.01 32.02 92.44 91.08 22.8 42.11 75.33 43.42 43.97 36.88 93.21 62.39 39.29 39.05 32.02 40.11 21.1 33.73 84.29 79.88 52.04 55.76 36.06 105.68 81.79 56.44 6.4 99.57 93.48 25.5 67.18 51.74 65.37 33.53 59.09 67.68 54.04 28.28 33.24 61.55 21.38 56.32 23.32 47.51 39.05 85.0 26.08 106.98 47.17 58.52 30.08 75.66 47.93 89.14 74.06 
68.59 23.02 88.48 62.63 21.4 111.04 28.86 62.65 49.37 18.44 45.61 4.12 20.1 26.4 69.86 13.45 55.08 89.07 10.82 0.0 68.15 68.94 66.48 47.13 45.0 74.24 56.61 22.83 72.01 41.04 46.84 73.17 51.31 85.45 71.42 84.96 55.01 27.46 44.55 64.63 92.72 70.18 71.57 14.0 23.43 41.44 15.62 22.2 20.59 89.16 51.0 39.56 89.69 99.28 70.43 25.61 51.48 58.08 67.19 47.04 75.45 75.89 30.27 21.54 63.56 83.65 67.01 69.4 77.47 70.46 67.47 92.07 92.7 83.1 21.63 17.89 76.61 41.15 64.94 18.11 111.61 67.88 110.64 79.12 41.23 69.81 59.67 17.09 97.64 65.12 72.86 84.17 80.8 89.11 68.68 63.82 32.89 89.69 82.71 24.52 51.09 70.83 45.61 42.19 37.16 89.29 56.04 32.02 37.44 36.77 32.28 14.42 39.05 79.62 80.72 47.3 66.57 35.0 105.44 78.43 65.01 14.14 100.12 92.91 35.74 77.79 41.04 55.95 38.01 68.48 68.45 54.12 22.56 42.05 60.0 29.97 63.79 33.42 36.72 33.73 87.28 18.79 105.1 48.7 50.22 34.06 78.41 58.6 99.7 69.05 
75.31 45.88 99.85 119.5 47.8 113.16 88.41 123.33 61.47 64.82 23.6 68.88 79.63 91.92 89.47 80.96 30.08 105.91 62.77 68.15 0.0 54.0 73.55 43.86 27.02 96.46 84.76 45.54 5.39 33.06 53.49 74.65 57.58 97.02 28.18 83.0 102.0 95.19 89.64 115.26 145.42 80.99 9.22 81.27 81.74 58.94 82.3 50.64 88.64 62.61 18.11 47.71 112.51 65.8 19.7 79.23 74.33 106.83 9.22 32.25 69.01 60.31 87.32 71.25 94.58 102.84 74.33 37.2 55.22 34.71 104.24 100.77 116.11 27.02 75.43 58.01 89.82 27.2 83.19 85.7 64.07 26.63 70.46 132.77 101.67 18.79 58.52 81.49 108.46 77.52 26.0 99.3 22.09 36.01 59.46 63.95 93.41 63.95 99.86 84.4 31.38 63.7 27.07 42.2 98.41 71.56 67.98 64.28 101.51 31.38 100.3 82.35 89.14 70.09 35.17 55.71 62.39 42.05 60.03 60.61 25.08 56.44 51.01 52.17 47.01 80.31 93.02 89.56 90.51 91.08 127.31 114.98 58.14 35.0 123.6 72.86 16.0 66.84 95.34 56.44 141.35 86.93 69.86 106.89 77.49 88.46 22.02 51.97 97.25 66.07 
24.41 60.14 46.84 89.54 61.62 59.3 70.0 96.84 95.8 52.89 44.28 66.48 65.49 79.31 124.33 75.43 26.25 53.85 58.31 68.94 54.0 0.0 23.43 22.8 61.27 47.8 114.56 58.05 59.03 65.0 88.48 116.47 20.0 44.27 80.06 29.0 67.62 92.89 58.24 80.5 107.9 119.28 47.38 81.93 91.71 89.5 74.73 67.94 82.98 113.51 55.03 29.53 147.41 118.53 72.44 92.44 105.55 72.5 45.04 30.53 15.03 107.34 67.03 85.7 123.76 51.88 113.44 86.83 104.04 21.19 62.01 141.74 150.89 81.01 87.98 51.08 38.47 52.84 118.07 85.07 118.04 77.47 124.26 97.62 79.63 71.45 98.98 86.01 54.92 114.62 78.64 137.2 76.03 90.01 103.79 14.21 74.06 114.73 136.82 68.12 27.73 107.79 62.17 76.01 78.23 120.49 103.81 87.73 84.05 51.04 95.9 77.62 61.98 115.95 88.46 90.44 10.63 70.0 114.02 108.5 29.07 55.47 105.0 105.57 33.62 26.93 108.56 116.78 64.78 43.86 98.08 90.24 76.58 33.42 101.0 50.01 38.0 42.05 105.55 82.81 105.48 82.46 123.04 81.02 106.79 65.28 76.01 10.44 43.57 108.71 
2.24 65.74 27.07 70.21 66.65 46.07 57.87 78.52 103.87 48.17 58.14 63.03 56.36 68.71 130.74 68.8 43.57 32.39 55.87 66.48 73.55 23.43 0.0 32.14 73.98 24.41 119.27 63.51 78.85 76.16 97.5 126.53 18.68 24.02 97.02 18.6 47.85 85.48 41.05 59.77 85.59 127.53 68.31 77.2 89.87 96.61 67.23 72.95 75.18 128.66 70.06 33.84 152.86 135.06 90.27 91.93 111.51 52.39 65.25 44.01 14.32 120.42 54.41 86.56 127.64 29.41 122.38 102.24 118.23 43.91 39.45 150.38 156.16 100.28 87.73 49.68 16.28 64.94 124.82 79.32 137.19 94.0 142.17 76.16 64.5 89.27 109.42 82.46 36.35 122.58 96.13 144.47 95.52 109.18 115.69 9.85 60.88 129.76 143.66 57.38 43.1 119.37 74.97 86.02 64.13 134.16 111.89 92.11 70.61 61.61 87.24 71.02 46.53 128.06 106.17 99.16 12.81 78.77 132.64 122.0 49.98 55.61 124.04 123.07 37.7 11.31 107.52 120.21 49.65 20.52 78.64 73.03 80.45 44.41 84.02 39.82 57.97 33.6 102.45 89.01 83.63 75.29 140.0 64.0 111.83 51.42 95.04 21.59 33.3 119.55 
34.23 37.48 59.21 79.88 38.9 76.84 53.85 85.48 74.09 33.0 26.02 45.12 47.38 61.4 102.2 55.23 14.87 64.03 36.88 47.13 43.86 22.8 32.14 0.0 41.98 53.15 92.02 35.36 49.24 44.6 67.12 95.75 14.14 56.14 65.19 46.62 60.14 72.56 48.41 73.59 103.28 97.75 40.8 60.64 69.35 67.42 55.04 45.25 63.13 96.52 38.0 8.0 125.1 103.0 58.86 69.84 83.24 65.12 36.89 12.17 33.62 88.53 51.55 62.97 101.12 60.3 92.18 70.11 86.15 25.71 60.54 120.44 128.55 69.64 65.37 29.61 48.0 32.98 96.02 64.13 106.1 62.07 110.45 91.29 65.55 57.87 78.39 64.2 68.47 92.96 64.5 115.38 65.15 78.34 84.12 24.04 58.52 97.62 114.86 50.99 12.53 87.92 42.95 55.04 63.25 102.18 82.15 65.05 68.15 30.08 76.16 57.31 49.74 96.46 74.55 68.96 24.6 48.37 101.27 90.03 25.0 33.24 92.96 91.27 11.4 41.48 85.96 94.07 51.88 47.54 88.2 77.82 53.81 12.37 87.85 34.54 30.0 26.83 83.38 60.44 99.72 62.29 108.02 68.88 84.29 51.08 64.29 13.6 62.24 88.39 
76.12 22.02 100.98 103.17 23.6 118.68 69.81 105.26 37.2 47.51 17.0 46.75 60.44 70.77 66.22 58.41 35.51 105.23 42.64 45.0 27.02 61.27 73.98 41.98 0.0 93.02 59.48 22.63 29.27 6.08 29.21 55.47 55.44 97.87 27.78 88.23 89.16 70.66 76.69 101.52 131.53 59.41 33.96 56.82 55.32 33.11 60.31 24.7 65.46 55.01 9.49 41.01 89.64 62.51 25.5 52.47 49.24 93.52 30.68 31.02 74.67 46.57 69.63 44.55 69.32 101.04 53.15 29.43 44.28 48.8 95.57 81.22 93.24 38.21 48.84 40.31 89.45 9.06 59.82 61.29 69.78 24.19 71.57 118.21 83.24 24.84 38.01 56.08 110.32 55.17 28.6 77.78 35.81 44.82 42.54 65.97 74.65 56.04 77.83 65.44 33.54 46.52 1.0 16.64 79.51 60.21 44.69 37.34 81.32 13.15 76.06 59.41 74.24 54.78 37.59 31.4 66.1 15.03 64.08 48.05 38.95 36.4 57.31 52.5 38.05 83.43 66.01 63.69 74.79 87.05 110.21 96.67 31.4 29.61 103.97 58.69 31.91 55.08 68.59 29.61 126.76 63.51 67.9 89.63 51.89 71.87 33.42 54.71 103.73 47.51 
23.43 80.41 17.46 55.44 80.81 40.82 55.9 64.94 118.36 56.46 78.64 70.24 58.41 67.27 143.02 72.01 66.41 15.0 65.0 74.24 96.46 47.8 24.41 53.15 93.02 0.0 130.39 78.26 101.83 94.09 112.97 141.99 39.05 15.52 118.09 30.36 34.79 86.27 34.83 43.05 64.26 141.48 91.92 81.61 96.25 110.6 69.66 86.59 76.42 148.0 90.67 52.09 163.78 155.32 111.99 99.48 123.98 37.85 88.6 65.31 36.24 138.36 52.35 95.71 137.75 9.43 137.03 122.2 137.03 68.26 20.0 164.17 166.86 122.72 95.77 60.73 11.7 84.05 137.57 82.46 159.25 114.86 163.36 56.89 57.31 111.0 125.6 87.66 24.84 136.4 117.55 157.2 118.14 131.47 132.85 34.13 57.01 149.0 156.02 57.31 65.25 136.19 94.02 102.7 58.52 152.33 126.13 104.06 65.19 80.0 86.45 74.03 41.87 145.12 127.58 114.34 37.2 94.89 154.38 140.23 73.82 67.05 146.11 144.13 55.0 25.06 113.72 130.15 44.82 6.08 63.13 61.68 92.66 64.5 72.28 44.29 81.34 42.06 106.83 102.62 63.32 77.23 160.53 53.85 123.49 48.17 117.39 45.19 36.35 135.79 
121.49 54.56 143.59 113.07 53.26 165.16 82.61 109.77 23.54 73.93 74.06 60.73 75.5 75.01 14.04 63.39 91.83 145.0 65.39 56.61 84.76 114.56 119.27 92.02 59.48 130.39 0.0 56.73 85.16 53.71 31.32 29.07 101.61 140.47 67.07 136.82 110.48 59.84 100.9 118.27 143.28 20.0 92.85 54.08 39.01 26.42 66.37 46.86 64.01 59.06 68.88 86.83 33.62 70.33 72.69 34.01 10.44 112.87 89.96 85.04 125.1 44.78 85.0 35.17 9.85 139.71 22.2 58.03 50.92 106.83 123.94 37.12 36.89 81.01 36.35 70.24 131.53 64.9 11.66 56.01 90.47 65.28 83.35 130.1 92.01 72.84 31.26 48.01 152.96 17.03 70.11 28.07 82.22 81.39 37.95 114.2 85.21 58.67 26.31 78.92 88.73 36.25 59.03 42.95 88.02 52.01 19.1 27.2 85.09 64.82 64.54 62.2 94.92 40.8 71.25 29.12 115.88 46.04 84.31 47.42 97.64 64.01 84.2 72.73 82.62 130.36 29.07 6.71 93.38 124.48 116.62 102.31 38.83 81.34 103.75 86.38 91.3 88.57 39.0 31.89 137.36 62.0 75.47 100.0 7.81 89.27 79.23 105.55 152.3 32.2 
65.74 2.24 89.2 81.12 3.61 109.57 47.43 82.8 40.5 26.25 24.02 24.21 38.01 48.17 67.42 36.06 37.7 91.92 20.25 22.83 45.54 58.05 63.51 35.36 22.63 78.26 56.73 0.0 49.24 19.72 34.71 63.79 45.28 86.03 50.0 80.45 68.68 49.65 56.52 80.41 110.07 64.08 49.65 35.74 38.21 33.11 37.8 9.9 43.42 72.57 28.18 30.23 90.0 81.61 48.1 37.11 48.26 72.73 45.4 29.97 68.41 61.13 47.51 29.41 65.76 87.1 59.14 49.66 61.0 53.49 77.23 86.93 93.41 60.83 32.76 19.42 77.16 18.38 61.4 40.16 91.42 46.4 91.92 96.61 60.8 47.42 47.38 36.35 98.68 59.09 51.09 81.01 58.26 67.36 55.01 57.69 52.2 73.35 80.26 43.01 34.01 58.14 23.35 25.08 57.01 75.11 48.47 29.7 58.69 14.32 54.78 37.22 53.14 67.12 59.64 36.14 59.2 17.03 85.48 63.29 46.1 14.32 79.32 73.35 26.08 74.3 52.81 58.73 53.31 72.18 87.92 74.2 18.6 25.55 81.34 38.64 43.01 37.01 52.47 25.55 105.1 41.59 87.28 67.42 49.04 50.09 55.97 48.84 96.04 57.56 
80.6 49.4 105.08 124.48 51.26 118.07 93.09 128.14 61.68 69.53 28.32 72.95 84.2 96.25 89.05 85.0 35.44 111.2 67.12 72.01 5.39 59.03 78.85 49.24 29.27 101.83 85.16 49.24 0.0 35.13 53.85 73.24 62.97 102.26 25.0 88.02 107.2 98.79 94.81 120.42 150.6 80.13 12.65 84.86 84.53 59.84 86.45 53.6 92.57 59.17 21.19 53.0 111.83 61.68 16.4 81.74 74.73 112.0 14.0 37.59 74.06 57.98 92.1 73.82 94.92 108.17 73.43 34.66 52.5 39.32 109.59 99.2 115.41 22.02 78.09 62.63 95.13 30.87 82.86 89.32 59.01 24.04 65.76 137.91 106.4 15.62 57.71 84.77 113.64 76.92 22.47 98.27 17.0 31.02 57.8 69.23 98.08 60.54 98.98 89.02 36.77 62.01 29.15 43.29 103.08 68.6 67.78 66.01 106.02 35.36 104.0 86.31 94.18 67.9 31.02 56.04 67.6 44.1 55.15 58.05 30.0 60.75 46.01 47.8 52.2 85.48 95.05 90.24 95.48 96.46 132.23 119.75 60.67 40.22 128.23 77.9 21.1 72.01 97.87 58.03 146.49 90.8 65.52 111.76 78.1 93.35 17.26 57.27 102.12 64.64 
78.34 18.6 102.96 100.85 19.85 121.43 67.12 102.42 31.89 45.69 21.26 43.19 57.69 67.21 60.96 54.49 39.82 106.79 39.96 41.04 33.06 65.0 76.16 44.6 6.08 94.09 53.71 19.72 35.13 0.0 24.04 51.48 57.49 99.82 30.48 91.18 87.92 65.86 75.58 99.92 129.71 54.67 40.02 52.15 49.73 27.29 56.57 19.72 61.22 54.23 15.52 42.58 84.39 62.59 29.68 46.69 43.57 92.11 36.69 34.48 77.88 44.41 67.23 38.83 63.53 102.4 48.6 30.08 43.01 53.81 95.35 76.84 87.97 42.2 43.17 38.63 91.24 12.21 54.56 56.6 71.69 26.91 72.45 116.28 80.45 29.15 34.0 50.99 112.38 50.25 31.83 72.92 40.31 48.08 39.56 68.62 71.85 55.15 72.84 62.68 37.44 43.32 6.0 11.31 76.61 58.31 39.6 31.26 77.99 14.56 71.34 55.32 72.62 51.92 40.0 26.17 69.08 9.0 65.76 46.17 44.2 34.0 59.64 53.71 39.2 86.02 60.0 57.78 72.92 88.05 107.62 93.81 25.71 32.31 100.66 57.57 37.59 54.74 62.8 23.54 124.78 59.2 68.15 87.13 46.07 69.77 37.74 57.78 106.78 43.86 
99.72 32.56 123.66 109.42 32.25 143.39 75.69 108.85 8.06 59.01 45.28 50.45 66.71 72.09 37.01 58.69 63.78 126.61 51.16 46.84 53.49 88.48 97.5 67.12 29.21 112.97 31.32 34.71 53.85 24.04 0.0 29.12 78.92 120.5 37.48 113.6 100.72 64.03 89.2 111.2 139.56 30.81 61.74 52.48 43.14 8.06 61.47 27.0 63.13 43.05 38.28 63.69 60.44 53.82 42.01 38.29 20.88 104.24 59.06 58.01 100.72 29.15 76.9 32.65 41.11 121.81 25.06 30.08 31.62 77.83 111.0 53.34 64.03 51.62 36.8 53.08 111.68 36.12 30.61 56.3 69.53 35.13 66.07 125.96 87.92 42.05 13.04 48.6 133.15 26.25 40.31 48.92 52.09 53.76 21.84 90.8 79.7 43.42 48.8 71.31 61.22 24.19 28.6 12.73 83.82 42.45 15.56 19.1 83.26 37.44 69.66 58.6 84.72 33.14 43.66 2.24 91.71 18.79 63.13 31.78 68.12 47.01 60.21 50.45 59.81 107.94 46.24 36.5 84.17 106.89 114.95 100.46 24.35 55.23 105.12 72.0 61.03 71.45 52.48 13.42 134.1 60.9 59.64 95.51 24.33 80.41 49.09 80.62 129.25 23.02 
128.75 61.61 152.78 134.54 61.19 172.33 101.71 132.7 24.02 87.28 72.4 77.1 93.26 96.32 21.59 83.36 90.97 155.71 79.1 73.17 74.65 116.47 126.53 95.75 55.47 141.99 29.07 63.79 73.24 51.48 29.12 0.0 107.91 149.62 50.09 142.35 128.06 84.31 117.02 137.71 164.94 10.44 83.74 75.43 62.39 32.02 86.31 55.58 86.13 31.32 63.25 92.7 40.26 42.15 57.8 57.01 25.06 131.24 82.07 85.96 129.25 19.03 103.39 54.57 34.44 150.88 7.21 39.81 26.08 103.86 139.29 26.17 43.68 62.3 57.57 81.74 140.8 63.63 18.36 78.45 63.32 49.74 55.04 151.43 112.97 58.31 17.49 70.21 162.26 12.04 53.23 25.63 65.0 60.02 15.65 119.62 105.22 30.68 26.93 97.51 88.84 11.7 54.64 40.72 108.85 23.02 17.26 41.44 107.2 65.74 89.55 82.76 112.04 12.08 50.7 27.66 120.34 47.76 57.49 21.02 93.72 75.54 59.14 47.17 88.87 136.86 57.01 35.61 111.16 135.92 139.22 124.66 51.0 83.63 127.76 100.32 85.63 100.28 66.29 40.05 159.25 83.93 46.96 120.84 28.84 107.23 62.24 109.12 157.99 8.6 
20.88 47.51 45.54 71.11 48.55 64.47 50.0 77.83 85.43 34.01 40.01 48.37 45.71 59.41 112.68 56.3 27.73 50.0 40.5 51.31 57.58 20.0 18.68 14.14 55.44 39.05 101.61 45.28 62.97 57.49 78.92 107.91 0.0 42.43 79.31 35.23 49.93 73.68 39.4 63.25 92.1 109.12 53.71 63.51 74.63 78.29 55.36 54.92 63.6 110.29 52.04 15.23 135.09 117.0 72.99 76.06 93.49 54.92 50.09 26.31 24.21 101.79 47.04 70.04 110.26 46.17 103.87 84.02 99.72 33.6 47.8 131.95 138.45 83.68 71.7 33.6 34.06 46.39 106.68 66.31 120.22 76.16 124.58 80.8 59.84 72.01 90.76 68.1 54.92 104.2 78.64 126.27 79.12 92.42 97.02 12.73 54.08 111.36 125.54 48.17 26.25 100.69 56.44 67.36 58.31 115.57 93.47 74.4 64.07 42.95 76.4 58.52 42.45 109.38 88.68 80.62 15.26 60.17 115.41 103.41 36.4 38.95 107.08 105.39 19.24 29.07 92.01 102.94 45.12 33.53 79.62 70.88 62.8 26.02 81.49 30.02 42.94 22.09 87.98 70.83 89.02 63.25 122.07 61.68 94.05 45.4 78.34 10.44 50.77 100.88 
22.0 88.26 3.16 70.86 88.96 26.25 70.0 80.41 126.53 67.12 82.15 81.61 71.42 81.4 152.54 84.86 67.27 10.0 75.47 85.45 97.02 44.27 24.02 56.14 97.87 15.52 140.47 86.03 102.26 99.82 120.5 149.62 42.43 0.0 121.0 19.1 50.29 100.0 49.4 58.31 77.37 150.05 91.22 94.18 108.23 119.04 82.73 95.08 89.94 152.64 94.09 57.27 174.06 159.08 114.16 111.02 133.33 53.37 88.46 68.03 29.97 144.18 66.4 106.53 148.35 10.77 145.17 126.25 142.14 65.46 35.23 172.89 177.26 123.91 107.07 70.24 8.94 88.81 146.82 95.46 160.9 118.0 166.11 71.25 72.45 113.16 132.7 100.0 12.65 145.03 120.07 166.52 119.08 132.85 139.27 33.14 71.56 153.73 165.53 70.94 67.03 142.86 98.86 109.38 73.43 157.99 134.48 113.6 80.13 85.33 100.6 86.98 56.3 151.63 130.1 122.07 34.71 101.92 156.46 145.83 72.78 76.48 147.76 147.03 60.88 17.46 125.88 140.8 59.36 18.87 78.41 77.2 101.98 68.36 87.8 56.08 81.22 52.15 119.6 111.23 77.1 90.55 164.01 69.29 133.27 62.43 118.71 45.18 21.02 142.87 
99.01 49.04 124.0 130.92 50.33 139.3 97.42 132.8 44.05 75.29 39.46 73.66 88.01 97.67 68.15 84.85 54.23 129.19 70.21 71.42 28.18 80.06 97.02 65.19 27.78 118.09 67.07 50.0 25.0 30.48 37.48 50.09 79.31 121.0 0.0 108.78 116.78 95.21 104.28 129.25 159.3 58.19 37.22 81.84 76.94 45.12 87.0 49.58 91.35 34.44 27.46 66.29 89.89 38.47 8.6 72.92 57.0 121.2 37.16 53.08 94.76 33.42 97.35 65.76 76.32 125.48 51.55 10.3 27.59 62.3 122.41 75.47 93.41 14.14 70.24 68.1 113.11 35.47 62.37 86.21 42.15 3.61 45.28 145.99 110.8 9.43 36.67 79.88 133.03 55.79 3.16 75.64 15.3 17.8 34.44 88.02 102.2 35.78 76.69 93.01 54.01 38.47 26.93 31.76 107.0 43.6 48.26 54.42 108.47 40.31 100.8 85.59 102.0 43.42 9.85 39.32 87.21 37.01 36.69 33.24 52.2 64.07 29.53 26.08 64.03 105.17 83.24 73.0 102.58 112.29 137.88 124.2 53.54 53.6 131.14 86.33 43.01 82.28 88.39 46.62 154.55 89.27 43.1 117.32 61.03 99.64 12.37 76.06 123.63 41.63 
16.64 82.68 20.62 84.02 83.76 30.59 75.77 93.02 120.35 66.71 71.57 81.57 74.79 86.82 147.87 87.37 54.59 29.0 74.28 84.96 83.0 29.0 18.6 46.62 88.23 30.36 136.82 80.45 88.02 91.18 113.6 142.35 35.23 19.1 108.78 0.0 62.03 103.94 57.49 72.34 94.58 144.06 76.24 95.8 108.37 113.37 85.76 90.14 93.65 141.79 82.98 50.25 170.32 147.23 101.32 110.32 128.7 66.01 74.03 57.28 14.04 134.77 72.24 104.74 145.42 29.41 138.64 115.12 131.94 49.5 49.82 166.83 173.68 110.0 106.07 67.9 18.68 79.38 141.83 97.91 147.03 106.07 153.21 87.1 81.25 100.32 125.0 101.04 26.93 139.19 107.47 161.38 105.02 119.0 130.63 22.83 78.43 142.97 160.7 75.58 55.32 134.48 89.19 101.64 81.32 148.22 128.41 109.62 87.93 76.69 105.55 89.59 63.6 142.95 117.35 115.38 22.14 94.81 143.01 136.12 58.03 73.66 134.0 134.45 54.38 7.62 125.99 138.06 66.76 30.15 92.14 88.46 98.01 58.87 99.41 58.31 67.0 52.2 121.04 106.0 93.68 93.81 151.85 79.76 129.27 68.95 105.0 33.53 15.65 135.0 
48.51 70.34 52.2 22.36 69.86 75.15 28.16 31.0 104.12 42.45 79.61 51.0 35.13 38.01 124.17 47.3 74.97 47.89 49.65 55.01 102.0 67.62 47.85 60.14 89.16 34.79 110.48 68.68 107.2 87.92 100.72 128.06 49.93 50.29 116.78 62.03 0.0 57.31 12.53 13.45 43.42 125.14 100.5 57.01 72.53 96.13 44.38 73.98 48.85 141.16 90.43 54.56 142.37 150.28 112.77 76.9 106.3 5.0 96.33 70.18 62.17 129.07 25.5 75.54 116.18 42.49 122.0 117.99 129.52 83.49 17.03 146.77 145.07 125.03 74.15 49.34 44.55 81.39 119.6 56.3 158.9 113.22 160.37 31.14 24.04 111.89 113.75 63.32 58.59 120.1 117.17 138.45 121.26 132.88 122.33 54.08 26.83 141.89 136.78 31.58 72.14 124.9 90.08 93.39 26.4 142.86 111.0 87.02 32.56 76.49 56.04 48.76 16.03 133.84 126.63 101.49 58.19 85.38 153.24 131.4 85.04 54.57 146.26 141.51 55.0 55.01 88.6 108.68 17.12 32.39 30.81 26.93 77.1 67.01 37.66 30.46 89.83 35.23 80.11 88.2 39.6 50.33 155.94 19.24 104.69 21.21 119.71 60.03 70.83 123.49 
87.32 49.4 102.73 54.33 47.54 126.25 30.48 50.09 63.29 40.02 73.01 28.02 29.15 19.42 73.82 17.46 82.02 101.14 36.01 27.46 95.19 92.89 85.48 72.56 70.66 86.27 59.84 49.65 98.79 65.86 64.03 84.31 73.68 100.0 95.21 103.94 57.31 0.0 51.74 61.68 84.01 78.16 98.95 13.93 21.93 56.61 18.38 46.14 10.3 106.83 77.62 64.63 88.28 117.8 95.52 27.31 59.46 58.18 94.59 74.06 96.77 92.36 33.97 31.4 63.01 95.48 77.25 91.35 95.6 97.05 73.5 96.88 90.55 107.91 27.46 43.1 91.83 68.01 70.83 9.49 132.94 91.84 130.1 71.18 34.79 95.02 75.17 15.56 111.04 73.68 97.08 87.37 106.17 113.0 84.6 85.23 30.53 107.07 85.21 29.07 78.03 85.59 71.12 63.89 31.38 104.32 67.54 45.22 26.68 63.89 5.66 15.3 44.69 93.48 103.86 63.6 88.6 58.25 126.59 95.13 92.2 41.11 122.49 113.86 61.29 96.38 33.14 56.14 42.01 81.39 57.04 43.05 41.87 69.07 43.93 45.65 91.24 52.39 23.54 50.99 78.0 10.44 123.6 42.45 56.32 38.29 103.59 82.46 117.32 82.76 
42.19 58.25 51.87 31.76 57.87 75.45 21.26 38.6 93.01 30.41 67.12 40.45 25.63 32.53 114.34 38.91 63.13 49.52 38.05 44.55 89.64 58.24 41.05 48.41 76.69 34.83 100.9 56.52 94.81 75.58 89.2 117.02 39.4 49.4 104.28 57.49 12.53 51.74 0.0 25.61 55.8 114.63 88.39 48.75 64.08 85.01 36.24 62.29 42.2 129.07 77.9 42.43 133.45 138.05 100.24 68.01 96.03 17.2 84.17 58.0 55.01 117.24 17.8 65.73 107.21 43.86 111.16 105.62 117.48 72.56 23.09 136.62 136.3 112.51 64.85 37.11 42.05 68.88 109.49 48.88 146.41 100.72 148.0 43.19 23.77 99.36 102.24 55.04 59.67 109.55 104.65 128.65 108.76 120.35 110.65 45.54 22.2 129.84 127.12 23.32 60.14 113.36 77.62 81.39 24.17 131.11 100.12 76.42 30.87 63.98 51.66 40.71 7.07 122.33 114.13 90.09 49.65 73.35 140.77 119.52 73.41 42.58 133.75 129.1 42.64 50.01 80.95 99.62 10.0 30.53 40.25 32.25 66.03 54.67 43.19 18.03 77.79 22.8 73.25 77.0 51.74 43.27 143.68 23.09 94.73 13.45 107.19 49.77 68.54 112.11 
60.17 81.93 59.68 13.0 81.27 81.32 36.06 22.85 113.99 54.23 92.66 60.83 44.55 43.57 132.19 55.01 88.41 53.85 60.73 64.63 115.26 80.5 59.77 73.59 101.52 43.05 118.27 80.41 120.42 99.92 111.2 137.71 63.25 58.31 129.25 72.34 13.45 61.68 25.61 0.0 30.23 134.06 113.9 64.2 79.51 106.07 52.01 84.9 54.74 152.49 103.25 67.94 149.11 161.92 125.54 84.29 115.02 8.49 109.71 83.55 74.04 139.95 34.37 84.01 123.18 49.03 131.38 130.0 140.8 96.83 23.09 155.08 151.61 137.91 82.05 61.33 54.04 94.02 128.02 62.65 171.29 125.67 172.33 17.69 26.93 124.68 124.15 70.35 64.56 129.1 129.77 146.34 134.24 145.62 132.98 66.71 33.06 153.16 144.5 40.2 85.56 135.33 102.42 104.69 30.59 153.59 120.5 96.33 35.11 89.07 59.24 56.08 27.31 144.18 139.09 111.8 70.77 96.77 165.53 142.37 98.49 66.13 158.78 153.63 68.25 65.76 94.37 115.85 27.2 42.19 20.1 22.63 87.13 80.28 31.38 43.05 103.25 48.41 85.16 98.31 26.17 56.57 167.63 19.31 113.02 30.81 132.61 73.25 79.31 133.66 
85.48 111.49 77.67 30.41 110.69 95.02 63.89 34.23 141.66 84.08 122.89 89.19 73.05 68.73 157.32 81.58 118.14 69.87 90.08 92.72 145.42 107.9 85.59 103.28 131.53 64.26 143.28 110.07 150.6 129.71 139.56 164.94 92.1 77.37 159.3 94.58 43.42 84.01 55.8 30.23 0.0 160.38 143.84 89.81 104.31 133.88 78.64 113.89 79.4 181.55 133.45 97.95 172.19 191.27 155.72 109.46 141.28 38.6 139.7 113.57 99.3 168.59 62.97 110.48 147.0 66.71 158.32 159.73 169.85 125.61 46.14 180.4 174.35 168.12 107.91 91.24 75.96 124.17 153.73 87.37 201.26 155.71 201.96 13.6 51.97 154.87 152.35 95.52 79.31 155.56 159.88 171.14 164.47 175.79 161.4 93.74 59.91 182.16 169.07 68.31 115.43 163.49 132.41 133.9 56.09 182.0 147.68 123.56 58.22 119.2 80.16 82.2 57.31 172.2 169.12 139.98 97.64 126.09 195.43 171.09 127.99 95.75 188.83 183.41 98.41 89.16 117.07 140.03 56.8 65.74 27.17 41.01 115.25 110.42 42.2 73.25 133.12 78.6 107.17 126.38 6.08 81.5 197.02 44.15 138.81 60.01 162.83 101.67 97.67 161.53 
129.77 61.85 153.21 129.99 61.1 173.57 98.02 127.48 23.71 85.7 75.93 74.24 90.05 91.66 11.18 79.16 94.49 155.59 77.28 70.18 80.99 119.28 127.53 97.75 59.41 141.48 20.0 64.08 80.13 54.67 30.81 10.44 109.12 150.05 58.19 144.06 125.14 78.16 114.63 134.06 160.38 0.0 89.87 70.58 56.52 31.02 82.15 55.03 81.05 41.76 67.94 93.91 31.78 52.55 65.39 51.2 19.1 128.02 87.8 88.81 131.37 29.07 100.0 50.09 24.19 150.57 6.71 48.08 36.01 108.21 137.32 22.85 35.34 71.06 52.47 80.78 141.15 66.84 8.49 73.16 73.76 57.38 65.39 146.99 108.56 65.8 22.47 64.94 162.69 5.1 61.35 18.44 73.38 69.46 24.33 121.24 101.18 41.11 18.87 94.0 92.01 21.02 58.69 43.42 104.48 33.12 15.65 38.21 102.26 68.24 83.17 78.31 109.22 22.47 59.84 28.84 122.3 49.4 67.91 31.26 98.29 74.46 69.35 57.43 89.9 138.19 48.88 26.17 108.07 135.44 134.16 119.68 49.03 85.98 122.0 98.66 90.69 99.46 58.59 38.9 154.57 78.92 57.27 116.52 21.84 104.04 70.52 111.31 159.71 17.12 
69.92 50.36 93.94 119.1 52.35 106.0 89.36 123.6 69.78 65.86 25.96 71.78 81.01 93.94 98.11 83.82 26.08 100.42 65.0 71.57 9.22 47.38 68.31 40.8 33.96 91.92 92.85 49.65 12.65 40.02 61.74 83.74 53.71 91.22 37.22 76.24 100.5 98.95 88.39 113.9 143.84 89.87 0.0 85.15 87.09 66.73 84.86 56.01 91.71 71.59 24.52 45.97 121.26 74.33 28.65 85.01 82.46 105.42 4.47 30.41 62.39 69.53 87.92 77.01 102.69 97.72 83.23 46.4 64.4 27.02 101.24 109.88 124.87 34.37 81.01 59.48 84.48 32.02 91.79 89.5 71.06 35.81 78.26 131.55 102.34 27.78 67.42 85.99 102.26 86.28 34.89 108.23 29.27 43.29 68.62 58.52 94.34 72.95 108.72 85.59 28.43 72.86 34.21 49.98 99.32 80.71 76.54 71.2 102.96 35.36 103.85 85.38 88.62 79.31 43.66 63.98 56.52 48.84 67.48 69.81 18.44 58.87 58.22 60.44 46.1 74.15 99.41 97.41 90.27 86.82 127.14 115.43 64.07 34.21 124.56 72.47 10.82 65.8 101.0 63.56 140.07 90.14 78.16 107.0 85.44 88.6 29.83 46.82 90.01 75.17 
