100
0.0 46.82 24.74 16.0 72.37 31.78 78.26 7.07 11.66 63.03 98.41 22.36 40.85 9.9 40.01 17.0 80.75 34.79 14.87 94.53 18.87 88.68 90.93 22.47 10.63 45.22 30.15 12.65 37.01 20.0 7.28 18.97 8.54 15.26 33.24 27.31 35.47 85.09 39.12 43.1 81.05 7.07 31.78 24.17 56.32 20.25 35.44 8.0 38.9 54.41 11.05 42.3 36.35 82.38 76.94 69.43 17.72 98.13 57.01 9.06 26.02 50.6 73.68 31.06 28.18 14.04 14.56 47.38 88.2 19.65 83.38 55.79 70.86 42.0 107.12 11.7 28.07 91.2 10.3 108.02 108.46 44.72 54.04 103.48 18.87 77.01 86.15 19.03 101.04 20.52 100.98 52.81 35.11 79.76 85.71 87.82 107.23 26.0 7.07 10.44 
46.82 0.0 71.47 62.1 27.07 15.3 44.6 50.54 58.31 23.6 54.45 69.08 6.08 43.57 17.46 59.54 36.35 77.16 49.04 50.36 28.64 44.28 54.38 63.13 51.62 2.24 75.13 34.18 18.38 28.84 54.08 27.86 53.6 39.2 16.28 19.65 77.06 42.72 13.93 19.03 46.23 40.52 73.06 70.94 15.62 63.64 78.23 39.4 28.86 8.0 45.28 11.18 82.71 37.01 32.25 38.42 49.01 55.11 21.4 38.08 72.03 4.0 38.95 22.2 74.85 45.04 50.0 22.2 49.19 63.95 39.81 31.62 37.48 16.12 66.41 58.52 74.22 48.05 49.5 66.48 69.08 8.0 20.59 59.3 38.21 37.12 43.42 30.23 58.46 30.02 63.53 6.08 77.1 35.36 41.3 51.31 67.07 20.88 45.89 36.4 
24.74 71.47 0.0 10.0 97.08 56.3 101.32 23.02 14.0 87.37 122.92 5.66 65.46 31.02 64.2 16.64 105.38 19.24 27.59 119.08 43.08 113.28 114.21 18.68 22.02 69.92 10.82 37.36 61.2 44.41 17.46 43.68 18.36 37.05 57.87 51.87 21.02 109.46 63.64 67.07 104.24 31.02 19.65 4.47 80.89 13.93 18.87 32.56 61.29 79.12 28.6 66.91 12.04 107.08 101.61 92.35 29.83 122.49 81.15 33.73 5.39 75.29 97.08 55.15 7.07 30.48 29.12 71.0 112.0 12.08 107.91 78.41 94.13 66.27 131.0 13.15 5.66 115.62 24.21 132.06 132.06 69.43 78.1 128.0 40.2 101.12 110.55 43.29 125.32 43.42 124.26 77.49 20.12 104.39 110.32 111.16 131.0 50.6 26.42 35.17 
16.0 62.1 10.0 0.0 88.12 46.84 94.05 16.55 8.49 79.03 114.35 10.77 56.04 24.04 56.01 8.06 96.63 20.25 17.8 110.45 33.53 104.58 106.79 12.37 12.04 60.64 14.32 28.28 53.01 36.0 9.22 34.53 8.54 30.08 49.16 42.45 21.4 101.08 55.08 59.08 96.88 21.59 18.38 11.66 72.25 7.62 20.59 24.0 54.34 69.86 18.6 58.22 20.62 98.15 92.78 85.16 20.25 114.11 73.01 25.02 10.05 65.97 89.56 47.04 15.81 20.52 24.41 63.29 104.17 5.83 99.32 71.39 86.7 58.0 123.1 6.4 12.17 107.17 14.21 124.02 124.4 60.53 70.03 119.42 33.53 93.01 102.12 35.01 117.04 33.54 116.84 68.15 20.81 95.63 101.6 103.7 123.2 41.23 16.55 26.17 
72.37 27.07 97.08 88.12 0.0 42.01 28.64 75.0 83.43 14.42 27.46 94.11 33.02 67.36 34.44 86.21 9.49 104.04 76.0 23.35 55.15 17.26 33.02 90.02 78.23 28.0 101.6 59.84 37.16 52.89 79.62 53.6 79.76 62.03 39.29 46.1 104.0 17.2 33.84 32.76 28.46 66.61 100.0 96.05 17.0 90.27 105.08 64.54 42.8 19.1 72.06 30.36 108.67 10.05 5.39 28.16 76.06 28.46 20.52 63.35 98.15 23.09 24.08 43.08 99.72 72.0 72.62 31.24 26.25 90.45 13.42 32.76 25.02 32.2 40.71 83.95 100.28 21.54 76.16 40.31 44.1 27.66 23.35 32.25 60.01 16.16 17.49 54.12 31.95 57.01 40.31 21.21 104.02 8.54 14.32 30.53 41.68 47.17 72.34 61.98 
31.78 15.3 56.3 46.84 42.01 0.0 55.07 36.06 43.38 35.74 69.12 54.13 9.22 29.73 17.8 44.28 51.04 62.03 34.01 65.07 13.34 59.03 66.31 48.01 36.35 14.04 59.84 19.24 16.12 15.81 39.0 13.04 38.33 26.4 9.85 4.47 62.0 56.72 14.14 21.26 57.25 25.3 58.0 55.95 27.89 48.37 63.07 24.7 26.25 23.19 30.07 15.26 67.45 52.04 47.01 47.43 34.23 69.46 31.3 23.32 56.75 19.24 49.65 15.13 59.93 30.02 36.8 26.17 61.98 48.66 54.23 36.8 47.51 18.38 80.05 43.46 58.94 62.39 34.23 80.41 82.28 15.81 29.15 74.06 26.42 50.0 57.56 17.2 72.69 15.13 75.96 21.38 62.01 50.04 56.04 63.16 80.52 5.83 30.59 21.47 
78.26 44.6 101.32 94.05 28.64 55.07 0.0 78.31 87.37 21.26 31.14 97.08 48.6 70.35 39.22 94.59 25.18 112.81 86.65 29.41 65.55 27.31 13.04 99.46 86.83 44.05 108.34 67.45 42.06 58.69 84.85 62.3 86.68 64.28 47.54 57.7 113.27 19.7 41.63 35.74 3.16 74.46 109.38 99.08 29.0 98.27 113.56 70.41 40.05 39.05 81.91 39.82 113.36 29.27 26.02 9.0 87.66 28.32 23.85 69.63 103.82 41.73 5.66 47.54 102.0 82.87 73.0 31.05 13.6 97.86 22.8 23.0 7.62 37.7 31.32 88.57 105.68 24.41 85.16 33.24 31.26 39.66 25.94 35.38 61.13 13.0 21.02 59.44 29.41 69.35 23.0 41.11 113.03 25.08 26.25 10.2 30.81 58.18 80.78 69.12 
7.07 50.54 23.02 16.55 75.0 36.06 78.31 0.0 9.06 64.63 100.28 19.24 44.78 8.0 41.44 20.52 82.98 36.72 21.38 96.51 24.04 90.8 91.2 26.17 16.16 48.75 30.68 17.03 38.47 22.14 7.81 23.02 12.21 14.04 35.74 31.62 37.74 86.7 41.23 44.18 81.22 13.42 34.41 21.21 58.46 22.8 37.12 11.4 38.33 57.78 18.0 44.64 35.06 84.9 79.31 69.35 24.33 99.72 58.31 12.81 25.71 54.13 74.06 32.39 24.74 21.0 8.6 48.01 89.01 21.63 85.33 55.44 71.11 43.57 108.02 10.44 27.46 92.91 16.49 109.11 109.04 47.43 55.23 105.38 17.26 78.23 87.82 20.88 102.49 26.63 101.24 56.36 37.22 82.0 87.86 88.14 108.0 30.23 14.0 14.87 
11.66 58.31 14.0 8.49 83.43 43.38 87.37 9.06 0.0 73.44 109.04 10.77 52.39 17.03 50.25 14.87 91.59 28.6 20.62 105.22 30.53 99.46 100.24 20.12 14.32 56.65 21.93 24.17 47.27 30.59 5.0 30.46 9.22 23.09 44.15 38.91 29.83 95.52 49.82 53.08 90.27 18.6 26.87 12.65 67.08 15.81 28.84 18.97 47.38 65.79 19.24 53.15 26.02 93.39 87.86 78.41 23.54 108.56 67.19 20.25 16.76 62.03 83.1 41.19 16.55 21.93 16.12 57.0 98.0 14.21 94.05 64.5 80.16 52.35 117.0 2.24 18.44 101.71 15.81 118.07 118.07 55.79 64.12 114.13 26.31 87.14 96.63 29.43 111.36 31.89 110.29 64.26 29.21 90.61 96.51 97.19 117.0 37.58 15.81 21.93 
63.03 23.6 87.37 79.03 14.42 35.74 21.26 64.63 73.44 0.0 35.69 83.86 28.18 56.72 23.19 78.23 19.24 96.42 69.05 32.02 47.68 26.57 30.89 82.61 70.26 23.32 93.01 51.04 26.17 43.05 70.11 45.18 71.01 50.99 30.07 39.05 96.63 22.09 24.02 20.62 22.67 58.08 92.66 85.84 8.06 82.15 97.33 55.04 29.53 17.8 64.63 21.21 99.25 22.2 16.4 16.76 69.63 35.13 6.71 54.01 89.05 20.52 15.62 32.25 89.27 65.12 61.13 17.89 26.25 82.05 20.88 18.36 14.76 21.1 44.55 74.24 91.09 28.28 68.36 45.18 46.57 19.92 9.85 40.79 48.51 14.32 23.19 44.1 38.01 50.7 40.31 19.85 96.52 18.36 23.77 27.78 44.91 39.81 64.2 53.01 
98.41 54.45 122.92 114.35 27.46 69.12 31.14 100.28 109.04 35.69 0.0 119.52 60.3 92.4 58.86 113.0 18.11 131.02 103.12 4.12 82.01 10.2 23.41 117.04 105.0 55.23 128.14 86.15 61.81 78.52 105.57 80.06 106.17 86.68 65.19 73.03 131.06 13.93 59.3 56.29 28.43 93.09 127.06 121.49 42.11 117.02 132.0 90.45 64.51 46.53 99.02 56.14 134.73 18.03 22.2 37.8 103.31 4.0 42.2 89.36 124.4 50.49 31.4 67.9 124.95 99.13 96.77 53.16 18.03 117.07 15.03 49.65 34.41 56.72 16.64 109.77 126.48 7.62 103.0 14.87 21.47 54.01 45.35 5.1 84.17 23.26 12.65 79.63 6.71 84.21 23.09 48.66 131.03 19.1 13.15 23.71 18.36 74.01 99.02 88.2 
22.36 69.08 5.66 10.77 94.11 54.13 97.08 19.24 10.77 83.86 119.52 0.0 63.16 27.17 60.67 18.68 102.18 24.7 28.3 115.74 41.18 110.02 110.04 22.02 22.2 67.42 16.4 34.93 57.71 41.23 15.26 41.23 17.69 33.06 54.82 49.66 26.42 105.93 60.42 63.39 100.04 29.15 24.7 2.0 77.67 17.03 24.41 29.73 57.04 76.55 28.32 63.79 16.76 104.05 98.49 88.09 30.89 118.95 77.52 31.02 10.82 72.8 93.0 51.62 5.83 30.61 24.33 67.12 108.07 15.03 104.56 74.11 90.01 62.8 127.1 10.82 11.31 112.15 24.21 128.25 128.0 66.48 74.43 124.62 36.0 97.42 107.06 40.02 121.7 42.2 120.07 75.03 25.55 101.2 107.08 107.02 127.04 48.33 25.5 32.7 
40.85 6.08 65.46 56.04 33.02 9.22 48.6 44.78 52.39 28.18 60.3 63.16 0.0 38.01 16.12 53.46 42.19 71.11 43.01 56.22 22.56 50.16 59.06 57.08 45.54 5.1 69.05 28.23 16.03 23.43 48.1 21.93 47.54 33.97 12.08 13.6 71.03 48.27 12.04 18.68 50.48 34.48 67.03 65.0 20.12 57.56 72.17 33.54 27.02 14.04 39.2 10.77 76.66 43.0 38.12 41.73 43.05 60.83 24.84 32.2 65.97 10.05 43.01 18.38 68.94 39.01 44.69 22.85 54.23 57.87 45.54 33.12 41.23 15.52 71.84 52.55 68.15 53.76 43.42 72.03 74.33 9.22 23.35 65.19 33.3 42.15 49.03 24.84 64.13 24.0 68.45 12.17 71.06 41.19 47.17 55.95 72.42 14.87 39.81 30.46 
9.9 43.57 31.02 24.04 67.36 29.73 70.35 8.0 17.03 56.72 92.4 27.17 38.01 0.0 33.54 26.63 75.19 43.86 24.19 88.65 19.24 82.98 83.22 32.2 20.52 41.68 38.33 12.08 30.59 14.76 14.87 17.03 18.03 6.08 28.23 25.46 44.72 78.77 33.53 36.22 73.25 12.17 41.18 29.15 50.7 29.53 44.38 7.07 30.41 50.54 19.7 37.0 43.05 77.2 71.57 61.4 26.83 91.79 50.36 8.25 33.54 47.01 66.07 24.52 32.56 22.47 7.62 40.01 81.01 28.64 77.47 47.52 63.13 35.69 100.02 18.25 35.36 85.0 20.0 101.12 101.04 39.92 47.27 97.49 9.49 70.26 79.91 13.42 94.53 23.09 93.26 49.24 44.28 74.22 80.05 80.16 100.0 24.04 16.12 10.44 
40.01 17.46 64.2 56.01 34.44 17.8 39.22 41.44 50.25 23.19 58.86 60.67 16.12 33.54 0.0 55.73 41.76 73.98 47.43 55.11 26.4 49.48 51.42 60.42 47.85 15.3 70.11 28.44 3.0 20.02 47.01 23.09 48.17 27.89 8.6 19.21 74.33 45.28 4.12 3.61 41.76 35.51 70.41 62.65 17.46 59.54 74.81 32.02 11.4 20.81 42.72 6.32 76.11 44.01 38.28 30.87 48.47 58.31 17.0 31.06 66.0 18.79 34.21 9.06 66.1 43.66 38.28 8.6 48.26 59.3 43.93 19.1 31.62 2.24 67.12 51.09 68.01 51.48 46.1 68.01 68.59 9.85 14.04 63.95 25.63 37.0 46.39 21.0 61.13 30.53 61.39 20.59 74.15 40.8 46.57 48.27 67.27 19.42 41.77 30.27 
17.0 59.54 16.64 8.06 86.21 44.28 94.59 20.52 14.87 78.23 113.0 18.68 53.46 26.63 55.73 0.0 95.05 18.25 11.66 109.02 31.06 103.04 107.08 5.66 8.0 58.31 15.81 27.29 52.77 35.9 12.81 33.06 8.6 32.25 48.17 40.11 18.68 100.08 54.23 59.03 97.29 20.22 14.87 19.31 71.03 4.12 19.1 24.35 55.71 67.48 14.32 57.08 24.7 96.25 91.09 85.87 13.45 113.04 72.56 25.0 14.21 63.51 89.82 47.07 23.26 15.23 29.07 63.56 103.95 5.0 98.0 72.42 87.1 57.56 122.69 12.65 16.4 106.02 10.05 123.41 124.31 59.0 69.72 118.02 35.85 92.44 101.04 35.17 116.11 29.83 117.09 65.62 18.44 94.05 100.04 103.94 122.92 39.05 14.04 25.5 
80.75 36.35 105.38 96.63 9.49 51.04 25.18 82.98 91.59 19.24 18.11 102.18 42.19 75.19 41.76 95.05 0.0 113.0 85.05 14.04 64.01 8.0 26.0 99.01 87.05 37.12 110.29 68.36 44.64 61.0 87.97 62.2 88.36 69.64 47.52 55.0 113.02 8.6 41.77 39.56 24.0 75.24 109.02 104.14 24.52 99.08 114.0 72.84 48.76 28.44 81.0 38.47 117.1 4.12 4.12 27.73 85.21 18.97 25.94 71.7 106.68 32.39 22.14 50.7 107.71 81.06 80.01 37.12 18.79 99.18 4.24 36.07 24.17 39.56 31.38 92.23 108.78 12.08 85.02 30.87 35.0 36.12 29.07 23.02 67.36 12.37 8.49 62.17 22.47 66.12 32.02 30.59 113.0 1.0 5.0 24.04 32.45 56.01 81.1 70.46 
34.79 77.16 19.24 20.25 104.04 62.03 112.81 36.72 28.6 96.42 131.02 24.7 71.11 43.86 73.98 18.25 113.0 0.0 28.16 127.0 49.01 121.0 125.32 14.04 26.17 76.06 8.54 45.54 71.02 54.13 29.07 51.24 26.25 49.77 66.37 58.0 2.0 118.21 72.44 77.28 115.52 38.47 4.47 23.71 89.14 14.56 1.41 42.45 73.68 85.15 32.0 75.24 16.28 114.07 109.0 104.05 28.64 131.14 90.8 43.17 13.89 81.15 108.06 65.31 25.3 32.14 44.65 81.79 122.19 15.23 116.04 90.52 105.32 75.8 140.91 26.63 13.93 124.1 28.07 141.6 142.56 77.06 87.97 136.0 53.31 110.65 119.15 53.37 134.24 47.17 135.33 83.22 1.0 112.0 118.0 122.18 141.15 57.01 32.25 43.74 
14.87 49.04 27.59 17.8 76.0 34.01 86.65 21.38 20.62 69.05 103.12 28.3 43.01 24.19 47.43 11.66 85.05 28.16 0.0 99.08 21.38 93.05 98.76 14.14 6.32 48.0 27.31 19.72 44.6 28.65 16.12 24.35 11.4 28.43 39.29 30.15 28.02 90.55 45.35 50.92 89.19 13.45 24.02 29.41 61.52 15.65 29.27 19.1 49.4 57.04 5.0 47.85 36.36 86.01 81.02 78.19 3.0 103.39 63.79 19.1 25.81 53.04 81.61 39.4 33.6 4.0 29.41 55.71 95.13 16.64 88.2 65.31 79.06 49.04 113.6 18.97 28.02 96.33 5.0 114.13 115.52 49.37 61.13 108.07 31.89 83.36 91.44 28.3 106.57 19.03 108.67 55.08 28.07 84.05 90.05 95.6 113.95 29.27 8.06 18.6 
94.53 50.36 119.08 110.45 23.35 65.07 29.41 96.51 105.22 32.02 4.12 115.74 56.22 88.65 55.11 109.02 14.04 127.0 99.08 0.0 78.0 6.08 23.35 113.02 101.02 51.16 124.2 82.22 58.05 74.67 101.71 76.11 102.24 82.98 61.29 69.01 127.04 10.82 55.44 52.63 26.93 89.14 123.04 117.71 38.21 113.04 128.0 86.58 61.1 42.43 95.01 52.24 130.86 13.93 18.11 35.38 99.25 6.4 38.6 85.48 120.5 46.39 29.0 64.13 121.2 95.08 93.15 49.65 17.09 113.11 11.18 46.65 31.89 52.95 19.85 105.93 122.59 5.0 99.01 18.44 24.41 50.04 41.76 9.0 80.52 20.25 9.43 75.8 9.9 80.16 24.74 44.55 127.02 15.03 9.06 23.09 21.4 70.0 95.05 84.29 
18.87 28.64 43.08 33.53 55.15 13.34 65.55 24.04 30.53 47.68 82.01 41.18 22.56 19.24 26.4 31.06 64.01 49.01 21.38 78.0 0.0 72.01 77.49 35.06 23.09 27.29 46.53 7.21 23.71 10.77 25.94 4.47 25.0 18.25 18.03 9.06 49.09 69.26 24.04 29.97 68.01 12.08 45.1 42.94 40.2 35.13 50.0 12.81 30.41 36.5 17.03 26.48 54.12 65.19 60.03 57.27 22.14 82.15 42.45 11.4 43.42 32.56 60.41 19.21 47.01 17.46 26.83 34.89 73.76 35.36 67.03 44.94 57.94 27.86 92.23 30.41 45.61 75.11 21.02 92.78 94.15 28.07 39.85 87.0 20.0 61.98 70.18 11.4 85.29 5.39 87.36 34.71 49.04 63.01 69.01 74.33 92.57 8.0 17.26 9.22 
88.68 44.28 113.28 104.58 17.26 59.03 27.31 90.8 99.46 26.57 10.2 110.02 50.16 82.98 49.48 103.04 8.0 121.0 93.05 6.08 72.01 0.0 24.08 107.0 95.05 45.1 118.27 76.32 52.39 68.88 95.89 70.18 96.33 77.37 55.44 63.0 121.02 7.62 49.65 47.13 25.3 83.22 117.02 111.99 32.39 107.07 122.0 80.75 55.95 36.35 89.0 46.39 125.03 8.06 12.04 32.02 93.19 11.66 33.24 79.63 114.63 40.31 25.81 58.46 115.52 89.05 87.64 44.38 17.0 107.17 5.83 42.2 28.43 47.3 24.84 100.13 116.73 5.83 93.02 23.85 29.0 44.1 36.4 15.03 75.0 16.28 6.32 70.04 15.26 74.11 27.73 38.47 121.0 9.0 3.0 23.02 26.17 64.01 89.09 78.41 
90.93 54.38 114.21 106.79 33.02 66.31 13.04 91.2 100.24 30.89 23.41 110.04 59.06 83.22 51.42 107.08 26.0 125.32 98.76 23.35 77.49 24.08 0.0 111.83 99.25 54.2 121.06 79.83 54.34 71.2 97.62 74.46 99.3 77.16 59.48 69.29 125.72 17.72 53.45 48.05 10.0 86.88 121.81 112.04 38.95 110.82 126.12 83.02 53.01 47.8 94.11 51.26 126.25 29.41 28.65 22.02 99.62 19.7 35.11 82.2 116.62 51.04 17.26 60.02 115.0 94.92 86.01 43.57 7.28 110.48 22.14 36.01 20.1 49.73 18.79 101.4 118.51 19.03 97.51 21.1 18.25 50.57 37.64 26.42 74.06 17.69 18.44 72.01 19.42 80.99 10.05 50.0 125.51 26.4 24.52 3.16 18.03 69.89 93.17 81.58 
22.47 63.13 18.68 12.37 90.02 48.01 99.46 26.17 20.12 82.61 117.04 22.02 57.08 32.2 60.42 5.66 99.01 14.04 14.14 113.02 35.06 107.0 111.83 0.0 12.65 62.03 14.21 32.02 57.49 40.8 18.44 37.48 14.21 37.74 52.61 44.01 14.04 104.31 58.69 63.79 102.11 25.0 10.05 22.2 75.24 5.0 15.13 29.55 60.93 71.11 18.03 61.4 24.04 100.04 95.0 90.8 14.87 117.21 77.1 30.08 14.76 67.12 94.59 51.92 25.71 18.11 34.71 68.41 108.5 7.0 102.08 77.49 91.92 62.17 127.14 17.89 16.64 110.16 14.32 127.77 128.89 63.13 74.33 122.02 41.34 96.88 105.23 40.16 120.34 33.14 121.81 69.18 14.0 98.01 104.0 108.68 127.42 43.05 18.68 30.36 
10.63 51.62 22.02 12.04 78.23 36.35 86.83 16.16 14.32 70.26 105.0 22.2 45.54 20.52 47.85 8.0 87.05 26.17 6.32 101.02 23.09 95.05 99.25 12.65 0.0 50.36 23.54 19.42 44.91 28.16 10.0 25.08 5.1 25.61 40.2 32.14 26.48 92.09 46.27 51.2 89.5 12.37 22.56 23.43 63.03 12.04 27.07 17.0 48.33 59.54 6.71 49.09 31.78 88.28 83.1 78.16 9.22 105.04 64.63 17.46 21.02 55.58 82.0 39.29 27.66 8.49 24.6 55.79 96.03 12.37 90.0 64.85 79.31 49.65 114.74 12.65 23.26 98.02 2.24 115.43 116.4 51.0 61.81 110.02 29.21 84.48 93.05 27.51 108.12 22.14 109.24 57.71 26.31 86.05 92.05 96.1 114.98 31.06 6.08 17.72 
45.22 2.24 69.92 60.64 28.0 14.04 44.05 48.75 56.65 23.32 55.23 67.42 5.1 41.68 15.3 58.31 37.12 76.06 48.0 51.16 27.29 45.1 54.2 62.03 50.36 0.0 73.82 32.57 16.16 26.93 52.5 26.25 52.17 37.2 14.14 18.25 76.01 43.17 11.7 17.0 45.8 39.05 72.01 69.29 15.26 62.39 77.1 37.7 26.68 9.22 44.1 9.06 81.25 38.01 33.06 37.54 48.09 55.73 20.52 36.4 70.61 5.39 38.42 20.0 73.16 44.0 48.01 20.4 49.24 62.65 40.45 30.08 36.8 14.04 66.76 56.92 72.78 48.66 48.26 66.94 69.29 6.08 19.42 60.13 36.12 37.16 43.93 28.3 59.03 29.02 63.51 7.62 76.03 36.12 42.11 51.11 67.36 19.42 44.55 34.79 
30.15 75.13 10.82 14.32 101.6 59.84 108.34 30.68 21.93 93.01 128.14 16.4 69.05 38.33 70.11 15.81 110.29 8.54 27.31 124.2 46.53 118.27 121.06 14.21 23.54 73.82 0.0 42.01 67.12 50.09 23.54 48.09 22.0 44.38 63.01 55.58 10.44 115.0 69.0 73.25 111.16 35.06 10.05 15.26 86.05 11.7 8.06 38.12 68.66 83.02 30.08 72.03 10.0 111.65 106.38 99.46 28.65 128.02 87.09 39.05 5.66 79.08 103.82 61.2 16.76 31.02 38.01 77.52 118.34 11.18 113.11 85.7 100.98 72.06 137.23 20.25 5.39 121.04 25.71 138.09 138.61 74.17 84.15 133.18 47.8 107.07 116.02 49.16 131.0 45.61 131.11 81.22 9.49 109.29 115.28 117.96 137.36 54.45 29.27 40.0 
12.65 34.18 37.36 28.28 59.84 19.24 67.45 17.03 24.17 51.04 86.15 34.93 28.23 12.08 28.44 27.29 68.36 45.54 19.72 82.22 7.21 76.32 79.83 32.02 19.42 32.57 42.01 0.0 25.5 8.94 19.92 6.32 20.02 12.04 21.0 14.76 45.89 73.0 27.02 31.78 70.09 7.07 41.98 36.77 44.05 31.14 46.39 5.66 29.68 41.76 14.76 30.02 48.84 69.87 64.5 58.82 21.4 86.01 45.28 4.24 38.33 37.95 62.59 19.92 40.72 16.4 19.7 36.4 76.66 31.02 71.11 45.69 59.91 30.27 95.43 24.35 40.45 79.03 17.72 96.19 97.02 32.25 42.43 91.2 14.56 65.19 74.01 8.6 89.01 11.18 89.82 40.16 45.71 67.36 73.33 76.69 95.63 13.42 13.34 2.24 
37.01 18.38 61.2 53.01 37.16 16.12 42.06 38.47 47.27 26.17 61.81 57.71 16.03 30.59 3.0 52.77 44.64 71.02 44.6 58.05 23.71 52.39 54.34 57.49 44.91 16.16 67.12 25.5 0.0 17.03 44.01 20.25 45.18 25.0 6.4 16.97 71.39 48.26 4.47 6.32 44.64 32.56 67.47 59.68 20.25 56.57 71.85 29.02 11.0 22.67 39.85 7.81 73.11 46.82 41.11 33.62 45.69 61.29 20.0 28.07 63.0 20.25 37.11 6.08 63.15 40.85 35.47 11.18 51.24 56.32 46.87 21.4 34.48 5.1 70.11 48.09 65.01 54.45 43.17 71.01 71.57 11.4 17.03 66.91 22.85 40.0 49.37 18.0 64.12 28.02 64.33 22.2 71.2 43.68 49.48 51.2 70.26 17.03 38.83 27.29 
20.0 28.84 44.41 36.0 52.89 15.81 58.69 22.14 30.59 43.05 78.52 41.23 23.43 14.76 20.02 35.9 61.0 54.13 28.65 74.67 10.77 68.88 71.2 40.8 28.16 26.93 50.09 8.94 17.03 0.0 27.07 6.32 28.16 10.63 13.6 12.08 54.57 65.12 19.24 23.19 61.39 15.81 50.7 43.17 36.5 39.62 54.92 12.0 20.81 35.78 23.71 22.56 56.22 62.82 57.27 50.0 30.23 78.16 37.01 11.05 46.01 32.25 53.94 11.18 46.84 25.24 21.26 27.66 68.26 39.32 63.51 36.77 51.2 22.0 87.14 31.26 48.04 71.25 26.57 88.02 88.57 25.3 34.06 83.6 10.77 57.01 66.19 1.41 81.06 16.16 81.22 34.48 54.34 60.02 65.92 68.07 87.28 10.77 22.14 10.44 
7.28 54.08 17.46 9.22 79.62 39.0 84.85 7.81 5.0 70.11 105.57 15.26 48.1 14.87 47.01 12.81 87.97 29.07 16.12 101.71 25.94 95.89 97.62 18.44 10.0 52.5 23.54 19.92 44.01 27.07 0.0 26.25 5.1 20.88 40.45 34.54 30.02 92.2 46.27 50.01 87.69 13.89 26.63 17.0 63.51 15.0 29.55 15.13 45.12 61.68 14.32 49.5 29.15 89.63 84.17 75.95 19.1 105.23 64.01 16.28 19.03 57.87 80.4 38.0 21.1 17.09 16.28 54.15 95.08 13.89 90.55 62.17 77.52 49.04 114.04 4.47 21.0 98.33 11.18 115.0 115.28 51.97 61.0 110.65 24.35 84.01 93.26 26.02 108.12 27.02 107.67 60.08 29.53 86.98 92.91 94.53 114.11 33.24 10.82 17.72 
18.97 27.86 43.68 34.53 53.6 13.04 62.3 23.02 30.46 45.18 80.06 41.23 21.93 17.03 23.09 33.06 62.2 51.24 24.35 76.11 4.47 70.18 74.46 37.48 25.08 26.25 48.09 6.32 20.25 6.32 26.25 0.0 26.17 14.87 15.13 8.6 51.48 67.03 21.21 26.57 64.85 13.04 47.52 43.08 38.0 37.01 52.15 11.66 26.17 35.44 19.65 24.02 55.11 63.64 58.31 53.85 25.5 80.01 39.62 10.3 44.55 31.62 57.28 15.26 47.01 20.62 24.41 31.38 71.02 37.01 65.03 41.18 54.71 24.74 89.68 30.68 46.69 73.0 23.19 90.35 91.41 26.08 36.88 85.09 16.12 59.41 68.01 7.07 83.05 9.85 84.4 33.84 51.35 61.2 67.19 71.31 89.94 7.21 19.03 8.54 
8.54 53.6 18.36 8.54 79.76 38.33 86.68 12.21 9.22 71.01 106.17 17.69 47.54 18.03 48.17 8.6 88.36 26.25 11.4 102.24 25.0 96.33 99.3 14.21 5.1 52.17 22.0 20.02 45.18 28.16 5.1 26.17 0.0 23.71 41.01 33.96 26.93 93.01 47.0 51.35 89.44 13.15 23.26 19.1 64.07 11.7 26.93 16.28 47.43 61.39 10.63 50.04 29.12 89.81 84.48 77.88 14.32 106.02 65.12 17.12 18.44 57.49 82.04 39.32 23.35 13.04 20.81 55.73 96.42 11.18 91.14 64.29 79.25 50.09 115.28 7.62 20.62 99.05 6.71 116.11 116.73 52.24 62.2 111.22 27.29 85.09 94.02 27.29 109.0 25.06 109.33 59.67 26.57 87.37 93.34 96.18 115.43 32.76 8.06 18.0 
15.26 39.2 37.05 30.08 62.03 26.4 64.28 14.04 23.09 50.99 86.68 33.06 33.97 6.08 27.89 32.25 69.64 49.77 28.43 82.98 18.25 77.37 77.16 37.74 25.61 37.2 44.38 12.04 25.0 10.63 20.88 14.87 23.71 0.0 23.32 22.47 50.57 72.99 28.23 30.41 67.19 15.26 46.96 35.06 45.22 35.34 50.33 9.43 24.33 45.79 23.6 31.78 49.09 71.78 66.1 55.33 30.81 85.99 44.55 9.85 39.62 42.44 60.03 18.97 38.33 26.08 10.82 34.06 75.03 34.54 71.81 41.44 57.08 30.08 94.05 24.33 41.44 79.25 24.76 95.19 95.02 34.89 41.44 91.78 3.61 64.38 74.15 9.22 88.68 23.02 87.21 44.65 50.16 68.68 74.46 74.11 94.01 21.1 20.52 11.4 
33.24 16.28 57.87 49.16 39.29 9.85 47.54 35.74 44.15 30.07 65.19 54.82 12.08 28.23 8.6 48.17 47.52 66.37 39.29 61.29 18.03 55.44 59.48 52.61 40.2 14.14 63.01 21.0 6.4 13.6 40.45 15.13 41.01 23.32 0.0 10.63 66.61 52.0 6.08 12.21 49.98 28.02 62.65 56.75 23.09 52.09 67.27 25.32 16.49 22.47 34.71 9.06 69.58 49.24 43.74 39.36 40.16 65.01 24.52 24.19 59.21 19.21 42.38 6.32 60.44 35.44 34.13 17.2 55.9 52.01 50.16 27.66 39.92 9.85 74.55 44.72 61.29 58.03 38.33 75.24 76.3 11.7 21.84 70.26 22.02 44.28 53.01 14.87 68.01 21.95 69.38 21.4 66.48 46.53 52.47 56.32 74.81 10.82 34.13 23.02 
27.31 19.65 51.87 42.45 46.1 4.47 57.7 31.62 38.91 39.05 73.03 49.66 13.6 25.46 19.21 40.11 55.0 58.0 30.15 69.01 9.06 63.0 69.29 44.01 32.14 18.25 55.58 14.76 16.97 12.08 34.54 8.6 33.96 22.47 10.63 0.0 58.03 60.41 16.12 22.8 60.01 20.88 54.04 51.48 31.4 44.18 59.01 20.25 25.94 27.46 26.0 18.03 63.06 56.14 51.01 49.74 30.59 73.25 34.18 18.87 52.39 23.54 52.39 14.32 55.46 26.17 32.65 27.8 65.25 44.41 58.08 38.29 50.09 20.25 83.55 39.0 54.57 66.19 30.07 84.01 85.62 19.24 31.78 78.01 22.85 53.37 61.29 13.42 76.42 11.7 79.06 25.71 58.01 54.0 60.0 66.13 83.95 1.41 26.31 17.0 
35.47 77.06 21.02 21.4 104.0 62.0 113.27 37.74 29.83 96.63 131.06 26.42 71.03 44.72 74.33 18.68 113.02 2.0 28.02 127.04 49.09 121.02 125.72 14.04 26.48 76.01 10.44 45.89 71.39 54.57 30.02 51.48 26.93 50.57 66.61 58.03 0.0 118.34 72.69 77.67 115.95 38.83 4.0 25.5 89.27 15.23 3.16 43.01 74.33 85.05 32.06 75.43 18.25 114.02 109.0 104.55 28.28 131.24 91.08 43.68 15.65 81.06 108.47 65.73 27.2 32.02 45.8 82.23 122.48 16.12 116.11 91.09 105.76 76.12 141.15 27.8 15.81 124.2 28.28 141.8 142.86 77.16 88.28 136.03 54.13 110.89 119.27 53.85 134.37 47.04 135.71 83.1 1.0 112.02 118.02 122.58 141.42 57.08 32.56 44.15 
85.09 42.72 109.46 101.08 17.2 56.72 19.7 86.7 95.52 22.09 13.93 105.93 48.27 78.77 45.28 100.08 8.6 118.21 90.55 10.82 69.26 7.62 17.72 104.31 92.09 43.17 115.0 73.0 48.26 65.12 92.2 67.03 93.01 72.99 52.0 60.41 118.34 0.0 46.01 42.58 17.72 80.01 114.35 107.91 29.07 104.04 119.15 77.1 50.6 35.11 86.28 43.01 121.33 11.7 12.04 24.76 90.93 13.04 28.44 76.06 111.11 38.9 18.44 54.33 111.31 86.58 82.98 39.29 10.44 104.0 4.47 35.85 21.21 43.19 23.77 96.33 113.16 6.32 90.14 23.77 26.93 41.19 31.58 18.97 70.41 9.43 1.41 66.19 16.03 71.85 23.43 37.34 118.27 9.22 7.0 16.12 24.6 61.29 86.05 75.01 
39.12 13.93 63.64 55.08 33.84 14.14 41.63 41.23 49.82 24.02 59.3 60.42 12.04 33.53 4.12 54.23 41.77 72.44 45.35 55.44 24.04 49.65 53.45 58.69 46.27 11.7 69.0 27.02 4.47 19.24 46.27 21.21 47.0 28.23 6.08 16.12 72.69 46.01 0.0 7.21 44.01 34.06 68.73 62.37 17.26 58.14 73.33 31.14 15.13 18.38 40.79 3.61 75.43 43.68 38.08 33.62 46.17 59.03 18.44 30.07 65.12 15.81 36.4 9.43 65.97 41.48 38.91 12.04 49.82 58.03 44.28 22.67 34.01 4.24 68.47 50.49 67.19 52.09 44.41 69.18 70.21 7.07 15.81 64.38 26.42 38.21 47.04 20.4 62.0 27.73 63.32 17.8 72.56 40.79 46.69 50.29 68.73 16.55 40.2 29.0 
43.1 19.03 67.07 59.08 32.76 21.26 35.74 44.18 53.08 20.62 56.29 63.39 18.68 36.22 3.61 59.03 39.56 77.28 50.92 52.63 29.97 47.13 48.05 63.79 51.2 17.0 73.25 31.78 6.32 23.19 50.01 26.57 51.35 30.41 12.21 22.8 77.67 42.58 7.21 0.0 38.33 38.83 73.76 65.38 15.81 62.8 78.09 35.13 10.82 21.02 46.17 8.06 79.03 42.05 36.25 27.31 52.0 55.58 14.14 34.23 69.03 19.65 30.81 12.04 68.73 47.17 40.52 5.0 45.1 62.51 41.48 15.56 28.16 3.16 64.03 54.01 71.01 48.84 49.48 65.01 65.38 11.05 11.05 61.39 27.89 34.06 43.74 24.08 58.31 34.13 58.05 21.19 77.47 38.63 44.27 44.91 64.12 23.02 45.12 33.54 
81.05 46.23 104.24 96.88 28.46 57.25 3.16 81.22 90.27 22.67 28.43 100.04 50.48 73.25 41.76 97.29 24.0 115.52 89.19 26.93 68.01 25.3 10.0 102.11 89.5 45.8 111.16 70.09 44.64 61.39 87.69 64.85 89.44 67.19 49.98 60.01 115.95 17.72 44.01 38.33 0.0 77.13 112.06 102.04 30.61 101.0 116.3 73.16 43.01 40.31 84.48 42.05 116.28 28.02 25.32 12.04 90.14 25.46 25.94 72.37 106.68 43.19 7.62 50.22 105.0 85.38 76.01 33.73 10.63 100.62 21.21 26.02 10.2 40.16 28.16 91.44 108.56 21.95 87.8 30.08 28.16 41.68 28.23 32.53 64.07 12.37 18.97 62.17 26.4 71.69 20.02 42.43 115.73 24.02 24.52 7.07 27.66 60.54 83.43 71.81 
7.07 40.52 31.02 21.59 66.61 25.3 74.46 13.42 18.6 58.08 93.09 29.15 34.48 12.17 35.51 20.22 75.24 38.47 13.45 89.14 12.08 83.22 86.88 25.0 12.37 39.05 35.06 7.07 32.56 15.81 13.89 13.04 13.15 15.26 28.02 20.88 38.83 80.01 34.06 38.83 77.13 0.0 34.93 30.89 51.01 24.08 39.32 5.83 36.24 48.27 8.49 37.0 42.2 76.66 71.34 65.8 15.62 93.0 52.35 5.66 31.58 44.38 69.63 26.93 34.99 10.82 19.03 43.42 83.73 24.0 78.06 52.55 66.94 37.34 102.49 18.36 33.73 86.01 10.77 103.24 104.09 39.12 49.5 98.13 18.6 72.25 81.0 15.23 96.02 13.45 96.88 46.57 38.64 74.24 80.22 83.74 102.7 19.65 6.32 5.39 
31.78 73.06 19.65 18.38 100.0 58.0 109.38 34.41 26.87 92.66 127.06 24.7 67.03 41.18 70.41 14.87 109.02 4.47 24.02 123.04 45.1 117.02 121.81 10.05 22.56 72.01 10.05 41.98 67.47 50.7 26.63 47.52 23.26 46.96 62.65 54.04 4.0 114.35 68.73 73.76 112.06 34.93 0.0 24.04 85.29 11.66 5.83 39.22 70.58 81.06 28.07 71.45 19.31 110.02 105.0 100.69 24.33 127.25 87.13 39.85 14.32 77.06 104.56 61.85 26.31 28.02 42.64 78.34 118.53 12.81 112.11 87.28 101.87 72.18 137.19 24.76 15.03 120.2 24.33 137.82 138.92 73.17 84.34 132.03 50.54 106.92 115.28 50.0 130.38 43.05 131.8 79.1 4.12 108.02 114.02 118.66 137.46 53.08 28.64 40.26 
24.17 70.94 4.47 11.66 96.05 55.95 99.08 21.21 12.65 85.84 121.49 2.0 65.0 29.15 62.65 19.31 104.14 23.71 29.41 117.71 42.94 111.99 112.04 22.2 23.43 69.29 15.26 36.77 59.68 43.17 17.0 43.08 19.1 35.06 56.75 51.48 25.5 107.91 62.37 65.38 102.04 30.89 24.04 0.0 79.62 17.26 23.32 31.62 59.03 78.43 29.7 65.73 14.87 105.99 100.44 90.09 31.91 120.93 79.51 32.89 9.85 74.67 95.0 53.6 4.24 31.89 26.31 69.12 110.07 15.3 106.53 76.11 92.01 64.78 129.1 12.53 10.0 114.13 25.5 130.25 130.0 68.41 76.42 126.59 38.0 99.41 109.04 41.98 123.69 43.83 122.07 76.9 24.6 103.16 109.04 109.02 129.03 50.16 27.02 34.54 
56.32 15.62 80.89 72.25 17.0 27.89 29.0 58.46 67.08 8.06 42.11 77.67 20.12 50.7 17.46 71.03 24.52 89.14 61.52 38.21 40.2 32.39 38.95 75.24 63.03 15.26 86.05 44.05 20.25 36.5 63.51 38.0 64.07 45.22 23.09 31.4 89.27 29.07 17.26 15.81 30.61 51.01 85.29 79.62 0.0 75.01 90.09 48.37 26.17 10.77 57.22 14.04 92.66 26.57 20.88 23.32 61.98 42.01 7.07 47.27 82.3 12.81 23.35 26.25 83.2 57.56 55.71 15.0 34.18 75.01 27.07 20.1 22.02 15.23 52.17 67.74 84.38 35.0 61.07 52.61 54.41 12.17 8.25 47.17 43.08 22.14 30.02 37.66 45.1 42.95 48.33 12.53 89.2 23.54 29.43 35.85 52.63 32.25 57.01 46.1 
20.25 63.64 13.93 7.62 90.27 48.37 98.27 22.8 15.81 82.15 117.02 17.03 57.56 29.53 59.54 4.12 99.08 14.56 15.65 113.04 35.13 107.07 110.82 5.0 12.04 62.39 11.7 31.14 56.57 39.62 15.0 37.01 11.7 35.34 52.09 44.18 15.23 104.04 58.14 62.8 101.0 24.08 11.66 17.26 75.01 0.0 15.3 27.89 59.14 71.57 18.44 61.03 20.81 100.32 95.13 89.5 17.2 117.02 76.42 28.64 10.63 67.6 93.56 50.8 20.88 19.31 31.14 67.27 107.79 2.0 102.0 75.96 90.8 61.4 126.57 13.6 12.73 110.0 14.14 127.32 128.13 63.01 73.55 122.04 38.91 96.33 105.02 38.83 120.07 33.96 120.84 69.72 14.87 98.08 104.08 107.69 126.78 43.1 18.0 29.27 
35.44 78.23 18.87 20.59 105.08 63.07 113.56 37.12 28.84 97.33 132.0 24.41 72.17 44.38 74.81 19.1 114.0 1.41 29.27 128.0 50.0 122.0 126.12 15.13 27.07 77.1 8.06 46.39 71.85 54.92 29.55 52.15 26.93 50.33 67.27 59.01 3.16 119.15 73.33 78.09 116.3 39.32 5.83 23.32 90.09 15.3 0.0 43.17 74.33 86.21 33.02 76.16 15.13 115.11 110.02 104.79 29.83 132.09 91.66 43.93 13.6 82.22 108.85 66.1 24.7 33.24 44.94 82.57 123.04 15.81 117.02 91.21 106.1 76.66 141.8 26.93 13.42 125.06 29.02 142.51 143.4 78.03 88.81 137.0 53.85 111.54 120.1 54.13 135.18 48.26 136.13 84.29 2.24 113.0 119.0 122.98 142.02 58.0 33.14 44.55 
8.0 39.4 32.56 24.0 64.54 24.7 70.41 11.4 18.97 55.04 90.45 29.73 33.54 7.07 32.02 24.35 72.84 42.45 19.1 86.58 12.81 80.75 83.02 29.55 17.0 37.7 38.12 5.66 29.02 12.0 15.13 11.66 16.28 9.43 25.32 20.25 43.01 77.1 31.14 35.13 73.16 5.83 39.22 31.62 48.37 27.89 43.17 0.0 31.38 46.82 14.21 34.37 44.28 74.53 69.05 61.61 21.4 90.14 49.01 1.41 34.01 43.08 65.76 23.09 35.47 16.64 14.56 39.46 80.22 27.46 75.43 48.08 62.97 34.0 99.13 19.42 36.06 83.22 15.81 100.02 100.5 36.88 46.04 95.52 12.81 69.01 78.16 11.05 93.05 16.16 93.06 45.31 42.72 71.85 77.78 79.91 99.25 18.87 11.4 3.61 
38.9 28.86 61.29 54.34 42.8 26.25 40.05 38.33 47.38 29.53 64.51 57.04 27.02 30.41 11.4 55.71 48.76 73.68 49.4 61.1 30.41 55.95 53.01 60.93 48.33 26.68 68.66 29.68 11.0 20.81 45.12 26.17 47.43 24.33 16.49 25.94 74.33 50.6 15.13 10.82 43.01 36.24 70.58 59.03 26.17 59.14 74.33 31.38 0.0 31.76 44.42 17.72 73.33 51.62 45.79 31.06 51.04 63.32 22.83 30.87 63.95 30.08 36.06 11.66 62.01 46.04 33.06 11.66 51.35 58.52 50.16 17.12 33.02 13.0 70.35 48.66 65.76 56.92 46.96 71.7 71.03 21.19 19.72 69.57 21.1 41.48 51.87 21.1 65.73 35.47 63.03 31.78 74.0 47.89 53.23 50.0 70.18 25.55 42.49 30.89 
54.41 8.0 79.12 69.86 19.1 23.19 39.05 57.78 65.79 17.8 46.53 76.55 14.04 50.54 20.81 67.48 28.44 85.15 57.04 42.43 36.5 36.35 47.8 71.11 59.54 9.22 83.02 41.76 22.67 35.78 61.68 35.44 61.39 45.79 22.47 27.46 85.05 35.11 18.38 21.02 40.31 48.27 81.06 78.43 10.77 71.57 86.21 46.82 31.76 0.0 53.24 14.87 90.47 29.02 24.33 34.0 57.01 47.3 17.72 45.54 79.83 4.0 33.42 27.66 82.28 53.04 56.6 22.56 42.19 71.85 32.02 30.07 32.45 18.87 58.87 66.1 82.0 40.26 57.43 58.82 61.74 11.31 18.11 51.35 44.41 30.23 35.74 37.12 50.7 38.01 56.6 2.24 85.09 27.46 33.38 44.82 59.62 28.64 53.76 43.97 
11.05 45.28 28.6 18.6 72.06 30.07 81.91 18.0 19.24 64.63 99.02 28.32 39.2 19.7 42.72 14.32 81.0 32.0 5.0 95.01 17.03 89.0 94.11 18.03 6.71 44.1 30.08 14.76 39.85 23.71 14.32 19.65 10.63 23.6 34.71 26.0 32.06 86.28 40.79 46.17 84.48 8.49 28.07 29.7 57.22 18.44 33.02 14.21 44.42 53.24 0.0 43.42 38.48 82.1 77.01 73.39 7.21 99.18 59.23 14.14 27.73 49.25 76.92 34.54 33.94 3.0 25.5 50.92 90.61 18.97 84.05 60.42 74.33 44.38 109.18 18.03 29.97 92.14 4.47 109.77 111.0 45.1 56.52 104.0 27.02 78.92 87.21 23.32 102.31 15.52 104.05 51.35 32.02 80.0 86.0 90.96 109.49 25.02 4.0 13.6 
42.3 11.18 66.91 58.22 30.36 15.26 39.82 44.64 53.15 21.21 56.14 63.79 10.77 37.0 6.32 57.08 38.47 75.24 47.85 52.24 26.48 46.39 51.26 61.4 49.09 9.06 72.03 30.02 7.81 22.56 49.5 24.02 50.04 31.78 9.06 18.03 75.43 43.01 3.61 8.06 42.05 37.0 71.45 65.73 14.04 61.03 76.16 34.37 17.72 14.87 43.42 0.0 78.64 40.26 34.71 32.2 48.51 56.0 16.16 33.24 68.26 12.53 34.44 13.04 69.38 43.93 42.49 12.08 47.3 61.0 41.11 22.47 32.25 5.0 65.76 53.76 70.35 49.01 47.17 66.37 67.68 3.61 13.89 61.2 30.02 35.51 44.0 23.77 59.03 29.73 61.03 14.42 75.33 37.48 43.42 48.1 66.1 18.68 43.05 32.06 
36.35 82.71 12.04 20.62 108.67 67.45 113.36 35.06 26.02 99.25 134.73 16.76 76.66 43.05 76.11 24.7 117.1 16.28 36.36 130.86 54.12 125.03 126.25 24.04 31.78 81.25 10.0 48.84 73.11 56.22 29.15 55.11 29.12 49.09 69.58 63.06 18.25 121.33 75.43 79.03 116.28 42.2 19.31 14.87 92.66 20.81 15.13 44.28 73.33 90.47 38.48 78.64 0.0 118.7 113.28 104.39 38.01 134.37 93.09 45.4 10.77 86.59 109.11 67.07 13.6 39.82 41.0 83.01 124.0 19.72 119.71 90.45 106.17 78.16 143.0 25.02 8.54 127.48 34.01 144.03 144.09 81.05 90.05 139.81 52.24 113.07 122.41 55.15 137.23 53.85 136.3 88.77 17.26 116.11 122.05 123.2 143.01 61.85 37.0 46.69 
82.38 37.01 107.08 98.15 10.05 52.04 29.27 84.9 93.39 22.2 18.03 104.05 43.0 77.2 44.01 96.25 4.12 114.07 86.01 13.93 65.19 8.06 29.41 100.04 88.28 38.01 111.65 69.87 46.82 62.82 89.63 63.64 89.81 71.78 49.24 56.14 114.02 11.7 43.68 42.05 28.02 76.66 110.02 105.99 26.57 100.32 115.11 74.53 51.62 29.02 82.1 40.26 118.7 0.0 5.83 31.78 86.02 19.72 28.84 73.35 108.19 33.02 26.25 52.81 109.64 82.01 82.28 39.96 22.14 100.5 7.28 39.62 28.23 41.79 32.8 93.94 110.32 13.45 86.21 31.91 36.8 37.66 31.91 22.56 69.64 16.49 11.18 64.03 23.32 67.0 34.67 31.06 114.04 4.47 5.66 27.66 34.06 57.22 82.39 72.01 
76.94 32.25 101.61 92.78 5.39 47.01 26.02 79.31 87.86 16.4 22.2 98.49 38.12 71.57 38.28 91.09 4.12 109.0 81.02 18.11 60.03 12.04 28.65 95.0 83.1 33.06 106.38 64.5 41.11 57.27 84.17 58.31 84.48 66.1 43.74 51.01 109.0 12.04 38.08 36.25 25.32 71.34 105.0 100.44 20.88 95.13 110.02 69.05 45.79 24.33 77.01 34.71 113.28 5.83 0.0 27.2 81.15 23.09 23.02 67.9 102.83 28.28 22.2 47.13 104.05 77.03 76.55 34.13 21.63 95.26 8.06 34.06 23.77 36.06 35.36 88.46 104.94 16.16 81.06 34.93 38.83 32.25 26.08 27.07 63.91 13.04 12.21 58.46 26.57 62.07 35.38 26.48 109.0 3.16 9.06 26.4 36.36 52.04 77.16 66.61 
69.43 38.42 92.35 85.16 28.16 47.43 9.0 69.35 78.41 16.76 37.8 88.09 41.73 61.4 30.87 85.87 27.73 104.05 78.19 35.38 57.27 32.02 22.02 90.8 78.16 37.54 99.46 58.82 33.62 50.0 75.95 53.85 77.88 55.33 39.36 49.74 104.55 24.76 33.62 27.31 12.04 65.8 100.69 90.09 23.32 89.5 104.79 61.61 31.06 34.0 73.39 32.2 104.39 31.78 27.2 0.0 79.31 35.51 17.03 60.88 94.89 36.06 6.4 38.9 93.01 74.46 64.0 22.47 21.54 89.05 26.63 14.0 3.61 29.53 40.02 79.63 96.75 30.48 76.54 41.76 40.2 32.56 18.44 42.44 52.15 15.81 26.17 50.7 37.12 61.29 32.0 35.85 104.29 27.31 30.23 19.1 39.62 50.12 72.12 60.44 
17.72 49.01 29.83 20.25 76.06 34.23 87.66 24.33 23.54 69.63 103.31 30.89 43.05 26.83 48.47 13.45 85.21 28.64 3.0 99.25 22.14 93.19 99.62 14.87 9.22 48.09 28.65 21.4 45.69 30.23 19.1 25.5 14.32 30.81 40.16 30.59 28.28 90.93 46.17 52.0 90.14 15.62 24.33 31.91 61.98 17.2 29.83 21.4 51.04 57.01 7.21 48.51 38.01 86.02 81.15 79.31 0.0 103.7 64.56 21.26 27.66 53.01 82.54 40.71 36.06 5.0 32.28 56.86 95.8 18.44 88.46 66.65 80.06 49.98 114.14 21.84 29.83 96.63 8.0 114.59 116.18 49.82 61.98 108.23 34.21 83.95 91.79 30.0 106.92 19.1 109.48 55.0 28.44 84.21 90.2 96.46 114.54 29.83 10.77 20.52 
98.13 55.11 122.49 114.11 28.46 69.46 28.32 99.72 108.56 35.13 4.0 118.95 60.83 91.79 58.31 113.04 18.97 131.14 103.39 6.4 82.15 11.66 19.7 117.21 105.04 55.73 128.02 86.01 61.29 78.16 105.23 80.01 106.02 85.99 65.01 73.25 131.24 13.04 59.03 55.58 25.46 93.0 127.25 120.93 42.01 117.02 132.09 90.14 63.32 47.3 99.18 56.0 134.37 19.72 23.09 35.51 103.7 0.0 41.44 89.09 124.15 51.2 29.15 67.36 124.31 99.41 95.9 52.17 14.87 117.0 15.3 47.93 32.25 56.22 13.45 109.37 126.19 7.07 103.08 12.21 18.03 54.08 44.55 7.07 83.36 21.84 12.0 79.23 3.61 84.59 19.1 49.48 131.19 19.92 14.32 20.25 15.0 74.17 99.02 88.02 
57.01 21.4 81.15 73.01 20.52 31.3 23.85 58.31 67.19 6.71 42.2 77.52 24.84 50.36 17.0 72.56 25.94 90.8 63.79 38.6 42.45 33.24 35.11 77.1 64.63 20.52 87.09 45.28 20.0 37.01 64.01 39.62 65.12 44.55 24.52 34.18 91.08 28.44 18.44 14.14 25.94 52.35 87.13 79.51 7.07 76.42 91.66 49.01 22.83 17.72 59.23 16.16 93.09 28.84 23.02 17.03 64.56 41.44 0.0 48.04 83.0 19.24 18.36 26.02 82.87 59.91 54.57 11.18 31.4 76.24 27.51 13.34 16.4 15.03 50.16 68.07 85.01 34.71 62.8 51.01 51.79 15.81 3.16 47.3 41.98 20.0 29.61 38.0 44.18 45.88 44.92 19.31 90.93 25.06 30.46 31.95 50.36 34.79 58.55 47.17 
9.06 38.08 33.73 25.02 63.35 23.32 69.63 12.81 20.25 54.01 89.36 31.02 32.2 8.25 31.06 25.0 71.7 43.17 19.1 85.48 11.4 79.63 82.2 30.08 17.46 36.4 39.05 4.24 28.07 11.05 16.28 10.3 17.12 9.85 24.19 18.87 43.68 76.06 30.07 34.23 72.37 5.66 39.85 32.89 47.27 28.64 43.93 1.41 30.87 45.54 14.14 33.24 45.4 73.35 67.9 60.88 21.26 89.09 48.04 0.0 35.06 41.79 64.94 22.2 36.77 16.4 15.81 38.64 79.31 28.28 74.33 47.43 62.17 33.02 98.18 20.62 37.12 82.15 16.12 99.05 99.61 35.69 45.1 94.43 13.04 68.03 77.1 10.2 92.02 14.87 92.23 44.01 43.42 70.71 76.66 79.08 98.33 17.49 11.66 2.24 
26.02 72.03 5.39 10.05 98.15 56.75 103.82 25.71 16.76 89.05 124.4 10.82 65.97 33.54 66.0 14.21 106.68 13.89 25.81 120.5 43.42 114.63 116.62 14.76 21.02 70.61 5.66 38.33 63.0 46.01 19.03 44.55 18.44 39.62 59.21 52.39 15.65 111.11 65.12 69.03 106.68 31.58 14.32 9.85 82.3 10.63 13.6 34.01 63.95 79.83 27.73 68.26 10.77 108.19 102.83 94.89 27.66 124.15 83.0 35.06 0.0 75.93 99.41 57.01 12.04 29.15 32.7 73.17 114.11 9.22 109.37 81.05 96.52 68.01 133.06 15.3 2.24 117.21 23.26 134.0 134.3 70.58 80.01 129.47 42.95 103.0 112.16 45.0 127.06 43.08 126.67 78.1 14.76 105.68 111.65 113.53 133.14 51.2 26.25 36.22 
50.6 4.0 75.29 65.97 23.09 19.24 41.73 54.13 62.03 20.52 50.49 72.8 10.05 47.01 18.79 63.51 32.39 81.15 53.04 46.39 32.56 40.31 51.04 67.12 55.58 5.39 79.08 37.95 20.25 32.25 57.87 31.62 57.49 42.44 19.21 23.54 81.06 38.9 15.81 19.65 43.19 44.38 77.06 74.67 12.81 67.6 82.22 43.08 30.08 4.0 49.25 12.53 86.59 33.02 28.28 36.06 53.01 51.2 19.24 41.79 75.93 0.0 36.07 24.76 78.55 49.04 53.25 22.02 45.65 67.9 35.9 30.59 34.83 17.09 62.63 62.3 78.1 44.15 53.46 62.64 65.39 8.94 18.97 55.33 41.23 33.62 39.56 33.62 54.57 34.01 60.03 2.24 81.1 31.4 37.34 48.01 63.32 24.74 49.82 40.16 
73.68 38.95 97.08 89.56 24.08 49.65 5.66 74.06 83.1 15.62 31.4 93.0 43.01 66.07 34.21 89.82 22.14 108.06 81.61 29.0 60.41 25.81 17.26 94.59 82.0 38.42 103.82 62.59 37.11 53.94 80.4 57.28 82.04 60.03 42.38 52.39 108.47 18.44 36.4 30.81 7.62 69.63 104.56 95.0 23.35 93.56 108.85 65.76 36.06 33.42 76.92 34.44 109.11 26.25 22.2 6.4 82.54 29.15 18.36 64.94 99.41 36.07 0.0 42.76 98.05 77.79 69.12 26.31 15.52 93.21 20.59 19.42 3.16 32.57 34.37 84.21 101.32 24.08 80.28 35.9 35.0 34.13 20.62 36.06 57.0 9.85 19.85 54.74 30.87 64.08 27.29 35.47 108.26 21.84 24.19 14.14 34.13 52.92 75.93 64.33 
31.06 22.2 55.15 47.04 43.08 15.13 47.54 32.39 41.19 32.25 67.9 51.62 18.38 24.52 9.06 47.07 50.7 65.31 39.4 64.13 19.21 58.46 60.02 51.92 39.29 20.0 61.2 19.92 6.08 11.18 38.0 15.26 39.32 18.97 6.32 14.32 65.73 54.33 9.43 12.04 50.22 26.93 61.85 53.6 26.25 50.8 66.1 23.09 11.66 27.66 34.54 13.04 67.07 52.81 47.13 38.9 40.71 67.36 26.02 22.2 57.01 24.76 42.76 0.0 57.07 35.78 29.55 16.49 57.14 50.49 52.95 25.94 40.02 11.18 76.06 42.05 59.0 60.53 37.64 77.0 77.41 16.4 23.0 72.99 17.0 46.01 55.44 12.04 70.18 24.04 70.04 26.87 65.51 49.73 55.54 56.89 76.16 13.89 33.24 21.59 
28.18 74.85 7.07 15.81 99.72 59.93 102.0 24.74 16.55 89.27 124.95 5.83 68.94 32.56 66.1 23.26 107.71 25.3 33.6 121.2 47.01 115.52 115.0 25.71 27.66 73.16 16.76 40.72 63.15 46.84 21.1 47.01 23.35 38.33 60.44 55.46 27.2 111.31 65.97 68.73 105.0 34.99 26.31 4.24 83.2 20.88 24.7 35.47 62.01 82.28 33.94 69.38 13.6 109.64 104.05 93.01 36.06 124.31 82.87 36.77 12.04 78.55 98.05 57.07 0.0 36.12 29.02 72.34 113.22 18.97 110.02 79.01 95.02 68.25 132.24 16.64 11.4 117.55 29.73 133.45 133.03 72.12 79.76 130.05 41.11 102.7 112.45 45.61 127.01 48.01 125.0 80.78 26.25 106.73 112.59 112.0 132.14 54.13 31.24 38.48 
14.04 45.04 30.48 20.52 72.0 30.02 82.87 21.0 21.93 65.12 99.13 30.61 39.01 22.47 43.66 15.23 81.06 32.14 4.0 95.08 17.46 89.05 94.92 18.11 8.49 44.0 31.02 16.4 40.85 25.24 17.09 20.62 13.04 26.08 35.44 26.17 32.02 86.58 41.48 47.17 85.38 10.82 28.02 31.89 57.56 19.31 33.24 16.64 46.04 53.04 3.0 43.93 39.82 82.01 77.03 74.46 5.0 99.41 59.91 16.4 29.15 49.04 77.79 35.78 36.12 0.0 28.44 52.0 91.22 20.12 84.21 61.72 75.27 45.22 109.66 20.59 31.38 92.35 6.4 110.17 111.61 45.4 57.28 104.08 29.41 79.43 87.46 25.0 102.59 15.03 104.81 51.09 32.06 80.06 86.05 91.76 110.02 25.32 7.0 15.56 
14.56 50.0 29.12 24.41 72.62 36.8 73.0 8.6 16.12 61.13 96.77 24.33 44.69 7.62 38.28 29.07 80.01 44.65 29.41 93.15 26.83 87.64 86.01 34.71 24.6 48.01 38.01 19.7 35.47 21.26 16.28 24.41 20.81 10.82 34.13 32.65 45.8 82.98 38.91 40.52 76.01 19.03 42.64 26.31 55.71 31.14 44.94 14.56 33.06 56.6 25.5 42.49 41.0 82.28 76.55 64.0 32.28 95.9 54.57 15.81 32.7 53.25 69.12 29.55 29.02 28.44 0.0 43.74 84.38 29.83 82.01 50.0 66.07 40.5 103.39 18.03 34.18 89.27 24.7 104.69 104.08 45.65 51.42 101.87 12.65 74.15 84.17 19.85 98.48 30.68 96.0 55.47 45.22 79.06 84.77 83.02 103.24 31.24 21.59 18.03 
