100
0.0 46.62 79.18 32.39 67.6 20.88 50.96 83.2 79.81 62.65 22.47 46.84 94.34 56.6 28.6 47.38 16.0 80.31 60.83 13.0 49.04 75.31 78.41 86.58 32.76 66.48 23.6 66.07 39.81 8.06 48.41 11.7 31.24 82.87 46.07 60.41 93.72 52.2 58.25 57.25 54.59 10.0 46.01 78.77 51.62 7.81 41.05 49.93 97.13 66.22 61.61 21.4 89.19 60.75 53.41 28.02 34.71 4.24 30.08 9.85 28.02 73.82 91.93 45.62 48.04 64.78 75.82 75.59 40.8 65.73 85.16 57.56 75.58 34.99 65.8 78.52 73.68 102.4 61.39 16.55 33.12 12.21 13.6 18.25 67.01 31.95 37.22 42.15 55.0 66.61 41.11 45.62 40.31 97.06 33.0 60.03 83.05 18.03 72.56 64.07 
46.62 0.0 33.53 22.8 46.23 37.59 56.46 62.97 37.64 56.3 67.94 15.65 78.87 22.47 18.03 34.21 60.37 54.04 58.25 36.25 44.72 54.56 31.89 60.61 14.14 33.84 52.61 52.4 44.05 41.59 3.0 41.11 54.08 46.49 48.09 45.28 47.38 16.55 21.59 26.83 53.34 47.42 58.14 32.25 28.32 39.12 16.55 18.6 51.08 66.29 40.8 25.24 71.59 61.39 7.21 22.36 75.8 46.1 21.02 52.33 18.6 40.61 46.4 47.1 30.68 60.61 29.83 30.08 28.64 28.07 47.8 26.87 60.46 60.41 52.35 53.81 32.25 55.95 45.65 30.48 22.09 58.82 39.82 63.53 55.87 49.09 46.39 43.01 47.2 20.0 7.0 7.62 22.09 51.26 27.46 26.25 54.08 58.26 38.47 17.49 
79.18 33.53 0.0 49.68 46.1 65.95 84.85 57.07 33.42 64.33 99.3 34.66 73.25 41.48 51.08 48.76 93.62 45.12 83.24 69.64 59.09 51.16 13.6 49.65 46.52 29.27 85.91 73.01 63.81 74.85 32.76 71.85 78.87 27.73 64.85 67.07 23.09 39.32 38.6 46.17 79.83 78.24 76.94 7.21 52.17 72.01 47.1 43.29 18.03 91.09 60.54 58.18 65.73 72.53 28.28 55.79 104.74 78.03 50.22 85.62 51.48 49.2 27.29 63.95 44.78 84.43 18.38 3.61 58.03 38.47 26.93 31.78 60.03 84.81 56.44 46.69 14.0 24.04 50.99 62.65 54.59 91.3 70.21 96.66 77.08 81.3 67.68 61.4 72.28 16.12 40.26 33.62 43.86 17.89 52.33 42.72 42.06 88.24 28.07 17.03 
32.39 22.8 49.68 0.0 37.7 16.28 63.66 54.56 60.44 39.82 50.12 15.26 68.24 43.05 15.0 18.6 48.26 49.48 69.2 27.89 26.08 46.1 52.43 56.04 12.65 34.13 48.08 67.54 22.36 31.14 25.71 22.85 31.38 50.49 27.51 60.42 68.01 37.01 43.01 46.39 63.25 29.07 36.06 50.99 44.92 27.02 30.36 37.34 67.62 76.69 57.87 17.0 61.91 42.49 29.73 24.08 55.15 30.08 4.24 41.01 14.21 62.01 68.1 26.57 17.46 72.42 51.48 46.1 39.45 50.16 52.77 25.18 48.83 37.7 39.2 48.08 42.05 73.66 33.29 17.12 28.84 43.68 21.02 50.64 70.24 49.74 24.0 22.14 59.36 40.5 22.02 17.49 8.0 67.2 5.1 47.04 51.62 38.6 40.2 37.44 
67.6 46.23 46.1 37.7 0.0 47.1 99.62 17.2 74.22 19.72 79.63 31.11 32.65 67.96 51.11 20.22 83.49 13.15 103.39 65.46 22.47 8.6 57.22 19.03 46.87 17.03 85.7 98.6 32.02 68.15 48.6 56.22 49.34 25.81 28.64 91.44 69.18 62.43 66.37 72.67 97.95 61.01 39.66 52.01 74.52 63.79 61.52 64.82 58.82 111.29 87.01 54.63 25.46 28.84 48.88 60.21 78.11 64.28 41.63 77.1 50.61 84.1 73.01 28.23 20.25 106.1 59.84 44.0 73.0 71.11 28.6 19.72 14.87 53.31 10.77 11.0 32.14 66.1 8.06 54.41 63.6 77.03 54.23 85.21 101.98 87.21 36.4 28.86 92.66 49.73 50.91 38.95 30.41 57.25 35.17 71.34 17.09 66.61 18.68 47.13 
20.88 37.59 65.95 16.28 47.1 0.0 64.66 62.37 74.85 42.06 34.54 31.4 73.54 54.92 23.19 27.0 36.5 60.01 72.5 23.43 28.23 54.59 68.41 66.12 24.35 48.08 42.2 73.98 19.42 23.6 40.25 9.22 18.0 64.56 25.81 67.27 84.02 49.24 55.54 57.31 66.21 14.14 28.65 67.21 54.01 19.21 40.11 48.51 83.87 79.18 66.27 19.24 68.31 41.11 44.78 29.27 38.9 17.26 16.64 30.68 22.2 73.82 83.76 25.24 28.28 76.16 67.12 62.37 45.71 63.06 67.05 39.56 54.71 24.08 44.92 58.08 57.8 89.94 40.61 13.93 35.23 30.02 7.28 38.12 75.96 47.51 17.69 21.47 64.2 56.4 34.79 33.42 22.83 83.41 14.32 58.86 63.07 22.47 54.12 53.41 
50.96 56.46 84.85 63.66 99.62 64.66 0.0 116.83 64.54 103.28 68.03 69.12 131.5 44.01 48.92 82.13 49.04 109.42 11.7 41.59 89.2 108.23 76.01 116.11 52.8 89.89 30.0 24.04 82.8 43.66 55.36 58.6 80.53 102.88 89.02 23.71 86.7 45.54 47.01 40.05 7.81 60.41 93.3 80.22 33.02 47.01 39.92 41.59 99.02 15.3 30.08 47.51 124.81 104.64 58.24 39.7 83.29 54.71 59.41 45.28 49.58 48.47 81.39 88.24 80.28 15.52 71.01 82.2 27.86 50.36 104.06 81.99 112.16 85.23 102.73 108.76 87.93 101.12 96.54 51.04 36.06 56.14 59.48 52.15 22.2 19.24 82.1 83.87 15.23 68.73 50.09 62.18 69.66 100.08 67.9 44.1 110.06 68.66 94.85 68.25 
83.2 62.97 57.07 54.56 17.2 62.37 116.83 0.0 88.02 25.0 93.0 48.17 16.55 84.2 68.26 36.4 98.84 12.04 120.51 82.08 35.06 8.6 69.64 10.3 64.07 30.89 102.32 115.36 45.04 84.43 65.19 71.59 61.2 31.02 40.05 108.25 79.51 78.87 82.42 89.02 115.11 75.8 48.51 63.79 91.29 80.01 78.57 81.47 66.12 128.43 103.59 71.55 8.94 33.11 65.0 77.39 89.27 79.62 58.59 92.89 67.74 99.48 84.34 40.01 37.12 123.17 73.05 55.79 90.14 86.61 33.14 36.12 9.85 63.95 18.0 10.44 43.42 73.25 21.84 70.94 80.8 91.79 69.63 100.28 118.83 104.24 49.0 42.11 109.71 63.98 67.94 55.87 47.51 64.2 51.62 87.42 16.12 80.01 29.41 61.72 
79.81 37.64 33.42 60.44 74.22 74.85 64.54 88.02 0.0 89.36 102.2 50.16 104.55 24.21 52.84 69.03 90.52 76.56 59.08 67.36 80.06 80.96 19.85 81.84 50.57 57.57 76.84 46.1 81.05 73.0 34.79 77.03 91.71 60.75 84.38 42.11 23.19 27.66 21.93 25.94 57.71 83.01 95.19 26.25 33.54 72.01 38.95 30.41 39.4 66.01 35.13 59.36 96.93 96.02 30.81 51.86 112.0 80.45 58.52 82.73 53.71 18.44 17.03 83.38 65.01 59.01 15.26 33.29 44.1 15.26 60.22 55.58 89.02 98.03 83.19 77.62 45.18 39.05 76.79 65.51 47.38 91.55 76.06 94.05 50.16 68.48 83.74 79.63 49.65 24.52 40.25 43.74 58.69 41.15 65.0 21.95 74.24 94.15 58.69 27.29 
62.65 56.3 64.33 39.82 19.72 42.06 103.28 25.0 89.36 0.0 69.35 40.8 32.02 78.77 54.82 22.36 77.49 29.83 109.02 64.4 14.21 20.81 74.17 33.12 51.87 35.17 84.06 106.68 22.85 65.51 59.14 50.99 37.05 45.49 16.76 99.48 87.3 72.8 77.79 83.01 103.08 54.08 23.54 69.58 83.19 61.06 68.96 74.32 78.19 116.52 96.15 55.87 28.02 9.22 60.88 63.89 64.5 58.69 44.05 72.5 54.04 96.57 90.45 17.09 25.63 112.2 76.0 61.81 79.06 83.68 48.26 34.0 15.3 39.2 9.22 27.02 50.7 85.44 13.34 53.41 68.6 69.64 49.19 78.45 109.6 88.09 25.96 20.59 99.05 65.07 59.03 48.7 35.36 76.69 35.38 82.54 34.71 56.57 38.08 62.13 
22.47 67.94 99.3 50.12 79.63 34.54 68.03 93.0 102.2 69.35 0.0 65.37 101.12 79.08 50.21 60.42 19.42 92.78 79.03 35.36 58.03 86.15 99.82 98.41 53.81 82.54 38.05 86.31 48.04 29.97 70.01 27.46 32.39 98.98 53.04 81.25 115.31 74.63 80.71 79.65 73.11 21.1 47.54 99.64 73.82 30.23 63.51 72.4 117.32 83.15 83.17 43.19 97.33 64.54 74.97 50.48 15.81 21.93 49.09 23.19 49.5 96.15 113.9 53.01 62.36 83.02 97.58 95.69 62.77 88.2 101.51 74.09 84.1 31.95 75.0 90.55 92.13 123.0 72.25 37.48 55.57 12.17 29.15 17.09 86.7 49.01 44.0 51.09 74.97 87.86 62.97 65.8 57.27 117.05 48.85 82.49 96.34 13.04 88.54 85.15 
46.84 15.65 34.66 15.26 31.11 31.4 69.12 48.17 50.16 40.8 65.37 0.0 63.7 38.08 22.36 19.1 62.37 40.31 72.35 40.01 30.02 39.62 38.91 47.01 17.46 21.59 59.3 67.62 31.32 44.28 18.38 38.01 44.65 37.01 34.23 60.44 54.2 32.2 37.0 42.49 67.01 44.29 45.35 36.62 43.6 40.61 30.41 34.13 52.5 80.28 56.3 28.0 56.57 46.39 20.22 30.68 70.09 44.94 16.76 54.74 22.2 55.79 55.15 33.24 15.3 75.01 38.9 31.11 42.01 42.95 39.01 13.0 45.0 50.77 36.72 39.66 26.93 58.69 30.02 30.59 33.12 58.52 36.24 65.0 70.94 58.52 34.54 29.61 61.55 27.51 19.8 8.06 9.43 52.01 17.69 41.79 41.23 53.82 27.29 24.35 
94.34 78.87 73.25 68.24 32.65 73.54 131.5 16.55 104.55 32.02 101.12 63.7 0.0 100.44 82.62 49.65 109.42 28.16 135.79 94.89 45.31 24.41 86.02 24.08 78.75 47.41 114.95 131.24 54.71 96.61 81.22 82.64 68.73 46.39 48.76 124.08 95.35 95.0 98.74 105.21 130.23 86.02 54.08 80.08 107.17 92.14 94.07 97.45 81.06 143.63 119.63 85.15 7.62 37.01 81.27 91.83 95.0 90.48 72.42 104.18 82.01 115.97 100.44 49.04 51.22 138.59 89.54 72.12 105.38 103.08 48.17 52.2 19.42 70.11 29.15 26.93 59.77 88.01 35.0 83.73 95.67 101.65 80.78 110.44 134.62 117.89 57.97 52.2 125.16 80.53 83.49 71.59 61.85 79.03 64.66 103.73 31.4 88.46 45.88 78.26 
56.6 22.47 41.48 43.05 67.96 54.92 44.01 84.2 24.21 78.77 79.08 38.08 100.44 0.0 31.78 56.61 66.48 74.33 41.76 43.83 66.94 76.03 32.0 80.62 31.06 53.81 52.7 32.45 65.28 49.41 19.7 55.36 72.69 63.25 69.87 25.94 43.68 6.08 3.0 5.0 38.47 60.93 79.1 36.35 11.0 48.88 15.65 6.71 55.01 49.65 20.0 37.34 93.01 83.68 19.21 28.65 89.96 57.71 40.01 58.8 32.76 19.03 39.4 68.88 53.14 43.08 27.07 39.22 20.12 9.22 63.81 48.26 82.49 78.92 74.69 74.52 47.17 57.31 67.98 43.66 23.6 68.01 54.71 70.04 36.36 44.78 67.03 64.63 30.81 25.63 21.02 30.08 44.15 56.08 48.09 4.0 73.55 72.09 57.31 25.94 
28.6 18.03 51.08 15.0 51.11 23.19 48.92 68.26 52.84 54.82 50.21 22.36 82.62 31.78 0.0 33.24 42.54 61.85 54.2 18.68 41.05 59.68 49.82 68.54 5.0 43.93 37.05 52.92 36.4 23.77 19.85 24.19 41.11 59.21 42.05 45.88 65.19 26.25 32.57 34.13 48.27 30.23 49.24 50.25 31.26 21.1 17.0 25.32 68.88 61.72 43.93 7.21 76.03 57.31 24.84 9.22 59.17 28.28 10.82 34.54 1.0 50.64 63.7 41.15 31.4 57.43 47.38 47.54 24.6 40.16 61.07 35.17 63.25 47.27 53.81 60.84 47.38 73.93 47.63 12.81 13.89 40.8 23.26 45.62 55.46 36.4 37.11 36.67 44.42 38.01 12.81 18.25 20.81 68.94 19.72 35.69 63.25 41.34 49.65 35.51 
47.38 34.21 48.76 18.6 20.22 27.0 82.13 36.4 69.03 22.36 60.42 19.1 49.65 56.61 33.24 0.0 63.29 33.02 87.21 45.69 11.05 28.16 56.04 39.2 29.83 23.6 65.92 84.38 15.56 48.08 37.11 36.06 32.45 39.36 16.16 77.18 70.58 50.6 55.79 60.75 81.39 41.05 28.18 52.55 60.83 43.68 46.65 52.0 65.22 94.85 73.79 35.51 43.42 27.29 39.32 42.45 60.83 44.1 22.8 56.89 32.56 74.73 72.53 15.23 4.12 90.27 56.89 45.62 57.01 61.98 42.06 17.2 30.23 37.64 20.62 31.14 37.01 72.11 14.76 34.54 46.75 57.01 34.06 65.07 87.37 68.26 19.85 12.81 77.01 45.54 36.67 26.68 13.04 64.2 15.23 60.44 36.12 47.54 29.15 42.43 
16.0 60.37 93.62 48.26 83.49 36.5 49.04 98.84 90.52 77.49 19.42 62.37 109.42 66.48 42.54 63.29 0.0 96.25 60.3 24.19 64.29 91.08 91.59 102.49 47.17 82.39 19.1 68.68 54.71 18.79 61.77 27.29 43.27 98.73 60.75 64.26 106.51 63.03 68.59 66.07 54.59 23.41 58.83 92.59 59.41 21.84 51.74 60.11 111.4 64.01 67.08 35.47 104.55 74.69 66.73 39.41 35.17 19.24 45.71 8.06 42.15 81.84 104.02 60.41 64.03 64.28 88.48 90.08 48.01 75.69 100.98 73.44 90.96 45.34 81.25 94.43 89.02 116.3 77.1 31.78 43.19 9.22 29.27 3.61 68.66 30.41 51.62 57.28 57.28 80.13 54.2 60.41 56.22 111.49 49.0 69.43 99.05 24.76 88.46 77.83 
80.31 54.04 45.12 49.48 13.15 60.01 109.42 12.04 76.56 29.83 92.78 40.31 28.16 74.33 61.85 33.02 96.25 0.0 112.2 77.37 35.44 9.22 57.87 6.71 57.27 20.52 97.53 106.1 45.12 80.41 55.97 69.07 62.36 19.1 41.44 99.09 67.48 69.3 72.35 79.25 107.07 74.01 51.88 51.92 82.13 76.12 70.21 72.18 54.23 120.21 94.05 66.1 20.62 38.95 55.17 70.68 91.09 77.1 53.16 89.68 61.47 88.75 72.37 41.11 32.39 114.63 61.47 43.97 82.1 76.03 21.38 27.46 17.89 66.13 20.81 2.83 31.62 61.4 20.88 66.49 73.43 90.0 67.07 98.08 109.71 98.23 49.48 41.98 101.21 52.84 59.64 47.43 41.76 52.35 47.52 77.34 5.0 79.76 17.89 50.77 
60.83 58.25 83.24 69.2 103.39 72.5 11.7 120.51 59.08 109.02 79.03 72.35 135.79 41.76 54.2 87.21 60.3 112.2 0.0 50.29 95.21 111.95 72.99 118.81 57.38 92.09 41.19 14.32 89.69 53.15 56.6 67.36 89.2 103.77 95.72 17.0 82.0 44.78 44.64 37.11 6.32 69.86 101.08 77.88 31.38 56.04 42.01 41.15 95.89 8.06 24.0 54.2 128.82 111.22 58.59 45.22 94.05 64.33 65.0 56.01 55.0 41.59 76.11 94.87 84.9 4.0 67.74 80.96 30.41 46.27 104.65 84.81 116.67 94.25 107.56 111.83 88.14 97.19 101.14 58.6 40.46 67.0 68.01 63.51 11.4 30.02 89.47 90.43 11.18 67.36 52.63 64.82 74.33 97.16 73.82 40.79 112.33 78.77 96.57 67.42 
13.0 36.25 69.64 27.89 65.46 23.43 41.59 82.08 67.36 64.4 35.36 40.01 94.89 43.83 18.68 45.69 24.19 77.37 50.29 0.0 50.22 73.74 67.42 83.93 23.54 61.13 20.25 54.04 42.45 5.66 37.59 17.09 39.0 77.0 48.84 48.04 82.42 39.7 45.61 44.29 43.97 20.02 51.87 68.43 38.63 6.0 28.43 37.2 87.32 56.46 48.84 12.04 89.0 64.35 42.54 15.56 47.54 15.13 24.33 16.12 18.44 60.84 80.16 48.17 45.22 54.12 64.4 66.13 27.89 53.01 79.03 52.15 75.59 43.97 65.76 75.96 65.92 92.13 60.42 11.18 20.25 24.21 17.89 27.46 55.33 24.08 41.11 44.05 43.29 55.95 30.02 36.88 35.69 87.46 30.46 47.17 79.43 30.27 67.07 53.67 
49.04 44.72 59.09 26.08 22.47 28.23 89.2 35.06 80.06 14.21 58.03 30.02 45.31 66.94 41.05 11.05 64.29 35.44 95.21 50.22 0.0 28.16 66.94 40.61 38.47 32.02 69.97 93.48 10.0 51.48 47.68 37.34 26.93 46.23 6.4 86.31 81.27 60.88 66.29 70.88 89.2 41.0 18.44 63.25 70.38 47.01 55.95 61.98 74.95 102.62 83.38 41.73 40.26 16.76 50.16 50.0 55.66 45.22 30.23 58.87 40.22 85.33 83.43 5.83 15.13 98.47 67.9 56.08 65.51 72.69 49.04 27.31 26.68 30.87 17.12 32.98 46.65 81.99 14.56 39.2 54.92 56.89 35.47 65.51 96.25 73.88 14.14 7.07 85.44 56.57 46.49 37.34 22.8 73.78 21.4 70.83 39.56 45.01 36.77 53.46 
75.31 54.56 51.16 46.1 8.6 54.59 108.23 8.6 80.96 20.81 86.15 39.62 24.41 76.03 59.68 28.16 91.08 9.22 111.95 73.74 28.16 0.0 63.15 12.65 55.47 23.41 93.98 106.96 38.12 76.24 56.85 63.79 54.92 27.2 33.73 99.82 74.03 70.6 74.33 80.8 106.53 68.26 43.46 57.56 82.88 71.84 70.04 73.11 61.98 119.85 95.27 63.07 17.03 29.83 56.86 68.8 83.43 71.85 50.09 84.93 59.17 91.71 78.41 33.54 28.64 114.63 66.22 49.5 81.57 78.77 29.73 27.8 9.22 58.24 12.08 6.4 37.22 69.23 14.04 62.63 72.2 84.29 61.81 92.66 110.39 95.71 42.3 35.06 101.18 56.65 59.41 47.38 38.95 60.21 43.32 79.32 14.21 73.11 23.09 54.23 
78.41 31.89 13.6 52.43 57.22 68.41 76.01 69.64 19.85 74.17 99.82 38.91 86.02 32.0 49.82 56.04 91.59 57.87 72.99 67.42 66.94 63.15 0.0 62.77 46.01 40.2 81.34 61.68 70.01 72.95 30.0 72.84 83.35 41.18 72.12 56.29 15.62 31.58 29.0 36.12 70.26 79.2 83.82 6.4 43.0 70.8 41.44 35.51 23.02 80.6 49.48 57.01 78.45 81.74 25.0 52.35 107.17 77.99 51.86 83.53 50.45 36.36 16.49 71.17 51.92 73.76 5.39 13.93 50.8 26.93 40.5 40.31 71.7 89.55 67.01 59.2 26.25 25.71 61.03 62.37 49.77 90.6 71.45 94.87 65.8 75.19 73.41 68.01 62.39 12.04 37.44 35.0 48.3 24.19 56.08 32.25 55.15 89.87 40.26 15.0 
86.58 60.61 49.65 56.04 19.03 66.12 116.11 10.3 81.84 33.12 98.41 47.01 24.08 80.62 68.54 39.2 102.49 6.71 118.81 83.93 40.61 12.65 62.77 0.0 63.98 26.91 104.12 112.54 50.49 86.88 62.48 75.24 67.47 22.36 46.32 105.55 71.39 75.69 78.57 85.56 113.72 80.02 56.08 56.65 88.62 82.57 76.84 78.64 57.01 126.83 100.42 72.73 17.03 41.88 61.52 77.39 96.05 83.29 59.77 96.03 68.15 94.63 76.66 46.1 38.83 121.21 66.64 48.85 88.75 82.01 24.08 34.13 19.1 70.88 24.7 8.06 36.67 64.01 26.17 73.01 80.13 96.05 73.25 104.24 116.18 104.92 54.74 47.38 107.8 58.52 66.29 54.08 48.38 55.0 53.94 83.55 7.62 85.38 23.6 56.61 
32.76 14.14 46.52 12.65 46.87 24.35 52.8 64.07 50.57 51.87 53.81 17.46 78.75 31.06 5.0 29.83 47.17 57.27 57.38 23.54 38.47 55.47 46.01 63.98 0.0 39.05 42.05 55.01 34.93 28.46 16.4 27.02 41.77 54.23 40.16 47.85 61.52 25.18 31.4 34.06 51.62 33.3 48.37 46.04 32.28 25.5 17.72 25.02 64.41 65.07 45.22 11.7 72.01 55.04 21.26 13.42 61.85 32.02 9.06 39.22 5.1 50.09 60.44 39.22 27.59 60.44 43.93 42.95 27.2 38.83 56.08 30.36 59.46 48.05 50.21 56.36 42.43 69.64 43.86 16.4 16.97 44.94 25.81 50.16 57.8 41.11 36.22 34.79 47.2 34.06 10.44 13.34 16.97 64.4 17.72 35.06 58.52 44.2 44.72 31.4 
66.48 33.84 29.27 34.13 17.03 48.08 89.89 30.89 57.57 35.17 82.54 21.59 47.41 53.81 43.93 23.6 82.39 20.52 92.09 61.13 32.02 23.41 40.2 26.91 39.05 0.0 80.75 85.63 39.05 65.0 35.61 56.29 56.04 16.49 38.29 78.64 52.35 48.8 51.86 58.73 87.13 62.1 50.45 35.0 61.72 61.03 50.25 51.74 43.38 100.12 73.54 49.25 39.82 43.66 34.66 52.2 84.22 63.95 37.0 75.11 43.74 68.6 56.0 37.54 20.59 94.4 42.95 27.02 62.27 55.76 18.97 9.0 31.58 61.22 27.17 20.81 15.52 50.57 21.84 51.01 54.23 77.47 54.34 84.72 89.27 80.08 43.42 36.12 81.02 33.24 39.82 27.73 26.17 42.06 33.96 56.85 20.25 70.01 6.08 30.87 
23.6 52.61 85.91 48.08 85.7 42.2 30.0 102.32 76.84 84.06 38.05 59.3 114.95 52.7 37.05 65.92 19.1 97.53 41.19 20.25 69.97 93.98 81.34 104.12 42.05 80.75 0.0 49.98 61.61 18.6 53.15 33.97 54.82 96.25 68.01 46.07 95.27 50.54 55.23 51.22 35.51 33.6 69.31 83.52 43.93 23.02 39.92 47.01 102.88 45.1 49.65 31.58 109.17 83.24 57.72 30.27 53.46 27.8 44.38 15.81 37.12 65.8 91.79 67.42 65.46 45.18 77.47 82.57 32.8 61.61 98.13 71.85 95.71 58.52 85.87 96.17 84.1 106.89 80.62 31.38 31.62 26.31 35.47 22.36 49.73 11.4 59.67 63.51 38.63 70.88 45.71 55.01 55.79 103.32 50.7 55.0 99.46 39.92 86.58 69.12 
66.07 52.4 73.01 67.54 98.6 73.98 24.04 115.36 46.1 106.68 86.31 67.62 131.24 32.45 52.92 84.38 68.68 106.1 14.32 54.04 93.48 106.96 61.68 112.54 55.01 85.63 49.98 0.0 89.32 58.03 50.21 70.46 91.59 95.69 94.94 7.21 69.26 36.88 34.99 27.46 16.28 74.06 101.83 67.07 24.08 60.03 37.74 33.94 84.17 20.1 12.53 54.82 123.99 110.02 51.09 44.92 100.5 69.0 63.56 63.15 53.85 28.02 63.03 94.02 81.54 13.15 56.32 71.11 28.46 34.79 96.25 79.25 112.61 97.16 104.04 106.07 79.61 84.85 97.42 60.21 39.22 74.15 70.71 72.12 4.12 38.63 89.81 89.55 11.4 57.71 48.01 59.67 71.34 85.62 72.5 30.41 105.65 84.02 89.5 58.31 
39.81 44.05 63.81 22.36 32.02 19.42 82.8 45.04 81.05 22.85 48.04 31.32 54.71 65.28 36.4 15.56 54.71 45.12 89.69 42.45 10.0 38.12 70.01 50.49 34.93 39.05 61.61 89.32 0.0 43.01 47.04 28.18 17.46 54.38 6.4 82.28 85.0 59.21 65.07 68.73 83.53 31.32 14.14 67.08 67.19 38.6 52.63 59.68 80.6 96.8 80.08 35.51 50.01 21.93 50.36 44.72 46.24 35.85 25.96 49.66 35.47 84.15 86.38 5.83 19.21 93.15 70.21 60.54 60.93 72.0 57.14 32.65 36.5 22.2 27.07 42.76 52.5 87.42 24.33 31.89 50.16 47.07 26.42 55.79 91.79 66.47 4.47 3.16 80.5 58.82 44.28 37.34 22.36 79.65 17.26 69.26 49.04 35.01 44.41 55.66 
8.06 41.59 74.85 31.14 68.15 23.6 43.66 84.43 73.0 65.51 29.97 44.28 96.61 49.41 23.77 48.08 18.79 80.41 53.15 5.66 51.48 76.24 72.95 86.88 28.46 65.0 18.6 58.03 43.01 0.0 43.05 15.62 37.22 81.1 49.41 52.35 88.01 45.34 51.22 49.74 46.87 16.76 51.09 73.82 43.86 4.47 34.06 42.8 92.61 58.82 53.6 16.76 91.0 64.66 48.02 21.21 42.76 11.18 28.0 10.77 23.41 66.19 85.8 48.83 48.05 57.07 70.0 71.31 32.89 58.6 83.22 56.0 77.47 41.63 67.62 78.85 70.61 97.53 62.63 14.04 25.81 18.6 16.97 21.95 59.03 25.06 41.11 44.94 47.01 61.4 35.51 41.76 39.12 92.7 32.98 52.7 82.73 26.0 71.01 59.06 
48.41 3.0 32.76 25.71 48.6 40.25 55.36 65.19 34.79 59.14 70.01 18.38 81.22 19.7 19.85 37.11 61.77 55.97 56.6 37.59 47.68 56.85 30.0 62.48 16.4 35.61 53.15 50.21 47.04 43.05 0.0 43.42 56.92 47.54 51.09 43.14 45.34 13.89 18.68 24.19 51.88 49.68 61.13 30.87 26.17 40.8 15.52 16.28 49.98 64.66 38.42 27.02 73.88 64.33 5.0 23.09 78.24 48.1 23.77 53.71 20.52 37.66 44.05 50.09 33.53 58.82 27.59 29.43 27.51 25.08 48.7 29.07 62.97 63.25 55.01 55.87 32.76 54.56 48.3 32.53 22.02 60.61 42.2 65.0 53.76 49.0 49.37 46.01 45.49 18.36 7.62 10.44 25.08 50.29 30.41 23.41 55.8 60.61 39.96 16.16 
11.7 41.11 71.85 22.85 56.22 9.22 58.6 71.59 77.03 50.99 27.46 38.01 82.64 55.36 24.19 36.06 27.29 69.07 67.36 17.09 37.34 63.79 72.84 75.24 27.02 56.29 33.97 70.46 28.18 15.62 43.42 0.0 21.93 72.78 34.48 64.12 88.41 50.16 56.46 57.01 61.03 6.4 35.47 72.35 52.61 11.66 39.85 48.7 89.87 73.54 64.07 18.03 77.49 49.41 48.27 27.46 34.99 8.06 21.63 21.54 23.32 73.76 87.46 34.0 37.05 71.17 70.94 68.24 43.01 64.08 75.19 47.54 63.89 26.93 54.12 67.19 64.88 95.6 49.82 11.7 33.38 21.21 2.0 29.02 72.01 40.5 25.81 30.46 60.02 60.81 36.89 38.42 30.36 89.59 22.36 59.14 72.01 17.2 62.37 58.0 
31.24 54.08 78.87 31.38 49.34 18.0 80.53 61.2 91.71 37.05 32.39 44.65 68.73 72.69 41.11 32.45 43.27 62.36 89.2 39.0 26.93 54.92 83.35 67.47 41.77 56.04 54.82 91.59 17.46 37.22 56.92 21.93 0.0 71.69 21.21 85.0 98.79 66.91 73.16 75.24 82.87 21.26 15.65 81.27 72.01 33.54 58.08 66.37 96.26 95.46 84.21 37.12 65.07 32.28 61.1 47.17 28.79 27.02 33.24 40.31 40.11 91.66 99.3 21.38 35.61 92.97 82.73 75.43 63.51 80.6 74.43 48.92 52.01 6.32 43.29 59.91 68.62 102.83 41.48 31.4 53.15 34.48 21.19 43.42 93.39 62.27 13.0 20.62 81.49 71.59 52.17 48.75 35.23 95.48 27.29 76.66 66.41 19.92 61.59 68.48 
82.87 46.49 27.73 50.49 25.81 64.56 102.88 31.02 60.75 45.49 98.98 37.01 46.39 63.25 59.21 39.36 98.73 19.1 103.77 77.0 46.23 27.2 41.18 22.36 54.23 16.49 96.25 95.69 54.38 81.1 47.54 72.78 71.69 0.0 52.63 89.04 49.03 59.17 60.8 68.24 99.32 78.59 64.44 34.89 72.56 77.23 62.97 62.65 35.13 111.83 83.23 65.01 39.12 54.64 45.18 66.91 100.18 80.41 53.15 91.35 59.14 75.01 54.41 52.01 36.77 105.68 45.49 27.46 75.03 62.97 2.83 25.32 36.4 76.55 36.36 21.38 16.28 42.3 33.3 67.19 68.15 93.94 70.83 101.12 99.57 94.73 58.83 51.31 92.59 38.9 53.16 41.77 42.58 33.24 50.45 65.6 15.03 86.38 10.44 37.64 
46.07 48.09 64.85 27.51 28.64 25.81 89.02 40.05 84.38 16.76 53.04 34.23 48.76 69.87 42.05 16.16 60.75 41.44 95.72 48.84 6.4 33.73 72.12 46.32 40.16 38.29 68.01 94.94 6.4 49.41 51.09 34.48 21.21 52.63 0.0 87.85 86.73 63.79 69.46 73.55 89.59 37.34 12.21 68.71 72.42 45.0 57.87 64.54 80.99 102.9 85.38 41.62 44.41 15.62 54.01 50.61 49.73 42.05 31.38 55.9 41.15 88.57 88.6 1.0 20.25 99.13 72.78 61.74 66.64 76.16 55.44 33.12 31.06 24.7 22.09 38.9 52.7 87.98 20.62 38.21 55.9 52.89 32.76 61.68 97.51 72.84 9.22 5.39 86.35 61.39 49.03 41.0 26.02 79.88 22.47 73.82 45.69 40.11 43.14 58.25 
60.41 45.28 67.07 60.42 91.44 67.27 23.71 108.25 42.11 99.48 81.25 60.44 124.08 25.94 45.88 77.18 64.26 99.09 17.0 48.04 86.31 99.82 56.29 105.55 47.85 78.64 46.07 7.21 82.28 52.35 43.14 64.12 85.0 89.04 87.85 0.0 65.0 30.0 28.64 21.02 16.16 68.01 94.92 61.4 16.97 54.04 30.53 26.91 79.08 24.33 7.0 48.05 116.85 102.88 44.2 38.08 95.04 63.13 56.46 58.24 46.82 25.0 59.14 86.93 74.33 17.46 50.99 65.0 21.59 29.43 89.69 72.14 105.42 90.67 96.83 99.01 73.06 80.22 90.21 53.6 32.28 69.12 64.28 67.78 10.63 34.99 82.86 82.46 8.6 51.48 40.8 52.5 64.14 80.41 65.39 24.35 98.72 78.23 82.62 51.88 
93.72 47.38 23.09 68.01 69.18 84.02 86.7 79.51 23.19 87.3 115.31 54.2 95.35 43.68 65.19 70.58 106.51 67.48 82.0 82.42 81.27 74.03 15.62 71.39 61.52 52.35 95.27 69.26 85.0 88.01 45.34 88.41 98.79 49.03 86.73 65.0 0.0 44.78 40.8 46.87 80.22 94.76 98.62 18.03 54.34 86.05 55.47 48.47 18.38 89.09 58.0 72.35 87.97 95.34 40.36 67.12 122.79 93.43 67.48 98.47 65.86 41.59 7.21 85.8 66.48 82.1 18.03 25.5 63.57 36.35 47.54 54.12 83.0 104.96 79.51 69.26 37.05 16.16 73.98 77.83 64.01 105.89 87.05 109.86 73.33 88.26 88.55 82.86 72.17 27.66 52.63 50.61 63.63 20.52 71.56 42.76 63.95 105.48 51.0 30.61 
52.2 16.55 39.32 37.01 62.43 49.24 45.54 78.87 27.66 72.8 74.63 32.2 95.0 6.08 26.25 50.6 63.03 69.3 44.78 39.7 60.88 70.6 31.58 75.69 25.18 48.8 50.54 36.88 59.21 45.34 13.89 50.16 66.91 59.17 63.79 30.0 44.78 0.0 6.32 10.3 40.8 55.9 73.06 35.01 13.42 44.41 11.31 4.0 54.23 52.8 24.76 32.2 87.62 77.62 14.21 24.21 84.97 53.0 34.06 55.17 27.2 25.0 41.34 62.8 47.17 46.53 27.2 36.67 19.24 13.93 59.94 42.8 76.85 73.16 68.88 69.35 43.38 57.27 62.18 38.48 19.85 63.89 49.4 66.53 40.61 43.68 61.01 58.55 33.62 23.19 15.0 24.17 38.08 55.08 42.05 10.05 68.77 67.08 52.63 22.8 
58.25 21.59 38.6 43.01 66.37 55.54 47.01 82.42 21.93 77.79 80.71 37.0 98.74 3.0 32.57 55.79 68.59 72.35 44.64 45.61 66.29 74.33 29.0 78.57 31.4 51.86 55.23 34.99 65.07 51.22 18.68 56.46 73.16 60.8 69.46 28.64 40.8 6.32 0.0 7.62 41.44 62.17 79.01 33.38 14.0 50.48 17.2 8.49 52.01 52.5 22.47 38.48 91.26 82.98 17.49 30.23 91.24 59.17 40.2 60.83 33.53 19.1 36.67 68.47 52.2 45.88 24.08 36.4 22.85 7.62 61.29 46.65 81.01 79.43 73.41 72.62 44.65 54.33 66.71 44.78 25.5 69.81 55.71 72.12 38.95 47.54 67.01 64.28 33.73 22.85 21.1 29.12 43.57 53.08 48.0 5.0 71.42 73.35 55.15 23.32 
57.25 26.83 46.17 46.39 72.67 57.31 40.05 89.02 25.94 83.01 79.65 42.49 105.21 5.0 34.13 60.75 66.07 79.25 37.11 44.29 70.88 80.8 36.12 85.56 34.06 58.73 51.22 27.46 68.73 49.74 24.19 57.01 75.24 68.24 73.55 21.02 46.87 10.3 7.62 0.0 34.13 62.3 82.39 40.79 7.62 49.66 17.26 9.06 59.14 44.92 15.0 39.05 97.8 87.64 24.08 29.73 91.18 58.69 43.1 58.6 35.13 16.76 42.06 72.57 57.38 38.28 31.02 44.01 18.44 10.77 68.8 53.01 87.13 81.39 79.18 79.4 52.15 61.07 72.47 45.35 24.17 68.26 56.52 69.66 31.38 42.54 70.26 68.25 26.31 30.46 24.52 34.44 48.08 60.3 51.48 4.12 78.52 73.39 62.29 30.89 
54.59 53.34 79.83 63.25 97.95 66.21 7.81 115.11 57.71 103.08 73.11 67.01 130.23 38.47 48.27 81.39 54.59 107.07 6.32 43.97 89.2 106.53 70.26 113.72 51.62 87.13 35.51 16.28 83.53 46.87 51.88 61.03 82.87 99.32 89.59 16.16 80.22 40.8 41.44 34.13 0.0 63.56 94.81 74.81 27.66 49.73 36.89 37.0 93.26 13.45 22.8 48.02 123.33 105.12 54.23 39.2 88.01 58.05 59.03 50.01 49.04 41.11 74.67 88.75 79.2 10.2 65.12 77.37 25.0 44.01 100.32 79.63 111.04 87.93 101.83 106.61 83.93 95.0 95.46 52.33 34.66 61.03 61.68 57.87 14.76 24.19 83.24 84.31 8.06 63.79 47.43 59.64 68.59 94.43 67.8 38.05 107.38 72.56 91.79 63.6 
10.0 47.42 78.24 29.07 61.01 14.14 60.41 75.8 83.01 54.08 21.1 44.29 86.02 60.93 30.23 41.05 23.41 74.01 69.86 20.02 41.0 68.26 79.2 80.02 33.3 62.1 33.6 74.06 31.32 16.76 49.68 6.4 21.26 78.59 37.34 68.01 94.76 55.9 62.17 62.3 63.56 0.0 36.24 78.75 57.49 14.04 45.31 54.23 96.26 75.58 68.47 23.71 81.25 51.48 54.56 32.57 29.07 5.83 28.02 19.21 29.41 79.06 93.72 37.0 42.43 73.76 77.23 74.63 47.38 69.78 81.04 53.45 67.68 25.06 58.05 72.01 71.11 102.0 54.23 17.49 38.33 16.03 8.06 24.52 75.33 41.63 28.23 33.96 63.29 67.18 43.01 44.82 36.4 95.96 28.16 64.62 77.16 11.18 68.15 64.38 
46.01 58.14 76.94 36.06 39.66 28.65 93.3 48.51 95.19 23.54 47.54 45.35 54.08 79.1 49.24 28.18 58.83 51.88 101.08 51.87 18.44 43.46 83.82 56.08 48.37 50.45 69.31 101.83 14.14 51.09 61.13 35.47 15.65 64.44 12.21 94.92 98.62 73.06 79.01 82.39 94.81 36.24 0.0 80.62 80.41 47.01 65.92 73.33 93.19 107.82 93.17 47.17 51.16 17.12 64.5 56.92 41.11 41.77 39.32 55.44 48.27 98.05 100.24 13.04 32.2 104.69 84.2 73.79 73.38 86.02 67.27 45.28 38.83 16.03 31.38 49.19 64.9 100.17 31.62 42.49 62.64 50.12 34.21 59.06 104.06 75.8 12.17 15.81 92.48 72.8 58.08 51.48 36.5 92.09 31.02 83.1 56.44 35.47 55.17 69.64 
78.77 32.25 7.21 50.99 52.01 67.21 80.22 63.79 26.25 69.58 99.64 36.62 80.08 36.35 50.25 52.55 92.59 51.92 77.88 68.43 63.25 57.56 6.4 56.65 46.04 35.0 83.52 67.07 67.08 73.82 30.87 72.35 81.27 34.89 68.71 61.4 18.03 35.01 33.38 40.79 74.81 78.75 80.62 0.0 47.27 71.34 43.93 39.01 19.42 85.62 54.71 57.45 72.53 77.47 26.0 53.85 106.1 78.01 50.93 84.53 50.77 42.44 21.0 67.78 48.47 78.85 11.4 8.06 54.15 32.31 34.13 36.14 66.27 87.37 62.07 53.37 20.4 23.71 56.32 62.43 51.92 90.97 70.84 95.77 71.17 78.09 70.71 64.88 67.08 12.65 38.48 33.97 46.04 20.1 54.2 37.11 49.04 89.14 34.53 14.76 
51.62 28.32 52.17 44.92 74.52 54.01 33.02 91.29 33.54 83.19 73.82 43.6 107.17 11.0 31.26 60.83 59.41 82.13 31.38 38.63 70.38 82.88 43.0 88.62 32.28 61.72 43.93 24.08 67.19 43.86 26.17 52.61 72.01 72.56 72.42 16.97 54.34 13.42 14.0 7.62 27.66 57.49 80.41 47.27 0.0 44.27 14.56 10.0 66.01 39.4 13.0 35.06 99.9 87.09 27.46 25.18 86.02 53.45 41.23 52.15 32.25 22.47 49.65 71.47 57.8 33.12 38.05 49.73 11.4 18.38 73.36 55.17 88.6 78.01 80.16 82.04 56.8 68.26 73.5 41.19 19.24 62.18 52.35 63.01 27.59 34.99 68.25 67.05 20.25 36.14 24.19 35.61 47.85 67.07 50.0 11.7 81.84 68.41 65.8 36.06 
7.81 39.12 72.01 27.02 63.79 19.21 47.01 80.01 72.01 61.06 30.23 40.61 92.14 48.88 21.1 43.68 21.84 76.12 56.04 6.0 47.01 71.84 70.8 82.57 25.5 61.03 23.02 60.03 38.6 4.47 40.8 11.66 33.54 77.23 45.0 54.04 86.05 44.41 50.48 49.66 49.73 14.04 47.01 71.34 44.27 0.0 33.29 42.19 89.89 62.03 54.74 13.89 86.54 60.31 45.8 20.25 41.76 9.22 24.08 14.14 20.59 66.31 84.17 44.41 43.74 59.91 68.12 68.45 33.73 57.98 79.4 52.04 73.01 38.28 63.16 74.53 67.19 95.02 58.19 10.05 25.5 19.85 12.81 24.7 61.29 28.84 36.8 40.5 49.25 59.08 33.42 38.63 35.01 89.9 28.64 52.35 78.52 24.33 67.07 56.6 
41.05 16.55 47.1 30.36 61.52 40.11 39.92 78.57 38.95 68.96 63.51 30.41 94.07 15.65 17.0 46.65 51.74 70.21 42.01 28.43 55.95 70.04 41.44 76.84 17.72 50.25 39.92 37.74 52.63 34.06 15.52 39.85 58.08 62.97 57.87 30.53 55.47 11.31 17.2 17.26 36.89 45.31 65.92 43.93 14.56 33.29 0.0 8.94 63.35 50.0 27.51 21.84 86.98 72.62 19.03 13.04 74.32 42.06 26.68 43.86 18.0 33.96 52.43 56.92 43.83 44.6 37.58 44.01 12.08 24.7 64.2 42.8 75.17 64.2 66.4 69.81 48.27 67.05 59.82 28.16 8.6 52.63 39.29 55.23 40.8 34.23 53.76 52.5 31.14 31.4 10.63 22.8 33.62 63.95 35.44 19.31 70.49 56.46 55.01 30.07 
49.93 18.6 43.29 37.34 64.82 48.51 41.59 81.47 30.41 74.32 72.4 34.13 97.45 6.71 25.32 52.0 60.11 72.18 41.15 37.2 61.98 73.11 35.51 78.64 25.02 51.74 47.01 33.94 59.68 42.8 16.28 48.7 66.37 62.65 64.54 26.91 48.47 4.0 8.49 9.06 37.0 54.23 73.33 39.01 10.0 42.19 8.94 0.0 58.22 49.19 22.2 30.68 90.14 78.75 17.49 21.95 83.26 51.0 34.06 52.35 26.31 25.32 44.78 63.56 48.75 43.05 31.05 40.61 15.3 15.81 63.51 45.34 79.06 72.56 70.83 72.12 47.01 61.19 64.14 37.0 17.03 61.4 48.08 63.64 37.54 39.85 61.2 59.23 29.97 27.17 15.52 26.08 39.22 59.08 42.43 10.44 71.84 65.39 55.8 26.68 
97.13 51.08 18.03 67.62 58.82 83.87 99.02 66.12 39.4 78.19 117.32 52.5 81.06 55.01 68.88 65.22 111.4 54.23 95.89 87.32 74.95 61.98 23.02 57.01 64.41 43.38 102.88 84.17 80.6 92.61 49.98 89.87 96.26 35.13 80.99 79.08 18.38 54.23 52.01 59.14 93.26 96.26 93.19 19.42 66.01 89.89 63.35 58.22 0.0 103.41 72.18 76.03 74.0 86.93 45.22 73.05 122.58 96.04 68.24 103.37 69.32 57.58 25.5 80.16 61.4 96.51 28.16 21.63 73.44 49.65 33.02 48.01 71.2 102.07 69.57 56.44 28.3 7.28 65.0 80.62 71.31 109.27 88.23 114.49 88.29 97.49 84.65 78.01 85.38 32.02 57.58 51.62 61.55 2.24 70.09 55.23 50.04 106.21 40.16 33.84 
66.22 66.29 91.09 76.69 111.29 79.18 15.3 128.43 66.01 116.52 83.15 80.28 143.63 49.65 61.72 94.85 64.01 120.21 8.06 56.46 102.62 119.85 80.6 126.83 65.07 100.12 45.1 20.1 96.8 58.82 64.66 73.54 95.46 111.83 102.9 24.33 89.09 52.8 52.5 44.92 13.45 75.58 107.82 85.62 39.4 62.03 50.0 49.19 103.41 0.0 31.26 61.29 136.69 118.46 66.65 52.63 98.51 69.92 72.47 60.53 62.48 48.09 83.0 102.08 92.63 7.0 75.31 88.87 38.29 53.76 112.7 92.8 124.46 100.3 115.28 119.81 96.18 104.48 108.89 65.37 48.1 71.34 74.32 67.01 16.28 34.53 96.38 97.65 19.24 75.27 60.61 72.8 82.04 104.74 81.22 48.51 120.37 83.95 104.62 75.39 
61.61 40.8 60.54 57.87 87.01 66.27 30.08 103.59 35.13 96.15 83.17 56.3 119.63 20.0 43.93 73.79 67.08 94.05 24.0 48.84 83.38 95.27 49.48 100.42 45.22 73.54 49.65 12.53 80.08 53.6 38.42 64.07 84.21 83.23 85.38 7.0 58.0 24.76 22.47 15.0 22.8 68.47 93.17 54.71 13.0 54.74 27.51 22.2 72.18 31.26 0.0 47.1 112.29 100.09 38.9 37.05 96.32 63.95 54.12 60.54 44.91 18.38 52.15 84.43 70.71 24.33 44.15 58.6 21.1 22.56 83.76 67.48 101.26 90.09 92.96 94.11 67.12 73.25 86.28 53.01 31.06 71.17 64.01 70.66 16.55 39.05 81.02 80.01 14.87 45.18 37.12 48.26 60.84 73.55 62.94 17.89 93.43 79.08 77.23 45.79 
21.4 25.24 58.18 17.0 54.63 19.24 47.51 71.55 59.36 55.87 43.19 28.0 85.15 37.34 7.21 35.51 35.47 66.1 54.2 12.04 41.73 63.07 57.01 72.73 11.7 49.25 31.58 54.82 35.51 16.76 27.02 18.03 37.12 65.01 41.62 48.05 72.35 32.2 38.48 39.05 48.02 23.71 47.17 57.45 35.06 13.89 21.84 30.68 76.03 61.29 47.1 0.0 78.89 57.2 32.02 10.05 52.77 21.26 13.0 27.51 6.71 55.79 70.72 40.8 34.44 57.71 54.49 54.63 26.48 46.1 67.01 40.31 65.73 43.01 56.04 64.85 53.94 81.12 50.25 6.32 16.03 33.6 17.46 38.48 56.92 32.76 35.34 36.4 45.31 45.22 19.8 25.0 24.35 76.06 20.62 41.11 67.91 34.89 55.15 42.72 
89.19 71.59 65.73 61.91 25.46 68.31 124.81 8.94 96.93 28.02 97.33 56.57 7.62 93.01 76.03 43.42 104.55 20.62 128.82 89.0 40.26 17.03 78.45 17.03 72.01 39.82 109.17 123.99 50.01 91.0 73.88 77.49 65.07 39.12 44.41 116.85 87.97 87.62 91.26 97.8 123.33 81.25 51.16 72.53 99.9 86.54 86.98 90.14 74.0 136.69 112.29 78.89 0.0 34.53 73.82 85.21 92.27 85.44 66.04 98.98 75.45 108.41 92.96 44.55 44.65 131.55 81.93 64.56 98.41 95.52 41.01 44.82 13.6 67.07 23.41 19.31 52.2 81.02 28.65 77.82 88.87 97.08 75.58 105.76 127.4 111.65 53.6 47.3 118.11 72.92 76.37 64.38 55.22 72.01 58.59 96.26 24.08 84.48 38.28 70.66 
60.75 61.39 72.53 42.49 28.84 41.11 104.64 33.11 96.02 9.22 64.54 46.39 37.01 83.68 57.31 27.29 74.69 38.95 111.22 64.35 16.76 29.83 81.74 41.88 55.04 43.66 83.24 110.02 21.93 64.66 64.33 49.41 32.28 54.64 15.62 102.88 95.34 77.62 82.98 87.64 105.12 51.48 17.12 77.47 87.09 60.31 72.62 78.75 86.93 118.46 100.09 57.2 34.53 0.0 66.61 66.04 58.01 56.6 46.53 70.49 56.44 101.98 98.15 16.4 31.14 114.59 83.22 69.86 81.88 89.27 57.43 41.44 23.26 33.14 18.44 36.12 59.14 94.15 21.93 53.81 71.2 66.31 47.8 75.24 112.71 88.39 23.6 20.81 101.71 72.06 63.25 53.94 39.56 85.49 37.59 87.56 43.86 52.2 46.96 69.03 
53.41 7.21 28.28 29.73 48.88 44.78 58.24 65.0 30.81 60.88 74.97 20.22 81.27 19.21 24.84 39.32 66.73 55.17 58.59 42.54 50.16 56.86 25.0 61.52 21.26 34.66 57.72 51.09 50.36 48.02 5.0 48.27 61.1 45.18 54.01 44.2 40.36 14.21 17.49 24.08 54.23 54.56 64.5 26.0 27.46 45.8 19.03 17.49 45.22 66.65 38.9 32.02 73.82 66.61 0.0 27.86 83.01 53.08 28.18 58.67 25.5 35.74 39.2 53.01 35.51 60.54 22.67 25.08 30.59 22.8 46.1 29.15 63.53 67.42 56.08 55.32 29.73 49.66 49.4 37.48 26.31 65.6 47.01 69.97 54.82 53.08 52.95 49.09 47.41 13.42 12.53 13.04 28.07 45.61 34.21 22.47 54.56 65.44 38.42 11.4 
28.02 22.36 55.79 24.08 60.21 29.27 39.7 77.39 51.86 63.89 50.48 30.68 91.83 28.65 9.22 42.45 39.41 70.68 45.22 15.56 50.0 68.8 52.35 77.39 13.42 52.2 30.27 44.92 44.72 21.21 23.09 27.46 47.17 66.91 50.61 38.08 67.12 24.21 30.23 29.73 39.2 32.57 56.92 53.85 25.18 20.25 13.04 21.95 73.05 52.63 37.05 10.05 85.21 66.04 27.86 0.0 61.47 29.07 19.85 31.4 9.9 46.49 64.66 49.74 40.61 48.55 49.09 52.39 16.49 37.74 68.59 43.66 72.47 53.04 63.03 69.77 54.0 77.47 56.85 16.03 6.0 39.7 27.17 42.8 47.17 27.89 44.94 45.28 35.78 41.23 15.52 25.18 30.0 73.38 28.6 32.2 71.87 43.66 57.72 39.22 
34.71 75.8 104.74 55.15 78.11 38.9 83.29 89.27 112.0 64.5 15.81 70.09 95.0 89.96 59.17 60.83 35.17 91.09 94.05 47.54 55.66 83.43 107.17 96.05 61.85 84.22 53.46 100.5 46.24 42.76 78.24 34.99 28.79 100.18 49.73 95.04 122.79 84.97 91.24 91.18 88.01 29.07 41.11 106.1 86.02 41.76 74.32 83.26 122.58 98.51 96.32 52.77 92.27 58.01 83.01 61.47 0.0 32.57 55.32 38.05 58.31 107.91 122.2 50.0 63.63 98.05 105.6 101.18 75.43 98.84 102.88 76.55 79.76 25.32 71.59 88.6 95.8 128.76 70.21 46.53 67.07 27.17 36.06 32.89 101.18 64.12 41.79 49.4 89.27 95.13 71.87 72.25 61.07 122.02 52.5 93.62 95.19 17.89 89.94 92.2 
4.24 46.1 78.03 30.08 64.28 17.26 54.71 79.62 80.45 58.69 21.93 44.94 90.48 57.71 28.28 44.1 19.24 77.1 64.33 15.13 45.22 71.85 77.99 83.29 32.02 63.95 27.8 69.0 35.85 11.18 48.1 8.06 27.02 80.41 42.05 63.13 93.43 53.0 59.17 58.69 58.05 5.83 41.77 78.01 53.45 9.22 42.06 51.0 96.04 69.92 63.95 21.26 85.44 56.6 53.08 29.07 32.57 0.0 28.23 13.89 27.59 75.39 91.97 41.63 45.01 68.25 75.66 74.43 42.95 66.73 82.76 55.11 71.84 30.89 62.1 75.24 71.87 101.51 57.87 15.62 34.54 13.6 10.05 21.0 70.11 35.85 33.12 38.28 58.08 66.07 41.04 44.42 37.85 95.88 30.15 61.27 80.0 15.13 70.04 63.41 
30.08 21.02 50.22 4.24 41.63 16.64 59.41 58.59 58.52 44.05 49.09 16.76 72.42 40.01 10.82 22.8 45.71 53.16 65.0 24.33 30.23 50.09 51.86 59.77 9.06 37.0 44.38 63.56 25.96 28.0 23.77 21.63 33.24 53.15 31.38 56.46 67.48 34.06 40.2 43.1 59.03 28.02 39.32 50.93 41.23 24.08 26.68 34.06 68.24 72.47 54.12 13.0 66.04 46.53 28.18 19.85 55.32 28.23 0.0 38.21 10.0 59.03 67.12 30.46 21.47 68.24 50.48 46.62 35.36 47.52 55.33 28.0 53.01 39.56 43.42 51.87 43.66 74.03 37.44 14.04 24.7 41.79 20.0 48.27 66.19 45.65 27.17 26.0 55.23 39.82 19.1 16.97 11.4 67.96 8.94 44.01 55.11 38.21 43.01 36.88 
9.85 52.33 85.62 41.01 77.1 30.68 45.28 92.89 82.73 72.5 23.19 54.74 104.18 58.8 34.54 56.89 8.06 89.68 56.01 16.12 58.87 84.93 83.53 96.03 39.22 75.11 15.81 63.15 49.66 10.77 53.71 21.54 40.31 91.35 55.9 58.24 98.47 55.17 60.83 58.6 50.01 19.21 55.44 84.53 52.15 14.14 43.86 52.35 103.37 60.53 60.54 27.51 98.98 70.49 58.67 31.4 38.05 13.89 38.21 0.0 34.18 74.63 96.05 55.46 57.31 60.01 80.45 82.08 40.82 68.01 93.54 66.12 85.38 43.42 75.58 87.97 81.25 108.24 71.06 24.19 35.36 11.05 23.41 11.4 63.51 26.08 47.01 52.0 51.79 72.07 46.14 52.5 49.01 103.47 42.19 61.85 92.27 24.17 81.15 69.77 
28.02 18.6 51.48 14.21 50.61 22.2 49.58 67.74 53.71 54.04 49.5 22.2 82.01 32.76 1.0 32.56 42.15 61.47 55.0 18.44 40.22 59.17 50.45 68.15 5.1 43.74 37.12 53.85 35.47 23.41 20.52 23.32 40.11 59.14 41.15 46.82 65.86 27.2 33.53 35.13 49.04 29.41 48.27 50.77 32.25 20.59 18.0 26.31 69.32 62.48 44.91 6.71 75.45 56.44 25.5 9.9 58.31 27.59 10.0 34.18 0.0 51.62 64.44 40.25 30.81 58.25 48.08 47.93 25.5 41.11 61.03 34.93 62.63 46.27 53.15 60.42 47.52 74.43 47.01 12.04 14.76 40.22 22.36 45.19 56.36 36.77 36.14 35.78 45.28 38.6 13.6 18.44 20.25 69.35 18.87 36.67 62.94 40.5 49.5 36.06 
73.82 40.61 49.2 62.01 84.1 73.82 48.47 99.48 18.44 96.57 96.15 55.79 115.97 19.03 50.64 74.73 81.84 88.75 41.59 60.84 85.33 91.71 36.36 94.63 50.09 68.6 65.8 28.02 84.15 66.19 37.66 73.76 91.66 75.01 88.57 25.0 41.59 25.0 19.1 16.76 41.11 79.06 98.05 42.44 22.47 66.31 33.96 25.32 57.58 48.09 18.38 55.79 108.41 101.98 35.74 46.49 107.91 75.39 59.03 74.63 51.62 0.0 35.13 87.57 71.06 41.11 31.06 48.17 33.84 13.0 74.95 64.47 98.9 97.87 91.76 89.36 58.8 57.49 85.09 62.1 40.85 84.6 73.25 85.45 32.0 55.97 86.01 83.38 33.24 36.24 40.0 48.05 62.65 59.24 67.03 15.03 87.2 90.14 71.03 38.01 
91.93 46.4 27.29 68.1 73.01 83.76 81.39 84.34 17.03 90.45 113.9 55.15 100.44 39.4 63.7 72.53 104.02 72.37 76.11 80.16 83.43 78.41 16.49 76.66 60.44 56.0 91.79 63.03 86.38 85.8 44.05 87.46 99.3 54.41 88.6 59.14 7.21 41.34 36.67 42.06 74.67 93.72 100.24 21.0 49.65 84.17 52.43 44.78 25.5 83.0 52.15 70.72 92.96 98.15 39.2 64.66 122.2 91.97 67.12 96.05 64.44 35.13 0.0 87.64 68.41 76.0 16.64 29.02 59.51 31.32 53.14 56.72 87.21 105.55 83.05 73.98 41.19 23.26 77.23 76.49 61.03 104.0 86.21 107.45 67.07 84.17 89.69 84.43 66.61 27.73 50.93 50.61 64.47 27.59 72.01 37.95 69.12 104.64 55.33 30.87 
45.62 47.1 63.95 26.57 28.23 25.24 88.24 40.01 83.38 17.09 53.01 33.24 49.04 68.88 41.15 15.23 60.41 41.11 94.87 48.17 5.83 33.54 71.17 46.1 39.22 37.54 67.42 94.02 5.83 48.83 50.09 34.0 21.38 52.01 1.0 86.93 85.8 62.8 68.47 72.57 88.75 37.0 13.04 67.78 71.47 44.41 56.92 63.56 80.16 102.08 84.43 40.8 44.55 16.4 53.01 49.74 50.0 41.63 30.46 55.46 40.25 87.57 87.64 0.0 19.31 98.27 71.81 60.84 65.74 75.17 54.82 32.25 31.14 25.08 22.02 38.6 51.87 87.13 20.25 37.48 55.01 52.63 32.25 61.4 96.61 72.14 9.06 4.47 85.48 60.42 48.05 40.0 25.02 79.06 21.54 72.84 45.31 40.05 42.45 57.27 
48.04 30.68 44.78 17.46 20.25 28.28 80.28 37.12 65.01 25.63 62.36 15.3 51.22 53.14 31.4 4.12 64.03 32.39 84.9 45.22 15.13 28.64 51.92 38.83 27.59 20.59 65.46 81.54 19.21 48.05 33.53 37.05 35.61 36.77 20.25 74.33 66.48 47.17 52.2 57.38 79.2 42.43 32.2 48.47 57.8 43.74 43.83 48.75 61.4 92.63 70.71 34.44 44.65 31.14 35.51 40.61 63.63 45.01 21.47 57.31 30.81 71.06 68.41 19.31 0.0 87.86 52.77 41.59 54.56 58.25 39.4 13.45 31.89 41.04 22.67 30.81 33.3 68.24 16.28 34.21 44.55 58.22 35.06 66.01 84.63 67.12 23.35 16.64 74.52 41.44 33.62 23.09 10.63 60.44 15.13 56.92 35.01 49.65 26.4 38.33 
64.78 60.61 84.43 72.42 106.1 76.16 15.52 123.17 59.01 112.2 83.02 75.01 138.59 43.08 57.43 90.27 64.28 114.63 4.0 54.12 98.47 114.63 73.76 121.21 60.44 94.4 45.18 13.15 93.15 57.07 58.82 71.17 92.97 105.68 99.13 17.46 82.1 46.53 45.88 38.28 10.2 73.76 104.69 78.85 33.12 59.91 44.6 43.05 96.51 7.0 24.33 57.71 131.55 114.59 60.54 48.55 98.05 68.25 68.24 60.01 58.25 41.11 76.0 98.27 87.86 0.0 68.45 82.28 33.3 46.87 106.47 87.32 119.55 98.08 110.54 114.34 89.89 97.51 104.06 62.24 43.6 71.0 71.78 67.48 9.49 34.01 93.02 93.81 13.45 68.71 55.23 67.36 77.34 97.86 77.1 41.76 114.62 82.73 98.74 68.94 
75.82 29.83 18.38 51.48 59.84 67.12 71.01 73.05 15.26 76.0 97.58 38.9 89.54 27.07 47.38 56.89 88.48 61.47 67.74 64.4 67.9 66.22 5.39 66.64 43.93 42.95 77.47 56.32 70.21 70.0 27.59 70.94 82.73 45.49 72.78 50.99 18.03 27.2 24.08 31.02 65.12 77.23 84.2 11.4 38.05 68.12 37.58 31.05 28.16 75.31 44.15 54.49 81.93 83.22 22.67 49.09 105.6 75.66 50.48 80.45 48.08 31.06 16.64 71.81 52.77 68.45 0.0 18.03 46.32 21.59 45.0 42.0 74.53 89.0 69.26 62.63 29.97 30.27 63.07 60.11 46.07 87.97 69.66 91.84 60.44 70.88 73.39 68.41 57.22 11.4 34.71 34.0 48.1 29.43 55.46 27.07 59.03 88.09 43.66 14.56 
75.59 30.08 3.61 46.1 44.0 62.37 82.2 55.79 33.29 61.81 95.69 31.11 72.12 39.22 47.54 45.62 90.08 43.97 80.96 66.13 56.08 49.5 13.93 48.85 42.95 27.02 82.57 71.11 60.54 71.31 29.43 68.24 75.43 27.46 61.74 65.0 25.5 36.67 36.4 44.01 77.37 74.63 73.79 8.06 49.73 68.45 44.01 40.61 21.63 88.87 58.6 54.63 64.56 69.86 25.08 52.39 101.18 74.43 46.62 82.08 47.93 48.17 29.02 60.84 41.59 82.28 18.03 0.0 55.15 36.89 27.02 28.79 58.22 81.4 54.15 45.35 12.37 27.59 48.51 59.06 51.35 87.71 66.61 93.11 75.15 78.16 64.35 58.18 69.92 13.6 36.88 30.02 40.36 21.47 48.8 40.72 41.23 84.65 26.48 14.04 
