50
0.0 16.64 16.49 13.45 24.74 39.62 47.63 2.0 12.37 15.13 21.02 44.94 25.0 11.7 28.07 22.63 14.42 24.0 35.06 44.38 15.3 10.63 28.3 56.59 5.83 16.64 33.14 44.28 27.78 19.7 30.08 13.6 13.0 42.43 42.49 25.94 29.97 23.09 31.4 27.78 44.28 43.38 24.19 40.79 41.11 30.15 43.42 6.4 41.88 18.44 
16.64 0.0 5.39 4.0 10.44 29.68 48.7 18.36 27.02 13.42 10.63 51.04 33.73 26.91 38.9 25.08 2.24 13.45 22.14 52.09 12.53 17.09 26.0 55.9 22.47 18.0 22.47 56.3 33.0 17.46 37.12 22.09 14.14 54.78 26.0 9.49 25.55 34.18 30.08 25.08 27.86 48.26 11.66 31.06 51.2 42.54 55.71 19.65 38.28 28.79 
16.49 5.39 0.0 7.81 8.25 25.5 43.32 18.44 24.84 17.8 5.83 46.0 29.41 25.0 34.93 20.0 5.66 8.94 19.1 47.27 17.03 13.6 20.62 50.54 22.14 13.15 18.38 52.39 28.07 12.17 32.39 25.0 9.85 50.99 26.63 10.63 20.25 30.41 24.7 19.7 28.3 43.1 8.06 26.83 46.84 38.95 51.89 21.0 33.02 25.06 
13.45 4.0 7.81 0.0 14.32 33.12 50.16 15.0 24.7 10.0 13.6 51.35 33.14 24.41 37.85 25.71 2.24 16.64 25.96 52.01 9.22 16.12 27.78 57.8 19.21 18.44 25.94 55.08 33.24 18.79 37.01 18.11 14.14 53.45 29.73 13.34 27.8 32.98 31.76 26.93 31.62 48.84 15.23 34.48 50.49 41.11 54.41 15.81 40.61 27.66 
24.74 10.44 8.25 14.32 0.0 19.85 43.42 26.68 32.45 23.77 5.83 48.66 34.48 32.76 40.5 23.41 12.17 6.0 11.7 50.7 22.85 20.62 21.0 49.34 30.36 18.03 12.73 57.8 31.62 15.23 36.4 32.39 16.28 56.6 19.1 6.08 19.24 36.4 25.02 20.0 20.62 45.28 3.0 21.26 51.48 45.0 57.45 29.07 31.02 31.24 
39.62 29.68 25.5 33.12 19.85 0.0 31.32 41.59 42.3 43.05 19.7 41.88 36.24 43.19 42.54 24.7 30.89 16.55 9.85 45.61 42.19 31.0 17.0 34.0 44.18 25.08 7.21 57.49 30.23 21.02 35.0 50.33 27.07 57.01 26.02 24.84 13.42 40.31 18.44 16.55 26.02 37.74 18.03 1.41 49.52 47.89 57.63 45.35 16.49 36.69 
47.63 48.7 43.32 50.16 43.42 31.32 0.0 48.92 41.4 59.06 39.05 14.87 26.42 42.8 29.41 25.24 48.47 37.48 39.32 19.92 58.59 37.2 22.8 9.85 48.8 32.25 34.13 35.69 20.62 31.38 21.02 61.22 36.72 36.35 56.57 49.5 24.19 31.3 18.68 23.77 56.89 11.18 40.45 30.68 27.29 33.73 36.5 53.91 14.87 32.2 
2.0 18.36 18.44 15.0 26.68 41.59 48.92 0.0 12.04 15.52 23.02 45.69 25.63 11.18 28.28 24.08 16.12 26.0 37.05 44.92 15.81 12.21 30.02 57.98 4.24 18.36 35.13 44.1 28.84 21.54 30.87 12.53 14.87 42.19 44.28 27.73 31.78 23.35 33.02 29.53 46.1 44.29 26.17 42.76 41.3 30.02 43.19 5.0 43.57 18.97 
12.37 27.02 24.84 24.7 32.45 42.3 41.4 12.04 0.0 27.46 27.29 35.51 15.62 1.41 16.76 19.42 25.0 29.55 40.5 34.01 27.66 12.08 27.17 51.04 9.22 17.26 37.11 32.06 20.81 21.38 21.26 23.54 16.55 30.15 51.4 35.38 30.02 12.08 28.86 27.07 53.01 34.83 30.89 43.19 29.61 18.0 31.14 16.12 39.56 9.22 
15.13 13.42 17.8 10.0 23.77 43.05 59.06 15.52 27.46 0.0 23.6 58.69 39.32 26.68 43.0 34.01 12.21 26.63 35.47 58.69 1.0 22.8 37.2 67.12 19.31 26.83 35.85 59.41 40.8 28.02 43.93 10.77 22.36 57.56 36.22 21.21 37.54 38.0 41.05 36.4 38.21 56.61 25.06 44.42 56.01 45.28 58.55 13.04 50.33 33.06 
21.02 10.63 5.83 13.6 5.83 19.7 39.05 23.02 27.29 23.6 0.0 43.29 28.65 27.73 34.67 17.72 11.4 3.16 14.04 45.12 22.8 15.26 16.28 45.69 26.31 12.21 12.65 51.97 25.96 9.49 30.68 30.68 10.82 50.77 24.76 11.18 15.23 30.61 20.4 15.3 26.17 40.05 3.61 21.02 45.69 39.2 51.62 26.17 27.78 25.5 
44.94 51.04 46.0 51.35 48.66 41.88 14.87 45.69 35.51 58.69 43.29 0.0 20.12 36.89 19.8 26.0 50.16 42.76 47.93 5.1 58.46 35.9 28.16 23.02 44.29 33.06 42.54 21.1 18.11 34.06 14.87 58.18 37.22 22.0 64.85 54.45 31.02 23.6 24.7 29.12 65.55 4.24 45.71 41.62 13.04 22.47 22.02 50.57 26.87 26.83 
25.0 33.73 29.41 33.14 34.48 36.24 26.42 25.63 15.62 39.32 28.65 20.12 0.0 17.03 6.4 12.04 32.39 29.41 38.21 19.42 39.2 17.03 19.24 36.24 24.19 16.55 33.42 23.32 7.0 19.42 5.66 38.08 19.65 22.2 53.01 39.4 22.83 5.1 18.68 19.72 54.2 19.21 31.91 36.67 17.46 11.66 23.02 30.46 28.02 6.71 
11.7 26.91 25.0 24.41 32.76 43.19 42.8 11.18 1.41 26.68 27.73 36.89 17.03 0.0 18.03 20.62 24.84 30.08 41.11 35.34 26.93 12.65 28.28 52.43 8.06 18.11 37.85 33.02 22.2 22.2 22.67 22.36 17.09 31.06 51.61 35.47 31.06 13.42 30.08 28.16 53.25 36.24 31.3 44.1 30.81 19.03 32.06 15.03 40.8 10.63 
28.07 38.9 34.93 37.85 40.5 42.54 29.41 28.28 16.76 43.0 34.67 19.8 6.4 18.03 0.0 18.44 37.36 35.61 44.6 17.49 43.01 21.84 25.55 39.22 25.96 22.47 39.82 17.46 12.65 25.61 9.0 40.26 25.08 16.12 59.2 45.18 29.15 5.0 24.7 26.08 60.44 20.25 38.01 42.94 13.04 5.39 17.0 32.76 33.38 10.2 
22.63 25.08 20.0 25.71 23.41 24.7 25.24 24.08 19.42 34.01 17.72 26.0 12.04 20.62 18.44 0.0 24.33 17.89 26.17 27.46 33.62 12.04 8.06 33.97 24.7 7.28 21.4 35.0 8.25 8.25 13.0 36.12 11.7 34.06 41.34 28.86 11.4 15.65 9.49 8.25 42.44 23.19 20.62 25.3 28.18 23.6 34.83 29.0 20.25 12.17 
14.42 2.24 5.66 2.24 12.17 30.89 48.47 16.12 25.0 12.21 11.4 50.16 32.39 24.84 37.36 24.33 0.0 14.42 23.77 51.01 11.4 15.52 25.94 55.95 20.25 17.12 23.71 54.71 32.06 17.09 36.01 20.22 13.0 53.14 28.23 11.7 25.81 32.57 29.97 25.06 30.08 47.52 13.0 32.25 49.82 40.85 54.08 17.46 38.6 27.2 
24.0 13.45 8.94 16.64 6.0 16.55 37.48 26.0 29.55 26.63 3.16 42.76 29.41 30.08 35.61 17.89 14.42 0.0 11.18 44.92 25.81 17.46 15.0 43.66 29.15 13.45 9.49 52.7 26.0 10.0 30.87 33.84 13.0 51.61 23.6 12.04 13.34 31.83 19.03 14.0 24.84 39.32 3.0 17.89 46.07 40.36 52.43 29.27 25.5 26.91 
35.06 22.14 19.1 25.96 11.7 9.85 39.32 37.05 40.5 35.47 14.04 47.93 38.21 41.11 44.6 26.17 23.77 11.18 0.0 51.0 34.54 28.46 20.25 43.19 40.31 23.71 5.39 60.96 33.42 19.72 38.42 43.93 24.04 60.14 17.26 15.62 17.0 41.4 23.26 19.42 17.72 44.01 11.05 11.18 53.6 49.68 60.88 40.05 25.0 36.89 
44.38 52.09 47.27 52.01 50.7 45.61 19.92 44.92 34.01 58.69 45.12 5.1 19.42 35.34 17.49 27.46 51.01 44.92 51.0 0.0 58.55 36.12 30.87 28.07 43.08 34.13 45.65 16.03 19.24 35.69 15.0 57.25 38.01 17.03 67.62 56.29 34.0 21.93 27.78 31.78 68.45 8.94 47.8 45.45 8.25 19.1 17.0 49.65 31.24 25.96 
15.3 12.53 17.03 9.22 22.85 42.19 58.59 15.81 27.66 1.0 22.8 58.46 39.2 26.93 43.01 33.62 11.4 25.81 34.54 58.55 0.0 22.56 36.62 66.57 19.7 26.4 34.99 59.54 40.52 27.46 43.74 11.7 21.93 57.71 35.23 20.22 36.88 38.01 40.5 35.81 37.22 56.32 24.19 43.57 56.0 45.4 58.69 13.6 49.68 33.02 
10.63 17.09 13.6 16.12 20.62 31.0 37.2 12.21 12.08 22.8 15.26 35.9 17.03 12.65 21.84 12.04 15.52 17.46 28.46 36.12 22.56 0.0 17.89 46.01 13.6 6.32 25.32 39.22 18.03 10.05 21.21 24.08 4.47 37.7 39.7 24.21 19.92 17.09 20.81 17.46 41.23 33.84 18.87 32.02 34.37 25.5 38.63 17.03 31.38 11.7 
28.3 26.0 20.62 27.78 21.0 17.0 22.8 30.02 27.17 37.2 16.28 28.16 19.24 28.28 25.55 8.06 25.94 15.0 20.25 30.87 36.62 17.89 0.0 30.02 31.38 11.66 15.0 41.01 13.45 9.22 18.38 41.23 15.62 40.36 36.77 27.02 3.61 23.41 4.12 1.0 37.58 24.52 18.0 17.46 33.42 30.89 41.04 34.67 13.6 20.22 
56.59 55.9 50.54 57.8 49.34 34.0 9.85 57.98 51.04 67.12 45.69 23.02 36.24 52.43 39.22 33.97 55.95 43.66 43.19 28.07 66.57 46.01 30.02 0.0 58.14 40.61 38.47 44.1 30.23 39.12 30.87 70.09 45.0 45.01 60.01 55.36 30.46 41.15 26.08 30.89 60.01 20.1 46.49 33.02 36.0 43.42 45.04 62.94 18.44 41.88 
5.83 22.47 22.14 19.21 30.36 44.18 48.8 4.24 9.22 19.31 26.31 44.29 24.19 8.06 25.96 24.7 20.25 29.15 40.31 43.08 19.7 13.6 31.38 58.14 0.0 19.92 38.0 41.0 28.32 23.54 29.68 14.32 17.12 39.01 48.3 31.76 33.53 21.19 34.0 31.02 50.09 43.27 29.61 45.28 38.83 27.07 40.01 7.0 44.72 17.49 
16.64 18.0 13.15 18.44 18.03 25.08 32.25 18.36 17.26 26.83 12.21 33.06 16.55 18.11 22.47 7.28 17.12 13.45 23.71 34.13 26.4 6.32 11.66 40.61 19.92 0.0 19.92 39.82 15.0 4.12 19.24 29.73 4.47 38.59 36.88 22.85 13.6 18.44 14.87 11.18 38.21 30.41 15.62 26.02 33.84 27.02 39.45 23.02 25.24 13.45 
33.14 22.47 18.38 25.94 12.73 7.21 34.13 35.13 37.11 35.85 12.65 42.54 33.42 37.85 39.82 21.4 23.71 9.49 5.39 45.65 34.99 25.32 15.0 38.47 38.0 19.92 0.0 55.9 28.32 15.81 33.3 43.32 21.1 55.15 22.56 18.03 11.66 36.89 17.89 14.21 23.09 38.63 10.82 8.6 48.41 45.0 55.87 38.64 20.1 32.65 
44.28 56.3 52.39 55.08 57.8 57.49 35.69 44.1 32.06 59.41 51.97 21.1 23.32 33.02 17.46 35.0 54.71 52.7 60.96 16.03 59.54 39.22 41.01 44.1 41.0 39.82 55.9 0.0 27.59 42.72 22.63 55.08 42.54 2.24 76.28 62.61 44.55 22.14 39.05 41.73 77.42 24.52 55.23 57.63 8.54 14.14 1.41 48.0 45.18 27.51 
27.78 33.0 28.07 33.24 31.62 30.23 20.62 28.84 20.81 40.8 25.96 18.11 7.0 22.2 12.65 8.25 32.06 26.0 33.42 19.24 40.52 18.03 13.45 30.23 28.32 15.0 28.32 27.59 0.0 16.49 5.0 41.34 19.1 26.91 49.24 37.11 17.03 12.04 12.08 14.14 50.25 15.81 28.79 30.53 20.25 18.03 27.59 33.84 21.02 11.66 
19.7 17.46 12.17 18.79 15.23 21.02 31.38 21.54 21.38 28.02 9.49 34.06 19.42 22.2 25.61 8.25 17.09 10.0 19.72 35.69 27.46 10.05 9.22 39.12 23.54 4.12 15.81 42.72 16.49 0.0 21.19 32.2 6.71 41.62 33.6 20.62 10.3 21.93 13.04 8.49 34.83 31.02 12.53 22.0 36.25 30.41 42.44 25.94 22.67 17.2 
30.08 37.12 32.39 37.01 36.4 35.0 21.02 30.87 21.26 43.93 30.68 14.87 5.66 22.67 9.0 13.0 36.01 30.87 38.42 15.0 43.74 21.21 18.38 30.87 29.68 19.24 33.3 22.63 5.0 21.19 0.0 43.38 23.02 22.02 54.2 41.76 21.93 10.3 16.64 19.1 55.23 13.6 33.62 35.23 15.26 14.14 22.67 35.78 24.52 12.21 
13.6 22.09 25.0 18.11 32.39 50.33 61.22 12.53 23.54 10.77 30.68 58.18 38.08 22.36 40.26 36.12 20.22 33.84 43.93 57.25 11.7 24.08 41.23 70.09 14.32 29.73 43.32 55.08 41.34 32.2 43.38 0.0 25.61 53.04 46.69 31.02 42.44 35.44 44.6 40.61 48.66 56.82 32.98 51.62 53.15 41.3 54.04 7.62 54.82 31.38 
13.0 14.14 9.85 14.14 16.28 27.07 36.72 14.87 16.55 22.36 10.82 37.22 19.65 17.09 25.08 11.7 13.0 13.0 24.04 38.01 21.93 4.47 15.62 45.0 17.12 4.47 21.1 42.54 19.1 6.71 23.02 25.61 0.0 41.15 35.38 20.25 17.0 20.59 19.1 15.0 36.88 34.71 14.42 28.16 37.11 29.15 42.05 19.24 29.21 15.26 
42.43 54.78 50.99 53.45 56.6 57.01 36.35 42.19 30.15 57.56 50.77 22.0 22.2 31.06 16.12 34.06 53.14 51.61 60.14 17.03 57.71 37.7 40.36 45.01 39.01 38.59 55.15 2.24 26.91 41.62 22.02 53.04 41.15 0.0 75.21 61.29 43.93 20.62 38.6 41.04 76.4 25.18 54.08 57.2 9.06 12.37 1.0 46.01 45.19 26.0 
42.49 26.0 26.63 29.73 19.1 26.02 56.57 44.28 51.4 36.22 24.76 64.85 53.01 51.61 59.2 41.34 28.23 23.6 17.26 67.62 35.23 39.7 36.77 60.01 48.3 36.88 22.56 76.28 49.24 33.6 54.2 46.69 35.38 75.21 0.0 16.55 33.84 55.32 40.16 35.85 2.0 61.03 21.26 27.07 69.46 63.89 76.03 45.54 42.11 50.25 
25.94 9.49 10.63 13.34 6.08 24.84 49.5 27.73 35.38 21.21 11.18 54.45 39.4 35.47 45.18 28.86 11.7 12.04 15.62 56.29 20.22 24.21 27.02 55.36 31.76 22.85 18.03 62.61 37.11 20.62 41.76 31.02 20.25 61.29 16.55 0.0 25.32 40.82 31.06 26.02 18.38 51.16 9.06 26.25 56.65 49.4 62.18 29.12 37.0 35.51 
29.97 25.55 20.25 27.8 19.24 13.42 24.19 31.78 30.02 37.54 15.23 31.02 22.83 31.06 29.15 11.4 25.81 13.34 17.0 34.0 36.88 19.92 3.61 30.46 33.53 13.6 11.66 44.55 17.03 10.3 21.93 42.44 17.0 43.93 33.84 25.32 0.0 26.93 6.32 3.16 34.54 27.2 16.28 13.93 36.88 34.48 44.6 36.24 12.81 23.54 
23.09 34.18 30.41 32.98 36.4 40.31 31.3 23.35 12.08 38.0 30.61 23.6 5.1 13.42 5.0 15.65 32.57 31.83 41.4 21.93 38.01 17.09 23.41 41.15 21.19 18.44 36.89 22.14 12.04 21.93 10.3 35.44 20.59 20.62 55.32 40.82 26.93 0.0 23.35 23.77 56.64 23.35 34.06 40.85 18.03 8.6 21.54 27.89 33.0 5.39 
31.4 30.08 24.7 31.76 25.02 18.44 18.68 33.02 28.86 41.05 20.4 24.7 18.68 30.08 24.7 9.49 29.97 19.03 23.26 27.78 40.5 20.81 4.12 26.08 34.0 14.87 17.89 39.05 12.08 13.04 16.64 44.6 19.1 38.6 40.16 31.06 6.32 23.35 0.0 5.1 40.85 20.88 22.02 18.6 31.11 30.08 39.2 37.8 10.77 21.02 
27.78 25.08 19.7 26.93 20.0 16.55 23.77 29.53 27.07 36.4 15.3 29.12 19.72 28.16 26.08 8.25 25.06 14.0 19.42 31.78 35.81 17.46 1.0 30.89 31.02 11.18 14.21 41.73 14.14 8.49 19.1 40.61 15.0 41.04 35.85 26.02 3.16 23.77 5.1 0.0 36.67 25.5 17.0 17.09 34.21 31.38 41.73 34.13 14.21 20.4 
44.28 27.86 28.3 31.62 20.62 26.02 56.89 46.1 53.01 38.21 26.17 65.55 54.2 53.25 60.44 42.44 30.08 24.84 17.72 68.45 37.22 41.23 37.58 60.01 50.09 38.21 23.09 77.42 50.25 34.83 55.23 48.66 36.88 76.4 2.0 18.38 34.54 56.64 40.85 36.67 0.0 61.68 22.63 27.0 70.49 65.19 77.2 47.43 42.3 51.62 
43.38 48.26 43.1 48.84 45.28 37.74 11.18 44.29 34.83 56.61 40.05 4.24 19.21 36.24 20.25 23.19 47.52 39.32 44.01 8.94 56.32 33.84 24.52 20.1 43.27 30.41 38.63 24.52 15.81 31.02 13.6 56.82 34.71 25.18 61.03 51.16 27.2 23.35 20.88 25.5 61.68 0.0 42.3 37.44 16.12 23.77 25.32 49.24 22.63 25.81 
24.19 11.66 8.06 15.23 3.0 18.03 40.45 26.17 30.89 25.06 3.61 45.71 31.91 31.3 38.01 20.62 13.0 3.0 11.05 47.8 24.19 18.87 18.0 46.49 29.61 15.62 10.82 55.23 28.79 12.53 33.62 32.98 14.42 54.08 21.26 9.06 16.28 34.06 22.02 17.0 22.63 42.3 0.0 19.42 48.75 42.64 54.92 29.02 28.23 29.0 
40.79 31.06 26.83 34.48 21.26 1.41 30.68 42.76 43.19 44.42 21.02 41.62 36.67 44.1 42.94 25.3 32.25 17.89 11.18 45.45 43.57 32.02 17.46 33.02 45.28 26.02 8.6 57.63 30.53 22.0 35.23 51.62 28.16 57.2 27.07 26.25 13.93 40.85 18.6 17.09 27.0 37.44 19.42 0.0 49.58 48.3 57.8 46.57 15.81 37.36 
41.11 51.2 46.84 50.49 51.48 49.52 27.29 41.3 29.61 56.01 45.69 13.04 17.46 30.81 13.04 28.18 49.82 46.07 53.6 8.25 56.0 34.37 33.42 36.0 38.83 33.84 48.41 8.54 20.25 36.25 15.26 53.15 37.11 9.06 69.46 56.65 36.88 18.03 31.11 34.21 70.49 16.12 48.75 49.58 0.0 12.53 9.22 45.71 36.72 23.02 
30.15 42.54 38.95 41.11 45.0 47.89 33.73 30.02 18.0 45.28 39.2 22.47 11.66 19.03 5.39 23.6 40.85 40.36 49.68 19.1 45.4 25.5 30.89 43.42 27.07 27.02 45.0 14.14 18.03 30.41 14.14 41.3 29.15 12.37 63.89 49.4 34.48 8.6 30.08 31.38 65.19 23.77 42.64 48.3 12.53 0.0 13.34 34.06 38.64 13.89 
43.42 55.71 51.89 54.41 57.45 57.63 36.5 43.19 31.14 58.55 51.62 22.02 23.02 32.06 17.0 34.83 54.08 52.43 60.88 17.0 58.69 38.63 41.04 45.04 40.01 39.45 55.87 1.41 27.59 42.44 22.67 54.04 42.05 1.0 76.03 62.18 44.6 21.54 39.2 41.73 77.2 25.32 54.92 57.8 9.22 13.34 0.0 47.01 45.62 26.93 
6.4 19.65 21.0 15.81 29.07 45.35 53.91 5.0 16.12 13.04 26.17 50.57 30.46 15.03 32.76 29.0 17.46 29.27 40.05 49.65 13.6 17.03 34.67 62.94 7.0 23.02 38.64 48.0 33.84 25.94 35.78 7.62 19.24 46.01 45.54 29.12 36.24 27.89 37.8 34.13 47.43 49.24 29.02 46.57 45.71 34.06 47.01 0.0 48.26 23.77 
41.88 38.28 33.02 40.61 31.02 16.49 14.87 43.57 39.56 50.33 27.78 26.87 28.02 40.8 33.38 20.25 38.6 25.5 25.0 31.24 49.68 31.38 13.6 18.44 44.72 25.24 20.1 45.18 21.02 22.67 24.52 54.82 29.21 45.19 42.11 37.0 12.81 33.0 10.77 14.21 42.3 22.63 28.23 15.81 36.72 38.64 45.62 48.26 0.0 31.4 
18.44 28.79 25.06 27.66 31.24 36.69 32.2 18.97 9.22 33.06 25.5 26.83 6.71 10.63 10.2 12.17 27.2 26.91 36.89 25.96 33.02 11.7 20.22 41.88 17.49 13.45 32.65 27.51 11.66 17.2 12.21 31.38 15.26 26.0 50.25 35.51 23.54 5.39 21.02 20.4 51.62 25.81 29.0 37.36 23.02 13.89 26.93 23.77 31.4 0.0 
