150
0.0 56.32 194.37 116.42 51.24 194.03 189.04 229.05 159.2 203.18 138.0 39.92 105.91 30.59 120.62 61.03 139.46 25.5 216.75 15.81 86.65 156.32 22.09 141.43 38.28 6.71 63.63 236.14 219.02 12.65 108.16 26.25 65.19 239.25 142.79 147.05 144.17 51.26 67.03 98.66 39.05 173.74 81.58 218.34 233.31 110.11 36.8 167.45 51.09 154.26 125.25 68.31 145.13 118.11 12.04 65.79 236.0 52.43 39.56 96.15 33.62 109.84 132.54 229.34 28.44 91.35 43.93 188.22 170.51 147.0 239.08 86.77 15.3 42.44 66.53 90.02 127.49 9.85 147.71 151.56 163.25 116.47 81.27 116.07 160.12 19.1 48.84 55.9 140.58 119.04 111.49 119.24 158.32 36.88 48.92 37.16 201.09 35.47 84.31 199.45 141.23 41.23 164.2 19.7 198.76 46.39 52.48 205.01 190.91 22.47 17.03 34.13 8.06 27.02 40.61 182.22 82.01 56.08 25.96 194.21 20.0 63.56 193.44 105.12 144.12 68.01 152.19 151.2 57.25 237.78 138.51 19.85 162.15 182.39 146.99 67.07 151.53 55.8 154.03 101.43 128.0 20.25 27.66 176.07 152.74 97.05 33.84 240.63 50.01 138.36 
56.32 0.0 139.18 60.21 5.1 138.52 135.53 176.26 102.88 147.14 85.7 44.29 50.16 84.59 64.63 15.65 83.22 71.06 162.01 49.01 30.46 100.0 36.72 87.14 76.69 62.94 16.03 182.18 165.51 68.96 51.87 34.01 9.9 185.07 88.01 93.77 90.45 78.79 19.1 43.05 17.46 119.0 26.0 162.19 179.04 57.07 81.5 112.16 13.34 100.24 69.08 12.08 89.11 64.94 63.51 10.0 182.62 88.23 17.12 41.87 25.02 54.15 78.1 173.53 33.42 37.85 13.04 131.94 114.24 90.71 183.15 33.24 51.01 80.28 29.43 40.25 71.17 49.24 91.39 97.05 107.56 60.9 32.7 65.15 104.48 68.07 55.22 25.55 85.15 66.29 56.08 63.39 102.59 78.92 23.35 88.01 147.34 81.3 28.84 144.22 85.48 81.58 110.29 36.88 143.01 12.81 14.21 149.21 134.73 62.2 55.01 54.08 49.04 82.76 33.12 128.19 31.76 88.96 30.36 140.17 54.15 8.25 139.03 49.25 90.55 22.02 96.18 96.05 10.44 182.46 82.28 41.01 108.37 126.15 92.01 11.4 95.21 91.71 97.86 46.01 75.71 36.14 33.06 122.49 96.46 42.64 73.98 185.39 72.01 84.21 
194.37 139.18 0.0 80.16 144.22 5.1 19.42 45.61 45.18 18.97 60.01 178.55 89.05 223.65 75.03 133.66 64.85 210.04 23.54 188.17 111.11 47.85 172.82 53.37 214.19 200.69 138.29 45.54 32.8 206.77 90.55 173.1 132.0 47.54 51.62 49.77 51.55 212.48 127.74 96.13 155.63 21.19 113.22 32.02 41.48 84.93 220.01 27.02 143.4 41.44 77.37 128.02 51.48 77.13 202.56 131.0 48.3 223.9 156.26 108.85 164.11 85.05 61.98 36.67 167.36 103.1 150.65 27.31 34.41 53.16 46.96 117.24 190.17 217.33 145.67 105.99 72.37 185.97 56.08 43.17 32.25 89.02 128.08 81.6 35.13 207.24 185.69 152.74 54.04 76.66 93.62 76.0 37.22 217.06 156.26 227.14 18.79 220.0 115.35 5.1 54.04 219.18 32.65 175.64 10.44 147.98 148.05 15.0 21.19 201.01 194.09 190.32 186.55 221.31 168.24 17.8 113.16 223.4 168.76 14.04 193.02 131.31 10.0 90.02 51.87 127.28 44.72 43.19 142.03 43.42 65.79 180.18 34.89 26.4 47.38 130.0 52.39 227.07 44.64 93.19 68.95 174.73 172.07 24.76 54.12 107.87 212.06 46.27 204.66 56.52 
116.42 60.21 80.16 0.0 65.31 79.0 79.7 120.6 43.08 86.98 38.29 98.41 12.04 144.68 5.83 58.14 25.5 130.31 103.48 108.78 31.0 40.31 95.82 32.76 134.06 122.97 58.14 124.62 108.91 129.03 11.18 93.65 52.24 127.14 31.78 41.62 37.44 132.52 52.84 18.87 77.37 61.19 35.11 101.98 121.06 23.19 140.03 53.34 66.85 45.19 14.87 48.51 29.07 23.54 123.63 51.35 125.93 143.78 77.28 30.89 84.72 9.43 24.84 113.53 91.18 29.73 72.53 71.84 54.12 30.68 123.04 37.95 110.77 137.18 66.22 37.8 12.73 108.81 32.25 40.85 48.01 18.97 49.4 32.14 45.04 127.88 105.91 72.69 26.93 25.71 20.25 6.4 43.01 137.0 76.11 147.57 90.71 140.09 35.23 85.09 26.17 139.06 54.78 97.08 83.15 70.52 68.01 89.27 74.53 121.2 114.53 110.16 108.93 142.97 88.09 71.57 41.11 143.4 90.47 83.2 113.28 52.89 81.39 12.21 38.01 53.54 36.12 38.08 62.03 123.0 24.76 100.84 53.31 65.97 34.79 50.25 35.78 146.99 37.66 17.03 31.76 96.32 92.54 67.07 37.74 30.02 132.0 126.0 124.78 30.81 
51.24 5.1 144.22 65.31 0.0 143.59 140.43 181.11 107.97 152.24 90.43 40.5 55.23 79.51 69.72 17.69 88.26 66.12 167.03 44.0 35.47 105.08 31.91 92.09 72.03 57.87 18.03 187.13 170.42 63.89 56.92 29.07 14.42 190.04 93.0 98.62 95.34 74.69 22.2 48.09 12.53 124.0 31.02 167.29 184.02 61.81 76.66 117.21 12.17 105.17 74.09 17.09 94.2 69.72 58.42 14.76 187.52 83.82 12.04 46.4 20.1 59.21 83.05 178.62 29.0 42.58 8.49 137.03 119.33 95.8 188.25 37.54 46.0 75.69 30.0 44.38 76.24 44.28 96.46 102.02 112.64 65.76 35.85 69.64 109.55 63.03 51.86 24.35 90.2 71.02 60.9 68.47 107.67 74.15 20.81 83.0 152.27 76.42 33.62 149.27 90.55 76.9 115.21 31.78 148.1 9.49 12.65 154.3 139.83 57.31 50.04 49.77 44.01 77.67 29.41 133.14 35.85 84.69 25.3 145.12 49.25 13.04 144.01 54.33 95.43 24.84 101.27 101.08 11.18 187.52 87.32 36.0 113.28 131.24 97.02 16.12 100.28 87.32 102.96 51.04 80.41 31.05 28.16 127.39 101.51 47.2 69.23 190.44 68.1 89.14 
194.03 138.52 5.1 79.0 143.59 0.0 24.19 49.58 42.15 14.76 61.29 177.23 88.36 223.09 74.06 133.56 62.36 209.19 26.0 187.45 110.0 44.94 172.63 53.76 213.04 200.41 137.06 48.33 36.8 206.49 89.14 172.35 131.1 49.98 51.66 51.0 52.39 210.95 127.68 95.52 155.17 22.47 112.64 29.0 44.01 85.16 219.02 26.68 143.2 42.49 75.31 127.19 50.04 77.49 201.99 130.14 51.62 222.51 155.63 107.06 163.37 84.38 62.1 35.74 167.29 102.96 150.21 22.36 30.89 50.99 45.88 115.62 189.45 216.11 144.01 106.32 70.58 185.78 53.45 43.66 31.02 86.88 126.29 82.46 34.06 206.55 184.09 151.33 53.46 77.16 91.59 75.17 36.01 216.0 155.05 226.37 23.77 219.06 114.07 7.21 53.08 218.04 34.41 175.15 6.4 147.65 147.0 12.21 16.16 200.12 193.31 189.1 186.27 220.91 167.05 21.47 113.27 221.9 168.32 19.1 192.17 130.75 15.03 89.27 52.8 127.35 43.1 42.95 141.01 44.01 63.32 179.47 36.62 21.93 47.3 129.1 49.65 225.64 42.58 92.66 69.86 174.27 171.29 28.02 51.08 106.07 211.0 47.0 203.09 56.92 
189.04 135.53 19.42 79.7 140.43 24.19 0.0 41.0 53.81 38.33 51.24 177.1 86.49 219.01 74.04 128.02 70.21 206.55 30.41 184.33 109.66 55.87 167.11 48.51 211.86 195.13 136.89 47.17 30.02 201.16 90.76 169.5 129.4 50.49 48.27 42.0 45.1 211.62 122.02 93.06 151.08 20.0 109.66 50.12 44.72 79.01 217.02 29.21 138.0 35.36 80.53 125.16 53.71 71.01 198.04 128.27 47.1 222.45 152.33 110.14 160.53 82.57 57.56 50.93 161.25 98.08 146.09 44.55 45.79 58.01 60.96 117.64 186.32 215.24 145.88 99.18 74.69 180.18 62.48 39.05 36.24 92.13 129.03 73.44 38.01 203.2 185.3 151.86 52.81 70.01 96.18 74.46 40.22 214.35 154.56 223.27 12.17 216.83 114.48 21.93 54.23 216.82 25.32 171.05 29.83 143.01 145.83 33.62 39.12 197.73 190.44 188.4 181.07 216.06 166.37 8.6 107.04 222.4 164.03 7.07 189.68 127.39 9.85 87.66 45.04 121.1 48.26 41.79 139.74 53.24 71.03 176.34 27.17 41.76 44.92 127.42 59.46 225.75 49.82 89.94 61.13 170.03 168.58 13.04 62.23 109.2 209.38 55.46 204.02 51.35 
229.05 176.26 45.61 120.6 181.11 49.58 41.0 0.0 90.43 54.92 91.09 218.08 127.48 259.23 114.98 168.15 109.13 247.17 26.42 224.89 150.66 92.96 207.02 89.44 252.72 235.01 177.89 14.76 12.81 241.0 131.61 210.15 170.32 18.87 89.27 82.49 85.84 252.62 162.15 133.99 191.51 59.81 150.47 55.36 17.46 119.42 257.75 68.54 178.18 76.3 120.54 166.05 93.78 111.45 238.35 169.17 9.22 263.41 192.94 150.84 201.21 123.56 98.48 44.1 201.0 138.61 186.53 70.84 80.0 97.05 49.37 158.52 226.88 256.14 186.82 139.03 114.95 220.0 100.72 80.05 75.15 132.23 169.84 113.0 77.47 243.67 226.29 192.85 93.68 110.29 136.49 115.45 79.71 255.14 195.53 263.76 30.08 257.53 155.47 42.45 94.87 257.67 66.29 211.4 50.33 183.33 186.76 48.26 64.44 238.42 231.05 229.34 221.04 256.03 207.33 49.04 147.12 263.39 204.35 37.7 230.36 168.08 40.25 128.65 85.71 161.05 87.73 82.57 180.68 34.71 110.02 216.92 68.07 71.45 85.87 168.34 97.25 266.73 88.55 130.86 101.12 210.34 209.27 53.94 99.32 149.89 250.19 34.48 245.02 92.23 
159.2 102.88 45.18 43.08 107.97 42.15 53.81 90.43 0.0 46.1 47.43 138.18 54.56 186.9 39.82 101.13 21.02 171.83 68.15 150.81 72.78 3.0 138.84 35.11 174.41 165.8 98.73 90.47 77.7 171.84 51.2 135.71 94.37 92.11 31.02 40.45 38.08 171.05 95.71 61.74 120.21 34.41 78.19 60.13 86.16 58.05 181.0 25.55 109.93 35.01 35.06 90.96 17.8 52.4 165.95 93.62 93.48 183.0 119.82 67.01 126.91 51.0 38.28 73.17 134.26 71.69 115.43 29.27 12.04 12.53 82.0 76.11 152.78 177.23 104.0 78.01 31.78 151.79 12.0 31.06 18.79 46.04 86.02 60.61 18.68 169.85 144.06 112.16 26.93 53.26 51.01 41.68 17.26 177.72 116.62 189.24 61.22 181.22 75.95 49.24 23.6 179.4 37.64 139.72 44.38 113.55 109.33 49.82 33.02 162.63 156.35 150.33 151.82 185.54 128.56 45.45 83.01 182.04 133.24 53.91 154.87 95.82 50.61 55.04 39.05 96.18 13.6 25.18 103.58 84.34 22.02 142.97 38.08 24.0 27.89 92.42 8.0 186.0 9.49 59.48 50.61 139.01 134.54 45.28 8.94 66.01 172.74 87.48 163.08 37.16 
203.18 147.14 18.97 86.98 152.24 14.76 38.33 54.92 46.1 0.0 74.06 184.04 97.29 231.66 82.57 143.41 67.12 217.12 28.6 195.73 117.72 49.09 182.15 65.3 220.18 209.67 144.28 49.58 42.94 215.75 96.33 180.6 139.17 50.0 62.65 63.82 64.66 217.11 137.64 104.56 164.15 36.07 121.6 15.65 44.69 96.01 226.57 38.08 152.8 55.22 81.01 135.48 58.05 88.64 210.6 138.31 54.49 229.01 164.23 113.02 171.69 93.39 73.01 27.07 177.08 112.93 159.25 18.38 34.06 57.08 36.12 122.0 197.72 223.08 150.05 117.18 77.1 195.26 58.08 55.57 40.5 92.14 132.09 94.41 43.66 214.83 190.13 158.03 63.25 88.57 97.08 83.95 45.22 223.38 162.25 234.45 35.06 226.72 121.33 17.03 62.1 225.18 48.1 183.98 8.54 156.95 154.64 6.71 13.15 207.96 201.43 196.12 195.56 229.87 174.23 36.24 123.65 228.11 177.29 32.39 200.1 139.64 28.64 98.06 65.19 137.57 50.99 53.71 148.76 38.9 68.12 187.81 50.25 22.2 58.18 137.19 54.08 232.03 49.37 101.87 81.99 183.18 179.48 42.72 54.45 112.02 218.39 42.06 209.15 68.43 
138.0 85.7 60.01 38.29 90.43 61.29 51.24 91.09 47.43 74.06 0.0 128.74 39.96 168.15 32.8 77.06 46.39 156.28 80.28 133.96 63.06 46.57 116.0 12.37 162.39 144.01 89.32 98.41 81.1 150.03 48.8 119.36 80.65 101.71 16.49 10.3 10.0 163.51 71.06 45.19 100.5 38.91 60.44 89.59 95.89 28.64 167.04 36.24 87.09 18.87 47.42 76.24 31.26 20.88 147.28 79.4 98.02 173.67 102.11 68.12 110.48 36.62 14.32 96.66 110.07 47.85 95.52 65.86 51.62 39.2 106.93 73.5 135.94 165.95 100.18 48.01 41.23 129.03 45.1 19.1 36.24 56.3 85.15 22.2 33.6 152.64 137.99 104.55 22.02 19.42 58.41 31.89 33.29 164.58 106.25 172.74 63.39 166.74 68.48 65.0 26.02 167.29 27.51 120.34 67.23 92.27 97.12 73.43 65.12 147.65 140.16 139.46 130.0 165.0 117.72 45.12 56.04 174.04 113.28 56.89 139.59 77.47 56.75 41.34 9.22 70.0 33.84 23.32 91.09 102.49 46.53 126.02 25.3 59.55 19.7 78.75 45.54 177.08 37.95 42.05 10.05 119.27 118.53 38.47 49.5 67.36 159.66 105.08 156.22 11.0 
39.92 44.29 178.55 98.41 40.5 177.23 177.1 218.08 138.18 184.04 128.74 0.0 90.61 54.64 103.7 57.8 117.27 36.72 201.9 24.17 67.6 135.18 39.62 128.65 36.35 45.18 40.31 222.89 206.81 49.09 88.09 20.62 48.08 225.5 128.89 136.06 132.44 34.79 62.68 84.17 36.24 159.39 68.31 198.31 219.43 100.24 43.68 151.74 49.52 141.79 103.12 52.5 127.19 107.86 37.64 49.34 223.91 45.4 31.83 71.25 24.41 94.54 119.64 211.01 43.97 81.34 39.6 167.36 150.12 127.0 220.11 62.07 25.06 39.05 34.93 84.53 107.0 41.44 126.19 138.1 146.34 92.44 52.77 109.0 143.42 37.64 12.53 26.02 125.03 109.42 87.37 102.96 141.35 40.02 22.56 53.71 188.57 44.27 63.2 183.46 124.58 41.3 151.8 29.15 181.04 43.84 31.62 187.01 171.11 28.02 25.61 12.37 38.64 56.64 11.18 169.33 76.06 45.35 31.62 181.18 22.67 52.33 179.61 89.44 132.67 65.22 134.13 136.19 37.64 221.14 116.28 22.09 150.03 162.15 132.52 50.0 130.19 48.66 135.01 87.32 118.9 30.27 19.92 164.15 130.46 72.25 35.17 224.18 27.73 125.93 
105.91 50.16 89.05 12.04 55.23 88.36 86.49 127.48 54.56 97.29 39.96 90.61 0.0 134.73 14.87 46.62 37.54 121.0 112.02 99.13 23.41 51.88 84.9 38.08 125.57 112.38 50.45 132.54 116.25 118.46 13.04 84.05 43.1 135.3 38.33 45.88 42.06 125.17 41.15 7.28 66.91 69.12 24.33 112.54 129.25 16.16 131.1 62.03 55.66 51.2 26.08 39.01 39.29 20.52 113.64 42.05 133.36 135.96 67.27 29.21 75.06 4.0 29.12 123.47 80.01 17.69 61.98 82.87 65.19 42.05 133.18 33.6 101.12 128.88 60.42 26.08 24.76 97.98 44.1 47.52 57.43 26.17 45.22 26.83 54.33 118.21 99.04 65.52 35.01 22.67 25.08 13.34 52.47 128.25 68.07 138.09 98.01 131.03 28.64 94.09 35.36 130.55 61.19 86.83 92.91 59.67 59.41 99.14 85.16 112.0 105.04 101.97 98.27 132.67 79.91 78.77 29.07 135.92 80.06 90.67 104.0 42.43 89.27 1.41 42.38 41.68 46.32 46.01 53.34 132.31 36.8 91.14 59.44 76.84 42.11 41.11 47.51 139.26 48.38 5.0 31.24 85.99 83.02 73.55 49.65 28.6 123.26 135.24 117.63 35.44 
30.59 84.59 223.65 144.68 79.51 223.09 219.01 259.23 186.9 231.66 168.15 54.64 134.73 0.0 149.21 91.09 166.63 18.38 246.29 36.14 114.14 183.97 52.61 171.07 27.51 25.63 88.89 266.01 249.02 20.59 135.71 51.2 92.57 269.05 172.24 177.01 174.0 43.68 97.08 127.57 68.07 203.25 110.45 246.6 263.07 140.0 19.24 196.65 81.06 184.02 152.32 96.18 173.67 148.0 21.1 93.38 266.05 37.0 67.48 121.76 60.02 138.71 162.11 258.12 59.03 121.02 73.06 216.12 198.48 174.95 267.71 112.27 34.21 29.61 88.1 120.27 155.13 40.26 175.17 181.14 192.15 142.72 104.92 146.34 189.06 17.46 57.31 77.88 169.66 149.03 137.64 147.98 187.18 22.8 71.87 9.85 231.0 17.26 111.09 228.71 170.06 26.31 194.01 48.04 227.61 76.0 77.88 233.81 219.15 26.63 31.02 43.28 38.64 7.62 60.84 212.02 112.11 42.01 55.01 224.02 33.11 92.35 223.11 133.84 174.0 98.25 180.74 180.47 83.43 266.99 165.66 43.93 192.0 210.46 176.34 94.54 179.08 39.12 182.32 130.46 158.11 49.01 52.39 206.0 179.97 122.71 24.6 269.9 47.42 168.05 
120.62 64.63 75.03 5.83 69.72 74.06 74.04 114.98 39.82 82.57 32.8 103.7 14.87 149.21 0.0 61.47 24.41 135.13 98.25 113.44 36.12 37.22 99.72 26.93 139.18 127.12 63.39 119.22 103.37 133.2 17.0 98.33 57.04 121.81 26.0 35.81 31.62 137.93 55.95 22.14 81.58 55.73 39.05 97.74 115.73 21.54 145.0 48.09 70.52 39.4 17.0 53.15 24.52 20.0 128.13 56.08 120.42 149.09 81.74 36.72 89.36 11.18 19.1 108.9 94.87 31.91 76.69 68.01 50.33 27.29 118.53 43.66 115.43 142.35 71.84 38.9 12.65 112.79 29.83 35.11 43.05 23.71 55.15 29.07 40.01 132.54 111.4 78.09 21.38 22.02 25.61 2.24 38.05 142.03 81.3 152.33 85.15 145.01 40.61 80.01 21.0 144.17 49.04 101.43 78.41 74.46 73.03 84.59 70.34 126.06 119.27 115.35 113.03 147.31 93.26 65.97 43.27 148.79 94.73 77.67 118.11 57.07 75.95 15.52 32.2 56.36 31.58 32.56 67.01 118.07 23.85 105.48 47.54 61.98 29.12 55.04 33.02 152.32 33.53 19.7 26.93 100.62 97.25 61.35 35.47 35.85 137.03 121.04 130.23 25.0 
61.03 15.65 133.66 58.14 17.69 133.56 128.02 168.15 101.13 143.41 77.06 57.8 46.62 91.09 61.47 0.0 83.01 79.83 155.82 57.49 33.42 98.41 39.2 80.5 87.32 67.19 30.59 175.1 158.0 73.25 52.2 43.66 21.0 178.23 82.04 86.02 83.15 91.42 6.0 39.4 24.04 112.87 23.6 158.81 172.29 49.09 90.96 106.89 10.05 93.26 69.63 19.42 85.7 57.08 70.26 20.02 175.0 99.81 26.83 48.02 35.34 50.33 71.7 169.1 33.73 30.59 19.31 129.45 111.79 88.64 179.0 41.23 59.44 91.18 44.64 29.27 70.33 52.35 90.35 90.67 103.08 63.66 44.41 55.33 99.92 75.8 69.43 41.18 80.28 58.01 59.41 59.81 98.23 88.89 38.42 95.89 140.06 90.47 34.48 138.76 81.32 92.03 103.17 43.42 138.51 15.52 29.68 144.81 131.55 71.57 63.79 66.24 53.08 88.05 46.86 121.2 21.02 101.07 36.35 133.18 63.6 12.04 132.46 46.1 83.1 7.62 92.66 90.61 26.0 177.07 82.15 49.73 101.12 123.37 86.31 21.1 93.91 103.37 94.92 41.79 67.03 42.3 43.08 115.04 95.77 48.55 84.12 179.89 85.15 77.41 
139.46 83.22 64.85 25.5 88.26 62.36 70.21 109.13 21.02 67.12 46.39 117.27 37.54 166.63 24.41 83.01 0.0 151.25 88.23 130.5 52.81 18.03 119.62 35.17 153.55 146.11 78.09 110.39 96.61 152.11 31.38 115.45 74.33 112.27 31.62 43.66 39.85 150.03 77.94 44.2 100.66 50.22 59.54 81.06 106.25 45.65 160.25 41.05 91.24 42.19 14.32 71.17 18.03 42.38 145.77 73.68 112.92 162.01 99.93 46.04 106.74 34.66 33.0 94.19 115.39 55.23 96.01 50.09 33.06 12.21 103.0 55.23 132.44 156.32 83.0 63.03 12.81 132.4 9.06 37.22 34.13 25.02 65.01 51.55 32.2 149.47 123.04 91.27 25.0 43.97 30.0 26.63 30.0 156.92 95.89 168.69 79.26 160.51 55.54 69.26 21.19 158.53 48.92 119.85 65.12 94.43 88.84 70.71 54.04 142.04 135.92 129.47 132.26 165.52 107.79 61.61 66.6 161.03 113.55 71.69 134.35 76.56 68.88 37.64 40.8 78.82 22.02 31.62 83.2 105.22 1.0 122.72 48.41 45.01 31.3 72.42 13.04 165.0 20.59 42.52 45.18 119.22 114.24 59.46 13.34 45.04 151.95 108.34 142.06 35.51 
25.5 71.06 210.04 130.31 66.12 209.19 206.55 247.17 171.83 217.12 156.28 36.72 121.0 18.38 135.13 79.83 151.25 0.0 233.0 22.36 99.41 168.86 44.29 158.2 13.6 24.6 73.16 253.24 236.54 23.54 120.81 37.05 78.1 256.12 159.05 164.68 161.45 29.02 85.7 114.0 55.9 190.02 97.05 231.82 250.1 127.77 11.66 183.02 69.86 171.29 136.95 82.02 159.38 135.72 13.6 79.06 253.64 27.29 54.23 105.76 46.04 125.0 149.16 243.82 51.0 108.56 60.83 201.1 183.58 160.13 253.24 96.32 20.4 17.46 70.94 109.04 140.16 34.71 159.97 168.11 178.18 126.91 88.23 134.97 175.14 6.71 38.95 61.03 156.01 136.94 121.81 134.06 173.18 11.4 55.54 17.46 218.39 10.77 95.89 215.06 156.12 15.81 181.33 36.69 213.46 64.33 62.51 219.58 204.41 9.22 16.12 25.0 32.02 22.36 43.97 199.25 100.62 31.38 43.68 211.24 17.03 79.16 210.09 120.02 161.52 87.32 166.43 167.0 68.36 253.2 150.27 30.27 179.4 195.6 163.01 80.1 163.92 30.53 167.76 117.02 146.24 37.95 38.01 193.51 164.58 106.73 9.22 256.16 30.81 155.26 
216.75 162.01 23.54 103.48 167.03 26.0 30.41 26.42 68.15 28.6 80.28 201.9 112.02 246.29 98.25 155.82 88.23 233.0 0.0 211.02 134.37 70.94 195.03 75.33 237.41 222.99 161.61 22.36 15.3 229.06 113.99 196.0 155.08 24.04 74.06 70.41 72.84 235.92 149.86 119.0 178.23 43.05 136.01 30.15 18.03 106.79 243.1 50.16 165.68 62.65 100.9 151.03 74.97 98.86 225.22 154.05 26.25 247.27 179.04 132.38 187.0 108.02 84.21 23.26 189.4 125.4 173.23 45.34 56.8 76.66 32.2 140.73 213.02 240.6 169.17 127.58 95.9 208.17 79.38 65.19 55.73 112.54 151.61 102.39 58.55 230.05 209.16 176.14 77.06 98.15 117.15 99.13 60.67 240.21 179.55 250.02 19.21 243.05 138.71 18.97 77.32 242.4 52.95 198.25 25.0 170.42 171.24 22.02 39.05 224.02 217.0 213.6 208.87 243.74 191.51 35.17 135.07 246.83 191.32 23.77 216.01 154.05 23.54 113.04 72.99 149.21 68.25 66.01 165.19 22.83 89.19 203.02 55.11 46.87 70.01 153.08 75.61 250.46 68.15 116.0 89.82 197.31 195.0 42.06 77.08 131.4 235.21 25.08 228.12 78.41 
15.81 49.01 188.17 108.78 44.0 187.45 184.33 224.89 150.81 195.73 133.96 24.17 99.13 36.14 113.44 57.49 130.5 22.36 211.02 0.0 78.09 147.87 24.04 136.06 31.06 21.1 52.81 231.11 214.34 25.5 99.64 15.13 56.57 234.03 137.0 142.43 139.23 40.22 63.35 92.05 33.54 168.0 75.01 210.6 228.02 105.48 33.53 161.15 47.54 149.12 116.18 60.3 137.82 113.44 15.65 57.43 231.42 44.82 32.02 85.7 24.08 103.12 127.04 222.3 30.48 86.28 38.47 180.05 162.43 138.92 231.82 76.22 2.0 35.23 53.25 86.68 119.05 19.42 139.06 146.01 156.46 106.61 69.32 112.61 153.39 19.1 33.24 42.72 134.13 114.63 101.53 112.29 151.48 31.78 36.24 39.0 196.21 32.98 74.95 193.21 134.37 35.36 159.15 14.76 191.85 41.98 41.76 198.01 183.15 14.32 6.32 19.1 16.28 35.78 26.25 177.1 78.26 47.38 21.54 189.1 7.07 57.01 188.01 98.18 139.29 65.0 144.89 145.06 47.3 231.42 129.52 8.0 157.2 174.43 141.01 58.55 142.97 48.41 146.37 95.02 123.91 16.12 16.28 171.29 143.84 86.65 27.29 234.36 37.16 133.09 
86.65 30.46 111.11 31.0 35.47 110.0 109.66 150.66 72.78 117.72 63.06 67.6 23.41 114.14 36.12 33.42 52.81 99.41 134.37 78.09 0.0 69.86 67.08 61.4 103.08 93.3 27.29 155.29 139.26 99.3 21.59 62.97 21.59 157.92 61.39 69.29 65.46 101.98 30.02 18.03 47.93 91.79 12.17 132.52 151.85 36.24 109.04 84.21 39.82 74.46 38.63 18.38 60.03 42.72 93.17 20.88 156.35 113.0 47.13 15.52 54.13 27.2 52.5 144.42 63.29 21.93 43.38 101.98 84.34 60.83 153.83 13.0 80.06 106.23 37.12 31.05 41.0 79.71 61.13 70.61 79.01 30.81 23.43 46.69 76.03 97.16 75.69 42.2 57.43 44.65 26.25 35.36 74.01 106.0 45.18 116.73 121.02 109.11 5.66 116.07 57.08 108.07 84.4 67.05 114.11 42.19 37.01 120.2 105.08 90.27 83.73 79.23 79.48 112.79 57.14 101.79 27.0 112.79 60.75 113.6 82.39 24.41 112.01 22.14 65.79 32.2 67.07 68.59 31.06 154.0 51.87 70.21 82.71 96.34 64.94 19.65 65.0 116.25 68.36 21.1 53.85 66.41 61.81 96.77 66.1 15.81 101.0 157.0 94.37 58.82 
156.32 100.0 47.85 40.31 105.08 44.94 55.87 92.96 3.0 49.09 46.57 135.18 51.88 183.97 37.22 98.41 18.03 168.86 70.94 147.87 69.86 0.0 136.01 34.21 171.42 162.93 95.75 93.23 80.26 168.96 48.27 132.77 91.44 94.92 30.08 40.11 37.48 168.05 93.02 59.03 117.34 36.24 75.39 63.13 88.96 55.87 178.02 27.2 107.15 35.23 32.06 88.06 16.12 50.45 163.02 90.71 96.15 180.0 116.91 64.01 123.98 48.37 36.72 76.16 131.47 69.12 112.58 32.25 15.03 10.0 85.0 73.11 149.83 174.23 101.0 75.6 28.86 148.95 9.0 31.02 20.25 43.05 83.02 58.82 19.7 166.9 141.06 109.17 25.5 51.4 48.01 39.12 18.03 174.73 113.64 186.27 63.6 178.24 72.99 52.0 21.95 176.41 38.63 136.82 47.3 110.72 106.37 52.77 36.01 159.67 153.39 147.34 148.96 182.63 125.57 47.42 80.45 179.04 130.36 56.22 151.91 92.97 53.01 52.33 38.47 93.54 13.04 25.0 100.62 87.3 19.03 140.04 38.9 27.0 27.29 89.5 5.0 183.0 9.0 56.82 49.19 136.12 131.59 46.87 6.4 63.01 169.76 90.43 160.08 36.06 
22.09 36.72 172.82 95.82 31.91 172.63 167.11 207.02 138.84 182.15 116.0 39.62 84.9 52.61 99.72 39.2 119.62 44.29 195.03 24.04 67.08 136.01 0.0 119.71 54.82 28.02 47.38 214.23 197.06 34.06 88.24 19.1 46.32 217.39 121.2 125.14 122.33 64.03 45.18 77.62 19.42 152.07 60.73 197.44 211.46 88.28 55.95 145.99 29.43 132.46 105.6 48.76 124.19 96.25 32.57 46.65 214.02 68.77 21.93 78.24 20.25 88.77 110.89 208.08 6.71 69.72 23.71 167.63 149.91 126.49 217.91 69.2 25.5 59.03 54.2 68.0 107.34 13.15 127.58 129.87 141.99 97.62 65.8 94.02 138.85 39.0 51.66 44.28 119.24 97.13 92.78 98.23 137.1 54.92 37.16 58.52 179.18 55.01 65.51 177.91 120.07 58.82 142.35 10.77 177.49 25.3 37.01 183.76 170.06 37.8 29.83 40.71 14.04 49.01 34.13 160.38 60.07 71.42 9.49 172.35 31.11 43.08 171.66 84.2 122.26 46.01 131.22 129.71 40.31 216.23 118.7 19.24 140.29 161.68 125.45 48.02 131.32 72.35 133.24 80.28 106.02 9.49 20.02 154.16 132.77 79.06 50.8 219.06 60.21 116.62 
141.43 87.14 53.37 32.76 92.09 53.76 48.51 89.44 35.11 65.3 12.37 128.65 38.08 171.07 26.93 80.5 35.17 158.2 75.33 136.06 61.4 34.21 119.71 0.0 163.36 147.67 88.53 95.05 78.41 153.73 43.91 121.15 80.89 98.0 4.12 9.22 5.0 163.25 74.55 44.55 103.02 32.39 61.2 80.95 92.01 31.58 168.58 27.31 90.35 13.15 38.6 76.66 19.03 23.77 150.03 79.76 95.52 173.97 104.04 63.63 112.16 34.21 9.06 89.49 114.13 50.09 98.02 55.23 40.0 27.02 99.62 70.26 138.06 166.74 98.08 52.63 32.2 132.85 33.0 10.2 25.61 48.8 81.86 29.15 22.67 155.01 137.09 103.58 10.2 23.41 51.74 26.83 21.93 165.87 106.1 175.05 60.21 168.43 66.41 58.46 14.14 168.32 23.19 123.04 59.24 95.13 97.32 65.55 55.22 149.34 142.13 139.9 133.54 168.43 117.89 41.05 59.84 173.98 116.07 53.04 141.29 79.06 52.04 39.29 5.83 73.98 21.54 12.04 91.24 96.69 35.44 128.06 21.38 48.84 7.81 78.92 33.24 177.29 25.63 41.44 17.03 122.07 120.2 35.51 37.22 62.77 160.9 99.46 155.71 3.16 
38.28 76.69 214.19 134.06 72.03 213.04 211.86 252.72 174.41 220.18 162.39 36.35 125.57 27.51 139.18 87.32 153.55 13.6 237.41 31.06 103.08 171.42 54.82 163.36 0.0 38.08 76.0 258.12 241.75 37.11 124.0 43.66 82.49 260.85 163.88 170.32 166.88 16.28 92.97 118.83 63.32 194.66 102.26 234.55 254.79 133.75 9.22 187.27 77.62 176.5 139.36 86.7 163.01 141.6 26.83 83.6 258.86 14.21 60.73 107.56 52.2 129.56 154.3 247.1 61.4 114.54 68.01 203.63 186.32 163.11 256.28 98.33 29.41 4.24 71.2 116.09 143.09 46.86 162.44 173.05 182.07 128.76 89.11 141.65 179.1 20.25 34.0 62.29 160.38 142.97 123.69 138.29 177.07 5.0 58.0 21.4 223.52 10.82 99.0 219.15 160.15 5.0 186.55 45.79 217.0 71.87 66.19 223.02 207.29 17.03 25.0 24.08 43.93 33.54 46.0 204.3 107.56 17.89 52.35 216.23 24.19 84.93 214.84 124.49 167.04 94.92 170.0 171.49 72.25 257.02 152.55 38.01 184.7 198.36 167.67 84.48 166.43 17.69 171.03 121.93 152.4 47.17 44.27 198.84 166.77 108.56 4.47 260.03 20.25 160.51 
6.71 62.94 200.69 122.97 57.87 200.41 195.13 235.01 165.8 209.67 144.01 45.18 112.38 25.63 127.12 67.19 146.11 24.6 222.99 21.1 93.3 162.93 28.02 147.67 38.08 0.0 70.33 242.25 225.08 6.08 114.79 32.8 71.87 245.4 149.09 153.16 150.33 52.39 73.17 105.12 45.61 180.01 88.07 224.86 239.47 116.28 35.0 173.81 57.31 160.45 131.91 74.95 151.63 124.26 11.4 72.45 242.03 51.88 46.24 102.86 40.31 116.3 138.81 235.77 34.06 97.62 50.45 194.79 177.08 153.57 245.54 93.48 20.12 42.05 73.0 96.01 134.1 15.03 154.33 157.81 169.67 123.17 87.92 122.0 166.54 17.89 53.16 62.37 146.97 125.14 118.19 125.72 164.75 35.85 55.44 33.29 207.2 33.42 91.0 205.78 147.68 40.31 170.36 26.4 205.18 52.77 59.17 211.44 197.43 24.08 20.62 38.08 14.14 21.1 46.75 188.38 88.09 55.95 32.57 200.36 23.77 70.09 199.64 111.61 150.27 74.03 158.69 157.54 63.95 244.11 145.17 26.17 168.3 188.94 153.31 73.74 158.15 55.07 160.56 107.87 134.03 26.93 34.21 182.18 159.38 103.75 33.62 246.95 52.15 144.59 
63.63 16.03 138.29 58.14 18.03 137.06 136.89 177.89 98.73 144.28 89.32 40.31 50.45 88.89 63.39 30.59 78.09 73.16 161.61 52.81 27.29 95.75 47.38 88.53 76.0 70.33 0.0 182.58 166.54 76.06 48.01 38.08 10.82 185.19 88.65 96.17 92.44 74.73 32.31 44.27 28.6 119.08 29.68 158.81 179.12 61.27 82.3 111.45 29.27 101.64 63.79 14.87 87.02 68.54 68.35 12.21 183.64 85.71 25.46 32.89 30.02 54.34 79.56 171.14 45.8 43.27 25.94 128.0 110.55 87.21 180.4 23.41 54.71 79.06 14.32 48.8 67.19 58.41 86.83 97.86 106.12 53.85 18.44 70.83 103.17 71.57 48.7 15.23 84.72 70.26 48.76 62.65 101.12 79.1 18.0 90.61 148.3 82.49 23.0 143.22 84.29 81.0 111.61 44.1 141.0 27.51 11.18 147.03 131.46 63.95 57.97 52.04 57.43 88.39 30.0 129.07 41.11 85.51 39.05 140.89 56.29 19.31 139.3 49.24 92.72 35.47 94.01 95.89 7.21 181.02 77.1 45.31 109.88 122.59 92.23 12.04 90.8 88.96 95.05 47.43 79.71 43.83 36.77 123.98 91.41 33.84 74.11 184.04 67.19 85.87 
236.14 182.18 45.54 124.62 187.13 48.33 47.17 14.76 90.47 49.58 98.41 222.89 132.54 266.01 119.22 175.1 110.39 253.24 22.36 231.11 155.29 93.23 214.23 95.05 258.12 242.25 182.58 0.0 17.72 248.29 135.33 216.19 175.64 4.24 94.26 89.09 92.01 257.13 169.11 139.36 198.0 63.51 156.2 46.14 5.0 126.04 263.55 71.39 185.07 82.01 122.8 171.49 96.54 118.04 245.0 174.56 7.0 268.29 199.09 154.03 207.2 128.56 104.08 32.57 208.41 145.0 193.0 67.2 79.16 98.67 36.01 162.19 233.11 261.4 190.63 146.34 117.63 227.32 101.59 85.15 77.37 134.48 173.22 120.6 80.05 250.05 230.5 197.29 97.87 117.11 139.01 119.94 82.23 260.77 200.44 270.09 35.06 263.43 159.81 41.23 98.48 263.1 72.0 218.0 47.17 190.01 191.94 43.42 61.03 244.35 237.17 234.45 228.18 263.15 212.36 54.01 154.16 268.0 211.0 42.01 236.3 174.1 43.29 133.63 92.02 168.24 89.99 86.7 185.87 21.0 111.33 223.11 74.01 69.12 90.45 173.65 97.86 271.53 90.14 136.3 108.3 217.0 215.23 60.07 99.4 153.06 255.78 20.22 249.39 98.02 
219.02 165.51 32.8 108.91 170.42 36.8 30.02 12.81 77.7 42.94 81.1 206.81 116.25 249.02 103.37 158.0 96.61 236.54 15.3 214.34 139.26 80.26 197.06 78.41 241.75 225.08 166.54 17.72 0.0 231.11 119.82 199.49 159.26 21.54 77.93 72.01 75.11 241.23 152.0 122.92 181.1 47.8 139.61 45.4 16.64 109.02 246.98 56.3 168.0 65.28 108.27 155.05 81.6 101.02 228.05 158.15 17.12 252.19 182.33 138.88 190.52 112.29 87.46 36.67 191.17 128.1 176.1 58.26 67.2 84.58 44.01 146.74 216.33 245.1 175.11 129.1 102.79 210.12 88.12 68.73 62.77 119.97 157.97 103.24 65.19 233.21 214.77 181.41 82.0 100.0 124.31 103.94 67.42 244.28 184.3 253.28 18.25 246.81 143.95 29.7 82.97 246.71 55.23 201.06 37.8 173.03 175.65 36.24 51.86 227.71 220.45 218.21 211.04 246.03 196.16 37.48 137.01 252.05 194.04 25.71 219.66 157.38 27.86 117.39 75.06 151.05 75.39 70.83 169.57 31.06 97.51 206.35 57.14 58.69 74.33 157.28 84.6 255.48 76.06 119.82 91.05 200.04 198.57 43.05 86.61 137.93 239.31 32.02 233.57 81.3 
12.65 68.96 206.77 129.03 63.89 206.49 201.16 241.0 171.84 215.75 150.03 49.09 118.46 20.59 133.2 73.25 152.11 23.54 229.06 25.5 99.3 168.96 34.06 153.73 37.11 6.08 76.06 248.29 231.11 0.0 120.81 38.28 77.83 251.45 155.17 159.2 156.39 52.35 79.23 111.2 51.66 186.08 94.15 230.93 245.52 122.33 32.65 179.89 63.39 166.51 137.9 80.96 157.71 130.31 12.37 78.43 248.05 50.33 52.2 108.69 46.07 122.38 144.89 241.85 40.01 103.7 56.52 200.85 183.13 159.62 251.62 99.28 24.21 40.8 78.24 102.02 140.13 21.0 160.35 163.88 175.76 129.08 93.49 128.0 172.63 17.12 56.08 67.62 153.06 131.19 124.08 131.8 170.84 34.18 60.8 29.07 213.23 30.89 96.93 211.86 153.76 38.63 176.41 32.31 211.27 58.86 64.88 217.52 203.5 25.32 23.71 40.85 20.22 15.3 51.62 194.44 94.13 54.71 38.6 206.41 26.83 76.16 205.7 117.69 156.32 80.06 164.76 163.62 69.78 250.19 151.16 31.4 174.35 195.0 159.39 79.71 164.17 53.31 166.63 113.95 140.06 32.89 39.66 188.22 165.39 109.59 32.76 253.03 53.04 150.65 
108.16 51.87 90.55 11.18 56.92 89.14 90.76 131.61 51.2 96.33 48.8 88.09 13.04 135.71 17.0 52.2 31.38 120.81 113.99 99.64 21.59 48.27 88.24 43.91 124.0 114.79 48.01 135.33 119.82 120.81 0.0 84.53 43.17 137.77 42.95 52.7 48.55 121.93 47.51 16.16 69.29 72.03 28.6 111.02 131.69 28.86 130.25 63.95 60.03 56.36 17.49 39.85 39.12 31.76 114.76 42.45 136.8 133.38 68.68 19.72 75.71 13.93 35.81 123.15 84.08 27.73 64.62 80.41 62.8 39.32 132.46 26.93 101.61 127.02 55.32 37.34 19.42 101.02 39.56 52.0 58.31 13.6 38.28 39.22 55.44 118.7 95.19 62.2 37.95 34.0 12.04 17.2 53.34 127.1 66.01 138.18 101.65 130.38 25.02 95.43 36.88 129.0 65.92 88.6 93.0 63.07 58.31 99.02 83.6 111.65 105.22 100.0 100.9 134.37 78.01 82.57 38.28 132.85 82.22 94.11 103.82 45.19 92.2 12.0 49.09 48.8 46.04 49.04 52.47 133.06 30.46 91.78 64.47 74.81 45.88 41.23 43.42 136.53 47.04 16.28 41.4 87.93 83.36 78.19 44.6 18.87 122.1 136.09 114.13 41.88 
26.25 34.01 173.1 93.65 29.07 172.35 169.5 210.15 135.71 180.6 119.36 20.62 84.05 51.2 98.33 43.66 115.45 37.05 196.0 15.13 62.97 132.77 19.1 121.15 43.66 32.8 38.08 216.19 199.49 38.28 84.53 0.0 41.44 219.08 122.02 127.66 124.4 49.04 49.34 77.01 19.7 153.0 60.01 195.47 213.06 90.8 47.68 146.09 34.01 134.24 101.14 45.18 122.69 98.73 30.36 42.3 216.59 56.36 17.26 70.94 9.0 88.05 112.11 207.17 23.41 71.57 24.35 164.94 147.31 123.79 216.69 61.47 17.12 47.54 40.31 72.53 103.94 23.71 123.98 131.06 141.35 91.71 55.23 98.27 138.29 34.23 32.89 29.7 119.07 99.98 86.65 97.19 136.37 45.35 22.67 54.04 181.33 47.38 59.91 178.14 119.27 48.38 144.28 9.22 176.73 28.23 26.93 182.89 168.02 28.28 21.0 24.04 21.63 50.33 15.81 162.2 64.03 57.98 11.18 174.18 20.22 42.11 173.05 83.1 124.49 51.26 129.76 130.02 32.28 216.33 114.48 7.28 142.35 159.3 126.0 43.42 127.88 59.94 131.24 80.0 109.33 10.05 1.41 156.46 128.79 71.87 40.52 219.28 43.86 118.21 
65.19 9.9 132.0 52.24 14.42 131.1 129.4 170.32 94.37 139.17 80.65 48.08 43.1 92.57 57.04 21.0 74.33 78.1 155.08 56.57 21.59 91.44 46.32 80.89 82.49 71.87 10.82 175.64 159.26 77.83 43.17 41.44 0.0 178.4 81.39 88.07 84.53 82.86 21.84 36.35 26.93 112.22 20.25 154.04 172.35 52.2 88.02 105.0 22.36 94.05 60.08 4.47 81.3 59.77 71.59 1.41 176.38 93.17 25.63 32.02 32.56 47.1 71.85 165.77 43.28 33.54 22.8 123.56 105.91 82.38 175.26 23.35 58.55 85.84 25.06 38.29 62.59 58.59 82.71 90.55 100.08 51.43 23.77 61.27 97.05 75.66 57.7 25.0 78.03 61.35 46.53 56.0 95.08 85.15 25.63 95.34 141.03 88.0 19.24 137.0 78.03 87.46 104.09 45.54 135.37 22.67 16.49 141.51 126.59 69.03 62.29 59.03 58.18 91.21 37.11 121.81 30.41 93.41 39.4 133.73 61.07 9.06 132.38 42.05 84.72 25.0 88.36 89.09 10.44 175.1 73.38 48.66 102.26 117.89 85.21 2.0 86.59 96.54 89.81 39.46 70.84 44.94 40.31 116.4 87.64 32.8 80.16 178.07 75.61 78.09 
239.25 185.07 47.54 127.14 190.04 49.98 50.49 18.87 92.11 50.0 101.71 225.5 135.3 269.05 121.81 178.23 112.27 256.12 24.04 234.03 157.92 94.92 217.39 98.0 260.85 245.4 185.19 4.24 21.54 251.45 137.77 219.08 178.4 0.0 97.08 92.27 95.08 259.65 172.24 142.17 201.01 66.19 159.08 45.22 6.08 129.14 266.37 73.82 188.17 85.02 124.91 174.29 98.84 121.15 248.02 177.34 10.44 270.9 202.02 156.31 210.09 131.31 107.0 30.87 211.61 148.03 196.01 67.96 80.62 100.69 33.24 164.58 236.03 264.09 193.02 149.57 119.85 230.49 103.41 88.02 79.62 136.56 175.52 123.91 82.38 253.01 232.96 199.83 100.5 120.27 141.16 122.59 84.53 263.55 203.09 273.03 38.33 266.27 162.36 43.01 100.98 265.83 75.06 221.02 48.3 193.06 194.66 44.1 61.91 247.2 240.07 237.12 231.31 266.27 215.03 57.04 157.32 270.54 214.04 45.04 239.17 177.03 46.04 136.37 95.13 171.42 92.2 89.36 188.6 18.25 113.23 226.04 77.1 70.24 93.19 176.41 99.62 274.12 92.18 139.13 111.54 220.04 218.11 63.29 101.02 155.33 258.56 17.0 251.88 101.0 
142.79 88.01 51.62 31.78 93.0 51.66 48.27 89.27 31.02 62.65 16.49 128.89 38.33 172.24 26.0 82.04 31.62 159.05 74.06 137.0 61.39 30.08 121.2 4.12 163.88 149.09 88.65 94.26 77.93 155.17 42.95 122.02 81.39 97.08 0.0 12.08 8.25 163.37 76.12 45.1 104.17 31.02 62.01 78.29 91.05 33.53 169.3 25.0 91.79 13.42 36.12 77.23 15.0 26.0 151.16 80.31 95.04 174.26 105.0 62.61 113.02 34.37 10.44 87.36 115.74 51.48 99.18 51.86 36.24 23.0 97.42 69.64 139.0 167.2 97.72 54.71 29.73 134.35 29.02 9.22 22.47 46.75 81.15 32.2 19.42 156.01 137.03 103.59 6.71 25.94 50.0 26.25 18.44 166.51 106.37 176.0 59.68 169.19 66.22 56.72 10.44 168.86 23.09 124.2 56.92 96.42 97.74 63.25 52.15 150.12 143.01 140.29 134.95 169.76 118.23 40.45 61.61 174.16 117.27 52.35 142.09 80.01 51.04 39.46 9.22 75.71 17.46 8.94 91.66 95.04 31.95 129.0 21.54 45.45 4.47 79.4 29.15 177.55 21.54 42.05 20.52 123.26 121.04 35.44 33.14 61.72 161.52 97.87 155.76 6.4 
147.05 93.77 49.77 41.62 98.62 51.0 42.0 82.49 40.45 63.82 10.3 136.06 45.88 177.01 35.81 86.02 43.66 164.68 70.41 142.43 69.29 40.11 125.14 9.22 170.32 153.16 96.17 89.09 72.01 159.2 52.7 127.66 88.07 92.27 12.08 0.0 4.24 170.77 80.02 51.92 109.11 28.64 68.07 79.32 86.37 37.01 175.26 26.17 96.01 8.6 47.8 83.74 26.48 29.02 156.05 86.88 89.05 181.25 110.45 72.4 118.71 42.15 17.0 86.41 119.34 56.14 104.12 56.22 42.95 34.37 96.66 78.71 144.42 173.79 106.23 57.31 41.4 138.23 40.45 9.85 26.93 58.0 90.35 32.02 24.6 161.25 144.84 111.32 18.79 28.02 60.88 35.51 24.7 172.68 113.51 181.33 54.04 175.03 74.46 54.78 22.47 175.25 17.46 129.06 56.94 101.02 104.56 63.13 55.15 155.93 148.57 147.09 139.09 174.07 125.17 35.36 65.07 181.42 122.04 47.27 147.87 85.59 46.87 47.17 3.61 79.16 27.07 15.3 98.49 92.44 44.01 134.45 15.3 50.0 13.04 86.12 40.05 184.61 31.14 48.76 19.42 128.04 126.78 29.02 44.05 71.56 167.73 95.08 163.32 10.82 
144.17 90.45 51.55 37.44 95.34 52.39 45.1 85.84 38.08 64.66 10.0 132.44 42.06 174.0 31.62 83.15 39.85 161.45 72.84 139.23 65.46 37.48 122.33 5.0 166.88 150.33 92.44 92.01 75.11 156.39 48.55 124.4 84.53 95.08 8.25 4.24 0.0 167.11 77.16 48.27 106.02 30.36 64.63 80.26 89.14 34.06 171.94 26.63 93.09 10.2 43.6 80.23 23.09 26.08 153.0 83.36 92.2 177.69 107.23 68.26 115.43 38.28 13.0 88.02 116.62 53.01 101.02 55.9 41.68 31.06 98.23 74.69 141.23 170.32 102.32 54.74 37.2 135.45 37.12 9.22 26.25 53.76 86.31 30.08 23.6 158.11 141.09 107.56 14.87 25.32 56.64 31.38 23.32 169.31 109.88 178.18 57.01 171.75 70.58 56.61 18.68 171.83 20.02 126.0 58.14 98.01 101.0 64.4 55.32 152.64 145.34 143.56 136.24 171.19 121.6 38.05 62.29 177.79 119.0 50.04 144.59 82.3 49.37 43.32 1.0 76.42 24.52 13.42 94.92 94.59 40.16 131.24 18.0 49.58 10.2 82.57 37.01 181.03 28.64 45.12 17.46 125.0 123.49 32.06 41.01 67.42 164.35 97.29 159.62 6.71 
51.26 78.79 212.48 132.52 74.69 210.95 211.62 252.62 171.05 217.11 163.51 34.79 125.17 43.68 137.93 91.42 150.03 29.02 235.92 40.22 101.98 168.05 64.03 163.25 16.28 52.39 74.73 257.13 241.23 52.35 121.93 49.04 82.86 259.65 163.37 170.77 167.11 0.0 96.65 118.85 68.24 193.66 103.09 231.0 253.57 135.03 24.7 185.83 82.38 176.37 136.13 87.28 161.01 142.64 41.0 84.12 258.31 13.0 64.66 104.12 56.3 129.07 154.26 244.17 70.18 116.11 72.4 200.0 183.07 160.31 253.03 95.34 39.12 14.32 67.07 119.01 140.43 58.59 159.05 172.59 180.23 125.02 85.02 143.74 177.37 35.23 27.0 59.84 159.3 144.2 120.04 137.3 175.26 20.88 57.28 36.67 222.99 26.57 97.32 217.33 158.68 17.89 186.34 53.81 214.53 76.55 66.41 220.38 204.06 28.79 35.36 25.24 55.47 49.82 45.88 203.77 110.49 11.0 59.41 215.56 33.29 86.93 213.88 123.98 167.36 98.98 167.86 170.48 72.42 254.71 149.03 45.28 184.61 195.04 166.9 84.77 163.05 15.3 168.5 122.0 153.69 55.23 49.2 198.71 163.0 105.12 20.02 257.78 8.06 160.56 
67.03 19.1 127.74 52.84 22.2 127.68 122.02 162.15 95.71 137.64 71.06 62.68 41.15 97.08 55.95 6.0 77.94 85.7 149.86 63.35 30.02 93.02 45.18 74.55 92.97 73.17 32.31 169.11 152.0 79.23 47.51 49.34 21.84 172.24 76.12 80.02 77.16 96.65 0.0 34.0 29.83 106.92 19.1 153.08 166.3 43.1 96.77 101.0 16.03 87.28 64.82 19.1 80.06 51.09 76.24 20.62 169.0 105.31 32.31 45.19 40.85 44.78 65.76 163.25 39.62 24.74 25.0 123.86 106.23 83.19 173.17 39.29 65.31 96.8 46.62 23.35 65.19 58.31 85.09 84.72 97.27 59.46 44.0 49.37 94.11 81.74 74.03 44.41 74.46 52.01 55.44 54.23 92.44 94.64 42.43 101.83 134.06 96.32 31.95 132.83 75.58 97.72 97.19 49.37 132.67 21.38 33.3 138.97 125.87 77.37 69.63 71.55 59.08 94.05 51.61 115.21 15.03 106.45 42.3 127.19 69.38 13.0 126.48 40.71 77.1 3.16 86.98 84.72 28.84 171.14 77.1 55.54 95.13 117.75 80.41 21.38 88.59 108.85 89.32 36.25 61.03 48.26 48.7 109.04 90.55 45.62 89.84 173.95 90.21 71.45 
98.66 43.05 96.13 18.87 48.09 95.52 93.06 133.99 61.74 104.56 45.19 84.17 7.28 127.57 22.14 39.4 44.2 114.0 119.0 92.05 18.03 59.03 77.62 44.55 118.83 105.12 44.27 139.36 122.92 111.2 16.16 77.01 36.35 142.17 45.1 51.92 48.27 118.85 34.0 0.0 59.68 76.03 17.12 119.82 136.13 18.38 124.2 69.12 48.38 57.71 31.89 32.14 46.57 24.7 106.47 35.23 140.04 129.44 60.13 27.31 68.01 11.18 35.51 130.7 72.73 11.66 54.74 90.14 72.45 49.24 140.43 29.73 94.05 122.19 55.07 21.19 31.4 90.71 51.11 54.23 64.63 29.73 41.04 29.07 61.52 111.11 92.97 59.46 42.11 26.63 27.46 20.62 59.68 121.41 61.61 131.03 104.69 124.1 23.6 101.18 42.58 123.79 67.74 79.63 100.13 52.39 52.77 106.37 92.44 105.04 98.01 95.35 91.01 125.45 73.35 85.48 22.67 129.52 72.84 97.42 97.02 35.23 96.13 6.71 48.51 34.67 53.6 53.01 46.69 139.43 43.42 84.05 65.92 84.12 49.01 34.37 54.59 132.77 55.66 3.16 35.85 78.77 76.0 80.06 56.6 26.93 116.43 142.35 111.4 41.77 
39.05 17.46 155.63 77.37 12.53 155.17 151.08 191.51 120.21 164.15 100.5 36.24 66.91 68.07 81.58 24.04 100.66 55.9 178.23 33.54 47.93 117.34 19.42 103.02 63.32 45.61 28.6 198.0 181.1 51.66 69.29 19.7 26.93 201.01 104.17 109.11 106.02 68.24 29.83 59.68 0.0 135.18 42.58 179.29 195.02 72.11 66.94 128.66 14.32 116.0 86.54 29.55 106.1 80.1 47.01 27.29 198.16 76.03 5.1 58.82 12.04 70.86 94.05 190.38 17.2 53.01 5.0 149.19 131.47 107.97 200.08 49.82 35.51 67.23 37.64 53.15 88.54 31.78 108.78 113.07 124.31 78.29 47.01 79.08 121.2 52.15 48.6 29.15 101.71 81.22 73.43 80.23 119.36 64.85 23.02 72.25 163.03 66.49 46.14 160.7 102.26 68.01 126.0 20.02 159.81 8.54 19.31 166.05 151.86 47.54 39.81 43.01 31.62 65.76 26.42 144.0 44.72 77.52 13.15 156.0 39.56 24.52 155.05 66.1 106.04 31.62 113.16 112.45 21.4 199.01 99.72 25.71 124.02 143.34 108.3 28.65 112.58 79.61 114.98 62.51 90.45 19.1 19.24 138.06 113.89 59.64 60.08 201.9 62.48 100.0 
173.74 119.0 21.19 61.19 124.0 22.47 20.0 59.81 34.41 36.07 38.91 159.39 69.12 203.25 55.73 112.87 50.22 190.02 43.05 168.0 91.79 36.24 152.07 32.39 194.66 180.01 119.08 63.51 47.8 186.08 72.03 153.0 112.22 66.19 31.02 28.64 30.36 193.66 106.92 76.03 135.18 0.0 93.0 51.22 60.13 63.95 200.2 9.22 122.69 20.25 60.84 108.12 34.01 56.09 182.18 111.16 64.76 204.79 136.01 91.09 144.0 65.12 41.19 57.78 146.51 82.39 130.19 33.24 28.16 38.01 68.03 98.95 170.0 197.91 127.35 84.93 55.15 165.22 42.52 22.2 16.28 72.5 110.16 60.41 18.03 187.02 167.09 133.82 34.37 55.54 76.69 56.44 20.25 197.37 136.94 207.0 29.73 200.12 96.34 26.25 35.17 199.64 12.04 155.21 28.6 127.39 128.47 34.67 29.97 181.07 174.0 170.95 165.87 200.72 148.86 11.4 92.23 204.52 148.27 22.14 173.05 111.02 20.22 70.18 30.68 106.37 28.3 23.19 122.41 64.33 51.04 160.0 14.21 28.28 27.02 110.22 39.6 208.03 29.83 73.01 47.76 154.26 152.01 11.4 42.52 90.14 192.37 67.08 185.95 35.51 
