50
0.0 47.76 8.6 26.02 21.0 41.11 15.81 26.0 4.12 29.0 22.2 42.3 51.74 14.04 31.11 51.66 35.13 28.02 17.46 45.01 58.82 7.07 60.61 50.61 41.15 44.64 23.85 16.49 43.27 36.06 28.07 39.96 30.0 41.05 34.93 49.03 39.2 51.92 43.0 22.47 19.92 21.54 31.32 34.53 15.3 26.31 34.21 27.31 5.1 28.64 
47.76 0.0 55.04 24.21 45.28 39.41 36.62 21.84 50.16 46.84 29.83 11.4 18.97 44.05 23.77 5.83 51.62 22.0 37.01 17.0 18.25 54.23 21.21 9.06 34.21 4.47 32.25 35.23 12.04 16.64 22.02 30.0 47.13 18.44 55.97 6.71 25.81 5.39 16.12 37.34 51.09 37.22 38.63 14.87 48.01 27.59 13.89 20.62 52.81 19.72 
8.6 55.04 0.0 32.02 28.44 49.4 20.1 33.62 5.0 36.35 27.29 48.51 60.14 21.84 39.62 58.52 42.05 36.24 21.0 50.36 67.01 2.0 68.88 58.52 49.65 51.62 32.45 21.21 51.4 41.98 34.21 48.55 37.34 46.27 41.11 55.66 47.8 58.87 48.51 30.87 26.02 29.97 39.56 41.11 22.09 31.14 41.23 34.99 6.0 35.47 
26.02 24.21 32.02 0.0 32.8 40.16 12.53 9.22 27.46 38.21 5.66 16.49 35.47 28.18 21.38 26.83 44.69 15.3 12.81 19.1 39.66 31.58 42.19 30.0 36.88 20.25 23.02 11.18 25.08 10.05 2.24 33.38 38.95 15.3 47.38 23.77 30.07 27.29 17.03 26.91 36.72 26.17 33.62 9.43 32.2 5.0 10.63 10.05 31.06 5.39 
21.0 45.28 28.44 32.8 0.0 22.2 30.02 26.4 25.02 8.0 32.56 44.94 41.11 7.07 22.02 50.64 14.32 23.54 32.25 50.09 49.73 26.48 50.6 44.18 24.08 43.93 13.04 29.68 36.12 40.71 33.84 24.7 9.0 47.01 15.26 49.24 26.0 50.49 47.85 8.0 6.32 8.06 12.73 37.16 6.71 36.07 35.11 26.93 22.56 31.76 
41.11 39.41 49.4 40.16 22.2 0.0 44.05 31.02 45.22 16.4 42.95 44.69 26.48 27.73 19.24 45.22 16.49 25.08 46.1 51.22 35.36 47.54 35.06 34.01 5.39 40.36 19.0 43.1 27.46 43.57 39.92 9.43 15.81 49.65 21.59 45.45 13.6 44.65 49.2 18.68 27.59 19.65 9.85 39.12 28.84 44.92 36.06 30.46 43.86 36.25 
15.81 36.62 20.1 12.53 30.02 44.05 0.0 17.49 16.03 37.16 7.28 28.79 45.79 23.6 27.89 39.36 43.86 22.47 2.24 30.27 51.09 20.0 53.41 41.73 42.11 32.76 25.08 1.41 35.81 22.14 14.76 39.46 38.08 26.17 45.28 36.25 37.11 39.82 28.44 26.93 31.89 25.96 35.51 21.95 26.91 11.05 22.8 18.87 20.4 17.03 
26.0 21.84 33.62 9.22 26.4 31.02 17.49 0.0 28.65 30.61 13.15 18.68 28.3 23.35 12.17 26.17 36.8 6.08 18.79 23.71 33.94 32.65 36.12 25.0 27.66 19.1 14.87 16.12 18.44 14.42 8.94 24.19 31.24 20.81 40.0 24.0 21.0 26.31 21.47 19.42 31.32 18.87 25.0 10.77 27.46 14.14 9.06 1.41 31.02 5.66 
4.12 50.16 5.0 27.46 25.02 45.22 16.03 28.65 0.0 33.02 23.02 43.93 55.17 18.11 34.71 53.76 39.05 31.24 17.26 46.1 62.01 4.12 63.89 53.54 45.19 46.82 27.78 17.0 46.4 37.48 29.61 43.91 34.01 42.05 38.64 50.96 43.01 54.08 44.18 26.57 23.54 25.63 35.44 36.4 19.1 27.0 36.4 30.02 5.0 30.68 
29.0 46.84 36.35 38.21 8.0 16.4 37.16 30.61 33.02 0.0 38.83 48.37 39.32 15.03 23.09 52.5 6.71 26.42 39.4 54.08 48.26 34.37 48.66 44.18 19.7 46.24 15.81 36.67 36.35 45.0 38.9 21.59 1.0 51.4 9.43 51.62 24.08 52.2 51.87 11.31 11.66 12.04 9.06 41.05 14.32 42.01 38.59 30.81 30.41 36.24 
22.2 29.83 27.29 5.66 32.56 42.95 7.28 13.15 23.02 38.83 0.0 21.54 40.72 27.02 25.0 32.25 45.49 19.03 7.21 23.09 45.22 27.07 47.71 35.61 40.2 25.81 24.7 6.08 30.41 14.87 7.81 37.01 39.66 19.03 47.63 29.07 34.06 32.76 21.21 27.78 35.61 26.93 35.47 15.0 30.81 4.12 16.28 14.32 27.07 10.82 
42.3 11.4 48.51 16.49 44.94 44.69 28.79 18.68 43.93 48.37 21.54 0.0 29.15 41.98 26.25 11.31 54.08 21.95 28.64 6.71 29.61 48.05 32.56 20.1 40.0 7.07 32.65 27.51 19.92 6.71 14.32 35.81 48.88 7.07 57.8 7.81 31.62 12.04 5.1 37.58 50.0 37.16 41.4 8.06 46.1 18.36 9.85 18.03 47.38 14.04 
51.74 18.97 60.14 35.47 41.11 26.48 45.79 28.3 55.17 39.32 40.72 29.15 0.0 42.94 20.81 23.71 42.01 24.08 47.01 35.51 9.0 58.8 9.49 10.3 21.21 22.36 29.53 44.42 10.44 32.14 33.84 18.0 39.2 36.06 47.0 25.63 15.3 22.83 34.23 33.62 47.43 34.01 30.27 28.44 46.1 40.16 25.71 26.93 56.22 30.08 
14.04 44.05 21.84 28.18 7.07 27.73 23.6 23.35 18.11 15.03 27.02 41.98 42.94 0.0 22.47 49.01 21.38 22.09 25.81 46.49 51.08 19.92 52.33 44.38 28.6 42.05 13.42 23.43 36.4 37.0 29.55 28.28 16.03 43.08 21.93 47.17 28.6 49.0 44.27 9.9 8.6 9.22 17.89 33.96 4.12 30.81 32.39 24.19 16.16 28.16 
31.11 23.77 39.62 21.38 22.02 19.24 27.89 12.17 34.71 23.09 25.0 26.25 20.81 22.47 0.0 29.41 28.18 6.08 29.61 32.53 28.64 38.18 30.02 22.2 15.52 23.26 9.22 26.68 14.14 24.41 20.88 12.04 23.41 30.61 32.31 28.64 9.22 29.12 30.41 14.04 28.16 14.14 15.26 20.0 25.96 26.31 17.03 11.4 35.47 17.09 
51.66 5.83 58.52 26.83 50.64 45.22 39.36 26.17 53.76 52.5 32.25 11.31 23.71 49.01 29.41 0.0 57.38 27.17 39.45 14.87 21.1 57.87 24.08 13.42 40.0 7.07 37.66 38.01 17.8 17.8 24.6 35.81 52.81 17.49 61.68 3.61 31.62 1.0 14.76 42.76 56.32 42.58 44.38 17.46 53.04 29.41 17.46 25.08 56.75 23.09 
35.13 51.62 42.05 44.69 14.32 16.49 43.86 36.8 39.05 6.71 45.49 54.08 42.01 21.38 28.18 57.38 0.0 32.2 46.1 60.0 51.01 40.05 51.04 48.05 21.1 51.43 21.93 43.38 40.52 51.09 45.28 24.02 5.83 57.49 5.1 56.8 27.29 57.01 57.8 17.8 16.28 18.6 13.0 47.01 20.0 48.6 44.41 36.88 36.06 42.45 
28.02 22.0 36.24 15.3 23.54 25.08 22.47 6.08 31.24 26.42 19.03 21.95 24.08 22.09 6.08 27.17 32.2 0.0 24.04 27.8 30.81 35.0 32.65 22.85 21.59 20.4 10.77 21.19 15.26 19.1 14.87 18.11 26.93 25.46 35.85 25.71 15.03 27.07 25.61 15.81 29.15 15.52 19.8 14.87 26.02 20.22 12.21 5.39 32.76 11.18 
17.46 37.01 21.0 12.81 32.25 46.1 2.24 18.79 17.26 39.4 7.21 28.64 47.01 25.81 29.61 39.45 46.1 24.04 0.0 29.61 52.01 21.1 54.41 42.52 44.05 33.02 27.17 3.0 36.89 21.93 15.0 41.3 40.31 25.5 47.51 36.24 38.83 39.96 27.89 29.12 34.06 28.16 37.66 22.2 29.07 10.44 23.35 20.12 21.84 17.69 
45.01 17.0 50.36 19.1 50.09 51.22 30.27 23.71 46.1 54.08 23.09 6.71 35.51 46.49 32.53 14.87 60.0 27.8 29.61 0.0 35.13 50.16 38.12 26.02 46.62 13.15 38.28 29.15 26.57 9.49 17.26 42.44 54.64 4.12 63.51 11.4 38.28 15.81 2.24 43.05 54.78 42.54 47.51 13.04 50.6 19.24 15.62 23.32 50.0 18.38 
58.82 18.25 67.01 39.66 49.73 35.36 51.09 33.94 62.01 48.26 45.22 29.61 9.0 51.08 28.64 21.1 51.01 30.81 52.01 35.13 0.0 65.8 3.0 9.85 30.15 22.56 37.7 49.68 15.62 34.18 37.74 27.0 48.17 36.67 56.0 24.0 24.19 20.1 34.37 42.06 56.04 42.38 39.2 31.3 54.42 43.91 29.15 32.53 63.51 34.41 
7.07 54.23 2.0 31.58 26.48 47.54 20.0 32.65 4.12 34.37 27.07 48.05 58.8 19.92 38.18 57.87 40.05 35.0 21.1 50.16 65.8 0.0 67.62 57.45 47.89 50.92 30.81 21.02 50.22 41.59 33.73 46.87 35.36 46.1 39.12 55.08 46.23 58.19 48.26 29.07 24.02 28.18 37.7 40.52 20.1 31.02 40.5 34.0 4.0 34.79 
60.61 21.21 68.88 42.19 50.6 35.06 53.41 36.12 63.89 48.66 47.71 32.56 9.49 52.33 30.02 24.08 51.04 32.65 54.41 38.12 3.0 67.62 0.0 12.65 30.0 25.5 38.91 52.01 17.69 37.0 40.31 27.17 48.51 39.62 56.08 27.0 24.74 23.09 37.34 43.08 56.92 43.46 39.62 34.01 55.54 46.53 31.76 34.71 65.22 36.89 
50.61 9.06 58.52 30.0 44.18 34.01 41.73 25.0 53.54 44.18 35.61 20.1 10.3 44.38 22.2 13.42 48.05 22.85 42.52 26.02 9.85 57.45 12.65 0.0 28.64 13.04 31.4 40.31 8.06 24.35 28.02 24.7 44.28 27.17 52.77 15.52 20.88 12.53 25.02 36.22 50.36 36.35 35.36 21.47 48.05 34.13 19.42 23.6 55.47 24.84 
41.15 34.21 49.65 36.88 24.08 5.39 42.11 27.66 45.19 19.7 40.2 40.0 21.21 28.6 15.52 40.0 21.1 21.59 44.05 46.62 30.15 47.89 30.0 28.64 0.0 35.36 17.72 41.05 22.2 39.36 36.4 4.24 19.31 45.28 26.17 40.36 8.49 39.41 44.65 18.87 30.0 19.72 11.4 34.89 30.41 41.77 31.76 26.93 44.42 32.57 
44.64 4.47 51.62 20.25 43.93 40.36 32.76 19.1 46.82 46.24 25.81 7.07 22.36 42.05 23.26 7.07 51.43 20.4 33.02 13.15 22.56 50.92 25.5 13.04 35.36 0.0 31.05 31.38 13.89 12.21 18.03 31.11 46.62 14.14 55.54 5.39 26.87 7.28 12.0 36.14 49.5 35.9 38.47 10.82 46.1 23.35 10.44 18.03 49.73 16.16 
23.85 32.25 32.45 23.02 13.04 19.0 25.08 14.87 27.78 15.81 24.7 32.65 29.53 13.42 9.22 37.66 21.93 10.77 27.17 38.28 37.7 30.81 38.91 31.4 17.72 31.05 0.0 24.19 23.35 29.21 23.43 16.12 16.4 35.61 25.24 36.4 15.56 37.48 36.06 5.1 19.03 5.0 10.77 25.24 16.76 27.29 22.83 15.0 27.66 20.52 
16.49 35.23 21.21 11.18 29.68 43.1 1.41 16.12 17.0 36.67 6.08 27.51 44.42 23.43 26.68 38.01 43.38 21.19 3.0 29.15 49.68 21.02 52.01 40.31 41.05 31.38 24.19 0.0 34.41 20.88 13.42 38.33 37.58 25.08 44.94 34.93 35.9 38.47 27.29 26.25 31.83 25.3 34.71 20.59 26.87 10.0 21.4 17.49 21.21 15.62 
43.27 12.04 51.4 25.08 36.12 27.46 35.81 18.44 46.4 36.35 30.41 19.92 10.44 36.4 14.14 17.8 40.52 15.26 36.89 26.57 15.62 50.22 17.69 8.06 22.2 13.89 23.35 34.41 0.0 22.0 23.41 18.03 36.5 26.48 45.12 18.44 13.89 17.2 25.0 28.16 42.3 28.28 27.66 18.11 40.02 29.73 15.3 17.03 48.02 19.7 
36.06 16.64 41.98 10.05 40.71 43.57 22.14 14.42 37.48 45.0 14.87 6.71 32.14 37.0 24.41 17.8 51.09 19.1 21.93 9.49 34.18 41.59 37.0 24.35 39.36 12.21 29.21 20.88 22.0 0.0 8.0 35.34 45.61 6.4 54.41 14.42 31.38 18.44 7.28 33.84 45.31 33.29 38.9 4.47 41.11 11.66 7.62 14.21 41.11 8.94 
28.07 22.02 34.21 2.24 33.84 39.92 14.76 8.94 29.61 38.9 7.81 14.32 33.84 29.55 20.88 24.6 45.28 14.87 15.0 17.26 37.74 33.73 40.31 28.02 36.4 18.03 23.43 13.42 23.41 8.0 0.0 32.76 39.6 13.6 48.17 21.54 29.27 25.06 15.13 27.59 38.01 26.91 33.84 7.21 33.62 6.32 8.6 9.49 33.14 4.0 
39.96 30.0 48.55 33.38 24.7 9.43 39.46 24.19 43.91 21.59 37.01 35.81 18.0 28.28 12.04 35.81 24.02 18.11 41.3 42.44 27.0 46.87 27.17 24.7 4.24 31.11 16.12 38.33 18.03 35.34 32.76 0.0 21.38 41.18 29.0 36.12 4.24 35.23 40.5 18.38 30.89 19.1 12.65 30.87 30.61 38.33 27.73 23.35 43.6 28.86 
30.0 47.13 37.34 38.95 9.0 15.81 38.08 31.24 34.01 1.0 39.66 48.88 39.2 16.03 23.41 52.81 5.83 26.93 40.31 54.64 48.17 35.36 48.51 44.28 19.31 46.62 16.4 37.58 36.5 45.61 39.6 21.38 0.0 52.01 8.94 52.0 24.02 52.5 52.43 12.04 12.53 12.81 9.0 41.62 15.3 42.8 39.12 31.4 31.4 36.88 
41.05 18.44 46.27 15.3 47.01 49.65 26.17 20.81 42.05 51.4 19.03 7.07 36.06 43.08 30.61 17.49 57.49 25.46 25.5 4.12 36.67 46.1 39.62 27.17 45.28 14.14 35.61 25.08 26.48 6.4 13.6 41.18 52.01 0.0 60.8 13.89 37.12 18.36 2.83 40.22 51.48 39.66 45.25 10.63 47.17 15.13 13.6 20.62 46.01 15.26 
34.93 55.97 41.11 47.38 15.26 21.59 45.28 40.0 38.64 9.43 47.63 57.8 47.0 21.93 32.31 61.68 5.1 35.85 47.51 63.51 56.0 39.12 56.08 52.77 26.17 55.54 25.24 44.94 45.12 54.41 48.17 29.0 8.94 60.8 0.0 60.93 32.14 61.35 61.29 20.62 15.13 21.26 17.46 50.48 19.65 50.99 48.02 40.22 35.13 45.61 
49.03 6.71 55.66 23.77 49.24 45.45 36.25 24.0 50.96 51.62 29.07 7.81 25.63 47.17 28.64 3.61 56.8 25.71 36.24 11.4 24.0 55.08 27.0 15.52 40.36 5.39 36.4 34.93 18.44 14.42 21.54 36.12 52.0 13.89 60.93 0.0 31.89 4.47 11.18 41.48 54.74 41.23 43.83 14.56 51.24 26.08 15.03 23.02 54.13 20.4 
39.2 25.81 47.8 30.07 26.0 13.6 37.11 21.0 43.01 24.08 34.06 31.62 15.3 28.6 9.22 31.62 27.29 15.03 38.83 38.28 24.19 46.23 24.74 20.88 8.49 26.87 15.56 35.9 13.89 31.38 29.27 4.24 24.02 37.12 32.14 31.89 0.0 31.06 36.36 18.87 32.31 19.42 15.03 26.93 31.38 35.06 23.77 20.02 43.19 25.32 
51.92 5.39 58.87 27.29 50.49 44.65 39.82 26.31 54.08 52.2 32.76 12.04 22.83 49.0 29.12 1.0 57.01 27.07 39.96 15.81 20.1 58.19 23.09 12.53 39.41 7.28 37.48 38.47 17.2 18.44 25.06 35.23 52.5 18.36 61.35 4.47 31.06 0.0 15.65 42.58 56.22 42.43 44.01 17.89 53.01 30.0 17.72 25.18 57.01 23.41 
43.0 16.12 48.51 17.03 47.85 49.2 28.44 21.47 44.18 51.87 21.21 5.1 34.23 44.27 30.41 14.76 57.8 25.61 27.89 2.24 34.37 48.26 37.34 25.02 44.65 12.0 36.06 27.29 25.0 7.28 15.13 40.5 52.43 2.83 61.29 11.18 36.36 15.65 0.0 40.82 52.55 40.31 45.34 10.82 48.38 17.46 13.45 21.1 48.01 16.16 
22.47 37.34 30.87 26.91 8.0 18.68 26.93 19.42 26.57 11.31 27.78 37.58 33.62 9.9 14.04 42.76 17.8 15.81 29.12 43.05 42.06 29.07 43.08 36.22 18.87 36.14 5.1 26.25 28.16 33.84 27.59 18.38 12.04 40.22 20.62 41.48 18.87 42.58 40.82 0.0 14.14 1.0 9.06 30.02 12.53 30.81 27.73 19.72 25.55 25.0 
19.92 51.09 26.02 36.72 6.32 27.59 31.89 31.32 23.54 11.66 35.61 50.0 47.43 8.6 28.16 56.32 16.28 29.15 34.06 54.78 56.04 24.02 56.92 50.36 30.0 49.5 19.03 31.83 42.3 45.31 38.01 30.89 12.53 51.48 15.13 54.74 32.31 56.22 52.55 14.14 0.0 14.04 18.6 42.06 5.0 39.41 40.26 32.02 20.02 36.4 
21.54 37.22 29.97 26.17 8.06 19.65 25.96 18.87 25.63 12.04 26.93 37.16 34.01 9.22 14.14 42.58 18.6 15.52 28.16 42.54 42.38 28.18 43.46 36.35 19.72 35.9 5.0 25.3 28.28 33.29 26.91 19.1 12.81 39.66 21.26 41.23 19.42 42.43 40.31 1.0 14.04 0.0 10.05 29.53 12.08 30.0 27.31 19.24 24.7 24.41 
31.32 38.63 39.56 33.62 12.73 9.85 35.51 25.0 35.44 9.06 35.47 41.4 30.27 17.89 15.26 44.38 13.0 19.8 37.66 47.51 39.2 37.7 39.62 35.36 11.4 38.47 10.77 34.71 27.66 38.9 33.84 12.65 9.0 45.25 17.46 43.83 15.03 44.01 45.34 9.06 18.6 10.05 0.0 34.66 19.21 38.01 31.89 24.84 34.01 30.61 
34.53 14.87 41.11 9.43 37.16 39.12 21.95 10.77 36.4 41.05 15.0 8.06 28.44 33.96 20.0 17.46 47.01 14.87 22.2 13.04 31.3 40.52 34.01 21.47 34.89 10.82 25.24 20.59 18.11 4.47 7.21 30.87 41.62 10.63 50.48 14.56 26.93 17.89 10.82 30.02 42.06 29.53 34.66 0.0 38.08 12.81 3.16 10.3 39.62 6.0 
15.3 48.01 22.09 32.2 6.71 28.84 26.91 27.46 19.1 14.32 30.81 46.1 46.1 4.12 25.96 53.04 20.0 26.02 29.07 50.6 54.42 20.1 55.54 48.05 30.41 46.1 16.76 26.87 40.02 41.11 33.62 30.61 15.3 47.17 19.65 51.24 31.38 53.01 48.38 12.53 5.0 12.08 19.21 38.08 0.0 34.67 36.5 28.28 16.12 32.28 
26.31 27.59 31.14 5.0 36.07 44.92 11.05 14.14 27.0 42.01 4.12 18.36 40.16 30.81 26.31 29.41 48.6 20.22 10.44 19.24 43.91 31.02 46.53 34.13 41.77 23.35 27.29 10.0 29.73 11.66 6.32 38.33 42.8 15.13 50.99 26.08 35.06 30.0 17.46 30.81 39.41 30.0 38.01 12.81 34.67 0.0 14.76 15.03 31.14 10.2 
34.21 13.89 41.23 10.63 35.11 36.06 22.8 9.06 36.4 38.59 16.28 9.85 25.71 32.39 17.03 17.46 44.41 12.21 23.35 15.62 29.15 40.5 31.76 19.42 31.76 10.44 22.83 21.4 15.3 7.62 8.6 27.73 39.12 13.6 48.02 15.03 23.77 17.72 13.45 27.73 40.26 27.31 31.89 3.16 36.5 14.76 0.0 8.25 39.29 5.83 
27.31 20.62 34.99 10.05 26.93 30.46 18.87 1.41 30.02 30.81 14.32 18.03 26.93 24.19 11.4 25.08 36.88 5.39 20.12 23.32 32.53 34.0 34.71 23.6 26.93 18.03 15.0 17.49 17.03 14.21 9.49 23.35 31.4 20.62 40.22 23.02 20.02 25.18 21.1 19.72 32.02 19.24 24.84 10.3 28.28 15.03 8.25 0.0 32.31 5.83 
5.1 52.81 6.0 31.06 22.56 43.86 20.4 31.02 5.0 30.41 27.07 47.38 56.22 16.16 35.47 56.75 36.06 32.76 21.84 50.0 63.51 4.0 65.22 55.47 44.42 49.73 27.66 21.21 48.02 41.11 33.14 43.6 31.4 46.01 35.13 54.13 43.19 57.01 48.01 25.55 20.02 24.7 34.01 39.62 16.12 31.14 39.29 32.31 0.0 33.73 
28.64 19.72 35.47 5.39 31.76 36.25 17.03 5.66 30.68 36.24 10.82 14.04 30.08 28.16 17.09 23.09 42.45 11.18 17.69 18.38 34.41 34.79 36.89 24.84 32.57 16.16 20.52 15.62 19.7 8.94 4.0 28.86 36.88 15.26 45.61 20.4 25.32 23.41 16.16 25.0 36.4 24.41 30.61 6.0 32.28 10.2 5.83 5.83 33.73 0.0 
