100
0.0 8.54 43.38 25.0 14.56 19.03 14.32 36.01 16.12 22.67 26.87 50.7 23.41 25.61 49.5 34.01 46.04 12.04 25.5 9.85 22.2 8.54 34.23 48.26 51.04 11.4 38.0 30.15 20.81 12.53 32.56 25.5 33.24 30.23 18.0 38.9 26.31 28.16 34.53 7.81 45.22 49.01 41.11 30.27 21.02 8.54 19.24 39.85 38.01 29.83 26.02 19.24 30.61 12.81 36.06 15.52 29.61 13.45 25.18 7.0 16.03 36.14 13.89 29.27 5.66 37.01 24.52 35.85 11.05 35.47 15.23 32.57 38.08 55.08 16.55 11.18 19.24 41.44 38.01 51.48 38.47 13.34 28.6 13.6 44.05 36.06 37.58 52.95 48.17 3.61 17.0 39.4 32.31 41.0 26.25 2.0 13.45 44.64 44.15 22.8 
8.54 0.0 34.89 33.14 23.09 11.18 21.26 28.07 19.42 26.93 19.42 57.28 31.95 17.69 57.87 40.52 54.23 20.4 33.96 18.38 15.81 12.08 26.93 56.04 59.21 16.16 46.1 38.47 29.15 16.12 41.0 18.79 24.74 22.02 26.17 32.65 34.01 21.95 42.95 9.49 52.17 57.04 49.0 38.01 16.03 7.07 16.76 33.54 29.53 34.89 34.06 27.0 35.78 18.68 28.44 12.65 21.21 13.04 33.0 12.81 8.94 29.55 9.06 22.14 4.12 29.27 16.12 27.31 10.63 44.01 17.8 24.04 44.01 62.17 19.21 10.0 10.82 49.09 44.27 59.84 46.87 5.0 20.52 22.14 52.01 27.51 29.07 61.39 56.44 5.1 8.6 45.88 26.63 49.09 18.44 8.06 18.38 53.16 51.48 14.32 
43.38 34.89 0.0 66.76 57.78 26.91 55.22 18.25 47.27 54.04 20.0 86.0 66.71 19.24 91.76 70.18 87.56 54.78 68.35 53.23 26.02 43.42 23.54 88.12 92.42 47.07 79.31 72.42 64.01 45.71 75.27 27.78 12.21 14.14 60.08 31.06 66.71 29.55 77.16 42.2 82.15 89.82 81.58 70.61 30.0 37.64 36.0 31.02 5.39 62.0 67.45 60.17 63.0 50.22 21.21 35.23 16.4 41.73 65.97 46.87 30.48 28.28 32.76 25.08 38.08 20.1 20.52 7.81 38.83 78.79 45.28 12.04 72.0 92.09 46.17 37.85 24.17 81.05 73.03 93.68 80.96 30.53 16.12 56.86 84.72 8.6 5.83 95.51 89.99 39.81 26.4 75.06 32.28 82.23 19.1 42.54 48.84 87.66 82.49 21.4 
25.0 33.14 66.76 0.0 11.7 44.01 23.02 61.01 22.02 19.72 47.93 29.07 8.54 47.76 25.0 15.23 21.1 13.04 5.0 16.49 42.05 23.41 59.14 23.54 26.08 20.12 13.0 5.83 14.42 21.95 9.22 50.25 57.71 52.81 7.0 63.15 4.12 52.61 10.82 30.59 22.8 24.02 16.28 6.4 38.95 29.12 33.84 64.13 61.4 19.1 1.41 6.71 19.03 17.0 61.03 32.65 54.33 35.44 3.0 25.96 41.01 60.67 34.18 54.15 29.27 62.01 49.25 59.67 28.23 15.26 23.6 56.89 20.62 31.76 23.43 29.15 42.95 17.09 19.24 26.93 14.32 38.12 50.92 12.65 19.1 60.21 61.13 28.79 23.35 28.07 40.79 19.42 56.29 16.0 48.1 25.08 18.87 21.63 20.59 47.38 
14.56 23.09 57.78 11.7 0.0 33.38 12.04 50.25 18.97 21.02 40.22 40.22 8.94 39.45 35.13 24.76 32.06 3.61 11.05 5.0 34.83 16.28 48.0 35.17 37.05 14.76 24.33 16.03 8.54 17.0 18.11 39.01 47.8 44.29 5.66 51.62 14.42 41.19 20.1 19.1 34.13 35.36 27.89 17.89 32.53 20.81 28.6 52.61 52.39 24.7 13.0 8.6 25.08 12.65 50.04 26.17 44.15 23.77 13.04 14.32 30.15 49.25 26.4 43.0 19.7 51.09 39.05 50.33 21.21 21.02 19.7 47.13 29.83 43.38 20.25 21.93 33.62 28.79 29.0 37.12 24.08 27.89 42.54 1.0 30.59 50.6 52.0 38.47 34.0 18.03 31.38 29.73 44.72 27.29 39.96 15.23 14.87 30.08 32.2 37.36 
19.03 11.18 26.91 44.01 33.38 0.0 28.65 17.0 29.97 37.58 18.0 68.41 41.98 15.03 68.47 51.66 65.07 31.06 44.41 28.44 18.03 23.09 15.81 67.12 70.06 27.2 57.01 49.16 38.28 26.93 51.48 8.49 15.26 17.09 37.01 22.2 45.1 12.04 53.46 15.65 63.35 68.0 60.03 49.09 20.59 17.46 24.08 23.02 21.93 45.69 45.0 38.05 46.62 29.83 17.26 20.52 11.18 14.87 44.05 20.62 3.61 18.87 16.28 11.18 15.3 18.11 6.4 19.1 20.59 53.85 28.18 15.0 55.03 73.35 29.53 19.72 8.25 60.21 55.36 70.46 57.43 6.32 16.49 32.39 63.01 18.6 21.21 71.85 67.19 16.03 8.06 57.01 17.03 60.01 16.03 19.03 29.41 63.35 62.65 5.83 
14.32 21.26 55.22 23.02 12.04 28.65 0.0 44.27 27.07 31.32 40.61 52.01 16.76 38.95 43.42 36.8 41.48 13.42 20.62 9.49 36.36 21.21 41.0 45.69 46.32 22.02 34.54 26.0 11.05 24.0 26.93 32.02 43.91 43.14 17.69 43.01 26.25 33.38 28.86 13.04 45.8 45.22 38.48 29.41 35.34 22.85 33.24 44.01 50.0 36.24 24.41 20.62 36.72 21.38 43.42 29.73 39.82 15.3 24.84 8.49 25.06 41.19 28.18 36.14 19.72 44.64 34.99 47.43 25.0 27.0 27.0 43.57 41.87 54.71 28.02 25.3 31.83 39.82 41.04 45.4 32.76 24.84 41.73 11.4 40.85 47.17 49.41 46.1 42.95 17.49 29.7 41.73 36.01 37.34 39.7 16.16 23.19 37.01 43.57 33.84 
36.01 28.07 18.25 61.01 50.25 17.0 44.27 0.0 45.88 53.45 24.76 84.93 58.69 21.93 85.38 68.25 82.05 48.04 61.29 45.28 28.6 39.62 5.39 84.1 87.05 43.74 74.01 66.12 54.57 43.17 68.36 12.53 8.94 19.42 54.01 13.04 62.07 12.73 70.35 31.78 80.06 85.0 77.03 66.07 32.45 33.73 37.59 13.15 16.12 61.68 62.0 55.04 62.64 46.53 3.0 34.93 8.6 29.15 61.03 36.88 20.1 10.05 31.02 8.6 32.14 2.24 12.65 13.34 36.4 70.41 43.97 10.3 71.31 90.09 45.22 35.44 20.62 77.16 71.81 87.37 74.33 23.09 20.62 49.25 80.01 11.18 15.13 88.68 84.15 33.02 22.14 73.55 14.32 77.01 22.63 36.01 45.89 80.06 79.51 14.87 
16.12 19.42 47.27 22.02 18.97 29.97 27.07 45.88 0.0 7.62 27.46 39.32 26.08 28.07 46.07 23.0 41.23 15.52 25.5 18.03 21.38 7.81 45.69 41.0 45.88 5.1 33.11 27.8 27.51 3.61 31.24 38.08 40.31 33.14 17.2 51.97 20.59 41.34 32.8 23.85 35.0 43.01 34.79 24.17 17.72 12.53 12.08 52.84 42.11 15.81 22.2 15.56 16.76 6.32 46.82 12.04 37.85 29.41 20.25 22.47 28.3 48.76 15.13 41.15 15.62 47.43 33.24 41.0 9.49 36.8 2.0 39.2 25.5 45.01 1.41 10.44 25.5 33.96 26.17 47.85 36.06 23.71 31.14 18.68 37.95 42.05 42.05 50.12 43.86 16.28 23.77 28.07 46.04 35.85 28.16 14.42 4.12 43.6 35.23 31.05 
22.67 26.93 54.04 19.72 21.02 37.58 31.32 53.45 7.62 0.0 34.06 32.06 25.96 35.01 41.62 16.28 36.36 18.25 24.17 21.84 28.02 15.0 53.31 35.11 40.71 11.31 28.6 25.0 29.07 10.82 28.6 45.65 47.68 40.0 17.26 59.54 17.03 48.88 29.83 30.48 28.16 37.58 29.53 19.85 24.08 20.12 18.11 60.42 49.0 8.25 19.42 14.56 9.22 10.3 54.42 19.1 45.35 36.12 17.2 28.3 35.85 56.36 22.56 48.75 23.02 55.03 40.8 48.09 17.09 34.99 9.49 46.53 18.11 38.05 8.25 18.03 32.98 28.23 19.0 43.27 32.53 31.3 38.0 21.1 32.65 49.25 49.01 45.8 39.12 23.43 31.32 21.02 53.54 31.06 35.0 21.21 9.22 40.31 28.86 38.6 
26.87 19.42 20.0 47.93 40.22 18.0 40.61 24.76 27.46 34.06 0.0 66.0 49.09 3.16 72.8 50.25 68.31 36.89 50.12 36.24 6.08 24.6 27.46 68.45 73.08 27.86 60.08 53.71 47.51 26.25 56.8 24.74 16.4 6.32 41.59 35.85 47.43 28.16 58.6 28.65 62.2 70.34 62.1 51.24 10.0 19.42 16.0 36.36 15.13 42.0 48.47 41.23 43.0 31.02 27.02 15.52 16.4 30.68 46.82 32.2 20.22 32.25 13.89 25.08 21.21 26.91 14.87 14.87 19.7 61.06 25.5 15.0 52.0 72.11 26.31 18.79 10.2 61.39 53.04 74.67 62.24 17.09 4.47 39.41 65.25 16.55 15.3 76.69 70.84 23.35 11.7 55.08 32.89 62.94 2.24 25.5 29.41 69.32 62.65 13.34 
50.7 57.28 86.0 29.07 40.22 68.41 52.01 84.93 39.32 32.06 66.0 0.0 36.8 67.07 26.08 16.76 21.02 40.31 32.56 44.42 60.01 45.35 84.2 14.04 21.38 41.23 21.02 27.8 43.14 41.77 29.15 75.89 79.63 72.03 34.67 89.54 25.81 78.77 28.18 57.7 6.4 18.11 17.09 22.67 56.0 51.2 50.0 90.48 81.02 24.0 27.66 32.25 23.0 38.6 85.62 51.16 77.1 63.06 27.2 53.71 66.1 86.65 54.45 79.4 53.16 86.35 72.37 80.16 48.66 34.93 41.3 78.52 14.0 7.21 40.2 49.65 64.78 14.32 13.15 26.31 26.57 62.1 70.03 41.05 17.26 81.3 81.06 29.43 23.02 52.81 62.97 11.4 83.01 19.92 67.03 49.98 39.05 31.26 9.85 70.21 
23.41 31.95 66.71 8.54 8.94 41.98 16.76 58.69 26.08 25.96 49.09 36.8 0.0 48.37 27.02 23.77 24.74 12.21 4.24 13.6 43.6 24.84 56.14 29.07 29.61 22.67 17.89 9.43 6.4 24.84 10.2 47.1 56.61 53.24 8.94 59.14 12.65 49.0 12.17 27.07 30.41 28.46 21.95 14.42 41.11 29.68 36.8 60.13 61.33 27.02 9.85 11.4 27.07 20.0 58.31 34.71 52.89 31.06 11.4 22.02 38.64 57.01 35.23 51.16 28.64 59.41 47.8 59.24 29.83 12.08 27.2 55.97 29.15 38.6 27.46 30.61 42.54 23.6 27.73 29.02 16.12 36.69 51.48 9.85 24.17 59.46 60.93 30.07 26.31 26.93 40.31 27.78 52.15 20.62 48.88 24.17 22.2 21.38 27.66 46.17 
25.61 17.69 19.24 47.76 39.45 15.03 38.95 21.93 28.07 35.01 3.16 67.07 48.37 0.0 72.73 51.04 68.41 36.24 49.66 35.23 7.28 24.35 24.41 68.88 73.25 27.89 60.17 53.49 46.4 26.48 56.46 21.59 13.89 5.1 41.23 32.76 47.54 25.0 58.31 26.63 63.03 70.61 62.37 51.42 11.4 18.79 17.26 33.29 14.04 43.1 48.38 41.11 44.1 31.05 24.08 16.03 13.45 28.23 46.84 30.48 17.46 29.15 13.6 21.93 20.0 24.04 11.7 13.15 19.65 60.42 26.08 12.53 53.08 73.01 27.02 18.68 7.62 61.81 54.01 74.63 62.03 14.76 3.16 38.59 65.51 14.56 14.0 76.55 70.88 22.02 9.43 56.0 29.73 63.06 1.0 24.41 29.61 68.94 63.29 10.2 
49.5 57.87 91.76 25.0 35.13 68.47 43.42 85.38 46.07 41.62 72.8 26.08 27.02 72.73 0.0 27.66 5.83 37.48 24.08 40.11 66.85 48.38 83.05 12.04 5.39 44.94 13.04 19.42 32.39 46.62 17.03 74.03 82.57 77.79 31.78 86.15 25.5 76.01 15.03 54.01 21.84 8.0 12.81 21.95 63.56 54.12 58.14 87.14 86.4 36.77 24.35 31.62 36.07 41.79 85.15 57.38 79.08 58.08 26.0 49.0 65.28 84.02 59.14 78.06 54.13 86.21 73.98 84.65 53.14 17.09 47.85 81.79 30.53 22.36 47.41 54.08 67.91 15.26 28.3 2.0 11.05 62.8 75.89 36.12 10.3 85.15 86.13 4.24 3.16 52.77 65.73 26.42 79.16 10.63 73.05 49.82 43.46 7.81 18.03 72.18 
34.01 40.52 70.18 15.23 24.76 51.66 36.8 68.25 23.0 16.28 50.25 16.76 23.77 51.04 27.66 0.0 21.93 24.21 19.92 28.43 44.18 28.64 67.45 19.24 25.61 24.52 15.65 17.03 29.53 25.18 20.02 59.14 63.2 56.08 19.1 72.8 11.18 62.03 20.22 41.18 12.0 22.2 14.87 10.05 40.31 34.53 34.37 73.74 65.07 9.43 13.93 16.28 8.6 21.84 68.88 35.01 60.53 46.65 12.53 37.44 49.34 69.89 38.05 62.64 36.4 69.63 55.73 64.0 32.14 27.07 25.0 62.13 5.39 22.02 24.02 33.14 48.26 12.81 4.24 29.0 21.19 45.35 54.08 25.46 17.69 65.03 65.03 31.89 24.76 36.06 46.39 5.39 66.31 17.2 51.09 33.24 22.36 28.64 12.65 53.6 
46.04 54.23 87.56 21.1 32.06 65.07 41.48 82.05 41.23 36.36 68.31 21.02 24.74 68.41 5.83 21.93 0.0 34.01 21.21 37.05 62.3 44.15 80.02 7.28 5.0 40.52 8.25 16.03 30.68 42.06 14.56 71.06 78.77 73.5 28.07 83.6 20.88 73.25 12.65 51.16 16.28 4.24 7.07 17.09 58.87 50.01 53.31 84.59 82.23 31.14 20.22 27.46 30.41 37.36 82.0 52.81 75.43 55.58 21.59 46.27 62.01 81.3 54.82 75.03 50.36 83.01 70.35 80.6 48.76 17.03 43.08 77.93 24.7 18.38 42.54 49.73 63.95 9.43 22.47 7.07 8.94 59.21 71.57 33.06 4.47 81.22 82.0 10.0 2.83 49.16 61.81 20.59 76.66 5.39 68.68 46.17 38.9 10.44 12.37 68.47 
12.04 20.4 54.78 13.04 3.61 31.06 13.42 48.04 15.52 18.25 36.89 40.31 12.21 36.24 37.48 24.21 34.01 0.0 13.6 4.24 31.4 12.73 46.1 36.5 39.01 11.18 26.02 18.11 12.08 13.42 20.62 37.22 45.12 41.15 6.08 50.22 14.87 39.62 22.56 17.72 34.44 37.05 29.27 18.68 29.0 17.49 25.0 51.2 49.4 22.83 14.14 8.06 23.32 9.22 48.01 22.63 41.59 22.85 13.6 13.42 28.0 47.68 23.02 41.11 16.76 49.0 36.5 47.43 17.69 24.19 16.16 44.38 29.0 44.01 16.76 18.44 30.68 29.83 28.43 39.46 26.48 25.32 39.36 3.16 32.14 47.8 49.04 41.0 36.12 15.3 28.46 29.41 43.42 29.02 36.72 12.37 11.4 32.89 32.89 34.71 
25.5 33.96 68.35 5.0 11.05 44.41 20.62 61.29 25.5 24.17 50.12 32.56 4.24 49.66 24.08 19.92 21.21 13.6 0.0 16.03 44.42 25.55 59.01 25.08 26.17 22.8 13.93 5.39 10.63 24.84 7.07 50.0 58.69 54.63 8.6 62.39 9.06 52.09 9.06 30.02 26.17 24.74 17.89 10.3 41.62 30.87 36.88 63.39 62.97 24.08 6.08 10.0 24.02 19.85 61.07 35.23 55.11 34.37 8.0 25.08 41.19 60.13 36.24 54.01 30.36 62.13 50.01 61.03 30.53 11.31 26.87 57.97 25.3 34.41 26.91 31.38 44.27 19.42 23.77 26.08 13.04 38.83 52.8 12.04 20.25 61.4 62.63 27.46 23.02 28.86 42.06 23.71 55.44 16.76 50.09 25.96 21.93 19.31 23.43 48.27 
9.85 18.38 53.23 16.49 5.0 28.44 9.49 45.28 18.03 21.84 36.24 44.42 13.6 35.23 40.11 28.43 37.05 4.24 16.03 0.0 31.11 13.42 43.0 40.02 42.05 13.15 29.27 21.02 11.31 15.3 23.09 34.01 43.01 39.96 9.85 46.69 18.79 36.22 25.08 14.14 38.47 40.31 32.76 22.47 29.21 16.97 25.94 47.68 47.85 26.93 17.72 12.21 27.46 12.04 45.04 23.02 39.29 18.97 17.46 9.49 25.18 44.28 22.63 38.0 15.26 46.1 34.21 45.69 18.03 25.63 18.25 42.38 33.24 47.93 19.1 18.6 29.07 33.53 32.65 42.11 29.07 23.09 38.28 4.0 35.51 45.88 47.42 43.42 39.0 13.42 26.83 33.6 39.81 32.25 35.81 10.82 14.0 34.93 36.77 32.57 
22.2 15.81 26.02 42.05 34.83 18.03 36.36 28.6 21.38 28.02 6.08 60.01 43.6 7.28 66.85 44.18 62.3 31.4 44.42 31.11 0.0 18.87 30.41 62.37 67.05 21.93 54.08 47.85 42.43 20.25 51.0 25.94 21.02 12.04 35.85 38.42 41.44 29.53 52.77 25.3 56.14 64.29 56.04 45.22 4.12 14.14 10.05 39.05 21.02 36.01 42.54 35.34 37.01 25.08 30.48 9.49 20.0 28.28 40.85 28.18 19.24 34.83 8.49 27.2 16.64 30.61 17.03 20.4 13.89 55.47 19.42 19.7 46.01 66.07 20.22 13.04 9.85 55.32 47.01 68.71 56.36 15.0 10.05 34.06 59.2 21.84 21.1 70.77 64.85 18.87 10.2 49.04 34.48 56.92 7.07 20.62 23.41 63.53 56.57 15.0 
8.54 12.08 43.42 23.41 16.28 23.09 21.21 39.62 7.81 15.0 24.6 45.35 24.84 24.35 48.38 28.64 44.15 12.73 25.55 13.42 18.87 0.0 38.9 45.1 49.03 4.12 35.9 29.15 24.41 4.24 32.2 30.87 35.01 29.41 17.0 44.72 23.35 34.0 34.01 16.12 40.45 46.53 38.33 27.29 16.28 6.0 12.53 45.62 38.08 22.83 24.04 16.76 23.71 7.0 40.26 9.9 32.06 21.63 22.56 15.3 21.02 41.63 10.77 34.18 8.06 41.0 27.17 36.5 5.0 36.62 6.71 34.06 31.95 50.49 8.06 5.83 20.02 38.05 32.28 50.29 37.7 16.76 27.51 15.62 41.44 37.22 37.85 52.2 46.57 8.49 18.0 33.96 38.59 38.83 24.7 6.71 6.32 44.72 40.05 25.08 
34.23 26.93 23.54 59.14 48.0 15.81 41.0 5.39 45.69 53.31 27.46 84.2 56.14 24.41 83.05 67.45 80.02 46.1 59.01 43.0 30.41 38.9 0.0 82.49 85.02 43.01 72.11 64.01 51.62 42.72 66.03 9.06 13.15 22.85 52.15 8.54 60.53 8.06 68.03 29.07 79.08 83.15 75.33 64.5 33.97 33.24 38.6 8.94 21.0 61.47 60.21 53.46 62.39 45.61 2.83 35.51 11.18 25.71 59.41 34.13 18.25 5.1 31.38 5.0 31.05 4.24 13.45 18.03 36.25 67.6 43.86 14.32 70.84 89.05 45.19 35.34 21.4 75.66 71.17 85.05 72.03 22.14 23.71 47.0 78.23 16.0 20.0 86.21 82.0 31.58 22.47 72.8 8.94 75.11 25.24 34.53 45.22 77.41 78.26 15.62 
48.26 56.04 88.12 23.54 35.17 67.12 45.69 84.1 41.0 35.11 68.45 14.04 29.07 68.88 12.04 19.24 7.28 36.5 25.08 40.02 62.37 45.1 82.49 0.0 7.62 41.19 11.18 19.7 35.36 42.43 19.42 73.68 80.1 73.98 30.41 86.68 22.02 76.12 17.8 54.13 10.3 4.12 7.28 18.03 58.69 51.09 52.89 87.66 82.87 28.65 22.36 29.07 27.78 38.12 84.29 52.95 77.01 58.94 23.09 49.48 64.28 84.17 55.44 77.52 52.01 85.21 72.0 81.5 49.37 23.43 42.95 79.16 20.52 11.18 42.2 50.36 65.12 7.07 18.44 12.37 14.87 61.03 72.01 36.14 5.0 82.3 82.73 15.52 9.0 51.09 63.07 16.28 79.83 8.6 69.05 48.09 39.32 17.72 7.07 70.01 
51.04 59.21 92.42 26.08 37.05 70.06 46.32 87.05 45.88 40.71 73.08 21.38 29.61 73.25 5.39 25.61 5.0 39.01 26.17 42.05 67.05 49.03 85.02 7.62 0.0 45.35 13.15 21.02 35.44 46.84 19.42 76.06 83.73 78.34 33.06 88.57 25.71 78.23 17.46 56.14 17.89 3.61 11.18 21.84 63.57 54.92 57.94 89.56 87.1 35.0 25.18 32.39 34.21 42.2 87.0 57.57 80.4 60.53 26.48 51.24 67.01 86.28 59.67 80.02 55.33 88.01 75.33 85.51 53.6 21.1 47.76 82.87 27.66 17.12 47.17 54.57 68.88 12.81 25.5 5.0 13.6 64.2 76.4 38.05 8.06 86.15 86.88 8.06 3.61 54.15 66.75 23.43 81.61 10.2 73.5 51.16 43.68 12.81 14.42 73.44 
11.4 16.16 47.07 20.12 14.76 27.2 22.02 43.74 5.1 11.31 27.86 41.23 22.67 27.89 44.94 24.52 40.52 11.18 22.8 13.15 21.93 4.12 43.01 41.19 45.35 0.0 32.28 25.94 23.26 2.24 29.15 34.93 39.0 32.98 14.21 48.75 19.65 38.01 30.89 19.21 36.35 42.76 34.53 23.54 18.87 10.05 14.14 49.66 41.77 18.87 20.62 13.42 19.72 3.16 44.38 12.53 36.12 24.84 18.97 17.46 25.08 45.69 14.32 38.28 12.08 45.12 31.26 40.31 8.25 34.06 5.1 38.01 27.86 46.39 6.0 9.22 24.0 34.13 28.16 46.82 34.44 20.88 31.05 14.32 37.66 41.11 41.59 48.85 43.01 12.21 22.02 29.83 42.54 35.17 28.16 9.9 2.24 41.68 36.01 29.15 
38.0 46.1 79.31 13.0 24.33 57.01 34.54 74.01 33.11 28.6 60.08 21.02 17.89 60.17 13.04 15.65 8.25 26.02 13.93 29.27 54.08 35.9 72.11 11.18 13.15 32.28 0.0 8.54 24.19 33.84 8.49 63.2 70.58 65.25 20.0 75.95 12.65 65.49 7.21 43.42 14.87 11.05 4.24 8.94 50.7 41.77 45.19 76.94 73.98 24.21 12.04 19.24 23.6 29.12 74.03 44.6 67.27 48.05 13.34 38.64 54.01 73.55 46.57 67.12 42.19 75.01 62.2 72.37 40.52 13.93 34.93 69.72 19.65 21.21 34.44 41.48 55.73 6.71 17.46 14.76 6.0 51.09 63.32 25.32 6.32 72.99 73.76 17.2 10.77 41.05 53.6 16.12 69.05 3.0 60.44 38.05 30.68 13.0 11.18 60.3 
30.15 38.47 72.42 5.83 16.03 49.16 26.0 66.12 27.8 25.0 53.71 27.8 9.43 53.49 19.42 17.03 16.03 18.11 5.39 21.02 47.85 29.15 64.01 19.7 21.02 25.94 8.54 0.0 15.81 27.78 3.61 55.04 63.15 58.52 12.37 67.6 8.06 57.22 5.0 35.13 21.4 19.42 12.53 7.0 44.78 34.79 39.66 68.59 67.05 23.09 5.66 12.53 22.8 22.83 66.01 38.47 59.68 39.62 7.81 30.27 46.04 65.28 39.92 59.01 34.71 67.03 54.59 65.25 34.01 10.44 29.41 62.37 22.2 29.21 29.21 34.93 48.51 14.21 20.4 21.38 8.54 43.42 56.65 17.03 14.87 65.73 66.76 23.09 18.03 33.38 46.32 19.92 60.67 11.4 53.85 30.41 24.7 15.81 18.38 52.77 
20.81 29.15 64.01 14.42 8.54 38.28 11.05 54.57 27.51 29.07 47.51 43.14 6.4 46.4 32.39 29.53 30.68 12.08 10.63 11.31 42.43 24.41 51.62 35.36 35.44 23.26 24.19 15.81 0.0 25.5 16.16 42.58 53.31 51.04 12.04 54.0 18.36 44.18 18.03 22.8 36.77 34.54 28.3 20.62 40.46 28.28 36.89 55.0 58.67 31.58 15.81 15.13 31.78 21.19 53.94 34.21 49.4 26.08 17.0 17.72 34.79 52.09 33.94 46.69 26.4 55.11 44.38 56.36 29.21 16.03 28.23 52.8 34.89 45.0 28.79 29.83 39.96 30.0 33.62 34.37 21.84 33.54 49.41 8.94 30.41 56.36 58.18 35.06 32.02 24.41 37.74 33.84 47.0 26.83 47.01 22.02 23.41 26.0 34.06 42.95 
12.53 16.12 45.71 21.95 17.0 26.93 24.0 43.17 3.61 10.82 26.25 41.77 24.84 26.48 46.62 25.18 42.06 13.42 24.84 15.3 20.25 4.24 42.72 42.43 46.84 2.24 33.84 27.78 25.5 0.0 31.06 34.89 38.05 31.58 16.28 48.76 21.19 38.08 32.76 20.25 37.12 44.15 35.9 25.0 17.0 9.49 12.04 49.65 40.45 18.79 22.36 15.26 19.7 5.0 43.97 10.77 35.36 25.81 20.62 18.97 25.06 45.62 13.04 38.08 12.21 44.64 30.59 39.12 7.0 36.12 3.0 37.01 28.16 47.17 4.12 8.0 23.09 35.36 28.64 48.47 36.24 20.62 29.61 16.55 39.05 40.01 40.31 50.57 44.6 12.73 21.21 30.41 42.72 36.69 26.68 10.82 3.16 43.57 37.01 28.44 
32.56 41.0 75.27 9.22 18.11 51.48 26.93 68.36 31.24 28.6 56.8 29.15 10.2 56.46 17.03 20.02 14.56 20.62 7.07 23.09 51.0 32.2 66.03 19.42 19.42 29.15 8.49 3.61 16.16 31.06 0.0 57.01 65.73 61.47 15.23 69.26 11.66 59.03 2.0 37.0 22.83 18.38 12.73 10.2 48.02 37.7 43.01 70.26 69.89 26.57 9.22 15.81 26.25 26.08 68.12 41.68 62.17 41.19 11.4 32.02 48.26 67.07 42.95 61.03 37.36 69.18 57.07 68.01 37.12 7.07 32.8 65.0 25.02 29.7 32.65 38.01 51.24 15.0 23.09 19.03 6.0 45.89 59.62 19.1 14.42 68.41 69.57 20.4 16.12 35.9 49.04 22.36 62.29 10.82 56.86 32.98 28.02 12.53 19.42 55.32 
25.5 18.79 27.78 50.25 39.01 8.49 32.02 12.53 38.08 45.65 24.74 75.89 47.1 21.59 74.03 59.14 71.06 37.22 50.0 34.01 25.94 30.87 9.06 73.68 76.06 34.93 63.2 55.04 42.58 34.89 57.01 0.0 15.65 22.0 43.29 13.89 51.79 3.61 59.01 20.02 70.6 74.24 66.48 55.73 28.84 25.55 32.56 14.76 23.77 53.67 51.35 44.72 54.56 37.34 11.4 29.0 11.7 16.76 50.64 25.08 9.85 10.77 24.76 4.12 22.85 12.65 10.05 20.62 28.84 58.55 36.36 16.16 62.77 80.52 37.74 28.02 16.12 66.91 62.97 76.03 63.01 14.42 22.09 38.01 69.35 19.24 22.85 77.16 73.01 23.09 16.4 64.51 8.6 66.19 22.56 25.96 37.16 68.36 69.63 11.4 
33.24 24.74 12.21 57.71 47.8 15.26 43.91 8.94 40.31 47.68 16.4 79.63 56.61 13.89 82.57 63.2 78.77 45.12 58.69 43.01 21.02 35.01 13.15 80.1 83.73 39.0 70.58 63.15 53.31 38.05 65.73 15.65 0.0 10.63 50.8 21.59 58.22 17.72 67.68 30.89 75.17 81.39 73.25 62.2 25.08 29.02 30.68 21.84 8.25 55.9 58.55 51.35 56.89 42.01 11.7 28.64 4.24 29.83 57.31 35.78 18.87 18.25 25.18 13.34 28.44 11.18 8.94 5.1 31.06 68.62 38.33 1.41 65.76 85.21 39.46 30.07 15.0 73.06 66.48 84.53 71.59 19.92 12.04 46.84 76.32 3.61 7.28 86.12 81.05 29.83 17.03 68.36 21.1 73.55 14.42 32.76 41.01 77.88 75.01 10.44 
30.23 22.02 14.14 52.81 44.29 17.09 43.14 19.42 33.14 40.0 6.32 72.03 53.24 5.1 77.79 56.08 73.5 41.15 54.63 39.96 12.04 29.41 22.85 73.98 78.34 32.98 65.25 58.52 51.04 31.58 61.47 22.0 10.63 0.0 46.24 31.38 52.63 25.08 63.32 30.48 68.07 75.71 67.47 56.52 16.12 23.77 22.09 31.78 9.0 48.04 53.45 46.17 49.04 36.14 21.95 21.1 11.7 31.38 51.92 34.66 20.12 27.86 18.68 21.38 24.7 21.63 12.04 8.54 24.74 65.3 31.14 9.22 58.03 78.03 32.06 23.77 11.31 66.91 59.0 79.7 67.07 18.44 2.0 43.42 70.61 10.3 9.06 81.6 75.96 26.63 13.45 61.01 29.43 68.15 5.0 29.15 34.71 73.93 68.36 11.4 
18.0 26.17 60.08 7.0 5.66 37.01 17.69 54.01 17.2 17.26 41.59 34.67 8.94 41.23 31.78 19.1 28.07 6.08 8.6 9.85 35.85 17.0 52.15 30.41 33.06 14.21 20.0 12.37 12.04 16.28 15.23 43.29 50.8 46.24 0.0 56.29 8.94 45.71 17.09 23.77 28.65 31.02 23.19 12.65 33.02 22.47 28.32 57.27 54.71 19.65 8.06 3.16 19.92 11.31 54.04 26.63 47.38 28.79 7.62 19.31 34.01 53.76 27.73 47.17 22.36 55.01 42.3 52.89 21.95 19.85 18.44 50.01 24.21 38.08 18.6 22.83 36.14 23.77 23.35 33.73 20.88 31.14 44.38 6.4 26.08 53.37 54.41 35.44 30.27 21.1 33.96 24.08 49.48 23.0 41.63 18.11 13.45 27.73 26.93 40.45 
38.9 32.65 31.06 63.15 51.62 22.2 43.01 13.04 51.97 59.54 35.85 89.54 59.14 32.76 86.15 72.8 83.6 50.22 62.39 46.69 38.42 44.72 8.54 86.68 88.57 48.75 75.95 67.6 54.0 48.76 69.26 13.89 21.59 31.38 56.29 0.0 65.0 10.77 71.25 32.56 84.12 86.98 79.43 68.88 41.77 39.45 46.01 1.0 29.15 67.54 64.33 57.97 68.43 51.08 10.05 42.64 19.7 28.07 63.79 37.34 23.71 3.61 38.42 11.31 36.67 11.0 21.4 26.31 42.72 70.01 50.25 22.8 76.56 93.96 51.62 41.88 29.0 80.05 76.69 88.14 75.24 28.3 32.2 50.64 82.2 24.19 28.16 89.02 85.38 36.77 29.73 78.19 7.0 78.92 33.62 39.56 50.99 80.0 82.97 23.43 
26.31 34.01 66.71 4.12 14.42 45.1 26.25 62.07 20.59 17.03 47.43 25.81 12.65 47.54 25.5 11.18 20.88 14.87 9.06 18.79 41.44 23.35 60.53 22.02 25.71 19.65 12.65 8.06 18.36 21.19 11.66 51.79 58.22 52.63 8.94 65.0 0.0 54.34 12.81 32.57 19.72 23.19 15.03 4.0 38.08 29.27 32.65 65.97 61.39 15.3 3.0 7.07 15.13 16.49 62.29 31.95 55.04 37.7 1.41 28.23 42.3 62.37 33.96 55.58 30.0 63.2 50.01 59.84 27.89 18.38 22.36 57.31 16.55 29.15 21.95 28.86 43.29 15.13 15.26 27.31 15.62 39.01 50.7 15.26 18.11 60.53 61.19 29.53 23.41 29.07 41.19 15.62 58.24 15.52 47.8 26.08 18.03 23.35 18.03 48.04 
28.16 21.95 29.55 52.61 41.19 12.04 33.38 12.73 41.34 48.88 28.16 78.77 49.0 25.0 76.01 62.03 73.25 39.62 52.09 36.22 29.53 34.0 8.06 76.12 78.23 38.01 65.49 57.22 44.18 38.08 59.03 3.61 17.72 25.08 45.71 10.77 54.34 0.0 61.03 22.09 73.38 76.53 68.88 58.25 32.45 28.84 36.12 11.7 25.96 56.82 53.76 47.3 57.71 40.31 10.82 32.53 14.14 18.11 53.15 27.02 13.04 8.06 28.28 4.47 25.94 12.21 13.34 22.8 32.2 60.21 39.66 18.44 65.8 83.24 41.05 31.4 19.72 69.43 65.92 78.01 65.03 17.8 25.32 40.2 71.7 21.19 25.0 79.03 75.11 26.0 20.0 67.42 5.0 68.47 25.96 28.79 40.25 70.11 72.28 14.87 
34.53 42.95 77.16 10.82 20.1 53.46 28.86 70.35 32.8 29.83 58.6 28.18 12.17 58.31 15.03 20.22 12.65 22.56 9.06 25.08 52.77 34.01 68.03 17.8 17.46 30.89 7.21 5.0 18.03 32.76 2.0 59.01 67.68 63.32 17.09 71.25 12.81 61.03 0.0 39.0 21.93 16.55 11.4 10.77 49.74 39.56 44.65 72.25 71.78 27.31 10.63 17.49 26.93 27.78 70.11 43.42 64.13 43.19 12.73 34.01 50.25 69.07 44.78 63.03 39.29 71.18 59.03 69.92 38.91 7.07 34.41 66.94 25.02 28.32 34.21 39.81 53.16 13.89 23.0 17.03 4.0 47.85 61.47 21.1 12.81 70.34 71.47 18.44 14.14 37.85 50.96 22.09 64.28 9.22 58.69 34.93 29.68 10.82 18.36 57.27 
7.81 9.49 42.2 30.59 19.1 15.65 13.04 31.78 23.85 30.48 28.65 57.7 27.07 26.63 54.01 41.18 51.16 17.72 30.02 14.14 25.3 16.12 29.07 54.13 56.14 19.21 43.42 35.13 22.8 20.25 37.0 20.02 30.89 30.48 23.77 32.56 32.57 22.09 39.0 0.0 52.0 54.45 46.87 36.4 25.32 14.14 25.08 33.54 37.01 37.54 31.78 25.63 38.29 20.52 31.26 21.02 26.83 5.66 31.32 5.1 12.08 30.15 18.11 24.08 10.05 32.39 21.95 34.41 17.46 38.64 22.83 30.53 45.49 61.68 24.19 17.26 19.21 47.54 45.28 56.01 43.0 12.04 29.21 18.11 49.65 34.13 36.4 57.14 53.04 8.25 17.2 46.53 25.71 46.39 27.46 9.43 21.26 48.37 50.6 20.81 
45.22 52.17 82.15 22.8 34.13 63.35 45.8 80.06 35.0 28.16 62.2 6.4 30.41 63.03 21.84 12.0 16.28 34.44 26.17 38.47 56.14 40.45 79.08 10.3 17.89 36.35 14.87 21.4 36.77 37.12 22.83 70.6 75.17 68.07 28.65 84.12 19.72 73.38 21.93 52.0 0.0 14.32 11.18 16.4 52.24 46.39 46.27 85.07 77.06 20.62 21.4 26.4 19.65 33.54 80.6 47.01 72.44 57.27 21.1 47.85 60.88 81.32 50.04 74.22 48.05 81.39 67.6 76.0 44.1 28.79 37.0 74.11 11.18 10.05 36.01 45.1 60.21 8.25 9.49 22.47 20.62 57.07 66.07 34.99 12.04 77.03 77.03 25.63 18.68 47.54 58.31 7.28 77.49 14.14 63.07 44.64 34.23 26.0 4.0 65.49 
49.01 57.04 89.82 24.02 35.36 68.0 45.22 85.0 43.01 37.58 70.34 18.11 28.46 70.61 8.0 22.2 4.24 37.05 24.74 40.31 64.29 46.53 83.15 4.12 3.61 42.76 11.05 19.42 34.54 44.15 18.38 74.24 81.39 75.71 31.02 86.98 23.19 76.53 16.55 54.45 14.32 0.0 8.25 19.24 60.73 52.47 55.03 87.97 84.53 31.62 23.0 30.07 30.81 39.62 85.05 54.82 78.16 59.03 24.08 49.65 65.03 84.59 57.07 78.16 53.08 86.02 73.11 83.02 50.99 21.26 44.92 80.5 24.08 14.56 44.27 51.97 66.48 9.43 21.93 8.25 13.04 62.03 73.76 36.35 5.1 83.73 84.34 11.4 5.1 52.01 64.38 19.85 80.06 8.06 70.83 49.01 41.0 14.32 10.82 71.18 
41.11 49.0 81.58 16.28 27.89 60.03 38.48 77.03 34.79 29.53 62.1 17.09 21.95 62.37 12.81 14.87 7.07 29.27 17.89 32.76 56.04 38.33 75.33 7.28 11.18 34.53 4.24 12.53 28.3 35.9 12.73 66.48 73.25 67.47 23.19 79.43 15.03 68.88 11.4 46.87 11.18 8.25 0.0 11.05 52.5 44.28 46.82 80.41 76.3 24.08 15.13 22.0 23.35 31.4 77.16 46.57 70.06 51.66 16.0 42.2 57.14 76.94 48.84 70.35 45.01 78.1 65.03 74.81 42.76 17.89 36.69 72.34 17.89 16.97 36.06 43.74 58.31 3.0 15.65 14.14 9.49 54.0 65.51 28.86 3.16 75.54 76.12 17.03 9.9 44.01 56.22 13.93 72.57 3.0 62.59 41.01 32.76 15.13 7.28 63.07 
30.27 38.01 70.61 6.4 17.89 49.09 29.41 66.07 24.17 19.85 51.24 22.67 14.42 51.42 21.95 10.05 17.09 18.68 10.3 22.47 45.22 27.29 64.5 18.03 21.84 23.54 8.94 7.0 20.62 25.0 10.2 55.73 62.2 56.52 12.65 68.88 4.0 58.25 10.77 36.4 16.4 19.24 11.05 0.0 41.79 33.24 36.25 69.86 65.31 16.55 5.0 11.05 16.16 20.4 66.27 35.74 59.03 41.44 5.1 31.95 46.27 66.29 37.85 59.54 34.0 67.19 54.01 63.79 31.78 17.26 26.0 61.29 15.3 25.5 25.5 32.76 47.27 11.18 13.6 23.71 12.81 43.01 54.57 18.79 14.14 64.5 65.12 26.08 19.7 33.06 45.18 13.42 62.1 11.7 51.66 30.07 21.84 20.62 14.32 52.04 
21.02 16.03 30.0 38.95 32.53 20.59 35.34 32.45 17.72 24.08 10.0 56.0 41.11 11.4 63.56 40.31 58.87 29.0 41.62 29.21 4.12 16.28 33.97 58.69 63.57 18.87 50.7 44.78 40.46 17.0 48.02 28.84 25.08 16.12 33.02 41.77 38.08 32.45 49.74 25.32 52.24 60.73 52.5 41.79 0.0 12.53 6.0 42.45 25.08 32.0 39.36 32.25 33.0 21.95 34.21 6.4 23.85 29.0 37.58 27.51 21.19 38.21 7.28 30.48 15.81 34.41 20.52 24.52 11.31 52.8 15.81 23.77 42.0 62.13 16.49 10.63 12.81 51.66 43.05 65.39 53.24 16.49 14.14 31.83 55.66 25.96 25.18 67.54 61.47 18.03 12.53 45.1 37.44 53.49 11.18 19.24 20.12 60.54 52.77 18.38 
8.54 7.07 37.64 29.12 20.81 17.46 22.85 33.73 12.53 20.12 19.42 51.2 29.68 18.79 54.12 34.53 50.01 17.49 30.87 16.97 14.14 6.0 33.24 51.09 54.92 10.05 41.77 34.79 28.28 9.49 37.7 25.55 29.02 23.77 22.47 39.45 29.27 28.84 39.56 14.14 46.39 52.47 44.28 33.24 12.53 0.0 11.0 40.31 32.28 28.23 29.83 22.56 29.15 13.0 34.48 7.07 26.08 18.97 28.44 15.3 15.81 36.24 5.66 28.64 4.12 35.17 21.21 30.59 3.61 41.68 10.82 28.07 37.64 56.44 12.21 3.16 14.04 44.05 38.08 56.04 43.32 11.18 21.93 20.0 47.38 31.26 32.02 57.87 52.39 6.0 12.0 39.81 33.6 44.72 19.24 6.71 12.17 50.16 46.04 19.1 
19.24 16.76 36.0 33.84 28.6 24.08 33.24 37.59 12.08 18.11 16.0 50.0 36.8 17.26 58.14 34.37 53.31 25.0 36.88 25.94 10.05 12.53 38.6 52.89 57.94 14.14 45.19 39.66 36.89 12.04 43.01 32.56 30.68 22.09 28.32 46.01 32.65 36.12 44.65 25.08 46.27 55.03 46.82 36.25 6.0 11.0 0.0 46.75 31.06 26.0 34.13 27.2 27.0 17.03 39.12 4.12 29.07 29.61 32.25 26.17 23.85 42.52 8.06 34.71 15.03 39.45 25.24 30.41 8.25 48.17 10.3 29.41 36.0 56.14 10.77 8.06 17.2 45.88 37.05 59.93 48.02 18.87 20.1 28.02 49.98 31.78 31.14 62.18 55.95 17.0 16.28 39.12 41.11 47.93 17.12 17.26 15.0 55.47 46.87 23.02 
39.85 33.54 31.02 64.13 52.61 23.02 44.01 13.15 52.84 60.42 36.36 90.48 60.13 33.29 87.14 73.74 84.59 51.2 63.39 47.68 39.05 45.62 8.94 87.66 89.56 49.66 76.94 68.59 55.0 49.65 70.26 14.76 21.84 31.78 57.27 1.0 65.97 11.7 72.25 33.54 85.07 87.97 80.41 69.86 42.45 40.31 46.75 0.0 29.27 68.43 65.31 58.94 69.32 52.0 10.2 43.42 20.12 29.07 64.76 38.33 24.6 4.24 39.2 12.04 37.58 11.05 22.02 26.48 43.57 71.01 51.11 23.09 77.47 94.92 52.48 42.72 29.7 81.02 77.62 89.14 76.24 29.15 32.65 51.62 83.19 24.33 28.28 90.02 86.37 37.7 30.48 79.12 8.0 79.91 34.13 40.5 51.89 81.0 83.93 24.08 
38.01 29.53 5.39 61.4 52.39 21.93 50.0 16.12 42.11 49.0 15.13 81.02 61.33 14.04 86.4 65.07 82.23 49.4 62.97 47.85 21.02 38.08 21.0 82.87 87.1 41.77 73.98 67.05 58.67 40.45 69.89 23.77 8.25 9.0 54.71 29.15 61.39 25.96 71.78 37.01 77.06 84.53 76.3 65.31 25.08 32.28 31.06 29.27 0.0 57.04 62.1 54.82 58.03 44.91 19.1 30.07 12.08 36.8 60.64 41.62 25.46 26.02 27.46 21.59 32.7 18.25 15.62 3.16 33.54 73.41 40.11 7.62 67.03 87.02 41.05 32.56 18.79 75.8 68.0 88.32 75.58 25.24 11.0 51.48 79.43 5.0 1.0 90.14 84.65 34.44 21.02 70.01 29.27 76.9 14.0 37.16 43.57 82.28 77.32 16.28 
29.83 34.89 62.0 19.1 24.7 45.69 36.24 61.68 15.81 8.25 42.0 24.0 27.02 43.1 36.77 9.43 31.14 22.83 24.08 26.93 36.01 22.83 61.47 28.65 35.0 18.87 24.21 23.09 31.58 18.79 26.57 53.67 55.9 48.04 19.65 67.54 15.3 56.82 27.31 37.54 20.62 31.62 24.08 16.55 32.0 28.23 26.0 68.43 57.04 0.0 18.25 16.49 1.0 17.03 62.63 27.29 53.6 43.19 16.12 34.71 43.83 64.4 30.81 56.86 30.89 63.25 49.04 56.22 25.3 33.53 17.72 54.74 10.0 30.27 16.49 26.25 41.23 22.2 11.18 38.21 29.15 39.4 46.04 25.08 27.02 57.43 57.08 41.01 33.97 31.06 39.56 13.34 61.4 26.17 43.05 28.6 16.64 36.89 21.93 46.84 
26.02 34.06 67.45 1.41 13.0 45.0 24.41 62.0 22.2 19.42 48.47 27.66 9.85 48.38 24.35 13.93 20.22 14.14 6.08 17.72 42.54 24.04 60.21 22.36 25.18 20.62 12.04 5.66 15.81 22.36 9.22 51.35 58.55 53.45 8.06 64.33 3.0 53.76 10.63 31.78 21.4 23.0 15.13 5.0 39.36 29.83 34.13 65.31 62.1 18.25 0.0 7.28 18.11 17.46 62.07 33.11 55.23 36.69 2.24 27.2 42.05 61.81 34.79 55.23 30.15 63.03 50.16 60.42 28.79 15.65 23.85 57.71 19.31 30.41 23.6 29.73 43.74 15.81 17.89 26.25 13.89 39.05 51.55 13.93 18.03 61.0 61.85 28.23 22.56 29.02 41.59 18.03 57.49 15.03 48.7 26.02 19.24 21.4 19.24 48.26 
19.24 27.0 60.17 6.71 8.6 38.05 20.62 55.04 15.56 14.56 41.23 32.25 11.4 41.11 31.62 16.28 27.46 8.06 10.0 12.21 35.34 16.76 53.46 29.07 32.39 13.42 19.24 12.53 15.13 15.26 15.81 44.72 51.35 46.17 3.16 57.97 7.07 47.3 17.49 25.63 26.4 30.07 22.0 11.05 32.25 22.56 27.2 58.94 54.82 16.49 7.28 0.0 16.76 10.3 55.23 25.94 48.09 30.87 6.0 21.47 35.23 55.32 27.51 48.51 23.02 56.14 43.05 53.15 21.54 21.26 17.03 50.49 21.26 36.06 16.97 22.47 36.5 22.2 20.52 33.53 21.02 32.0 44.27 9.22 25.02 53.76 54.57 35.47 29.83 22.02 34.37 21.4 51.24 22.2 41.44 19.03 12.21 28.3 25.0 41.11 
30.61 35.78 63.0 19.03 25.08 46.62 36.72 62.64 16.76 9.22 43.0 23.0 27.07 44.1 36.07 8.6 30.41 23.32 24.02 27.46 37.01 23.71 62.39 27.78 34.21 19.72 23.6 22.8 31.78 19.7 26.25 54.56 56.89 49.04 19.92 68.43 15.13 57.71 26.93 38.29 19.65 30.81 23.35 16.16 33.0 29.15 27.0 69.32 58.03 1.0 18.11 16.76 0.0 17.8 63.57 28.28 54.57 43.93 16.03 35.38 44.72 65.31 31.78 57.78 31.76 64.2 50.0 57.22 26.25 33.24 18.68 55.73 9.0 29.27 17.46 27.2 42.2 21.4 10.2 37.48 28.65 40.31 47.04 25.5 26.25 58.42 58.08 40.31 33.24 31.91 40.52 12.37 62.27 25.5 44.05 29.41 17.49 36.36 21.02 47.8 
12.81 18.68 50.22 17.0 12.65 29.83 21.38 46.53 6.32 10.3 31.02 38.6 20.0 31.05 41.79 21.84 37.36 9.22 19.85 12.04 25.08 7.0 45.61 38.12 42.2 3.16 29.12 22.83 21.19 5.0 26.08 37.34 42.01 36.14 11.31 51.08 16.49 40.31 27.78 20.52 33.54 39.62 31.4 20.4 21.95 13.0 17.03 52.0 44.91 17.03 17.46 10.3 17.8 0.0 47.07 15.65 39.05 26.17 15.81 18.03 27.51 48.1 17.46 40.8 14.56 47.85 34.13 43.42 11.4 31.14 7.21 41.05 25.5 43.57 7.62 12.37 27.02 31.06 25.63 43.66 31.3 23.54 34.21 12.37 34.53 44.18 44.72 45.69 39.85 14.32 25.0 27.2 44.72 32.02 31.32 11.66 2.24 38.59 33.06 32.06 
36.06 28.44 21.21 61.03 50.04 17.26 43.42 3.0 46.82 54.42 27.02 85.62 58.31 24.08 85.15 68.88 82.0 48.01 61.07 45.04 30.48 40.26 2.83 84.29 87.0 44.38 74.03 66.01 53.94 43.97 68.12 11.4 11.7 21.95 54.04 10.05 62.29 10.82 70.11 31.26 80.6 85.05 77.16 66.27 34.21 34.48 39.12 10.2 19.1 62.63 62.07 55.23 63.57 47.07 0.0 36.24 10.63 28.16 61.2 36.35 20.02 7.07 32.2 7.28 32.56 1.41 13.89 16.28 37.34 69.87 44.94 13.0 72.12 90.61 46.24 36.4 21.95 77.41 72.53 87.14 74.11 23.54 23.02 49.04 80.1 14.14 18.11 88.36 84.02 33.24 23.26 74.22 11.66 77.03 24.84 36.22 46.57 79.63 79.91 16.12 
15.52 12.65 35.23 32.65 26.17 20.52 29.73 34.93 12.04 19.1 15.52 51.16 34.71 16.03 57.38 35.01 52.81 22.63 35.23 23.02 9.49 9.9 35.51 52.95 57.57 12.53 44.6 38.47 34.21 10.77 41.68 29.0 28.64 21.1 26.63 42.64 31.95 32.53 43.42 21.02 47.01 54.82 46.57 35.74 6.4 7.07 4.12 43.42 30.07 27.29 33.11 25.94 28.28 15.65 36.24 0.0 26.57 25.5 31.38 22.36 20.0 39.2 4.24 31.4 11.0 36.67 22.36 29.02 5.0 46.4 10.05 27.46 37.22 57.0 11.0 4.47 14.32 45.89 38.05 59.24 46.96 15.0 19.1 25.5 49.73 30.15 30.02 61.33 55.36 13.04 13.04 40.01 37.48 47.43 16.12 13.6 13.93 54.2 47.27 20.12 
29.61 21.21 16.4 54.33 44.15 11.18 39.82 8.6 37.85 45.35 16.4 77.1 52.89 13.45 79.08 60.53 75.43 41.59 55.11 39.29 20.0 32.06 11.18 77.01 80.4 36.12 67.27 59.68 49.4 35.36 62.17 11.7 4.24 11.7 47.38 19.7 55.04 14.14 64.13 26.83 72.44 78.16 70.06 59.03 23.85 26.08 29.07 20.12 12.08 53.6 55.23 48.09 54.57 39.05 10.63 26.57 0.0 25.61 54.08 31.78 14.76 16.16 22.8 10.0 25.08 10.63 5.1 8.94 28.44 64.85 35.9 4.47 63.35 82.49 37.11 27.46 12.37 70.0 63.95 81.05 68.07 16.28 12.53 43.17 73.11 7.81 11.18 82.57 77.65 26.31 14.14 65.76 18.03 70.26 14.21 29.27 38.21 74.22 72.11 7.0 
13.45 13.04 41.73 35.44 23.77 14.87 15.3 29.15 29.41 36.12 30.68 63.06 31.06 28.23 58.08 46.65 55.58 22.85 34.37 18.97 28.28 21.63 25.71 58.94 60.53 24.84 48.05 39.62 26.08 25.81 41.19 16.76 29.83 31.38 28.79 28.07 37.7 18.11 43.19 5.66 57.27 59.03 51.66 41.44 29.0 18.97 29.61 29.07 36.8 43.19 36.69 30.87 43.93 26.17 28.16 25.5 25.61 0.0 36.4 9.49 11.4 26.02 22.09 20.88 14.87 29.41 21.21 33.94 22.47 42.11 28.3 29.73 51.04 66.85 29.68 22.14 20.62 52.5 50.77 60.07 47.17 13.6 30.41 22.8 54.34 33.3 36.07 61.0 57.31 13.42 18.97 51.97 21.1 50.99 29.15 15.0 26.91 52.04 55.71 20.62 
25.18 33.0 65.97 3.0 13.04 44.05 24.84 61.03 20.25 17.2 46.82 27.2 11.4 46.84 26.0 12.53 21.59 13.6 8.0 17.46 40.85 22.56 59.41 23.09 26.48 18.97 13.34 7.81 17.0 20.62 11.4 50.64 57.31 51.92 7.62 63.79 1.41 53.15 12.73 31.32 21.1 24.08 16.0 5.1 37.58 28.44 32.25 64.76 60.64 16.12 2.24 6.0 16.03 15.81 61.2 31.38 54.08 36.4 0.0 26.93 41.19 61.19 33.24 54.45 29.02 62.13 49.04 59.03 27.2 17.89 21.95 56.44 17.89 30.46 21.63 28.16 42.43 16.28 16.64 27.86 15.81 38.0 50.0 13.89 19.03 59.68 60.42 29.97 24.04 28.02 40.31 17.03 57.01 16.28 47.13 25.02 17.46 23.43 19.31 47.1 
7.0 12.81 46.87 25.96 14.32 20.62 8.49 36.88 22.47 28.3 32.2 53.71 22.02 30.48 49.0 37.44 46.27 13.42 25.08 9.49 28.18 15.3 34.13 49.48 51.24 17.46 38.64 30.27 17.72 18.97 32.02 25.08 35.78 34.66 19.31 37.34 28.23 27.02 34.01 5.1 47.85 49.65 42.2 31.95 27.51 15.3 26.17 38.33 41.62 34.71 27.2 21.47 35.38 18.03 36.35 22.36 31.78 9.49 26.93 0.0 17.09 35.06 20.25 29.15 11.7 37.48 26.83 39.12 18.03 33.54 21.84 35.36 42.01 57.38 23.09 18.11 23.35 43.01 41.62 51.0 38.01 16.4 33.24 13.34 44.91 38.95 41.05 52.09 48.09 9.49 21.21 42.72 30.41 41.59 31.24 9.0 19.24 43.29 46.24 25.55 
16.03 8.94 30.48 41.01 30.15 3.61 25.06 20.1 28.3 35.85 20.22 66.1 38.64 17.46 65.28 49.34 62.01 28.0 41.19 25.18 19.24 21.02 18.25 64.28 67.01 25.08 54.01 46.04 34.79 25.06 48.26 9.85 18.87 20.12 34.01 23.71 42.3 13.04 50.25 12.08 60.88 65.03 57.14 46.27 21.19 15.81 23.85 24.6 25.46 43.83 42.05 35.23 44.72 27.51 20.02 20.0 14.76 11.4 41.19 17.09 0.0 20.62 15.81 13.34 13.0 21.0 10.0 22.67 19.21 50.45 26.63 18.6 52.92 70.83 28.02 18.44 10.05 57.43 53.14 67.27 54.23 5.0 19.31 29.15 60.07 22.2 24.76 68.59 64.07 13.34 9.06 54.71 17.8 57.01 18.44 16.28 27.31 60.02 60.02 9.22 
36.14 29.55 28.28 60.67 49.25 18.87 41.19 10.05 48.76 56.36 32.25 86.65 57.01 29.15 84.02 69.89 81.3 47.68 60.13 44.28 34.83 41.63 5.1 84.17 86.28 45.69 73.55 65.28 52.09 45.62 67.07 10.77 18.25 27.86 53.76 3.61 62.37 8.06 69.07 30.15 81.32 84.59 76.94 66.29 38.21 36.24 42.52 4.24 26.02 64.4 61.81 55.32 65.31 48.1 7.07 39.2 16.16 26.02 61.19 35.06 20.62 0.0 35.0 7.81 33.62 8.25 17.8 23.09 39.45 68.12 47.01 19.42 73.54 91.21 48.37 38.59 25.46 77.47 73.74 86.02 73.06 25.06 28.64 48.26 79.76 21.02 25.02 87.01 83.15 33.84 26.25 75.27 5.83 76.53 30.02 36.69 47.93 78.06 80.28 19.85 
13.89 9.06 32.76 34.18 26.4 16.28 28.18 31.02 15.13 22.56 13.89 54.45 35.23 13.6 59.14 38.05 54.82 23.02 36.24 22.63 8.49 10.77 31.38 55.44 59.67 14.32 46.57 39.92 33.94 13.04 42.95 24.76 25.18 18.68 27.73 38.42 33.96 28.28 44.78 18.11 50.04 57.07 48.84 37.85 7.28 5.66 8.06 39.2 27.46 30.81 34.79 27.51 31.78 17.46 32.2 4.24 22.8 22.09 33.24 20.25 15.81 35.0 0.0 27.2 8.54 32.7 18.38 26.08 6.08 47.17 13.15 24.08 40.61 60.07 14.32 5.1 10.44 48.37 41.3 61.03 48.47 10.82 16.76 25.61 51.97 27.0 27.29 62.97 57.28 10.77 8.94 43.19 33.24 49.48 13.93 12.21 16.12 55.46 50.04 16.16 
29.27 22.14 25.08 54.15 43.0 11.18 36.14 8.6 41.15 48.75 25.08 79.4 51.16 21.93 78.06 62.64 75.03 41.11 54.01 38.0 27.2 34.18 5.0 77.52 80.02 38.28 67.12 59.01 46.69 38.08 61.03 4.12 13.34 21.38 47.17 11.31 55.58 4.47 63.03 24.08 74.22 78.16 70.35 59.54 30.48 28.64 34.71 12.04 21.59 56.86 55.23 48.51 57.78 40.8 7.28 31.4 10.0 20.88 54.45 29.15 13.34 7.81 27.2 0.0 26.25 8.54 10.3 18.44 31.76 62.65 39.36 14.14 66.13 84.17 40.71 30.89 17.69 70.71 66.41 80.06 67.03 17.46 21.84 42.0 73.25 16.76 20.62 81.22 77.0 26.68 18.44 68.01 8.06 70.11 22.85 29.61 40.5 72.44 73.35 12.21 
5.66 4.12 38.08 29.27 19.7 15.3 19.72 32.14 15.62 23.02 21.21 53.16 28.64 20.0 54.13 36.4 50.36 16.76 30.36 15.26 16.64 8.06 31.05 52.01 55.33 12.08 42.19 34.71 26.4 12.21 37.36 22.85 28.44 24.7 22.36 36.67 30.0 25.94 39.29 10.05 48.05 53.08 45.01 34.0 15.81 4.12 15.03 37.58 32.7 30.89 30.15 23.02 31.76 14.56 32.56 11.0 25.08 14.87 29.02 11.7 13.0 33.62 8.54 26.25 0.0 33.38 20.02 30.68 7.62 40.72 14.14 27.66 39.92 58.05 15.56 7.28 13.93 45.04 40.16 56.09 43.17 9.06 23.02 18.79 48.04 31.05 32.31 57.72 52.61 2.24 11.7 41.76 30.53 45.18 20.62 4.47 14.32 49.65 47.38 18.11 
37.01 29.27 20.1 62.01 51.09 18.11 44.64 2.24 47.43 55.03 26.91 86.35 59.41 24.04 86.21 69.63 83.01 49.0 62.13 46.1 30.61 41.0 4.24 85.21 88.01 45.12 75.01 67.03 55.11 44.64 69.18 12.65 11.18 21.63 55.01 11.0 63.2 12.21 71.18 32.39 81.39 86.02 78.1 67.19 34.41 35.17 39.45 11.05 18.25 63.25 63.03 56.14 64.2 47.85 1.41 36.67 10.63 29.41 62.13 37.48 21.0 8.25 32.7 8.54 33.38 0.0 14.32 15.52 37.95 71.02 45.54 12.53 72.8 91.41 46.82 37.0 22.36 78.31 73.25 88.2 75.17 24.33 22.8 50.09 81.06 13.34 17.26 89.45 85.05 34.13 23.77 74.95 13.04 78.01 24.76 37.12 47.3 80.75 80.75 16.55 
24.52 16.12 20.52 49.25 39.05 6.4 34.99 12.65 33.24 40.8 14.87 72.37 47.8 11.7 73.98 55.73 70.35 36.5 50.01 34.21 17.03 27.17 13.45 72.0 75.33 31.26 62.2 54.59 44.38 30.59 57.07 10.05 8.94 12.04 42.3 21.4 50.01 13.34 59.03 21.95 67.6 73.11 65.03 54.01 20.52 21.21 25.24 22.02 15.62 49.04 50.16 43.05 50.0 34.13 13.89 22.36 5.1 21.21 49.04 26.83 10.0 17.8 18.38 10.3 20.02 14.32 0.0 12.73 23.77 59.77 31.32 8.6 58.69 77.65 32.57 22.8 8.06 65.01 59.23 75.95 62.97 11.18 12.04 38.08 68.07 12.21 14.87 77.47 72.56 21.21 9.49 61.0 18.03 65.19 12.65 24.19 33.38 69.12 67.19 2.24 
35.85 27.31 7.81 59.67 50.33 19.1 47.43 13.34 41.0 48.09 14.87 80.16 59.24 13.15 84.65 64.0 80.6 47.43 61.03 45.69 20.4 36.5 18.03 81.5 85.51 40.31 72.37 65.25 56.36 39.12 68.01 20.62 5.1 8.54 52.89 26.31 59.84 22.8 69.92 34.41 76.0 83.02 74.81 63.79 24.52 30.59 30.41 26.48 3.16 56.22 60.42 53.15 57.22 43.42 16.28 29.02 8.94 33.94 59.03 39.12 22.67 23.09 26.08 18.44 30.68 15.52 12.73 0.0 32.14 71.31 39.0 4.47 66.19 86.01 40.01 31.14 16.76 74.43 67.07 86.59 73.76 22.83 10.44 49.4 77.93 2.24 2.24 88.32 82.98 32.31 18.97 69.03 26.17 75.31 13.34 35.11 42.19 80.32 76.11 13.6 
11.05 10.63 38.83 28.23 21.21 20.59 25.0 36.4 9.49 17.09 19.7 48.66 29.83 19.65 53.14 32.14 48.76 17.69 30.53 18.03 13.89 5.0 36.25 49.37 53.6 8.25 40.52 34.01 29.21 7.0 37.12 28.84 31.06 24.74 21.95 42.72 27.89 32.2 38.91 17.46 44.1 50.99 42.76 31.78 11.31 3.61 8.25 43.57 33.54 25.3 28.79 21.54 26.25 11.4 37.34 5.0 28.44 22.47 27.2 18.03 19.21 39.45 6.08 31.76 7.62 37.95 23.77 32.14 0.0 41.62 7.62 30.02 34.93 54.15 8.94 1.0 16.12 42.3 35.51 55.03 42.54 14.42 22.8 20.52 45.89 33.02 33.38 57.01 51.24 9.22 14.32 37.34 37.01 43.42 19.92 9.06 10.05 49.65 44.01 21.59 
