50
0.0 48.1 44.72 9.49 47.27 31.89 36.77 42.19 35.13 67.21 30.02 58.26 60.8 36.22 68.12 60.13 49.82 34.54 60.42 23.02 26.17 79.93 70.94 60.42 76.58 71.59 60.42 62.61 24.41 26.63 23.09 59.68 38.95 24.08 22.02 31.62 36.88 15.52 44.0 26.87 12.65 6.08 36.5 49.01 72.92 59.48 53.08 21.63 70.43 3.16 
48.1 0.0 13.93 40.0 33.11 16.28 71.57 32.28 30.0 19.1 34.13 12.17 14.32 76.69 20.25 41.11 46.82 48.01 67.05 67.23 56.04 31.83 23.71 18.44 29.15 23.6 31.24 67.07 24.7 59.77 62.65 36.77 54.01 24.21 35.74 25.18 12.08 57.8 34.21 55.79 44.29 44.69 41.11 34.93 25.24 27.2 34.99 27.02 22.83 49.68 
44.72 13.93 0.0 38.6 44.2 16.03 74.24 42.19 17.72 27.51 40.26 25.18 18.36 77.67 26.83 53.81 56.94 54.34 76.49 66.41 59.03 39.36 34.53 15.81 39.29 30.41 20.25 76.94 26.0 62.2 63.35 49.82 60.64 24.08 39.05 31.62 17.89 57.28 20.4 59.01 44.72 39.96 48.7 21.02 35.17 17.26 21.4 23.41 28.3 47.01 
9.49 40.0 38.6 0.0 38.05 24.19 37.34 33.02 32.56 59.03 21.1 49.52 53.34 39.32 60.22 51.01 41.76 28.02 54.41 27.86 23.77 71.7 62.24 53.85 67.9 63.6 56.14 56.3 15.56 25.71 25.08 50.36 33.3 15.81 13.15 22.14 28.32 18.68 41.98 24.17 7.62 10.44 28.46 46.69 64.35 54.59 50.36 15.3 62.68 10.0 
47.27 33.11 44.2 38.05 0.0 32.2 51.09 5.1 53.25 44.01 17.46 32.06 45.35 59.41 47.1 13.04 14.14 23.43 34.53 55.57 37.64 53.6 41.59 51.26 46.32 49.0 63.81 34.21 28.46 41.87 48.26 12.65 27.29 31.02 25.32 17.72 26.87 47.42 61.07 36.88 36.14 48.01 15.56 63.66 44.55 60.03 65.12 37.34 50.09 46.69 
31.89 16.28 16.03 24.19 32.2 0.0 58.42 29.0 21.1 35.36 24.7 27.29 29.15 62.36 36.24 43.83 43.28 38.6 61.91 51.89 43.1 48.08 39.66 30.08 45.22 39.7 35.9 62.68 10.05 46.39 48.08 40.85 44.92 8.54 23.02 16.64 7.0 42.54 29.0 43.05 29.41 28.43 33.54 32.02 41.4 33.24 34.13 10.82 38.6 33.6 
36.77 71.57 74.24 37.34 51.09 58.42 0.0 47.2 69.87 88.96 38.48 77.47 85.87 10.2 91.08 59.67 43.01 27.66 39.32 18.6 15.52 100.72 89.44 88.28 94.83 93.98 93.01 42.43 48.37 12.04 13.89 62.24 25.0 50.16 35.9 46.82 59.67 21.47 79.25 15.81 30.07 42.72 35.61 84.01 92.14 91.05 87.69 52.04 93.92 33.62 
42.19 32.28 42.19 33.02 5.1 29.0 47.2 0.0 49.82 45.18 12.37 33.14 45.4 55.17 48.04 18.0 14.76 19.72 34.79 50.77 33.24 55.54 43.68 50.7 48.7 50.25 62.18 34.93 24.17 37.48 43.6 17.72 24.35 26.83 20.22 13.42 24.41 42.49 58.0 32.53 31.05 43.05 11.66 60.88 46.57 58.6 62.63 33.11 51.04 41.59 
35.13 30.0 17.72 32.56 53.25 21.1 69.87 49.82 0.0 45.22 43.42 42.05 35.85 71.01 44.38 64.88 63.66 56.08 81.22 58.14 56.04 56.86 52.17 31.62 57.01 47.93 26.0 82.33 27.02 58.25 57.14 61.74 62.27 24.21 38.95 36.8 27.31 50.01 9.49 56.32 40.02 29.27 52.63 14.14 52.89 26.08 18.0 19.24 45.62 38.05 
67.21 19.1 27.51 59.03 44.01 35.36 88.96 45.18 45.22 0.0 50.6 12.04 10.0 94.81 3.61 47.13 58.08 63.56 78.31 85.98 73.54 12.73 8.54 17.46 12.04 5.1 34.48 77.65 43.6 77.47 81.01 42.06 69.05 43.28 53.67 42.15 30.81 76.55 46.27 73.16 62.97 63.7 55.9 45.0 8.0 30.08 43.19 46.01 6.32 68.77 
30.02 34.13 40.26 21.1 17.46 24.7 38.48 12.37 43.42 50.6 0.0 39.0 48.37 45.22 52.89 30.15 21.47 14.14 37.8 39.2 23.32 62.24 51.0 52.01 56.44 55.66 60.44 38.95 16.4 27.46 32.53 30.08 20.4 19.21 8.0 9.0 23.09 30.53 52.43 22.83 18.68 31.4 9.22 56.08 53.67 57.49 58.59 24.76 55.79 29.27 
58.26 12.17 25.18 49.52 32.06 27.29 77.47 33.14 42.05 12.04 39.0 0.0 15.0 83.73 15.03 36.25 46.17 51.66 66.48 75.6 62.17 23.26 12.73 22.63 18.38 17.12 38.83 65.92 33.97 66.19 70.18 31.3 57.07 34.21 42.72 30.89 21.4 66.22 45.54 61.74 52.63 55.47 43.93 45.61 15.0 34.41 44.94 38.08 18.03 59.46 
60.8 14.32 18.36 53.34 45.35 29.15 85.87 45.4 35.85 10.0 48.37 15.0 0.0 90.82 8.54 51.0 59.44 62.13 79.83 80.95 70.34 21.02 18.25 8.06 22.02 12.08 25.08 79.56 38.48 74.04 76.69 46.14 68.03 37.59 50.0 39.46 26.25 71.55 36.35 70.09 58.18 56.73 55.0 35.0 18.0 20.62 33.24 39.2 10.0 62.68 
36.22 76.69 77.67 39.32 59.41 62.36 10.2 55.17 71.01 94.81 45.22 83.73 90.82 0.0 96.66 68.82 52.48 36.24 49.5 13.93 22.02 106.94 96.04 92.44 101.55 99.74 95.43 52.61 52.5 17.8 14.32 71.06 34.48 53.85 41.15 52.84 64.62 21.0 80.1 22.67 32.98 42.3 43.86 85.05 98.62 93.9 89.01 54.59 99.4 33.14 
68.12 20.25 26.83 60.22 47.1 36.24 91.08 48.04 44.38 3.61 52.89 15.03 8.54 96.66 0.0 50.6 61.2 66.1 81.5 87.46 75.61 12.53 11.66 15.03 14.14 3.61 31.78 80.89 44.94 79.48 82.73 45.54 71.7 44.41 55.54 44.27 32.25 78.03 44.72 75.27 64.5 64.35 58.55 43.1 10.44 27.46 41.01 46.69 3.0 69.81 
60.13 41.11 53.81 51.01 13.04 43.83 59.67 18.0 64.88 47.13 30.15 36.25 51.0 68.82 50.6 0.0 17.03 32.76 33.73 66.71 47.89 54.23 42.43 57.98 46.04 51.66 72.35 32.25 41.23 51.97 59.03 5.1 34.71 43.68 38.12 30.59 37.74 59.14 72.11 47.01 48.66 61.03 26.0 74.2 45.4 68.25 75.17 50.0 53.45 59.41 
49.82 46.82 56.94 41.76 14.14 43.28 43.01 14.76 63.66 58.08 21.47 46.17 59.44 52.48 61.2 17.03 0.0 17.46 20.4 51.92 32.57 67.27 55.23 65.15 59.68 63.03 76.94 20.25 37.01 36.4 43.97 20.59 18.03 39.82 28.79 26.87 39.12 45.4 72.18 31.62 37.34 52.2 13.34 75.29 58.22 73.35 77.2 45.8 64.2 48.37 
34.54 48.01 54.34 28.02 23.43 38.6 27.66 19.72 56.08 63.56 14.14 51.66 62.13 36.24 66.1 32.76 17.46 0.0 26.4 34.48 15.23 74.63 62.97 66.07 68.15 68.66 74.46 28.3 29.55 19.24 26.57 34.83 6.32 32.2 17.2 23.09 37.22 28.07 65.37 14.32 21.93 38.08 8.06 69.32 65.79 71.59 72.09 36.89 69.05 32.57 
60.42 67.05 76.49 54.41 34.53 61.91 39.32 34.79 81.22 78.31 37.8 66.48 79.83 49.5 81.5 33.73 20.4 26.4 0.0 54.33 36.4 87.02 75.01 85.44 79.16 83.22 96.66 3.16 54.2 38.64 46.53 38.47 21.47 57.01 43.14 45.28 58.6 50.96 90.21 35.44 48.02 64.35 28.6 93.74 78.01 93.23 96.04 62.37 84.48 58.14 
23.02 67.23 66.41 27.86 55.57 51.89 18.6 50.77 58.14 85.98 39.2 75.6 80.95 13.93 87.46 66.71 51.92 34.48 54.33 0.0 19.42 98.47 88.24 81.71 93.86 90.74 83.19 57.22 42.54 16.03 8.06 68.0 35.23 43.38 33.24 45.28 55.23 9.43 67.01 20.4 23.02 29.0 40.72 72.03 90.6 82.0 76.11 43.01 90.05 20.1 
26.17 56.04 59.03 23.77 37.64 43.1 15.52 33.24 56.04 73.54 23.32 62.17 70.34 22.02 75.61 47.89 32.57 15.23 36.4 19.42 0.0 85.43 74.3 72.84 79.76 78.55 78.16 39.05 33.06 4.24 11.4 49.65 16.0 35.0 20.4 31.38 44.15 14.56 65.52 1.0 16.16 31.4 22.2 70.09 76.94 76.01 73.55 37.48 78.43 23.35 
79.93 31.83 39.36 71.7 53.6 48.08 100.72 55.54 56.86 12.73 62.24 23.26 21.02 106.94 12.53 54.23 67.27 74.63 87.02 98.47 85.43 0.0 12.04 26.48 8.54 8.94 42.01 86.01 56.22 89.44 93.3 49.16 79.81 55.97 65.86 54.12 43.42 89.05 56.75 85.0 75.45 76.42 66.76 54.74 9.06 38.01 52.24 58.73 11.4 81.47 
70.94 23.71 34.53 62.24 41.59 39.66 89.44 43.68 52.17 8.54 51.0 12.73 18.25 96.04 11.66 42.43 55.23 62.97 75.01 88.24 74.3 12.04 0.0 25.96 5.66 10.63 43.01 74.03 46.69 78.39 82.66 37.34 68.01 46.86 55.22 43.27 34.06 78.87 54.04 73.82 65.3 68.01 55.03 53.08 3.0 38.6 51.48 50.48 13.45 72.18 
60.42 18.44 15.81 53.85 51.26 30.08 88.28 50.7 31.62 17.46 52.01 22.63 8.06 92.44 15.03 57.98 65.15 66.07 85.44 81.71 72.84 26.48 25.96 0.0 29.15 18.03 17.09 85.38 40.02 76.3 78.16 53.25 72.17 38.6 52.47 43.01 29.02 72.45 30.36 72.69 59.48 55.76 59.41 28.28 25.32 12.65 26.0 38.91 15.13 62.61 
76.58 29.15 39.29 67.9 46.32 45.22 94.83 48.7 57.01 12.04 56.44 18.38 22.02 101.55 14.14 46.04 59.68 68.15 79.16 93.86 79.76 8.54 5.66 29.15 0.0 11.7 45.89 78.03 52.35 83.86 88.23 41.01 73.05 52.5 60.8 48.83 39.7 84.5 58.31 79.26 70.94 73.6 60.17 57.01 4.12 41.59 55.08 56.04 14.87 77.83 
71.59 23.6 30.41 63.6 49.0 39.7 93.98 50.25 47.93 5.1 55.66 17.12 12.08 99.74 3.61 51.66 63.03 68.66 83.22 90.74 78.55 8.94 10.63 18.03 11.7 0.0 34.37 82.49 48.26 82.46 85.88 46.57 74.15 47.8 58.6 47.17 35.51 81.3 48.05 78.19 67.74 67.88 61.0 46.27 8.6 30.15 44.01 50.21 3.16 73.25 
60.42 31.24 20.25 56.14 63.81 35.9 93.01 62.18 26.0 34.48 60.44 38.83 25.08 95.43 31.78 72.35 76.94 74.46 96.66 83.19 78.16 42.01 43.01 17.09 45.89 34.37 0.0 97.05 45.54 81.02 81.22 67.94 80.78 43.29 58.69 51.87 38.08 74.55 19.85 78.23 63.01 54.82 68.95 15.62 42.2 4.47 11.66 41.01 31.26 63.15 
62.61 67.07 76.94 56.3 34.21 62.68 42.43 34.93 82.33 77.65 38.95 65.92 79.56 52.61 80.89 32.25 20.25 28.3 3.16 57.22 39.05 86.01 74.03 85.38 78.03 82.49 97.05 0.0 55.32 41.44 49.37 37.12 23.77 58.14 44.69 46.04 59.06 53.6 91.21 38.08 50.12 66.37 29.73 94.63 77.03 93.52 96.8 63.66 83.86 60.42 
24.41 24.7 26.0 15.56 28.46 10.05 48.37 24.17 27.02 43.6 16.4 33.97 38.48 52.5 44.94 41.23 37.01 29.55 54.2 42.54 33.06 56.22 46.69 40.02 52.35 48.26 45.54 55.32 0.0 36.35 38.28 39.32 35.85 2.83 13.15 10.77 12.81 33.12 36.06 33.02 19.7 22.47 25.61 39.82 48.8 43.1 42.54 8.94 47.51 25.5 
26.63 59.77 62.2 25.71 41.87 46.39 12.04 37.48 58.25 77.47 27.46 66.19 74.04 17.8 79.48 51.97 36.4 19.24 38.64 16.03 4.24 89.44 78.39 76.3 83.86 82.46 81.02 41.44 36.35 0.0 8.0 53.82 19.24 38.12 24.04 35.34 47.8 13.04 67.68 5.0 18.25 32.25 26.4 72.37 81.01 79.03 75.95 40.11 82.28 23.6 
23.09 62.65 63.35 25.08 48.26 48.08 13.89 43.6 57.14 81.01 32.53 70.18 76.69 14.32 82.73 59.03 43.97 26.57 46.53 8.06 11.4 93.3 82.66 78.16 88.23 85.88 81.22 49.37 38.28 8.0 0.0 60.54 27.17 39.56 27.46 39.41 50.57 7.62 66.37 12.37 18.68 29.12 33.12 71.25 85.15 79.63 75.11 40.31 85.43 19.92 
59.68 36.77 49.82 50.36 12.65 40.85 62.24 17.72 61.74 42.06 30.08 31.3 46.14 71.06 45.54 5.1 20.59 34.83 38.47 68.0 49.65 49.16 37.34 53.25 41.01 46.57 67.94 37.12 39.32 53.82 60.54 0.0 37.54 41.59 37.85 29.02 34.44 60.01 68.6 48.83 48.76 60.07 27.46 70.46 40.31 63.78 71.22 47.85 48.38 59.23 
38.95 54.01 60.64 33.3 27.29 44.92 25.0 24.35 62.27 69.05 20.4 57.07 68.03 34.48 71.7 34.71 18.03 6.32 21.47 35.23 16.0 79.81 68.01 72.17 73.05 74.15 80.78 23.77 35.85 19.24 27.17 37.54 0.0 38.48 23.32 29.27 43.42 30.27 71.59 15.0 26.63 43.01 13.15 75.58 70.88 77.88 78.39 43.05 74.67 36.67 
24.08 24.21 24.08 15.81 31.02 8.54 50.16 26.83 24.21 43.28 19.21 34.21 37.59 53.85 44.41 43.68 39.82 32.2 57.01 43.38 35.0 55.97 46.86 38.6 52.5 47.8 43.29 58.14 2.83 38.12 39.56 41.59 38.48 0.0 15.52 13.42 12.81 34.01 33.29 35.01 20.88 21.47 28.43 37.12 48.84 41.01 39.92 6.32 46.87 25.5 
22.02 35.74 39.05 13.15 25.32 23.02 35.9 20.22 38.95 53.67 8.0 42.72 50.0 41.15 55.54 38.12 28.79 17.2 43.14 33.24 20.4 65.86 55.22 52.47 60.8 58.6 58.69 44.69 13.15 24.04 27.46 37.85 23.32 15.52 0.0 12.04 23.77 24.08 48.3 20.22 11.18 23.54 15.65 52.39 57.69 56.22 55.36 19.72 58.31 21.38 
31.62 25.18 31.62 22.14 17.72 16.64 46.82 13.42 36.8 42.15 9.0 30.89 39.46 52.84 44.27 30.59 26.87 23.09 45.28 45.28 31.38 54.12 43.27 43.01 48.83 47.17 51.87 46.04 10.77 35.34 39.41 29.02 29.27 13.42 12.04 0.0 14.14 36.07 45.34 31.02 22.8 31.26 17.09 48.6 45.79 48.76 50.77 19.7 47.13 31.78 
36.88 12.08 17.89 28.32 26.87 7.0 59.67 24.41 27.31 30.81 23.09 21.4 26.25 64.62 32.25 37.74 39.12 37.22 58.6 55.23 44.15 43.42 34.06 29.02 39.7 35.51 38.08 59.06 12.81 47.8 50.57 34.44 43.42 12.81 23.77 14.14 0.0 45.79 34.41 43.93 32.25 34.13 31.05 36.8 36.07 34.79 38.29 17.09 34.89 38.18 
15.52 57.8 57.28 18.68 47.42 42.54 21.47 42.49 50.01 76.55 30.53 66.22 71.55 21.0 78.03 59.14 45.4 28.07 50.96 9.43 14.56 89.05 78.87 72.45 84.5 81.3 74.55 53.6 33.12 13.04 7.62 60.01 30.27 34.01 24.08 36.07 45.79 0.0 59.14 15.52 13.6 21.59 33.24 64.07 81.22 73.16 68.01 33.96 80.62 12.37 
44.0 34.21 20.4 41.98 61.07 29.0 79.25 58.0 9.49 46.27 52.43 45.54 36.35 80.1 44.72 72.11 72.18 65.37 90.21 67.01 65.52 56.75 54.04 30.36 58.31 48.05 19.85 91.21 36.06 67.68 66.37 68.6 71.59 33.29 48.3 45.34 34.41 59.14 0.0 65.8 49.48 38.01 61.61 5.1 54.23 21.4 9.49 28.64 45.35 47.01 
26.87 55.79 59.01 24.17 36.88 43.05 15.81 32.53 56.32 73.16 22.83 61.74 70.09 22.67 75.27 47.01 31.62 14.32 35.44 20.4 1.0 85.0 73.82 72.69 79.26 78.19 78.23 38.08 33.02 5.0 12.37 48.83 15.0 35.01 20.22 31.02 43.93 15.52 65.8 0.0 16.55 32.02 21.4 70.34 76.48 76.03 73.76 37.66 78.11 24.08 
12.65 44.29 44.72 7.62 36.14 29.41 30.07 31.05 40.02 62.97 18.68 52.63 58.18 32.98 64.5 48.66 37.34 21.93 48.02 23.02 16.16 75.45 65.3 59.48 70.94 67.74 63.01 50.12 19.7 18.25 18.68 48.76 26.63 20.88 11.18 22.8 32.25 13.6 49.48 16.55 0.0 16.4 24.08 54.13 67.62 61.2 57.71 22.0 67.12 11.05 
6.08 44.69 39.96 10.44 48.01 28.43 42.72 43.05 29.27 63.7 31.4 55.47 56.73 42.3 64.35 61.03 52.2 38.08 64.35 29.0 31.4 76.42 68.01 55.76 73.6 67.88 54.82 66.37 22.47 32.25 29.12 60.07 43.01 21.47 23.54 31.26 34.13 21.59 38.01 32.02 16.4 0.0 38.9 43.05 69.81 54.08 47.17 17.69 66.53 9.22 
36.5 41.11 48.7 28.46 15.56 33.54 35.61 11.66 52.63 55.9 9.22 43.93 55.0 43.86 58.55 26.0 13.34 8.06 28.6 40.72 22.2 66.76 55.03 59.41 60.17 61.0 68.95 29.73 25.61 26.4 33.12 27.46 13.15 28.43 15.65 17.09 31.05 33.24 61.61 21.4 24.08 38.9 0.0 65.19 57.87 65.8 67.6 33.94 61.52 35.13 
49.01 34.93 21.02 46.69 63.66 32.02 84.01 60.88 14.14 45.0 56.08 45.61 35.0 85.05 43.1 74.2 75.29 69.32 93.74 72.03 70.09 54.74 53.08 28.28 57.01 46.27 15.62 94.63 39.82 72.37 71.25 70.46 75.58 37.12 52.39 48.6 36.8 64.07 5.1 70.34 54.13 43.05 65.19 0.0 53.0 17.89 4.47 32.89 43.42 52.0 
72.92 25.24 35.17 64.35 44.55 41.4 92.14 46.57 52.89 8.0 53.67 15.0 18.0 98.62 10.44 45.4 58.22 65.79 78.01 90.6 76.94 9.06 3.0 25.32 4.12 8.6 42.2 77.03 48.8 81.01 85.15 40.31 70.88 48.84 57.69 45.79 36.07 81.22 54.23 76.48 67.62 69.81 57.87 53.0 0.0 37.85 51.16 52.2 11.66 74.25 
59.48 27.2 17.26 54.59 60.03 33.24 91.05 58.6 26.08 30.08 57.49 34.41 20.62 93.9 27.46 68.25 73.35 71.59 93.23 82.0 76.01 38.01 38.6 12.65 41.59 30.15 4.47 93.52 43.1 79.03 79.63 63.78 77.88 41.01 56.22 48.76 34.79 73.16 21.4 76.03 61.2 54.08 65.8 17.89 37.85 0.0 14.56 39.32 27.07 62.1 
53.08 34.99 21.4 50.36 65.12 34.13 87.69 62.63 18.0 43.19 58.59 44.94 33.24 89.01 41.01 75.17 77.2 72.09 96.04 76.11 73.55 52.24 51.48 26.0 55.08 44.01 11.66 96.8 42.54 75.95 75.11 71.22 78.39 39.92 55.36 50.77 38.29 68.01 9.49 73.76 57.71 47.17 67.6 4.47 51.16 14.56 0.0 36.14 41.05 56.04 
21.63 27.02 23.41 15.3 37.34 10.82 52.04 33.11 19.24 46.01 24.76 38.08 39.2 54.59 46.69 50.0 45.8 36.89 62.37 43.01 37.48 58.73 50.48 38.91 56.04 50.21 41.01 63.66 8.94 40.11 40.31 47.85 43.05 6.32 19.72 19.7 17.09 33.96 28.64 37.66 22.0 17.69 33.94 32.89 52.2 39.32 36.14 0.0 48.92 23.71 
70.43 22.83 28.3 62.68 50.09 38.6 93.92 51.04 45.62 6.32 55.79 18.03 10.0 99.4 3.0 53.45 64.2 69.05 84.48 90.05 78.43 11.4 13.45 15.13 14.87 3.16 31.26 83.86 47.51 82.28 85.43 48.38 74.67 46.87 58.31 47.13 34.89 80.62 45.35 78.11 67.12 66.53 61.52 43.42 11.66 27.07 41.05 48.92 0.0 72.2 
3.16 49.68 47.01 10.0 46.69 33.6 33.62 41.59 38.05 68.77 29.27 59.46 62.68 33.14 69.81 59.41 48.37 32.57 58.14 20.1 23.35 81.47 72.18 62.61 77.83 73.25 63.15 60.42 25.5 23.6 19.92 59.23 36.67 25.5 21.38 31.78 38.18 12.37 47.01 24.08 11.05 9.22 35.13 52.0 74.25 62.1 56.04 23.71 72.2 0.0 
