100
0.0 12.73 7.62 59.91 34.48 12.04 25.5 74.33 58.22 17.09 37.11 20.62 18.03 53.15 27.66 49.25 28.23 66.07 45.4 49.04 23.35 71.57 8.0 79.03 28.86 44.18 58.31 43.08 45.28 57.14 63.16 77.83 46.53 39.7 34.71 30.41 30.87 80.06 44.05 49.34 41.19 51.97 32.8 17.03 11.31 23.02 63.07 46.39 31.4 61.77 49.65 18.87 44.1 75.17 72.57 29.41 64.2 69.81 44.0 8.06 71.81 29.07 45.65 13.45 56.4 17.46 9.22 61.13 22.8 55.36 52.55 55.01 22.02 73.88 20.62 79.06 22.8 57.8 34.93 62.77 26.48 13.6 61.07 48.38 11.66 39.6 70.18 27.07 73.01 73.55 49.09 16.28 49.37 63.56 18.6 53.16 6.32 34.99 12.04 13.93 
12.73 0.0 20.0 72.42 46.1 22.47 34.23 85.8 67.12 25.18 48.47 29.27 30.61 61.03 15.0 59.67 35.06 75.95 56.04 55.58 10.63 80.0 9.06 91.68 40.31 54.57 70.72 55.01 58.0 66.19 75.13 83.95 58.83 52.4 47.42 43.14 19.42 91.79 53.46 56.32 51.66 60.01 20.25 11.31 1.41 33.53 72.99 55.08 42.38 74.09 56.44 25.02 56.61 85.16 83.52 33.96 74.33 82.46 53.76 10.05 79.31 41.77 50.7 26.17 69.03 7.28 19.31 72.45 27.46 61.81 64.4 67.23 24.35 86.56 11.7 90.62 24.7 70.18 41.3 75.17 37.7 13.6 70.26 55.33 15.03 52.33 80.23 37.64 85.6 86.28 61.61 27.73 59.91 69.12 24.08 60.3 18.6 40.02 23.26 22.36 
7.62 20.0 0.0 52.43 30.15 6.4 19.7 66.76 51.62 12.73 29.61 15.26 12.37 47.13 34.66 46.04 23.6 59.0 38.12 49.24 30.48 65.12 13.04 71.7 21.38 37.01 50.77 38.08 38.42 55.11 57.87 72.5 38.95 32.53 27.59 23.6 36.89 72.45 41.98 49.19 34.01 50.92 39.62 24.33 18.6 16.12 56.0 40.02 24.08 55.95 49.65 15.81 38.01 68.03 65.12 26.25 57.04 63.25 37.12 12.53 65.8 21.93 47.01 6.71 49.93 23.6 10.82 53.6 20.25 50.09 44.94 49.4 21.19 66.6 28.16 71.47 22.14 51.89 30.23 55.23 23.09 16.28 54.33 42.95 13.04 32.65 63.03 20.02 65.6 66.6 41.62 13.6 46.01 58.67 21.63 47.54 1.41 31.14 10.82 10.0 
59.91 72.42 52.43 0.0 40.0 50.99 45.49 23.71 38.83 51.74 27.78 48.41 43.86 44.05 86.83 47.76 50.12 34.0 27.46 68.25 82.8 46.96 64.66 20.0 34.06 29.61 3.0 34.71 19.0 59.09 35.36 64.26 14.21 21.19 26.0 31.02 87.69 25.5 53.15 66.49 30.36 62.64 91.55 75.13 71.03 41.87 32.7 39.2 33.84 29.0 67.47 54.82 26.31 37.54 27.66 56.36 31.3 23.09 33.54 63.89 52.92 31.3 72.34 46.65 20.0 75.17 57.27 19.24 56.86 52.04 14.04 29.68 61.61 15.65 79.65 26.25 62.43 27.02 50.33 4.12 45.54 65.05 37.64 48.17 61.52 22.56 34.41 38.6 13.45 20.02 10.82 49.98 46.82 59.54 63.6 48.01 53.82 54.78 53.31 53.04 
34.48 46.1 30.15 40.0 0.0 34.06 40.85 61.98 61.22 39.46 35.38 39.29 18.0 60.83 60.83 16.76 46.82 63.53 44.2 29.97 56.36 74.06 42.2 54.41 31.62 44.69 40.11 9.22 21.0 27.78 29.15 87.0 32.89 21.19 18.87 15.56 65.19 65.19 16.28 28.65 42.45 26.91 66.19 43.42 44.78 34.54 60.9 53.08 35.0 29.0 29.53 43.42 14.56 70.77 63.6 51.92 60.83 39.66 47.38 41.98 77.47 18.44 32.76 24.0 26.83 51.87 26.83 51.87 47.68 66.84 41.44 21.93 50.16 49.04 48.41 65.49 51.16 25.5 51.89 44.01 8.6 46.39 62.43 60.0 43.19 18.68 66.21 35.36 50.01 45.62 31.58 18.38 16.49 76.06 27.66 63.13 31.26 54.78 22.85 38.12 
12.04 22.47 6.4 50.99 34.06 0.0 13.6 63.32 46.17 6.4 26.0 8.94 16.12 41.23 36.06 50.49 17.2 54.15 33.73 55.23 32.25 59.54 13.89 70.71 17.89 32.39 49.04 41.19 38.95 60.17 60.42 66.31 37.01 32.45 27.78 24.7 36.8 69.35 47.13 55.07 29.43 56.46 40.61 29.0 21.19 11.18 51.16 34.37 19.92 57.87 55.57 9.85 39.85 63.29 61.13 20.0 52.35 64.01 32.02 13.04 59.91 22.36 53.26 10.2 50.99 24.21 17.2 49.98 14.32 43.86 42.06 51.66 16.12 65.8 32.25 68.15 17.12 53.76 23.85 53.41 27.89 14.42 49.04 36.77 10.82 33.12 58.31 15.3 64.38 66.61 40.31 19.24 50.36 52.35 28.02 41.44 6.71 24.76 17.03 4.12 
25.5 34.23 19.7 45.49 40.85 13.6 0.0 53.34 33.0 9.06 17.8 5.0 25.0 27.66 45.88 57.58 6.08 41.77 22.83 66.07 42.72 46.17 25.18 65.46 12.37 21.02 43.01 45.89 38.47 68.45 63.0 52.8 31.38 31.4 28.02 27.29 44.42 59.91 55.95 65.6 18.36 66.04 49.66 42.19 33.14 6.32 38.83 21.02 11.66 59.21 66.22 10.3 42.01 50.99 50.16 12.04 40.26 62.64 19.65 24.19 46.32 24.19 65.07 20.52 50.8 33.84 30.41 39.96 11.4 30.41 33.94 54.0 16.28 61.06 45.0 58.31 17.03 55.15 11.4 47.01 36.89 22.47 36.06 23.26 19.65 33.14 46.1 7.28 58.82 63.56 35.78 30.41 57.25 39.12 41.18 27.86 20.25 13.93 29.41 12.0 
74.33 85.8 66.76 23.71 61.98 63.32 53.34 0.0 29.97 61.72 37.34 57.71 61.4 38.08 98.84 71.31 55.8 19.65 30.53 91.21 95.34 31.0 77.08 28.46 45.54 32.45 22.47 57.87 41.48 82.76 58.41 49.04 30.0 41.19 45.01 50.0 97.75 7.21 76.24 89.56 34.99 86.03 102.88 90.96 84.5 52.39 20.62 37.54 43.46 52.01 90.52 63.63 49.34 17.46 7.0 61.07 18.38 43.28 34.83 76.16 38.01 49.09 94.73 62.37 43.57 86.76 74.15 13.42 64.07 45.19 22.2 53.34 69.07 28.65 94.92 5.0 69.63 50.48 53.08 19.72 66.12 75.59 26.93 44.65 72.45 43.42 17.03 48.33 24.19 36.89 30.41 68.26 70.38 49.73 82.3 42.06 68.01 57.28 70.71 63.98 
58.22 67.12 51.62 38.83 61.22 46.17 33.0 29.97 0.0 42.01 26.08 38.0 52.0 8.49 77.67 75.66 32.56 11.31 17.03 90.7 74.97 13.6 58.08 54.15 32.31 16.64 35.9 61.55 46.62 87.68 71.12 26.63 31.91 41.77 42.52 45.8 74.63 37.12 77.47 89.63 19.24 88.09 80.78 75.11 66.07 35.51 9.43 12.04 28.79 65.31 90.44 42.3 54.04 19.72 23.85 36.06 11.66 61.85 14.87 57.08 16.28 43.27 91.79 50.0 55.46 65.92 61.61 21.02 41.0 15.23 25.63 63.29 45.61 52.01 78.0 34.48 45.88 62.18 27.51 37.22 61.4 54.59 3.61 15.62 52.24 44.6 15.62 31.78 48.01 58.42 36.24 58.87 74.97 21.0 71.84 12.21 52.47 30.87 59.48 45.0 
17.09 25.18 12.73 51.74 39.46 6.4 9.06 61.72 42.01 0.0 25.0 4.12 21.84 36.35 37.16 56.09 11.18 50.8 31.38 61.59 33.84 55.08 16.12 71.7 17.69 29.73 49.52 46.0 41.79 66.1 64.63 60.75 37.54 34.93 30.68 28.44 36.4 68.1 53.14 61.4 26.93 62.65 41.18 33.38 24.08 9.9 47.85 30.0 18.6 61.61 61.91 4.0 43.74 60.02 58.87 13.6 49.24 66.71 28.64 15.13 54.92 25.71 59.67 16.16 54.08 25.08 23.43 48.3 8.25 38.28 41.4 55.73 11.18 67.01 36.01 66.65 12.17 57.49 17.89 53.74 33.84 13.89 45.1 31.32 10.77 36.06 55.11 13.6 65.19 68.6 41.4 25.55 55.9 46.52 34.21 36.14 12.81 18.44 23.43 3.16 
37.11 48.47 29.61 27.78 35.38 26.0 17.8 37.34 26.08 25.0 0.0 21.26 26.68 25.61 61.77 50.61 22.36 30.59 9.49 64.64 58.14 39.36 39.81 47.71 8.25 9.43 25.24 36.89 24.52 62.48 50.22 51.62 13.93 18.03 17.2 19.85 61.4 43.38 51.66 63.6 7.07 62.29 66.04 53.94 47.17 15.26 27.66 18.03 6.4 45.4 64.4 27.59 30.46 39.2 35.51 28.64 28.28 46.53 12.04 38.91 42.2 17.2 65.76 26.0 36.06 49.74 38.0 24.04 29.21 32.25 16.4 41.48 34.06 43.42 57.72 42.15 34.83 41.59 23.35 29.21 35.36 38.83 27.73 26.0 35.51 20.62 34.23 11.4 41.05 46.49 18.68 33.73 50.0 41.34 47.38 28.3 30.81 27.66 35.13 26.93 
20.62 29.27 15.26 48.41 39.29 8.94 5.0 57.71 38.0 4.12 21.26 0.0 22.36 32.56 41.23 56.04 8.49 46.69 27.31 63.01 37.95 51.16 20.22 68.41 14.42 25.63 46.1 45.18 39.56 66.48 63.2 57.38 34.21 32.57 28.64 27.02 40.22 64.14 53.71 62.68 22.85 63.53 45.18 37.22 28.16 6.71 43.74 26.02 14.87 59.84 63.25 6.4 42.19 55.9 54.78 12.65 45.12 64.26 24.52 19.24 51.2 24.08 61.55 17.2 51.92 29.15 26.08 44.29 9.22 34.93 37.64 54.23 13.42 63.82 40.0 62.65 14.32 55.73 15.0 50.25 34.44 17.89 41.05 27.86 14.87 33.96 50.99 9.9 61.85 65.76 38.28 27.02 55.79 43.42 36.89 32.57 15.65 16.4 25.5 7.0 
18.03 30.61 12.37 43.86 18.0 16.12 25.0 61.4 52.0 21.84 26.68 22.36 0.0 49.4 45.61 34.37 30.53 57.27 36.14 41.11 41.23 65.55 25.08 62.13 19.7 35.74 42.72 25.71 27.66 44.27 45.54 75.72 31.78 22.83 17.89 13.04 48.76 66.29 31.38 40.61 32.89 41.18 50.8 31.38 29.21 19.1 54.34 41.68 23.26 43.83 41.23 25.71 26.08 65.76 61.0 34.93 54.92 51.86 37.16 24.7 67.54 12.65 40.61 6.0 38.42 35.36 13.42 49.01 30.08 54.04 39.2 37.16 32.25 56.86 36.06 65.76 33.24 39.82 36.4 47.17 12.08 28.64 54.08 46.86 25.32 22.2 60.83 21.4 56.44 55.9 33.24 7.07 34.23 63.13 21.0 50.8 13.6 38.59 9.49 20.22 
53.15 61.03 47.13 44.05 60.83 41.23 27.66 38.08 8.49 36.35 25.61 32.56 49.4 0.0 70.71 76.22 26.0 19.8 18.38 89.5 68.26 19.1 52.09 60.83 30.0 17.0 41.05 62.43 48.75 88.09 74.09 26.4 34.79 43.05 42.8 45.28 67.19 45.28 77.08 88.62 18.6 87.68 73.55 69.72 60.07 31.38 17.8 7.81 26.4 68.62 89.38 36.01 55.57 28.02 32.2 28.64 20.0 66.61 13.6 51.09 18.68 42.43 89.87 46.52 58.82 59.21 57.58 27.89 34.13 8.0 30.15 65.8 38.47 58.22 72.25 42.72 38.64 65.19 20.22 43.05 59.82 48.04 12.04 7.21 46.01 45.79 24.08 28.18 54.45 64.01 39.56 55.95 75.6 16.16 68.15 4.12 47.8 23.09 55.95 39.46 
27.66 15.0 34.66 86.83 60.83 36.06 45.88 98.84 77.67 37.16 61.77 41.23 45.61 70.71 0.0 73.68 45.12 87.36 68.54 67.01 4.47 89.81 22.2 106.3 53.85 66.85 85.0 69.84 72.92 79.25 89.94 91.2 73.01 67.18 62.23 58.05 8.6 105.12 66.94 68.07 64.08 72.44 5.39 20.02 16.4 46.53 84.48 65.73 55.47 89.04 68.03 35.74 71.61 96.57 96.01 42.19 86.02 97.45 65.46 23.02 88.14 56.57 61.13 41.04 84.02 12.08 34.0 85.43 36.67 70.03 78.03 82.15 32.25 101.24 16.12 103.75 32.14 85.15 50.49 89.4 52.33 23.41 81.02 64.28 26.4 67.21 91.76 50.54 100.12 101.18 76.06 42.54 74.0 76.16 36.67 69.26 33.24 48.09 38.08 34.89 
49.25 59.67 46.04 47.76 16.76 50.49 57.58 71.31 75.66 56.09 50.61 56.04 34.37 76.22 73.68 0.0 63.57 76.4 58.73 22.2 69.26 87.86 57.22 57.0 47.89 59.55 48.85 14.21 30.53 12.04 21.93 101.98 45.0 33.97 33.42 31.38 79.08 73.08 8.6 20.1 57.63 15.13 79.06 54.63 58.46 51.26 74.03 68.6 51.11 25.5 21.1 60.02 22.47 82.68 74.24 68.68 73.6 38.47 62.63 57.14 91.92 34.48 28.46 40.31 29.27 66.1 40.61 63.29 64.33 82.66 53.25 20.0 66.61 52.04 59.51 74.0 67.6 24.02 68.54 51.87 23.0 62.01 76.42 76.01 59.01 31.14 78.49 51.89 54.33 46.17 42.19 33.06 1.0 91.84 37.58 78.82 47.01 71.51 37.22 54.59 
28.23 35.06 23.6 50.12 46.82 17.2 6.08 55.8 32.56 11.18 22.36 8.49 30.53 26.0 45.12 63.57 0.0 42.38 25.5 71.4 42.43 45.04 26.17 69.97 18.11 23.43 47.51 51.97 44.28 74.32 69.01 49.65 36.25 37.22 34.0 33.38 42.54 62.63 61.72 71.03 21.21 71.69 48.38 44.15 34.13 12.37 39.56 20.62 16.76 65.12 71.61 10.05 48.04 51.55 51.97 6.32 41.23 68.15 21.1 25.18 44.28 30.27 70.04 25.61 56.57 33.38 34.41 42.64 8.54 27.2 37.8 60.01 13.42 65.76 46.39 60.8 13.89 61.07 6.71 51.31 42.54 22.09 35.9 20.4 20.02 39.05 46.82 13.04 63.29 68.71 40.85 35.47 63.25 35.34 45.22 25.32 23.85 8.06 33.97 14.32 
66.07 75.95 59.0 34.0 63.53 54.15 41.77 19.65 11.31 50.8 30.59 46.69 57.27 19.8 87.36 76.4 42.38 0.0 21.21 93.48 84.4 13.0 66.91 46.17 38.21 22.02 31.38 62.2 46.1 88.41 68.6 30.81 31.4 42.72 44.72 48.85 84.86 26.57 79.4 92.18 25.02 89.89 90.76 83.1 74.81 43.05 3.0 21.93 35.06 62.43 93.06 51.66 54.04 9.22 13.0 46.52 2.83 56.86 22.2 65.92 19.42 46.82 95.46 56.32 52.8 75.43 68.26 14.76 50.92 26.08 23.35 61.62 55.71 44.91 86.37 23.77 56.08 59.82 38.01 31.38 65.19 64.03 7.81 26.91 61.39 45.49 4.47 39.01 40.61 52.2 34.66 64.33 75.6 30.08 77.93 23.43 60.01 41.68 65.62 53.6 
45.4 56.04 38.12 27.46 44.2 33.73 22.83 30.53 17.03 31.38 9.49 27.31 36.14 18.38 68.54 58.73 25.5 21.21 0.0 73.78 65.19 30.02 47.13 46.24 17.03 2.24 24.52 44.69 30.41 70.72 55.71 43.28 16.49 25.0 25.5 28.84 67.23 37.2 60.44 72.67 4.47 71.06 72.45 62.39 54.82 22.56 18.25 12.04 14.04 50.29 73.5 33.12 37.44 30.02 27.51 31.14 19.03 49.04 6.08 46.17 33.3 26.42 75.13 35.13 40.52 56.46 47.1 17.2 33.6 25.96 13.6 47.42 38.6 42.72 65.92 35.51 39.2 46.82 23.85 27.51 44.72 45.19 18.36 21.02 42.15 27.8 25.02 18.44 39.56 47.38 21.38 43.17 58.05 34.54 56.72 21.84 39.2 28.3 44.41 33.84 
49.04 55.58 49.24 68.25 29.97 55.23 66.07 91.21 90.7 61.59 64.64 63.01 41.11 89.5 67.01 22.2 71.4 93.48 73.78 0.0 63.01 103.77 56.61 79.06 59.55 74.06 68.88 33.54 49.73 17.03 43.68 115.88 62.77 51.08 48.76 44.94 74.11 93.74 15.13 2.24 71.61 8.6 72.06 47.0 54.74 60.21 90.82 81.69 63.13 47.68 1.41 65.0 41.98 100.72 93.3 75.17 90.79 60.67 76.4 56.92 106.83 47.43 7.81 45.8 51.01 62.8 39.92 81.71 69.46 94.79 71.31 42.11 70.21 74.01 51.09 94.37 71.11 46.17 77.47 72.37 29.73 62.63 92.11 87.69 60.54 48.47 96.18 62.23 76.06 68.36 61.03 36.06 23.19 103.97 31.58 91.35 49.65 79.4 38.47 59.17 
23.35 10.63 30.48 82.8 56.36 32.25 42.72 95.34 74.97 33.84 58.14 37.95 41.23 68.26 4.47 69.26 42.43 84.4 65.19 63.01 0.0 87.37 18.36 102.18 50.12 63.57 81.02 65.37 68.62 74.97 85.48 89.56 69.07 62.97 58.0 53.76 11.4 101.52 62.59 64.01 60.75 68.26 9.85 16.03 12.04 42.95 81.49 62.97 51.89 84.6 64.0 32.76 67.2 93.62 92.7 40.0 82.97 93.09 62.36 19.24 86.01 52.35 57.31 36.77 79.65 9.06 29.53 81.94 34.13 68.03 74.3 77.7 30.0 97.08 12.65 100.22 30.02 80.71 48.09 85.45 47.85 20.4 78.26 62.03 23.09 62.94 88.77 47.01 96.05 96.9 72.01 38.08 69.57 74.55 32.39 67.03 29.07 46.01 33.62 31.38 
71.57 80.0 65.12 46.96 74.06 59.54 46.17 31.0 13.6 55.08 39.36 51.16 65.55 19.1 89.81 87.86 45.04 13.0 30.02 103.77 87.37 0.0 71.01 58.69 45.88 29.97 44.29 73.66 58.0 99.9 81.27 18.11 43.14 53.91 55.22 58.83 86.12 37.22 90.21 102.63 32.7 100.8 92.57 88.36 79.01 49.03 14.42 25.18 42.38 75.17 103.46 55.01 65.76 14.56 24.0 47.68 15.65 69.86 28.46 70.01 7.07 56.44 105.12 63.6 65.46 78.31 75.19 27.73 53.24 21.47 35.61 74.03 57.56 57.72 91.09 34.23 57.71 72.42 39.32 44.38 74.71 67.12 11.66 25.71 65.01 56.73 14.04 45.35 53.37 65.15 46.86 72.45 87.11 21.4 85.44 20.88 65.92 41.98 73.08 58.14 
8.0 9.06 13.04 64.66 42.2 13.89 25.18 77.08 58.08 16.12 39.81 20.22 25.08 52.09 22.2 57.22 26.17 66.91 47.13 56.61 18.36 71.01 0.0 84.22 31.76 45.61 62.8 50.6 51.4 65.12 70.58 75.43 50.8 45.34 40.46 36.62 23.85 83.19 52.04 57.01 42.72 59.84 26.91 18.38 8.0 24.7 63.95 46.04 33.62 68.88 57.28 16.12 51.0 76.12 74.63 25.63 65.31 76.28 44.72 1.0 70.46 34.83 52.8 19.72 62.97 10.63 17.12 63.69 18.97 53.15 55.95 62.24 16.64 79.21 20.22 81.94 17.2 64.85 32.56 67.2 34.37 6.4 61.2 46.53 6.32 45.61 71.2 28.79 77.99 79.51 53.91 24.19 57.31 60.73 25.5 51.48 11.66 31.62 20.02 13.34 
79.03 91.68 71.7 20.0 54.41 70.71 65.46 28.46 54.15 71.7 47.71 68.41 62.13 60.83 106.3 57.0 69.97 46.17 46.24 79.06 102.18 58.69 84.22 0.0 54.04 48.47 22.47 46.87 34.89 66.48 38.08 76.79 34.21 39.41 44.41 49.09 107.49 24.7 64.2 77.03 49.66 72.03 111.13 93.49 90.27 61.85 46.01 57.28 53.82 32.39 78.03 74.81 39.85 45.88 35.17 76.16 44.05 19.92 52.2 83.49 65.49 50.0 84.48 65.6 28.28 94.79 75.47 33.14 76.84 68.73 32.7 37.0 81.61 5.39 98.18 27.29 82.42 33.02 69.78 18.79 61.47 84.9 52.01 65.97 81.34 39.96 44.72 58.6 6.71 11.7 30.41 67.6 56.0 75.11 80.53 64.94 73.11 74.25 71.34 72.92 
28.86 40.31 21.38 34.06 31.62 17.89 12.37 45.54 32.31 17.69 8.25 14.42 19.7 30.0 53.85 47.89 18.11 38.21 17.03 59.55 50.12 45.88 31.76 54.04 0.0 16.28 31.83 35.11 26.17 59.36 51.09 56.4 19.85 19.1 16.12 16.55 53.91 51.48 47.63 58.73 13.34 58.14 58.25 45.71 39.0 7.81 35.23 22.2 3.61 47.04 59.46 20.81 30.27 47.04 43.74 24.33 36.06 50.29 17.46 30.89 47.89 13.42 59.91 18.11 38.47 41.88 30.07 32.28 23.26 35.38 24.19 42.11 27.78 49.41 49.48 50.33 28.65 43.01 21.38 36.07 29.83 31.24 34.48 28.43 27.8 21.0 42.05 5.1 47.51 51.43 23.85 26.57 47.41 44.6 39.81 31.83 22.56 25.08 27.46 19.21 
44.18 54.57 37.01 29.61 44.69 32.39 21.02 32.45 16.64 29.73 9.43 25.63 35.74 17.0 66.85 59.55 23.43 22.02 2.24 74.06 63.57 29.97 45.61 48.47 16.28 0.0 26.68 45.61 31.78 71.51 57.25 42.45 18.25 26.08 26.17 29.21 65.37 39.2 60.96 73.01 3.0 71.59 70.68 61.2 53.37 21.21 19.03 10.2 13.04 51.92 73.82 31.3 38.59 31.02 29.15 29.0 20.02 51.01 4.0 44.64 32.8 26.63 75.18 34.37 42.2 54.78 46.27 19.21 31.62 24.35 15.81 48.85 36.62 44.92 64.63 37.44 37.2 48.38 21.63 29.73 44.78 43.46 18.38 19.1 40.5 28.84 26.02 17.12 41.79 49.5 23.19 42.72 58.9 33.11 56.09 20.25 38.05 26.08 43.74 32.28 
58.31 70.72 50.77 3.0 40.11 49.04 43.01 22.47 35.9 49.52 25.24 46.1 42.72 41.05 85.0 48.85 47.51 31.38 24.52 68.88 81.02 44.29 62.8 22.47 31.83 26.68 0.0 35.44 19.24 60.37 37.54 61.47 12.04 20.4 25.0 30.08 85.63 25.08 53.85 67.19 27.51 63.57 89.64 73.82 69.34 39.62 29.97 36.22 31.4 31.24 68.15 52.5 26.93 35.36 25.81 53.71 28.65 25.96 30.59 62.01 50.16 30.08 72.69 45.18 21.93 73.25 56.08 16.64 54.41 49.04 11.05 31.4 59.2 18.38 78.26 25.5 60.0 29.0 47.54 4.47 45.18 62.97 34.79 45.18 59.46 22.09 32.02 36.24 15.81 23.02 9.49 49.04 47.93 56.57 62.82 45.01 52.15 52.0 52.2 50.93 
43.08 55.01 38.08 34.71 9.22 41.19 45.89 57.87 61.55 46.0 36.89 45.18 25.71 62.43 69.84 14.21 51.97 62.2 44.69 33.54 65.37 73.66 50.6 46.87 35.11 45.61 35.44 0.0 16.55 26.25 20.12 87.97 30.81 19.8 19.72 18.68 73.93 60.21 18.44 31.78 43.83 28.23 75.18 52.63 53.67 39.62 59.82 54.92 38.08 19.8 32.76 50.0 8.54 68.6 60.42 57.56 59.41 30.89 48.83 50.29 77.79 21.84 38.0 31.58 18.68 60.54 35.85 49.24 54.04 69.12 39.12 12.73 57.04 41.59 57.63 60.88 58.03 16.4 56.32 38.83 17.8 54.34 62.24 62.65 50.99 16.97 64.35 39.56 43.1 37.34 28.18 27.29 13.45 78.23 36.8 65.19 39.29 59.67 31.76 45.1 
45.28 58.0 38.42 19.0 21.0 38.95 38.47 41.48 46.62 41.79 24.52 39.56 27.66 48.75 72.92 30.53 44.28 46.1 30.41 49.73 68.62 58.0 51.4 34.89 26.17 31.78 19.24 16.55 0.0 42.44 25.71 73.24 14.87 7.07 11.18 14.87 75.21 44.28 34.79 48.08 30.68 44.78 77.99 58.82 56.59 32.98 43.86 41.79 28.0 21.02 49.04 45.54 8.06 52.15 43.86 50.49 43.28 25.06 35.47 50.8 62.63 16.64 53.46 31.89 12.37 62.01 40.8 32.76 48.76 56.08 22.8 17.09 52.81 29.53 63.6 44.72 53.76 17.12 47.01 23.02 26.93 53.34 46.86 50.29 49.74 5.83 48.01 31.26 29.73 28.28 11.66 32.76 29.68 64.88 45.69 52.0 39.82 51.01 36.62 42.05 
57.14 66.19 55.11 59.09 27.78 60.17 68.45 82.76 87.68 66.1 62.48 66.48 44.27 88.09 79.25 12.04 74.32 88.41 70.72 17.03 74.97 99.9 65.12 66.48 59.36 71.51 60.37 26.25 42.44 0.0 29.02 113.95 57.01 46.01 45.34 43.01 85.48 84.15 13.15 14.87 69.53 8.49 84.53 59.44 65.12 62.17 86.05 80.43 62.68 34.13 15.62 69.92 34.41 94.58 85.96 79.12 85.6 47.04 74.52 65.19 103.95 46.04 24.76 50.0 39.85 73.06 48.04 75.17 74.33 94.4 65.22 30.08 76.16 61.81 64.03 85.23 77.13 33.73 79.61 63.16 32.28 70.46 88.46 87.66 67.74 43.19 90.44 63.13 64.54 55.15 54.08 41.59 12.81 103.6 42.58 90.6 55.9 82.35 45.28 64.29 
63.16 75.13 57.87 35.36 29.15 60.42 63.0 58.41 71.12 64.63 50.22 63.2 45.54 74.09 89.94 21.93 69.01 68.6 55.71 43.68 85.48 81.27 70.58 38.08 51.09 57.25 37.54 20.12 25.71 29.02 0.0 97.62 39.4 32.39 35.01 36.22 94.02 58.31 30.41 41.48 56.32 35.69 95.29 72.42 73.79 57.04 66.85 67.36 53.34 6.4 42.45 68.59 21.02 72.86 62.97 75.01 65.8 18.25 61.03 70.23 86.61 39.12 50.33 51.24 15.81 80.62 55.95 54.04 72.34 81.6 45.79 9.0 75.8 33.84 77.42 59.91 76.79 8.94 72.34 38.95 37.74 74.04 70.83 75.96 70.6 30.15 69.53 56.04 37.16 26.48 34.89 47.41 21.02 90.25 56.08 77.49 59.14 76.16 51.88 64.13 
77.83 83.95 72.5 64.26 87.0 66.31 52.8 49.04 26.63 60.75 51.62 57.38 75.72 26.4 91.2 101.98 49.65 30.81 43.28 115.88 89.56 18.11 75.43 76.79 56.4 42.45 61.47 87.97 73.24 113.95 97.62 0.0 58.52 68.25 68.62 71.45 86.01 55.04 103.28 114.98 44.55 113.9 93.01 93.68 83.2 57.31 31.62 34.21 52.8 91.71 115.75 59.48 80.6 32.06 42.05 50.01 33.24 87.32 39.62 74.46 11.4 68.68 116.25 72.56 81.88 80.75 83.19 45.22 56.52 22.47 51.88 89.89 59.84 75.71 95.57 52.04 59.68 88.68 43.01 61.98 86.21 70.41 26.83 29.55 69.12 71.06 32.14 54.38 71.39 82.97 62.77 82.15 101.32 15.03 93.91 25.06 73.01 43.93 81.88 63.91 
46.53 58.83 38.95 14.21 32.89 37.01 31.38 30.0 31.91 37.54 13.93 34.21 31.78 34.79 73.01 45.0 36.25 31.4 16.49 62.77 69.07 43.14 50.8 34.21 19.85 18.25 12.04 30.81 14.87 57.01 39.4 58.52 0.0 11.7 15.03 20.0 73.59 34.53 48.3 61.33 18.0 58.67 77.62 62.39 57.45 27.66 29.07 28.44 19.72 33.84 62.24 40.61 22.67 38.01 30.81 42.54 28.6 33.06 22.2 50.0 47.8 19.24 65.52 33.62 24.04 61.22 44.92 18.97 42.72 42.45 8.54 31.38 47.43 29.68 66.71 34.13 48.26 30.46 37.11 16.4 36.22 50.93 32.02 37.34 47.42 14.32 33.62 24.41 27.66 32.57 5.0 38.47 44.2 50.92 52.47 38.33 40.31 41.48 41.23 38.9 
39.7 52.4 32.53 21.19 21.19 32.45 31.4 41.19 41.77 34.93 18.03 32.57 22.83 43.05 67.18 33.97 37.22 42.72 25.0 51.08 62.97 53.91 45.34 39.41 19.1 26.08 20.4 19.8 7.07 46.01 32.39 68.25 11.7 0.0 5.0 9.85 69.03 45.04 36.72 49.66 24.6 47.17 72.14 54.2 50.99 25.96 40.22 35.78 21.02 28.0 50.57 38.63 12.53 49.66 42.45 43.42 39.96 31.78 29.53 44.69 58.0 10.63 53.85 26.25 19.42 55.97 36.24 30.68 41.76 50.09 20.25 23.54 45.88 34.21 58.83 45.01 46.82 24.02 40.05 24.74 25.0 46.87 42.45 44.01 43.27 2.83 45.18 24.19 33.62 34.21 11.05 28.79 33.24 59.06 42.45 46.07 33.94 44.0 32.2 35.36 
34.71 47.42 27.59 26.0 18.87 27.78 28.02 45.01 42.52 30.68 17.2 28.64 17.89 42.8 62.23 33.42 34.0 44.72 25.5 48.76 58.0 55.22 40.46 44.41 16.12 26.17 25.0 19.72 11.18 45.34 35.01 68.62 15.03 5.0 0.0 5.1 64.2 49.25 35.0 47.51 24.21 45.61 67.21 49.24 46.01 22.2 42.06 35.23 18.68 31.26 48.37 34.48 14.14 52.2 45.71 40.05 42.05 36.24 29.21 39.82 58.8 5.66 50.92 21.26 23.41 51.09 31.3 33.73 37.85 49.4 23.35 26.02 41.76 39.2 53.85 49.04 42.72 27.17 37.48 29.41 21.21 42.19 43.6 42.94 38.59 5.39 47.54 21.02 38.59 39.05 15.52 24.04 32.8 58.52 37.85 45.49 29.0 41.19 27.31 30.87 
30.41 43.14 23.6 31.02 15.56 24.7 27.29 50.0 45.8 28.44 19.85 27.02 13.04 45.28 58.05 31.38 33.38 48.85 28.84 44.94 53.76 58.83 36.62 49.09 16.55 29.21 30.08 18.68 14.87 43.01 36.22 71.45 20.0 9.85 5.1 0.0 60.46 54.33 31.83 43.83 26.91 42.45 63.13 44.42 41.73 21.1 46.1 37.54 19.72 33.24 44.65 32.39 15.3 56.61 50.49 39.12 46.24 39.66 31.83 36.06 62.01 3.16 46.62 17.03 26.42 47.2 26.42 38.47 36.12 51.4 28.16 27.29 39.62 43.83 49.09 54.08 40.61 29.12 37.64 34.48 16.49 38.91 47.17 44.65 35.34 9.22 51.87 20.88 43.42 43.14 20.62 18.97 30.89 60.61 32.76 47.63 25.0 41.0 22.36 28.16 
30.87 19.42 36.89 87.69 65.19 36.8 44.42 97.75 74.63 36.4 61.4 40.22 48.76 67.19 8.6 79.08 42.54 84.86 67.23 74.11 11.4 86.12 23.85 107.49 53.91 65.37 85.63 73.93 75.21 85.48 94.02 86.01 73.59 69.03 64.2 60.46 0.0 104.31 72.84 75.03 62.77 79.06 7.28 27.29 20.62 46.23 82.08 62.97 55.0 92.59 75.06 34.13 74.79 93.98 94.37 38.6 83.77 100.12 63.51 24.41 83.86 58.6 68.59 43.57 86.82 13.42 38.6 84.38 34.01 65.62 77.8 85.87 29.15 102.59 24.04 102.73 28.79 88.59 47.13 89.94 56.92 22.67 78.11 60.42 26.17 69.4 89.32 50.0 101.12 103.23 77.08 46.82 79.31 71.03 43.05 65.31 35.51 44.15 42.38 34.71 
80.06 91.79 72.45 25.5 65.19 69.35 59.91 7.21 37.12 68.1 43.38 64.14 66.29 45.28 105.12 73.08 62.63 26.57 37.2 93.74 101.52 37.22 83.19 24.7 51.48 39.2 25.08 60.21 44.28 84.15 58.31 55.04 34.53 45.04 49.25 54.33 104.31 0.0 78.64 91.98 41.62 88.06 109.27 96.46 90.47 58.59 27.73 44.69 49.65 51.97 92.96 70.18 51.79 23.0 13.6 68.01 25.5 41.87 41.77 82.29 44.28 53.76 97.74 67.72 44.38 93.06 79.31 20.0 70.8 52.33 27.51 54.23 75.8 26.17 100.57 3.0 76.4 50.99 60.11 21.38 70.03 81.99 34.01 51.87 78.77 47.0 23.54 54.59 21.93 34.66 34.01 72.99 72.12 56.61 86.98 49.24 73.74 64.35 75.71 70.24 
44.05 53.46 41.98 53.15 16.28 47.13 55.95 76.24 77.47 53.14 51.66 53.71 31.38 77.08 66.94 8.6 61.72 79.4 60.44 15.13 62.59 90.21 52.04 64.2 47.63 60.96 53.85 18.44 34.79 13.15 30.41 103.28 48.3 36.72 35.0 31.83 72.84 78.64 0.0 13.34 58.73 10.63 72.28 47.43 52.35 49.74 76.85 69.31 51.09 33.53 14.32 56.92 26.93 86.31 78.55 66.31 76.66 46.32 63.66 52.09 93.72 34.66 20.4 37.0 36.01 60.21 35.0 67.12 61.35 82.98 56.8 27.46 63.06 59.08 52.2 79.31 64.03 31.58 67.23 57.27 19.31 57.31 78.6 76.06 54.59 34.0 81.88 51.04 61.01 53.76 46.24 28.44 9.43 92.2 30.36 79.31 42.76 69.77 32.14 51.24 
49.34 56.32 49.19 66.49 28.65 55.07 65.6 89.56 89.63 61.4 63.6 62.68 40.61 88.62 68.07 20.1 71.03 92.18 72.67 2.24 64.01 102.63 57.01 77.03 58.73 73.01 67.19 31.78 48.08 14.87 41.48 114.98 61.33 49.66 47.51 43.83 75.03 91.98 13.34 0.0 70.6 6.4 73.17 48.04 55.44 59.67 89.55 80.81 62.29 45.54 1.0 64.88 40.26 99.32 91.76 74.95 89.47 58.55 75.43 57.28 105.8 46.4 9.9 45.49 49.04 63.51 40.16 80.23 69.35 94.05 69.86 40.05 70.26 72.0 52.24 92.65 71.18 44.1 77.01 70.61 29.0 62.94 90.97 86.98 60.75 47.01 94.81 61.55 74.11 66.27 59.46 35.85 21.1 103.24 32.25 90.55 49.66 79.06 38.48 59.06 
41.19 51.66 34.01 30.36 42.45 29.43 18.36 34.99 19.24 26.93 7.07 22.85 32.89 18.6 64.08 57.63 21.21 25.02 4.47 71.61 60.75 32.7 42.72 49.66 13.34 3.0 27.51 43.83 30.68 69.53 56.32 44.55 18.0 24.6 24.21 26.91 62.77 41.62 58.73 70.6 0.0 69.35 67.98 58.22 50.45 18.25 22.02 11.18 10.05 51.2 71.4 28.65 37.12 34.01 31.95 27.02 23.02 51.04 5.0 41.76 35.23 24.21 72.56 31.4 41.59 52.0 43.29 21.63 29.21 25.5 17.0 47.76 34.21 45.88 61.66 39.96 34.83 47.54 20.12 30.87 42.19 40.72 21.19 19.65 37.7 27.29 29.02 14.14 42.95 50.01 23.0 39.85 57.01 34.48 53.15 21.47 35.06 24.6 40.79 29.41 
51.97 60.01 50.92 62.64 26.91 56.46 66.04 86.03 88.09 62.65 62.29 63.53 41.18 87.68 72.44 15.13 71.69 89.89 71.06 8.6 68.26 100.8 59.84 72.03 58.14 71.59 63.57 28.23 44.78 8.49 35.69 113.9 58.67 47.17 45.61 42.45 79.06 88.06 10.63 6.4 69.35 0.0 77.65 52.47 59.03 59.91 87.37 79.91 61.62 40.11 7.21 66.31 36.77 96.65 88.64 76.03 87.13 53.15 74.28 60.02 104.35 45.25 16.28 46.52 44.41 67.07 42.76 77.37 70.77 93.51 67.12 35.06 72.11 67.12 56.89 88.89 73.05 39.01 77.39 66.76 29.15 65.51 89.2 86.56 63.06 44.42 92.28 61.4 69.46 61.03 56.36 37.34 16.12 102.73 36.01 89.87 51.55 79.76 40.52 60.54 
32.8 20.25 39.62 91.55 66.19 40.61 49.66 102.88 80.78 41.18 66.04 45.18 50.8 73.55 5.39 79.06 48.38 90.76 72.45 72.06 9.85 92.57 26.91 111.13 58.25 70.68 89.64 75.18 77.99 84.53 95.29 93.01 77.62 72.14 67.21 63.13 7.28 109.27 72.28 73.17 67.98 77.65 0.0 25.18 21.63 50.77 87.92 68.96 59.68 94.34 73.11 39.4 76.84 99.93 99.81 44.91 89.54 102.62 69.08 27.66 90.55 61.55 66.03 46.1 89.2 16.4 39.36 89.47 39.85 72.34 82.38 87.46 35.17 106.1 21.0 107.82 34.93 90.43 53.37 94.02 57.7 27.29 84.2 66.91 30.53 72.25 95.19 54.71 104.89 106.22 80.81 47.89 79.38 78.0 41.98 71.85 38.21 50.64 43.42 39.12 
17.03 11.31 24.33 75.13 43.42 29.0 42.19 90.96 75.11 33.38 53.94 37.22 31.38 69.72 20.02 54.63 44.15 83.1 62.39 47.0 16.03 88.36 18.38 93.49 45.71 61.2 73.82 52.63 58.82 59.44 72.42 93.68 62.39 54.2 49.24 44.42 27.29 96.46 47.43 48.04 58.22 52.47 25.18 0.0 11.4 40.05 80.1 63.2 48.37 72.35 48.01 34.21 55.9 92.2 89.44 44.01 81.22 82.07 61.01 19.31 88.28 43.83 41.3 28.79 68.68 18.03 18.03 77.88 37.34 71.31 68.96 65.3 34.89 88.2 5.0 95.6 35.36 68.68 50.7 78.29 34.83 24.19 78.03 64.54 24.7 53.54 87.21 44.1 87.82 86.83 64.4 26.25 55.04 79.06 17.09 69.43 23.19 49.98 22.2 30.27 
11.31 1.41 18.6 71.03 44.78 21.19 33.14 84.5 66.07 24.08 47.17 28.16 29.21 60.07 16.4 58.46 34.13 74.81 54.82 54.74 12.04 79.01 8.0 90.27 39.0 53.37 69.34 53.67 56.59 65.12 73.79 83.2 57.45 50.99 46.01 41.73 20.62 90.47 52.35 55.44 50.45 59.03 21.63 11.4 0.0 32.28 71.85 54.04 41.11 72.72 55.58 24.08 55.22 84.01 82.28 33.24 73.16 81.06 52.61 9.0 78.41 40.36 50.0 24.76 67.62 8.06 18.03 71.17 26.68 61.0 63.07 65.86 23.77 85.15 12.37 89.32 24.17 68.8 40.45 73.78 36.4 13.0 69.18 54.45 14.14 50.91 79.08 36.4 84.2 84.86 60.22 26.4 58.69 68.41 23.19 59.41 17.2 39.29 21.93 21.21 
23.02 33.53 16.12 41.87 34.54 11.18 6.32 52.39 35.51 9.9 15.26 6.71 19.1 31.38 46.53 51.26 12.37 43.05 22.56 60.21 42.95 49.03 24.7 61.85 7.81 21.21 39.62 39.62 32.98 62.17 57.04 57.31 27.66 25.96 22.2 21.1 46.23 58.59 49.74 59.67 18.25 59.91 50.77 40.05 32.28 0.0 40.05 24.04 8.94 53.46 60.31 13.04 36.01 52.15 50.0 18.03 41.19 57.58 21.02 23.77 49.98 18.03 59.55 15.26 45.35 34.48 26.25 39.0 15.81 35.23 31.62 48.04 20.12 57.2 43.42 57.27 21.02 49.37 17.49 43.84 30.81 23.6 38.21 28.02 20.25 27.46 47.17 4.12 55.32 59.06 31.62 25.0 50.92 44.2 36.77 32.25 17.03 20.25 24.6 11.66 
63.07 72.99 56.0 32.7 60.9 51.16 38.83 20.62 9.43 47.85 27.66 43.74 54.34 17.8 84.48 74.03 39.56 3.0 18.25 90.82 81.49 14.42 63.95 46.01 35.23 19.03 29.97 59.82 43.86 86.05 66.85 31.62 29.07 40.22 42.06 46.1 82.08 27.73 76.85 89.55 22.02 87.37 87.92 80.1 71.85 40.05 0.0 19.24 32.06 60.75 90.43 48.76 51.74 12.17 14.42 43.83 2.24 55.71 19.24 62.97 20.25 44.01 92.7 53.34 51.04 72.53 65.28 13.6 48.1 24.6 21.26 59.67 52.92 44.41 83.38 25.06 53.31 58.01 35.36 30.36 62.39 61.13 6.32 24.76 58.46 43.01 7.28 36.01 40.2 51.42 32.56 61.39 73.25 29.43 74.97 21.63 57.01 39.12 62.65 50.64 
46.39 55.08 40.02 39.2 53.08 34.37 21.02 37.54 12.04 30.0 18.03 26.02 41.68 7.81 65.73 68.6 20.62 21.93 12.04 81.69 62.97 25.18 46.04 57.28 22.2 10.2 36.22 54.92 41.79 80.43 67.36 34.21 28.44 35.78 35.23 37.54 62.97 44.69 69.31 80.81 11.18 79.91 68.96 63.2 54.04 24.04 19.24 0.0 18.6 62.1 81.57 30.27 48.3 31.02 32.65 24.6 21.1 61.07 6.32 45.04 26.0 34.66 82.1 39.0 52.39 53.94 50.29 25.55 29.12 14.32 25.18 58.87 33.84 54.13 66.01 42.45 34.18 58.52 16.12 38.83 52.01 42.58 15.3 9.0 40.2 38.47 26.4 20.62 50.7 59.21 33.38 48.3 68.01 23.32 60.75 10.3 40.79 20.0 48.47 33.02 
31.4 42.38 24.08 33.84 35.0 19.92 11.66 43.46 28.79 18.6 6.4 14.87 23.26 26.4 55.47 51.11 16.76 35.06 14.04 63.13 51.89 42.38 33.62 53.82 3.61 13.04 31.4 38.08 28.0 62.68 53.34 52.8 19.72 21.02 18.68 19.72 55.0 49.65 51.09 62.29 10.05 61.62 59.68 48.37 41.11 8.94 32.06 18.6 0.0 49.01 63.03 21.21 32.76 44.0 41.23 23.09 33.0 51.42 13.93 32.7 44.29 16.64 63.51 21.38 40.11 43.42 33.24 30.08 23.02 31.89 22.8 44.41 27.8 49.4 51.97 48.33 28.6 45.04 19.03 35.47 33.42 32.45 31.05 25.0 29.15 23.19 39.0 5.0 47.2 52.0 24.17 30.08 50.61 41.11 43.17 28.28 25.18 23.02 30.81 20.59 
61.77 74.09 55.95 29.0 29.0 57.87 59.21 52.01 65.31 61.61 45.4 59.84 43.83 68.62 89.04 25.5 65.12 62.43 50.29 47.68 84.6 75.17 68.88 32.39 47.04 51.92 31.24 19.8 21.02 34.13 6.4 91.71 33.84 28.0 31.26 33.24 92.59 51.97 33.53 45.54 51.2 40.11 94.34 72.35 72.72 53.46 60.75 62.1 49.01 0.0 46.53 65.51 18.03 66.53 56.59 71.25 59.64 13.04 55.79 68.45 80.62 35.9 53.85 49.24 9.85 79.18 55.22 47.8 69.05 76.24 39.82 7.07 72.78 27.89 77.34 53.54 73.76 4.12 68.03 32.56 37.54 71.87 64.88 70.83 68.35 26.08 63.25 52.09 31.02 21.02 29.15 46.62 24.52 84.76 56.59 72.12 57.27 72.0 51.04 61.4 
49.65 56.44 49.65 67.47 29.53 55.57 66.22 90.52 90.44 61.91 64.4 63.25 41.23 89.38 68.03 21.1 71.61 93.06 73.5 1.41 64.0 103.46 57.28 78.03 59.46 73.82 68.15 32.76 49.04 15.62 42.45 115.75 62.24 50.57 48.37 44.65 75.06 92.96 14.32 1.0 71.4 7.21 73.11 48.01 55.58 60.31 90.43 81.57 63.03 46.53 0.0 65.37 41.23 100.22 92.7 75.47 90.35 59.54 76.22 57.57 106.61 47.2 9.22 46.04 50.04 63.64 40.5 81.15 69.84 94.76 70.77 41.05 70.68 73.0 52.15 93.62 71.59 45.1 77.62 71.59 29.7 63.25 91.81 87.68 61.1 47.93 95.71 62.24 75.11 67.27 60.41 36.36 22.09 103.95 32.39 91.29 50.09 79.63 38.91 59.54 
18.87 25.02 15.81 54.82 43.42 9.85 10.3 63.63 42.3 4.0 27.59 6.4 25.71 36.01 35.74 60.02 10.05 51.66 33.12 65.0 32.76 55.01 16.12 74.81 20.81 31.3 52.5 50.0 45.54 69.92 68.59 59.48 40.61 38.63 34.48 32.39 34.13 70.18 56.92 64.88 28.65 66.31 39.4 34.21 24.08 13.04 48.76 30.27 21.21 65.51 65.37 0.0 47.68 60.88 60.42 10.63 50.29 70.38 29.73 15.13 54.33 29.61 62.8 19.92 57.87 23.77 26.17 50.25 4.47 37.11 43.93 59.68 7.28 70.21 36.35 68.6 8.25 61.39 16.49 56.64 37.64 12.37 45.54 30.41 10.0 39.85 56.04 16.28 68.25 72.07 44.65 29.07 59.84 44.94 36.8 35.36 15.62 16.12 26.63 5.83 
44.1 56.61 38.01 26.31 14.56 39.85 42.01 49.34 54.04 43.74 30.46 42.19 26.08 55.57 71.61 22.47 48.04 54.04 37.44 41.98 67.2 65.76 51.0 39.85 30.27 38.59 26.93 8.54 8.06 34.41 21.02 80.6 22.67 12.53 14.14 15.3 74.79 51.79 26.93 40.26 37.12 36.77 76.84 55.9 55.22 36.01 51.74 48.3 32.76 18.03 41.23 47.68 0.0 60.21 51.89 54.0 51.22 26.17 42.06 50.54 70.18 18.11 46.1 31.3 12.81 61.4 38.21 40.82 51.35 62.61 30.81 12.04 54.92 34.48 60.83 52.39 55.9 13.93 51.62 30.41 21.95 53.85 54.49 56.46 50.33 9.85 56.04 35.13 35.51 31.38 19.72 29.7 21.63 71.59 41.34 58.59 39.36 55.33 33.97 43.42 
75.17 85.16 68.03 37.54 70.77 63.29 50.99 17.46 19.72 60.02 39.2 55.9 65.76 28.02 96.57 82.68 51.55 9.22 30.02 100.72 93.62 14.56 76.12 45.88 47.04 31.02 35.36 68.6 52.15 94.58 72.86 32.06 38.01 49.66 52.2 56.61 93.98 23.0 86.31 99.32 34.01 96.65 99.93 92.2 84.01 52.15 12.17 31.02 44.0 66.53 100.22 60.88 60.21 0.0 10.77 55.54 11.0 59.36 31.4 75.13 21.59 54.82 103.12 65.12 57.28 84.65 77.1 19.42 60.08 33.24 29.53 66.6 64.85 45.69 95.52 20.0 65.19 64.35 47.01 34.21 73.08 73.25 16.12 35.23 70.61 52.33 5.0 48.09 41.23 53.67 40.5 72.84 81.84 35.36 86.58 31.24 69.07 50.54 74.33 62.8 
72.57 83.52 65.12 27.66 63.6 61.13 50.16 7.0 23.85 58.87 35.51 54.78 61.0 32.2 96.01 74.24 51.97 13.0 27.51 93.3 92.7 24.0 74.63 35.17 43.74 29.15 25.81 60.42 43.86 85.96 62.97 42.05 30.81 42.45 45.71 50.49 94.37 13.6 78.55 91.76 31.95 88.64 99.81 89.44 82.28 50.0 14.42 32.65 41.23 56.59 92.7 60.42 51.89 10.77 0.0 56.86 12.21 48.83 30.89 73.68 31.02 49.16 96.3 61.29 47.63 83.93 73.25 12.04 60.42 38.95 22.36 57.2 65.37 34.93 93.17 10.77 65.86 54.67 48.6 24.04 66.91 72.62 20.59 39.05 69.64 44.92 10.05 45.88 30.46 42.94 32.31 68.01 73.36 43.01 82.0 36.06 66.29 52.63 70.06 61.35 
29.41 33.96 26.25 56.36 51.92 20.0 12.04 61.07 36.06 13.6 28.64 12.65 34.93 28.64 42.19 68.68 6.32 46.52 31.14 75.17 40.0 47.68 25.63 76.16 24.33 29.0 53.71 57.56 50.49 79.12 75.01 50.01 42.54 43.42 40.05 39.12 38.6 68.01 66.31 74.95 27.02 76.03 44.91 44.01 33.24 18.03 43.83 24.6 23.09 71.25 75.47 10.63 54.0 55.54 56.86 0.0 45.65 74.46 26.25 24.7 46.01 36.06 73.25 29.53 62.8 31.02 36.77 48.1 6.71 28.07 43.83 66.01 10.0 72.01 45.61 66.07 10.05 67.19 8.54 57.45 47.01 20.4 39.56 22.09 19.31 45.18 50.99 19.24 69.46 75.03 47.17 39.12 68.41 35.17 47.42 27.07 26.17 6.08 37.01 16.28 
64.2 74.33 57.04 31.3 60.83 52.35 40.26 18.38 11.66 49.24 28.28 45.12 54.92 20.0 86.02 73.6 41.23 2.83 19.03 90.79 82.97 15.65 65.31 44.05 36.06 20.02 28.65 59.41 43.28 85.6 65.8 33.24 28.6 39.96 42.05 46.24 83.77 25.5 76.66 89.47 23.02 87.13 89.54 81.22 73.16 41.19 2.24 21.1 33.0 59.64 90.35 50.29 51.22 11.0 12.21 45.65 0.0 54.23 20.62 64.33 21.84 44.27 92.85 54.15 50.0 74.04 66.12 12.08 49.77 26.83 20.52 58.8 54.63 42.58 84.59 22.83 55.04 57.01 37.22 28.79 62.63 62.64 8.54 26.91 59.91 42.72 6.0 37.12 38.33 49.73 31.83 61.98 72.8 31.58 75.66 23.85 58.08 41.05 63.39 51.97 
69.81 82.46 63.25 23.09 39.66 64.01 62.64 43.28 61.85 66.71 46.53 64.26 51.86 66.61 97.45 38.47 68.15 56.86 49.04 60.67 93.09 69.86 76.28 19.92 50.29 51.01 25.96 30.89 25.06 47.04 18.25 87.32 33.06 31.78 36.24 39.66 100.12 41.87 46.32 58.55 51.04 53.15 102.62 82.07 81.06 57.58 55.71 61.07 51.42 13.04 59.54 70.38 26.17 59.36 48.83 74.46 54.23 0.0 55.01 75.72 75.96 41.68 66.71 56.61 13.45 86.84 64.35 42.15 73.39 74.55 36.5 18.97 77.62 16.12 87.0 43.86 78.55 14.87 69.87 25.5 47.8 78.39 60.73 70.06 74.79 30.89 56.82 55.36 20.0 8.25 28.07 55.87 37.48 82.38 67.2 70.46 64.64 74.15 60.11 67.08 
44.0 53.76 37.12 33.54 47.38 32.02 19.65 34.83 14.87 28.64 12.04 24.52 37.16 13.6 65.46 62.63 21.1 22.2 6.08 76.4 62.36 28.46 44.72 52.2 17.46 4.0 30.59 48.83 35.47 74.52 61.03 39.62 22.2 29.53 29.21 31.83 63.51 41.77 63.66 75.43 5.0 74.28 69.08 61.01 52.61 21.02 19.24 6.32 13.93 55.79 76.22 29.73 42.06 31.4 30.89 26.25 20.62 55.01 0.0 43.74 30.53 29.07 77.18 35.17 46.1 53.45 46.87 21.93 29.53 20.62 19.65 52.55 34.48 48.76 64.2 39.82 34.99 52.2 18.44 33.53 46.87 42.06 17.26 15.13 39.29 32.25 26.48 17.12 45.54 53.46 27.17 44.01 62.01 29.53 57.01 16.55 38.05 22.8 44.64 31.4 
8.06 10.05 12.53 63.89 41.98 13.04 24.19 76.16 57.08 15.13 38.91 19.24 24.7 51.09 23.02 57.14 25.18 65.92 46.17 56.92 19.24 70.01 1.0 83.49 30.89 44.64 62.01 50.29 50.8 65.19 70.23 74.46 50.0 44.69 39.82 36.06 24.41 82.29 52.09 57.28 41.76 60.02 27.66 19.31 9.0 23.77 62.97 45.04 32.7 68.45 57.57 15.13 50.54 75.13 73.68 24.7 64.33 75.72 43.74 0.0 69.46 34.21 53.23 19.24 62.43 11.31 17.26 62.77 18.03 52.17 55.07 61.85 15.81 78.49 21.21 81.02 16.4 64.4 31.58 66.4 34.23 5.83 60.21 45.54 5.39 45.0 70.21 27.86 77.23 78.87 53.15 24.08 57.22 59.77 25.94 50.49 11.18 30.68 20.0 12.37 
71.81 79.31 65.8 52.92 77.47 59.91 46.32 38.01 16.28 54.92 42.2 51.2 67.54 18.68 88.14 91.92 44.28 19.42 33.3 106.83 86.01 7.07 70.46 65.49 47.89 32.8 50.16 77.79 62.63 103.95 86.61 11.4 47.8 58.0 58.8 62.01 83.86 44.28 93.72 105.8 35.23 104.35 90.55 88.28 78.41 49.98 20.25 26.0 44.29 80.62 106.61 54.33 70.18 21.59 31.02 46.01 21.84 75.96 30.53 69.46 0.0 59.41 107.7 65.0 70.83 77.0 76.22 33.84 52.04 18.25 40.82 79.06 56.01 64.33 90.67 41.3 56.04 77.7 38.05 50.6 77.39 66.07 15.81 24.02 64.28 60.83 21.0 46.62 60.02 71.57 51.87 74.25 91.22 15.62 86.73 19.03 66.48 40.05 74.46 58.05 
29.07 41.77 21.93 31.3 18.44 22.36 24.19 49.09 43.27 25.71 17.2 24.08 12.65 42.43 56.57 34.48 30.27 46.82 26.42 47.43 52.35 56.44 34.83 50.0 13.42 26.63 30.08 21.84 16.64 46.04 39.12 68.68 19.24 10.63 5.66 3.16 58.6 53.76 34.66 46.4 24.21 45.25 61.55 43.83 40.36 18.03 44.01 34.66 16.64 35.9 47.2 29.61 18.11 54.82 49.16 36.06 44.27 41.68 29.07 34.21 59.41 0.0 48.75 15.62 28.64 45.45 26.0 37.12 33.24 48.41 27.0 30.15 36.88 44.82 48.37 53.34 37.85 31.78 34.48 34.54 18.38 36.72 44.78 41.62 33.12 10.82 50.0 17.72 44.1 44.69 20.62 19.24 34.0 57.63 33.24 44.69 23.35 37.85 22.14 25.63 
45.65 50.7 47.01 72.34 32.76 53.26 65.07 94.73 91.79 59.67 65.76 61.55 40.61 89.87 61.13 28.46 70.04 95.46 75.13 7.81 57.31 105.12 52.8 84.48 59.91 75.18 72.69 38.0 53.46 24.76 50.33 116.25 65.52 53.85 50.92 46.62 68.59 97.74 20.4 9.9 72.56 16.28 66.03 41.3 50.0 59.55 92.7 82.1 63.51 53.85 9.22 62.8 46.1 103.12 96.3 73.25 92.85 66.71 77.18 53.23 107.7 48.75 0.0 44.55 56.22 57.97 36.89 84.48 67.2 94.64 74.04 47.85 67.42 79.31 45.04 98.15 68.26 51.97 76.37 76.42 30.41 59.03 93.48 87.46 57.31 51.42 98.43 62.01 81.06 74.15 64.33 34.66 29.41 103.71 27.31 91.4 47.2 77.9 36.24 57.01 
13.45 26.17 6.71 46.65 24.0 10.2 20.52 62.37 50.0 16.16 26.0 17.2 6.0 46.52 41.04 40.31 25.61 56.32 35.13 45.8 36.77 63.6 19.72 65.6 18.11 34.37 45.18 31.58 31.89 50.0 51.24 72.56 33.62 26.25 21.26 17.03 43.57 67.72 37.0 45.49 31.4 46.52 46.1 28.79 24.76 15.26 53.34 39.0 21.38 49.24 46.04 19.92 31.3 65.12 61.29 29.53 54.15 56.61 35.17 19.24 65.0 15.62 44.55 0.0 43.27 30.23 12.0 49.5 24.35 50.48 40.26 42.72 26.31 60.44 33.11 66.94 27.29 45.19 31.83 49.65 17.72 22.8 52.39 43.27 19.42 26.17 60.13 18.38 59.64 60.14 35.85 9.9 40.2 59.41 21.84 47.51 8.06 33.6 9.49 14.32 
56.4 69.03 49.93 20.0 26.83 50.99 50.8 43.57 55.46 54.08 36.06 51.92 38.42 58.82 84.02 29.27 56.57 52.8 40.52 51.01 79.65 65.46 62.97 28.28 38.47 42.2 21.93 18.68 12.37 39.85 15.81 81.88 24.04 19.42 23.41 26.42 86.82 44.38 36.01 49.04 41.59 44.41 89.2 68.68 67.62 45.35 51.04 52.39 40.11 9.85 50.04 57.87 12.81 57.28 47.63 62.8 50.0 13.45 46.1 62.43 70.83 28.64 56.22 43.27 0.0 73.5 50.91 38.29 61.13 66.48 30.02 9.85 65.15 23.09 73.59 45.62 66.1 7.07 59.03 23.85 34.67 65.3 55.07 61.19 61.72 18.03 53.81 43.57 25.08 18.79 19.31 42.45 28.28 74.95 54.08 62.36 51.31 63.13 46.67 54.23 
17.46 7.28 23.6 75.17 51.87 24.21 33.84 86.76 65.92 25.08 49.74 29.15 35.36 59.21 12.08 66.1 33.38 75.43 56.46 62.8 9.06 78.31 10.63 94.79 41.88 54.78 73.25 60.54 62.01 73.06 80.62 80.75 61.22 55.97 51.09 47.2 13.42 93.06 60.21 63.51 52.0 67.07 16.4 18.03 8.06 34.48 72.53 53.94 43.42 79.18 63.64 23.77 61.4 84.65 83.93 31.02 74.04 86.84 53.45 11.31 77.0 45.45 57.97 30.23 73.5 0.0 25.5 73.35 25.08 59.08 66.04 72.45 21.02 89.81 17.03 91.68 21.1 75.18 39.05 77.62 43.68 11.4 69.23 53.01 14.32 56.22 79.81 38.47 88.53 90.14 64.44 33.53 66.29 65.76 31.26 58.01 22.2 37.05 29.12 22.83 
9.22 19.31 10.82 57.27 26.83 17.2 30.41 74.15 61.61 23.43 38.0 26.08 13.42 57.58 34.0 40.61 34.41 68.26 47.1 39.92 29.53 75.19 17.12 75.47 30.07 46.27 56.08 35.85 40.8 48.04 55.95 83.19 44.92 36.24 31.3 26.42 38.6 79.31 35.0 40.16 43.29 42.76 39.36 18.03 18.03 26.25 65.28 50.29 33.24 55.22 40.5 26.17 38.21 77.1 73.25 36.77 66.12 64.35 46.87 17.26 76.22 26.0 36.89 12.0 50.91 25.5 0.0 61.4 30.48 60.83 51.97 48.26 30.53 70.18 22.8 78.64 31.38 51.4 41.05 60.54 18.38 22.8 64.13 53.67 20.62 35.51 72.11 29.83 69.84 68.88 46.62 8.6 40.79 69.46 10.82 58.18 10.63 41.87 4.24 20.52 
61.13 72.45 53.6 19.24 51.87 49.98 39.96 13.42 21.02 48.3 24.04 44.29 49.01 27.89 85.43 63.29 42.64 14.76 17.2 81.71 81.94 27.73 63.69 33.14 32.28 19.21 16.64 49.24 32.76 75.17 54.04 45.22 18.97 30.68 33.73 38.47 84.38 20.0 67.12 80.23 21.63 77.37 89.47 77.88 71.17 39.0 13.6 25.55 30.08 47.8 81.15 50.25 40.82 19.42 12.04 48.1 12.08 42.15 21.93 62.77 33.84 37.12 84.48 49.5 38.29 73.35 61.4 0.0 50.8 35.69 10.44 47.38 55.8 31.06 81.74 18.36 56.4 45.34 40.36 16.76 54.92 62.18 19.1 33.62 59.03 33.24 15.56 34.93 27.0 37.85 21.1 56.0 62.43 42.01 70.01 32.02 54.82 44.69 58.14 50.57 
