95
0.0 2.0 149.05 147.05 149.08 147.09 149.12 147.12 149.16 147.17 149.21 147.22 149.27 147.28 149.34 147.34 149.41 147.41 96.19 96.33 121.33 119.34 71.39 71.02 141.0 139.0 132.02 131.69 21.4 19.85 117.55 115.57 89.94 90.26 120.0 120.0 37.64 37.11 19.0 17.0 143.59 143.78 21.47 19.72 60.01 58.01 143.27 141.28 17.8 16.64 68.01 66.1 104.17 104.31 83.15 81.15 47.38 45.4 142.01 140.01 47.3 45.35 23.0 23.09 128.89 126.92 9.49 9.06 8.49 7.21 16.76 16.28 123.2 121.2 129.55 127.58 125.03 123.04 151.01 151.05 154.21 154.12 41.79 39.92 15.13 13.15 21.21 19.24 130.1 130.19 61.61 61.19 125.13 123.17 102.24 
2.0 0.0 151.05 149.05 151.08 149.08 151.12 149.12 151.16 149.16 151.21 149.21 151.27 149.27 151.33 149.34 151.4 149.41 98.18 98.33 123.33 121.33 73.35 72.99 143.0 141.0 133.99 133.66 23.02 21.4 119.52 117.55 91.92 92.23 122.0 122.0 39.56 39.05 19.1 17.12 145.58 145.77 23.26 21.47 62.01 60.01 145.25 143.27 19.1 17.8 69.92 68.01 106.17 106.3 85.15 83.15 49.37 47.38 144.01 142.01 49.24 47.3 25.0 25.08 130.86 128.89 10.3 9.49 10.0 8.94 17.46 16.76 125.2 123.2 131.53 129.55 127.01 125.03 153.01 153.05 156.2 156.12 43.66 41.79 15.52 13.6 23.19 21.21 132.09 132.19 63.56 63.15 127.1 125.13 104.24 
149.05 151.05 0.0 2.0 1.0 2.24 2.0 2.83 3.0 3.61 4.0 4.47 5.0 5.39 6.0 6.32 7.0 7.28 53.04 53.15 30.87 32.7 81.02 80.6 8.94 10.77 33.02 31.4 133.09 135.07 40.22 41.88 60.67 61.0 29.43 29.15 113.99 113.75 150.76 150.47 10.82 12.53 130.14 132.14 89.05 91.05 24.04 24.7 139.17 141.15 87.36 89.29 45.04 45.18 66.01 68.01 102.49 104.48 7.28 9.22 104.09 106.07 126.06 126.02 34.06 35.38 146.09 148.08 143.35 143.22 145.38 147.36 28.23 30.08 31.89 33.24 32.02 33.6 2.83 2.0 13.0 11.18 111.63 113.6 148.22 147.98 128.0 130.0 19.03 19.24 90.8 90.43 37.48 38.9 47.1 
147.05 149.05 2.0 0.0 2.24 1.0 2.83 2.0 3.61 3.0 4.47 4.0 5.39 5.0 6.32 6.0 7.28 7.0 51.04 51.16 29.07 30.87 79.08 78.64 7.21 8.94 31.91 30.23 131.11 133.09 38.6 40.22 58.69 59.03 27.46 27.17 112.01 111.76 148.79 148.49 9.85 11.7 128.14 130.14 87.05 89.05 23.54 24.04 137.19 139.17 85.44 87.36 43.05 43.19 64.01 66.01 100.5 102.49 5.39 7.28 102.11 104.09 124.06 124.02 32.8 34.06 144.09 146.09 141.35 141.23 143.4 145.38 26.4 28.23 30.61 31.89 30.48 32.02 4.47 4.0 13.89 12.21 109.66 111.63 146.24 145.99 126.0 128.0 17.03 17.26 88.84 88.46 36.12 37.48 45.1 
149.08 151.08 1.0 2.24 0.0 2.0 1.0 2.24 2.0 2.83 3.0 3.61 4.0 4.47 5.0 5.39 6.0 6.32 53.01 53.08 31.3 33.11 81.25 80.81 9.43 11.18 33.84 32.2 133.22 135.2 40.8 42.44 60.53 60.83 29.61 29.27 114.13 113.86 150.92 150.62 10.0 11.66 130.1 132.09 89.09 91.09 25.0 25.63 139.3 141.28 87.64 89.56 45.01 45.1 66.0 68.0 102.59 104.58 7.62 9.49 104.24 106.21 126.1 126.04 34.83 36.12 146.05 148.05 143.42 143.28 145.52 147.5 28.64 30.46 32.65 33.97 32.65 34.21 3.61 2.24 13.93 12.08 111.8 113.77 148.35 148.1 128.02 130.02 19.0 19.1 91.01 90.61 38.21 39.6 47.04 
147.09 149.08 2.24 1.0 2.0 0.0 2.24 1.0 2.83 2.0 3.61 3.0 4.47 4.0 5.39 5.0 6.32 6.0 51.01 51.09 29.53 31.3 79.31 78.85 7.81 9.43 32.76 31.06 131.24 133.22 39.2 40.8 58.55 58.86 27.66 27.29 112.15 111.88 148.95 148.64 8.94 10.77 128.1 130.1 87.09 89.09 24.52 25.0 137.32 139.3 85.73 87.64 43.01 43.1 64.0 66.0 100.6 102.59 5.83 7.62 102.26 104.24 124.1 124.04 33.6 34.83 144.06 146.05 141.43 141.29 143.54 145.52 26.83 28.64 31.4 32.65 31.14 32.65 5.0 4.12 14.76 13.04 109.84 111.8 146.37 146.11 126.02 128.02 17.0 17.12 89.05 88.65 36.88 38.21 45.04 
149.12 151.12 2.0 2.83 1.0 2.24 0.0 2.0 1.0 2.24 2.0 2.83 3.0 3.61 4.0 4.47 5.0 5.39 53.0 53.04 31.76 33.54 81.49 81.02 10.0 11.66 34.67 33.02 133.36 135.34 41.4 43.01 60.41 60.67 29.83 29.43 114.27 113.99 151.08 150.76 9.22 10.82 130.06 132.06 89.14 91.14 25.96 26.57 139.44 141.42 87.93 89.84 45.0 45.04 66.01 68.01 102.7 104.69 8.06 9.85 104.39 106.37 126.14 126.06 35.61 36.88 146.03 148.03 143.5 143.35 145.67 147.65 29.07 30.87 33.42 34.71 33.3 34.83 4.47 2.83 14.87 13.0 111.99 113.95 148.49 148.22 128.04 130.03 19.03 19.03 91.22 90.8 38.95 40.31 47.01 
147.12 149.12 2.83 2.0 2.24 1.0 2.0 0.0 2.24 1.0 2.83 2.0 3.61 3.0 4.47 4.0 5.39 5.0 51.0 51.04 30.02 31.76 79.56 79.08 8.49 10.0 33.62 31.91 131.38 133.36 39.82 41.4 58.42 58.69 27.89 27.46 112.29 112.01 149.11 148.79 8.06 9.85 128.06 130.06 87.14 89.14 25.5 25.96 137.46 139.44 86.02 87.93 43.0 43.05 64.01 66.01 100.72 102.7 6.4 8.06 102.42 104.39 124.15 124.06 34.41 35.61 144.03 146.03 141.51 141.35 143.69 145.67 27.29 29.07 32.2 33.42 31.83 33.3 5.66 4.47 15.65 13.89 110.02 111.99 146.51 146.24 126.04 128.04 17.03 17.03 89.27 88.84 37.64 38.95 45.01 
149.16 151.16 3.0 3.61 2.0 2.83 1.0 2.24 0.0 2.0 1.0 2.24 2.0 2.83 3.0 3.61 4.0 4.47 53.01 53.01 32.25 34.0 81.74 81.25 10.63 12.21 35.51 33.84 133.51 135.48 42.01 43.6 60.3 60.53 30.08 29.61 114.42 114.13 151.25 150.92 8.49 10.0 130.03 132.03 89.2 91.2 26.93 27.51 139.59 141.57 88.23 90.14 45.01 45.01 66.03 68.03 102.83 104.81 8.6 10.3 104.56 106.53 126.19 126.1 36.4 37.64 146.01 148.01 143.59 143.42 145.83 147.8 29.53 31.3 34.21 35.47 33.97 35.47 5.39 3.61 15.81 13.93 112.18 114.14 148.64 148.35 128.06 130.06 19.1 19.0 91.44 91.01 39.7 41.04 47.0 
147.17 149.16 3.61 3.0 2.83 2.0 2.24 1.0 2.0 0.0 2.24 1.0 2.83 2.0 3.61 3.0 4.47 4.0 51.01 51.01 30.53 32.25 79.81 79.31 9.22 10.63 34.48 32.76 131.53 133.51 40.46 42.01 58.31 58.55 28.16 27.66 112.45 112.15 149.28 148.95 7.21 8.94 128.04 130.03 87.21 89.2 26.48 26.93 137.61 139.59 86.33 88.23 43.01 43.01 64.03 66.03 100.84 102.83 7.07 8.6 102.59 104.56 124.2 124.1 35.23 36.4 144.01 146.01 141.6 141.43 143.85 145.83 27.78 29.53 33.02 34.21 32.53 33.97 6.4 5.0 16.55 14.76 110.22 112.18 146.66 146.37 126.06 128.06 17.12 17.0 89.5 89.05 38.42 39.7 45.0 
149.21 151.21 4.0 4.47 3.0 3.61 2.0 2.83 1.0 2.24 0.0 2.0 1.0 2.24 2.0 2.83 3.0 3.61 53.04 53.0 32.76 34.48 82.01 81.49 11.31 12.81 36.36 34.67 133.66 135.64 42.64 44.2 60.21 60.41 30.36 29.83 114.59 114.27 151.43 151.08 7.81 9.22 130.02 132.02 89.27 91.27 27.89 28.46 139.74 141.72 88.54 90.44 45.04 45.0 66.07 68.07 102.96 104.94 9.22 10.82 104.74 106.71 126.25 126.14 37.2 38.42 146.0 148.0 143.68 143.5 145.99 147.96 30.02 31.76 35.0 36.24 34.66 36.12 6.32 4.47 16.76 14.87 112.38 114.34 148.79 148.49 128.1 130.1 19.24 19.03 91.68 91.22 40.46 41.77 47.01 
147.22 149.21 4.47 4.0 3.61 3.0 2.83 2.0 2.24 1.0 2.0 0.0 2.24 1.0 2.83 2.0 3.61 3.0 51.04 51.0 31.06 32.76 80.08 79.56 10.0 11.31 35.36 33.62 131.69 133.66 41.11 42.64 58.22 58.42 28.46 27.89 112.61 112.29 149.46 149.11 6.4 8.06 128.02 130.02 87.28 89.27 27.46 27.89 137.77 139.74 86.65 88.54 43.05 43.0 64.07 66.07 100.98 102.96 7.81 9.22 102.77 104.74 124.26 124.15 36.06 37.2 144.0 146.0 141.69 141.51 144.01 145.99 28.3 30.02 33.84 35.0 33.24 34.66 7.21 5.66 17.46 15.65 110.42 112.38 146.81 146.51 126.1 128.1 17.26 17.03 89.74 89.27 39.2 40.46 45.01 
149.27 151.27 5.0 5.39 4.0 4.47 3.0 3.61 2.0 2.83 1.0 2.24 0.0 2.0 1.0 2.24 2.0 2.83 53.08 53.01 33.29 34.99 82.28 81.74 12.04 13.45 37.22 35.51 133.82 135.79 43.28 44.82 60.13 60.3 30.68 30.08 114.76 114.42 151.61 151.25 7.21 8.49 130.0 132.0 89.36 91.35 28.86 29.41 139.9 141.88 88.87 90.76 45.1 45.01 66.12 68.12 103.1 105.08 9.9 11.4 104.92 106.89 126.32 126.19 38.01 39.2 146.0 148.0 143.78 143.59 146.15 148.12 30.53 32.25 35.81 37.01 35.36 36.8 7.28 5.39 17.72 15.81 112.59 114.54 148.95 148.64 128.14 130.14 19.42 19.1 91.92 91.44 41.23 42.52 47.04 
147.28 149.27 5.39 5.0 4.47 4.0 3.61 3.0 2.83 2.0 2.24 1.0 2.0 0.0 2.24 1.0 2.83 2.0 51.09 51.01 31.62 33.29 80.36 79.81 10.82 12.04 36.24 34.48 131.85 133.82 41.77 43.28 58.14 58.31 28.79 28.16 112.79 112.45 149.64 149.28 5.66 7.21 128.0 130.0 87.37 89.36 28.44 28.86 137.93 139.9 86.98 88.87 43.1 43.01 64.12 66.12 101.12 103.1 8.6 9.9 102.96 104.92 124.33 124.2 36.89 38.01 144.0 146.0 141.8 141.6 144.18 146.15 28.84 30.53 34.67 35.81 33.97 35.36 8.06 6.4 18.38 16.55 110.63 112.59 146.97 146.66 126.14 128.14 17.46 17.12 89.99 89.5 40.0 41.23 45.04 
149.34 151.33 6.0 6.32 5.0 5.39 4.0 4.47 3.0 3.61 2.0 2.83 1.0 2.24 0.0 2.0 1.0 2.24 53.15 53.04 33.84 35.51 82.57 82.01 12.81 14.14 38.08 36.36 133.99 135.96 43.93 45.45 60.07 60.21 31.02 30.36 114.93 114.59 151.8 151.43 6.71 7.81 130.0 132.0 89.45 91.44 29.83 30.36 140.07 142.04 89.2 91.08 45.18 45.04 66.19 68.18 103.25 105.22 10.63 12.04 105.12 107.08 126.4 126.25 38.83 40.0 146.0 148.0 143.89 143.68 146.33 148.3 31.06 32.76 36.62 37.8 36.07 37.48 8.25 6.32 18.68 16.76 112.81 114.76 149.11 148.79 128.19 130.19 19.65 19.24 92.18 91.68 42.01 43.28 47.1 
147.34 149.34 6.32 6.0 5.39 5.0 4.47 4.0 3.61 3.0 2.83 2.0 2.24 1.0 2.0 0.0 2.24 1.0 51.16 51.04 32.2 33.84 80.65 80.08 11.66 12.81 37.12 35.36 132.02 133.99 42.45 43.93 58.08 58.22 29.15 28.46 112.97 112.61 149.83 149.46 5.0 6.4 128.0 130.0 87.46 89.45 29.43 29.83 138.1 140.07 87.32 89.2 43.19 43.05 64.2 66.19 101.27 103.25 9.43 10.63 103.16 105.12 124.4 124.26 37.74 38.83 144.0 146.0 141.9 141.69 144.36 146.33 29.41 31.06 35.51 36.62 34.71 36.07 8.94 7.21 19.31 17.46 110.86 112.81 147.14 146.81 126.19 128.19 17.72 17.26 90.25 89.74 40.8 42.01 45.1 
149.41 151.4 7.0 7.28 6.0 6.32 5.0 5.39 4.0 4.47 3.0 3.61 2.0 2.83 1.0 2.24 0.0 2.0 53.24 53.08 34.41 36.06 82.86 82.28 13.6 14.87 38.95 37.22 134.16 136.13 44.6 46.1 60.03 60.13 31.38 30.68 115.12 114.76 151.99 151.61 6.32 7.21 130.0 132.0 89.56 91.55 30.81 31.32 140.25 142.21 89.54 91.42 45.28 45.1 66.27 68.26 103.41 105.38 11.4 12.73 105.32 107.28 126.48 126.32 39.66 40.8 146.01 148.01 144.01 143.78 146.51 148.48 31.62 33.29 37.44 38.6 36.8 38.18 9.22 7.28 19.65 17.72 113.03 114.98 149.28 148.95 128.25 130.25 19.92 19.42 92.44 91.92 42.8 44.05 47.17 
147.41 149.41 7.28 7.0 6.32 6.0 5.39 5.0 4.47 4.0 3.61 3.0 2.83 2.0 2.24 1.0 2.0 0.0 51.24 51.09 32.8 34.41 80.96 80.36 12.53 13.6 38.01 36.24 132.2 134.16 43.14 44.6 58.03 58.14 29.55 28.79 113.16 112.79 150.03 149.64 4.47 5.66 128.0 130.0 87.57 89.56 30.41 30.81 138.28 140.25 87.66 89.54 43.29 43.1 64.28 66.27 101.43 103.41 10.3 11.4 103.37 105.32 124.49 124.33 38.59 39.66 144.01 146.01 142.02 141.8 144.54 146.51 30.0 31.62 36.36 37.44 35.47 36.8 9.85 8.06 20.25 18.38 111.09 113.03 147.31 146.97 126.25 128.25 18.03 17.46 90.52 89.99 41.62 42.8 45.18 
96.19 98.18 53.04 51.04 53.01 51.01 53.0 51.0 53.01 51.01 53.04 51.04 53.08 51.09 53.15 51.16 53.24 51.24 0.0 2.0 29.15 27.46 32.8 31.62 45.4 43.42 44.69 43.42 81.25 83.2 32.02 30.81 9.9 11.4 25.0 24.52 62.36 61.85 99.2 98.72 47.52 47.85 77.1 79.1 36.35 38.33 52.35 50.61 87.32 89.27 40.46 42.01 8.0 8.25 13.04 15.03 50.45 52.39 46.17 44.18 52.81 54.71 73.25 73.11 41.77 40.31 93.05 95.05 90.8 90.55 93.62 95.57 29.97 28.18 41.23 39.7 35.61 34.06 55.15 55.04 59.67 59.23 60.75 62.63 96.32 95.9 75.06 77.06 34.01 34.01 41.18 40.25 39.62 38.29 6.08 
96.33 98.33 53.15 51.16 53.08 51.09 53.04 51.04 53.01 51.01 53.0 51.0 53.01 51.01 53.04 51.04 53.08 51.09 2.0 0.0 30.23 28.6 34.06 32.8 45.71 43.74 46.01 44.69 81.74 83.68 33.6 32.45 8.6 9.9 25.63 25.0 62.94 62.36 99.72 99.2 47.27 47.52 77.03 79.03 36.67 38.64 53.34 51.62 87.8 89.74 41.77 43.28 8.25 8.0 13.34 15.3 50.96 52.89 46.39 44.41 53.49 55.36 73.44 73.25 43.14 41.73 93.01 95.01 91.08 90.8 94.11 96.05 30.89 29.15 42.52 41.04 36.88 35.38 55.33 55.15 60.17 59.67 61.47 63.32 96.77 96.32 75.17 77.16 34.13 34.01 42.19 41.18 41.11 39.82 6.08 
121.33 123.33 30.87 29.07 31.3 29.53 31.76 30.02 32.25 30.53 32.76 31.06 33.29 31.62 33.84 32.2 34.41 32.8 29.15 30.23 0.0 2.0 51.24 51.09 21.93 20.12 16.64 15.0 104.08 106.08 11.18 12.21 38.83 40.0 8.06 10.05 85.02 85.0 121.41 121.26 31.11 32.56 103.75 105.72 61.81 63.79 23.26 21.47 110.11 112.11 57.07 59.03 22.67 24.04 40.5 42.38 74.06 76.06 23.71 21.95 75.03 77.03 98.41 98.62 14.32 13.6 119.36 121.34 115.04 115.11 116.21 118.21 2.83 2.0 13.04 12.08 7.62 7.07 31.95 32.7 33.02 33.14 82.22 84.21 119.15 119.07 100.72 102.7 16.64 18.36 61.2 61.07 14.14 14.0 24.84 
119.34 121.33 32.7 30.87 33.11 31.3 33.54 31.76 34.0 32.25 34.48 32.76 34.99 33.29 35.51 33.84 36.06 34.41 27.46 28.6 2.0 0.0 49.25 49.09 23.77 21.93 17.8 16.28 102.08 104.08 10.44 11.18 37.2 38.42 8.06 10.05 83.02 83.0 119.42 119.27 32.56 33.94 101.79 103.75 59.84 61.81 25.08 23.26 108.12 110.11 55.11 57.07 21.21 22.67 38.63 40.5 72.06 74.06 25.5 23.71 73.03 75.03 96.42 96.63 15.26 14.32 117.39 119.36 113.04 113.11 114.21 116.21 4.47 2.83 14.21 13.04 8.6 7.62 33.84 34.54 35.01 35.13 80.22 82.22 117.15 117.07 98.73 100.72 17.8 19.42 59.21 59.08 14.56 14.14 23.35 
71.39 73.35 81.02 79.08 81.25 79.31 81.49 79.56 81.74 79.81 82.01 80.08 82.28 80.36 82.57 80.65 82.86 80.96 32.8 34.06 51.24 49.25 0.0 2.0 72.37 70.41 60.67 60.41 53.01 55.01 46.27 44.28 33.02 34.67 51.66 52.2 34.13 34.37 70.18 70.06 77.83 78.55 56.36 58.18 18.03 19.21 72.17 70.18 59.0 61.0 7.81 9.22 39.45 40.5 23.02 21.95 24.35 26.25 73.76 71.81 24.19 26.17 49.04 49.65 57.56 55.58 70.84 72.73 64.5 64.78 65.03 67.03 53.46 51.48 58.31 56.32 54.04 52.04 82.57 82.98 84.21 84.38 31.02 33.02 68.01 68.01 51.87 53.76 62.94 63.57 10.0 10.2 53.76 51.79 38.28 
71.02 72.99 80.6 78.64 80.81 78.85 81.02 79.08 81.25 79.31 81.49 79.56 81.74 79.81 82.01 80.08 82.28 80.36 31.62 32.8 51.09 49.09 2.0 0.0 72.01 70.04 61.0 60.67 53.01 55.01 46.53 44.55 31.4 33.02 51.2 51.66 34.01 34.13 70.35 70.18 77.16 77.83 55.54 57.38 16.4 17.69 72.34 70.35 59.03 61.03 9.43 10.63 38.47 39.45 21.4 20.25 23.77 25.71 73.35 71.39 24.02 26.02 48.51 49.04 57.87 55.9 70.21 72.12 64.28 64.5 65.12 67.12 53.24 51.24 58.55 56.57 54.15 52.15 82.2 82.57 84.1 84.21 31.14 33.14 68.07 68.01 51.24 53.16 62.36 62.94 10.2 10.0 54.13 52.17 37.22 
141.0 143.0 8.94 7.21 9.43 7.81 10.0 8.49 10.63 9.22 11.31 10.0 12.04 10.82 12.81 11.66 13.6 12.53 45.4 45.71 21.93 23.77 72.37 72.01 0.0 2.0 25.5 23.71 124.68 126.67 31.4 33.02 53.6 54.12 21.02 21.02 105.57 105.39 142.27 142.02 13.15 15.13 122.41 124.4 81.01 83.01 19.03 19.03 130.75 132.74 78.59 80.52 37.48 37.85 58.22 60.21 94.19 96.19 2.24 2.24 95.63 97.62 118.0 118.02 26.08 27.2 138.29 140.29 135.13 135.06 136.94 138.92 19.31 21.19 23.85 25.0 23.35 24.84 10.2 10.77 15.26 14.32 103.1 105.08 139.81 139.61 120.04 122.04 12.08 13.04 82.2 81.88 29.21 30.48 39.62 
139.0 141.0 10.77 8.94 11.18 9.43 11.66 10.0 12.21 10.63 12.81 11.31 13.45 12.04 14.14 12.81 14.87 13.6 43.42 43.74 20.12 21.93 70.41 70.04 2.0 0.0 24.7 22.85 122.69 124.68 29.83 31.4 51.66 52.2 19.03 19.03 103.59 103.39 140.29 140.04 13.6 15.52 120.42 122.41 79.01 81.01 19.24 19.03 128.76 130.75 76.66 78.59 35.51 35.9 56.22 58.22 92.2 94.19 3.61 2.24 93.65 95.63 116.0 116.02 25.06 26.08 136.3 138.29 133.14 133.06 134.95 136.94 17.46 19.31 22.83 23.85 21.93 23.35 12.17 12.65 17.0 16.16 101.12 103.1 137.82 137.62 118.04 120.04 10.3 11.4 80.23 79.91 28.02 29.21 37.66 
132.02 133.99 33.02 31.91 33.84 32.76 34.67 33.62 35.51 34.48 36.36 35.36 37.22 36.24 38.08 37.12 38.95 38.01 44.69 46.01 16.64 17.8 60.67 61.0 25.5 24.7 0.0 2.0 113.44 115.43 14.56 16.49 54.56 55.9 24.17 26.0 94.76 95.04 130.06 130.14 38.28 40.16 115.8 117.72 74.0 75.89 12.65 10.77 119.34 121.33 65.07 67.07 38.95 40.46 54.71 56.44 84.72 86.68 27.73 26.93 84.85 86.83 109.44 109.88 3.16 5.1 130.97 132.91 125.16 125.45 125.2 127.19 17.46 18.36 3.61 5.0 9.22 10.63 32.65 34.21 28.3 29.41 91.35 93.34 128.25 128.39 112.06 114.0 28.0 30.0 70.58 70.86 7.0 9.0 41.04 
131.69 133.66 31.4 30.23 32.2 31.06 33.02 31.91 33.84 32.76 34.67 33.62 35.51 34.48 36.36 35.36 37.22 36.24 43.42 44.69 15.0 16.28 60.41 60.67 23.71 22.85 2.0 0.0 113.28 115.28 14.14 16.12 53.26 54.56 22.36 24.17 94.53 94.76 130.02 130.06 36.4 38.28 115.25 117.18 73.38 75.29 12.17 10.2 119.21 121.2 65.01 67.01 37.48 38.95 53.71 55.47 84.34 86.31 25.94 25.08 84.59 86.58 109.04 109.44 3.16 5.1 130.5 132.44 124.9 125.16 125.1 127.1 15.65 16.64 2.24 4.12 7.81 9.43 31.14 32.65 27.29 28.3 91.2 93.19 128.14 128.25 111.61 113.56 26.0 28.0 70.35 70.58 7.28 9.22 39.6 
21.4 23.02 133.09 131.11 133.22 131.24 133.36 131.38 133.51 131.53 133.66 131.69 133.82 131.85 133.99 132.02 134.16 132.2 81.25 81.74 104.08 102.08 53.01 53.01 124.68 122.69 113.44 113.28 0.0 2.0 99.18 97.19 76.55 77.25 103.7 103.95 19.1 19.42 18.03 17.46 128.65 129.07 23.09 23.0 45.22 43.32 125.14 123.15 6.08 8.06 48.51 46.53 89.05 89.5 68.41 66.48 30.81 28.86 125.9 123.91 29.07 27.07 14.32 16.16 110.37 108.37 26.08 27.2 13.04 14.21 12.37 14.32 106.17 104.17 111.22 109.22 107.04 105.04 134.84 135.07 137.09 137.18 22.09 20.1 15.13 15.0 16.49 16.12 114.42 114.76 43.01 43.01 106.47 104.48 87.32 
19.85 21.4 135.07 133.09 135.2 133.22 135.34 133.36 135.48 133.51 135.64 133.66 135.79 133.82 135.96 133.99 136.13 134.16 83.2 83.68 106.08 104.08 55.01 55.01 126.67 124.68 115.43 115.28 2.0 0.0 101.18 99.18 78.43 79.12 105.68 105.93 21.1 21.38 16.16 15.52 130.61 131.03 23.35 23.09 47.13 45.22 127.14 125.14 4.12 6.08 50.49 48.51 91.01 91.44 70.34 68.41 32.76 30.81 127.88 125.9 31.06 29.07 15.26 17.0 112.36 110.37 25.06 26.08 11.4 12.73 10.44 12.37 108.17 106.17 113.22 111.22 109.04 107.04 136.82 137.06 139.09 139.18 24.08 22.09 13.15 13.0 17.09 16.49 116.4 116.73 45.01 45.01 108.46 106.47 89.27 
117.55 119.52 40.22 38.6 40.8 39.2 41.4 39.82 42.01 40.46 42.64 41.11 43.28 41.77 43.93 42.45 44.6 43.14 32.02 33.6 11.18 10.44 46.27 46.53 31.4 29.83 14.56 14.14 99.18 101.18 0.0 2.0 41.87 43.42 18.44 20.4 80.4 80.62 116.0 116.02 41.87 43.42 101.24 103.16 59.46 61.35 26.0 24.0 105.12 107.12 51.01 53.01 27.73 29.55 40.8 42.44 70.21 72.18 33.42 31.89 70.46 72.44 94.92 95.34 11.4 9.49 116.42 118.36 110.77 111.02 111.04 113.04 13.89 13.0 12.04 10.05 8.54 6.71 40.82 41.88 39.56 40.16 77.1 79.1 114.07 114.16 97.51 99.46 27.78 29.53 56.22 56.44 8.06 6.4 29.53 
115.57 117.55 41.88 40.22 42.44 40.8 43.01 41.4 43.6 42.01 44.2 42.64 44.82 43.28 45.45 43.93 46.1 44.6 30.81 32.45 12.21 11.18 44.28 44.55 33.02 31.4 16.49 16.12 97.19 99.18 2.0 0.0 40.61 42.2 18.97 20.88 78.41 78.64 114.0 114.02 43.19 44.69 99.33 101.24 57.58 59.46 28.0 26.0 103.12 105.12 49.01 51.01 26.93 28.79 39.2 40.8 68.25 70.21 35.0 33.42 68.47 70.46 92.96 93.39 13.34 11.4 114.48 116.42 108.78 109.04 109.04 111.04 15.0 13.89 14.04 12.04 10.44 8.54 42.54 43.57 41.48 42.06 75.11 77.1 112.07 112.16 95.57 97.51 28.84 30.53 54.23 54.45 9.85 8.06 28.64 
89.94 91.92 60.67 58.69 60.53 58.55 60.41 58.42 60.3 58.31 60.21 58.22 60.13 58.14 60.07 58.08 60.03 58.03 9.9 8.6 38.83 37.2 33.02 31.4 53.6 51.66 54.56 53.26 76.55 78.43 41.87 40.61 0.0 2.0 34.01 33.24 58.18 57.38 94.58 93.92 54.0 54.04 70.06 72.06 31.38 33.24 61.91 60.21 82.54 84.43 40.8 42.01 16.55 15.81 10.0 11.31 46.1 47.93 54.13 52.17 49.24 51.0 67.27 66.91 51.66 50.21 86.09 88.09 85.15 84.72 88.87 90.76 39.45 37.74 51.09 49.58 45.45 43.93 62.97 62.65 68.31 67.72 57.31 59.06 91.39 90.8 68.73 70.71 41.77 41.44 39.62 38.29 49.52 48.17 14.32 
90.26 92.23 61.0 59.03 60.83 58.86 60.67 58.69 60.53 58.55 60.41 58.42 60.3 58.31 60.21 58.22 60.13 58.14 11.4 9.9 40.0 38.42 34.67 33.02 54.12 52.2 55.9 54.56 77.25 79.12 43.42 42.2 2.0 0.0 34.89 34.01 59.03 58.18 95.27 94.58 54.04 54.0 70.18 72.17 32.2 34.01 62.97 61.29 83.22 85.09 42.44 43.6 17.49 16.55 11.66 12.81 46.96 48.75 54.57 52.63 50.25 51.97 67.68 67.27 53.04 51.62 86.21 88.2 85.62 85.15 89.54 91.42 40.5 38.83 52.4 50.93 46.75 45.28 63.35 62.97 68.95 68.31 58.31 60.03 92.03 91.39 69.05 71.02 42.2 41.77 41.01 39.62 50.99 49.68 15.26 
120.0 122.0 29.43 27.46 29.61 27.66 29.83 27.89 30.08 28.16 30.36 28.46 30.68 28.79 31.02 29.15 31.38 29.55 25.0 25.63 8.06 8.06 51.66 51.2 21.02 19.03 24.17 22.36 103.7 105.68 18.44 18.97 34.01 34.89 0.0 2.0 84.59 84.38 121.34 121.06 26.93 28.02 101.6 103.59 60.03 62.03 28.43 26.91 109.77 111.76 58.19 60.08 17.46 18.36 37.48 39.46 73.17 75.17 22.2 20.22 74.67 76.66 97.01 97.05 22.14 21.59 117.43 119.42 114.11 114.04 115.97 117.96 6.71 6.08 20.62 19.92 15.52 15.13 31.14 31.4 34.71 34.37 82.2 84.17 118.83 118.61 99.08 101.08 11.66 12.81 61.39 61.0 22.2 22.02 19.7 
120.0 122.0 29.15 27.17 29.27 27.29 29.43 27.46 29.61 27.66 29.83 27.89 30.08 28.16 30.36 28.46 30.68 28.79 24.52 25.0 10.05 10.05 52.2 51.66 21.02 19.03 26.0 24.17 103.95 105.93 20.4 20.88 33.24 34.01 2.0 0.0 84.85 84.59 121.66 121.34 25.94 26.93 101.4 103.39 60.0 62.0 29.73 28.28 110.03 112.01 58.87 60.75 16.76 17.46 37.22 39.2 73.33 75.33 22.02 20.02 74.97 76.94 97.01 97.01 24.04 23.54 117.27 119.27 114.21 114.11 116.25 118.23 8.54 8.06 22.47 21.84 17.46 17.12 31.02 31.14 35.17 34.71 82.57 84.53 119.08 118.83 99.02 101.02 10.77 11.66 61.85 61.39 24.19 24.02 18.97 
37.64 39.56 113.99 112.01 114.13 112.15 114.27 112.29 114.42 112.45 114.59 112.61 114.76 112.79 114.93 112.97 115.12 113.16 62.36 62.94 85.02 83.02 34.13 34.01 105.57 103.59 94.76 94.53 19.1 21.1 80.4 78.41 58.18 59.03 84.59 84.85 0.0 2.0 36.88 36.5 109.66 110.11 27.02 28.32 26.83 25.06 106.3 104.31 25.18 27.17 30.36 28.46 70.09 70.6 49.65 47.76 12.08 10.3 106.79 104.81 10.0 8.0 17.03 18.38 91.66 89.68 38.59 40.31 30.41 30.81 31.4 33.38 87.09 85.09 92.44 90.45 88.14 86.15 115.73 115.97 118.04 118.11 5.0 4.12 34.23 34.06 20.52 22.02 95.35 95.71 24.19 24.02 87.82 85.84 68.41 
37.11 39.05 113.75 111.76 113.86 111.88 113.99 112.01 114.13 112.15 114.27 112.29 114.42 112.45 114.59 112.61 114.76 112.79 61.85 62.36 85.0 83.0 34.37 34.13 105.39 103.39 95.04 94.76 19.42 21.38 80.62 78.64 57.38 58.18 84.38 84.59 2.0 0.0 37.36 36.88 109.24 109.66 25.5 26.87 26.0 24.17 106.47 104.48 25.5 27.46 31.02 29.15 69.63 70.09 49.04 47.13 11.4 9.49 106.57 104.58 10.2 8.25 15.81 17.03 91.92 89.94 37.59 39.36 30.15 30.41 31.78 33.73 87.02 85.02 92.66 90.67 88.28 86.28 115.52 115.73 118.0 118.04 6.71 6.08 34.53 34.23 19.21 20.81 95.04 95.35 24.52 24.19 88.12 86.15 67.91 
19.0 19.1 150.76 148.79 150.92 148.95 151.08 149.11 151.25 149.28 151.43 149.46 151.61 149.64 151.8 149.83 151.99 150.03 99.2 99.72 121.41 119.42 70.18 70.35 142.27 140.29 130.06 130.02 18.03 16.16 116.0 114.0 94.58 95.27 121.34 121.66 36.88 37.36 0.0 2.0 146.54 146.99 34.67 33.62 63.25 61.35 142.0 140.0 12.08 10.3 65.01 63.01 106.96 107.45 86.4 84.48 48.76 46.84 143.54 141.57 46.69 44.72 29.83 31.14 127.04 125.04 28.16 28.02 14.32 16.16 5.83 4.24 123.58 121.59 128.0 126.0 124.04 122.04 152.45 152.74 154.39 154.55 39.2 37.22 4.47 6.32 30.41 29.07 132.2 132.57 60.21 60.41 123.07 121.07 105.26 
17.0 17.12 150.47 148.49 150.62 148.64 150.76 148.79 150.92 148.95 151.08 149.11 151.25 149.28 151.43 149.46 151.61 149.64 98.72 99.2 121.26 119.27 70.06 70.18 142.02 140.04 130.14 130.06 17.46 15.52 116.02 114.02 93.92 94.58 121.06 121.34 36.5 36.88 2.0 0.0 146.11 146.54 33.02 31.91 62.64 60.73 142.01 140.01 11.4 9.49 65.07 63.07 106.51 106.96 85.87 83.93 48.27 46.32 143.27 141.28 46.39 44.41 28.6 29.83 127.1 125.1 26.17 26.02 12.53 14.32 5.1 3.16 123.41 121.41 128.04 126.04 124.0 122.0 152.19 152.45 154.26 154.39 39.05 37.05 2.83 4.47 29.0 27.59 131.85 132.2 60.07 60.21 123.15 121.15 104.79 
143.59 145.58 10.82 9.85 10.0 8.94 9.22 8.06 8.49 7.21 7.81 6.4 7.21 5.66 6.71 5.0 6.32 4.47 47.52 47.27 31.11 32.56 77.83 77.16 13.15 13.6 38.28 36.4 128.65 130.61 41.87 43.19 54.0 54.04 26.93 25.94 109.66 109.24 146.54 146.11 0.0 2.0 124.04 126.04 83.86 85.84 32.02 32.14 134.73 136.69 84.69 86.54 39.62 39.32 60.53 62.51 97.86 99.82 11.05 11.4 99.92 101.87 120.7 120.5 38.48 39.36 140.06 142.06 138.31 138.05 141.01 142.97 28.28 29.73 36.25 37.12 34.67 35.81 13.6 12.04 23.71 21.95 107.7 109.64 143.75 143.38 122.41 124.4 15.26 14.32 87.28 86.68 41.18 42.19 41.44 
143.78 145.77 12.53 11.7 11.66 10.77 10.82 9.85 10.0 8.94 9.22 8.06 8.49 7.21 7.81 6.4 7.21 5.66 47.85 47.52 32.56 33.94 78.55 77.83 15.13 15.52 40.16 38.28 129.07 131.03 43.42 44.69 54.04 54.0 28.02 26.93 110.11 109.66 146.99 146.54 2.0 0.0 124.1 126.1 84.17 86.15 34.01 34.13 135.15 137.1 85.49 87.32 40.02 39.62 60.83 62.8 98.27 100.22 13.04 13.34 100.42 102.36 120.93 120.7 40.31 41.15 140.13 142.13 138.6 138.31 141.44 143.39 29.73 31.11 38.08 38.91 36.36 37.44 15.26 13.6 25.5 23.71 108.24 110.16 144.16 143.75 122.59 124.58 16.4 15.26 87.92 87.28 42.94 43.91 41.77 
21.47 23.26 130.14 128.14 130.1 128.1 130.06 128.06 130.03 128.04 130.02 128.02 130.0 128.0 130.0 128.0 130.0 128.0 77.1 77.03 103.75 101.79 56.36 55.54 122.41 120.42 115.8 115.25 23.09 23.35 101.24 99.33 70.06 70.18 101.6 101.4 27.02 25.5 34.67 33.02 124.04 124.1 0.0 2.0 41.98 40.02 126.37 124.43 25.3 26.0 54.92 53.25 85.09 85.02 64.2 62.2 32.25 30.53 123.26 121.26 34.21 32.65 10.77 8.94 112.64 110.72 16.03 18.03 20.62 19.1 29.53 30.53 105.38 103.41 113.05 111.13 108.17 106.23 132.24 132.14 136.19 135.94 32.02 30.81 30.23 28.6 7.28 7.0 111.11 111.04 47.51 46.53 109.11 107.21 83.05 
19.72 21.47 132.14 130.14 132.09 130.1 132.06 130.06 132.03 130.03 132.02 130.02 132.0 130.0 132.0 130.0 132.0 130.0 79.1 79.03 105.72 103.75 58.18 57.38 124.4 122.41 117.72 117.18 23.0 23.09 103.16 101.24 72.06 72.17 103.59 103.39 28.32 26.87 33.62 31.91 126.04 126.1 2.0 0.0 43.93 41.98 128.32 126.37 24.74 25.3 56.6 54.92 87.09 87.02 66.19 64.2 34.0 32.25 125.26 123.26 35.81 34.21 11.66 10.0 114.56 112.64 14.04 16.03 19.42 17.8 28.64 29.53 107.35 105.38 114.98 113.05 110.11 108.17 134.24 134.13 138.18 137.93 33.3 32.02 29.15 27.46 8.06 7.28 113.11 113.04 49.24 48.3 111.02 109.11 85.05 
60.01 62.01 89.05 87.05 89.09 87.09 89.14 87.14 89.2 87.21 89.27 87.28 89.36 87.37 89.45 87.46 89.56 87.57 36.35 36.67 61.81 59.84 18.03 16.4 81.01 79.01 74.0 73.38 45.22 47.13 59.46 57.58 31.38 32.2 60.03 60.0 26.83 26.0 63.25 62.64 83.86 84.17 41.98 43.93 0.0 2.0 84.4 82.46 51.24 53.16 21.59 21.21 44.28 44.55 23.35 21.38 14.76 16.55 82.01 80.01 18.44 20.0 37.01 37.01 70.84 68.95 57.56 59.54 54.45 54.23 57.57 59.48 63.51 61.52 71.17 69.26 66.22 64.29 91.01 91.05 94.43 94.26 26.4 28.02 60.17 59.67 39.05 41.05 70.11 70.26 15.0 13.0 67.42 65.55 42.43 
58.01 60.01 91.05 89.05 91.09 89.09 91.14 89.14 91.2 89.2 91.27 89.27 91.35 89.36 91.44 89.45 91.55 89.56 38.33 38.64 63.79 61.81 19.21 17.69 83.01 81.01 75.89 75.29 43.32 45.22 61.35 59.46 33.24 34.01 62.03 62.0 25.06 24.17 61.35 60.73 85.84 86.15 40.02 41.98 2.0 0.0 86.35 84.4 49.34 51.24 22.14 21.59 46.27 46.53 25.32 23.35 13.04 14.76 84.01 82.01 16.97 18.44 35.01 35.01 72.73 70.84 55.58 57.56 52.47 52.24 55.66 57.57 65.49 63.51 73.08 71.17 68.15 66.22 93.01 93.05 96.42 96.25 24.84 26.4 58.24 57.72 37.05 39.05 72.11 72.25 15.13 13.15 69.29 67.42 44.41 
143.27 145.25 24.04 23.54 25.0 24.52 25.96 25.5 26.93 26.48 27.89 27.46 28.86 28.44 29.83 29.43 30.81 30.41 52.35 53.34 23.26 25.08 72.17 72.34 19.03 19.24 12.65 12.17 125.14 127.14 26.0 28.0 61.91 62.97 28.43 29.73 106.3 106.47 142.0 142.01 32.02 34.01 126.37 128.32 84.4 86.35 0.0 2.0 131.1 133.09 77.01 79.01 45.49 46.62 63.69 65.55 95.89 97.87 21.0 21.1 96.33 98.33 120.51 120.84 15.3 17.26 141.79 143.75 136.62 136.82 137.03 139.03 22.47 24.19 14.04 16.03 18.25 20.22 22.85 24.7 16.28 17.69 103.08 105.08 140.06 140.13 122.98 124.95 26.83 28.64 82.15 82.3 19.42 21.38 47.71 
141.28 143.27 24.7 24.04 25.63 25.0 26.57 25.96 27.51 26.93 28.46 27.89 29.41 28.86 30.36 29.83 31.32 30.81 50.61 51.62 21.47 23.26 70.18 70.35 19.03 19.03 10.77 10.2 123.15 125.14 24.0 26.0 60.21 61.29 26.91 28.28 104.31 104.48 140.0 140.01 32.14 34.13 124.43 126.37 82.46 84.4 2.0 0.0 129.1 131.1 75.01 77.01 43.83 45.0 61.85 63.69 93.9 95.89 21.1 21.0 94.34 96.33 118.53 118.87 13.34 15.3 139.83 141.79 134.63 134.84 135.03 137.03 20.81 22.47 12.04 14.04 16.28 18.25 23.71 25.5 17.8 19.1 101.08 103.08 138.06 138.13 121.02 122.98 26.0 27.86 80.16 80.31 17.46 19.42 46.04 
17.8 19.1 139.17 137.19 139.3 137.32 139.44 137.46 139.59 137.61 139.74 137.77 139.9 137.93 140.07 138.1 140.25 138.28 87.32 87.8 110.11 108.12 59.0 59.03 130.75 128.76 119.34 119.21 6.08 4.12 105.12 103.12 82.54 83.22 109.77 110.03 25.18 25.5 12.08 11.4 134.73 135.15 25.3 24.74 51.24 49.34 131.1 129.1 0.0 2.0 54.33 52.35 95.13 95.57 74.46 72.53 36.88 34.93 131.97 129.99 35.13 33.14 18.44 20.0 116.28 114.28 24.35 25.08 9.43 11.18 6.32 8.25 112.22 110.22 117.15 115.16 113.02 111.02 140.91 141.15 143.13 143.22 28.02 26.02 9.06 9.06 19.72 18.79 120.51 120.84 49.0 49.04 112.36 110.37 93.39 
16.64 17.8 141.15 139.17 141.28 139.3 141.42 139.44 141.57 139.59 141.72 139.74 141.88 139.9 142.04 140.07 142.21 140.25 89.27 89.74 112.11 110.11 61.0 61.03 132.74 130.75 121.33 121.2 8.06 6.08 107.12 105.12 84.43 85.09 111.76 112.01 27.17 27.46 10.3 9.49 136.69 137.1 26.0 25.3 53.16 51.24 133.09 131.1 2.0 0.0 56.32 54.33 97.08 97.51 76.4 74.46 38.83 36.88 133.96 131.97 37.12 35.13 19.8 21.26 118.27 116.28 23.77 24.35 8.54 10.44 4.47 6.32 114.21 112.22 119.15 117.15 115.02 113.02 142.9 143.14 145.12 145.22 30.02 28.02 7.07 7.07 20.81 19.72 122.48 122.81 51.0 51.04 114.35 112.36 95.34 
68.01 69.92 87.36 85.44 87.64 85.73 87.93 86.02 88.23 86.33 88.54 86.65 88.87 86.98 89.2 87.32 89.54 87.66 40.46 41.77 57.07 55.11 7.81 9.43 78.59 76.66 65.07 65.01 48.51 50.49 51.01 49.01 40.8 42.44 58.19 58.87 30.36 31.02 65.01 65.07 84.69 85.49 54.92 56.6 21.59 22.14 77.01 75.01 54.33 56.32 0.0 2.0 46.87 48.01 30.81 29.68 22.8 24.41 80.08 78.16 21.02 22.85 46.52 47.41 62.03 60.03 68.45 70.26 60.64 61.13 60.13 62.13 59.44 57.49 63.0 61.0 59.14 57.14 88.77 89.29 89.81 90.09 26.48 28.44 63.2 63.39 49.65 51.43 69.64 70.38 7.81 9.43 58.08 56.08 45.8 
66.1 68.01 89.29 87.36 89.56 87.64 89.84 87.93 90.14 88.23 90.44 88.54 90.76 88.87 91.08 89.2 91.42 89.54 42.01 43.28 59.03 57.07 9.22 10.63 80.52 78.59 67.07 67.01 46.53 48.51 53.01 51.01 42.01 43.6 60.08 60.75 28.46 29.15 63.01 63.07 86.54 87.32 53.25 54.92 21.21 21.59 79.01 77.01 52.35 54.33 2.0 0.0 48.55 49.65 32.02 30.81 21.26 22.8 82.01 80.08 19.24 21.02 44.72 45.65 64.03 62.03 66.64 68.45 58.69 59.2 58.14 60.13 61.39 59.44 65.0 63.0 61.13 59.14 90.71 91.21 91.79 92.07 24.52 26.48 61.2 61.4 47.89 49.65 71.51 72.24 6.71 8.54 60.07 58.08 47.43 
104.17 106.17 45.04 43.05 45.01 43.01 45.0 43.0 45.01 43.01 45.04 43.05 45.1 43.1 45.18 43.19 45.28 43.29 8.0 8.25 22.67 21.21 39.45 38.47 37.48 35.51 38.95 37.48 89.05 91.01 27.73 26.93 16.55 17.49 17.46 16.76 70.09 69.63 106.96 106.51 39.62 40.02 85.09 87.09 44.28 46.27 45.49 43.83 95.13 97.08 46.87 48.55 0.0 2.0 21.02 23.02 58.25 60.21 38.21 36.22 60.44 62.36 81.22 81.1 36.24 35.0 101.04 103.04 98.73 98.51 101.41 103.37 23.02 21.4 35.38 34.06 29.73 28.43 47.17 47.04 51.92 51.42 68.31 70.21 104.14 103.75 83.05 85.05 26.02 26.02 48.33 47.54 34.67 33.62 2.24 
104.31 106.3 45.18 43.19 45.1 43.1 45.04 43.05 45.01 43.01 45.0 43.0 45.01 43.01 45.04 43.05 45.1 43.1 8.25 8.0 24.04 22.67 40.5 39.45 37.85 35.9 40.46 38.95 89.5 91.44 29.55 28.79 15.81 16.55 18.36 17.46 70.6 70.09 107.45 106.96 39.32 39.62 85.02 87.02 44.55 46.53 46.62 45.0 95.57 97.51 48.01 49.65 2.0 0.0 21.21 23.19 58.69 60.64 38.47 36.5 61.03 62.94 81.39 81.22 37.8 36.62 101.0 103.0 98.99 98.73 101.87 103.81 24.21 22.67 36.88 35.61 31.24 30.0 47.38 47.17 52.5 51.92 68.95 70.84 104.56 104.14 83.15 85.15 26.17 26.02 49.19 48.33 36.36 35.36 2.24 
83.15 85.15 66.01 64.01 66.0 64.0 66.01 64.01 66.03 64.03 66.07 64.07 66.12 64.12 66.19 64.2 66.27 64.28 13.04 13.34 40.5 38.63 23.02 21.4 58.22 56.22 54.71 53.71 68.41 70.34 40.8 39.2 10.0 11.66 37.48 37.22 49.65 49.04 86.4 85.87 60.53 60.83 64.2 66.19 23.35 25.32 63.69 61.85 74.46 76.4 30.81 32.02 21.02 21.21 0.0 2.0 37.64 39.56 59.08 57.08 40.31 42.15 60.21 60.07 51.62 49.93 80.1 82.1 77.78 77.52 80.78 82.71 41.76 39.85 51.48 49.74 46.07 44.29 68.07 68.01 72.18 71.85 48.33 50.16 83.43 82.98 62.03 64.03 47.0 47.04 29.83 28.6 48.83 47.2 19.1 
81.15 83.15 68.01 66.01 68.0 66.0 68.01 66.01 68.03 66.03 68.07 66.07 68.12 66.12 68.18 66.19 68.26 66.27 15.03 15.3 42.38 40.5 21.95 20.25 60.21 58.22 56.44 55.47 66.48 68.41 42.44 40.8 11.31 12.81 39.46 39.2 47.76 47.13 84.48 83.93 62.51 62.8 62.2 64.2 21.38 23.35 65.55 63.69 72.53 74.46 29.68 30.81 23.02 23.19 2.0 0.0 35.74 37.64 61.07 59.08 38.48 40.31 58.22 58.08 53.34 51.62 78.1 80.1 75.8 75.54 78.85 80.78 43.68 41.76 53.24 51.48 47.85 46.07 70.06 70.01 74.15 73.82 46.52 48.33 81.49 81.02 60.03 62.03 49.0 49.04 28.32 27.02 50.48 48.83 21.1 
47.38 49.37 102.49 100.5 102.59 100.6 102.7 100.72 102.83 100.84 102.96 100.98 103.1 101.12 103.25 101.27 103.41 101.43 50.45 50.96 74.06 72.06 24.35 23.77 94.19 92.2 84.72 84.34 30.81 32.76 70.21 68.25 46.1 46.96 73.17 73.33 12.08 11.4 48.76 48.27 97.86 98.27 32.25 34.0 14.76 13.04 95.89 93.9 36.88 38.83 22.8 21.26 58.25 58.69 37.64 35.74 0.0 2.0 95.34 93.34 5.1 5.83 24.74 25.3 81.58 79.62 46.49 48.38 41.0 41.05 43.17 45.12 76.01 74.01 82.2 80.23 77.65 75.66 104.31 104.48 107.02 107.0 12.04 13.45 45.89 45.54 27.51 29.41 83.73 84.01 15.26 14.32 77.88 75.93 56.52 
45.4 47.38 104.48 102.49 104.58 102.59 104.69 102.7 104.81 102.83 104.94 102.96 105.08 103.1 105.22 103.25 105.38 103.41 52.39 52.89 76.06 74.06 26.25 25.71 96.19 94.19 86.68 86.31 28.86 30.81 72.18 70.21 47.93 48.75 75.17 75.33 10.3 9.49 46.84 46.32 99.82 100.22 30.53 32.25 16.55 14.76 97.87 95.89 34.93 36.88 24.41 22.8 60.21 60.64 39.56 37.64 2.0 0.0 97.33 95.34 5.1 5.1 22.8 23.41 83.55 81.58 44.6 46.49 39.0 39.05 41.23 43.17 78.01 76.01 84.17 82.2 79.63 77.65 106.3 106.47 109.02 109.0 10.82 12.04 43.93 43.57 25.63 27.51 85.71 85.99 17.0 16.16 79.83 77.88 58.46 
142.01 144.01 7.28 5.39 7.62 5.83 8.06 6.4 8.6 7.07 9.22 7.81 9.9 8.6 10.63 9.43 11.4 10.3 46.17 46.39 23.71 25.5 73.76 73.35 2.24 3.61 27.73 25.94 125.9 127.88 33.42 35.0 54.13 54.57 22.2 22.02 106.79 106.57 143.54 143.27 11.05 13.04 123.26 125.26 82.01 84.01 21.0 21.1 131.97 133.96 80.08 82.01 38.21 38.47 59.08 61.07 95.34 97.33 0.0 2.0 96.88 98.86 119.02 119.0 28.3 29.41 139.18 141.17 136.24 136.13 138.18 140.16 21.02 22.85 26.08 27.2 25.46 26.91 9.0 9.22 15.62 14.42 104.39 106.37 141.03 140.8 121.0 123.0 12.37 13.0 83.55 83.19 31.4 32.65 40.31 
140.01 142.01 9.22 7.28 9.49 7.62 9.85 8.06 10.3 8.6 10.82 9.22 11.4 9.9 12.04 10.63 12.73 11.4 44.18 44.41 21.95 23.71 71.81 71.39 2.24 2.24 26.93 25.08 123.91 125.9 31.89 33.42 52.17 52.63 20.22 20.02 104.81 104.58 141.57 141.28 11.4 13.34 121.26 123.26 80.01 82.01 21.1 21.0 129.99 131.97 78.16 80.08 36.22 36.5 57.08 59.08 93.34 95.34 2.0 0.0 94.89 96.88 117.02 117.0 27.29 28.3 137.18 139.18 134.24 134.13 136.19 138.18 19.24 21.02 25.06 26.08 24.08 25.46 11.0 11.18 17.2 16.12 102.42 104.39 139.04 138.81 119.0 121.0 10.44 11.18 81.58 81.22 30.23 31.4 38.33 
47.3 49.24 104.09 102.11 104.24 102.26 104.39 102.42 104.56 102.59 104.74 102.77 104.92 102.96 105.12 103.16 105.32 103.37 52.81 53.49 75.03 73.03 24.19 24.02 95.63 93.65 84.85 84.59 29.07 31.06 70.46 68.47 49.24 50.25 74.67 74.97 10.0 10.2 46.69 46.39 99.92 100.42 34.21 35.81 18.44 16.97 96.33 94.34 35.13 37.12 21.02 19.24 60.44 61.03 40.31 38.48 5.1 5.1 96.88 94.89 0.0 2.0 25.5 26.42 81.74 79.76 47.42 49.24 40.31 40.61 41.3 43.29 77.1 75.11 82.49 80.5 78.16 76.16 105.8 106.07 108.04 108.12 8.06 9.85 44.18 44.05 28.65 30.41 85.51 85.91 14.32 14.04 77.93 75.95 58.82 
45.35 47.3 106.07 104.09 106.21 104.24 106.37 104.39 106.53 104.56 106.71 104.74 106.89 104.92 107.08 105.12 107.28 105.32 54.71 55.36 77.03 75.03 26.17 26.02 97.62 95.63 86.83 86.58 27.07 29.07 72.44 70.46 51.0 51.97 76.66 76.94 8.0 8.25 44.72 44.41 101.87 102.36 32.65 34.21 20.0 18.44 98.33 96.33 33.14 35.13 22.85 21.02 62.36 62.94 42.15 40.31 5.83 5.1 98.86 96.88 2.0 0.0 23.71 24.7 83.73 81.74 45.62 47.42 38.33 38.64 39.32 41.3 79.1 77.1 84.48 82.49 80.16 78.16 107.79 108.05 110.04 110.11 6.4 8.06 42.19 42.05 26.93 28.65 87.48 87.86 16.28 16.03 79.91 77.93 60.73 
23.0 25.0 126.06 124.06 126.1 124.1 126.14 124.15 126.19 124.2 126.25 124.26 126.32 124.33 126.4 124.4 126.48 124.49 73.25 73.44 98.41 96.42 49.04 48.51 118.0 116.0 109.44 109.04 14.32 15.26 94.92 92.96 67.27 67.68 97.01 97.01 17.03 15.81 29.83 28.6 120.7 120.93 10.77 11.66 37.01 35.01 120.51 118.53 18.44 19.8 46.52 44.72 81.22 81.39 60.21 58.22 24.74 22.8 119.02 117.02 25.5 23.71 0.0 2.0 106.3 104.35 21.93 23.77 18.03 17.46 24.08 25.61 100.24 98.25 106.89 104.92 102.26 100.28 128.02 128.06 131.24 131.14 21.93 20.52 25.81 24.7 3.61 5.0 107.12 107.23 39.56 38.9 102.61 100.66 79.31 
23.09 25.08 126.02 124.02 126.04 124.04 126.06 124.06 126.1 124.1 126.14 124.15 126.19 124.2 126.25 124.26 126.32 124.33 73.11 73.25 98.62 96.63 49.65 49.04 118.02 116.02 109.88 109.44 16.16 17.0 95.34 93.39 66.91 67.27 97.05 97.01 18.38 17.03 31.14 29.83 120.5 120.7 8.94 10.0 37.01 35.01 120.84 118.87 20.0 21.26 47.41 45.65 81.1 81.22 60.07 58.08 25.3 23.41 119.0 117.0 26.42 24.7 2.0 0.0 106.73 104.79 21.19 23.09 18.79 18.03 25.46 26.91 100.4 98.41 107.28 105.32 102.59 100.62 128.0 128.02 131.38 131.24 23.35 22.02 27.02 25.81 2.24 4.12 107.04 107.12 40.31 39.56 103.08 101.14 79.16 
128.89 130.86 34.06 32.8 34.83 33.6 35.61 34.41 36.4 35.23 37.2 36.06 38.01 36.89 38.83 37.74 39.66 38.59 41.77 43.14 14.32 15.26 57.56 57.87 26.08 25.06 3.16 3.16 110.37 112.36 11.4 13.34 51.66 53.04 22.14 24.04 91.66 91.92 127.04 127.1 38.48 40.31 112.64 114.56 70.84 72.73 15.3 13.34 116.28 118.27 62.03 64.03 36.24 37.8 51.62 53.34 81.58 83.55 28.3 27.29 81.74 83.73 106.3 106.73 0.0 2.0 127.82 129.76 122.05 122.33 122.15 124.15 15.52 16.16 2.24 2.24 6.71 7.81 33.94 35.38 30.41 31.38 88.28 90.27 125.2 125.32 108.91 110.86 27.17 29.15 67.48 67.74 4.12 6.08 38.29 
126.92 128.89 35.38 34.06 36.12 34.83 36.88 35.61 37.64 36.4 38.42 37.2 39.2 38.01 40.0 38.83 40.8 39.66 40.31 41.73 13.6 14.32 55.58 55.9 27.2 26.08 5.1 5.1 108.37 110.37 9.49 11.4 50.21 51.62 21.59 23.54 89.68 89.94 125.04 125.1 39.36 41.15 110.72 112.64 68.95 70.84 17.26 15.3 114.28 116.28 60.03 62.03 35.0 36.62 49.93 51.62 79.62 81.58 29.41 28.3 79.76 81.74 104.35 104.79 2.0 0.0 125.88 127.82 120.07 120.35 120.15 122.15 15.13 15.52 3.61 2.24 6.08 6.71 35.38 36.77 32.2 33.12 86.28 88.28 123.2 123.33 106.96 108.91 27.46 29.43 65.49 65.76 2.24 4.12 37.01 
9.49 10.3 146.09 144.09 146.05 144.06 146.03 144.03 146.01 144.01 146.0 144.0 146.0 144.0 146.0 144.0 146.01 144.01 93.05 93.01 119.36 117.39 70.84 70.21 138.29 136.3 130.97 130.5 26.08 25.06 116.42 114.48 86.09 86.21 117.43 117.27 38.59 37.59 28.16 26.17 140.06 140.13 16.03 14.04 57.56 55.58 141.79 139.83 24.35 23.77 68.45 66.64 101.04 101.0 80.1 78.1 46.49 44.6 139.18 137.18 47.42 45.62 21.93 21.19 127.82 125.88 0.0 2.0 15.3 13.34 25.08 25.0 121.06 119.08 128.32 126.37 123.56 121.6 148.17 148.08 151.95 151.74 43.27 41.62 24.02 22.02 18.97 17.09 127.06 127.02 61.47 60.75 124.19 122.26 99.02 
9.06 9.49 148.08 146.09 148.05 146.05 148.03 146.03 148.01 146.01 148.0 146.0 148.0 146.0 148.0 146.0 148.01 146.01 95.05 95.01 121.34 119.36 72.73 72.12 140.29 138.29 132.91 132.44 27.2 26.08 118.36 116.42 88.09 88.2 119.42 119.27 40.31 39.36 28.02 26.02 142.06 142.13 18.03 16.03 59.54 57.56 143.75 141.79 25.08 24.35 70.26 68.45 103.04 103.0 82.1 80.1 48.38 46.49 141.17 139.18 49.24 47.42 23.77 23.09 129.76 127.82 2.0 0.0 15.81 13.93 25.32 25.08 123.04 121.06 130.27 128.32 125.51 123.56 150.16 150.08 153.94 153.73 44.94 43.27 24.02 22.02 20.88 18.97 129.06 129.02 63.32 62.63 126.13 124.19 101.02 
8.49 10.0 143.35 141.35 143.42 141.43 143.5 141.51 143.59 141.6 143.68 141.69 143.78 141.8 143.89 141.9 144.01 142.02 90.8 91.08 115.04 113.04 64.5 64.28 135.13 133.14 125.16 124.9 13.04 11.4 110.77 108.78 85.15 85.62 114.11 114.21 30.41 30.15 14.32 12.53 138.31 138.6 20.62 19.42 54.45 52.47 136.62 134.63 9.43 8.54 60.64 58.69 98.73 98.99 77.78 75.8 41.0 39.0 136.24 134.24 40.31 38.33 18.03 18.79 122.05 120.07 15.3 15.81 0.0 2.0 10.05 10.44 117.0 115.0 122.8 120.81 118.42 116.43 145.22 145.34 148.01 148.0 34.21 32.28 9.85 8.06 17.49 15.81 124.49 124.68 54.59 54.33 118.23 116.25 96.88 
7.21 8.94 143.22 141.23 143.28 141.29 143.35 141.35 143.42 141.43 143.5 141.51 143.59 141.6 143.68 141.69 143.78 141.8 90.55 90.8 115.11 113.11 64.78 64.5 135.06 133.06 125.45 125.16 14.21 12.73 111.02 109.04 84.72 85.15 114.04 114.11 30.81 30.41 16.16 14.32 138.05 138.31 19.1 17.8 54.23 52.24 136.82 134.84 11.18 10.44 61.13 59.2 98.51 98.73 77.52 75.54 41.05 39.05 136.13 134.13 40.61 38.64 17.46 18.03 122.33 120.35 13.34 13.93 2.0 0.0 12.04 12.37 117.04 115.04 123.04 121.06 118.61 116.62 145.12 145.22 148.05 148.01 34.79 32.89 11.7 9.85 16.55 14.76 124.33 124.49 54.92 54.59 118.53 116.56 96.63 
