60
0.0 2.0 12.53 10.82 42.95 44.91 13.6 14.87 9.22 10.63 36.22 36.06 28.64 28.28 26.08 26.31 38.83 40.79 21.93 21.19 33.06 31.06 43.91 42.94 36.06 37.95 18.87 17.2 25.08 26.93 41.77 41.44 7.07 5.83 46.32 45.89 19.24 20.25 10.3 9.49 47.17 45.31 43.05 43.0 21.02 19.03 44.05 44.0 41.44 40.8 12.81 14.42 13.0 13.15 43.1 45.1 19.85 18.6 24.52 26.48 
2.0 0.0 11.7 9.85 43.42 45.35 15.26 16.4 7.81 9.43 36.5 36.22 29.12 28.64 26.0 26.08 39.29 41.23 22.83 21.93 33.0 31.0 44.94 43.91 36.77 38.63 20.59 18.87 25.94 27.73 42.2 41.77 8.6 7.07 46.84 46.32 21.02 21.95 11.4 10.3 47.93 46.1 43.19 43.05 23.02 21.02 44.18 44.05 42.15 41.44 14.14 15.62 13.15 13.0 43.01 45.01 21.4 20.25 25.0 26.93 
12.53 11.7 0.0 2.0 55.08 57.01 25.5 27.02 17.03 19.03 26.93 26.25 40.8 40.26 15.52 15.13 50.96 52.89 34.44 33.62 22.36 20.4 56.44 55.47 48.47 50.33 22.02 20.02 37.58 39.4 53.85 53.37 19.42 18.36 58.52 57.97 30.48 31.83 11.18 9.22 40.22 38.6 32.98 32.56 28.79 26.93 55.58 55.33 34.41 33.29 25.24 26.93 24.74 24.33 54.08 56.08 21.1 21.0 36.69 38.6 
10.82 9.85 2.0 0.0 53.16 55.08 24.04 25.5 15.03 17.03 28.79 28.16 38.9 38.33 17.46 17.12 49.04 50.96 32.65 31.78 24.33 22.36 54.71 53.71 46.62 48.47 22.02 20.02 35.78 37.58 51.92 51.42 17.8 16.64 56.61 56.04 29.21 30.48 11.0 9.0 41.88 40.22 34.93 34.53 28.16 26.25 53.6 53.34 36.06 34.99 23.6 25.24 22.8 22.36 52.09 54.08 21.38 21.1 34.79 36.69 
42.95 43.42 55.08 53.16 0.0 2.0 34.06 32.06 39.4 37.58 78.16 78.31 14.32 14.87 68.88 69.23 4.12 2.24 22.0 22.09 75.8 73.82 13.6 11.7 8.54 6.71 52.47 52.24 19.03 17.03 1.41 3.16 37.22 37.48 3.61 3.0 33.96 32.02 51.16 51.35 86.37 84.38 85.29 85.48 44.64 44.15 7.28 9.22 81.15 81.06 32.02 30.02 30.36 31.02 12.04 12.37 55.33 53.34 18.44 16.49 
44.91 45.35 57.01 55.08 2.0 0.0 36.06 34.06 41.23 39.4 80.16 80.31 16.28 16.76 70.86 71.2 6.08 4.12 24.0 24.08 77.78 75.8 14.32 12.53 10.44 8.54 54.45 54.23 21.02 19.03 3.16 4.24 39.2 39.46 2.24 1.0 35.9 33.96 53.15 53.34 88.36 86.37 87.28 87.46 46.57 46.1 7.0 9.0 83.15 83.05 34.01 32.02 32.28 32.89 12.04 12.04 57.31 55.33 20.4 18.44 
13.6 15.26 25.5 24.04 34.06 36.06 0.0 2.0 18.11 18.0 44.55 44.91 20.62 21.19 36.4 37.16 30.15 32.14 12.17 12.65 43.01 41.11 31.95 31.32 26.02 28.02 18.68 18.25 15.03 17.03 33.14 33.38 6.71 8.54 37.0 37.05 6.08 6.71 18.03 18.79 52.35 50.36 51.79 52.17 13.45 12.04 37.11 37.64 47.1 47.01 3.61 5.0 12.08 13.93 37.7 39.56 21.38 19.42 17.09 18.97 
14.87 16.4 27.02 25.5 32.06 34.06 2.0 0.0 18.44 18.11 46.53 46.87 18.68 19.31 38.28 39.0 28.16 30.15 10.2 10.77 44.92 43.01 30.08 29.41 24.02 26.02 20.62 20.22 13.04 15.03 31.14 31.4 7.81 9.43 35.0 35.06 6.08 6.08 19.92 20.62 54.33 52.35 53.76 54.13 14.87 13.6 35.17 35.74 49.09 49.01 3.0 3.61 11.4 13.34 35.85 37.7 23.35 21.38 15.23 17.09 
9.22 7.81 17.03 15.03 39.4 41.23 18.11 18.44 0.0 2.0 43.42 42.95 25.55 24.6 32.39 32.14 35.34 37.16 21.26 19.8 39.32 37.34 43.19 41.87 33.84 35.51 28.02 26.4 24.04 25.5 38.08 37.34 12.04 10.05 42.95 42.15 24.19 24.52 19.21 18.03 55.46 53.67 49.82 49.5 28.86 26.93 39.05 38.64 49.66 48.85 15.52 16.16 9.9 8.6 37.22 39.2 29.07 27.8 21.63 23.32 
10.63 9.43 19.03 17.03 37.58 39.4 18.0 18.11 2.0 0.0 45.35 44.91 23.85 22.83 34.37 34.13 33.54 35.34 20.0 18.44 41.3 39.32 41.73 40.36 32.2 33.84 29.21 27.66 22.67 24.04 36.25 35.47 12.37 10.44 41.15 40.31 24.02 24.19 20.81 19.72 57.27 55.46 51.79 51.48 29.41 27.51 37.11 36.67 51.48 50.7 15.13 15.52 8.6 7.07 35.23 37.22 30.41 29.07 20.0 21.63 
36.22 36.5 26.93 28.79 78.16 80.16 44.55 46.53 43.42 45.35 0.0 2.0 64.03 64.0 11.66 12.81 74.11 76.11 56.22 56.08 6.71 7.81 76.16 75.71 70.46 72.44 28.64 27.86 59.3 61.29 77.1 77.03 41.01 41.01 81.3 81.15 46.84 48.76 27.02 27.02 15.26 14.32 7.28 8.06 38.91 38.08 80.02 80.1 10.44 8.54 46.17 48.17 49.16 49.37 79.31 81.3 25.5 27.31 60.01 62.01 
36.06 36.22 26.25 28.16 78.31 80.31 44.91 46.87 42.95 44.91 2.0 0.0 64.12 64.03 10.77 11.66 74.24 76.24 56.44 56.22 5.0 6.4 76.66 76.16 70.71 72.69 29.53 28.64 59.54 61.52 77.23 77.1 41.11 41.01 81.5 81.3 47.43 49.34 27.17 27.02 17.0 16.16 7.0 7.28 39.82 38.91 80.0 80.02 12.37 10.44 46.39 48.37 49.04 49.16 79.16 81.15 26.42 28.18 60.07 62.07 
28.64 29.12 40.8 38.9 14.32 16.28 20.62 18.68 25.55 23.85 64.03 64.12 0.0 2.0 54.59 54.92 10.2 12.17 8.54 8.06 61.52 59.54 18.87 17.2 8.49 10.0 39.29 38.83 6.4 5.0 13.15 13.0 23.02 23.19 17.72 17.26 21.95 20.25 37.01 37.12 72.84 70.86 71.11 71.25 32.65 31.78 16.49 17.09 67.48 67.27 18.11 16.12 16.16 17.0 17.49 19.24 41.98 40.02 4.12 2.24 
28.28 28.64 40.26 38.33 14.87 16.76 21.19 19.31 24.6 22.83 64.0 64.03 2.0 0.0 54.33 54.59 10.77 12.65 9.43 8.54 61.29 59.3 20.59 18.87 10.0 11.31 39.85 39.29 7.81 6.71 13.6 13.15 23.02 23.02 18.38 17.72 23.02 21.4 37.01 37.01 73.16 71.2 71.03 71.11 33.62 32.65 16.12 16.49 67.74 67.48 18.44 16.49 15.52 16.16 16.55 18.38 42.45 40.52 4.12 2.24 
26.08 26.0 15.52 17.46 68.88 70.86 36.4 38.28 32.39 34.37 11.66 10.77 54.59 54.33 0.0 2.0 64.78 66.75 47.3 46.87 7.0 5.0 68.35 67.68 61.61 63.56 24.08 22.63 50.45 52.39 67.74 67.48 31.78 31.4 72.18 71.85 39.82 41.59 18.38 17.72 26.17 24.84 17.46 17.12 33.97 32.65 70.11 70.03 20.62 19.1 37.36 39.29 39.05 39.0 69.01 71.01 21.4 22.67 50.49 52.47 
26.31 26.08 15.13 17.12 69.23 71.2 37.16 39.0 32.14 34.13 12.81 11.66 54.92 54.59 2.0 0.0 65.12 67.08 47.8 47.3 7.28 5.39 69.08 68.35 62.1 64.03 25.61 24.08 50.96 52.89 68.07 67.74 32.28 31.78 72.57 72.18 40.82 42.54 19.24 18.38 27.66 26.4 18.03 17.46 35.36 33.97 70.26 70.11 22.2 20.62 37.95 39.85 39.2 39.05 69.01 71.01 23.02 24.21 50.8 52.77 
38.83 39.29 50.96 49.04 4.12 6.08 30.15 28.16 35.34 33.54 74.11 74.24 10.2 10.77 64.78 65.12 0.0 2.0 18.03 18.03 71.7 69.72 14.0 12.0 5.66 4.47 48.66 48.37 15.13 13.15 3.0 3.61 33.14 33.38 7.62 7.07 30.36 28.46 47.1 47.27 82.49 80.5 81.22 81.39 41.11 40.52 8.49 10.0 77.23 77.1 28.0 26.0 26.25 26.93 12.08 13.04 51.48 49.5 14.32 12.37 
40.79 41.23 52.89 50.96 2.24 4.12 32.14 30.15 37.16 35.34 76.11 76.24 12.17 12.65 66.75 67.08 2.0 0.0 20.02 20.02 73.68 71.7 14.14 12.17 7.21 5.66 50.64 50.36 17.12 15.13 1.0 2.24 35.13 35.36 5.83 5.1 32.28 30.36 49.09 49.25 84.48 82.49 83.22 83.38 43.01 42.45 7.21 8.94 79.23 79.1 30.0 28.0 28.16 28.79 11.4 12.08 53.46 51.48 16.28 14.32 
21.93 22.83 34.44 32.65 22.0 24.0 12.17 10.2 21.26 20.0 56.22 56.44 8.54 9.43 47.3 47.8 18.03 20.02 0.0 2.0 54.13 52.17 22.2 21.1 14.32 16.28 30.81 30.41 3.16 5.1 21.02 21.21 15.52 16.16 25.08 25.0 13.6 12.04 29.27 29.61 64.5 62.51 63.39 63.64 24.19 23.26 25.0 25.63 59.21 59.08 10.05 8.06 11.4 13.04 25.94 27.73 33.54 31.58 5.66 7.21 
21.19 21.93 33.62 31.78 22.09 24.08 12.65 10.77 19.8 18.44 56.08 56.22 8.06 8.54 46.87 47.3 18.03 20.02 2.0 0.0 53.76 51.79 23.43 22.2 14.87 16.76 31.32 30.81 4.24 5.83 21.02 21.02 15.13 15.52 25.32 25.08 14.87 13.45 29.07 29.27 64.78 62.8 63.2 63.39 25.24 24.19 24.52 25.0 59.41 59.21 10.05 8.06 9.9 11.4 25.08 26.93 33.96 32.02 4.47 6.32 
33.06 33.0 22.36 24.33 75.8 77.78 43.01 44.92 39.32 41.3 6.71 5.0 61.52 61.29 7.0 7.28 71.7 73.68 54.13 53.76 0.0 2.0 74.95 74.33 68.45 70.41 29.21 28.02 57.27 59.23 74.67 74.43 38.64 38.33 79.08 78.77 46.1 47.93 25.0 24.52 21.95 21.02 10.77 10.2 39.41 38.28 77.1 77.03 17.09 15.23 44.15 46.1 46.04 46.0 76.01 78.01 26.25 27.8 57.43 59.41 
31.06 31.0 20.4 22.36 73.82 75.8 41.11 43.01 37.34 39.32 7.81 6.4 59.54 59.3 5.0 5.39 69.72 71.7 52.17 51.79 2.0 0.0 73.05 72.42 66.49 68.45 27.66 26.4 55.32 57.27 72.69 72.44 36.67 36.35 77.1 76.79 44.28 46.1 23.09 22.56 23.02 21.95 12.65 12.17 37.8 36.62 75.11 75.03 17.89 16.12 42.2 44.15 44.05 44.0 74.01 76.01 24.76 26.25 55.44 57.43 
43.91 44.94 56.44 54.71 13.6 14.32 31.95 30.08 43.19 41.73 76.16 76.66 18.87 20.59 68.35 69.08 14.0 14.14 22.2 23.43 74.95 73.05 0.0 2.0 10.77 10.2 48.37 48.66 19.21 17.69 14.32 16.28 37.12 38.08 13.04 14.76 29.43 27.46 49.98 50.7 82.15 80.16 83.43 83.93 39.01 39.12 20.88 22.8 77.41 77.65 31.3 29.53 33.3 34.66 25.5 25.96 51.48 49.5 22.02 20.81 
42.94 43.91 55.47 53.71 11.7 12.53 31.32 29.41 41.87 40.36 75.71 76.16 17.2 18.87 67.68 68.35 12.0 12.17 21.1 22.2 74.33 72.42 2.0 0.0 8.94 8.25 48.17 48.37 18.03 16.4 12.37 14.32 36.25 37.12 11.4 13.04 29.15 27.17 49.34 49.98 82.05 80.06 82.98 83.43 39.01 39.01 18.97 20.88 77.23 77.41 30.46 28.64 32.02 33.3 23.54 24.04 51.24 49.25 20.52 19.21 
36.06 36.77 48.47 46.62 8.54 10.44 26.02 24.02 33.84 32.2 70.46 70.71 8.49 10.0 61.61 62.1 5.66 7.21 14.32 14.87 68.45 66.49 10.77 8.94 0.0 2.0 44.18 44.05 11.18 9.22 8.06 9.22 29.83 30.36 11.05 11.4 25.5 23.54 43.57 43.93 78.16 76.16 77.65 77.93 36.14 35.69 14.14 15.62 73.03 73.0 24.33 22.36 24.19 25.24 17.49 18.6 47.1 45.1 12.21 10.63 
37.95 38.63 50.33 48.47 6.71 8.54 28.02 26.02 35.51 33.84 72.44 72.69 10.0 11.31 63.56 64.03 4.47 5.66 16.28 16.76 70.41 68.45 10.2 8.25 2.0 0.0 46.17 46.04 13.15 11.18 6.4 7.81 31.78 32.28 9.06 9.49 27.46 25.5 45.54 45.89 80.16 78.16 79.63 79.91 38.08 37.66 12.81 14.42 75.03 75.0 26.31 24.33 25.94 26.93 16.55 17.49 49.09 47.1 13.89 12.21 
18.87 20.59 22.02 22.02 52.47 54.45 18.68 20.62 28.02 29.21 28.64 29.53 39.29 39.85 24.08 25.61 48.66 50.64 30.81 31.32 29.21 27.66 48.37 48.17 44.18 46.17 0.0 2.0 33.54 35.51 51.62 51.97 18.6 19.85 55.23 55.44 19.03 21.02 11.05 13.04 34.01 32.02 35.85 36.67 10.3 9.49 55.79 56.32 29.07 29.27 21.54 23.41 28.02 29.21 56.3 58.19 3.16 1.41 35.74 37.64 
17.2 18.87 20.02 20.02 52.24 54.23 18.25 20.22 26.4 27.66 27.86 28.64 38.83 39.29 22.63 24.08 48.37 50.36 30.41 30.81 28.02 26.4 48.66 48.37 44.05 46.04 2.0 0.0 33.24 35.23 51.35 51.62 17.49 18.6 55.08 55.23 19.24 21.21 9.06 11.05 34.13 32.14 35.11 35.85 11.4 10.3 55.32 55.79 29.0 29.07 20.88 22.8 26.93 28.02 55.66 57.57 3.16 1.41 35.17 37.11 
25.08 25.94 37.58 35.78 19.03 21.02 15.03 13.04 24.04 22.67 59.3 59.54 6.4 7.81 50.45 50.96 15.13 17.12 3.16 4.24 57.27 55.32 19.21 18.03 11.18 13.15 33.54 33.24 0.0 2.0 18.11 18.44 18.68 19.31 22.02 22.02 15.65 13.89 32.39 32.76 67.36 65.38 66.48 66.75 26.4 25.63 22.47 23.26 62.13 62.03 13.15 11.18 14.14 15.62 23.85 25.55 36.35 34.37 5.1 5.83 
26.93 27.73 39.4 37.58 17.03 19.03 17.03 15.03 25.5 24.04 61.29 61.52 5.0 6.71 52.39 52.89 13.15 15.13 5.1 5.83 59.23 57.27 17.69 16.4 9.22 11.18 35.51 35.23 2.0 0.0 16.12 16.49 20.62 21.19 20.02 20.02 17.46 15.65 34.37 34.71 69.35 67.36 68.47 68.73 28.23 27.51 20.62 21.47 64.12 64.03 15.13 13.15 15.62 16.97 22.2 23.85 38.33 36.35 5.1 5.1 
41.77 42.2 53.85 51.92 1.41 3.16 33.14 31.14 38.08 36.25 77.1 77.23 13.15 13.6 67.74 68.07 3.0 1.0 21.02 21.02 74.67 72.69 14.32 12.37 8.06 6.4 51.62 51.35 18.11 16.12 0.0 2.0 36.12 36.35 5.0 4.12 33.24 31.32 50.09 50.25 85.48 83.49 84.21 84.38 43.97 43.42 6.71 8.54 80.22 80.1 31.0 29.0 29.12 29.73 11.18 11.7 54.45 52.47 17.26 15.3 
41.44 41.77 53.37 51.42 3.16 4.24 33.38 31.4 37.34 35.47 77.03 77.1 13.0 13.15 67.48 67.74 3.61 2.24 21.21 21.02 74.43 72.44 16.28 14.32 9.22 7.81 51.97 51.62 18.44 16.49 2.0 0.0 36.01 36.12 6.4 5.0 33.84 31.95 50.01 50.09 85.71 83.73 84.1 84.21 44.6 43.97 5.0 6.71 80.4 80.22 31.06 29.07 28.64 29.12 9.22 9.85 54.74 52.77 17.03 15.03 
7.07 8.6 19.42 17.8 37.22 39.2 6.71 7.81 12.04 12.37 41.01 41.11 23.02 23.02 31.78 32.28 33.14 35.13 15.52 15.13 38.64 36.67 37.12 36.25 29.83 31.78 18.6 17.49 18.68 20.62 36.12 36.01 0.0 2.0 40.45 40.2 12.65 13.42 14.0 14.14 50.45 48.51 48.09 48.26 17.09 15.23 39.12 39.32 44.91 44.55 5.83 7.62 9.43 10.63 38.83 40.79 20.59 18.87 19.0 21.0 
5.83 7.07 18.36 16.64 37.48 39.46 8.54 9.43 10.05 10.44 41.01 41.01 23.19 23.02 31.4 31.78 33.38 35.36 16.16 15.52 38.33 36.35 38.08 37.12 30.36 32.28 19.85 18.6 19.31 21.19 36.35 36.12 2.0 0.0 40.79 40.45 14.56 15.23 14.14 14.0 50.96 49.04 48.01 48.09 18.97 17.09 39.01 39.12 45.35 44.91 7.07 8.6 8.54 9.43 38.47 40.45 21.63 20.0 19.1 21.1 
46.32 46.84 58.52 56.61 3.61 2.24 37.0 35.0 42.95 41.15 81.3 81.5 17.72 18.38 72.18 72.57 7.62 5.83 25.08 25.32 79.08 77.1 13.04 11.4 11.05 9.06 55.23 55.08 22.02 20.02 5.0 6.4 40.45 40.79 0.0 2.0 36.5 34.53 54.33 54.59 89.2 87.21 88.46 88.68 47.07 46.69 9.06 11.05 84.05 84.01 35.13 33.14 33.84 34.54 14.14 14.0 58.14 56.14 21.84 19.92 
45.89 46.32 57.97 56.04 3.0 1.0 37.05 35.06 42.15 40.31 81.15 81.3 17.26 17.72 71.85 72.18 7.07 5.1 25.0 25.08 78.77 76.79 14.76 13.04 11.4 9.49 55.44 55.23 22.02 20.02 4.12 5.0 40.2 40.45 2.0 0.0 36.88 34.93 54.15 54.33 89.36 87.37 88.28 88.46 47.54 47.07 7.07 9.06 84.15 84.05 35.01 33.02 33.24 33.84 12.17 12.0 58.31 56.32 21.38 19.42 
19.24 21.02 30.48 29.21 33.96 35.9 6.08 6.08 24.19 24.02 46.84 47.43 21.95 23.02 39.82 40.82 30.36 32.28 13.6 14.87 46.1 44.28 29.43 29.15 25.5 27.46 19.03 19.24 15.65 17.46 33.24 33.84 12.65 14.56 36.5 36.88 0.0 2.0 21.63 22.8 53.0 51.0 54.12 54.71 10.77 10.2 38.08 38.91 48.09 48.26 9.06 9.49 17.46 19.42 39.45 41.18 22.09 20.1 19.21 20.81 
20.25 21.95 31.83 30.48 32.02 33.96 6.71 6.08 24.52 24.19 48.76 49.34 20.25 21.4 41.59 42.54 28.46 30.36 12.04 13.45 47.93 46.1 27.46 27.17 23.54 25.5 21.02 21.21 13.89 15.65 31.32 31.95 13.42 15.23 34.53 34.93 2.0 0.0 23.32 24.41 55.0 53.0 56.04 56.61 12.65 12.17 36.25 37.12 50.09 50.25 9.06 9.06 17.12 19.1 37.74 39.45 24.08 22.09 17.69 19.21 
10.3 11.4 11.18 11.0 51.16 53.15 18.03 19.92 19.21 20.81 27.02 27.17 37.01 37.01 18.38 19.24 47.1 49.09 29.27 29.07 25.0 23.09 49.98 49.34 43.57 45.54 11.05 9.06 32.39 34.37 50.09 50.01 14.0 14.14 54.33 54.15 21.63 23.32 0.0 2.0 37.0 35.11 34.13 34.37 17.89 16.12 53.08 53.24 31.32 30.81 19.24 21.21 22.56 23.09 52.61 54.59 10.77 10.2 33.0 35.0 
9.49 10.3 9.22 9.0 51.35 53.34 18.79 20.62 18.03 19.72 27.02 27.02 37.12 37.01 17.72 18.38 47.27 49.25 29.61 29.27 24.52 22.56 50.7 49.98 43.93 45.89 13.04 11.05 32.76 34.71 50.25 50.09 14.14 14.0 54.59 54.33 22.8 24.41 2.0 0.0 37.7 35.85 34.01 34.13 19.7 17.89 53.01 53.08 31.95 31.32 19.65 21.59 22.2 22.56 52.35 54.33 12.65 12.17 33.06 35.06 
47.17 47.93 40.22 41.88 86.37 88.36 52.35 54.33 55.46 57.27 15.26 17.0 72.84 73.16 26.17 27.66 82.49 84.48 64.5 64.78 21.95 23.02 82.15 82.05 78.16 80.16 34.01 34.13 67.36 69.35 85.48 85.71 50.45 50.96 89.2 89.36 53.0 55.0 37.0 37.7 0.0 2.0 15.03 17.03 43.19 43.05 89.27 89.63 5.83 7.07 54.74 56.72 59.48 60.08 89.27 91.22 31.06 33.06 69.05 71.02 
45.31 46.1 38.6 40.22 84.38 86.37 50.36 52.35 53.67 55.46 14.32 16.16 70.86 71.2 24.84 26.4 80.5 82.49 62.51 62.8 21.02 21.95 80.16 80.06 76.16 78.16 32.02 32.14 65.38 67.36 83.49 83.73 48.51 49.04 87.21 87.37 51.0 53.0 35.11 35.85 2.0 0.0 15.03 17.03 41.19 41.05 87.3 87.66 4.24 5.83 52.77 54.74 57.57 58.19 87.32 89.27 29.07 31.06 67.08 69.05 
43.05 43.19 32.98 34.93 85.29 87.28 51.79 53.76 49.82 51.79 7.28 7.0 71.11 71.03 17.46 18.03 81.22 83.22 63.39 63.2 10.77 12.65 83.43 82.98 77.65 79.63 35.85 35.11 66.48 68.47 84.21 84.1 48.09 48.01 88.46 88.28 54.12 56.04 34.13 34.01 15.03 15.03 0.0 2.0 46.1 45.31 87.0 87.02 12.65 10.77 53.34 55.33 56.04 56.14 86.15 88.14 32.7 34.54 67.07 69.07 
43.0 43.05 32.56 34.53 85.48 87.46 52.17 54.13 49.5 51.48 8.06 7.28 71.25 71.11 17.12 17.46 81.39 83.38 63.64 63.39 10.2 12.17 83.93 83.43 77.93 79.91 36.67 35.85 66.75 68.73 84.38 84.21 48.26 48.09 88.68 88.46 54.71 56.61 34.37 34.13 17.03 17.03 2.0 0.0 46.96 46.1 87.02 87.0 14.56 12.65 53.6 55.58 56.0 56.04 86.05 88.05 33.54 35.34 67.19 69.18 
21.02 23.02 28.79 28.16 44.64 46.57 13.45 14.87 28.86 29.41 38.91 39.82 32.65 33.62 33.97 35.36 41.11 43.01 24.19 25.24 39.41 37.8 39.01 39.01 36.14 38.08 10.3 11.4 26.4 28.23 43.97 44.6 17.09 18.97 47.07 47.54 10.77 12.65 17.89 19.7 43.19 41.19 46.1 46.96 0.0 2.0 48.85 49.66 38.64 39.05 17.03 18.38 25.24 26.93 50.12 51.88 13.42 11.66 29.68 31.38 
19.03 21.02 26.93 26.25 44.15 46.1 12.04 13.6 26.93 27.51 38.08 38.91 31.78 32.65 32.65 33.97 40.52 42.45 23.26 24.19 38.28 36.62 39.12 39.01 35.69 37.66 9.49 10.3 25.63 27.51 43.42 43.97 15.23 17.09 46.69 47.07 10.2 12.17 16.12 17.89 43.05 41.05 45.31 46.1 2.0 0.0 48.1 48.85 38.33 38.64 15.56 17.03 23.6 25.24 49.19 50.99 12.65 10.77 28.65 30.41 
44.05 44.18 55.58 53.6 7.28 7.0 37.11 35.17 39.05 37.11 80.02 80.0 16.49 16.12 70.11 70.26 8.49 7.21 25.0 24.52 77.1 75.11 20.88 18.97 14.14 12.81 55.79 55.32 22.47 20.62 6.71 5.0 39.12 39.01 9.06 7.07 38.08 36.25 53.08 53.01 89.27 87.3 87.0 87.02 48.85 48.1 0.0 2.0 83.86 83.6 34.53 32.56 31.06 31.26 5.1 5.1 58.46 56.52 20.22 18.25 
44.0 44.05 55.33 53.34 9.22 9.0 37.64 35.74 38.64 36.67 80.1 80.02 17.09 16.49 70.03 70.11 10.0 8.94 25.63 25.0 77.03 75.03 22.8 20.88 15.62 14.42 56.32 55.79 23.26 21.47 8.54 6.71 39.32 39.12 11.05 9.06 38.91 37.12 53.24 53.08 89.63 87.66 87.02 87.0 49.66 48.85 2.0 0.0 84.17 83.86 34.93 32.98 31.0 31.06 3.16 3.16 58.94 57.01 20.62 18.68 
41.44 42.15 34.41 36.06 81.15 83.15 47.1 49.09 49.66 51.48 10.44 12.37 67.48 67.74 20.62 22.2 77.23 79.23 59.21 59.41 17.09 17.89 77.41 77.23 73.03 75.03 29.07 29.0 62.13 64.12 80.22 80.4 44.91 45.35 84.05 84.15 48.09 50.09 31.32 31.95 5.83 4.24 12.65 14.56 38.64 38.33 83.86 84.17 0.0 2.0 49.37 51.35 53.85 54.41 83.74 85.7 26.02 28.02 63.64 65.62 
40.8 41.44 33.29 34.99 81.06 83.05 47.01 49.01 48.85 50.7 8.54 10.44 67.27 67.48 19.1 20.62 77.1 79.1 59.08 59.21 15.23 16.12 77.65 77.41 73.0 75.0 29.27 29.07 62.03 64.03 80.1 80.22 44.55 44.91 84.01 84.05 48.26 50.25 30.81 31.32 7.07 5.83 10.77 12.65 39.05 38.64 83.6 83.86 2.0 0.0 49.16 51.16 53.37 53.85 83.36 85.33 26.17 28.16 63.39 65.38 
12.81 14.14 25.24 23.6 32.02 34.01 3.61 3.0 15.52 15.13 46.17 46.39 18.11 18.44 37.36 37.95 28.0 30.0 10.05 10.05 44.15 42.2 31.3 30.46 24.33 26.31 21.54 20.88 13.15 15.13 31.0 31.06 5.83 7.07 35.13 35.01 9.06 9.06 19.24 19.65 54.74 52.77 53.34 53.6 17.03 15.56 34.53 34.93 49.37 49.16 0.0 2.0 8.54 10.44 34.79 36.69 24.04 22.14 14.32 16.28 
14.42 15.62 26.93 25.24 30.02 32.02 5.0 3.61 16.16 15.52 48.17 48.37 16.12 16.49 39.29 39.85 26.0 28.0 8.06 8.06 46.1 44.15 29.53 28.64 22.36 24.33 23.41 22.8 11.18 13.15 29.0 29.07 7.62 8.6 33.14 33.02 9.49 9.06 21.21 21.59 56.72 54.74 55.33 55.58 18.38 17.03 32.56 32.98 51.35 51.16 2.0 0.0 8.06 10.05 32.89 34.79 25.96 24.04 12.37 14.32 
13.0 13.15 24.74 22.8 30.36 32.28 12.08 11.4 9.9 8.6 49.16 49.04 16.16 15.52 39.05 39.2 26.25 28.16 11.4 9.9 46.04 44.05 33.3 32.02 24.19 25.94 28.02 26.93 14.14 15.62 29.12 28.64 9.43 8.54 33.84 33.24 17.46 17.12 22.56 22.2 59.48 57.57 56.04 56.0 25.24 23.6 31.06 31.0 53.85 53.37 8.54 8.06 0.0 2.0 30.15 32.14 30.02 28.3 12.08 13.93 
13.15 13.0 24.33 22.36 31.02 32.89 13.93 13.34 8.6 7.07 49.37 49.16 17.0 16.16 39.0 39.05 26.93 28.79 13.04 11.4 46.0 44.0 34.66 33.3 25.24 26.93 29.21 28.02 15.62 16.97 29.73 29.12 10.63 9.43 34.54 33.84 19.42 19.1 23.09 22.56 60.08 58.19 56.14 56.04 26.93 25.24 31.26 31.06 54.41 53.85 10.44 10.05 2.0 0.0 30.02 32.02 31.06 29.41 13.04 14.76 
43.1 43.01 54.08 52.09 12.04 12.04 37.7 35.85 37.22 35.23 79.31 79.16 17.49 16.55 69.01 69.01 12.08 11.4 25.94 25.08 76.01 74.01 25.5 23.54 17.49 16.55 56.3 55.66 23.85 22.2 11.18 9.22 38.83 38.47 14.14 12.17 39.45 37.74 52.61 52.35 89.27 87.32 86.15 86.05 50.12 49.19 5.1 3.16 83.74 83.36 34.79 32.89 30.15 30.02 0.0 2.0 58.82 56.92 20.62 18.79 
45.1 45.01 56.08 54.08 12.37 12.04 39.56 37.7 39.2 37.22 81.3 81.15 19.24 18.38 71.01 71.01 13.04 12.08 27.73 26.93 78.01 76.01 25.96 24.04 18.6 17.49 58.19 57.57 25.55 23.85 11.7 9.85 40.79 40.45 14.0 12.0 41.18 39.45 54.59 54.33 91.22 89.27 88.14 88.05 51.88 50.99 5.1 3.16 85.7 85.33 36.69 34.79 32.14 32.02 2.0 0.0 60.73 58.82 22.47 20.62 
19.85 21.4 21.1 21.38 55.33 57.31 21.38 23.35 29.07 30.41 25.5 26.42 41.98 42.45 21.4 23.02 51.48 53.46 33.54 33.96 26.25 24.76 51.48 51.24 47.1 49.09 3.16 3.16 36.35 38.33 54.45 54.74 20.59 21.63 58.14 58.31 22.09 24.08 10.77 12.65 31.06 29.07 32.7 33.54 13.42 12.65 58.46 58.94 26.02 26.17 24.04 25.96 30.02 31.06 58.82 60.73 0.0 2.0 38.33 40.26 
18.6 20.25 21.0 21.1 53.34 55.33 19.42 21.38 27.8 29.07 27.31 28.18 40.02 40.52 22.67 24.21 49.5 51.48 31.58 32.02 27.8 26.25 49.5 49.25 45.1 47.1 1.41 1.41 34.37 36.35 52.47 52.77 18.87 20.0 56.14 56.32 20.1 22.09 10.2 12.17 33.06 31.06 34.54 35.34 11.66 10.77 56.52 57.01 28.02 28.16 22.14 24.04 28.3 29.41 56.92 58.82 2.0 0.0 36.4 38.33 
24.52 25.0 36.69 34.79 18.44 20.4 17.09 15.23 21.63 20.0 60.01 60.07 4.12 4.12 50.49 50.8 14.32 16.28 5.66 4.47 57.43 55.44 22.02 20.52 12.21 13.89 35.74 35.17 5.1 5.1 17.26 17.03 19.0 19.1 21.84 21.38 19.21 17.69 33.0 33.06 69.05 67.08 67.07 67.19 29.68 28.65 20.22 20.62 63.64 63.39 14.32 12.37 12.08 13.04 20.62 22.47 38.33 36.4 0.0 2.0 
26.48 26.93 38.6 36.69 16.49 18.44 18.97 17.09 23.32 21.63 62.01 62.07 2.24 2.24 52.47 52.77 12.37 14.32 7.21 6.32 59.41 57.43 20.81 19.21 10.63 12.21 37.64 37.11 5.83 5.1 15.3 15.03 21.0 21.1 19.92 19.42 20.81 19.21 35.0 35.06 71.02 69.05 69.07 69.18 31.38 30.41 18.25 18.68 65.62 65.38 16.28 14.32 13.93 14.76 18.79 20.62 40.26 38.33 2.0 0.0 
