95
0.0 2.0 1.0 2.24 2.0 2.83 3.0 3.61 4.0 4.47 5.0 5.39 6.0 6.32 7.0 7.28 8.0 8.25 9.0 9.22 10.0 10.2 11.0 11.18 12.0 12.17 13.0 13.15 14.0 14.14 15.0 15.13 16.0 16.12 17.0 17.12 18.0 18.11 19.0 19.1 20.0 20.1 21.0 21.1 22.0 22.09 23.0 23.09 53.26 51.74 52.63 51.09 52.01 50.45 51.4 49.82 50.8 49.2 50.22 48.6 49.65 48.01 4.0 4.47 59.06 57.31 48.84 46.87 58.55 56.57 64.4 62.61 43.86 43.08 39.29 37.36 47.42 46.1 60.03 58.03 57.01 56.52 32.2 30.61 76.94 75.18 7.81 6.4 57.71 55.73 36.12 38.12 41.11 39.82 11.05 
2.0 0.0 2.24 1.0 2.83 2.0 3.61 3.0 4.47 4.0 5.39 5.0 6.32 6.0 7.28 7.0 8.25 8.0 9.22 9.0 10.2 10.0 11.18 11.0 12.17 12.0 13.15 13.0 14.14 14.0 15.13 15.0 16.12 16.0 17.12 17.0 18.11 18.0 19.1 19.0 20.1 20.0 21.1 21.0 22.09 22.0 23.09 23.0 54.56 53.08 53.91 52.4 53.26 51.74 52.63 51.09 52.01 50.45 51.4 49.82 50.8 49.2 4.47 4.0 60.03 58.31 50.8 48.84 60.53 58.55 66.21 64.4 44.72 43.86 41.23 39.29 48.92 47.63 60.0 58.0 58.94 58.46 33.42 31.89 77.9 76.16 9.43 7.81 59.68 57.71 36.01 38.01 42.64 41.4 11.05 
1.0 2.24 0.0 2.0 1.0 2.24 2.0 2.83 3.0 3.61 4.0 4.47 5.0 5.39 6.0 6.32 7.0 7.28 8.0 8.25 9.0 9.22 10.0 10.2 11.0 11.18 12.0 12.17 13.0 13.15 14.0 14.14 15.0 15.13 16.0 16.12 17.0 17.12 18.0 18.11 19.0 19.1 20.0 20.1 21.0 21.1 22.0 22.09 54.04 52.5 53.41 51.86 52.8 51.22 52.2 50.61 51.61 50.0 51.04 49.41 50.48 48.83 5.0 5.39 59.94 58.18 48.66 46.69 58.42 56.44 63.98 62.17 42.95 42.15 39.05 37.11 48.1 46.75 61.03 59.03 57.28 56.75 33.02 31.4 77.83 76.06 7.21 5.66 57.87 55.9 35.13 37.12 41.77 40.46 10.05 
2.24 1.0 2.0 0.0 2.24 1.0 2.83 2.0 3.61 3.0 4.47 4.0 5.39 5.0 6.32 6.0 7.28 7.0 8.25 8.0 9.22 9.0 10.2 10.0 11.18 11.0 12.17 12.0 13.15 13.0 14.14 14.0 15.13 15.0 16.12 16.0 17.12 17.0 18.11 18.0 19.1 19.0 20.1 20.0 21.1 21.0 22.09 22.0 55.32 53.81 54.67 53.15 54.04 52.5 53.41 51.86 52.8 51.22 52.2 50.61 51.61 50.0 5.39 5.0 60.9 59.17 50.64 48.66 60.41 58.42 65.8 63.98 43.83 42.95 41.0 39.05 49.58 48.27 61.0 59.0 59.2 58.69 34.21 32.65 78.77 77.03 8.94 7.21 59.84 57.87 35.01 37.01 43.28 42.01 10.05 
2.0 2.83 1.0 2.24 0.0 2.0 1.0 2.24 2.0 2.83 3.0 3.61 4.0 4.47 5.0 5.39 6.0 6.32 7.0 7.28 8.0 8.25 9.0 9.22 10.0 10.2 11.0 11.18 12.0 12.17 13.0 13.15 14.0 14.14 15.0 15.13 16.0 16.12 17.0 17.12 18.0 18.11 19.0 19.1 20.0 20.1 21.0 21.1 54.82 53.26 54.2 52.63 53.6 52.01 53.01 51.4 52.43 50.8 51.87 50.22 51.31 49.65 6.0 6.32 60.83 59.06 48.51 46.53 58.31 56.32 63.56 61.74 42.05 41.23 38.83 36.88 48.8 47.42 62.03 60.03 57.57 57.01 33.84 32.2 78.71 76.94 6.71 5.0 58.05 56.09 34.13 36.12 42.45 41.11 9.06 
2.83 2.0 2.24 1.0 2.0 0.0 2.24 1.0 2.83 2.0 3.61 3.0 4.47 4.0 5.39 5.0 6.32 6.0 7.28 7.0 8.25 8.0 9.22 9.0 10.2 10.0 11.18 11.0 12.17 12.0 13.15 13.0 14.14 14.0 15.13 15.0 16.12 16.0 17.12 17.0 18.11 18.0 19.1 19.0 20.1 20.0 21.1 21.0 56.08 54.56 55.44 53.91 54.82 53.26 54.2 52.63 53.6 52.01 53.01 51.4 52.43 50.8 6.32 6.0 61.77 60.03 50.49 48.51 60.3 58.31 65.39 63.56 42.94 42.05 40.79 38.83 50.25 48.92 62.0 60.0 59.48 58.94 35.0 33.42 79.65 77.9 8.54 6.71 60.02 58.05 34.01 36.01 43.93 42.64 9.06 
3.0 3.61 2.0 2.83 1.0 2.24 0.0 2.0 1.0 2.24 2.0 2.83 3.0 3.61 4.0 4.47 5.0 5.39 6.0 6.32 7.0 7.28 8.0 8.25 9.0 9.22 10.0 10.2 11.0 11.18 12.0 12.17 13.0 13.15 14.0 14.14 15.0 15.13 16.0 16.12 17.0 17.12 18.0 18.11 19.0 19.1 20.0 20.1 55.61 54.04 55.0 53.41 54.41 52.8 53.82 52.2 53.25 51.61 52.7 51.04 52.15 50.48 7.0 7.28 61.72 59.94 48.37 46.39 58.22 56.22 63.16 61.33 41.15 40.31 38.64 36.67 49.5 48.1 63.03 61.03 57.87 57.28 34.67 33.02 79.61 77.83 6.32 4.47 58.25 56.29 33.14 35.13 43.14 41.77 8.06 
3.61 3.0 2.83 2.0 2.24 1.0 2.0 0.0 2.24 1.0 2.83 2.0 3.61 3.0 4.47 4.0 5.39 5.0 6.32 6.0 7.28 7.0 8.25 8.0 9.22 9.0 10.2 10.0 11.18 11.0 12.17 12.0 13.15 13.0 14.14 14.0 15.13 15.0 16.12 16.0 17.12 17.0 18.11 18.0 19.1 19.0 20.1 20.0 56.85 55.32 56.22 54.67 55.61 54.04 55.0 53.41 54.41 52.8 53.82 52.2 53.25 51.61 7.28 7.0 62.65 60.9 50.36 48.37 60.21 58.22 65.0 63.16 42.06 41.15 40.61 38.64 50.93 49.58 63.0 61.0 59.77 59.2 35.81 34.21 80.53 78.77 8.25 6.32 60.21 58.25 33.02 35.01 44.6 43.28 8.06 
4.0 4.47 3.0 3.61 2.0 2.83 1.0 2.24 0.0 2.0 1.0 2.24 2.0 2.83 3.0 3.61 4.0 4.47 5.0 5.39 6.0 6.32 7.0 7.28 8.0 8.25 9.0 9.22 10.0 10.2 11.0 11.18 12.0 12.17 13.0 13.15 14.0 14.14 15.0 15.13 16.0 16.12 17.0 17.12 18.0 18.11 19.0 19.1 56.4 54.82 55.8 54.2 55.22 53.6 54.64 53.01 54.08 52.43 53.54 51.87 53.0 51.31 8.0 8.25 62.61 60.83 48.26 46.27 58.14 56.14 62.77 60.93 40.25 39.4 38.47 36.5 50.21 48.8 64.03 62.03 58.19 57.57 35.51 33.84 80.5 78.71 6.08 4.12 58.46 56.52 32.14 34.13 43.84 42.45 7.07 
4.47 4.0 3.61 3.0 2.83 2.0 2.24 1.0 2.0 0.0 2.24 1.0 2.83 2.0 3.61 3.0 4.47 4.0 5.39 5.0 6.32 6.0 7.28 7.0 8.25 8.0 9.22 9.0 10.2 10.0 11.18 11.0 12.17 12.0 13.15 13.0 14.14 14.0 15.13 15.0 16.12 16.0 17.12 17.0 18.11 18.0 19.1 19.0 57.63 56.08 57.01 55.44 56.4 54.82 55.8 54.2 55.22 53.6 54.64 53.01 54.08 52.43 8.25 8.0 63.53 61.77 50.25 48.26 60.13 58.14 64.62 62.77 41.18 40.25 40.45 38.47 51.62 50.25 64.0 62.0 60.08 59.48 36.62 35.0 81.41 79.65 8.06 6.08 60.42 58.46 32.02 34.01 45.28 43.93 7.07 
5.0 5.39 4.0 4.47 3.0 3.61 2.0 2.83 1.0 2.24 0.0 2.0 1.0 2.24 2.0 2.83 3.0 3.61 4.0 4.47 5.0 5.39 6.0 6.32 7.0 7.28 8.0 8.25 9.0 9.22 10.0 10.2 11.0 11.18 12.0 12.17 13.0 13.15 14.0 14.14 15.0 15.13 16.0 16.12 17.0 17.12 18.0 18.11 57.2 55.61 56.61 55.0 56.04 54.41 55.47 53.82 54.92 53.25 54.38 52.7 53.85 52.15 9.0 9.22 63.51 61.72 48.17 46.17 58.08 56.08 62.39 60.54 39.36 38.48 38.33 36.35 50.93 49.5 65.03 63.03 58.52 57.87 36.36 34.67 81.39 79.61 6.0 4.0 58.69 56.75 31.14 33.14 44.55 43.14 6.08 
5.39 5.0 4.47 4.0 3.61 3.0 2.83 2.0 2.24 1.0 2.0 0.0 2.24 1.0 2.83 2.0 3.61 3.0 4.47 4.0 5.39 5.0 6.32 6.0 7.28 7.0 8.25 8.0 9.22 9.0 10.2 10.0 11.18 11.0 12.17 12.0 13.15 13.0 14.14 14.0 15.13 15.0 16.12 16.0 17.12 17.0 18.11 18.0 58.41 56.85 57.8 56.22 57.2 55.61 56.61 55.0 56.04 54.41 55.47 53.82 54.92 53.25 9.22 9.0 64.41 62.65 50.16 48.17 60.07 58.08 64.26 62.39 40.31 39.36 40.31 38.33 52.33 50.93 65.0 63.0 60.41 59.77 37.44 35.81 82.3 80.53 8.0 6.0 60.64 58.69 31.02 33.02 45.97 44.6 6.08 
6.0 6.32 5.0 5.39 4.0 4.47 3.0 3.61 2.0 2.83 1.0 2.24 0.0 2.0 1.0 2.24 2.0 2.83 3.0 3.61 4.0 4.47 5.0 5.39 6.0 6.32 7.0 7.28 8.0 8.25 9.0 9.22 10.0 10.2 11.0 11.18 12.0 12.17 13.0 13.15 14.0 14.14 15.0 15.13 16.0 16.12 17.0 17.12 58.01 56.4 57.43 55.8 56.86 55.22 56.3 54.64 55.76 54.08 55.23 53.54 54.71 53.0 10.0 10.2 64.4 62.61 48.09 46.1 58.03 56.04 62.03 60.17 38.47 37.58 38.21 36.22 51.66 50.21 66.03 64.03 58.87 58.19 37.22 35.51 82.29 80.5 6.08 4.12 58.94 57.01 30.15 32.14 45.28 43.84 5.1 
6.32 6.0 5.39 5.0 4.47 4.0 3.61 3.0 2.83 2.0 2.24 1.0 2.0 0.0 2.24 1.0 2.83 2.0 3.61 3.0 4.47 4.0 5.39 5.0 6.32 6.0 7.28 7.0 8.25 8.0 9.22 9.0 10.2 10.0 11.18 11.0 12.17 12.0 13.15 13.0 14.14 14.0 15.13 15.0 16.12 16.0 17.12 17.0 59.2 57.63 58.6 57.01 58.01 56.4 57.43 55.8 56.86 55.22 56.3 54.64 55.76 54.08 10.2 10.0 65.3 63.53 50.09 48.09 60.03 58.03 63.91 62.03 39.45 38.47 40.2 38.21 53.04 51.62 66.0 64.0 60.75 60.08 38.28 36.62 83.19 81.41 8.06 6.08 60.88 58.94 30.02 32.02 46.67 45.28 5.1 
7.0 7.28 6.0 6.32 5.0 5.39 4.0 4.47 3.0 3.61 2.0 2.83 1.0 2.24 0.0 2.0 1.0 2.24 2.0 2.83 3.0 3.61 4.0 4.47 5.0 5.39 6.0 6.32 7.0 7.28 8.0 8.25 9.0 9.22 10.0 10.2 11.0 11.18 12.0 12.17 13.0 13.15 14.0 14.14 15.0 15.13 16.0 16.12 58.82 57.2 58.25 56.61 57.69 56.04 57.14 55.47 56.6 54.92 56.08 54.38 55.57 53.85 11.0 11.18 65.31 63.51 48.04 46.04 58.01 56.01 61.68 59.81 37.59 36.67 38.12 36.12 52.4 50.93 67.03 65.03 59.24 58.52 38.08 36.36 83.19 81.39 6.32 4.47 59.2 57.28 29.15 31.14 46.01 44.55 4.12 
7.28 7.0 6.32 6.0 5.39 5.0 4.47 4.0 3.61 3.0 2.83 2.0 2.24 1.0 2.0 0.0 2.24 1.0 2.83 2.0 3.61 3.0 4.47 4.0 5.39 5.0 6.32 6.0 7.28 7.0 8.25 8.0 9.22 9.0 10.2 10.0 11.18 11.0 12.17 12.0 13.15 13.0 14.14 14.0 15.13 15.0 16.12 16.0 60.0 58.41 59.41 57.8 58.82 57.2 58.25 56.61 57.69 56.04 57.14 55.47 56.6 54.92 11.18 11.0 66.19 64.41 50.04 48.04 60.01 58.01 63.57 61.68 38.59 37.59 40.11 38.12 53.76 52.33 67.0 65.0 61.1 60.41 39.12 37.44 84.08 82.3 8.25 6.32 61.13 59.2 29.02 31.02 47.38 45.97 4.12 
8.0 8.25 7.0 7.28 6.0 6.32 5.0 5.39 4.0 4.47 3.0 3.61 2.0 2.83 1.0 2.24 0.0 2.0 1.0 2.24 2.0 2.83 3.0 3.61 4.0 4.47 5.0 5.39 6.0 6.32 7.0 7.28 8.0 8.25 9.0 9.22 10.0 10.2 11.0 11.18 12.0 12.17 13.0 13.15 14.0 14.14 15.0 15.13 59.64 58.01 59.08 57.43 58.52 56.86 57.98 56.3 57.45 55.76 56.94 55.23 56.44 54.71 12.0 12.17 66.21 64.4 48.01 46.01 58.0 56.0 61.35 59.46 36.72 35.78 38.05 36.06 53.15 51.66 68.03 66.03 59.62 58.87 38.95 37.22 84.1 82.29 6.71 5.0 59.48 57.57 28.16 30.15 46.75 45.28 3.16 
8.25 8.0 7.28 7.0 6.32 6.0 5.39 5.0 4.47 4.0 3.61 3.0 2.83 2.0 2.24 1.0 2.0 0.0 2.24 1.0 2.83 2.0 3.61 3.0 4.47 4.0 5.39 5.0 6.32 6.0 7.28 7.0 8.25 8.0 9.22 9.0 10.2 10.0 11.18 11.0 12.17 12.0 13.15 13.0 14.14 14.0 15.13 15.0 60.8 59.2 60.22 58.6 59.64 58.01 59.08 57.43 58.52 56.86 57.98 56.3 57.45 55.76 12.17 12.0 67.08 65.3 50.01 48.01 60.0 58.0 63.25 61.35 37.74 36.72 40.05 38.05 54.49 53.04 68.0 66.0 61.47 60.75 39.96 38.28 84.97 83.19 8.54 6.71 61.4 59.48 28.02 30.02 48.1 46.67 3.16 
9.0 9.22 8.0 8.25 7.0 7.28 6.0 6.32 5.0 5.39 4.0 4.47 3.0 3.61 2.0 2.83 1.0 2.24 0.0 2.0 1.0 2.24 2.0 2.83 3.0 3.61 4.0 4.47 5.0 5.39 6.0 6.32 7.0 7.28 8.0 8.25 9.0 9.22 10.0 10.2 11.0 11.18 12.0 12.17 13.0 13.15 14.0 14.14 60.46 58.82 59.91 58.25 59.36 57.69 58.83 57.14 58.31 56.6 57.8 56.08 57.31 55.57 13.0 13.15 67.12 65.31 48.0 46.0 58.01 56.01 61.03 59.14 35.85 34.89 38.01 36.01 53.91 52.4 69.03 67.03 60.01 59.24 39.82 38.08 85.0 83.19 7.21 5.66 59.77 57.87 27.17 29.15 47.51 46.01 2.24 
9.22 9.0 8.25 8.0 7.28 7.0 6.32 6.0 5.39 5.0 4.47 4.0 3.61 3.0 2.83 2.0 2.24 1.0 2.0 0.0 2.24 1.0 2.83 2.0 3.61 3.0 4.47 4.0 5.39 5.0 6.32 6.0 7.28 7.0 8.25 8.0 9.22 9.0 10.2 10.0 11.18 11.0 12.17 12.0 13.15 13.0 14.14 14.0 61.61 60.0 61.03 59.41 60.46 58.82 59.91 58.25 59.36 57.69 58.83 57.14 58.31 56.6 13.15 13.0 67.98 66.19 50.0 48.0 60.01 58.01 62.94 61.03 36.89 35.85 40.01 38.01 55.23 53.76 69.0 67.0 61.85 61.1 40.82 39.12 85.87 84.08 8.94 7.21 61.68 59.77 27.02 29.02 48.84 47.38 2.24 
10.0 10.2 9.0 9.22 8.0 8.25 7.0 7.28 6.0 6.32 5.0 5.39 4.0 4.47 3.0 3.61 2.0 2.83 1.0 2.24 0.0 2.0 1.0 2.24 2.0 2.83 3.0 3.61 4.0 4.47 5.0 5.39 6.0 6.32 7.0 7.28 8.0 8.25 9.0 9.22 10.0 10.2 11.0 11.18 12.0 12.17 13.0 13.15 61.29 59.64 60.75 59.08 60.21 58.52 59.68 57.98 59.17 57.45 58.67 56.94 58.18 56.44 14.0 14.14 68.03 66.21 48.01 46.01 58.03 56.04 60.73 58.82 34.99 34.0 38.0 36.0 54.67 53.15 70.03 68.03 60.42 59.62 40.71 38.95 85.91 84.1 7.81 6.4 60.08 58.19 26.17 28.16 48.27 46.75 1.41 
10.2 10.0 9.22 9.0 8.25 8.0 7.28 7.0 6.32 6.0 5.39 5.0 4.47 4.0 3.61 3.0 2.83 2.0 2.24 1.0 2.0 0.0 2.24 1.0 2.83 2.0 3.61 3.0 4.47 4.0 5.39 5.0 6.32 6.0 7.28 7.0 8.25 8.0 9.22 9.0 10.2 10.0 11.18 11.0 12.17 12.0 13.15 13.0 62.43 60.8 61.85 60.22 61.29 59.64 60.75 59.08 60.21 58.52 59.68 57.98 59.17 57.45 14.14 14.0 68.88 67.08 50.01 48.01 60.03 58.03 62.64 60.73 36.06 34.99 40.0 38.0 55.97 54.49 70.0 68.0 62.24 61.47 41.68 39.96 86.76 84.97 9.43 7.81 61.98 60.08 26.02 28.02 49.58 48.1 1.41 
11.0 11.18 10.0 10.2 9.0 9.22 8.0 8.25 7.0 7.28 6.0 6.32 5.0 5.39 4.0 4.47 3.0 3.61 2.0 2.83 1.0 2.24 0.0 2.0 1.0 2.24 2.0 2.83 3.0 3.61 4.0 4.47 5.0 5.39 6.0 6.32 7.0 7.28 8.0 8.25 9.0 9.22 10.0 10.2 11.0 11.18 12.0 12.17 62.13 60.46 61.59 59.91 61.06 59.36 60.54 58.83 60.03 58.31 59.54 57.8 59.06 57.31 15.0 15.13 68.94 67.12 48.04 46.04 58.08 56.08 60.44 58.52 34.13 33.12 38.01 36.01 55.44 53.91 71.03 69.03 60.84 60.01 41.59 39.82 86.82 85.0 8.49 7.21 60.41 58.52 25.18 27.17 49.04 47.51 1.0 
11.18 11.0 10.2 10.0 9.22 9.0 8.25 8.0 7.28 7.0 6.32 6.0 5.39 5.0 4.47 4.0 3.61 3.0 2.83 2.0 2.24 1.0 2.0 0.0 2.24 1.0 2.83 2.0 3.61 3.0 4.47 4.0 5.39 5.0 6.32 6.0 7.28 7.0 8.25 8.0 9.22 9.0 10.2 10.0 11.18 11.0 12.17 12.0 63.25 61.61 62.68 61.03 62.13 60.46 61.59 59.91 61.06 59.36 60.54 58.83 60.03 58.31 15.13 15.0 69.78 67.98 50.04 48.04 60.07 58.08 62.36 60.44 35.23 34.13 40.01 38.01 56.73 55.23 71.0 69.0 62.65 61.85 42.54 40.82 87.66 85.87 10.0 8.49 62.3 60.41 25.02 27.02 50.33 48.84 1.0 
12.0 12.17 11.0 11.18 10.0 10.2 9.0 9.22 8.0 8.25 7.0 7.28 6.0 6.32 5.0 5.39 4.0 4.47 3.0 3.61 2.0 2.83 1.0 2.24 0.0 2.0 1.0 2.24 2.0 2.83 3.0 3.61 4.0 4.47 5.0 5.39 6.0 6.32 7.0 7.28 8.0 8.25 9.0 9.22 10.0 10.2 11.0 11.18 62.97 61.29 62.43 60.75 61.91 60.21 61.4 59.68 60.9 59.17 60.42 58.67 59.94 58.18 16.0 16.12 69.86 68.03 48.09 46.1 58.14 56.14 60.17 58.24 33.29 32.25 38.05 36.06 56.22 54.67 72.03 70.03 61.27 60.42 42.49 40.71 87.73 85.91 9.22 8.06 60.75 58.87 24.19 26.17 49.82 48.27 1.41 
12.17 12.0 11.18 11.0 10.2 10.0 9.22 9.0 8.25 8.0 7.28 7.0 6.32 6.0 5.39 5.0 4.47 4.0 3.61 3.0 2.83 2.0 2.24 1.0 2.0 0.0 2.24 1.0 2.83 2.0 3.61 3.0 4.47 4.0 5.39 5.0 6.32 6.0 7.28 7.0 8.25 8.0 9.22 9.0 10.2 10.0 11.18 11.0 64.07 62.43 63.51 61.85 62.97 61.29 62.43 60.75 61.91 60.21 61.4 59.68 60.9 59.17 16.12 16.0 70.68 68.88 50.09 48.09 60.13 58.14 62.1 60.17 34.41 33.29 40.05 38.05 57.49 55.97 72.0 70.0 63.07 62.24 43.42 41.68 88.57 86.76 10.63 9.22 62.63 60.75 24.02 26.02 51.09 49.58 1.41 
13.0 13.15 12.0 12.17 11.0 11.18 10.0 10.2 9.0 9.22 8.0 8.25 7.0 7.28 6.0 6.32 5.0 5.39 4.0 4.47 3.0 3.61 2.0 2.83 1.0 2.24 0.0 2.0 1.0 2.24 2.0 2.83 3.0 3.61 4.0 4.47 5.0 5.39 6.0 6.32 7.0 7.28 8.0 8.25 9.0 9.22 10.0 10.2 63.81 62.13 63.29 61.59 62.77 61.06 62.27 60.54 61.77 60.03 61.29 59.54 60.83 59.06 17.0 17.12 70.77 68.94 48.17 46.17 58.22 56.22 59.91 57.97 32.45 31.38 38.12 36.12 57.01 55.44 73.03 71.03 61.72 60.84 43.38 41.59 88.64 86.82 10.0 8.94 61.1 59.24 23.19 25.18 50.61 49.04 2.24 
13.15 13.0 12.17 12.0 11.18 11.0 10.2 10.0 9.22 9.0 8.25 8.0 7.28 7.0 6.32 6.0 5.39 5.0 4.47 4.0 3.61 3.0 2.83 2.0 2.24 1.0 2.0 0.0 2.24 1.0 2.83 2.0 3.61 3.0 4.47 4.0 5.39 5.0 6.32 6.0 7.28 7.0 8.25 8.0 9.22 9.0 10.2 10.0 64.9 63.25 64.35 62.68 63.81 62.13 63.29 61.59 62.77 61.06 62.27 60.54 61.77 60.03 17.12 17.0 71.59 69.78 50.16 48.17 60.21 58.22 61.85 59.91 33.6 32.45 40.11 38.12 58.26 56.73 73.0 71.0 63.51 62.65 44.29 42.54 89.47 87.66 11.31 10.0 62.97 61.1 23.02 25.02 51.86 50.33 2.24 
14.0 14.14 13.0 13.15 12.0 12.17 11.0 11.18 10.0 10.2 9.0 9.22 8.0 8.25 7.0 7.28 6.0 6.32 5.0 5.39 4.0 4.47 3.0 3.61 2.0 2.83 1.0 2.24 0.0 2.0 1.0 2.24 2.0 2.83 3.0 3.61 4.0 4.47 5.0 5.39 6.0 6.32 7.0 7.28 8.0 8.25 9.0 9.22 64.66 62.97 64.14 62.43 63.63 61.91 63.13 61.4 62.65 60.9 62.18 60.42 61.72 59.94 18.0 18.11 71.69 69.86 48.26 46.27 58.31 56.32 59.67 57.72 31.62 30.53 38.21 36.22 57.8 56.22 74.03 72.03 62.18 61.27 44.28 42.49 89.55 87.73 10.82 9.85 61.47 59.62 22.2 24.19 51.4 49.82 3.16 
14.14 14.0 13.15 13.0 12.17 12.0 11.18 11.0 10.2 10.0 9.22 9.0 8.25 8.0 7.28 7.0 6.32 6.0 5.39 5.0 4.47 4.0 3.61 3.0 2.83 2.0 2.24 1.0 2.0 0.0 2.24 1.0 2.83 2.0 3.61 3.0 4.47 4.0 5.39 5.0 6.32 6.0 7.28 7.0 8.25 8.0 9.22 9.0 65.73 64.07 65.19 63.51 64.66 62.97 64.14 62.43 63.63 61.91 63.13 61.4 62.65 60.9 18.11 18.0 72.5 70.68 50.25 48.26 60.3 58.31 61.61 59.67 32.8 31.62 40.2 38.21 59.03 57.49 74.0 72.0 63.95 63.07 45.18 43.42 90.38 88.57 12.04 10.82 63.32 61.47 22.02 24.02 52.63 51.09 3.16 
15.0 15.13 14.0 14.14 13.0 13.15 12.0 12.17 11.0 11.18 10.0 10.2 9.0 9.22 8.0 8.25 7.0 7.28 6.0 6.32 5.0 5.39 4.0 4.47 3.0 3.61 2.0 2.83 1.0 2.24 0.0 2.0 1.0 2.24 2.0 2.83 3.0 3.61 4.0 4.47 5.0 5.39 6.0 6.32 7.0 7.28 8.0 8.25 65.51 63.81 65.0 63.29 64.5 62.77 64.01 62.27 63.53 61.77 63.06 61.29 62.61 60.83 19.0 19.1 72.62 70.77 48.37 46.39 58.42 56.44 59.44 57.49 30.81 29.68 38.33 36.35 58.6 57.01 75.03 73.03 62.65 61.72 45.19 43.38 90.47 88.64 11.66 10.77 61.85 60.01 21.21 23.19 52.2 50.61 4.12 
15.13 15.0 14.14 14.0 13.15 13.0 12.17 12.0 11.18 11.0 10.2 10.0 9.22 9.0 8.25 8.0 7.28 7.0 6.32 6.0 5.39 5.0 4.47 4.0 3.61 3.0 2.83 2.0 2.24 1.0 2.0 0.0 2.24 1.0 2.83 2.0 3.61 3.0 4.47 4.0 5.39 5.0 6.32 6.0 7.28 7.0 8.25 8.0 66.57 64.9 66.04 64.35 65.51 63.81 65.0 63.29 64.5 62.77 64.01 62.27 63.53 61.77 19.1 19.0 73.41 71.59 50.36 48.37 60.41 58.42 61.39 59.44 32.02 30.81 40.31 38.33 59.82 58.26 75.0 73.0 64.41 63.51 46.07 44.29 91.29 89.47 12.81 11.66 63.69 61.85 21.02 23.02 53.41 51.86 4.12 
16.0 16.12 15.0 15.13 14.0 14.14 13.0 13.15 12.0 12.17 11.0 11.18 10.0 10.2 9.0 9.22 8.0 8.25 7.0 7.28 6.0 6.32 5.0 5.39 4.0 4.47 3.0 3.61 2.0 2.83 1.0 2.24 0.0 2.0 1.0 2.24 2.0 2.83 3.0 3.61 4.0 4.47 5.0 5.39 6.0 6.32 7.0 7.28 66.37 64.66 65.86 64.14 65.37 63.63 64.88 63.13 64.41 62.65 63.95 62.18 63.51 61.72 20.0 20.1 73.54 71.69 48.51 46.53 58.55 56.57 59.23 57.27 30.0 28.84 38.47 36.5 59.41 57.8 76.03 74.03 63.13 62.18 46.1 44.28 91.39 89.55 12.53 11.7 62.24 60.42 20.22 22.2 53.01 51.4 5.1 
16.12 16.0 15.13 15.0 14.14 14.0 13.15 13.0 12.17 12.0 11.18 11.0 10.2 10.0 9.22 9.0 8.25 8.0 7.28 7.0 6.32 6.0 5.39 5.0 4.47 4.0 3.61 3.0 2.83 2.0 2.24 1.0 2.0 0.0 2.24 1.0 2.83 2.0 3.61 3.0 4.47 4.0 5.39 5.0 6.32 6.0 7.28 7.0 67.42 65.73 66.89 65.19 66.37 64.66 65.86 64.14 65.37 63.63 64.88 63.13 64.41 62.65 20.1 20.0 74.32 72.5 50.49 48.51 60.53 58.55 61.19 59.23 31.24 30.0 40.45 38.47 60.61 59.03 76.0 74.0 64.88 63.95 46.96 45.18 92.2 90.38 13.6 12.53 64.08 62.24 20.02 22.02 54.2 52.63 5.1 
17.0 17.12 16.0 16.12 15.0 15.13 14.0 14.14 13.0 13.15 12.0 12.17 11.0 11.18 10.0 10.2 9.0 9.22 8.0 8.25 7.0 7.28 6.0 6.32 5.0 5.39 4.0 4.47 3.0 3.61 2.0 2.83 1.0 2.24 0.0 2.0 1.0 2.24 2.0 2.83 3.0 3.61 4.0 4.47 5.0 5.39 6.0 6.32 67.23 65.51 66.73 65.0 66.24 64.5 65.76 64.01 65.3 63.53 64.85 63.06 64.4 62.61 21.0 21.1 74.46 72.62 48.66 46.69 58.69 56.72 59.03 57.07 29.21 28.02 38.64 36.67 60.22 58.6 77.03 75.03 63.63 62.65 47.01 45.19 92.31 90.47 13.42 12.65 62.65 60.84 19.24 21.21 53.82 52.2 6.08 
17.12 17.0 16.12 16.0 15.13 15.0 14.14 14.0 13.15 13.0 12.17 12.0 11.18 11.0 10.2 10.0 9.22 9.0 8.25 8.0 7.28 7.0 6.32 6.0 5.39 5.0 4.47 4.0 3.61 3.0 2.83 2.0 2.24 1.0 2.0 0.0 2.24 1.0 2.83 2.0 3.61 3.0 4.47 4.0 5.39 5.0 6.32 6.0 68.26 66.57 67.74 66.04 67.23 65.51 66.73 65.0 66.24 64.5 65.76 64.01 65.3 63.53 21.1 21.0 75.24 73.41 50.64 48.66 60.67 58.69 61.0 59.03 30.48 29.21 40.61 38.64 61.4 59.82 77.0 75.0 65.37 64.41 47.85 46.07 93.11 91.29 14.42 13.42 64.47 62.65 19.03 21.02 55.0 53.41 6.08 
18.0 18.11 17.0 17.12 16.0 16.12 15.0 15.13 14.0 14.14 13.0 13.15 12.0 12.17 11.0 11.18 10.0 10.2 9.0 9.22 8.0 8.25 7.0 7.28 6.0 6.32 5.0 5.39 4.0 4.47 3.0 3.61 2.0 2.83 1.0 2.24 0.0 2.0 1.0 2.24 2.0 2.83 3.0 3.61 4.0 4.47 5.0 5.39 68.1 66.37 67.6 65.86 67.12 65.37 66.65 64.88 66.19 64.41 65.74 63.95 65.31 63.51 22.0 22.09 75.39 73.54 48.84 46.87 58.86 56.89 58.86 56.89 28.43 27.2 38.83 36.88 61.03 59.41 78.03 76.03 64.14 63.13 47.93 46.1 93.23 91.39 14.32 13.6 63.07 61.27 18.25 20.22 54.64 53.01 7.07 
18.11 18.0 17.12 17.0 16.12 16.0 15.13 15.0 14.14 14.0 13.15 13.0 12.17 12.0 11.18 11.0 10.2 10.0 9.22 9.0 8.25 8.0 7.28 7.0 6.32 6.0 5.39 5.0 4.47 4.0 3.61 3.0 2.83 2.0 2.24 1.0 2.0 0.0 2.24 1.0 2.83 2.0 3.61 3.0 4.47 4.0 5.39 5.0 69.12 67.42 68.6 66.89 68.1 66.37 67.6 65.86 67.12 65.37 66.65 64.88 66.19 64.41 22.09 22.0 76.16 74.32 50.8 48.84 60.83 58.86 60.83 58.86 29.73 28.43 40.79 38.83 62.2 60.61 78.0 76.0 65.86 64.88 48.75 46.96 94.02 92.2 15.26 14.32 64.88 63.07 18.03 20.02 55.8 54.2 7.07 
19.0 19.1 18.0 18.11 17.0 17.12 16.0 16.12 15.0 15.13 14.0 14.14 13.0 13.15 12.0 12.17 11.0 11.18 10.0 10.2 9.0 9.22 8.0 8.25 7.0 7.28 6.0 6.32 5.0 5.39 4.0 4.47 3.0 3.61 2.0 2.83 1.0 2.24 0.0 2.0 1.0 2.24 2.0 2.83 3.0 3.61 4.0 4.47 68.96 67.23 68.48 66.73 68.0 66.24 67.54 65.76 67.08 65.3 66.64 64.85 66.21 64.4 23.0 23.09 76.32 74.46 49.03 47.07 59.03 57.07 58.69 56.72 27.66 26.4 39.05 37.11 61.85 60.22 79.03 77.03 64.66 63.63 48.85 47.01 94.15 92.31 15.23 14.56 63.51 61.72 17.26 19.24 55.47 53.82 8.06 
19.1 19.0 18.11 18.0 17.12 17.0 16.12 16.0 15.13 15.0 14.14 14.0 13.15 13.0 12.17 12.0 11.18 11.0 10.2 10.0 9.22 9.0 8.25 8.0 7.28 7.0 6.32 6.0 5.39 5.0 4.47 4.0 3.61 3.0 2.83 2.0 2.24 1.0 2.0 0.0 2.24 1.0 2.83 2.0 3.61 3.0 4.47 4.0 69.97 68.26 69.46 67.74 68.96 67.23 68.48 66.73 68.0 66.24 67.54 65.76 67.08 65.3 23.09 23.0 77.08 75.24 50.99 49.03 61.0 59.03 60.67 58.69 29.0 27.66 41.0 39.05 63.01 61.4 79.0 77.0 66.37 65.37 49.66 47.85 94.94 93.11 16.12 15.23 65.31 63.51 17.03 19.03 56.61 55.0 8.06 
20.0 20.1 19.0 19.1 18.0 18.11 17.0 17.12 16.0 16.12 15.0 15.13 14.0 14.14 13.0 13.15 12.0 12.17 11.0 11.18 10.0 10.2 9.0 9.22 8.0 8.25 7.0 7.28 6.0 6.32 5.0 5.39 4.0 4.47 3.0 3.61 2.0 2.83 1.0 2.24 0.0 2.0 1.0 2.24 2.0 2.83 3.0 3.61 69.84 68.1 69.35 67.6 68.88 67.12 68.43 66.65 67.98 66.19 67.54 65.74 67.12 65.31 24.0 24.08 77.25 75.39 49.24 47.3 59.23 57.27 58.55 56.57 26.91 25.61 39.29 37.36 62.68 61.03 80.02 78.03 65.19 64.14 49.77 47.93 95.08 93.23 16.16 15.52 63.95 62.18 16.28 18.25 56.3 54.64 9.06 
20.1 20.0 19.1 19.0 18.11 18.0 17.12 17.0 16.12 16.0 15.13 15.0 14.14 14.0 13.15 13.0 12.17 12.0 11.18 11.0 10.2 10.0 9.22 9.0 8.25 8.0 7.28 7.0 6.32 6.0 5.39 5.0 4.47 4.0 3.61 3.0 2.83 2.0 2.24 1.0 2.0 0.0 2.24 1.0 2.83 2.0 3.61 3.0 70.83 69.12 70.33 68.6 69.84 68.1 69.35 67.6 68.88 67.12 68.43 66.65 67.98 66.19 24.08 24.0 78.0 76.16 51.2 49.24 61.19 59.23 60.53 58.55 28.28 26.91 41.23 39.29 63.82 62.2 80.0 78.0 66.89 65.86 50.57 48.75 95.85 94.02 17.0 16.16 65.74 63.95 16.03 18.03 57.43 55.8 9.06 
21.0 21.1 20.0 20.1 19.0 19.1 18.0 18.11 17.0 17.12 16.0 16.12 15.0 15.13 14.0 14.14 13.0 13.15 12.0 12.17 11.0 11.18 10.0 10.2 9.0 9.22 8.0 8.25 7.0 7.28 6.0 6.32 5.0 5.39 4.0 4.47 3.0 3.61 2.0 2.83 1.0 2.24 0.0 2.0 1.0 2.24 2.0 2.83 70.71 68.96 70.24 68.48 69.77 68.0 69.32 67.54 68.88 67.08 68.45 66.64 68.03 66.21 25.0 25.08 78.19 76.32 49.48 47.54 59.44 57.49 58.42 56.44 26.17 24.84 39.56 37.64 63.51 61.85 81.02 79.03 65.73 64.66 50.7 48.85 96.01 94.15 17.09 16.49 64.41 62.65 15.3 17.26 57.14 55.47 10.05 
21.1 21.0 20.1 20.0 19.1 19.0 18.11 18.0 17.12 17.0 16.12 16.0 15.13 15.0 14.14 14.0 13.15 13.0 12.17 12.0 11.18 11.0 10.2 10.0 9.22 9.0 8.25 8.0 7.28 7.0 6.32 6.0 5.39 5.0 4.47 4.0 3.61 3.0 2.83 2.0 2.24 1.0 2.0 0.0 2.24 1.0 2.83 2.0 71.69 69.97 71.2 69.46 70.71 68.96 70.24 68.48 69.77 68.0 69.32 67.54 68.88 67.08 25.08 25.0 78.92 77.08 51.42 49.48 61.39 59.44 60.41 58.42 27.59 26.17 41.48 39.56 64.64 63.01 81.0 79.0 67.42 66.37 51.48 49.66 96.77 94.94 17.89 17.09 66.19 64.41 15.03 17.03 58.25 56.61 10.05 
22.0 22.09 21.0 21.1 20.0 20.1 19.0 19.1 18.0 18.11 17.0 17.12 16.0 16.12 15.0 15.13 14.0 14.14 13.0 13.15 12.0 12.17 11.0 11.18 10.0 10.2 9.0 9.22 8.0 8.25 7.0 7.28 6.0 6.32 5.0 5.39 4.0 4.47 3.0 3.61 2.0 2.83 1.0 2.24 0.0 2.0 1.0 2.24 71.59 69.84 71.12 69.35 70.66 68.88 70.21 68.43 69.78 67.98 69.35 67.54 68.94 67.12 26.0 26.08 79.12 77.25 49.73 47.8 59.67 57.72 58.31 56.32 25.46 24.08 39.85 37.95 64.35 62.68 82.02 80.02 66.29 65.19 51.62 49.77 96.93 95.08 18.03 17.46 64.88 63.13 14.32 16.28 57.98 56.3 11.05 
22.09 22.0 21.1 21.0 20.1 20.0 19.1 19.0 18.11 18.0 17.12 17.0 16.12 16.0 15.13 15.0 14.14 14.0 13.15 13.0 12.17 12.0 11.18 11.0 10.2 10.0 9.22 9.0 8.25 8.0 7.28 7.0 6.32 6.0 5.39 5.0 4.47 4.0 3.61 3.0 2.83 2.0 2.24 1.0 2.0 0.0 2.24 1.0 72.56 70.83 72.07 70.33 71.59 69.84 71.12 69.35 70.66 68.88 70.21 68.43 69.78 67.98 26.08 26.0 79.85 78.0 51.66 49.73 61.61 59.67 60.3 58.31 26.91 25.46 41.76 39.85 65.46 63.82 82.0 80.0 67.96 66.89 52.39 50.57 97.69 95.85 18.79 18.03 66.65 64.88 14.04 16.03 59.08 57.43 11.05 
23.0 23.09 22.0 22.09 21.0 21.1 20.0 20.1 19.0 19.1 18.0 18.11 17.0 17.12 16.0 16.12 15.0 15.13 14.0 14.14 13.0 13.15 12.0 12.17 11.0 11.18 10.0 10.2 9.0 9.22 8.0 8.25 7.0 7.28 6.0 6.32 5.0 5.39 4.0 4.47 3.0 3.61 2.0 2.83 1.0 2.24 0.0 2.0 72.47 70.71 72.01 70.24 71.55 69.77 71.11 69.32 70.68 68.88 70.26 68.45 69.86 68.03 27.0 27.07 80.06 78.19 50.0 48.08 59.91 57.97 58.22 56.22 24.76 23.35 40.16 38.28 65.19 63.51 83.02 81.02 66.85 65.73 52.55 50.7 97.86 96.01 18.97 18.44 65.37 63.63 13.34 15.3 58.83 57.14 12.04 
23.09 23.0 22.09 22.0 21.1 21.0 20.1 20.0 19.1 19.0 18.11 18.0 17.12 17.0 16.12 16.0 15.13 15.0 14.14 14.0 13.15 13.0 12.17 12.0 11.18 11.0 10.2 10.0 9.22 9.0 8.25 8.0 7.28 7.0 6.32 6.0 5.39 5.0 4.47 4.0 3.61 3.0 2.83 2.0 2.24 1.0 2.0 0.0 73.43 71.69 72.95 71.2 72.47 70.71 72.01 70.24 71.55 69.77 71.11 69.32 70.68 68.88 27.07 27.0 80.78 78.92 51.92 50.0 61.85 59.91 60.21 58.22 26.25 24.76 42.06 40.16 66.29 64.64 83.0 81.0 68.51 67.42 53.31 51.48 98.62 96.77 19.7 18.97 67.12 65.37 13.04 15.03 59.91 58.25 12.04 
53.26 54.56 54.04 55.32 54.82 56.08 55.61 56.85 56.4 57.63 57.2 58.41 58.01 59.2 58.82 60.0 59.64 60.8 60.46 61.61 61.29 62.43 62.13 63.25 62.97 64.07 63.81 64.9 64.66 65.73 65.51 66.57 66.37 67.42 67.23 68.26 68.1 69.12 68.96 69.97 69.84 70.83 70.71 71.69 71.59 72.56 72.47 73.43 0.0 2.0 1.0 2.24 2.0 2.83 3.0 3.61 4.0 4.47 5.0 5.39 6.0 6.32 50.25 51.62 12.53 10.82 51.92 51.42 54.56 53.71 73.05 72.42 82.57 82.98 51.16 51.04 9.06 11.05 40.71 39.81 33.42 35.0 21.21 22.67 27.07 25.08 53.85 54.92 39.41 38.28 85.43 87.24 14.32 16.28 62.68 
51.74 53.08 52.5 53.81 53.26 54.56 54.04 55.32 54.82 56.08 55.61 56.85 56.4 57.63 57.2 58.41 58.01 59.2 58.82 60.0 59.64 60.8 60.46 61.61 61.29 62.43 62.13 63.25 62.97 64.07 63.81 64.9 64.66 65.73 65.51 66.57 66.37 67.42 67.23 68.26 68.1 69.12 68.96 69.97 69.84 70.83 70.71 71.69 2.0 0.0 2.24 1.0 2.83 2.0 3.61 3.0 4.47 4.0 5.39 5.0 6.32 6.0 48.8 50.21 14.32 12.53 50.0 49.48 52.77 51.89 71.17 70.52 80.6 81.02 49.16 49.04 7.07 9.06 41.68 40.71 31.89 33.42 19.85 21.21 29.07 27.07 52.15 53.25 37.8 36.62 83.63 85.43 12.37 14.32 61.03 
52.63 53.91 53.41 54.67 54.2 55.44 55.0 56.22 55.8 57.01 56.61 57.8 57.43 58.6 58.25 59.41 59.08 60.22 59.91 61.03 60.75 61.85 61.59 62.68 62.43 63.51 63.29 64.35 64.14 65.19 65.0 66.04 65.86 66.89 66.73 67.74 67.6 68.6 68.48 69.46 69.35 70.33 70.24 71.2 71.12 72.07 72.01 72.95 1.0 2.24 0.0 2.0 1.0 2.24 2.0 2.83 3.0 3.61 4.0 4.47 5.0 5.39 49.58 50.93 12.08 10.3 52.2 51.66 55.01 54.13 73.39 72.73 82.38 82.76 51.24 51.09 9.22 11.18 39.82 38.91 34.06 35.61 20.52 22.02 27.17 25.18 53.34 54.38 40.0 38.83 85.0 86.82 14.14 16.12 62.13 
51.09 52.4 51.86 53.15 52.63 53.91 53.41 54.67 54.2 55.44 55.0 56.22 55.8 57.01 56.61 57.8 57.43 58.6 58.25 59.41 59.08 60.22 59.91 61.03 60.75 61.85 61.59 62.68 62.43 63.51 63.29 64.35 64.14 65.19 65.0 66.04 65.86 66.89 66.73 67.74 67.6 68.6 68.48 69.46 69.35 70.33 70.24 71.2 2.24 1.0 2.0 0.0 2.24 1.0 2.83 2.0 3.61 3.0 4.47 4.0 5.39 5.0 48.1 49.5 13.93 12.08 50.29 49.73 53.24 52.33 71.51 70.84 80.41 80.81 49.25 49.09 7.28 9.22 40.82 39.82 32.56 34.06 19.1 20.52 29.15 27.17 51.62 52.7 38.42 37.2 83.19 85.0 12.17 14.14 60.46 
52.01 53.26 52.8 54.04 53.6 54.82 54.41 55.61 55.22 56.4 56.04 57.2 56.86 58.01 57.69 58.82 58.52 59.64 59.36 60.46 60.21 61.29 61.06 62.13 61.91 62.97 62.77 63.81 63.63 64.66 64.5 65.51 65.37 66.37 66.24 67.23 67.12 68.1 68.0 68.96 68.88 69.84 69.77 70.71 70.66 71.59 71.55 72.47 2.0 2.83 1.0 2.24 0.0 2.0 1.0 2.24 2.0 2.83 3.0 3.61 4.0 4.47 48.92 50.25 11.7 9.85 52.5 51.92 55.47 54.56 73.74 73.05 82.2 82.57 51.35 51.16 9.49 11.4 38.95 38.01 34.71 36.24 19.85 21.4 27.29 25.32 52.84 53.85 40.61 39.41 84.58 86.41 14.04 16.03 61.59 
50.45 51.74 51.22 52.5 52.01 53.26 52.8 54.04 53.6 54.82 54.41 55.61 55.22 56.4 56.04 57.2 56.86 58.01 57.69 58.82 58.52 59.64 59.36 60.46 60.21 61.29 61.06 62.13 61.91 62.97 62.77 63.81 63.63 64.66 64.5 65.51 65.37 66.37 66.24 67.23 67.12 68.1 68.0 68.96 68.88 69.84 69.77 70.71 2.83 2.0 2.24 1.0 2.0 0.0 2.24 1.0 2.83 2.0 3.61 3.0 4.47 4.0 47.42 48.8 13.6 11.7 50.6 50.0 53.71 52.77 71.87 71.17 80.23 80.6 49.37 49.16 7.62 9.49 39.96 38.95 33.24 34.71 18.38 19.85 29.27 27.29 51.11 52.15 39.05 37.8 82.76 84.58 12.04 14.04 59.91 
51.4 52.63 52.2 53.41 53.01 54.2 53.82 55.0 54.64 55.8 55.47 56.61 56.3 57.43 57.14 58.25 57.98 59.08 58.83 59.91 59.68 60.75 60.54 61.59 61.4 62.43 62.27 63.29 63.13 64.14 64.01 65.0 64.88 65.86 65.76 66.73 66.65 67.6 67.54 68.48 68.43 69.35 69.32 70.24 70.21 71.12 71.11 72.01 3.0 3.61 2.0 2.83 1.0 2.24 0.0 2.0 1.0 2.24 2.0 2.83 3.0 3.61 48.27 49.58 11.4 9.49 52.81 52.2 55.95 55.01 74.09 73.39 82.04 82.38 51.48 51.24 9.85 11.7 38.08 37.12 35.38 36.88 19.21 20.81 27.46 25.5 52.35 53.34 41.23 40.0 84.17 86.01 14.0 16.0 61.06 
49.82 51.09 50.61 51.86 51.4 52.63 52.2 53.41 53.01 54.2 53.82 55.0 54.64 55.8 55.47 56.61 56.3 57.43 57.14 58.25 57.98 59.08 58.83 59.91 59.68 60.75 60.54 61.59 61.4 62.43 62.27 63.29 63.13 64.14 64.01 65.0 64.88 65.86 65.76 66.73 66.65 67.6 67.54 68.48 68.43 69.35 69.32 70.24 3.61 3.0 2.83 2.0 2.24 1.0 2.0 0.0 2.24 1.0 2.83 2.0 3.61 3.0 46.75 48.1 13.34 11.4 50.92 50.29 54.2 53.24 72.24 71.51 80.06 80.41 49.5 49.25 8.06 9.85 39.12 38.08 33.94 35.38 17.69 19.21 29.43 27.46 50.61 51.62 39.7 38.42 82.35 84.17 12.0 14.0 59.36 
50.8 52.01 51.61 52.8 52.43 53.6 53.25 54.41 54.08 55.22 54.92 56.04 55.76 56.86 56.6 57.69 57.45 58.52 58.31 59.36 59.17 60.21 60.03 61.06 60.9 61.91 61.77 62.77 62.65 63.63 63.53 64.5 64.41 65.37 65.3 66.24 66.19 67.12 67.08 68.0 67.98 68.88 68.88 69.77 69.78 70.66 70.68 71.55 4.0 4.47 3.0 3.61 2.0 2.83 1.0 2.24 0.0 2.0 1.0 2.24 2.0 2.83 47.63 48.92 11.18 9.22 53.14 52.5 56.44 55.47 74.46 73.74 81.88 82.2 51.62 51.35 10.3 12.08 37.22 36.24 36.07 37.54 18.6 20.25 27.66 25.71 51.88 52.84 41.87 40.61 83.77 85.62 14.04 16.03 60.54 
49.2 50.45 50.0 51.22 50.8 52.01 51.61 52.8 52.43 53.6 53.25 54.41 54.08 55.22 54.92 56.04 55.76 56.86 56.6 57.69 57.45 58.52 58.31 59.36 59.17 60.21 60.03 61.06 60.9 61.91 61.77 62.77 62.65 63.63 63.53 64.5 64.41 65.37 65.3 66.24 66.19 67.12 67.08 68.0 67.98 68.88 68.88 69.77 4.47 4.0 3.61 3.0 2.83 2.0 2.24 1.0 2.0 0.0 2.24 1.0 2.83 2.0 46.1 47.42 13.15 11.18 51.26 50.6 54.71 53.71 72.62 71.87 79.91 80.23 49.65 49.37 8.6 10.3 38.28 37.22 34.66 36.07 17.03 18.6 29.61 27.66 50.12 51.11 40.36 39.05 81.94 83.77 12.04 14.04 58.83 
50.22 51.4 51.04 52.2 51.87 53.01 52.7 53.82 53.54 54.64 54.38 55.47 55.23 56.3 56.08 57.14 56.94 57.98 57.8 58.83 58.67 59.68 59.54 60.54 60.42 61.4 61.29 62.27 62.18 63.13 63.06 64.01 63.95 64.88 64.85 65.76 65.74 66.65 66.64 67.54 67.54 68.43 68.45 69.32 69.35 70.21 70.26 71.11 5.0 5.39 4.0 4.47 3.0 3.61 2.0 2.83 1.0 2.24 0.0 2.0 1.0 2.24 47.01 48.27 11.05 9.06 53.49 52.81 56.94 55.95 74.85 74.09 81.74 82.04 51.79 51.48 10.82 12.53 36.36 35.36 36.77 38.21 18.03 19.72 27.89 25.96 51.43 52.35 42.52 41.23 83.38 85.23 14.14 16.12 60.03 
48.6 49.82 49.41 50.61 50.22 51.4 51.04 52.2 51.87 53.01 52.7 53.82 53.54 54.64 54.38 55.47 55.23 56.3 56.08 57.14 56.94 57.98 57.8 58.83 58.67 59.68 59.54 60.54 60.42 61.4 61.29 62.27 62.18 63.13 63.06 64.01 63.95 64.88 64.85 65.76 65.74 66.65 66.64 67.54 67.54 68.43 68.45 69.32 5.39 5.0 4.47 4.0 3.61 3.0 2.83 2.0 2.24 1.0 2.0 0.0 2.24 1.0 45.45 46.75 13.04 11.05 51.62 50.92 55.23 54.2 73.01 72.24 79.76 80.06 49.82 49.5 9.22 10.82 37.44 36.36 35.38 36.77 16.4 18.03 29.83 27.89 49.65 50.61 41.04 39.7 81.54 83.38 12.17 14.14 58.31 
49.65 50.8 50.48 51.61 51.31 52.43 52.15 53.25 53.0 54.08 53.85 54.92 54.71 55.76 55.57 56.6 56.44 57.45 57.31 58.31 58.18 59.17 59.06 60.03 59.94 60.9 60.83 61.77 61.72 62.65 62.61 63.53 63.51 64.41 64.4 65.3 65.31 66.19 66.21 67.08 67.12 67.98 68.03 68.88 68.94 69.78 69.86 70.68 6.0 6.32 5.0 5.39 4.0 4.47 3.0 3.61 2.0 2.83 1.0 2.24 0.0 2.0 46.4 47.63 11.0 9.0 53.85 53.14 57.45 56.44 75.24 74.46 81.61 81.88 51.97 51.62 11.4 13.04 35.51 34.48 37.48 38.9 17.49 19.24 28.16 26.25 50.99 51.88 43.19 41.87 83.01 84.86 14.32 16.28 59.54 
48.01 49.2 48.83 50.0 49.65 50.8 50.48 51.61 51.31 52.43 52.15 53.25 53.0 54.08 53.85 54.92 54.71 55.76 55.57 56.6 56.44 57.45 57.31 58.31 58.18 59.17 59.06 60.03 59.94 60.9 60.83 61.77 61.72 62.65 62.61 63.53 63.51 64.41 64.4 65.3 65.31 66.19 66.21 67.08 67.12 67.98 68.03 68.88 6.32 6.0 5.39 5.0 4.47 4.0 3.61 3.0 2.83 2.0 2.24 1.0 2.0 0.0 44.82 46.1 13.0 11.0 52.0 51.26 55.76 54.71 73.41 72.62 79.63 79.91 50.01 49.65 9.9 11.4 36.62 35.51 36.12 37.48 15.81 17.49 30.08 28.16 49.19 50.12 41.73 40.36 81.15 83.01 12.37 14.32 57.8 
4.0 4.47 5.0 5.39 6.0 6.32 7.0 7.28 8.0 8.25 9.0 9.22 10.0 10.2 11.0 11.18 12.0 12.17 13.0 13.15 14.0 14.14 15.0 15.13 16.0 16.12 17.0 17.12 18.0 18.11 19.0 19.1 20.0 20.1 21.0 21.1 22.0 22.09 23.0 23.09 24.0 24.08 25.0 25.08 26.0 26.08 27.0 27.07 50.25 48.8 49.58 48.1 48.92 47.42 48.27 46.75 47.63 46.1 47.01 45.45 46.4 44.82 0.0 2.0 55.57 53.85 49.73 47.8 59.23 57.27 66.24 64.5 47.54 46.82 40.5 38.63 44.82 43.6 56.04 54.04 56.09 55.73 29.07 27.59 73.43 71.69 10.82 9.85 57.22 55.23 40.11 42.11 38.6 37.44 15.03 
4.47 4.0 5.39 5.0 6.32 6.0 7.28 7.0 8.25 8.0 9.22 9.0 10.2 10.0 11.18 11.0 12.17 12.0 13.15 13.0 14.14 14.0 15.13 15.0 16.12 16.0 17.12 17.0 18.11 18.0 19.1 19.0 20.1 20.0 21.1 21.0 22.09 22.0 23.09 23.0 24.08 24.0 25.08 25.0 26.08 26.0 27.07 27.0 51.62 50.21 50.93 49.5 50.25 48.8 49.58 48.1 48.92 47.42 48.27 46.75 47.63 46.1 2.0 0.0 56.6 54.92 51.66 49.73 61.19 59.23 68.0 66.24 48.33 47.54 42.38 40.5 46.4 45.22 56.0 54.0 58.05 57.71 30.41 29.0 74.43 72.72 12.04 10.82 59.21 57.22 40.01 42.01 40.22 39.12 15.03 
59.06 60.03 59.94 60.9 60.83 61.77 61.72 62.65 62.61 63.53 63.51 64.41 64.4 65.3 65.31 66.19 66.21 67.08 67.12 67.98 68.03 68.88 68.94 69.78 69.86 70.68 70.77 71.59 71.69 72.5 72.62 73.41 73.54 74.32 74.46 75.24 75.39 76.16 76.32 77.08 77.25 78.0 78.19 78.92 79.12 79.85 80.06 80.78 12.53 14.32 12.08 13.93 11.7 13.6 11.4 13.34 11.18 13.15 11.05 13.04 11.0 13.0 55.57 56.6 0.0 2.0 64.2 63.6 67.08 66.21 85.44 84.76 92.54 92.78 62.8 62.51 21.19 23.09 31.05 30.59 45.8 47.43 27.51 29.41 17.89 16.12 61.1 61.85 51.87 50.77 93.3 95.19 25.18 27.17 69.35 
57.31 58.31 58.18 59.17 59.06 60.03 59.94 60.9 60.83 61.77 61.72 62.65 62.61 63.53 63.51 64.41 64.4 65.3 65.31 66.19 66.21 67.08 67.12 67.98 68.03 68.88 68.94 69.78 69.86 70.68 70.77 71.59 71.69 72.5 72.62 73.41 73.54 74.32 74.46 75.24 75.39 76.16 76.32 77.08 77.25 78.0 78.19 78.92 10.82 12.53 10.3 12.08 9.85 11.7 9.49 11.4 9.22 11.18 9.06 11.05 9.0 11.0 53.85 54.92 2.0 0.0 62.3 61.68 65.3 64.4 83.57 82.87 90.55 90.8 60.83 60.53 19.31 21.19 31.62 31.05 44.2 45.8 25.63 27.51 19.7 17.89 59.24 60.01 50.22 49.09 91.42 93.3 23.19 25.18 67.54 
48.84 50.8 48.66 50.64 48.51 50.49 48.37 50.36 48.26 50.25 48.17 50.16 48.09 50.09 48.04 50.04 48.01 50.01 48.0 50.0 48.01 50.01 48.04 50.04 48.09 50.09 48.17 50.16 48.26 50.25 48.37 50.36 48.51 50.49 48.66 50.64 48.84 50.8 49.03 50.99 49.24 51.2 49.48 51.42 49.73 51.66 50.0 51.92 51.92 50.0 52.2 50.29 52.5 50.6 52.81 50.92 53.14 51.26 53.49 51.62 53.85 52.0 49.73 51.66 64.2 62.3 0.0 2.0 10.05 8.06 21.47 20.62 43.14 44.55 10.05 12.04 43.01 41.11 85.21 83.6 25.0 23.09 45.45 43.93 77.93 75.95 42.19 44.18 20.12 19.31 57.71 58.67 39.81 38.01 49.04 
46.87 48.84 46.69 48.66 46.53 48.51 46.39 48.37 46.27 48.26 46.17 48.17 46.1 48.09 46.04 48.04 46.01 48.01 46.0 48.0 46.01 48.01 46.04 48.04 46.1 48.09 46.17 48.17 46.27 48.26 46.39 48.37 46.53 48.51 46.69 48.66 46.87 48.84 47.07 49.03 47.3 49.24 47.54 49.48 47.8 49.73 48.08 50.0 51.42 49.48 51.66 49.73 51.92 50.0 52.2 50.29 52.5 50.6 52.81 50.92 53.14 51.26 47.8 49.73 63.6 61.68 2.0 0.0 12.04 10.05 22.47 21.47 41.77 43.14 8.06 10.05 42.45 40.52 84.05 82.42 25.63 23.77 44.2 42.64 77.65 75.66 40.2 42.19 21.1 20.12 55.95 56.94 39.0 37.16 47.04 
58.55 60.53 58.42 60.41 58.31 60.3 58.22 60.21 58.14 60.13 58.08 60.07 58.03 60.03 58.01 60.01 58.0 60.0 58.01 60.01 58.03 60.03 58.08 60.07 58.14 60.13 58.22 60.21 58.31 60.3 58.42 60.41 58.55 60.53 58.69 60.67 58.86 60.83 59.03 61.0 59.23 61.19 59.44 61.39 59.67 61.61 59.91 61.85 54.56 52.77 55.01 53.24 55.47 53.71 55.95 54.2 56.44 54.71 56.94 55.23 57.45 55.76 59.23 61.19 67.08 65.3 10.05 12.04 0.0 2.0 20.0 20.1 51.22 52.8 20.1 22.09 46.14 44.42 90.69 89.2 23.19 21.21 51.74 50.45 79.12 77.2 52.09 54.08 17.03 17.26 67.12 67.98 44.2 42.64 59.08 
56.57 58.55 56.44 58.42 56.32 58.31 56.22 58.22 56.14 58.14 56.08 58.08 56.04 58.03 56.01 58.01 56.0 58.0 56.01 58.01 56.04 58.03 56.08 58.08 56.14 58.14 56.22 58.22 56.32 58.31 56.44 58.42 56.57 58.55 56.72 58.69 56.89 58.86 57.07 59.03 57.27 59.23 57.49 59.44 57.72 59.67 57.97 59.91 53.71 51.89 54.13 52.33 54.56 52.77 55.01 53.24 55.47 53.71 55.95 54.2 56.44 54.71 57.27 59.23 66.21 64.4 8.06 10.05 2.0 0.0 20.1 20.0 49.68 51.22 18.11 20.1 45.18 43.42 89.38 87.86 23.02 21.02 50.25 48.92 78.59 76.66 50.09 52.09 17.03 17.03 65.31 66.19 43.01 41.4 57.08 
64.4 66.21 63.98 65.8 63.56 65.39 63.16 65.0 62.77 64.62 62.39 64.26 62.03 63.91 61.68 63.57 61.35 63.25 61.03 62.94 60.73 62.64 60.44 62.36 60.17 62.1 59.91 61.85 59.67 61.61 59.44 61.39 59.23 61.19 59.03 61.0 58.86 60.83 58.69 60.67 58.55 60.53 58.42 60.41 58.31 60.3 58.22 60.21 73.05 71.17 73.39 71.51 73.74 71.87 74.09 72.24 74.46 72.62 74.85 73.01 75.24 73.41 66.24 68.0 85.44 83.57 21.47 22.47 20.0 20.1 0.0 2.0 41.76 43.68 26.91 28.43 64.26 62.39 106.51 104.86 43.1 41.11 66.61 65.0 98.49 96.54 56.86 58.69 37.01 37.12 61.52 61.81 61.27 59.48 61.4 
62.61 64.4 62.17 63.98 61.74 63.56 61.33 63.16 60.93 62.77 60.54 62.39 60.17 62.03 59.81 61.68 59.46 61.35 59.14 61.03 58.82 60.73 58.52 60.44 58.24 60.17 57.97 59.91 57.72 59.67 57.49 59.44 57.27 59.23 57.07 59.03 56.89 58.86 56.72 58.69 56.57 58.55 56.44 58.42 56.32 58.31 56.22 58.22 72.42 70.52 72.73 70.84 73.05 71.17 73.39 71.51 73.74 71.87 74.09 72.24 74.46 72.62 64.5 66.24 84.76 82.87 20.62 21.47 20.1 20.0 2.0 0.0 39.85 41.76 25.46 26.91 63.57 61.68 105.39 103.73 43.01 41.01 65.46 63.82 98.06 96.1 55.04 56.86 37.01 37.01 59.54 59.84 60.42 58.6 59.48 
43.86 44.72 42.95 43.83 42.05 42.94 41.15 42.06 40.25 41.18 39.36 40.31 38.47 39.45 37.59 38.59 36.72 37.74 35.85 36.89 34.99 36.06 34.13 35.23 33.29 34.41 32.45 33.6 31.62 32.8 30.81 32.02 30.0 31.24 29.21 30.48 28.43 29.73 27.66 29.0 26.91 28.28 26.17 27.59 25.46 26.91 24.76 26.25 82.57 80.6 82.38 80.41 82.2 80.23 82.04 80.06 81.88 79.91 81.74 79.76 81.61 79.63 47.54 48.33 92.54 90.55 43.14 41.77 51.22 49.68 41.76 39.85 0.0 2.0 36.06 34.99 73.98 72.03 101.98 100.02 66.29 64.64 66.01 64.01 109.49 107.52 37.0 37.7 62.63 61.4 21.38 21.1 68.25 66.29 34.67 
43.08 43.86 42.15 42.95 41.23 42.05 40.31 41.15 39.4 40.25 38.48 39.36 37.58 38.47 36.67 37.59 35.78 36.72 34.89 35.85 34.0 34.99 33.12 34.13 32.25 33.29 31.38 32.45 30.53 31.62 29.68 30.81 28.84 30.0 28.02 29.21 27.2 28.43 26.4 27.66 25.61 26.91 24.84 26.17 24.08 25.46 23.35 24.76 82.98 81.02 82.76 80.81 82.57 80.6 82.38 80.41 82.2 80.23 82.04 80.06 81.88 79.91 46.82 47.54 92.78 90.8 44.55 43.14 52.8 51.22 43.68 41.76 2.0 0.0 37.2 36.06 74.46 72.53 101.61 99.64 67.42 65.8 66.07 64.07 109.84 107.87 36.4 37.0 63.89 62.63 19.42 19.1 68.66 66.71 33.62 
39.29 41.23 39.05 41.0 38.83 40.79 38.64 40.61 38.47 40.45 38.33 40.31 38.21 40.2 38.12 40.11 38.05 40.05 38.01 40.01 38.0 40.0 38.01 40.01 38.05 40.05 38.12 40.11 38.21 40.2 38.33 40.31 38.47 40.45 38.64 40.61 38.83 40.79 39.05 41.0 39.29 41.23 39.56 41.48 39.85 41.76 40.16 42.06 51.16 49.16 51.24 49.25 51.35 49.37 51.48 49.5 51.62 49.65 51.79 49.82 51.97 50.01 40.5 42.38 62.8 60.83 10.05 8.06 20.1 18.11 26.91 25.46 36.06 37.2 0.0 2.0 42.11 40.11 80.62 78.89 30.23 28.6 40.71 38.95 78.03 76.03 32.39 34.37 26.87 25.5 48.55 49.65 37.66 35.69 39.01 
37.36 39.29 37.11 39.05 36.88 38.83 36.67 38.64 36.5 38.47 36.35 38.33 36.22 38.21 36.12 38.12 36.06 38.05 36.01 38.01 36.0 38.0 36.01 38.01 36.06 38.05 36.12 38.12 36.22 38.21 36.35 38.33 36.5 38.47 36.67 38.64 36.88 38.83 37.11 39.05 37.36 39.29 37.64 39.56 37.95 39.85 38.28 40.16 51.04 49.04 51.09 49.09 51.16 49.16 51.24 49.25 51.35 49.37 51.48 49.5 51.62 49.65 38.63 40.5 62.51 60.53 12.04 10.05 22.09 20.1 28.43 26.91 34.99 36.06 2.0 0.0 42.01 40.01 79.65 77.9 31.4 29.83 39.81 38.01 78.0 76.0 30.41 32.39 28.32 26.87 46.87 48.01 37.34 35.36 37.01 
47.42 48.92 48.1 49.58 48.8 50.25 49.5 50.93 50.21 51.62 50.93 52.33 51.66 53.04 52.4 53.76 53.15 54.49 53.91 55.23 54.67 55.97 55.44 56.73 56.22 57.49 57.01 58.26 57.8 59.03 58.6 59.82 59.41 60.61 60.22 61.4 61.03 62.2 61.85 63.01 62.68 63.82 63.51 64.64 64.35 65.46 65.19 66.29 9.06 7.07 9.22 7.28 9.49 7.62 9.85 8.06 10.3 8.6 10.82 9.22 11.4 9.9 44.82 46.4 21.19 19.31 43.01 42.45 46.14 45.18 64.26 63.57 73.98 74.46 42.11 42.01 0.0 2.0 46.4 45.22 26.25 27.59 17.09 17.89 36.01 34.01 47.01 48.27 31.83 30.48 77.9 79.65 6.4 8.06 56.08 
