10
0.0 2.0 1.0 2.24 2.0 2.83 8.0 6.0 3.61 5.39 
2.0 0.0 2.24 1.0 2.83 2.0 8.25 6.32 2.24 3.61 
1.0 2.24 0.0 2.0 1.0 2.24 9.0 7.0 3.16 5.1 
2.24 1.0 2.0 0.0 2.24 1.0 9.22 7.28 1.41 3.16 
2.0 2.83 1.0 2.24 0.0 2.0 10.0 8.0 3.0 5.0 
2.83 2.0 2.24 1.0 2.0 0.0 10.2 8.25 1.0 3.0 
8.0 8.25 9.0 9.22 10.0 10.2 0.0 2.0 10.44 11.18 
6.0 6.32 7.0 7.28 8.0 8.25 2.0 0.0 8.54 9.43 
3.61 2.24 3.16 1.41 3.0 1.0 10.44 8.54 0.0 2.0 
5.39 3.61 5.1 3.16 5.0 3.0 11.18 9.43 2.0 0.0 
