80
0.0 2.0 1.0 2.24 31.95 30.08 31.62 29.73 31.32 29.41 31.05 29.12 30.81 28.86 30.59 28.64 30.41 28.44 30.27 28.28 30.15 28.16 44.69 43.42 43.93 42.64 43.19 41.87 42.45 41.11 41.73 40.36 45.34 44.05 44.6 43.28 43.86 42.52 43.14 41.77 74.69 73.82 61.07 61.2 72.25 70.26 29.73 27.86 64.07 62.07 27.51 26.93 31.14 29.15 29.07 27.59 41.01 39.62 53.15 51.16 58.22 56.22 12.17 12.0 67.74 66.73 58.01 56.4 18.03 16.03 39.29 39.85 46.24 44.38 25.0 25.63 53.71 51.97 57.43 55.44 
2.0 0.0 2.24 1.0 33.84 31.95 33.53 31.62 33.24 31.32 32.98 31.05 32.76 30.81 32.56 30.59 32.39 30.41 32.25 30.27 32.14 30.15 46.23 45.0 45.45 44.2 44.69 43.42 43.93 42.64 43.19 41.87 46.69 45.34 45.97 44.6 45.25 43.86 44.55 43.14 76.49 75.64 63.07 63.2 74.24 72.25 31.62 29.73 66.07 64.07 28.23 27.51 33.14 31.14 30.61 29.07 42.45 41.11 55.15 53.15 60.21 58.22 14.14 14.0 69.46 68.48 59.64 58.01 18.03 16.03 41.23 41.76 48.1 46.24 26.93 27.51 55.47 53.71 59.41 57.43 
1.0 2.24 0.0 2.0 32.31 30.46 31.95 30.08 31.62 29.73 31.32 29.41 31.05 29.12 30.81 28.86 30.59 28.64 30.41 28.44 30.27 28.28 45.34 44.05 44.6 43.28 43.86 42.52 43.14 41.77 42.43 41.04 46.1 44.82 45.34 44.05 44.6 43.28 43.86 42.52 75.13 74.25 61.03 61.13 72.17 70.18 29.41 27.51 64.03 62.03 28.46 27.89 31.26 29.27 29.73 28.28 41.73 40.31 53.24 51.24 58.31 56.32 12.37 12.04 68.26 67.23 58.6 57.01 19.03 17.03 39.05 39.56 46.62 44.78 24.74 25.3 54.2 52.48 57.56 55.58 
2.24 1.0 2.0 0.0 34.18 32.31 33.84 31.95 33.53 31.62 33.24 31.32 32.98 31.05 32.76 30.81 32.56 30.59 32.39 30.41 32.25 30.27 46.86 45.61 46.1 44.82 45.34 44.05 44.6 43.28 43.86 42.52 47.42 46.1 46.69 45.34 45.97 44.6 45.25 43.86 76.92 76.06 63.03 63.13 74.17 72.17 31.32 29.41 66.03 64.03 29.15 28.46 33.24 31.26 31.24 29.73 43.14 41.77 55.23 53.24 60.3 58.31 14.32 14.04 69.97 68.96 60.22 58.6 19.03 17.03 41.0 41.48 48.47 46.62 26.68 27.2 55.95 54.2 59.54 57.56 
31.95 33.84 32.31 34.18 0.0 2.0 1.0 2.24 2.0 2.83 3.0 3.61 4.0 4.47 5.0 5.39 6.0 6.32 7.0 7.28 8.0 8.25 18.44 16.49 18.25 16.28 18.11 16.12 18.03 16.03 18.0 16.0 23.0 23.09 22.0 22.09 21.0 21.1 20.0 20.1 43.05 42.06 34.01 34.89 45.31 43.46 21.1 21.38 36.77 34.93 25.81 27.46 8.06 8.06 11.31 12.81 18.03 16.03 24.04 22.14 28.64 26.68 20.12 21.1 36.88 35.61 28.6 27.46 31.78 31.4 22.47 24.35 14.32 12.53 18.97 20.88 22.67 21.21 27.29 25.32 
30.08 31.95 30.46 32.31 2.0 0.0 2.24 1.0 2.83 2.0 3.61 3.0 4.47 4.0 5.39 5.0 6.32 6.0 7.28 7.0 8.25 8.0 18.97 17.09 18.68 16.76 18.44 16.49 18.25 16.28 18.11 16.12 23.09 23.0 22.09 22.0 21.1 21.0 20.1 20.0 44.78 43.83 35.85 36.67 47.17 45.31 21.0 21.1 38.63 36.77 24.21 25.81 8.54 8.06 10.0 11.31 18.03 16.03 25.96 24.04 30.59 28.64 18.36 19.42 38.42 37.2 29.83 28.6 29.83 29.43 23.26 25.08 16.16 14.32 18.44 20.4 24.21 22.67 29.27 27.29 
31.62 33.53 31.95 33.84 1.0 2.24 0.0 2.0 1.0 2.24 2.0 2.83 3.0 3.61 4.0 4.47 5.0 5.39 6.0 6.32 7.0 7.28 19.42 17.46 19.24 17.26 19.1 17.12 19.03 17.03 19.0 17.0 24.0 24.08 23.0 23.09 22.0 22.09 21.0 21.1 43.57 42.54 33.62 34.44 44.94 43.08 20.1 20.4 36.4 34.54 26.4 28.02 7.07 7.07 12.04 13.45 19.03 17.03 23.77 21.84 28.44 26.48 19.7 20.59 37.54 36.24 29.41 28.3 32.02 31.58 21.54 23.41 14.76 13.04 18.03 19.92 23.35 21.93 27.17 25.18 
29.73 31.62 30.08 31.95 2.24 1.0 2.0 0.0 2.24 1.0 2.83 2.0 3.61 3.0 4.47 4.0 5.39 5.0 6.32 6.0 7.28 7.0 19.92 18.03 19.65 17.72 19.42 17.46 19.24 17.26 19.1 17.12 24.08 24.0 23.09 23.0 22.09 22.0 21.1 21.0 45.28 44.29 35.47 36.25 46.82 44.94 20.0 20.1 38.28 36.4 24.84 26.4 7.62 7.07 10.82 12.04 19.03 17.03 25.71 23.77 30.41 28.44 17.89 18.87 39.05 37.8 30.61 29.41 30.08 29.61 22.36 24.17 16.55 14.76 17.46 19.42 24.84 23.35 29.15 27.17 
31.32 33.24 31.62 33.53 2.0 2.83 1.0 2.24 0.0 2.0 1.0 2.24 2.0 2.83 3.0 3.61 4.0 4.47 5.0 5.39 6.0 6.32 20.4 18.44 20.22 18.25 20.1 18.11 20.02 18.03 20.0 18.0 25.0 25.08 24.0 24.08 23.0 23.09 22.0 22.09 44.1 43.05 33.24 34.01 44.6 42.72 19.1 19.42 36.06 34.18 27.02 28.6 6.08 6.08 12.81 14.14 20.02 18.03 23.54 21.59 28.28 26.31 19.31 20.12 38.21 36.88 30.23 29.15 32.28 31.78 20.62 22.47 15.26 13.6 17.09 18.97 24.04 22.67 27.07 25.08 
29.41 31.32 29.73 31.62 2.83 2.0 2.24 1.0 2.0 0.0 2.24 1.0 2.83 2.0 3.61 3.0 4.47 4.0 5.39 5.0 6.32 6.0 20.88 18.97 20.62 18.68 20.4 18.44 20.22 18.25 20.1 18.11 25.08 25.0 24.08 24.0 23.09 23.0 22.09 22.0 45.79 44.78 35.11 35.85 46.49 44.6 19.0 19.1 37.95 36.06 25.5 27.02 6.71 6.08 11.66 12.81 20.02 18.03 25.5 23.54 30.27 28.28 17.46 18.36 39.7 38.42 31.4 30.23 30.36 29.83 21.47 23.26 17.0 15.26 16.49 18.44 25.5 24.04 29.07 27.07 
31.05 32.98 31.32 33.24 3.0 3.61 2.0 2.83 1.0 2.24 0.0 2.0 1.0 2.24 2.0 2.83 3.0 3.61 4.0 4.47 5.0 5.39 21.38 19.42 21.21 19.24 21.1 19.1 21.02 19.03 21.0 19.0 26.0 26.08 25.0 25.08 24.0 24.08 23.0 23.09 44.65 43.57 32.89 33.62 44.27 42.38 18.11 18.44 35.74 33.84 27.66 29.21 5.1 5.1 13.6 14.87 21.02 19.03 23.35 21.38 28.16 26.17 18.97 19.7 38.9 37.54 31.06 30.02 32.57 32.02 19.7 21.54 15.81 14.21 16.16 18.03 24.76 23.43 27.02 25.02 
29.12 31.05 29.41 31.32 3.61 3.0 2.83 2.0 2.24 1.0 2.0 0.0 2.24 1.0 2.83 2.0 3.61 3.0 4.47 4.0 5.39 5.0 21.84 19.92 21.59 19.65 21.38 19.42 21.21 19.24 21.1 19.1 26.08 26.0 25.08 25.0 24.08 24.0 23.09 23.0 46.32 45.28 34.79 35.47 46.17 44.27 18.0 18.11 37.64 35.74 26.17 27.66 5.83 5.1 12.53 13.6 21.02 19.03 25.32 23.35 30.15 28.16 17.09 17.89 40.36 39.05 32.2 31.06 30.68 30.08 20.59 22.36 17.49 15.81 15.52 17.46 26.17 24.76 29.02 27.02 
30.81 32.76 31.05 32.98 4.0 4.47 3.0 3.61 2.0 2.83 1.0 2.24 0.0 2.0 1.0 2.24 2.0 2.83 3.0 3.61 4.0 4.47 22.36 20.4 22.2 20.22 22.09 20.1 22.02 20.02 22.0 20.0 27.0 27.07 26.0 26.08 25.0 25.08 24.0 24.08 45.22 44.1 32.57 33.24 43.97 42.06 17.12 17.46 35.44 33.53 28.32 29.83 4.12 4.12 14.42 15.62 22.02 20.02 23.19 21.21 28.07 26.08 18.68 19.31 39.6 38.21 31.91 30.89 32.89 32.28 18.79 20.62 16.4 14.87 15.23 17.09 25.5 24.21 27.0 25.0 
28.86 30.81 29.12 31.05 4.47 4.0 3.61 3.0 2.83 2.0 2.24 1.0 2.0 0.0 2.24 1.0 2.83 2.0 3.61 3.0 4.47 4.0 22.8 20.88 22.56 20.62 22.36 20.4 22.2 20.22 22.09 20.1 27.07 27.0 26.08 26.0 25.08 25.0 24.08 24.0 46.87 45.79 34.48 35.11 45.88 43.97 17.0 17.12 37.36 35.44 26.87 28.32 5.0 4.12 13.42 14.42 22.02 20.02 25.18 23.19 30.07 28.07 16.76 17.46 41.04 39.7 33.02 31.91 31.02 30.36 19.72 21.47 18.03 16.4 14.56 16.49 26.87 25.5 29.0 27.0 
30.59 32.56 30.81 32.76 5.0 5.39 4.0 4.47 3.0 3.61 2.0 2.83 1.0 2.24 0.0 2.0 1.0 2.24 2.0 2.83 3.0 3.61 23.35 21.38 23.19 21.21 23.09 21.1 23.02 21.02 23.0 21.0 28.0 28.07 27.0 27.07 26.0 26.08 25.0 25.08 45.8 44.65 32.28 32.89 43.68 41.76 16.12 16.49 35.17 33.24 29.0 30.48 3.16 3.16 15.26 16.4 23.02 21.02 23.09 21.1 28.02 26.02 18.44 18.97 40.31 38.9 32.76 31.76 33.24 32.57 17.89 19.7 17.03 15.56 14.32 16.16 26.25 25.0 27.02 25.02 
28.64 30.59 28.86 30.81 5.39 5.0 4.47 4.0 3.61 3.0 2.83 2.0 2.24 1.0 2.0 0.0 2.24 1.0 2.83 2.0 3.61 3.0 23.77 21.84 23.54 21.59 23.35 21.38 23.19 21.21 23.09 21.1 28.07 28.0 27.07 27.0 26.08 26.0 25.08 25.0 47.43 46.32 34.21 34.79 45.61 43.68 16.0 16.12 37.11 35.17 27.59 29.0 4.24 3.16 14.32 15.26 23.02 21.02 25.08 23.09 30.02 28.02 16.49 17.09 41.73 40.36 33.84 32.76 31.38 30.68 18.87 20.59 18.6 17.03 13.6 15.52 27.59 26.25 29.02 27.02 
30.41 32.39 30.59 32.56 6.0 6.32 5.0 5.39 4.0 4.47 3.0 3.61 2.0 2.83 1.0 2.24 0.0 2.0 1.0 2.24 2.0 2.83 24.33 22.36 24.19 22.2 24.08 22.09 24.02 22.02 24.0 22.0 29.0 29.07 28.0 28.07 27.0 27.07 26.0 26.08 46.4 45.22 32.02 32.57 43.42 41.48 15.13 15.52 34.93 32.98 29.7 31.14 2.24 2.24 16.12 17.2 24.02 22.02 23.02 21.02 28.0 26.0 18.25 18.68 41.04 39.6 33.62 32.65 33.62 32.89 17.0 18.79 17.69 16.28 13.42 15.23 27.02 25.81 27.07 25.08 
28.44 30.41 28.64 30.59 6.32 6.0 5.39 5.0 4.47 4.0 3.61 3.0 2.83 2.0 2.24 1.0 2.0 0.0 2.24 1.0 2.83 2.0 24.74 22.8 24.52 22.56 24.33 22.36 24.19 22.2 24.08 22.09 29.07 29.0 28.07 28.0 27.07 27.0 26.08 26.0 48.01 46.87 33.96 34.48 45.35 43.42 15.0 15.13 36.88 34.93 28.32 29.7 3.61 2.24 15.23 16.12 24.02 22.02 25.02 23.02 30.0 28.0 16.28 16.76 42.43 41.04 34.67 33.62 31.78 31.02 18.03 19.72 19.21 17.69 12.65 14.56 28.32 27.02 29.07 27.07 
30.27 32.25 30.41 32.39 7.0 7.28 6.0 6.32 5.0 5.39 4.0 4.47 3.0 3.61 2.0 2.83 1.0 2.24 0.0 2.0 1.0 2.24 25.32 23.35 25.18 23.19 25.08 23.09 25.02 23.02 25.0 23.0 30.0 30.07 29.0 29.07 28.0 28.07 27.0 27.07 47.01 45.8 31.78 32.28 43.17 41.23 14.14 14.56 34.71 32.76 30.41 31.83 1.41 1.41 17.0 18.03 25.02 23.02 23.0 21.0 28.02 26.02 18.11 18.44 41.77 40.31 34.48 33.54 34.01 33.24 16.12 17.89 18.38 17.03 12.53 14.32 27.8 26.63 27.17 25.18 
28.28 30.27 28.44 30.41 7.28 7.0 6.32 6.0 5.39 5.0 4.47 4.0 3.61 3.0 2.83 2.0 2.24 1.0 2.0 0.0 2.24 1.0 25.71 23.77 25.5 23.54 25.32 23.35 25.18 23.19 25.08 23.09 30.07 30.0 29.07 29.0 28.07 28.0 27.07 27.0 48.6 47.43 33.73 34.21 45.12 43.17 14.0 14.14 36.67 34.71 29.07 30.41 3.16 1.41 16.16 17.0 25.02 23.02 25.0 23.0 30.02 28.02 16.12 16.49 43.14 41.73 35.51 34.48 32.2 31.38 17.2 18.87 19.85 18.38 11.7 13.6 29.07 27.8 29.15 27.17 
30.15 32.14 30.27 32.25 8.0 8.25 7.0 7.28 6.0 6.32 5.0 5.39 4.0 4.47 3.0 3.61 2.0 2.83 1.0 2.24 0.0 2.0 26.31 24.33 26.17 24.19 26.08 24.08 26.02 24.02 26.0 24.0 31.0 31.06 30.0 30.07 29.0 29.07 28.0 28.07 47.63 46.4 31.58 32.02 42.95 41.0 13.15 13.6 34.53 32.56 31.14 32.53 1.0 1.0 17.89 18.87 26.02 24.02 23.02 21.02 28.07 26.08 18.03 18.25 42.52 41.04 35.36 34.44 34.44 33.62 15.26 17.0 19.1 17.8 11.66 13.42 28.6 27.46 27.29 25.32 
28.16 30.15 28.28 30.27 8.25 8.0 7.28 7.0 6.32 6.0 5.39 5.0 4.47 4.0 3.61 3.0 2.83 2.0 2.24 1.0 2.0 0.0 26.68 24.74 26.48 24.52 26.31 24.33 26.17 24.19 26.08 24.08 31.06 31.0 30.07 30.0 29.07 29.0 28.07 28.0 49.2 48.01 33.54 33.96 44.91 42.95 13.0 13.15 36.5 34.53 29.83 31.14 3.0 1.0 17.09 17.89 26.02 24.02 25.02 23.02 30.07 28.07 16.03 16.28 43.86 42.43 36.36 35.36 32.65 31.78 16.4 18.03 20.52 19.1 10.77 12.65 29.83 28.6 29.27 27.29 
44.69 46.23 45.34 46.86 18.44 18.97 19.42 19.92 20.4 20.88 21.38 21.84 22.36 22.8 23.35 23.77 24.33 24.74 25.32 25.71 26.31 26.68 0.0 2.0 1.0 2.24 2.0 2.83 3.0 3.61 4.0 4.47 6.4 7.81 5.66 7.21 5.0 6.71 4.47 6.32 33.24 33.06 41.87 43.42 51.66 50.21 39.46 39.81 43.86 42.52 25.18 27.17 26.17 26.48 15.62 17.2 5.0 5.39 31.4 30.23 33.94 32.56 34.83 36.4 24.74 24.33 13.93 12.08 36.69 37.34 39.2 41.19 15.0 13.89 37.36 39.29 13.34 11.4 31.83 30.41 
43.42 45.0 44.05 45.61 16.49 17.09 17.46 18.03 18.44 18.97 19.42 19.92 20.4 20.88 21.38 21.84 22.36 22.8 23.35 23.77 24.33 24.74 2.0 0.0 2.24 1.0 2.83 2.0 3.61 3.0 4.47 4.0 8.06 9.22 7.21 8.49 6.4 7.81 5.66 7.21 33.54 33.24 40.36 41.87 50.33 48.84 37.48 37.85 42.43 41.04 25.02 27.02 24.19 24.52 14.42 16.12 5.39 5.0 29.83 28.6 32.56 31.11 33.3 34.83 25.3 24.74 14.76 13.04 36.14 36.69 37.22 39.2 13.45 12.21 35.44 37.36 13.04 11.05 30.48 29.0 
43.93 45.45 44.6 46.1 18.25 18.68 19.24 19.65 20.22 20.62 21.21 21.59 22.2 22.56 23.19 23.54 24.19 24.52 25.18 25.5 26.17 26.48 1.0 2.24 0.0 2.0 1.0 2.24 2.0 2.83 3.0 3.61 5.83 7.07 5.0 6.4 4.24 5.83 3.61 5.39 34.23 34.06 42.52 44.05 52.4 50.93 39.32 39.62 44.55 43.19 24.19 26.17 26.08 26.31 14.87 16.4 4.0 4.47 32.02 30.81 34.66 33.24 34.21 35.81 25.71 25.32 14.87 13.0 35.74 36.4 39.32 41.3 15.62 14.42 37.11 39.05 14.32 12.37 32.56 31.11 
42.64 44.2 43.28 44.82 16.28 16.76 17.26 17.72 18.25 18.68 19.24 19.65 20.22 20.62 21.21 21.59 22.2 22.56 23.19 23.54 24.19 24.52 2.24 1.0 2.0 0.0 2.24 1.0 2.83 2.0 3.61 3.0 7.62 8.6 6.71 7.81 5.83 7.07 5.0 6.4 34.53 34.23 41.04 42.52 51.09 49.58 37.34 37.66 43.14 41.73 24.02 26.02 24.08 24.33 13.6 15.26 4.47 4.0 30.48 29.21 33.3 31.83 32.65 34.21 26.25 25.71 15.65 13.89 35.17 35.74 37.34 39.32 14.14 12.81 35.17 37.11 14.04 12.04 31.24 29.73 
43.19 44.69 43.86 45.34 18.11 18.44 19.1 19.42 20.1 20.4 21.1 21.38 22.09 22.36 23.09 23.35 24.08 24.33 25.08 25.32 26.08 26.31 2.0 2.83 1.0 2.24 0.0 2.0 1.0 2.24 2.0 2.83 5.39 6.4 4.47 5.66 3.61 5.0 2.83 4.47 35.23 35.06 43.19 44.69 53.15 51.66 39.2 39.46 45.25 43.86 23.19 25.18 26.02 26.17 14.14 15.62 3.0 3.61 32.65 31.4 35.38 33.94 33.6 35.23 26.68 26.31 15.81 13.93 34.79 35.47 39.46 41.44 16.28 15.0 36.88 38.83 15.3 13.34 33.3 31.83 
41.87 43.42 42.52 44.05 16.12 16.49 17.12 17.46 18.11 18.44 19.1 19.42 20.1 20.4 21.1 21.38 22.09 22.36 23.09 23.35 24.08 24.33 2.83 2.0 2.24 1.0 2.0 0.0 2.24 1.0 2.83 2.0 7.28 8.06 6.32 7.21 5.39 6.4 4.47 5.66 35.51 35.23 41.73 43.19 51.86 50.33 37.22 37.48 43.86 42.43 23.02 25.02 24.02 24.19 12.81 14.42 3.61 3.0 31.14 29.83 34.06 32.56 32.02 33.6 27.2 26.68 16.55 14.76 34.21 34.79 37.48 39.46 14.87 13.45 34.93 36.88 15.03 13.04 32.02 30.48 
42.45 43.93 43.14 44.6 18.03 18.25 19.03 19.24 20.02 20.22 21.02 21.21 22.02 22.2 23.02 23.19 24.02 24.19 25.02 25.18 26.02 26.17 3.0 3.61 2.0 2.83 1.0 2.24 0.0 2.0 1.0 2.24 5.1 5.83 4.12 5.0 3.16 4.24 2.24 3.61 36.22 36.06 43.86 45.34 53.91 52.4 39.12 39.32 45.97 44.55 22.2 24.19 26.0 26.08 13.45 14.87 2.0 2.83 33.3 32.02 36.12 34.66 33.02 34.67 27.66 27.29 16.76 14.87 33.84 34.54 39.62 41.59 16.97 15.62 36.67 38.64 16.28 14.32 34.06 32.56 
41.11 42.64 41.77 43.28 16.03 16.28 17.03 17.26 18.03 18.25 19.03 19.24 20.02 20.22 21.02 21.21 22.02 22.2 23.02 23.19 24.02 24.19 3.61 3.0 2.83 2.0 2.24 1.0 2.0 0.0 2.24 1.0 7.07 7.62 6.08 6.71 5.1 5.83 4.12 5.0 36.5 36.22 42.43 43.86 52.63 51.09 37.12 37.34 44.6 43.14 22.02 24.02 24.0 24.08 12.04 13.6 2.83 2.0 31.83 30.48 34.83 33.3 31.4 33.02 28.16 27.66 17.46 15.65 33.24 33.84 37.66 39.62 15.62 14.14 34.71 36.67 16.03 14.04 32.8 31.24 
41.73 43.19 42.43 43.86 18.0 18.11 19.0 19.1 20.0 20.1 21.0 21.1 22.0 22.09 23.0 23.09 24.0 24.08 25.0 25.08 26.0 26.08 4.0 4.47 3.0 3.61 2.0 2.83 1.0 2.24 0.0 2.0 5.0 5.39 4.0 4.47 3.0 3.61 2.0 2.83 37.22 37.05 44.55 46.01 54.67 53.15 39.05 39.2 46.69 45.25 21.21 23.19 26.02 26.02 12.81 14.14 1.0 2.24 33.97 32.65 36.88 35.38 32.45 34.13 28.64 28.28 17.72 15.81 32.89 33.62 39.81 41.77 17.69 16.28 36.5 38.47 17.26 15.3 34.83 33.3 
40.36 41.87 41.04 42.52 16.0 16.12 17.0 17.12 18.0 18.11 19.0 19.1 20.0 20.1 21.0 21.1 22.0 22.09 23.0 23.09 24.0 24.08 4.47 4.0 3.61 3.0 2.83 2.0 2.24 1.0 2.0 0.0 7.0 7.28 6.0 6.32 5.0 5.39 4.0 4.47 37.48 37.22 43.14 44.55 53.41 51.86 37.05 37.22 45.34 43.86 21.02 23.02 24.02 24.02 11.31 12.81 2.24 1.0 32.53 31.14 35.61 34.06 30.81 32.45 29.12 28.64 18.38 16.55 32.28 32.89 37.85 39.81 16.4 14.87 34.53 36.5 17.03 15.03 33.6 32.02 
45.34 46.69 46.1 47.42 23.0 23.09 24.0 24.08 25.0 25.08 26.0 26.08 27.0 27.07 28.0 28.07 29.0 29.07 30.0 30.07 31.0 31.06 6.4 8.06 5.83 7.62 5.39 7.28 5.1 7.07 5.0 7.0 0.0 2.0 1.0 2.24 2.0 2.83 3.0 3.61 37.01 37.12 48.27 49.82 58.0 56.57 44.05 44.18 50.25 48.92 22.47 24.35 31.02 31.02 17.0 18.03 5.1 7.07 37.8 36.62 40.31 38.95 36.72 38.47 28.02 28.02 17.0 15.0 34.89 35.85 44.72 46.69 21.4 20.25 41.44 43.42 18.79 17.0 38.18 36.8 
44.05 45.34 44.82 46.1 23.09 23.0 24.08 24.0 25.08 25.0 26.08 26.0 27.07 27.0 28.07 28.0 29.07 29.0 30.07 30.0 31.06 31.0 7.81 9.22 7.07 8.6 6.4 8.06 5.83 7.62 5.39 7.28 2.0 0.0 2.24 1.0 2.83 2.0 3.61 3.0 39.01 39.12 49.58 51.09 59.46 58.0 44.0 44.05 51.62 50.25 20.62 22.47 31.14 31.02 16.16 17.0 5.1 7.07 39.05 37.8 41.73 40.31 35.78 37.58 30.02 30.02 19.0 17.0 33.12 34.13 45.12 47.07 22.67 21.4 41.19 43.19 20.62 18.79 39.62 38.18 
44.6 45.97 45.34 46.69 22.0 22.09 23.0 23.09 24.0 24.08 25.0 25.08 26.0 26.08 27.0 27.07 28.0 28.07 29.0 29.07 30.0 30.07 5.66 7.21 5.0 6.71 4.47 6.32 4.12 6.08 4.0 6.0 1.0 2.24 0.0 2.0 1.0 2.24 2.0 2.83 37.0 37.05 47.51 49.04 57.31 55.87 43.05 43.19 49.52 48.17 22.14 24.04 30.02 30.02 16.12 17.2 4.12 6.08 37.01 35.81 39.6 38.21 35.85 37.59 28.07 28.0 17.03 15.03 34.44 35.36 43.74 45.71 20.62 19.42 40.45 42.43 18.38 16.55 37.48 36.07 
43.28 44.6 44.05 45.34 22.09 22.0 23.09 23.0 24.08 24.0 25.08 25.0 26.08 26.0 27.07 27.0 28.07 28.0 29.07 29.0 30.07 30.0 7.21 8.49 6.4 7.81 5.66 7.21 5.0 6.71 4.47 6.32 2.24 1.0 2.0 0.0 2.24 1.0 2.83 2.0 39.0 39.05 48.84 50.33 58.8 57.31 43.0 43.05 50.91 49.52 20.25 22.14 30.15 30.02 15.23 16.12 4.12 6.08 38.29 37.01 41.04 39.6 34.89 36.67 30.07 30.0 19.03 17.03 32.65 33.62 44.15 46.1 21.93 20.62 40.2 42.19 20.25 18.38 38.95 37.48 
43.86 45.25 44.6 45.97 21.0 21.1 22.0 22.09 23.0 23.09 24.0 24.08 25.0 25.08 26.0 26.08 27.0 27.07 28.0 28.07 29.0 29.07 5.0 6.4 4.24 5.83 3.61 5.39 3.16 5.1 3.0 5.0 2.0 2.83 1.0 2.24 0.0 2.0 1.0 2.24 37.01 37.01 46.75 48.27 56.64 55.17 42.05 42.19 48.8 47.42 21.84 23.77 29.02 29.02 15.26 16.4 3.16 5.1 36.24 35.0 38.9 37.48 34.99 36.72 28.16 28.02 17.12 15.13 34.01 34.89 42.76 44.72 19.85 18.6 39.46 41.44 18.03 16.16 36.8 35.36 
42.52 43.86 43.28 44.6 21.1 21.0 22.09 22.0 23.09 23.0 24.08 24.0 25.08 25.0 26.08 26.0 27.07 27.0 28.07 28.0 29.07 29.0 6.71 7.81 5.83 7.07 5.0 6.4 4.24 5.83 3.61 5.39 2.83 2.0 2.24 1.0 2.0 0.0 2.24 1.0 39.01 39.01 48.1 49.58 58.14 56.64 42.0 42.05 50.21 48.8 19.92 21.84 29.15 29.02 14.32 15.26 3.16 5.1 37.54 36.24 40.36 38.9 34.0 35.78 30.15 30.02 19.1 17.12 32.2 33.12 43.17 45.12 21.21 19.85 39.2 41.19 19.92 18.03 38.29 36.8 
43.14 44.55 43.86 45.25 20.0 20.1 21.0 21.1 22.0 22.09 23.0 23.09 24.0 24.08 25.0 25.08 26.0 26.08 27.0 27.07 28.0 28.07 4.47 5.66 3.61 5.0 2.83 4.47 2.24 4.12 2.0 4.0 3.0 3.61 2.0 2.83 1.0 2.24 0.0 2.0 37.05 37.0 46.01 47.51 55.97 54.49 41.05 41.19 48.08 46.69 21.59 23.54 28.02 28.02 14.42 15.62 2.24 4.12 35.47 34.21 38.21 36.77 34.13 35.85 28.28 28.07 17.26 15.3 33.62 34.44 41.77 43.74 19.1 17.8 38.47 40.45 17.72 15.81 36.12 34.66 
41.77 43.14 42.52 43.86 20.1 20.0 21.1 21.0 22.09 22.0 23.09 23.0 24.08 24.0 25.08 25.0 26.08 26.0 27.07 27.0 28.07 28.0 6.32 7.21 5.39 6.4 4.47 5.66 3.61 5.0 2.83 4.47 3.61 3.0 2.83 2.0 2.24 1.0 2.0 0.0 39.05 39.0 47.38 48.84 57.49 55.97 41.0 41.05 49.52 48.08 19.65 21.59 28.16 28.02 13.42 14.42 2.24 4.12 36.8 35.47 39.7 38.21 33.12 34.89 30.27 30.07 19.24 17.26 31.78 32.65 42.2 44.15 20.52 19.1 38.21 40.2 19.65 17.72 37.64 36.12 
74.69 76.49 75.13 76.92 43.05 44.78 43.57 45.28 44.1 45.79 44.65 46.32 45.22 46.87 45.8 47.43 46.4 48.01 47.01 48.6 47.63 49.2 33.24 33.54 34.23 34.53 35.23 35.51 36.22 36.5 37.22 37.48 37.01 39.01 37.0 39.0 37.01 39.01 37.05 39.05 0.0 2.0 36.5 38.47 39.32 39.12 58.05 59.41 36.12 36.35 58.42 60.41 46.86 48.41 47.13 49.04 38.21 38.47 32.2 33.12 29.41 30.08 63.13 64.14 9.22 9.0 20.02 22.02 69.63 70.09 51.87 53.54 28.84 30.53 58.73 60.11 21.19 23.09 27.86 28.64 
73.82 75.64 74.25 76.06 42.06 43.83 42.54 44.29 43.05 44.78 43.57 45.28 44.1 45.79 44.65 46.32 45.22 46.87 45.8 47.43 46.4 48.01 33.06 33.24 34.06 34.23 35.06 35.23 36.06 36.22 37.05 37.22 37.12 39.12 37.05 39.05 37.01 39.01 37.0 39.0 2.0 0.0 34.53 36.5 37.34 37.12 56.59 57.98 34.13 34.37 58.22 60.21 45.61 47.2 46.57 48.51 38.05 38.21 30.41 31.38 27.51 28.23 62.18 63.13 9.85 9.22 20.22 22.2 69.23 69.63 50.22 51.87 27.78 29.53 57.38 58.73 20.62 22.56 26.0 26.83 
61.07 63.07 61.03 63.03 34.01 35.85 33.62 35.47 33.24 35.11 32.89 34.79 32.57 34.48 32.28 34.21 32.02 33.96 31.78 33.73 31.58 33.54 41.87 40.36 42.52 41.04 43.19 41.73 43.86 42.43 44.55 43.14 48.27 49.58 47.51 48.84 46.75 48.1 46.01 47.38 36.5 34.53 0.0 2.0 11.4 9.49 33.73 35.69 3.0 1.0 59.54 61.29 30.59 32.56 44.78 46.53 45.25 43.86 10.63 12.21 8.54 9.43 49.25 49.09 38.12 36.12 39.56 40.31 65.46 64.85 24.04 24.7 26.91 28.28 37.22 37.48 32.2 33.12 10.77 11.66 
61.2 63.2 61.13 63.13 34.89 36.67 34.44 36.25 34.01 35.85 33.62 35.47 33.24 35.11 32.89 34.79 32.57 34.48 32.28 34.21 32.02 33.96 43.42 41.87 44.05 42.52 44.69 43.19 45.34 43.86 46.01 44.55 49.82 51.09 49.04 50.33 48.27 49.58 47.51 48.84 38.47 36.5 2.0 0.0 11.05 9.06 33.38 35.36 3.61 2.24 60.54 62.27 31.05 32.98 45.79 47.51 46.69 45.25 12.04 13.45 10.44 11.18 49.5 49.25 40.11 38.12 41.44 42.15 66.13 65.46 23.54 24.04 28.43 29.73 37.05 37.22 34.01 34.89 12.65 13.42 
72.25 74.24 72.17 74.17 45.31 47.17 44.94 46.82 44.6 46.49 44.27 46.17 43.97 45.88 43.68 45.61 43.42 45.35 43.17 45.12 42.95 44.91 51.66 50.33 52.4 51.09 53.15 51.86 53.91 52.63 54.67 53.41 58.0 59.46 57.31 58.8 56.64 58.14 55.97 57.49 39.32 37.34 11.4 11.05 0.0 2.0 44.18 46.17 8.54 10.44 70.66 72.45 41.98 43.93 55.9 57.7 55.44 54.2 21.47 23.26 17.8 19.42 60.53 60.3 43.32 41.44 47.17 48.26 76.84 76.24 34.23 34.53 37.01 38.6 48.01 48.09 40.61 41.87 19.85 21.4 
70.26 72.25 70.18 72.17 43.46 45.31 43.08 44.94 42.72 44.6 42.38 44.27 42.06 43.97 41.76 43.68 41.48 43.42 41.23 43.17 41.0 42.95 50.21 48.84 50.93 49.58 51.66 50.33 52.4 51.09 53.15 51.86 56.57 58.0 55.87 57.31 55.17 56.64 54.49 55.97 39.12 37.12 9.49 9.06 2.0 0.0 42.19 44.18 6.71 8.54 68.88 70.66 40.02 41.98 54.12 55.9 53.91 52.63 19.72 21.47 16.28 17.8 58.55 58.31 42.72 40.8 46.14 47.17 74.95 74.33 32.25 32.56 35.47 37.01 46.01 46.1 39.41 40.61 18.38 19.85 
29.73 31.62 29.41 31.32 21.1 21.0 20.1 20.0 19.1 19.0 18.11 18.0 17.12 17.0 16.12 16.0 15.13 15.0 14.14 14.0 13.15 13.0 39.46 37.48 39.32 37.34 39.2 37.22 39.12 37.12 39.05 37.05 44.05 44.0 43.05 43.0 42.05 42.0 41.05 41.0 58.05 56.59 33.73 33.38 44.18 42.19 0.0 2.0 36.67 34.71 40.71 41.68 13.34 13.04 29.61 30.08 39.01 37.01 28.65 26.93 33.54 31.76 20.0 18.87 54.08 52.43 47.93 47.17 40.31 38.95 10.0 10.2 30.89 29.97 5.0 4.12 40.71 39.81 33.62 31.91 
27.86 29.73 27.51 29.41 21.38 21.1 20.4 20.1 19.42 19.1 18.44 18.11 17.46 17.12 16.49 16.12 15.52 15.13 14.56 14.14 13.6 13.15 39.81 37.85 39.62 37.66 39.46 37.48 39.32 37.34 39.2 37.22 44.18 44.05 43.19 43.05 42.19 42.05 41.19 41.05 59.41 57.98 35.69 35.36 46.17 44.18 2.0 0.0 38.64 36.67 39.81 40.71 13.93 13.34 29.27 29.61 39.12 37.12 30.41 28.65 35.34 33.54 18.44 17.2 55.22 53.6 48.75 47.93 38.9 37.48 12.0 12.17 31.91 30.89 3.61 2.24 41.68 40.71 35.36 33.62 
64.07 66.07 64.03 66.03 36.77 38.63 36.4 38.28 36.06 37.95 35.74 37.64 35.44 37.36 35.17 37.11 34.93 36.88 34.71 36.67 34.53 36.5 43.86 42.43 44.55 43.14 45.25 43.86 45.97 44.6 46.69 45.34 50.25 51.62 49.52 50.91 48.8 50.21 48.08 49.52 36.12 34.13 3.0 3.61 8.54 6.71 36.67 38.64 0.0 2.0 62.18 63.95 33.54 35.51 47.41 49.19 47.42 46.1 13.04 14.76 10.0 11.31 52.24 52.09 38.47 36.5 40.72 41.59 68.31 67.72 26.93 27.51 29.0 30.48 40.2 40.45 33.62 34.67 12.21 13.45 
62.07 64.07 62.03 64.03 34.93 36.77 34.54 36.4 34.18 36.06 33.84 35.74 33.53 35.44 33.24 35.17 32.98 34.93 32.76 34.71 32.56 34.53 42.52 41.04 43.19 41.73 43.86 42.43 44.55 43.14 45.25 43.86 48.92 50.25 48.17 49.52 47.42 48.8 46.69 48.08 36.35 34.37 1.0 2.24 10.44 8.54 34.71 36.67 2.0 0.0 60.42 62.18 31.58 33.54 45.65 47.41 45.97 44.6 11.4 13.04 8.94 10.0 50.25 50.09 38.21 36.22 39.92 40.72 66.41 65.8 25.0 25.63 27.59 29.0 38.21 38.47 32.65 33.62 11.18 12.21 
27.51 28.23 28.46 29.15 25.81 24.21 26.4 24.84 27.02 25.5 27.66 26.17 28.32 26.87 29.0 27.59 29.7 28.32 30.41 29.07 31.14 29.83 25.18 25.02 24.19 24.02 23.19 23.02 22.2 22.02 21.21 21.02 22.47 20.62 22.14 20.25 21.84 19.92 21.59 19.65 58.42 58.22 59.54 60.54 70.66 68.88 40.71 39.81 62.18 60.42 0.0 2.0 31.83 30.48 14.76 13.04 20.22 20.02 49.19 47.41 53.31 51.48 24.19 26.17 49.82 49.5 38.83 36.88 12.81 14.14 46.23 47.8 35.17 33.24 36.25 38.08 38.0 36.0 51.62 49.77 
26.93 27.51 27.89 28.46 27.46 25.81 28.02 26.4 28.6 27.02 29.21 27.66 29.83 28.32 30.48 29.0 31.14 29.7 31.83 30.41 32.53 31.14 27.17 27.02 26.17 26.02 25.18 25.02 24.19 24.02 23.19 23.02 24.35 22.47 24.04 22.14 23.77 21.84 23.54 21.59 60.41 60.21 61.29 62.27 72.45 70.66 41.68 40.71 63.95 62.18 2.0 0.0 33.24 31.83 16.55 14.76 22.2 22.02 50.99 49.19 55.15 53.31 24.52 26.48 51.79 51.48 40.79 38.83 11.31 12.81 47.51 49.04 37.11 35.17 37.12 38.91 40.0 38.0 53.49 51.62 
31.14 33.14 31.26 33.24 8.06 8.54 7.07 7.62 6.08 6.71 5.1 5.83 4.12 5.0 3.16 4.24 2.24 3.61 1.41 3.16 1.0 3.0 26.17 24.19 26.08 24.08 26.02 24.02 26.0 24.0 26.02 24.02 31.02 31.14 30.02 30.15 29.02 29.15 28.02 28.16 46.86 45.61 30.59 31.05 41.98 40.02 13.34 13.93 33.54 31.58 31.83 33.24 0.0 2.0 18.36 19.42 26.08 24.08 22.02 20.02 27.07 25.08 19.03 19.24 41.87 40.36 34.89 34.01 35.34 34.54 14.76 16.55 18.44 17.2 12.21 13.89 28.02 26.93 26.31 24.33 
29.15 31.14 29.27 31.26 8.06 8.06 7.07 7.07 6.08 6.08 5.1 5.1 4.12 4.12 3.16 3.16 2.24 2.24 1.41 1.41 1.0 1.0 26.48 24.52 26.31 24.33 26.17 24.19 26.08 24.08 26.02 24.02 31.02 31.02 30.02 30.02 29.02 29.02 28.02 28.02 48.41 47.2 32.56 32.98 43.93 41.98 13.04 13.34 35.51 33.54 30.48 31.83 2.0 0.0 17.46 18.36 26.0 24.0 24.02 22.02 29.07 27.07 17.03 17.26 43.19 41.73 35.85 34.89 33.54 32.7 15.81 17.49 19.8 18.44 11.18 13.0 29.21 28.02 28.28 26.31 
29.07 30.61 29.73 31.24 11.31 10.0 12.04 10.82 12.81 11.66 13.6 12.53 14.42 13.42 15.26 14.32 16.12 15.23 17.0 16.16 17.89 17.09 15.62 14.42 14.87 13.6 14.14 12.81 13.45 12.04 12.81 11.31 17.0 16.16 16.12 15.23 15.26 14.32 14.42 13.42 47.13 46.57 44.78 45.79 55.9 54.12 29.61 29.27 47.41 45.65 14.76 16.55 18.36 17.46 0.0 2.0 12.21 10.63 34.44 32.65 38.63 36.77 19.72 21.47 39.4 38.63 29.15 27.46 23.02 23.19 33.12 34.89 21.1 19.1 26.08 28.07 25.96 24.04 37.0 35.11 
27.59 29.07 28.28 29.73 12.81 11.31 13.45 12.04 14.14 12.81 14.87 13.6 15.62 14.42 16.4 15.26 17.2 16.12 18.03 17.0 18.87 17.89 17.2 16.12 16.4 15.26 15.62 14.42 14.87 13.6 14.14 12.81 18.03 17.0 17.2 16.12 16.4 15.26 15.62 14.42 49.04 48.51 46.53 47.51 57.7 55.9 30.08 29.61 49.19 47.41 13.04 14.76 19.42 18.36 2.0 0.0 13.45 12.04 36.25 34.44 40.5 38.63 18.79 20.62 41.23 40.5 30.89 29.15 21.02 21.21 34.13 35.85 23.09 21.1 26.31 28.28 27.89 25.96 38.9 37.0 
41.01 42.45 41.73 43.14 18.03 18.03 19.03 19.03 20.02 20.02 21.02 21.02 22.02 22.02 23.02 23.02 24.02 24.02 25.02 25.02 26.02 26.02 5.0 5.39 4.0 4.47 3.0 3.61 2.0 2.83 1.0 2.24 5.1 5.1 4.12 4.12 3.16 3.16 2.24 2.24 38.21 38.05 45.25 46.69 55.44 53.91 39.01 39.12 47.42 45.97 20.22 22.2 26.08 26.0 12.21 13.45 0.0 2.0 34.66 33.3 37.64 36.12 31.91 33.62 29.61 29.27 18.68 16.76 31.95 32.7 40.02 41.98 18.44 16.97 36.35 38.33 18.25 16.28 35.61 34.06 
39.62 41.11 40.31 41.77 16.03 16.03 17.03 17.03 18.03 18.03 19.03 19.03 20.02 20.02 21.02 21.02 22.02 22.02 23.02 23.02 24.02 24.02 5.39 5.0 4.47 4.0 3.61 3.0 2.83 2.0 2.24 1.0 7.07 7.07 6.08 6.08 5.1 5.1 4.12 4.12 38.47 38.21 43.86 45.25 54.2 52.63 37.01 37.12 46.1 44.6 20.02 22.02 24.08 24.0 10.63 12.04 2.0 0.0 33.24 31.83 36.4 34.83 30.23 31.91 30.08 29.61 19.31 17.46 31.32 31.95 38.08 40.02 17.2 15.62 34.37 36.35 18.03 16.03 34.41 32.8 
53.15 55.15 53.24 55.23 24.04 25.96 23.77 25.71 23.54 25.5 23.35 25.32 23.19 25.18 23.09 25.08 23.02 25.02 23.0 25.0 23.02 25.02 31.4 29.83 32.02 30.48 32.65 31.14 33.3 31.83 33.97 32.53 37.8 39.05 37.01 38.29 36.24 37.54 35.47 36.8 32.2 30.41 10.63 12.04 21.47 19.72 28.65 30.41 13.04 11.4 49.19 50.99 22.02 24.02 34.44 36.25 34.66 33.24 0.0 2.0 5.1 3.16 41.05 41.19 31.4 29.43 30.59 31.05 55.79 55.32 20.52 21.93 16.4 17.69 31.02 31.78 22.8 23.41 5.0 3.61 
51.16 53.15 51.24 53.24 22.14 24.04 21.84 23.77 21.59 23.54 21.38 23.35 21.21 23.19 21.1 23.09 21.02 23.02 21.0 23.0 21.02 23.02 30.23 28.6 30.81 29.21 31.4 29.83 32.02 30.48 32.65 31.14 36.62 37.8 35.81 37.01 35.0 36.24 34.21 35.47 33.12 31.38 12.21 13.45 23.26 21.47 26.93 28.65 14.76 13.04 47.41 49.19 20.02 22.02 32.65 34.44 33.3 31.83 2.0 0.0 7.07 5.1 39.05 39.2 31.78 29.83 30.27 30.59 53.85 53.37 19.1 20.62 15.26 16.4 29.15 29.97 22.36 22.8 6.71 5.0 
58.22 60.21 58.31 60.3 28.64 30.59 28.44 30.41 28.28 30.27 28.16 30.15 28.07 30.07 28.02 30.02 28.0 30.0 28.02 30.02 28.07 30.07 33.94 32.56 34.66 33.3 35.38 34.06 36.12 34.83 36.88 35.61 40.31 41.73 39.6 41.04 38.9 40.36 38.21 39.7 29.41 27.51 8.54 10.44 17.8 16.28 33.54 35.34 10.0 8.94 53.31 55.15 27.07 29.07 38.63 40.5 37.64 36.4 5.1 7.07 0.0 2.0 46.1 46.27 30.0 28.0 31.02 31.78 60.42 60.02 25.0 26.25 19.21 20.81 36.06 36.77 23.71 24.7 2.24 3.61 
56.22 58.22 56.32 58.31 26.68 28.64 26.48 28.44 26.31 28.28 26.17 28.16 26.08 28.07 26.02 28.02 26.0 28.0 26.02 28.02 26.08 28.07 32.56 31.11 33.24 31.83 33.94 32.56 34.66 33.3 35.38 34.06 38.95 40.31 38.21 39.6 37.48 38.9 36.77 38.21 30.08 28.23 9.43 11.18 19.42 17.8 31.76 33.54 11.31 10.0 51.48 53.31 25.08 27.07 36.77 38.63 36.12 34.83 3.16 5.1 2.0 0.0 44.1 44.28 30.07 28.07 30.36 31.02 58.46 58.05 23.43 24.76 17.69 19.21 34.18 34.93 22.85 23.71 2.24 2.24 
12.17 14.14 12.37 14.32 20.12 18.36 19.7 17.89 19.31 17.46 18.97 17.09 18.68 16.76 18.44 16.49 18.25 16.28 18.11 16.12 18.03 16.03 34.83 33.3 34.21 32.65 33.6 32.02 33.02 31.4 32.45 30.81 36.72 35.78 35.85 34.89 34.99 34.0 34.13 33.12 63.13 62.18 49.25 49.5 60.53 58.55 20.0 18.44 52.24 50.25 24.19 24.52 19.03 17.03 19.72 18.79 31.91 30.23 41.05 39.05 46.1 44.1 0.0 2.0 56.61 55.47 47.42 45.97 20.62 19.1 28.64 29.53 34.44 32.65 15.0 16.28 42.44 40.8 45.28 43.29 
12.0 14.0 12.04 14.04 21.1 19.42 20.59 18.87 20.12 18.36 19.7 17.89 19.31 17.46 18.97 17.09 18.68 16.76 18.44 16.49 18.25 16.28 36.4 34.83 35.81 34.21 35.23 33.6 34.67 33.02 34.13 32.45 38.47 37.58 37.59 36.67 36.72 35.78 35.85 34.89 64.14 63.13 49.09 49.25 60.3 58.31 18.87 17.2 52.09 50.09 26.17 26.48 19.24 17.26 21.47 20.62 33.62 31.91 41.19 39.2 46.27 44.28 2.0 0.0 57.8 56.61 48.8 47.38 22.2 20.62 27.86 28.64 35.36 33.62 13.89 15.0 43.6 42.01 45.54 43.57 
67.74 69.46 68.26 69.97 36.88 38.42 37.54 39.05 38.21 39.7 38.9 40.36 39.6 41.04 40.31 41.73 41.04 42.43 41.77 43.14 42.52 43.86 24.74 25.3 25.71 26.25 26.68 27.2 27.66 28.16 28.64 29.12 28.02 30.02 28.07 30.07 28.16 30.15 28.28 30.27 9.22 9.85 38.12 40.11 43.32 42.72 54.08 55.22 38.47 38.21 49.82 51.79 41.87 43.19 39.4 41.23 29.61 30.08 31.4 31.78 30.0 30.07 56.61 57.8 0.0 2.0 11.05 13.04 61.4 61.98 49.24 51.08 23.43 24.76 54.04 55.61 14.21 15.81 28.02 28.16 
66.73 68.48 67.23 68.96 35.61 37.2 36.24 37.8 36.88 38.42 37.54 39.05 38.21 39.7 38.9 40.36 39.6 41.04 40.31 41.73 41.04 42.43 24.33 24.74 25.32 25.71 26.31 26.68 27.29 27.66 28.28 28.64 28.02 30.02 28.0 30.0 28.02 30.02 28.07 30.07 9.0 9.22 36.12 38.12 41.44 40.8 52.43 53.6 36.5 36.22 49.5 51.48 40.36 41.73 38.63 40.5 29.27 29.61 29.43 29.83 28.0 28.07 55.47 56.61 2.0 0.0 11.05 13.04 60.88 61.4 47.42 49.24 21.93 23.35 52.5 54.04 13.04 14.76 26.02 26.17 
58.01 59.64 58.6 60.22 28.6 29.83 29.41 30.61 30.23 31.4 31.06 32.2 31.91 33.02 32.76 33.84 33.62 34.67 34.48 35.51 35.36 36.36 13.93 14.76 14.87 15.65 15.81 16.55 16.76 17.46 17.72 18.38 17.0 19.0 17.03 19.03 17.12 19.1 17.26 19.24 20.02 20.22 39.56 41.44 47.17 46.14 47.93 48.75 40.72 39.92 38.83 40.79 34.89 35.85 29.15 30.89 18.68 19.31 30.59 30.27 31.02 30.36 47.42 48.8 11.05 11.05 0.0 2.0 50.6 51.26 44.91 46.87 17.46 18.03 47.01 48.76 8.0 8.25 28.79 28.16 
56.4 58.01 57.01 58.6 27.46 28.6 28.3 29.41 29.15 30.23 30.02 31.06 30.89 31.91 31.76 32.76 32.65 33.62 33.54 34.48 34.44 35.36 12.08 13.04 13.0 13.89 13.93 14.76 14.87 15.65 15.81 16.55 15.0 17.0 15.03 17.03 15.13 17.12 15.3 17.26 22.02 22.2 40.31 42.15 48.26 47.17 47.17 47.93 41.59 40.72 36.88 38.83 34.01 34.89 27.46 29.15 16.76 17.46 31.05 30.59 31.78 31.02 45.97 47.38 13.04 13.04 2.0 0.0 48.7 49.4 44.55 46.53 17.12 17.46 46.07 47.85 8.25 8.0 29.55 28.79 
18.03 18.03 19.03 19.03 31.78 29.83 32.02 30.08 32.28 30.36 32.57 30.68 32.89 31.02 33.24 31.38 33.62 31.78 34.01 32.2 34.44 32.65 36.69 36.14 35.74 35.17 34.79 34.21 33.84 33.24 32.89 32.28 34.89 33.12 34.44 32.65 34.01 32.2 33.62 31.78 69.63 69.23 65.46 66.13 76.84 74.95 40.31 38.9 68.31 66.41 12.81 11.31 35.34 33.54 23.02 21.02 31.95 31.32 55.79 53.85 60.42 58.46 20.62 22.2 61.4 60.88 50.6 48.7 0.0 2.0 48.01 49.2 44.01 42.01 35.36 36.8 48.66 46.69 59.03 57.07 
16.03 16.03 17.03 17.03 31.4 29.43 31.58 29.61 31.78 29.83 32.02 30.08 32.28 30.36 32.57 30.68 32.89 31.02 33.24 31.38 33.62 31.78 37.34 36.69 36.4 35.74 35.47 34.79 34.54 33.84 33.62 32.89 35.85 34.13 35.36 33.62 34.89 33.12 34.44 32.65 70.09 69.63 64.85 65.46 76.24 74.33 38.95 37.48 67.72 65.8 14.14 12.81 34.54 32.7 23.19 21.21 32.7 31.95 55.32 53.37 60.02 58.05 19.1 20.62 61.98 61.4 51.26 49.4 2.0 0.0 46.87 48.01 44.01 42.01 33.97 35.36 49.03 47.07 58.69 56.72 
39.29 41.23 39.05 41.0 22.47 23.26 21.54 22.36 20.62 21.47 19.7 20.59 18.79 19.72 17.89 18.87 17.0 18.03 16.12 17.2 15.26 16.4 39.2 37.22 39.32 37.34 39.46 37.48 39.62 37.66 39.81 37.85 44.72 45.12 43.74 44.15 42.76 43.17 41.77 42.2 51.87 50.22 24.04 23.54 34.23 32.25 10.0 12.0 26.93 25.0 46.23 47.51 14.76 15.81 33.12 34.13 40.02 38.08 20.52 19.1 25.0 23.43 28.64 27.86 49.24 47.42 44.91 44.55 48.01 46.87 0.0 2.0 27.46 27.17 14.32 14.04 37.11 36.67 25.5 24.04 
39.85 41.76 39.56 41.48 24.35 25.08 23.41 24.17 22.47 23.26 21.54 22.36 20.62 21.47 19.7 20.59 18.79 19.72 17.89 18.87 17.0 18.03 41.19 39.2 41.3 39.32 41.44 39.46 41.59 39.62 41.77 39.81 46.69 47.07 45.71 46.1 44.72 45.12 43.74 44.15 53.54 51.87 24.7 24.04 34.53 32.56 10.2 12.17 27.51 25.63 47.8 49.04 16.55 17.49 34.89 35.85 41.98 40.02 21.93 20.62 26.25 24.76 29.53 28.64 51.08 49.24 46.87 46.53 49.2 48.01 2.0 0.0 29.43 29.15 14.87 14.32 39.05 38.64 26.87 25.5 
46.24 48.1 46.62 48.47 14.32 16.16 14.76 16.55 15.26 17.0 15.81 17.49 16.4 18.03 17.03 18.6 17.69 19.21 18.38 19.85 19.1 20.52 15.0 13.45 15.62 14.14 16.28 14.87 16.97 15.62 17.69 16.4 21.4 22.67 20.62 21.93 19.85 21.21 19.1 20.52 28.84 27.78 26.91 28.43 37.01 35.47 30.89 31.91 29.0 27.59 35.17 37.11 18.44 19.8 21.1 23.09 18.44 17.2 16.4 15.26 19.21 17.69 34.44 35.36 23.43 21.93 17.46 17.12 44.01 44.01 27.46 29.43 0.0 2.0 30.61 32.2 9.85 9.22 17.2 15.62 
44.38 46.24 44.78 46.62 12.53 14.32 13.04 14.76 13.6 15.26 14.21 15.81 14.87 16.4 15.56 17.03 16.28 17.69 17.03 18.38 17.8 19.1 13.89 12.21 14.42 12.81 15.0 13.45 15.62 14.14 16.28 14.87 20.25 21.4 19.42 20.62 18.6 19.85 17.8 19.1 30.53 29.53 28.28 29.73 38.6 37.01 29.97 30.89 30.48 29.0 33.24 35.17 17.2 18.44 19.1 21.1 16.97 15.62 17.69 16.4 20.81 19.21 32.65 33.62 24.76 23.35 18.03 17.46 42.01 42.01 27.17 29.15 2.0 0.0 29.41 31.06 10.82 9.85 18.87 17.2 
25.0 26.93 24.74 26.68 18.97 18.44 18.03 17.46 17.09 16.49 16.16 15.52 15.23 14.56 14.32 13.6 13.42 12.65 12.53 11.7 11.66 10.77 37.36 35.44 37.11 35.17 36.88 34.93 36.67 34.71 36.5 34.53 41.44 41.19 40.45 40.2 39.46 39.2 38.47 38.21 58.73 57.38 37.22 37.05 48.01 46.01 5.0 3.61 40.2 38.21 36.25 37.12 12.21 11.18 26.08 26.31 36.35 34.37 31.02 29.15 36.06 34.18 15.0 13.89 54.04 52.5 47.01 46.07 35.36 33.97 14.32 14.87 30.61 29.41 0.0 2.0 40.22 39.12 35.85 34.01 
25.63 27.51 25.3 27.2 20.88 20.4 19.92 19.42 18.97 18.44 18.03 17.46 17.09 16.49 16.16 15.52 15.23 14.56 14.32 13.6 13.42 12.65 39.29 37.36 39.05 37.11 38.83 36.88 38.64 36.67 38.47 36.5 43.42 43.19 42.43 42.19 41.44 41.19 40.45 40.2 60.11 58.73 37.48 37.22 48.09 46.1 4.12 2.24 40.45 38.47 38.08 38.91 13.89 13.0 28.07 28.28 38.33 36.35 31.78 29.97 36.77 34.93 16.28 15.0 55.61 54.04 48.76 47.85 36.8 35.36 14.04 14.32 32.2 31.06 2.0 0.0 41.88 40.82 36.67 34.89 
53.71 55.47 54.2 55.95 22.67 24.21 23.35 24.84 24.04 25.5 24.76 26.17 25.5 26.87 26.25 27.59 27.02 28.32 27.8 29.07 28.6 29.83 13.34 13.04 14.32 14.04 15.3 15.03 16.28 16.03 17.26 17.03 18.79 20.62 18.38 20.25 18.03 19.92 17.72 19.65 21.19 20.62 32.2 34.01 40.61 39.41 40.71 41.68 33.62 32.65 38.0 40.0 28.02 29.21 25.96 27.89 18.25 18.03 22.8 22.36 23.71 22.85 42.44 43.6 14.21 13.04 8.0 8.25 48.66 49.03 37.11 39.05 9.85 10.82 40.22 41.88 0.0 2.0 21.47 20.62 
51.97 53.71 52.48 54.2 21.21 22.67 21.93 23.35 22.67 24.04 23.43 24.76 24.21 25.5 25.0 26.25 25.81 27.02 26.63 27.8 27.46 28.6 11.4 11.05 12.37 12.04 13.34 13.04 14.32 14.04 15.3 15.03 17.0 18.79 16.55 18.38 16.16 18.03 15.81 17.72 23.09 22.56 33.12 34.89 41.87 40.61 39.81 40.71 34.67 33.62 36.0 38.0 26.93 28.02 24.04 25.96 16.28 16.03 23.41 22.8 24.7 23.71 40.8 42.01 15.81 14.76 8.25 8.0 46.69 47.07 36.67 38.64 9.22 9.85 39.12 40.82 2.0 0.0 22.47 21.47 
57.43 59.41 57.56 59.54 27.29 29.27 27.17 29.15 27.07 29.07 27.02 29.02 27.0 29.0 27.02 29.02 27.07 29.07 27.17 29.15 27.29 29.27 31.83 30.48 32.56 31.24 33.3 32.02 34.06 32.8 34.83 33.6 38.18 39.62 37.48 38.95 36.8 38.29 36.12 37.64 27.86 26.0 10.77 12.65 19.85 18.38 33.62 35.36 12.21 11.18 51.62 53.49 26.31 28.28 37.0 38.9 35.61 34.41 5.0 6.71 2.24 2.24 45.28 45.54 28.02 26.02 28.79 29.55 59.03 58.69 25.5 26.87 17.2 18.87 35.85 36.67 21.47 22.47 0.0 2.0 
55.44 57.43 55.58 57.56 25.32 27.29 25.18 27.17 25.08 27.07 25.02 27.02 25.0 27.0 25.02 27.02 25.08 27.07 25.18 27.17 25.32 27.29 30.41 29.0 31.11 29.73 31.83 30.48 32.56 31.24 33.3 32.02 36.8 38.18 36.07 37.48 35.36 36.8 34.66 36.12 28.64 26.83 11.66 13.42 21.4 19.85 31.91 33.62 13.45 12.21 49.77 51.62 24.33 26.31 35.11 37.0 34.06 32.8 3.61 5.0 3.61 2.24 43.29 43.57 28.16 26.17 28.16 28.79 57.07 56.72 24.04 25.5 15.62 17.2 34.01 34.89 20.62 21.47 2.0 0.0 
