50
0.0 2.0 1.0 2.24 2.0 2.83 3.0 3.61 4.0 4.47 5.0 5.39 6.0 6.32 7.0 7.28 32.02 32.57 62.13 60.13 62.07 60.07 62.03 60.03 56.32 56.14 55.33 55.15 87.14 87.05 76.32 74.33 82.61 80.62 13.34 13.93 32.76 33.24 23.19 23.54 27.31 25.5 57.71 58.05 44.94 44.27 66.48 64.56 10.3 9.49 
2.0 0.0 2.24 1.0 2.83 2.0 3.61 3.0 4.47 4.0 5.39 5.0 6.32 6.0 7.28 7.0 31.58 32.02 62.29 60.3 62.2 60.21 62.13 60.13 56.57 56.32 55.58 55.33 87.28 87.14 76.53 74.55 82.87 80.89 13.04 13.34 32.39 32.76 23.02 23.19 28.18 26.42 57.43 57.71 45.69 44.94 67.05 65.15 8.6 7.62 
1.0 2.24 0.0 2.0 1.0 2.24 2.0 2.83 3.0 3.61 4.0 4.47 5.0 5.39 6.0 6.32 32.98 33.53 63.13 61.13 63.07 61.07 63.03 61.03 57.31 57.14 56.32 56.14 88.14 88.05 77.32 75.33 83.6 81.61 14.32 14.87 33.73 34.21 24.19 24.52 28.23 26.4 58.69 59.03 45.88 45.22 67.45 65.52 10.82 9.85 
2.24 1.0 2.0 0.0 2.24 1.0 2.83 2.0 3.61 3.0 4.47 4.0 5.39 5.0 6.32 6.0 32.56 32.98 63.29 61.29 63.2 61.2 63.13 61.13 57.56 57.31 56.57 56.32 88.28 88.14 77.52 75.54 83.86 81.88 14.04 14.32 33.38 33.73 24.02 24.19 29.07 27.29 58.42 58.69 46.62 45.88 68.01 66.1 9.22 8.06 
2.0 2.83 1.0 2.24 0.0 2.0 1.0 2.24 2.0 2.83 3.0 3.61 4.0 4.47 5.0 5.39 33.96 34.48 64.12 62.13 64.07 62.07 64.03 62.03 58.31 58.14 57.31 57.14 89.14 89.05 78.31 76.32 84.59 82.61 15.3 15.81 34.71 35.17 25.18 25.5 29.15 27.31 59.68 60.02 46.82 46.17 68.41 66.48 11.4 10.3 
2.83 2.0 2.24 1.0 2.0 0.0 2.24 1.0 2.83 2.0 3.61 3.0 4.47 4.0 5.39 5.0 33.54 33.96 64.28 62.29 64.2 62.2 64.12 62.13 58.55 58.31 57.56 57.31 89.27 89.14 78.52 76.53 84.85 82.87 15.03 15.3 34.37 34.71 25.02 25.18 29.97 28.18 59.41 59.68 47.54 46.82 68.96 67.05 9.9 8.6 
3.0 3.61 2.0 2.83 1.0 2.24 0.0 2.0 1.0 2.24 2.0 2.83 3.0 3.61 4.0 4.47 34.93 35.44 65.12 63.13 65.07 63.07 65.03 63.03 59.3 59.14 58.31 58.14 90.14 90.05 79.31 77.32 85.59 83.6 16.28 16.76 35.69 36.14 26.17 26.48 30.08 28.23 60.67 61.0 47.76 47.13 69.38 67.45 12.04 10.82 
3.61 3.0 2.83 2.0 2.24 1.0 2.0 0.0 2.24 1.0 2.83 2.0 3.61 3.0 4.47 4.0 34.53 34.93 65.28 63.29 65.19 63.2 65.12 63.13 59.54 59.3 58.55 58.31 90.27 90.14 79.51 77.52 85.84 83.86 16.03 16.28 35.36 35.69 26.02 26.17 30.87 29.07 60.41 60.67 48.47 47.76 69.92 68.01 10.63 9.22 
4.0 4.47 3.0 3.61 2.0 2.83 1.0 2.24 0.0 2.0 1.0 2.24 2.0 2.83 3.0 3.61 35.9 36.4 66.12 64.12 66.07 64.07 66.03 64.03 60.3 60.13 59.3 59.14 91.14 91.05 80.31 78.31 86.58 84.59 17.26 17.72 36.67 37.11 27.17 27.46 31.02 29.15 61.66 61.98 48.7 48.08 70.34 68.41 12.73 11.4 
4.47 4.0 3.61 3.0 2.83 2.0 2.24 1.0 2.0 0.0 2.24 1.0 2.83 2.0 3.61 3.0 35.51 35.9 66.27 64.28 66.19 64.2 66.12 64.12 60.53 60.3 59.54 59.3 91.27 91.14 80.5 78.52 86.83 84.85 17.03 17.26 36.35 36.67 27.02 27.17 31.78 29.97 61.4 61.66 49.4 48.7 70.88 68.96 11.4 9.9 
5.0 5.39 4.0 4.47 3.0 3.61 2.0 2.83 1.0 2.24 0.0 2.0 1.0 2.24 2.0 2.83 36.88 37.36 67.12 65.12 67.07 65.07 67.03 65.03 61.29 61.13 60.3 60.13 92.14 92.05 81.3 79.31 87.57 85.59 18.25 18.68 37.66 38.08 28.16 28.44 31.95 30.08 62.65 62.97 49.65 49.04 71.31 69.38 13.45 12.04 
5.39 5.0 4.47 4.0 3.61 3.0 2.83 2.0 2.24 1.0 2.0 0.0 2.24 1.0 2.83 2.0 36.5 36.88 67.27 65.28 67.19 65.19 67.12 65.12 61.52 61.29 60.53 60.3 92.27 92.14 81.5 79.51 87.82 85.84 18.03 18.25 37.34 37.66 28.02 28.16 32.7 30.87 62.39 62.65 50.33 49.65 71.84 69.92 12.21 10.63 
6.0 6.32 5.0 5.39 4.0 4.47 3.0 3.61 2.0 2.83 1.0 2.24 0.0 2.0 1.0 2.24 37.85 38.33 68.12 66.12 68.07 66.07 68.03 66.03 62.29 62.13 61.29 61.13 93.13 93.05 82.3 80.31 88.57 86.58 19.24 19.65 38.64 39.05 29.15 29.43 32.89 31.02 63.64 63.95 50.6 50.0 72.28 70.34 14.21 12.73 
6.32 6.0 5.39 5.0 4.47 4.0 3.61 3.0 2.83 2.0 2.24 1.0 2.0 0.0 2.24 1.0 37.48 37.85 68.26 66.27 68.18 66.19 68.12 66.12 62.51 62.29 61.52 61.29 93.26 93.13 82.49 80.5 88.81 86.83 19.03 19.24 38.33 38.64 29.02 29.15 33.62 31.78 63.39 63.64 51.26 50.6 72.8 70.88 13.04 11.4 
7.0 7.28 6.0 6.32 5.0 5.39 4.0 4.47 3.0 3.61 2.0 2.83 1.0 2.24 0.0 2.0 38.83 39.29 69.12 67.12 69.07 67.07 69.03 67.03 63.29 63.13 62.29 62.13 94.13 94.05 83.29 81.3 89.56 87.57 20.22 20.62 39.62 40.02 30.15 30.41 33.84 31.95 64.63 64.94 51.55 50.96 73.25 71.31 15.0 13.45 
7.28 7.0 6.32 6.0 5.39 5.0 4.47 4.0 3.61 3.0 2.83 2.0 2.24 1.0 2.0 0.0 38.47 38.83 69.26 67.27 69.18 67.19 69.12 67.12 63.51 63.29 62.51 62.29 94.26 94.13 83.49 81.5 89.81 87.82 20.02 20.22 39.32 39.62 30.02 30.15 34.54 32.7 64.38 64.63 52.2 51.55 73.76 71.84 13.89 12.21 
32.02 31.58 32.98 32.56 33.96 33.54 34.93 34.53 35.9 35.51 36.88 36.5 37.85 37.48 38.83 38.47 0.0 2.0 33.24 31.38 32.89 31.02 32.57 30.68 28.65 27.73 27.78 26.83 57.49 57.07 47.43 45.54 54.08 52.2 18.68 18.25 1.41 1.41 9.43 8.54 19.92 20.62 26.02 26.17 26.4 24.6 42.01 40.46 26.02 28.02 
32.57 32.02 33.53 32.98 34.48 33.96 35.44 34.93 36.4 35.9 37.36 36.88 38.33 37.85 39.29 38.83 2.0 0.0 34.01 32.2 33.62 31.78 33.24 31.38 29.68 28.65 28.84 27.78 57.97 57.49 48.1 46.24 54.78 52.92 19.31 18.68 3.16 1.41 10.63 9.43 21.84 22.47 26.02 26.02 28.23 26.4 43.28 41.77 26.02 28.02 
62.13 62.29 63.13 63.29 64.12 64.28 65.12 65.28 66.12 66.27 67.12 67.27 68.12 68.26 69.12 69.26 33.24 34.01 0.0 2.0 1.0 2.24 2.0 2.83 6.32 6.0 7.28 7.0 25.02 25.02 14.32 12.37 20.88 18.97 49.5 49.82 31.95 32.7 39.62 40.02 37.66 39.62 13.93 15.81 23.32 22.36 14.14 14.0 58.46 60.42 
60.13 60.3 61.13 61.29 62.13 62.29 63.13 63.29 64.12 64.28 65.12 65.28 66.12 66.27 67.12 67.27 31.38 32.2 2.0 0.0 2.24 1.0 2.83 2.0 4.47 4.0 5.39 5.0 27.02 27.02 16.28 14.32 22.8 20.88 47.52 47.85 30.08 30.87 37.66 38.08 35.69 37.66 13.34 15.3 21.63 20.59 14.56 14.14 56.52 58.46 
62.07 62.2 63.07 63.2 64.07 64.2 65.07 65.19 66.07 66.19 67.07 67.19 68.07 68.18 69.07 69.18 32.89 33.62 1.0 2.24 0.0 2.0 1.0 2.24 6.71 6.08 7.62 7.07 25.08 25.0 14.56 12.65 21.19 19.31 49.37 49.65 31.62 32.31 39.46 39.81 37.85 39.81 13.0 14.87 23.85 22.83 15.13 15.0 58.25 60.21 
60.07 60.21 61.07 61.2 62.07 62.2 63.07 63.2 64.07 64.2 65.07 65.19 66.07 66.19 67.07 67.19 31.02 31.78 2.24 1.0 2.0 0.0 2.24 1.0 5.0 4.12 5.83 5.1 27.07 27.0 16.49 14.56 23.09 21.19 47.38 47.68 29.73 30.46 37.48 37.85 35.9 37.85 12.37 14.32 22.2 21.1 15.52 15.13 56.29 58.25 
62.03 62.13 63.03 63.13 64.03 64.12 65.03 65.12 66.03 66.12 67.03 67.12 68.03 68.12 69.03 69.12 32.57 33.24 2.0 2.83 1.0 2.24 0.0 2.0 7.21 6.32 8.06 7.28 25.18 25.02 14.87 13.0 21.54 19.7 49.25 49.5 31.32 31.95 39.32 39.62 38.08 40.02 12.08 13.93 24.41 23.32 16.12 16.0 58.05 60.02 
60.03 60.13 61.03 61.13 62.03 62.13 63.03 63.13 64.03 64.12 65.03 65.12 66.03 66.12 67.03 67.12 30.68 31.38 2.83 2.0 2.24 1.0 2.0 0.0 5.66 4.47 6.4 5.39 27.17 27.02 16.76 14.87 23.41 21.54 47.27 47.52 29.41 30.08 37.34 37.66 36.14 38.08 11.4 13.34 22.8 21.63 16.49 16.12 56.09 58.05 
56.32 56.57 57.31 57.56 58.31 58.55 59.3 59.54 60.3 60.53 61.29 61.52 62.29 62.51 63.29 63.51 28.65 29.68 6.32 4.47 6.71 5.0 7.21 5.66 0.0 2.0 1.0 2.24 31.02 31.14 20.02 18.03 26.31 24.33 43.93 44.38 27.29 28.3 34.21 34.79 31.4 33.38 15.03 17.03 17.2 16.12 14.42 13.42 53.16 55.08 
56.14 56.32 57.14 57.31 58.14 58.31 59.14 59.3 60.13 60.3 61.13 61.29 62.13 62.29 63.13 63.29 27.73 28.65 6.0 4.0 6.08 4.12 6.32 4.47 2.0 0.0 2.24 1.0 31.02 31.02 20.22 18.25 26.68 24.74 43.57 43.93 26.4 27.29 33.73 34.21 31.78 33.73 13.04 15.03 18.44 17.2 16.12 15.23 52.63 54.57 
55.33 55.58 56.32 56.57 57.31 57.56 58.31 58.55 59.3 59.54 60.3 60.53 61.29 61.52 62.29 62.51 27.78 28.84 7.28 5.39 7.62 5.83 8.06 6.4 1.0 2.24 0.0 2.0 32.02 32.14 21.02 19.03 27.29 25.32 42.95 43.42 26.42 27.46 33.24 33.84 30.41 32.39 15.13 17.12 16.4 15.26 15.0 13.89 52.2 54.12 
55.15 55.33 56.14 56.32 57.14 57.31 58.14 58.31 59.14 59.3 60.13 60.3 61.13 61.29 62.13 62.29 26.83 27.78 7.0 5.0 7.07 5.1 7.28 5.39 2.24 1.0 2.0 0.0 32.02 32.02 21.21 19.24 27.66 25.71 42.58 42.95 25.5 26.42 32.76 33.24 30.81 32.76 13.15 15.13 17.69 16.4 16.64 15.65 51.66 53.6 
87.14 87.28 88.14 88.28 89.14 89.27 90.14 90.27 91.14 91.27 92.14 92.27 93.13 93.26 94.13 94.26 57.49 57.97 25.02 27.02 25.08 27.07 25.18 27.17 31.02 31.02 32.02 32.02 0.0 2.0 11.18 13.15 7.07 8.6 74.43 74.67 56.29 56.75 64.5 64.78 62.29 64.28 33.11 34.0 46.32 45.89 26.42 28.18 83.19 85.16 
87.05 87.14 88.05 88.14 89.05 89.14 90.05 90.14 91.05 91.14 92.05 92.14 93.05 93.13 94.05 94.13 57.07 57.49 25.02 27.02 25.0 27.0 25.02 27.02 31.14 31.02 32.14 32.02 2.0 0.0 11.7 13.6 8.6 9.9 74.24 74.43 55.9 56.29 64.28 64.5 62.51 64.5 32.31 33.11 46.84 46.32 27.46 29.15 82.87 84.85 
76.32 76.53 77.32 77.52 78.31 78.52 79.31 79.51 80.31 80.5 81.3 81.5 82.3 82.49 83.29 83.49 47.43 48.1 14.32 16.28 14.56 16.49 14.87 16.76 20.02 20.22 21.02 21.21 11.18 11.7 0.0 2.0 6.71 5.0 63.79 64.13 46.17 46.82 53.94 54.34 51.16 53.15 24.84 26.17 35.17 34.71 16.28 17.8 72.78 74.73 
74.33 74.55 75.33 75.54 76.32 76.53 77.32 77.52 78.31 78.52 79.31 79.51 80.31 80.5 81.3 81.5 45.54 46.24 12.37 14.32 12.65 14.56 13.0 14.87 18.03 18.25 19.03 19.24 13.15 13.6 2.0 0.0 8.54 6.71 61.81 62.17 44.27 44.94 51.97 52.39 49.16 51.16 23.35 24.76 33.24 32.76 14.87 16.28 70.83 72.78 
82.61 82.87 83.6 83.86 84.59 84.85 85.59 85.84 86.58 86.83 87.57 87.82 88.57 88.81 89.56 89.81 54.08 54.78 20.88 22.8 21.19 23.09 21.54 23.41 26.31 26.68 27.29 27.66 7.07 8.6 6.71 8.54 0.0 2.0 70.21 70.61 52.81 53.49 60.42 60.88 57.01 59.01 31.4 32.65 40.45 40.2 19.7 21.54 79.31 81.25 
80.62 80.89 81.61 81.88 82.61 82.87 83.6 83.86 84.59 84.85 85.59 85.84 86.58 86.83 87.57 87.82 52.2 52.92 18.97 20.88 19.31 21.19 19.7 21.54 24.33 24.74 25.32 25.71 8.6 9.9 5.0 6.71 2.0 0.0 68.25 68.66 50.92 51.62 58.46 58.94 55.01 57.01 29.83 31.14 38.47 38.21 17.89 19.7 77.37 79.31 
13.34 13.04 14.32 14.04 15.3 15.03 16.28 16.03 17.26 17.03 18.25 18.03 19.24 19.03 20.22 20.02 18.68 19.31 49.5 47.52 49.37 47.38 49.25 47.27 43.93 43.57 42.95 42.58 74.43 74.24 63.79 61.81 70.21 68.25 0.0 2.0 19.42 19.92 10.0 10.2 18.44 17.2 44.41 44.72 34.67 33.62 55.15 53.31 10.0 11.66 
13.93 13.34 14.87 14.32 15.81 15.3 16.76 16.28 17.72 17.26 18.68 18.25 19.65 19.24 20.62 20.22 18.25 18.68 49.82 47.85 49.65 47.68 49.5 47.52 44.38 43.93 43.42 42.95 74.67 74.43 64.13 62.17 70.61 68.66 2.0 0.0 19.1 19.42 10.2 10.0 20.0 18.87 44.18 44.41 35.81 34.67 55.95 54.13 8.94 10.77 
32.76 32.39 33.73 33.38 34.71 34.37 35.69 35.36 36.67 36.35 37.66 37.34 38.64 38.33 39.62 39.32 1.41 3.16 31.95 30.08 31.62 29.73 31.32 29.41 27.29 26.4 26.42 25.5 56.29 55.9 46.17 44.27 52.81 50.92 19.42 19.1 0.0 2.0 9.85 9.22 19.31 20.12 25.08 25.32 25.08 23.26 40.61 39.05 27.07 29.07 
33.24 32.76 34.21 33.73 35.17 34.71 36.14 35.69 37.11 36.67 38.08 37.66 39.05 38.64 40.02 39.62 1.41 1.41 32.7 30.87 32.31 30.46 31.95 30.08 28.3 27.29 27.46 26.42 56.75 56.29 46.82 44.94 53.49 51.62 19.92 19.42 2.0 0.0 10.82 9.85 21.19 21.93 25.0 25.08 26.93 25.08 41.87 40.36 27.0 29.0 
23.19 23.02 24.19 24.02 25.18 25.02 26.17 26.02 27.17 27.02 28.16 28.02 29.15 29.02 30.15 30.02 9.43 10.63 39.62 37.66 39.46 37.48 39.32 37.34 34.21 33.73 33.24 32.76 64.5 64.28 53.94 51.97 60.42 58.46 10.0 10.2 9.85 10.82 0.0 2.0 14.14 14.0 34.53 34.93 26.87 25.5 46.07 44.29 18.97 20.88 
23.54 23.19 24.52 24.19 25.5 25.18 26.48 26.17 27.46 27.17 28.44 28.16 29.43 29.15 30.41 30.15 8.54 9.43 40.02 38.08 39.81 37.85 39.62 37.66 34.79 34.21 33.84 33.24 64.78 64.5 54.34 52.39 60.88 58.94 10.2 10.0 9.22 9.85 2.0 0.0 16.12 16.0 34.23 34.53 28.32 26.87 47.01 45.28 18.44 20.4 
27.31 28.18 28.23 29.07 29.15 29.97 30.08 30.87 31.02 31.78 31.95 32.7 32.89 33.62 33.84 34.54 19.92 21.84 37.66 35.69 37.85 35.9 38.08 36.14 31.4 31.78 30.41 30.81 62.29 62.51 51.16 49.16 57.01 55.01 18.44 20.0 19.31 21.19 14.14 16.12 0.0 2.0 37.74 38.83 17.72 17.26 39.62 37.66 28.28 29.73 
25.5 26.42 26.4 27.29 27.31 28.18 28.23 29.07 29.15 29.97 30.08 30.87 31.02 31.78 31.95 32.7 20.62 22.47 39.62 37.66 39.81 37.85 40.02 38.08 33.38 33.73 32.39 32.76 64.28 64.5 53.15 51.16 59.01 57.01 17.2 18.87 20.12 21.93 14.0 16.0 2.0 0.0 39.45 40.5 19.65 19.24 41.59 39.62 26.91 28.28 
57.71 57.43 58.69 58.42 59.68 59.41 60.67 60.41 61.66 61.4 62.65 62.39 63.64 63.39 64.63 64.38 26.02 26.02 13.93 13.34 13.0 12.37 12.08 11.4 15.03 13.04 15.13 13.15 33.11 32.31 24.84 23.35 31.4 29.83 44.41 44.18 25.08 25.0 34.53 34.23 37.74 39.45 0.0 2.0 29.15 27.46 27.89 27.46 52.0 54.0 
58.05 57.71 59.03 58.69 60.02 59.68 61.0 60.67 61.98 61.66 62.97 62.65 63.95 63.64 64.94 64.63 26.17 26.02 15.81 15.3 14.87 14.32 13.93 13.34 17.03 15.03 17.12 15.13 34.0 33.11 26.17 24.76 32.65 31.14 44.72 44.41 25.32 25.08 34.93 34.53 38.83 40.5 2.0 0.0 30.89 29.15 29.83 29.43 52.04 54.04 
44.94 45.69 45.88 46.62 46.82 47.54 47.76 48.47 48.7 49.4 49.65 50.33 50.6 51.26 51.55 52.2 26.4 28.23 23.32 21.63 23.85 22.2 24.41 22.8 17.2 18.44 16.4 17.69 46.32 46.84 35.17 33.24 40.45 38.47 34.67 35.81 25.08 26.93 26.87 28.32 17.72 19.65 29.15 30.89 0.0 2.0 22.09 20.1 44.65 46.32 
44.27 44.94 45.22 45.88 46.17 46.82 47.13 47.76 48.08 48.7 49.04 49.65 50.0 50.6 50.96 51.55 24.6 26.4 22.36 20.59 22.83 21.1 23.32 21.63 16.12 17.2 15.26 16.4 45.89 46.32 34.71 32.76 40.2 38.21 33.62 34.67 23.26 25.08 25.5 26.87 17.26 19.24 27.46 29.15 2.0 0.0 22.36 20.4 43.57 45.28 
66.48 67.05 67.45 68.01 68.41 68.96 69.38 69.92 70.34 70.88 71.31 71.84 72.28 72.8 73.25 73.76 42.01 43.28 14.14 14.56 15.13 15.52 16.12 16.49 14.42 16.12 15.0 16.64 26.42 27.46 16.28 14.87 19.7 17.89 55.15 55.95 40.61 41.87 46.07 47.01 39.62 41.59 27.89 29.83 22.09 22.36 0.0 2.0 64.88 66.71 
64.56 65.15 65.52 66.1 66.48 67.05 67.45 68.01 68.41 68.96 69.38 69.92 70.34 70.88 71.31 71.84 40.46 41.77 14.0 14.14 15.0 15.13 16.0 16.12 13.42 15.23 13.89 15.65 28.18 29.15 17.8 16.28 21.54 19.7 53.31 54.13 39.05 40.36 44.29 45.28 37.66 39.62 27.46 29.43 20.1 20.4 2.0 0.0 63.07 64.88 
10.3 8.6 10.82 9.22 11.4 9.9 12.04 10.63 12.73 11.4 13.45 12.21 14.21 13.04 15.0 13.89 26.02 26.02 58.46 56.52 58.25 56.29 58.05 56.09 53.16 52.63 52.2 51.66 83.19 82.87 72.78 70.83 79.31 77.37 10.0 8.94 27.07 27.0 18.97 18.44 28.28 26.91 52.0 52.04 44.65 43.57 64.88 63.07 0.0 2.0 
9.49 7.62 9.85 8.06 10.3 8.6 10.82 9.22 11.4 9.9 12.04 10.63 12.73 11.4 13.45 12.21 28.02 28.02 60.42 58.46 60.21 58.25 60.02 58.05 55.08 54.57 54.12 53.6 85.16 84.85 74.73 72.78 81.25 79.31 11.66 10.77 29.07 29.0 20.88 20.4 29.73 28.28 54.0 54.04 46.32 45.28 66.71 64.88 2.0 0.0 
