10
0.0 2.0 10.44 10.05 9.49 9.06 8.54 8.06 7.62 7.07 
2.0 0.0 12.37 12.04 11.4 11.05 10.44 10.05 9.49 9.06 
10.44 12.37 0.0 2.0 1.0 2.24 2.0 2.83 3.0 3.61 
10.05 12.04 2.0 0.0 2.24 1.0 2.83 2.0 3.61 3.0 
9.49 11.4 1.0 2.24 0.0 2.0 1.0 2.24 2.0 2.83 
9.06 11.05 2.24 1.0 2.0 0.0 2.24 1.0 2.83 2.0 
8.54 10.44 2.0 2.83 1.0 2.24 0.0 2.0 1.0 2.24 
8.06 10.05 2.83 2.0 2.24 1.0 2.0 0.0 2.24 1.0 
7.62 9.49 3.0 3.61 2.0 2.83 1.0 2.24 0.0 2.0 
7.07 9.06 3.61 3.0 2.83 2.0 2.24 1.0 2.0 0.0 
