25
0.0 2.0 9.9 11.4 9.22 10.82 8.6 10.3 8.54 9.43 10.44 8.54 10.2 8.25 10.05 8.06 7.28 7.0 1.41 3.16 10.63 12.04 3.61 2.24 19.72 
2.0 0.0 8.6 9.9 7.81 9.22 7.07 8.6 8.06 8.54 11.18 9.43 10.77 8.94 10.44 8.54 8.06 7.28 1.41 1.41 9.22 10.82 5.39 3.61 18.79 
9.9 8.6 0.0 2.0 1.0 2.24 2.0 2.83 4.12 2.24 10.44 10.05 9.49 9.06 8.54 8.06 16.64 15.65 8.49 7.21 14.04 16.03 11.18 9.43 10.44 
11.4 9.9 2.0 0.0 2.24 1.0 2.83 2.0 6.08 4.12 12.37 12.04 11.4 11.05 10.44 10.05 17.8 16.64 10.0 8.49 14.04 16.03 13.0 11.18 10.05 
9.22 7.81 1.0 2.24 0.0 2.0 1.0 2.24 4.47 2.83 10.77 10.2 9.85 9.22 8.94 8.25 15.81 14.76 7.81 6.4 13.04 15.03 10.77 8.94 11.4 
10.82 9.22 2.24 1.0 2.0 0.0 2.24 1.0 6.32 4.47 12.65 12.17 11.7 11.18 10.77 10.2 17.03 15.81 9.43 7.81 13.04 15.03 12.65 10.77 11.05 
8.6 7.07 2.0 2.83 1.0 2.24 0.0 2.0 5.0 3.61 11.18 10.44 10.3 9.49 9.43 8.54 15.0 13.89 7.21 5.66 12.04 14.04 10.44 8.54 12.37 
10.3 8.6 2.83 2.0 2.24 1.0 2.0 0.0 6.71 5.0 13.0 12.37 12.08 11.4 11.18 10.44 16.28 15.0 8.94 7.21 12.04 14.04 12.37 10.44 12.04 
8.54 8.06 4.12 6.08 4.47 6.32 5.0 6.71 0.0 2.0 6.32 6.0 5.39 5.0 4.47 4.0 15.81 15.3 7.28 7.0 15.81 17.72 8.49 7.21 11.4 
9.43 8.54 2.24 4.12 2.83 4.47 3.61 5.0 2.0 0.0 8.25 8.0 7.28 7.0 6.32 6.0 16.55 15.81 8.06 7.28 15.3 17.26 10.0 8.49 10.3 
10.44 11.18 10.44 12.37 10.77 12.65 11.18 13.0 6.32 8.25 0.0 2.0 1.0 2.24 2.0 2.83 17.03 17.26 9.85 10.82 20.25 21.95 8.0 8.25 14.76 
8.54 9.43 10.05 12.04 10.2 12.17 10.44 12.37 6.0 8.0 2.0 0.0 2.24 1.0 2.83 2.0 15.03 15.3 8.06 9.22 18.6 20.25 6.0 6.32 15.81 
10.2 10.77 9.49 11.4 9.85 11.7 10.3 12.08 5.39 7.28 1.0 2.24 0.0 2.0 1.0 2.24 17.0 17.12 9.49 10.3 19.72 21.47 8.06 8.06 13.89 
8.25 8.94 9.06 11.05 9.22 11.18 9.49 11.4 5.0 7.0 2.24 1.0 2.0 0.0 2.24 1.0 15.0 15.13 7.62 8.6 18.03 19.72 6.08 6.08 15.0 
10.05 10.44 8.54 10.44 8.94 10.77 9.43 11.18 4.47 6.32 2.0 2.83 1.0 2.24 0.0 2.0 17.03 17.03 9.22 9.85 19.24 21.02 8.25 8.0 13.04 
8.06 8.54 8.06 10.05 8.25 10.2 8.54 10.44 4.0 6.0 2.83 2.0 2.24 1.0 2.0 0.0 15.03 15.03 7.28 8.06 17.49 19.24 6.32 6.0 14.21 
7.28 8.06 16.64 17.8 15.81 17.03 15.0 16.28 15.81 16.55 17.03 15.03 17.0 15.0 17.03 15.03 0.0 2.0 8.54 9.43 10.0 10.2 9.06 9.06 26.83 
7.0 7.28 15.65 16.64 14.76 15.81 13.89 15.0 15.3 15.81 17.26 15.3 17.12 15.13 17.03 15.03 2.0 0.0 8.06 8.54 8.0 8.25 9.49 9.06 26.0 
1.41 1.41 8.49 10.0 7.81 9.43 7.21 8.94 7.28 8.06 9.85 8.06 9.49 7.62 9.22 7.28 8.54 8.06 0.0 2.0 10.63 12.21 4.12 2.24 18.36 
3.16 1.41 7.21 8.49 6.4 7.81 5.66 7.21 7.0 7.28 10.82 9.22 10.3 8.6 9.85 8.06 9.43 8.54 2.0 0.0 9.43 11.18 6.08 4.12 17.46 
10.63 9.22 14.04 14.04 13.04 13.04 12.04 12.04 15.81 15.3 20.25 18.6 19.72 18.03 19.24 17.49 10.0 8.0 10.63 9.43 0.0 2.0 14.21 12.73 24.08 
12.04 10.82 16.03 16.03 15.03 15.03 14.04 14.04 17.72 17.26 21.95 20.25 21.47 19.72 21.02 19.24 10.2 8.25 12.21 11.18 2.0 0.0 15.56 14.21 26.08 
3.61 5.39 11.18 13.0 10.77 12.65 10.44 12.37 8.49 10.0 8.0 6.0 8.06 6.08 8.25 6.32 9.06 9.49 4.12 6.08 14.21 15.56 0.0 2.0 19.85 
2.24 3.61 9.43 11.18 8.94 10.77 8.54 10.44 7.21 8.49 8.25 6.32 8.06 6.08 8.0 6.0 9.06 9.06 2.24 4.12 12.73 14.21 2.0 0.0 18.6 
19.72 18.79 10.44 10.05 11.4 11.05 12.37 12.04 11.4 10.3 14.76 15.81 13.89 15.0 13.04 14.21 26.83 26.0 18.36 17.46 24.08 26.08 19.85 18.6 0.0 
