50
0.0 2.0 11.05 9.06 20.25 18.6 12.65 14.56 11.66 10.0 8.06 9.22 16.16 14.32 34.01 34.01 23.35 23.09 8.54 9.43 6.32 8.25 13.6 12.04 24.08 24.0 14.14 12.17 8.06 6.08 11.05 13.04 18.03 16.16 17.72 17.26 12.08 13.93 22.8 23.41 11.4 12.08 33.54 31.76 15.81 13.93 11.18 12.21 12.17 10.2 
2.0 0.0 13.04 11.05 21.95 20.25 13.42 15.23 13.42 11.66 6.4 7.81 17.0 15.26 36.01 36.01 25.32 25.08 8.06 8.54 7.21 8.94 15.26 13.6 26.08 26.0 14.56 12.65 8.54 6.71 11.05 13.04 19.92 18.03 18.38 17.72 11.4 13.34 24.74 25.3 11.05 11.4 35.34 33.54 15.3 13.34 10.44 11.18 14.14 12.17 
11.05 13.04 0.0 2.0 13.42 12.65 14.76 16.55 7.07 7.62 18.68 19.31 14.87 13.0 23.0 23.09 12.37 12.04 16.64 18.36 11.4 12.73 9.0 9.22 13.04 13.04 15.81 14.21 12.21 11.18 16.97 18.44 9.22 8.06 17.09 17.89 20.0 21.26 13.04 14.21 17.2 18.87 23.6 22.02 21.26 20.0 19.42 21.1 3.16 3.16 
9.06 11.05 2.0 0.0 14.42 13.42 13.93 15.81 7.07 7.07 16.76 17.46 14.32 12.37 25.0 25.08 14.32 14.04 15.0 16.64 9.9 11.4 9.22 9.0 15.03 15.03 14.76 13.04 10.63 9.43 15.62 17.2 10.63 9.22 16.49 17.09 18.44 19.8 14.76 15.81 15.62 17.2 25.24 23.6 19.8 18.44 17.8 19.42 4.24 3.16 
20.25 21.95 13.42 14.42 0.0 2.0 13.04 13.34 8.6 10.3 25.0 24.52 28.23 26.4 20.81 19.72 16.16 14.32 20.22 22.2 15.81 15.3 6.71 8.54 14.76 13.04 29.15 27.46 24.84 23.35 18.0 18.11 5.0 5.39 30.46 31.3 22.0 22.09 7.07 5.83 29.73 31.11 29.07 28.23 34.06 32.56 22.02 24.02 10.3 11.4 
18.6 20.25 12.65 13.42 2.0 0.0 11.05 11.4 7.07 8.6 23.09 22.56 27.51 25.63 22.47 21.47 17.0 15.26 18.25 20.22 13.93 13.34 5.0 6.71 15.81 14.21 28.18 26.42 23.6 22.02 16.0 16.12 5.39 5.0 29.73 30.46 20.0 20.1 8.6 7.62 28.43 29.73 30.02 29.07 32.8 31.24 20.02 22.02 9.49 10.3 
12.65 13.42 14.76 13.93 13.04 11.05 0.0 2.0 8.49 7.21 13.6 12.53 27.07 25.08 32.7 31.95 24.84 23.6 8.06 9.85 6.32 4.47 8.06 6.4 24.41 23.32 26.08 24.08 20.22 18.25 5.1 5.1 14.32 12.53 29.02 29.02 9.06 9.06 18.97 18.44 24.04 24.7 37.48 36.12 28.46 26.57 9.22 11.18 12.81 11.66 
14.56 15.23 16.55 15.81 13.34 11.4 2.0 0.0 10.0 8.94 14.87 13.6 29.07 27.07 33.54 32.7 26.17 24.84 9.22 10.82 8.25 6.32 9.22 7.81 25.61 24.41 28.07 26.08 22.2 20.22 5.83 5.1 15.26 13.6 31.02 31.02 9.49 9.06 19.7 18.97 25.96 26.57 38.95 37.64 30.36 28.46 9.85 11.7 14.42 13.42 
11.66 13.42 7.07 7.07 8.6 7.07 8.49 10.0 0.0 2.0 17.12 17.0 21.38 19.42 25.0 24.52 16.4 15.26 13.15 15.13 8.0 8.25 2.24 2.24 16.12 15.23 21.54 19.7 16.64 15.0 12.08 13.04 7.0 5.0 23.54 24.04 15.81 16.55 12.0 12.17 21.4 22.67 29.0 27.66 25.81 24.21 15.52 17.46 4.47 4.0 
10.0 11.66 7.62 7.07 10.3 8.6 7.21 8.94 2.0 0.0 15.13 15.0 21.1 19.1 26.93 26.48 18.03 17.0 11.18 13.15 6.0 6.32 3.61 2.24 17.89 17.09 20.88 18.97 15.65 13.89 10.3 11.4 9.0 7.0 23.19 23.54 13.93 14.76 14.0 14.14 20.25 21.4 30.41 29.0 24.7 23.02 13.6 15.52 5.66 4.47 
8.06 6.4 18.68 16.76 25.0 23.09 13.6 14.87 17.12 15.13 0.0 2.0 23.02 21.4 41.3 41.11 31.05 30.59 5.66 4.47 9.22 9.85 18.44 16.49 31.58 31.26 20.12 18.36 14.42 12.81 9.22 10.82 24.08 22.09 24.19 23.26 7.28 9.22 29.07 29.27 15.52 15.13 41.59 39.82 19.1 17.12 6.32 6.0 19.1 17.12 
9.22 7.81 19.31 17.46 24.52 22.56 12.53 13.6 17.0 15.0 2.0 0.0 24.7 23.02 41.59 41.3 31.62 31.05 4.47 2.83 9.0 9.22 18.11 16.12 32.02 31.58 21.93 20.12 16.12 14.42 7.81 9.22 24.0 22.0 25.94 25.08 5.39 7.28 29.0 29.07 17.46 17.12 42.54 40.82 21.1 19.1 4.47 4.0 19.42 17.46 
16.16 17.0 14.87 14.32 28.23 27.51 27.07 29.07 21.38 21.1 23.02 24.7 0.0 2.0 31.3 32.25 20.25 21.4 24.7 25.5 21.38 23.35 23.54 23.19 22.2 23.43 4.12 5.0 8.6 10.3 26.93 28.86 23.71 22.85 2.24 3.61 28.23 30.08 26.4 28.02 9.85 11.7 24.0 22.0 11.0 11.18 27.31 28.18 18.03 17.46 
14.32 15.26 13.0 12.37 26.4 25.63 25.08 27.07 19.42 19.1 21.4 23.02 2.0 0.0 30.46 31.3 19.24 20.25 22.85 23.71 19.42 21.38 21.59 21.21 21.1 22.2 4.12 4.12 7.07 8.6 25.0 26.93 21.95 21.02 4.12 5.0 26.4 28.23 24.84 26.4 9.22 11.18 24.08 22.09 11.18 11.0 25.5 26.42 16.16 15.52 
34.01 36.01 23.0 25.0 20.81 22.47 32.7 33.54 25.0 26.93 41.3 41.59 31.3 30.46 0.0 2.0 11.4 11.05 38.08 40.02 32.76 33.24 24.7 26.57 10.05 10.05 34.54 33.84 33.73 33.38 37.0 37.7 18.38 20.25 33.12 34.89 40.8 41.44 13.89 15.0 38.33 40.26 14.56 15.23 41.44 40.8 40.52 42.45 22.2 24.19 
34.01 36.01 23.09 25.08 19.72 21.47 31.95 32.7 24.52 26.48 41.11 41.3 32.25 31.3 2.0 0.0 12.08 11.4 37.66 39.62 32.39 32.76 24.04 25.96 10.44 10.05 35.34 34.54 34.21 33.73 36.4 37.0 17.72 19.65 34.13 35.85 40.26 40.8 13.0 13.89 38.9 40.8 16.49 17.09 42.15 41.44 40.02 41.98 22.02 24.02 
23.35 25.32 12.37 14.32 16.16 17.0 24.84 26.17 16.4 18.03 31.05 31.62 20.25 19.24 11.4 12.08 0.0 2.0 28.64 30.46 23.26 24.19 16.97 18.44 2.24 4.12 23.26 22.47 22.36 22.09 28.3 29.41 11.66 12.81 22.2 23.85 31.76 32.76 10.05 12.04 26.93 28.86 13.04 12.08 30.08 29.41 31.3 33.11 12.53 14.32 
23.09 25.08 12.04 14.04 14.32 15.26 23.6 24.84 15.26 17.0 30.59 31.05 21.4 20.25 11.05 11.4 2.0 0.0 27.86 29.73 22.47 23.26 15.62 17.2 1.0 2.24 24.19 23.26 22.8 22.36 27.29 28.3 10.0 11.31 23.43 25.0 30.87 31.76 8.06 10.05 27.51 29.41 14.76 13.93 30.87 30.08 30.46 32.31 11.7 13.6 
8.54 8.06 16.64 15.0 20.22 18.25 8.06 9.22 13.15 11.18 5.66 4.47 24.7 22.85 38.08 37.66 28.64 27.86 0.0 2.0 5.39 5.0 14.0 12.0 28.79 28.16 22.56 20.62 16.49 14.56 3.61 5.39 20.1 18.11 26.25 25.71 3.61 5.39 25.08 25.0 19.0 19.1 40.22 38.6 23.09 21.1 2.83 4.47 16.16 14.32 
9.43 8.54 18.36 16.64 22.2 20.22 9.85 10.82 15.13 13.15 4.47 2.83 25.5 23.71 40.02 39.62 30.46 29.73 2.0 0.0 7.28 7.0 16.0 14.0 30.68 30.08 23.09 21.19 17.09 15.23 5.0 6.4 22.09 20.1 26.93 26.25 3.0 5.0 27.07 27.0 19.1 19.0 41.88 40.22 23.0 21.0 2.0 2.83 18.03 16.16 
6.32 7.21 11.4 9.9 15.81 13.93 6.32 8.25 8.0 6.0 9.22 9.0 21.38 19.42 32.76 32.39 23.26 22.47 5.39 7.28 0.0 2.0 9.22 7.28 23.41 22.8 20.0 18.0 14.04 12.04 5.83 7.62 15.0 13.0 23.19 23.02 8.6 9.9 20.0 20.1 17.72 18.38 35.0 33.42 22.14 20.25 8.06 9.85 10.77 8.94 
8.25 8.94 12.73 11.4 15.3 13.34 4.47 6.32 8.25 6.32 9.85 9.22 23.35 21.38 33.24 32.76 24.19 23.26 5.0 7.0 2.0 0.0 9.0 7.0 24.17 23.41 22.0 20.0 16.03 14.04 4.24 5.83 15.13 13.15 25.18 25.02 7.62 8.6 20.1 20.0 19.65 20.25 36.24 34.71 24.04 22.14 7.28 9.22 11.66 10.0 
13.6 15.26 9.0 9.22 6.71 5.0 8.06 9.22 2.24 3.61 18.44 18.11 23.54 21.59 24.7 24.04 16.97 15.62 14.0 16.0 9.22 9.0 0.0 2.0 16.4 15.26 23.77 21.93 18.87 17.2 12.37 13.0 6.32 4.47 25.71 26.25 16.28 16.76 11.18 11.0 23.6 24.84 29.83 28.6 28.02 26.4 16.12 18.11 6.08 6.08 
12.04 13.6 9.22 9.0 8.54 6.71 6.4 7.81 2.24 2.24 16.49 16.12 23.19 21.21 26.57 25.96 18.44 17.2 12.0 14.0 7.28 7.0 2.0 0.0 18.03 17.0 23.09 21.19 17.89 16.12 10.44 11.18 8.25 6.32 25.32 25.71 14.32 14.87 13.15 13.0 22.47 23.6 31.14 29.83 26.93 25.24 14.14 16.12 6.71 6.08 
24.08 26.08 13.04 15.03 14.76 15.81 24.41 25.61 16.12 17.89 31.58 32.02 22.2 21.1 10.05 10.44 2.24 1.0 28.79 30.68 23.41 24.17 16.4 18.03 0.0 2.0 25.06 24.17 23.77 23.35 28.18 29.15 10.63 12.04 24.21 25.81 31.78 32.65 8.25 10.2 28.46 30.36 14.32 13.6 31.78 31.02 31.38 33.24 12.65 14.56 
24.0 26.0 13.04 15.03 13.04 14.21 23.32 24.41 15.23 17.09 31.26 31.58 23.43 22.2 10.05 10.05 4.12 2.24 28.16 30.08 22.8 23.41 15.26 17.0 2.0 0.0 26.08 25.06 24.35 23.77 27.31 28.18 9.22 10.82 25.5 27.02 31.02 31.78 6.32 8.25 29.15 31.02 16.16 15.52 32.65 31.78 30.68 32.57 12.17 14.14 
14.14 14.56 15.81 14.76 29.15 28.18 26.08 28.07 21.54 20.88 20.12 21.93 4.12 4.12 34.54 35.34 23.26 24.19 22.56 23.09 20.0 22.0 23.77 23.09 25.06 26.08 0.0 2.0 6.08 8.06 25.18 27.17 25.0 23.85 4.24 3.16 25.96 27.89 28.28 29.73 5.83 7.62 28.02 26.02 7.07 7.07 25.0 25.63 18.87 17.89 
12.17 12.65 14.21 13.04 27.46 26.42 24.08 26.08 19.7 18.97 18.36 20.12 5.0 4.12 33.84 34.54 22.47 23.26 20.62 21.19 18.0 20.0 21.93 21.19 24.17 25.06 2.0 0.0 4.12 6.08 23.19 25.18 23.43 22.2 5.83 5.1 24.04 25.96 26.91 28.28 5.1 7.07 28.16 26.17 7.62 7.07 23.09 23.77 17.2 16.12 
8.06 8.54 12.21 10.63 24.84 23.6 20.22 22.2 16.64 15.65 14.42 16.12 8.6 7.07 33.73 34.21 22.36 22.8 16.49 17.09 14.04 16.03 18.87 17.89 23.77 24.35 6.08 4.12 0.0 2.0 19.1 21.1 21.26 19.8 9.85 9.22 19.92 21.84 25.24 26.4 5.0 6.71 29.83 27.89 9.22 7.81 18.97 19.7 14.87 13.45 
6.08 6.71 11.18 9.43 23.35 22.02 18.25 20.22 15.0 13.89 12.81 14.42 10.3 8.6 33.38 33.73 22.09 22.36 14.56 15.23 12.04 14.04 17.2 16.12 23.35 23.77 8.06 6.08 2.0 0.0 17.12 19.1 20.0 18.44 11.7 11.18 18.03 19.92 24.19 25.24 6.4 7.81 30.36 28.46 10.82 9.22 17.09 17.89 13.6 12.04 
11.05 11.05 16.97 15.62 18.0 16.0 5.1 5.83 12.08 10.3 9.22 7.81 26.93 25.0 37.0 36.4 28.3 27.29 3.61 5.0 5.83 4.24 12.37 10.44 28.18 27.31 25.18 23.19 19.1 17.12 0.0 2.0 18.68 16.76 28.64 28.28 4.0 4.47 23.54 23.19 22.09 22.36 40.46 38.95 26.31 24.33 4.12 6.08 15.81 14.21 
13.04 13.04 18.44 17.2 18.11 16.12 5.1 5.1 13.04 11.4 10.82 9.22 28.86 26.93 37.7 37.0 29.41 28.3 5.39 6.4 7.62 5.83 13.0 11.18 29.15 28.18 27.17 25.18 21.1 19.1 2.0 0.0 19.31 17.46 30.59 30.27 4.47 4.0 24.04 23.54 24.08 24.33 41.77 40.31 28.28 26.31 5.0 6.71 17.03 15.56 
18.03 19.92 9.22 10.63 5.0 5.39 14.32 15.26 7.0 9.0 24.08 24.0 23.71 21.95 18.38 17.72 11.66 10.0 20.1 22.09 15.0 15.13 6.32 8.25 10.63 9.22 25.0 23.43 21.26 20.0 18.68 19.31 0.0 2.0 25.94 26.93 22.56 23.09 5.0 5.39 26.25 27.8 24.7 23.71 30.41 29.07 22.36 24.33 6.4 8.06 
16.16 18.03 8.06 9.22 5.39 5.0 12.53 13.6 5.0 7.0 22.09 22.0 22.85 21.02 20.25 19.65 12.81 11.31 18.11 20.1 13.0 13.15 4.47 6.32 12.04 10.82 23.85 22.2 19.8 18.44 16.76 17.46 2.0 0.0 25.08 25.94 20.62 21.19 7.0 7.28 24.76 26.25 25.81 24.7 29.0 27.59 20.4 22.36 5.0 6.4 
17.72 18.38 17.09 16.49 30.46 29.73 29.02 31.02 23.54 23.19 24.19 25.94 2.24 4.12 33.12 34.13 22.2 23.43 26.25 26.93 23.19 25.18 25.71 25.32 24.21 25.5 4.24 5.83 9.85 11.7 28.64 30.59 25.94 25.08 0.0 2.0 29.73 31.62 28.6 30.23 10.0 11.66 25.08 23.09 10.2 10.77 28.79 29.55 20.25 19.65 
17.26 17.72 17.89 17.09 31.3 30.46 29.02 31.02 24.04 23.54 23.26 25.08 3.61 5.0 34.89 35.85 23.85 25.0 25.71 26.25 23.02 25.02 26.25 25.71 25.81 27.02 3.16 5.1 9.22 11.18 28.28 30.27 26.93 25.94 2.0 0.0 29.12 31.05 29.83 31.4 8.49 10.0 27.07 25.08 8.25 8.94 28.16 28.79 21.02 20.25 
12.08 11.4 20.0 18.44 22.0 20.0 9.06 9.49 15.81 13.93 7.28 5.39 28.23 26.4 40.8 40.26 31.76 30.87 3.61 3.0 8.6 7.62 16.28 14.32 31.78 31.02 25.96 24.04 19.92 18.03 4.0 4.47 22.56 20.62 29.73 29.12 0.0 2.0 27.46 27.17 22.09 22.0 43.6 42.01 26.0 24.0 1.0 2.24 19.24 17.49 
13.93 13.34 21.26 19.8 22.09 20.1 9.06 9.06 16.55 14.76 9.22 7.28 30.08 28.23 41.44 40.8 32.76 31.76 5.39 5.0 9.9 8.6 16.76 14.87 32.65 31.78 27.89 25.96 21.84 19.92 4.47 4.0 23.09 21.19 31.62 31.05 2.0 0.0 27.89 27.46 24.08 24.0 44.82 43.28 28.0 26.0 3.0 3.61 20.25 18.6 
22.8 24.74 13.04 14.76 7.07 8.6 18.97 19.7 12.0 14.0 29.07 29.0 26.4 24.84 13.89 13.0 10.05 8.06 25.08 27.07 20.0 20.1 11.18 13.15 8.25 6.32 28.28 26.91 25.24 24.19 23.54 24.04 5.0 7.0 28.6 29.83 27.46 27.89 0.0 2.0 30.23 31.91 22.47 21.84 34.21 33.02 27.29 29.27 10.77 12.65 
23.41 25.3 14.21 15.81 5.83 7.62 18.44 18.97 12.17 14.14 29.27 29.07 28.02 26.4 15.0 13.89 12.04 10.05 25.0 27.0 20.1 20.0 11.0 13.0 10.2 8.25 29.73 28.28 26.4 25.24 23.19 23.54 5.39 7.28 30.23 31.4 27.17 27.46 2.0 0.0 31.4 33.02 24.35 23.77 35.47 34.21 27.07 29.07 11.66 13.42 
11.4 11.05 17.2 15.62 29.73 28.43 24.04 25.96 21.4 20.25 15.52 17.46 9.85 9.22 38.33 38.9 26.93 27.51 19.0 19.1 17.72 19.65 23.6 22.47 28.46 29.15 5.83 5.1 5.0 6.4 22.09 24.08 26.25 24.76 10.0 8.49 22.09 24.08 30.23 31.4 0.0 2.0 33.24 31.26 4.47 2.83 21.1 21.38 19.85 18.38 
12.08 11.4 18.87 17.2 31.11 29.73 24.7 26.57 22.67 21.4 15.13 17.12 11.7 11.18 40.26 40.8 28.86 29.41 19.1 19.0 18.38 20.25 24.84 23.6 30.36 31.02 7.62 7.07 6.71 7.81 22.36 24.33 27.8 26.25 11.66 10.0 22.0 24.0 31.91 33.02 2.0 0.0 35.23 33.24 4.0 2.0 21.0 21.1 21.4 19.85 
33.54 35.34 23.6 25.24 29.07 30.02 37.48 38.95 29.0 30.41 41.59 42.54 24.0 24.08 14.56 16.49 13.04 14.76 40.22 41.88 35.0 36.24 29.83 31.14 14.32 16.16 28.02 28.16 29.83 30.36 40.46 41.77 24.7 25.81 25.08 27.07 43.6 44.82 22.47 24.35 33.24 35.23 0.0 2.0 35.0 35.06 43.01 44.65 24.76 26.25 
31.76 33.54 22.02 23.6 28.23 29.07 36.12 37.64 27.66 29.0 39.82 40.82 22.0 22.09 15.23 17.09 12.08 13.93 38.6 40.22 33.42 34.71 28.6 29.83 13.6 15.52 26.02 26.17 27.89 28.46 38.95 40.31 23.71 24.7 23.09 25.08 42.01 43.28 21.84 23.77 31.26 33.24 2.0 0.0 33.0 33.06 41.4 43.01 23.35 24.76 
15.81 15.3 21.26 19.8 34.06 32.8 28.46 30.36 25.81 24.7 19.1 21.1 11.0 11.18 41.44 42.15 30.08 30.87 23.09 23.0 22.14 24.04 28.02 26.93 31.78 32.65 7.07 7.62 9.22 10.82 26.31 28.28 30.41 29.0 10.2 8.25 26.0 28.0 34.21 35.47 4.47 4.0 35.0 33.0 0.0 2.0 25.0 25.08 24.04 22.67 
13.93 13.34 20.0 18.44 32.56 31.24 26.57 28.46 24.21 23.02 17.12 19.1 11.18 11.0 40.8 41.44 29.41 30.08 21.1 21.0 20.25 22.14 26.4 25.24 31.02 31.78 7.07 7.07 7.81 9.22 24.33 26.31 29.07 27.59 10.77 8.94 24.0 26.0 33.02 34.21 2.83 2.0 35.06 33.06 2.0 0.0 23.0 23.09 22.67 21.21 
11.18 10.44 19.42 17.8 22.02 20.02 9.22 9.85 15.52 13.6 6.32 4.47 27.31 25.5 40.52 40.02 31.3 30.46 2.83 2.0 8.06 7.28 16.12 14.14 31.38 30.68 25.0 23.09 18.97 17.09 4.12 5.0 22.36 20.4 28.79 28.16 1.0 3.0 27.29 27.07 21.1 21.0 43.01 41.4 25.0 23.0 0.0 2.0 18.79 17.0 
12.21 11.18 21.1 19.42 24.02 22.02 11.18 11.7 17.46 15.52 6.0 4.0 28.18 26.42 42.45 41.98 33.11 32.31 4.47 2.83 9.85 9.22 18.11 16.12 33.24 32.57 25.63 23.77 19.7 17.89 6.08 6.71 24.33 22.36 29.55 28.79 2.24 3.61 29.27 29.07 21.38 21.1 44.65 43.01 25.08 23.09 2.0 0.0 20.62 18.79 
12.17 14.14 3.16 4.24 10.3 9.49 12.81 14.42 4.47 5.66 19.1 19.42 18.03 16.16 22.2 22.02 12.53 11.7 16.16 18.03 10.77 11.66 6.08 6.71 12.65 12.17 18.87 17.2 14.87 13.6 15.81 17.03 6.4 5.0 20.25 21.02 19.24 20.25 10.77 11.66 19.85 21.4 24.76 23.35 24.04 22.67 18.79 20.62 0.0 2.0 
10.2 12.17 3.16 3.16 11.4 10.3 11.66 13.42 4.0 4.47 17.12 17.46 17.46 15.52 24.19 24.02 14.32 13.6 14.32 16.16 8.94 10.0 6.08 6.08 14.56 14.14 17.89 16.12 13.45 12.04 14.21 15.56 8.06 6.4 19.65 20.25 17.49 18.6 12.65 13.42 18.38 19.85 26.25 24.76 22.67 21.21 17.0 18.79 2.0 0.0 
