95
0.0 2.0 1.0 2.24 2.0 2.83 3.0 3.61 4.0 4.47 5.0 5.39 6.0 6.32 129.19 127.19 31.95 33.84 31.62 33.53 31.32 33.24 31.05 32.98 30.81 32.76 30.59 32.56 30.41 32.39 30.27 32.25 65.0 65.8 64.08 64.88 63.16 63.98 43.84 42.45 10.3 12.08 61.2 59.21 135.92 133.96 136.12 134.17 24.84 26.17 73.44 71.45 142.0 140.0 28.86 29.41 55.47 53.82 126.75 124.78 86.47 84.48 123.02 123.07 22.8 20.88 121.51 122.0 108.3 108.46 88.53 86.59 111.65 111.88 35.0 36.24 14.87 13.45 22.85 23.71 28.07 28.28 86.49 86.88 15.52 17.46 29.53 31.3 42.76 43.17 52.5 50.99 62.13 62.03 1.41 
2.0 0.0 2.24 1.0 2.83 2.0 3.61 3.0 4.47 4.0 5.39 5.0 6.32 6.0 131.19 129.19 32.7 34.54 32.31 34.18 31.95 33.84 31.62 33.53 31.32 33.24 31.05 32.98 30.81 32.76 30.59 32.56 66.85 67.62 65.92 66.71 65.0 65.8 45.28 43.84 9.49 11.4 63.2 61.2 137.87 135.92 138.08 136.12 23.6 24.84 75.43 73.44 144.0 142.0 30.81 31.32 57.14 55.47 128.72 126.75 88.46 86.47 125.02 125.06 24.74 22.8 123.45 123.94 110.29 110.45 90.47 88.53 113.64 113.86 36.62 37.8 16.4 14.87 21.02 21.95 30.07 30.27 88.46 88.84 16.16 18.03 28.64 30.46 44.72 45.12 54.04 52.5 64.12 64.03 3.16 
1.0 2.24 0.0 2.0 1.0 2.24 2.0 2.83 3.0 3.61 4.0 4.47 5.0 5.39 129.14 127.14 31.02 32.89 30.68 32.57 30.36 32.28 30.08 32.02 29.83 31.78 29.61 31.58 29.43 31.4 29.27 31.26 64.62 65.39 63.69 64.47 62.77 63.56 43.14 41.73 9.43 11.18 61.13 59.14 135.71 133.75 135.92 133.96 24.08 25.46 73.33 71.34 142.01 140.01 28.64 29.12 54.92 53.25 126.59 124.62 86.37 84.38 123.0 123.04 22.56 20.62 121.28 121.75 108.23 108.37 88.29 86.35 111.54 111.76 34.41 35.61 14.21 12.73 22.47 23.26 28.02 28.16 86.31 86.68 14.56 16.49 28.65 30.41 42.58 42.95 51.86 50.33 62.2 62.07 2.24 
2.24 1.0 2.0 0.0 2.24 1.0 2.83 2.0 3.61 3.0 4.47 4.0 5.39 5.0 131.14 129.14 31.78 33.62 31.38 33.24 31.02 32.89 30.68 32.57 30.36 32.28 30.08 32.02 29.83 31.78 29.61 31.58 66.48 67.23 65.55 66.31 64.62 65.39 44.6 43.14 8.54 10.44 63.13 61.13 137.67 135.71 137.87 135.92 22.8 24.08 75.33 73.33 144.01 142.01 30.59 31.05 56.6 54.92 128.57 126.59 88.36 86.37 125.0 125.04 24.52 22.56 123.22 123.69 110.22 110.37 90.24 88.29 113.53 113.75 36.06 37.2 15.81 14.21 20.62 21.47 30.02 30.15 88.28 88.65 15.23 17.09 27.73 29.55 44.55 44.91 53.41 51.86 64.2 64.07 3.61 
2.0 2.83 1.0 2.24 0.0 2.0 1.0 2.24 2.0 2.83 3.0 3.61 4.0 4.47 129.1 127.1 30.08 31.95 29.73 31.62 29.41 31.32 29.12 31.05 28.86 30.81 28.64 30.59 28.44 30.41 28.28 30.27 64.26 65.0 63.32 64.08 62.39 63.16 42.45 41.01 8.6 10.3 61.07 59.08 135.52 133.56 135.71 133.75 23.35 24.76 73.25 71.25 142.03 140.03 28.44 28.86 54.38 52.7 126.44 124.46 86.28 84.29 123.0 123.02 22.36 20.4 121.05 121.51 108.17 108.3 88.07 86.12 111.45 111.65 33.84 35.0 13.6 12.04 22.14 22.85 28.0 28.07 86.15 86.49 13.6 15.52 27.78 29.53 42.43 42.76 51.22 49.68 62.29 62.13 3.16 
2.83 2.0 2.24 1.0 2.0 0.0 2.24 1.0 2.83 2.0 3.61 3.0 4.47 4.0 131.1 129.1 30.87 32.7 30.46 32.31 30.08 31.95 29.73 31.62 29.41 31.32 29.12 31.05 28.86 30.81 28.64 30.59 66.13 66.85 65.19 65.92 64.26 65.0 43.93 42.45 7.62 9.49 63.07 61.07 137.48 135.52 137.67 135.71 22.02 23.35 75.24 73.25 144.03 142.03 30.41 30.81 56.08 54.38 128.41 126.44 88.28 86.28 125.0 125.02 24.33 22.36 123.0 123.45 110.16 110.29 90.03 88.07 113.44 113.64 35.51 36.62 15.26 13.6 20.25 21.02 30.0 30.07 88.12 88.46 14.32 16.16 26.83 28.64 44.41 44.72 52.8 51.22 64.28 64.12 4.24 
3.0 3.61 2.0 2.83 1.0 2.24 0.0 2.0 1.0 2.24 2.0 2.83 3.0 3.61 129.06 127.06 29.15 31.02 28.79 30.68 28.46 30.36 28.16 30.08 27.89 29.83 27.66 29.61 27.46 29.43 27.29 29.27 63.91 64.62 62.97 63.69 62.03 62.77 41.77 40.31 7.81 9.43 61.03 59.03 135.33 133.36 135.52 133.56 22.63 24.08 73.17 71.18 142.06 140.06 28.28 28.64 53.85 52.15 126.29 124.31 86.21 84.21 123.0 123.0 22.2 20.22 120.83 121.28 108.12 108.23 87.86 85.91 111.36 111.54 33.29 34.41 13.04 11.4 21.84 22.47 28.02 28.02 85.99 86.31 12.65 14.56 26.93 28.65 42.3 42.58 50.61 49.04 62.39 62.2 4.12 
3.61 3.0 2.83 2.0 2.24 1.0 2.0 0.0 2.24 1.0 2.83 2.0 3.61 3.0 131.06 129.06 29.97 31.78 29.55 31.38 29.15 31.02 28.79 30.68 28.46 30.36 28.16 30.08 27.89 29.83 27.66 29.61 65.79 66.48 64.85 65.55 63.91 64.62 43.28 41.77 6.71 8.54 63.03 61.03 137.3 135.33 137.48 135.52 21.26 22.63 75.17 73.17 144.06 142.06 30.27 30.59 55.57 53.85 128.27 126.29 88.2 86.21 125.0 125.0 24.19 22.2 122.78 123.22 110.11 110.22 89.82 87.86 113.36 113.53 34.99 36.06 14.76 13.04 19.92 20.62 30.02 30.02 87.97 88.28 13.42 15.23 25.94 27.73 44.28 44.55 52.2 50.61 64.38 64.2 5.0 
4.0 4.47 3.0 3.61 2.0 2.83 1.0 2.24 0.0 2.0 1.0 2.24 2.0 2.83 129.03 127.04 28.23 30.08 27.86 29.73 27.51 29.41 27.2 29.12 26.93 28.86 26.68 28.64 26.48 28.44 26.31 28.28 63.57 64.26 62.63 63.32 61.68 62.39 41.11 39.62 7.07 8.6 61.01 59.01 135.15 133.18 135.33 133.36 21.93 23.43 73.11 71.11 142.09 140.09 28.16 28.44 53.34 51.62 126.15 124.17 86.15 84.15 123.02 123.0 22.09 20.1 120.62 121.05 108.07 108.17 87.66 85.7 111.29 111.45 32.76 33.84 12.53 10.82 21.59 22.14 28.07 28.0 85.84 86.15 11.7 13.6 26.08 27.78 42.19 42.43 50.0 48.41 62.51 62.29 5.1 
4.47 4.0 3.61 3.0 2.83 2.0 2.24 1.0 2.0 0.0 2.24 1.0 2.83 2.0 131.03 129.03 29.07 30.87 28.64 30.46 28.23 30.08 27.86 29.73 27.51 29.41 27.2 29.12 26.93 28.86 26.68 28.64 65.46 66.13 64.51 65.19 63.57 64.26 42.64 41.11 5.83 7.62 63.01 61.01 137.12 135.15 137.3 135.33 20.52 21.93 75.11 73.11 144.09 142.09 30.15 30.41 55.07 53.34 128.13 126.15 88.14 86.15 125.02 125.0 24.08 22.09 122.58 123.0 110.07 110.16 89.63 87.66 113.28 113.44 34.48 35.51 14.32 12.53 19.65 20.25 30.07 30.0 87.82 88.12 12.53 14.32 25.06 26.83 44.18 44.41 51.61 50.0 64.5 64.28 5.83 
5.0 5.39 4.0 4.47 3.0 3.61 2.0 2.83 1.0 2.24 0.0 2.0 1.0 2.24 129.02 127.02 27.31 29.15 26.93 28.79 26.57 28.46 26.25 28.16 25.96 27.89 25.71 27.66 25.5 27.46 25.32 27.29 63.25 63.91 62.3 62.97 61.35 62.03 40.46 38.95 6.4 7.81 61.0 59.0 134.97 133.0 135.15 133.18 21.26 22.8 73.06 71.06 142.13 140.13 28.07 28.28 52.84 51.11 126.02 124.04 86.09 84.1 123.04 123.0 22.02 20.02 120.42 120.83 108.04 108.12 87.48 85.51 111.22 111.36 32.25 33.29 12.08 10.3 21.38 21.84 28.16 28.02 85.71 85.99 10.77 12.65 25.24 26.93 42.11 42.3 49.41 47.8 62.65 62.39 6.08 
5.39 5.0 4.47 4.0 3.61 3.0 2.83 2.0 2.24 1.0 2.0 0.0 2.24 1.0 131.02 129.02 28.18 29.97 27.73 29.55 27.31 29.15 26.93 28.79 26.57 28.46 26.25 28.16 25.96 27.89 25.71 27.66 65.15 65.79 64.2 64.85 63.25 63.91 42.01 40.46 5.0 6.71 63.0 61.0 136.95 134.97 137.12 135.15 19.8 21.26 75.06 73.06 144.12 142.13 30.07 30.27 54.59 52.84 128.0 126.02 88.09 86.09 125.04 125.0 24.02 22.02 122.38 122.78 110.04 110.11 89.44 87.48 113.22 113.36 34.0 34.99 13.93 12.08 19.42 19.92 30.15 30.02 87.69 87.97 11.66 13.42 24.19 25.94 44.1 44.28 51.04 49.41 64.63 64.38 6.71 
6.0 6.32 5.0 5.39 4.0 4.47 3.0 3.61 2.0 2.83 1.0 2.24 0.0 2.0 129.0 127.0 26.4 28.23 26.0 27.86 25.63 27.51 25.3 27.2 25.0 26.93 24.74 26.68 24.52 26.48 24.33 26.31 62.94 63.57 61.98 62.63 61.03 61.68 39.82 38.29 5.83 7.07 61.01 59.01 134.81 132.83 134.97 133.0 20.62 22.2 73.03 71.03 142.17 140.17 28.02 28.16 52.35 50.61 125.9 123.91 86.05 84.05 123.07 123.02 22.0 20.0 120.22 120.62 108.02 108.07 87.3 85.33 111.16 111.29 31.76 32.76 11.7 9.85 21.21 21.59 28.28 28.07 85.59 85.84 9.85 11.7 24.41 26.08 42.05 42.19 48.83 47.2 62.8 62.51 7.07 
6.32 6.0 5.39 5.0 4.47 4.0 3.61 3.0 2.83 2.0 2.24 1.0 2.0 0.0 131.0 129.0 27.29 29.07 26.83 28.64 26.4 28.23 26.0 27.86 25.63 27.51 25.3 27.2 25.0 26.93 24.74 26.68 64.85 65.46 63.89 64.51 62.94 63.57 41.4 39.82 4.24 5.83 63.01 61.01 136.78 134.81 136.95 134.97 19.1 20.62 75.03 73.03 144.17 142.17 30.02 30.15 54.12 52.35 127.88 125.9 88.05 86.05 125.06 125.02 24.0 22.0 122.18 122.58 110.02 110.07 89.27 87.3 113.16 113.28 33.54 34.48 13.6 11.7 19.24 19.65 30.27 30.07 87.57 87.82 10.82 12.53 23.32 25.06 44.05 44.18 50.48 48.83 64.78 64.5 7.62 
129.19 131.19 129.14 131.14 129.1 131.1 129.06 131.06 129.03 131.03 129.02 131.02 129.0 131.0 0.0 2.0 120.22 120.62 121.2 121.6 122.18 122.58 123.17 123.56 124.15 124.54 125.13 125.51 126.12 126.5 127.1 127.48 71.31 71.84 72.28 72.8 73.25 73.76 100.9 102.84 134.01 134.06 68.03 70.03 21.38 21.1 22.36 22.09 145.5 147.49 56.01 58.01 15.26 13.6 101.0 101.02 86.4 88.32 14.56 15.23 43.05 45.04 7.81 6.71 107.0 109.0 24.6 26.4 21.02 21.21 45.22 47.13 18.68 19.31 101.97 102.26 118.04 120.04 150.01 150.05 101.12 101.04 44.91 45.35 125.26 125.4 144.26 144.53 87.01 87.05 93.01 94.92 67.9 67.6 128.25 
127.19 129.19 127.14 129.14 127.1 129.1 127.06 129.06 127.04 129.03 127.02 129.02 127.0 129.0 2.0 0.0 118.26 118.66 119.24 119.64 120.22 120.62 121.2 121.6 122.18 122.58 123.17 123.56 124.15 124.54 125.13 125.51 69.38 69.92 70.34 70.88 71.31 71.84 98.95 100.9 132.02 132.06 66.03 68.03 21.84 21.38 22.8 22.36 143.5 145.5 54.01 56.01 17.0 15.26 99.0 99.02 84.48 86.4 14.14 14.56 41.05 43.05 6.4 5.0 105.0 107.0 23.77 25.63 19.03 19.24 43.32 45.22 16.76 17.46 99.98 100.28 116.04 118.04 148.01 148.05 99.13 99.05 42.95 43.42 123.26 123.41 142.27 142.56 85.01 85.05 91.09 93.01 65.92 65.62 126.25 
31.95 32.7 31.02 31.78 30.08 30.87 29.15 29.97 28.23 29.07 27.31 28.18 26.4 27.29 120.22 118.26 0.0 2.0 1.0 2.24 2.0 2.83 3.0 3.61 4.0 4.47 5.0 5.39 6.0 6.32 7.0 7.28 49.25 49.09 48.26 48.09 47.27 47.1 20.02 18.03 26.4 24.84 55.9 54.12 122.02 120.02 122.0 120.0 29.15 31.02 65.79 63.91 134.62 132.67 28.6 27.02 35.01 33.02 114.35 112.36 77.88 75.96 115.45 114.98 26.4 25.63 107.0 107.0 99.46 99.04 75.54 73.55 101.61 101.27 19.24 18.38 20.0 20.1 38.28 37.22 32.76 31.06 75.31 74.97 16.55 14.76 25.32 25.08 38.01 36.89 29.27 27.29 61.29 60.21 32.57 
33.84 34.54 32.89 33.62 31.95 32.7 31.02 31.78 30.08 30.87 29.15 29.97 28.23 29.07 120.62 118.66 2.0 0.0 2.24 1.0 2.83 2.0 3.61 3.0 4.47 4.0 5.39 5.0 6.32 6.0 7.28 7.0 49.5 49.25 48.51 48.26 47.52 47.27 20.02 18.03 28.02 26.4 56.82 55.07 122.07 120.07 122.04 120.04 29.97 31.78 66.48 64.62 135.09 133.15 30.23 28.6 35.01 33.02 114.53 112.54 78.45 76.54 115.95 115.45 28.23 27.51 107.04 107.0 99.92 99.46 75.8 73.82 101.98 101.61 20.25 19.24 22.0 22.09 39.41 38.28 34.48 32.76 75.71 75.31 18.38 16.55 25.71 25.32 39.2 38.01 29.07 27.07 62.43 61.29 34.48 
31.62 32.31 30.68 31.38 29.73 30.46 28.79 29.55 27.86 28.64 26.93 27.73 26.0 26.83 121.2 119.24 1.0 2.24 0.0 2.0 1.0 2.24 2.0 2.83 3.0 3.61 4.0 4.47 5.0 5.39 6.0 6.32 50.25 50.09 49.25 49.09 48.26 48.09 21.02 19.03 25.81 24.21 56.8 55.01 123.02 121.02 123.0 121.0 28.23 30.08 66.73 64.85 135.59 133.65 29.21 27.66 36.01 34.01 115.35 113.36 78.85 76.92 116.42 115.95 26.83 26.0 108.0 108.0 100.44 100.02 76.53 74.55 102.59 102.26 20.12 19.31 20.02 20.02 37.44 36.36 33.29 31.62 76.3 75.95 16.16 14.32 24.33 24.08 38.83 37.74 30.27 28.28 62.13 61.06 32.28 
33.53 34.18 32.57 33.24 31.62 32.31 30.68 31.38 29.73 30.46 28.79 29.55 27.86 28.64 121.6 119.64 2.24 1.0 2.0 0.0 2.24 1.0 2.83 2.0 3.61 3.0 4.47 4.0 5.39 5.0 6.32 6.0 50.49 50.25 49.5 49.25 48.51 48.26 21.02 19.03 27.46 25.81 57.71 55.95 123.07 121.07 123.04 121.04 29.07 30.87 67.42 65.55 136.06 134.12 30.81 29.21 36.01 34.01 115.52 113.53 79.4 77.49 116.91 116.42 28.64 27.86 108.04 108.0 100.9 100.44 76.79 74.81 102.96 102.59 21.1 20.12 22.02 22.02 38.6 37.44 34.99 33.29 76.69 76.3 18.03 16.16 24.74 24.33 40.0 38.83 30.07 28.07 63.25 62.13 34.21 
31.32 31.95 30.36 31.02 29.41 30.08 28.46 29.15 27.51 28.23 26.57 27.31 25.63 26.4 122.18 120.22 2.0 2.83 1.0 2.24 0.0 2.0 1.0 2.24 2.0 2.83 3.0 3.61 4.0 4.47 5.0 5.39 51.24 51.09 50.25 50.09 49.25 49.09 22.02 20.02 25.24 23.6 57.7 55.9 124.02 122.02 124.0 122.0 27.31 29.15 67.68 65.79 136.57 134.62 29.83 28.32 37.01 35.01 116.35 114.35 79.81 77.88 117.39 116.93 27.29 26.4 109.0 109.0 101.41 101.0 77.52 75.54 103.58 103.25 21.02 20.25 20.1 20.0 36.62 35.51 33.84 32.2 77.28 76.94 15.81 13.93 23.35 23.09 39.66 38.59 31.26 29.27 62.97 61.91 32.02 
33.24 33.84 32.28 32.89 31.32 31.95 30.36 31.02 29.41 30.08 28.46 29.15 27.51 28.23 122.58 120.62 2.83 2.0 2.24 1.0 2.0 0.0 2.24 1.0 2.83 2.0 3.61 3.0 4.47 4.0 5.39 5.0 51.48 51.24 50.49 50.25 49.5 49.25 22.02 20.02 26.93 25.24 58.59 56.82 124.06 122.07 124.04 122.04 28.18 29.97 68.35 66.48 137.03 135.09 31.4 29.83 37.01 35.01 116.52 114.53 80.36 78.45 117.88 117.39 29.07 28.23 109.04 109.0 101.87 101.41 77.78 75.8 103.94 103.58 21.95 21.02 22.09 22.0 37.8 36.62 35.51 33.84 77.67 77.28 17.72 15.81 23.77 23.35 40.8 39.66 31.06 29.07 64.07 62.97 33.96 
31.05 31.62 30.08 30.68 29.12 29.73 28.16 28.79 27.2 27.86 26.25 26.93 25.3 26.0 123.17 121.2 3.0 3.61 2.0 2.83 1.0 2.24 0.0 2.0 1.0 2.24 2.0 2.83 3.0 3.61 4.0 4.47 52.24 52.09 51.24 51.09 50.25 50.09 23.02 21.02 24.7 23.02 58.6 56.8 125.02 123.02 125.0 123.0 26.4 28.23 68.62 66.73 137.54 135.59 30.48 29.0 38.01 36.01 117.35 115.35 80.78 78.85 118.36 117.9 27.78 26.83 110.0 110.0 102.39 101.98 78.52 76.53 104.56 104.24 21.93 21.19 20.22 20.02 35.81 34.67 34.41 32.8 78.26 77.93 15.52 13.6 22.36 22.09 40.5 39.45 32.25 30.27 63.81 62.77 31.78 
32.98 33.53 32.02 32.57 31.05 31.62 30.08 30.68 29.12 29.73 28.16 28.79 27.2 27.86 123.56 121.6 3.61 3.0 2.83 2.0 2.24 1.0 2.0 0.0 2.24 1.0 2.83 2.0 3.61 3.0 4.47 4.0 52.47 52.24 51.48 51.24 50.49 50.25 23.02 21.02 26.42 24.7 59.48 57.71 125.06 123.07 125.04 123.04 27.29 29.07 69.29 67.42 138.0 136.06 32.02 30.48 38.01 36.01 117.52 115.52 81.32 79.4 118.85 118.36 29.53 28.64 110.04 110.0 102.84 102.39 78.77 76.79 104.92 104.56 22.83 21.93 22.2 22.02 37.01 35.81 36.06 34.41 78.64 78.26 17.46 15.52 22.8 22.36 41.62 40.5 32.06 30.07 64.9 63.81 33.73 
30.81 31.32 29.83 30.36 28.86 29.41 27.89 28.46 26.93 27.51 25.96 26.57 25.0 25.63 124.15 122.18 4.0 4.47 3.0 3.61 2.0 2.83 1.0 2.24 0.0 2.0 1.0 2.24 2.0 2.83 3.0 3.61 53.24 53.08 52.24 52.09 51.24 51.09 24.02 22.02 24.19 22.47 59.51 57.7 126.02 124.02 126.0 124.0 25.5 27.31 69.57 67.68 138.51 136.57 31.14 29.7 39.01 37.01 118.34 116.35 81.74 79.81 119.33 118.88 28.3 27.29 111.0 111.0 103.37 102.96 79.51 77.52 105.55 105.22 22.85 22.14 20.4 20.1 35.0 33.84 35.0 33.42 79.25 78.92 15.3 13.34 21.38 21.1 41.34 40.31 33.24 31.26 64.66 63.63 31.58 
32.76 33.24 31.78 32.28 30.81 31.32 29.83 30.36 28.86 29.41 27.89 28.46 26.93 27.51 124.54 122.58 4.47 4.0 3.61 3.0 2.83 2.0 2.24 1.0 2.0 0.0 2.24 1.0 2.83 2.0 3.61 3.0 53.46 53.24 52.47 52.24 51.48 51.24 24.02 22.02 25.94 24.19 60.37 58.59 126.06 124.06 126.04 124.04 26.42 28.18 70.23 68.35 138.97 137.03 32.65 31.14 39.01 37.01 118.51 116.52 82.28 80.36 119.82 119.33 30.02 29.07 111.04 111.0 103.81 103.37 79.76 77.78 105.91 105.55 23.71 22.85 22.36 22.09 36.24 35.0 36.62 35.0 79.62 79.25 17.26 15.3 21.84 21.38 42.44 41.34 33.06 31.06 65.73 64.66 33.54 
30.59 31.05 29.61 30.08 28.64 29.12 27.66 28.16 26.68 27.2 25.71 26.25 24.74 25.3 125.13 123.17 5.0 5.39 4.0 4.47 3.0 3.61 2.0 2.83 1.0 2.24 0.0 2.0 1.0 2.24 2.0 2.83 54.23 54.08 53.24 53.08 52.24 52.09 25.02 23.02 23.71 21.95 60.42 58.6 127.02 125.02 127.0 125.0 24.6 26.4 70.52 68.62 139.49 137.54 31.83 30.41 40.01 38.01 119.34 117.35 82.71 80.78 120.3 119.85 28.84 27.78 112.0 112.0 104.35 103.94 80.5 78.52 106.53 106.21 23.77 23.09 20.62 20.22 34.21 33.02 35.61 34.06 80.23 79.91 15.13 13.15 20.4 20.1 42.19 41.18 34.23 32.25 65.51 64.5 31.4 
32.56 32.98 31.58 32.02 30.59 31.05 29.61 30.08 28.64 29.12 27.66 28.16 26.68 27.2 125.51 123.56 5.39 5.0 4.47 4.0 3.61 3.0 2.83 2.0 2.24 1.0 2.0 0.0 2.24 1.0 2.83 2.0 54.45 54.23 53.46 53.24 52.47 52.24 25.02 23.02 25.5 23.71 61.27 59.48 127.06 125.06 127.04 125.04 25.55 27.29 71.17 69.29 139.95 138.0 33.3 31.83 40.01 38.01 119.51 117.52 83.24 81.32 120.78 120.3 30.53 29.53 112.04 112.0 104.79 104.35 80.75 78.77 106.89 106.53 24.6 23.77 22.56 22.2 35.47 34.21 37.2 35.61 80.6 80.23 17.12 15.13 20.88 20.4 43.27 42.19 34.06 32.06 66.57 65.51 33.38 
30.41 30.81 29.43 29.83 28.44 28.86 27.46 27.89 26.48 26.93 25.5 25.96 24.52 25.0 126.12 124.15 6.0 6.32 5.0 5.39 4.0 4.47 3.0 3.61 2.0 2.83 1.0 2.24 0.0 2.0 1.0 2.24 55.23 55.08 54.23 54.08 53.24 53.08 26.02 24.02 23.26 21.47 61.33 59.51 128.02 126.02 128.0 126.0 23.71 25.5 71.47 69.57 140.46 138.51 32.53 31.14 41.01 39.01 120.34 118.34 83.68 81.74 121.28 120.83 29.41 28.3 113.0 113.0 105.32 104.92 81.5 79.51 107.52 107.2 24.7 24.04 20.88 20.4 33.42 32.2 36.24 34.71 81.22 80.89 15.03 13.04 19.42 19.1 43.05 42.06 35.23 33.24 66.37 65.37 31.26 
32.39 32.76 31.4 31.78 30.41 30.81 29.43 29.83 28.44 28.86 27.46 27.89 26.48 26.93 126.5 124.54 6.32 6.0 5.39 5.0 4.47 4.0 3.61 3.0 2.83 2.0 2.24 1.0 2.0 0.0 2.24 1.0 55.44 55.23 54.45 54.23 53.46 53.24 26.02 24.02 25.08 23.26 62.17 60.37 128.06 126.06 128.04 126.04 24.7 26.42 72.11 70.23 140.92 138.97 33.97 32.53 41.01 39.01 120.5 118.51 84.2 82.28 121.75 121.28 31.06 30.02 113.04 113.0 105.76 105.32 81.74 79.76 107.87 107.52 25.5 24.7 22.8 22.36 34.71 33.42 37.8 36.24 81.58 81.22 17.03 15.03 19.92 19.42 44.1 43.05 35.06 33.06 67.42 66.37 33.24 
30.27 30.59 29.27 29.61 28.28 28.64 27.29 27.66 26.31 26.68 25.32 25.71 24.33 24.74 127.1 125.13 7.0 7.28 6.0 6.32 5.0 5.39 4.0 4.47 3.0 3.61 2.0 2.83 1.0 2.24 0.0 2.0 56.22 56.08 55.23 55.08 54.23 54.08 27.02 25.02 22.85 21.02 62.24 60.42 129.02 127.02 129.0 127.0 22.83 24.6 72.42 70.52 141.44 139.49 33.24 31.89 42.01 40.01 121.33 119.34 84.65 82.71 122.25 121.81 30.0 28.84 114.0 114.0 106.3 105.91 82.49 80.5 108.5 108.19 25.63 25.0 21.19 20.62 32.65 31.4 36.88 35.38 82.2 81.88 15.0 13.0 18.44 18.11 43.91 42.94 36.22 34.23 67.23 66.24 31.14 
32.25 32.56 31.26 31.58 30.27 30.59 29.27 29.61 28.28 28.64 27.29 27.66 26.31 26.68 127.48 125.51 7.28 7.0 6.32 6.0 5.39 5.0 4.47 4.0 3.61 3.0 2.83 2.0 2.24 1.0 2.0 0.0 56.44 56.22 55.44 55.23 54.45 54.23 27.02 25.02 24.7 22.85 63.07 61.27 129.06 127.06 129.03 127.04 23.85 25.55 73.05 71.17 141.89 139.95 34.66 33.24 42.01 40.01 121.5 119.51 85.16 83.24 122.72 122.25 31.62 30.53 114.04 114.0 106.73 106.3 82.73 80.75 108.85 108.5 26.4 25.63 23.09 22.56 33.97 32.65 38.42 36.88 82.57 82.2 17.0 15.0 18.97 18.44 44.94 43.91 36.06 34.06 68.26 67.23 33.14 
65.0 66.85 64.62 66.48 64.26 66.13 63.91 65.79 63.57 65.46 63.25 65.15 62.94 64.85 71.31 69.38 49.25 49.5 50.25 50.49 51.24 51.48 52.24 52.47 53.24 53.46 54.23 54.45 55.23 55.44 56.22 56.44 0.0 2.0 1.0 2.24 2.0 2.83 29.61 31.58 66.94 66.49 20.02 20.02 73.06 71.06 73.11 71.11 76.24 78.23 21.4 20.25 86.02 84.12 36.72 35.78 15.23 17.09 65.12 63.13 30.53 28.84 67.07 66.41 42.49 44.28 58.14 58.31 50.92 50.29 26.31 24.33 52.63 52.17 32.25 32.06 51.24 53.16 82.57 82.2 39.41 38.28 26.57 25.96 56.89 56.57 74.01 74.06 24.76 23.43 21.93 23.77 29.07 27.07 64.47 
65.8 67.62 65.39 67.23 65.0 66.85 64.62 66.48 64.26 66.13 63.91 65.79 63.57 65.46 71.84 69.92 49.09 49.25 50.09 50.25 51.09 51.24 52.09 52.24 53.08 53.24 54.08 54.23 55.08 55.23 56.08 56.22 2.0 0.0 2.24 1.0 2.83 2.0 29.27 31.26 67.45 66.94 22.02 22.02 73.01 71.01 73.03 71.03 76.42 78.41 23.02 21.95 86.65 84.76 37.74 36.72 14.56 16.49 65.28 63.29 31.62 30.0 67.78 67.07 43.42 45.18 58.03 58.14 51.62 50.92 26.68 24.74 53.16 52.63 32.56 32.25 51.87 53.76 82.98 82.57 40.61 39.41 27.31 26.57 57.27 56.89 74.01 74.01 26.17 24.76 21.19 23.09 31.06 29.07 65.31 
64.08 65.92 63.69 65.55 63.32 65.19 62.97 64.85 62.63 64.51 62.3 64.2 61.98 63.89 72.28 70.34 48.26 48.51 49.25 49.5 50.25 50.49 51.24 51.48 52.24 52.47 53.24 53.46 54.23 54.45 55.23 55.44 1.0 2.24 0.0 2.0 1.0 2.24 28.64 30.59 65.97 65.51 20.1 20.0 74.06 72.06 74.11 72.11 75.24 77.23 22.02 20.81 86.98 85.07 35.85 34.89 14.32 16.16 66.12 64.12 31.38 29.68 68.01 67.36 41.59 43.38 59.14 59.3 51.87 51.24 27.29 25.32 53.6 53.15 31.26 31.06 50.29 52.2 81.58 81.22 38.6 37.44 27.51 26.93 55.9 55.58 73.01 73.06 24.04 22.67 21.02 22.85 29.15 27.17 63.56 
64.88 66.71 64.47 66.31 64.08 65.92 63.69 65.55 63.32 65.19 62.97 64.85 62.63 64.51 72.8 70.88 48.09 48.26 49.09 49.25 50.09 50.25 51.09 51.24 52.09 52.24 53.08 53.24 54.08 54.23 55.08 55.23 2.24 1.0 2.0 0.0 2.24 1.0 28.28 30.27 66.48 65.97 22.09 22.0 74.01 72.01 74.03 72.03 75.43 77.41 23.6 22.47 87.6 85.7 36.89 35.85 13.6 15.52 66.27 64.28 32.45 30.81 68.71 68.01 42.54 44.29 59.03 59.14 52.55 51.87 27.66 25.71 54.12 53.6 31.58 31.26 50.92 52.81 82.0 81.58 39.82 38.6 28.23 27.51 56.29 55.9 73.01 73.01 25.5 24.04 20.25 22.14 31.14 29.15 64.4 
63.16 65.0 62.77 64.62 62.39 64.26 62.03 63.91 61.68 63.57 61.35 63.25 61.03 62.94 73.25 71.31 47.27 47.52 48.26 48.51 49.25 49.5 50.25 50.49 51.24 51.48 52.24 52.47 53.24 53.46 54.23 54.45 2.0 2.83 1.0 2.24 0.0 2.0 27.66 29.61 65.0 64.54 20.22 20.02 75.06 73.06 75.11 73.11 74.24 76.24 22.67 21.4 87.93 86.02 34.99 34.0 13.42 15.23 67.12 65.12 32.25 30.53 68.95 68.31 40.71 42.49 60.13 60.3 52.81 52.2 28.28 26.31 54.57 54.13 30.27 30.07 49.34 51.24 80.6 80.23 37.8 36.62 28.46 27.89 54.92 54.59 72.01 72.06 23.35 21.93 20.12 21.93 29.27 27.29 62.65 
63.98 65.8 63.56 65.39 63.16 65.0 62.77 64.62 62.39 64.26 62.03 63.91 61.68 63.57 73.76 71.84 47.1 47.27 48.09 48.26 49.09 49.25 50.09 50.25 51.09 51.24 52.09 52.24 53.08 53.24 54.08 54.23 2.83 2.0 2.24 1.0 2.0 0.0 27.29 29.27 65.52 65.0 22.2 22.02 75.01 73.01 75.03 73.03 74.43 76.42 24.21 23.02 88.54 86.65 36.06 34.99 12.65 14.56 67.27 65.28 33.29 31.62 69.64 68.95 41.68 43.42 60.03 60.13 53.49 52.81 28.64 26.68 55.08 54.57 30.59 30.27 49.98 51.87 81.02 80.6 39.05 37.8 29.15 28.46 55.32 54.92 72.01 72.01 24.84 23.35 19.31 21.19 31.26 29.27 63.51 
43.84 45.28 43.14 44.6 42.45 43.93 41.77 43.28 41.11 42.64 40.46 42.01 39.82 41.4 100.9 98.95 20.02 20.02 21.02 21.02 22.02 22.02 23.02 23.02 24.02 24.02 25.02 25.02 26.02 26.02 27.02 27.02 29.61 29.27 28.64 28.28 27.66 27.29 0.0 2.0 42.19 41.18 39.7 38.21 102.04 100.04 102.02 100.02 48.51 50.45 47.89 46.14 115.52 113.6 24.19 22.2 15.0 13.0 94.53 92.54 59.24 57.38 96.46 95.88 26.57 27.31 87.02 87.0 80.36 79.81 55.9 53.94 82.23 81.79 10.44 8.54 29.0 30.41 56.46 55.71 29.15 27.17 56.04 55.54 31.38 30.41 45.28 45.1 25.5 23.71 9.49 7.62 46.75 45.28 43.86 
42.45 43.84 41.73 43.14 41.01 42.45 40.31 41.77 39.62 41.11 38.95 40.46 38.29 39.82 102.84 100.9 18.03 18.03 19.03 19.03 20.02 20.02 21.02 21.02 22.02 22.02 23.02 23.02 24.02 24.02 25.02 25.02 31.58 31.26 30.59 30.27 29.61 29.27 2.0 0.0 40.5 39.45 41.23 39.7 104.04 102.04 104.02 102.02 46.57 48.51 49.65 47.89 117.44 115.52 24.02 22.02 17.0 15.0 96.52 94.53 61.1 59.24 98.37 97.8 25.96 26.57 89.02 89.0 82.28 81.74 57.87 55.9 84.17 83.74 10.05 8.06 27.66 29.0 54.63 53.85 29.02 27.02 57.97 57.49 29.68 28.65 43.29 43.1 26.42 24.7 11.4 9.49 48.1 46.67 42.52 
10.3 9.49 9.43 8.54 8.6 7.62 7.81 6.71 7.07 5.83 6.4 5.0 5.83 4.24 134.01 132.02 26.4 28.02 25.81 27.46 25.24 26.93 24.7 26.42 24.19 25.94 23.71 25.5 23.26 25.08 22.85 24.7 66.94 67.45 65.97 66.48 65.0 65.52 42.19 40.5 0.0 2.0 66.12 64.12 139.3 137.32 139.44 137.46 14.87 16.4 78.01 76.01 147.34 145.34 33.06 33.0 55.54 53.71 130.55 128.56 91.0 89.0 128.19 128.1 27.17 25.18 124.62 124.95 113.0 113.0 91.79 89.81 116.04 116.11 35.11 35.85 16.03 14.04 16.0 16.12 33.73 33.38 90.27 90.45 10.82 12.04 19.24 21.02 47.01 47.01 51.48 49.74 68.25 67.9 11.66 
12.08 11.4 11.18 10.44 10.3 9.49 9.43 8.54 8.6 7.62 7.81 6.71 7.07 5.83 134.06 132.06 24.84 26.4 24.21 25.81 23.6 25.24 23.02 24.7 22.47 24.19 21.95 23.71 21.47 23.26 21.02 22.85 66.49 66.94 65.51 65.97 64.54 65.0 41.18 39.45 2.0 0.0 66.27 64.28 139.04 137.06 139.17 137.19 13.6 15.26 78.06 76.06 147.49 145.5 33.24 33.06 54.78 52.92 130.38 128.39 91.02 89.02 128.32 128.19 27.46 25.5 124.31 124.62 113.04 113.0 91.55 89.56 116.0 116.04 34.48 35.11 16.03 14.04 16.12 16.0 34.21 33.73 90.14 90.27 9.85 10.82 17.49 19.24 47.1 47.01 50.54 48.76 68.66 68.25 13.42 
61.2 63.2 61.13 63.13 61.07 63.07 61.03 63.03 61.01 63.01 61.0 63.0 61.01 63.01 68.03 66.03 55.9 56.82 56.8 57.71 57.7 58.59 58.6 59.48 59.51 60.37 60.42 61.27 61.33 62.17 62.24 63.07 20.02 22.02 20.1 22.09 20.22 22.2 39.7 41.23 66.12 66.27 0.0 2.0 75.58 73.68 75.89 74.0 78.26 80.23 12.37 10.44 81.22 79.23 33.06 33.24 30.02 31.06 65.97 64.03 25.32 23.35 62.07 62.01 39.01 41.01 61.85 62.65 47.1 47.27 29.68 28.02 50.49 50.8 36.67 37.59 50.25 52.24 82.1 82.22 33.14 33.02 26.4 27.29 57.87 58.25 77.88 78.45 19.24 19.65 35.81 37.01 9.06 7.07 60.3 
59.21 61.2 59.14 61.13 59.08 61.07 59.03 61.03 59.01 61.01 59.0 61.0 59.01 61.01 70.03 68.03 54.12 55.07 55.01 55.95 55.9 56.82 56.8 57.71 57.7 58.59 58.6 59.48 59.51 60.37 60.42 61.27 20.02 22.02 20.0 22.0 20.02 22.02 38.21 39.7 64.12 64.28 2.0 0.0 77.49 75.58 77.79 75.89 76.3 78.26 14.32 12.37 83.22 81.22 31.06 31.26 29.07 30.02 67.91 65.97 27.29 25.32 64.07 64.01 37.01 39.01 63.69 64.47 49.09 49.25 31.38 29.68 52.47 52.77 34.89 35.85 48.26 50.25 80.1 80.22 31.14 31.02 28.23 29.07 55.9 56.29 75.96 76.54 17.26 17.72 34.67 35.81 9.49 7.62 58.31 
135.92 137.87 135.71 137.67 135.52 137.48 135.33 137.3 135.15 137.12 134.97 136.95 134.81 136.78 21.38 21.84 122.02 122.07 123.02 123.07 124.02 124.06 125.02 125.06 126.02 126.06 127.02 127.06 128.02 128.06 129.02 129.06 73.06 73.01 74.06 74.01 75.06 75.01 102.04 104.04 139.3 139.04 75.58 77.49 0.0 2.0 1.0 2.24 149.27 151.27 63.25 65.15 30.36 29.83 107.08 106.71 87.05 89.05 10.63 12.21 50.7 52.55 27.86 26.0 113.16 115.12 15.03 15.3 32.02 30.81 47.52 49.5 27.2 26.08 105.23 105.12 123.32 125.3 155.17 154.94 108.17 107.71 49.48 49.03 129.65 129.47 147.01 147.0 93.17 92.76 93.19 95.19 77.88 77.08 135.15 
133.96 135.92 133.75 135.71 133.56 135.52 133.36 135.33 133.18 135.15 133.0 134.97 132.83 134.81 21.1 21.38 120.02 120.07 121.02 121.07 122.02 122.07 123.02 123.07 124.02 124.06 125.02 125.06 126.02 126.06 127.02 127.06 71.06 71.01 72.06 72.01 73.06 73.01 100.04 102.04 137.32 137.06 73.68 75.58 2.0 0.0 2.24 1.0 147.28 149.27 61.35 63.25 31.02 30.36 105.12 104.74 85.05 87.05 9.22 10.63 48.85 50.7 27.2 25.3 111.2 113.16 13.04 13.34 30.48 29.21 45.54 47.52 25.61 24.41 103.24 103.12 121.34 123.32 153.18 152.95 106.23 105.76 47.54 47.07 127.66 127.48 145.01 145.0 91.22 90.8 91.2 93.19 76.06 75.24 133.2 
136.12 138.08 135.92 137.87 135.71 137.67 135.52 137.48 135.33 137.3 135.15 137.12 134.97 136.95 22.36 22.8 122.0 122.04 123.0 123.04 124.0 124.04 125.0 125.04 126.0 126.04 127.0 127.04 128.0 128.04 129.0 129.03 73.11 73.03 74.11 74.03 75.11 75.03 102.02 104.02 139.44 139.17 75.89 77.79 1.0 2.24 0.0 2.0 149.34 151.33 63.57 65.46 31.32 30.81 107.28 106.89 87.02 89.02 11.31 12.81 51.08 52.92 28.79 26.93 113.36 115.32 15.0 15.13 32.65 31.4 47.68 49.65 27.8 26.63 105.3 105.17 123.47 125.45 155.29 155.05 108.42 107.94 49.73 49.24 129.76 129.56 147.03 147.0 93.39 92.96 93.13 95.13 78.29 77.47 135.37 
134.17 136.12 133.96 135.92 133.75 135.71 133.56 135.52 133.36 135.33 133.18 135.15 133.0 134.97 22.09 22.36 120.0 120.04 121.0 121.04 122.0 122.04 123.0 123.04 124.0 124.04 125.0 125.04 126.0 126.04 127.0 127.04 71.11 71.03 72.11 72.03 73.11 73.03 100.02 102.02 137.46 137.19 74.0 75.89 2.24 1.0 2.0 0.0 147.34 149.34 61.68 63.57 31.95 31.32 105.32 104.92 85.02 87.02 10.0 11.31 49.24 51.08 28.16 26.25 111.4 113.36 13.0 13.15 31.14 29.83 45.71 47.68 26.25 25.0 103.31 103.17 121.49 123.47 153.31 153.06 106.48 105.99 47.8 47.3 127.77 127.57 145.03 145.0 91.44 91.01 91.14 93.13 76.49 75.64 133.42 
24.84 23.6 24.08 22.8 23.35 22.02 22.63 21.26 21.93 20.52 21.26 19.8 20.62 19.1 145.5 143.5 29.15 29.97 28.23 29.07 27.31 28.18 26.4 27.29 25.5 26.42 24.6 25.55 23.71 24.7 22.83 23.85 76.24 76.42 75.24 75.43 74.24 74.43 48.51 46.57 14.87 13.6 78.26 76.3 149.27 147.28 149.34 147.34 0.0 2.0 89.68 87.69 159.26 157.28 45.61 45.12 63.15 61.19 141.01 139.01 102.49 100.5 140.04 139.81 40.16 38.28 134.37 134.54 124.49 124.33 102.02 100.02 127.19 127.1 44.05 44.18 28.46 26.57 11.18 9.43 47.17 46.49 101.04 101.0 20.4 20.1 7.28 9.22 59.03 58.69 57.97 56.04 81.32 80.78 26.25 
26.17 24.84 25.46 24.08 24.76 23.35 24.08 22.63 23.43 21.93 22.8 21.26 22.2 20.62 147.49 145.5 31.02 31.78 30.08 30.87 29.15 29.97 28.23 29.07 27.31 28.18 26.4 27.29 25.5 26.42 24.6 25.55 78.23 78.41 77.23 77.41 76.24 76.42 50.45 48.51 16.4 15.26 80.23 78.26 151.27 149.27 151.33 149.34 2.0 0.0 91.66 89.68 161.25 159.26 47.54 47.07 65.12 63.15 143.01 141.01 104.48 102.49 142.02 141.8 42.06 40.16 136.37 136.53 126.48 126.32 104.02 102.02 129.19 129.1 46.04 46.17 30.36 28.46 10.44 8.54 49.04 48.38 103.04 103.0 22.36 22.09 8.06 9.85 61.0 60.67 59.91 57.97 83.24 82.71 27.59 
73.44 75.43 73.33 75.33 73.25 75.24 73.17 75.17 73.11 75.11 73.06 75.06 73.03 75.03 56.01 54.01 65.79 66.48 66.73 67.42 67.68 68.35 68.62 69.29 69.57 70.23 70.52 71.17 71.47 72.11 72.42 73.05 21.4 23.02 22.02 23.6 22.67 24.21 47.89 49.65 78.01 78.06 12.37 14.32 63.25 61.35 63.57 61.68 89.68 91.66 0.0 2.0 69.58 67.6 45.01 45.01 35.47 37.01 53.6 51.66 13.04 11.05 50.36 50.16 51.04 53.04 49.66 50.54 35.0 35.06 18.38 17.03 38.21 38.47 46.84 47.43 62.03 64.03 94.01 94.05 45.4 45.18 14.42 15.62 69.35 69.58 88.84 89.27 31.0 31.06 42.01 43.6 16.28 14.87 72.56 
71.45 73.44 71.34 73.33 71.25 73.25 71.18 73.17 71.11 73.11 71.06 73.06 71.03 73.03 58.01 56.01 63.91 64.62 64.85 65.55 65.79 66.48 66.73 67.42 67.68 68.35 68.62 69.29 69.57 70.23 70.52 71.17 20.25 21.95 20.81 22.47 21.4 23.02 46.14 47.89 76.01 76.06 10.44 12.37 65.15 63.25 65.46 63.57 87.69 89.68 2.0 0.0 71.57 69.58 43.01 43.01 33.97 35.47 55.54 53.6 15.03 13.04 52.35 52.15 49.04 51.04 51.48 52.33 37.0 37.05 19.85 18.38 40.2 40.45 44.92 45.54 60.03 62.03 92.01 92.05 43.42 43.19 16.12 17.2 67.36 67.6 86.88 87.32 29.0 29.07 40.46 42.01 15.0 13.45 70.58 
142.0 144.0 142.01 144.01 142.03 144.03 142.06 144.06 142.09 144.09 142.13 144.12 142.17 144.17 15.26 17.0 134.62 135.09 135.59 136.06 136.57 137.03 137.54 138.0 138.51 138.97 139.49 139.95 140.46 140.92 141.44 141.89 86.02 86.65 86.98 87.6 87.93 88.54 115.52 117.44 147.34 147.49 81.22 83.22 30.36 31.02 31.32 31.95 159.26 161.25 69.58 71.57 0.0 2.0 114.28 114.44 101.19 103.09 27.8 29.07 56.89 58.86 19.24 19.65 120.2 122.2 38.42 40.0 35.17 35.74 60.17 62.03 33.62 34.44 116.1 116.5 131.46 133.45 163.31 163.44 114.04 114.11 59.48 60.08 138.92 139.17 158.32 158.67 100.4 100.6 107.84 109.73 80.06 80.01 141.0 
140.0 142.0 140.01 142.01 140.03 142.03 140.06 142.06 140.09 142.09 140.13 142.13 140.17 142.17 13.6 15.26 132.67 133.15 133.65 134.12 134.62 135.09 135.59 136.06 136.57 137.03 137.54 138.0 138.51 138.97 139.49 139.95 84.12 84.76 85.07 85.7 86.02 86.65 113.6 115.52 145.34 145.5 79.23 81.22 29.83 30.36 30.81 31.32 157.28 159.26 67.6 69.58 2.0 0.0 112.29 112.45 99.3 101.19 26.63 27.8 54.92 56.89 17.26 17.72 118.21 120.2 37.2 38.83 33.24 33.84 58.31 60.17 31.78 32.65 114.14 114.54 129.47 131.46 161.31 161.45 112.04 112.11 57.57 58.19 136.94 137.19 156.35 156.71 98.41 98.62 105.95 107.84 78.06 78.01 139.0 
28.86 30.81 28.64 30.59 28.44 30.41 28.28 30.27 28.16 30.15 28.07 30.07 28.02 30.02 101.0 99.0 28.6 30.23 29.21 30.81 29.83 31.4 30.48 32.02 31.14 32.65 31.83 33.3 32.53 33.97 33.24 34.66 36.72 37.74 35.85 36.89 34.99 36.06 24.19 24.02 33.06 33.24 33.06 31.06 107.08 105.12 107.28 105.32 45.61 47.54 45.01 43.01 114.28 112.29 0.0 2.0 30.0 28.84 98.01 96.03 58.03 56.04 95.13 95.05 6.08 8.06 92.65 93.15 80.01 80.06 59.67 57.72 83.15 83.29 14.0 16.0 17.26 19.24 49.04 49.16 5.0 3.0 57.71 58.05 25.3 26.0 46.1 46.96 14.04 14.32 29.55 28.79 35.74 35.17 28.16 
29.41 31.32 29.12 31.05 28.86 30.81 28.64 30.59 28.44 30.41 28.28 30.27 28.16 30.15 101.02 99.02 27.02 28.6 27.66 29.21 28.32 29.83 29.0 30.48 29.7 31.14 30.41 31.83 31.14 32.53 31.89 33.24 35.78 36.72 34.89 35.85 34.0 34.99 22.2 22.02 33.0 33.06 33.24 31.26 106.71 104.74 106.89 104.92 45.12 47.07 45.01 43.01 114.44 112.45 2.0 0.0 28.43 27.2 97.74 95.75 58.0 56.0 95.26 95.13 6.71 8.54 92.2 92.65 80.01 80.01 59.23 57.27 83.05 83.15 12.0 14.0 17.03 19.03 49.0 49.04 7.0 5.0 57.43 57.71 24.74 25.3 45.31 46.1 14.04 14.04 27.73 26.93 36.4 35.74 28.79 
55.47 57.14 54.92 56.6 54.38 56.08 53.85 55.57 53.34 55.07 52.84 54.59 52.35 54.12 86.4 84.48 35.01 35.01 36.01 36.01 37.01 37.01 38.01 38.01 39.01 39.01 40.01 40.01 41.01 41.01 42.01 42.01 15.23 14.56 14.32 13.6 13.42 12.65 15.0 17.0 55.54 54.78 30.02 29.07 87.05 85.05 87.02 85.02 63.15 65.12 35.47 33.97 101.19 99.3 30.0 28.43 0.0 2.0 79.63 77.65 45.65 43.91 82.28 81.6 34.66 36.07 72.03 72.0 66.13 65.46 41.23 39.29 67.72 67.19 20.59 19.7 40.82 42.54 70.52 69.92 34.13 32.45 41.79 41.11 44.94 44.27 60.21 60.07 23.35 21.38 6.71 8.54 38.48 36.67 55.22 
53.82 55.47 53.25 54.92 52.7 54.38 52.15 53.85 51.62 53.34 51.11 52.84 50.61 52.35 88.32 86.4 33.02 33.02 34.01 34.01 35.01 35.01 36.01 36.01 37.01 37.01 38.01 38.01 39.01 39.01 40.01 40.01 17.09 16.49 16.16 15.52 15.23 14.56 13.0 15.0 53.71 52.92 31.06 30.02 89.05 87.05 89.02 87.02 61.19 63.15 37.01 35.47 103.09 101.19 28.84 27.2 2.0 0.0 81.61 79.63 47.41 45.65 84.15 83.49 33.3 34.66 74.03 74.0 68.01 67.36 43.17 41.23 69.64 69.12 18.87 17.89 39.12 40.82 68.62 68.01 33.12 31.38 43.66 43.01 43.08 42.38 58.22 58.08 23.09 21.1 5.0 6.71 39.36 37.59 53.6 
126.75 128.72 126.59 128.57 126.44 128.41 126.29 128.27 126.15 128.13 126.02 128.0 125.9 127.88 14.56 14.14 114.35 114.53 115.35 115.52 116.35 116.52 117.35 117.52 118.34 118.51 119.34 119.51 120.34 120.5 121.33 121.5 65.12 65.28 66.12 66.27 67.12 67.27 94.53 96.52 130.55 130.38 65.97 67.91 10.63 9.22 11.31 10.0 141.01 143.01 53.6 55.54 27.8 26.63 98.01 97.74 79.63 81.61 0.0 2.0 40.8 42.72 19.1 17.12 104.09 106.07 10.63 12.21 21.4 20.25 39.0 41.0 16.64 15.65 97.0 97.02 114.53 116.52 146.49 146.34 98.84 98.48 40.31 40.11 121.15 121.07 139.09 139.18 84.01 83.73 85.99 87.97 67.78 67.07 125.94 
124.78 126.75 124.62 126.59 124.46 126.44 124.31 126.29 124.17 126.15 124.04 126.02 123.91 125.9 15.23 14.56 112.36 112.54 113.36 113.53 114.35 114.53 115.35 115.52 116.35 116.52 117.35 117.52 118.34 118.51 119.34 119.51 63.13 63.29 64.12 64.28 65.12 65.28 92.54 94.53 128.56 128.39 64.03 65.97 12.21 10.63 12.81 11.31 139.01 141.01 51.66 53.6 29.07 27.8 96.03 95.75 77.65 79.63 2.0 0.0 38.9 40.8 19.0 17.0 102.11 104.09 9.43 11.18 19.85 18.6 37.0 39.0 15.0 13.89 95.0 95.02 112.54 114.53 144.5 144.35 96.88 96.51 38.33 38.12 119.15 119.07 137.09 137.18 82.04 81.74 84.01 85.99 65.92 65.19 123.97 
86.47 88.46 86.37 88.36 86.28 88.28 86.21 88.2 86.15 88.14 86.09 88.09 86.05 88.05 43.05 41.05 77.88 78.45 78.85 79.4 79.81 80.36 80.78 81.32 81.74 82.28 82.71 83.24 83.68 84.2 84.65 85.16 30.53 31.62 31.38 32.45 32.25 33.29 59.24 61.1 91.0 91.02 25.32 27.29 50.7 48.85 51.08 49.24 102.49 104.48 13.04 15.03 56.89 54.92 58.03 58.0 45.65 47.41 40.8 38.9 0.0 2.0 37.66 37.34 64.07 66.07 37.74 38.83 22.02 22.02 12.0 12.17 25.18 25.5 59.23 59.67 75.01 77.01 107.0 107.02 58.42 58.22 7.07 9.06 82.22 82.39 101.43 101.79 44.01 44.01 52.35 54.12 27.29 26.4 85.59 
84.48 86.47 84.38 86.37 84.29 86.28 84.21 86.21 84.15 86.15 84.1 86.09 84.05 86.05 45.04 43.05 75.96 76.54 76.92 77.49 77.88 78.45 78.85 79.4 79.81 80.36 80.78 81.32 81.74 82.28 82.71 83.24 28.84 30.0 29.68 30.81 30.53 31.62 57.38 59.24 89.0 89.02 23.35 25.32 52.55 50.7 52.92 51.08 100.5 102.49 11.05 13.04 58.86 56.89 56.04 56.0 43.91 45.65 42.72 40.8 2.0 0.0 39.62 39.32 62.07 64.07 39.45 40.5 24.02 24.02 12.17 12.0 27.17 27.46 57.27 57.72 73.01 75.01 105.0 105.02 56.44 56.22 7.07 9.06 80.22 80.4 99.46 99.82 42.01 42.01 50.61 52.35 25.55 24.6 83.6 
123.02 125.02 123.0 125.0 123.0 125.0 123.0 125.0 123.02 125.02 123.04 125.04 123.07 125.06 7.81 6.4 115.45 115.95 116.42 116.91 117.39 117.88 118.36 118.85 119.33 119.82 120.3 120.78 121.28 121.75 122.25 122.72 67.07 67.78 68.01 68.71 68.95 69.64 96.46 98.37 128.19 128.32 62.07 64.07 27.86 27.2 28.79 28.16 140.04 142.02 50.36 52.35 19.24 17.26 95.13 95.26 82.28 84.15 19.1 19.0 37.66 39.62 0.0 2.0 101.08 103.08 27.46 29.43 16.16 17.0 41.59 43.38 15.62 16.97 96.88 97.29 112.29 114.28 144.17 144.28 95.0 95.02 40.5 41.23 119.71 119.94 139.09 139.45 81.22 81.39 88.96 90.82 61.29 61.13 122.04 
123.07 125.06 123.04 125.04 123.02 125.02 123.0 125.0 123.0 125.0 123.0 125.0 123.02 125.02 6.71 5.0 114.98 115.45 115.95 116.42 116.93 117.39 117.9 118.36 118.88 119.33 119.85 120.3 120.83 121.28 121.81 122.25 66.41 67.07 67.36 68.01 68.31 68.95 95.88 97.8 128.1 128.19 62.01 64.01 26.0 25.3 26.93 26.25 139.81 141.8 50.16 52.15 19.65 17.72 95.05 95.13 81.6 83.49 17.12 17.0 37.34 39.32 2.0 0.0 101.02 103.02 25.5 27.46 15.52 16.16 40.72 42.54 14.42 15.62 96.51 96.88 112.16 114.16 144.09 144.17 95.02 95.0 39.85 40.5 119.51 119.71 138.76 139.09 81.1 81.22 88.26 90.14 61.52 61.29 122.1 
22.8 24.74 22.56 24.52 22.36 24.33 22.2 24.19 22.09 24.08 22.02 24.02 22.0 24.0 107.0 105.0 26.4 28.23 26.83 28.64 27.29 29.07 27.78 29.53 28.3 30.02 28.84 30.53 29.41 31.06 30.0 31.62 42.49 43.42 41.59 42.54 40.71 41.68 26.57 25.96 27.17 27.46 39.01 37.01 113.16 111.2 113.36 111.4 40.16 42.06 51.04 49.04 120.2 118.21 6.08 6.71 34.66 33.3 104.09 102.11 64.07 62.07 101.08 101.02 0.0 2.0 98.72 99.2 86.02 86.09 65.73 63.79 89.2 89.36 16.16 18.03 11.7 13.6 43.1 43.29 7.21 6.32 63.79 64.13 20.12 21.1 41.18 42.19 20.1 20.4 33.29 32.25 41.23 40.79 22.14 
20.88 22.8 20.62 22.56 20.4 22.36 20.22 22.2 20.1 22.09 20.02 22.02 20.0 22.0 109.0 107.0 25.63 27.51 26.0 27.86 26.4 28.23 26.83 28.64 27.29 29.07 27.78 29.53 28.3 30.02 28.84 30.53 44.28 45.18 43.38 44.29 42.49 43.42 27.31 26.57 25.18 25.5 41.01 39.01 115.12 113.16 115.32 113.36 38.28 40.16 53.04 51.04 122.2 120.2 8.06 8.54 36.07 34.66 106.07 104.09 66.07 64.07 103.08 103.02 2.0 0.0 100.66 101.14 88.02 88.09 67.68 65.73 91.2 91.35 17.0 18.79 9.85 11.7 41.11 41.3 8.94 8.25 65.76 66.1 18.36 19.42 39.45 40.5 22.09 22.36 34.41 33.29 43.17 42.76 20.25 
121.51 123.45 121.28 123.22 121.05 123.0 120.83 122.78 120.62 122.58 120.42 122.38 120.22 122.18 24.6 23.77 107.0 107.04 108.0 108.04 109.0 109.04 110.0 110.04 111.0 111.04 112.0 112.04 113.0 113.04 114.0 114.04 58.14 58.03 59.14 59.03 60.13 60.03 87.02 89.02 124.62 124.31 61.85 63.69 15.03 13.04 15.0 13.0 134.37 136.37 49.66 51.48 38.42 37.2 92.65 92.2 72.03 74.03 10.63 9.43 37.74 39.45 27.46 25.5 98.72 100.66 0.0 2.0 23.26 21.47 32.98 34.93 18.38 16.55 90.35 90.2 108.67 110.64 140.43 140.16 93.96 93.41 35.47 34.79 114.86 114.63 132.03 132.0 78.85 78.34 78.16 80.16 65.0 64.01 120.78 
122.0 123.94 121.75 123.69 121.51 123.45 121.28 123.22 121.05 123.0 120.83 122.78 120.62 122.58 26.4 25.63 107.0 107.0 108.0 108.0 109.0 109.0 110.0 110.0 111.0 111.0 112.0 112.0 113.0 113.0 114.0 114.0 58.31 58.14 59.3 59.14 60.3 60.13 87.0 89.0 124.95 124.62 62.65 64.47 15.3 13.34 15.13 13.15 134.54 136.53 50.54 52.33 40.0 38.83 93.15 92.65 72.0 74.0 12.21 11.18 38.83 40.5 29.43 27.46 99.2 101.14 2.0 0.0 25.08 23.26 33.53 35.44 20.25 18.38 90.55 90.35 109.04 111.0 140.73 140.43 94.56 93.96 36.25 35.47 115.12 114.86 132.09 132.03 79.4 78.85 78.06 80.06 66.04 65.0 121.3 
108.3 110.29 108.23 110.22 108.17 110.16 108.12 110.11 108.07 110.07 108.04 110.04 108.02 110.02 21.02 19.03 99.46 99.92 100.44 100.9 101.41 101.87 102.39 102.84 103.37 103.81 104.35 104.79 105.32 105.76 106.3 106.73 50.92 51.62 51.87 52.55 52.81 53.49 80.36 82.28 113.0 113.04 47.1 49.09 32.02 30.48 32.65 31.14 124.49 126.48 35.0 37.0 35.17 33.24 80.01 80.01 66.13 68.01 21.4 19.85 22.02 24.02 16.16 15.52 86.02 88.02 23.26 25.08 0.0 2.0 25.55 27.29 5.0 6.71 81.05 81.39 97.02 99.02 129.0 129.03 80.22 80.1 24.35 25.08 104.24 104.39 123.32 123.63 66.0 66.03 72.8 74.67 47.54 47.07 107.38 
108.46 110.45 108.37 110.37 108.3 110.29 108.23 110.22 108.17 110.16 108.12 110.11 108.07 110.07 21.21 19.24 99.04 99.46 100.02 100.44 101.0 101.41 101.98 102.39 102.96 103.37 103.94 104.35 104.92 105.32 105.91 106.3 50.29 50.92 51.24 51.87 52.2 52.81 79.81 81.74 113.0 113.0 47.27 49.25 30.81 29.21 31.4 29.83 124.33 126.32 35.06 37.05 35.74 33.84 80.06 80.01 65.46 67.36 20.25 18.6 22.02 24.02 17.0 16.16 86.09 88.09 21.47 23.26 2.0 0.0 24.6 26.4 3.61 5.0 80.75 81.05 97.0 99.0 129.0 129.0 80.4 80.22 23.77 24.35 104.12 104.24 123.04 123.32 66.03 66.0 72.11 74.0 48.08 47.54 107.56 
