85
0.0 2.0 1.0 2.24 2.0 2.83 3.0 3.61 4.0 4.47 5.0 5.39 113.11 113.22 114.11 114.21 115.11 115.21 116.11 116.21 117.11 117.21 118.11 118.21 119.1 119.21 120.1 120.2 88.01 89.2 87.2 88.41 95.52 97.51 95.43 97.42 95.34 97.33 95.26 97.25 95.19 97.19 95.13 97.13 95.08 97.08 54.08 52.09 54.15 52.15 91.2 89.2 96.33 96.19 30.08 30.68 29.41 31.06 34.67 36.36 25.71 26.25 59.09 60.93 107.2 105.6 86.15 84.15 36.5 36.88 132.64 134.63 54.45 53.08 22.8 21.26 85.0 83.24 88.53 87.21 84.93 85.38 128.1 130.1 110.02 
2.0 0.0 2.24 1.0 2.83 2.0 3.61 3.0 4.47 4.0 5.39 5.0 113.04 113.11 114.04 114.11 115.04 115.11 116.04 116.11 117.04 117.11 118.04 118.11 119.04 119.1 120.04 120.1 89.63 90.8 88.81 90.0 95.75 97.74 95.63 97.62 95.52 97.51 95.43 97.42 95.34 97.33 95.26 97.25 95.19 97.19 56.08 54.08 56.14 54.15 93.19 91.2 98.33 98.18 29.61 30.08 30.61 32.2 33.02 34.67 25.32 25.71 59.93 61.74 108.81 107.2 88.14 86.15 36.22 36.5 132.46 134.45 55.87 54.45 24.41 22.8 86.77 85.0 89.87 88.53 86.88 87.32 128.19 130.19 110.0 
1.0 2.24 0.0 2.0 1.0 2.24 2.0 2.83 3.0 3.61 4.0 4.47 112.11 112.22 113.11 113.22 114.11 114.21 115.11 115.21 116.11 116.21 117.11 117.21 118.11 118.21 119.1 119.21 87.42 88.6 86.61 87.8 94.53 96.52 94.43 96.42 94.34 96.33 94.26 96.25 94.19 96.19 94.13 96.13 94.09 96.08 54.04 52.04 54.08 52.09 91.14 89.14 96.42 96.25 31.05 31.62 28.6 30.23 34.13 35.85 26.68 27.2 58.18 60.01 106.61 105.0 86.09 84.1 35.51 35.9 131.64 133.63 53.74 52.35 23.43 21.93 84.53 82.76 87.78 86.45 84.72 85.15 127.1 129.1 109.02 
2.24 1.0 2.0 0.0 2.24 1.0 2.83 2.0 3.61 3.0 4.47 4.0 112.04 112.11 113.04 113.11 114.04 114.11 115.04 115.11 116.04 116.11 117.04 117.11 118.04 118.11 119.04 119.1 89.05 90.21 88.23 89.4 94.76 96.75 94.64 96.63 94.53 96.52 94.43 96.42 94.34 96.33 94.26 96.25 94.19 96.19 56.04 54.04 56.08 54.08 93.13 91.14 98.41 98.25 30.59 31.05 29.83 31.4 32.45 34.13 26.31 26.68 59.03 60.84 108.23 106.61 88.09 86.09 35.23 35.51 131.46 133.45 55.17 53.74 25.0 23.43 86.31 84.53 89.14 87.78 86.68 87.1 127.19 129.19 109.0 
2.0 2.83 1.0 2.24 0.0 2.0 1.0 2.24 2.0 2.83 3.0 3.61 111.11 111.22 112.11 112.22 113.11 113.22 114.11 114.21 115.11 115.21 116.11 116.21 117.11 117.21 118.11 118.21 86.84 88.01 86.02 87.2 93.54 95.52 93.43 95.43 93.34 95.34 93.26 95.26 93.19 95.19 93.13 95.13 93.09 95.08 54.01 52.01 54.04 52.04 91.09 89.09 96.52 96.33 32.02 32.57 27.8 29.41 33.62 35.36 27.66 28.16 57.27 59.09 106.02 104.4 86.05 84.05 34.53 34.93 130.65 132.64 53.04 51.62 24.08 22.63 84.08 82.3 87.05 85.7 84.53 84.93 126.1 128.1 108.02 
2.83 2.0 2.24 1.0 2.0 0.0 2.24 1.0 2.83 2.0 3.61 3.0 111.04 111.11 112.04 112.11 113.04 113.11 114.04 114.11 115.04 115.11 116.04 116.11 117.04 117.11 118.04 118.11 88.48 89.63 87.66 88.81 93.77 95.75 93.65 95.63 93.54 95.52 93.43 95.43 93.34 95.34 93.26 95.26 93.19 95.19 56.01 54.01 56.04 54.04 93.09 91.09 98.51 98.33 31.58 32.02 29.07 30.61 31.91 33.62 27.29 27.66 58.14 59.93 107.65 106.02 88.05 86.05 34.23 34.53 130.46 132.46 54.49 53.04 25.61 24.08 85.87 84.08 88.41 87.05 86.49 86.88 126.19 128.19 108.0 
3.0 3.61 2.0 2.83 1.0 2.24 0.0 2.0 1.0 2.24 2.0 2.83 110.11 110.22 111.11 111.22 112.11 112.22 113.11 113.22 114.11 114.21 115.11 115.21 116.11 116.21 117.11 117.21 86.27 87.42 85.45 86.61 92.54 94.53 92.44 94.43 92.35 94.34 92.27 94.26 92.2 94.19 92.14 94.13 92.09 94.09 54.0 52.0 54.01 52.01 91.05 89.05 96.63 96.42 32.98 33.53 27.02 28.6 33.12 34.89 28.64 29.12 56.36 58.18 105.44 103.81 86.02 84.02 33.54 33.96 129.65 131.64 52.35 50.91 24.76 23.35 83.63 81.84 86.31 84.96 84.34 84.72 125.1 127.1 107.02 
3.61 3.0 2.83 2.0 2.24 1.0 2.0 0.0 2.24 1.0 2.83 2.0 110.04 110.11 111.04 111.11 112.04 112.11 113.04 113.11 114.04 114.11 115.04 115.11 116.04 116.11 117.04 117.11 87.92 89.05 87.09 88.23 92.78 94.76 92.66 94.64 92.54 94.53 92.44 94.43 92.35 94.34 92.27 94.26 92.2 94.19 56.0 54.0 56.01 54.01 93.05 91.05 98.62 98.41 32.56 32.98 28.32 29.83 31.38 33.12 28.28 28.64 57.25 59.03 107.07 105.44 88.02 86.02 33.24 33.54 129.47 131.46 53.81 52.35 26.25 24.76 85.43 83.63 87.69 86.31 86.31 86.68 125.2 127.19 107.0 
4.0 4.47 3.0 3.61 2.0 2.83 1.0 2.24 0.0 2.0 1.0 2.24 109.11 109.22 110.11 110.22 111.11 111.22 112.11 112.22 113.11 113.22 114.11 114.21 115.11 115.21 116.11 116.21 85.7 86.84 84.88 86.02 91.55 93.54 91.44 93.43 91.35 93.34 91.27 93.26 91.2 93.19 91.14 93.13 91.09 93.09 54.01 52.01 54.0 52.0 91.02 89.02 96.75 96.52 33.96 34.48 26.25 27.8 32.65 34.44 29.61 30.08 55.46 57.27 104.86 103.23 86.01 84.01 32.56 32.98 128.66 130.65 51.66 50.21 25.46 24.08 83.19 81.39 85.59 84.22 84.17 84.53 124.1 126.1 106.02 
4.47 4.0 3.61 3.0 2.83 2.0 2.24 1.0 2.0 0.0 2.24 1.0 109.04 109.11 110.04 110.11 111.04 111.11 112.04 112.11 113.04 113.11 114.04 114.11 115.04 115.11 116.04 116.11 87.37 88.48 86.53 87.66 91.79 93.77 91.66 93.65 91.55 93.54 91.44 93.43 91.35 93.34 91.27 93.26 91.2 93.19 56.01 54.01 56.0 54.0 93.02 91.02 98.73 98.51 33.54 33.96 27.59 29.07 30.89 32.65 29.27 29.61 56.36 58.14 106.51 104.86 88.01 86.01 32.25 32.56 128.47 130.46 53.15 51.66 26.91 25.46 85.0 83.19 86.98 85.59 86.15 86.49 124.2 126.19 106.0 
5.0 5.39 4.0 4.47 3.0 3.61 2.0 2.83 1.0 2.24 0.0 2.0 108.12 108.23 109.11 109.22 110.11 110.22 111.11 111.22 112.11 112.22 113.11 113.22 114.11 114.21 115.11 115.21 85.15 86.27 84.31 85.45 90.55 92.54 90.45 92.44 90.35 92.35 90.27 92.27 90.2 92.2 90.14 92.14 90.09 92.09 54.04 52.04 54.01 52.01 91.01 89.01 96.88 96.63 34.93 35.44 25.5 27.02 32.2 34.01 30.59 31.05 54.56 56.36 104.29 102.65 86.0 84.0 31.58 32.02 127.66 129.65 50.99 49.52 26.17 24.84 82.76 80.96 84.86 83.49 84.01 84.34 123.1 125.1 105.02 
5.39 5.0 4.47 4.0 3.61 3.0 2.83 2.0 2.24 1.0 2.0 0.0 108.04 108.12 109.04 109.11 110.04 110.11 111.04 111.11 112.04 112.11 113.04 113.11 114.04 114.11 115.04 115.11 86.82 87.92 85.98 87.09 90.8 92.78 90.67 92.66 90.55 92.54 90.45 92.44 90.35 92.35 90.27 92.27 90.2 92.2 56.04 54.04 56.01 54.01 93.01 91.01 98.86 98.62 34.53 34.93 26.87 28.32 30.41 32.2 30.27 30.59 55.47 57.25 105.95 104.29 88.0 86.0 31.26 31.58 127.48 129.47 52.5 50.99 27.59 26.17 84.58 82.76 86.27 84.86 85.99 86.31 123.2 125.2 105.0 
113.11 113.04 112.11 112.04 111.11 111.04 110.11 110.04 109.11 109.04 108.12 108.04 0.0 2.0 1.0 2.24 2.0 2.83 3.0 3.61 4.0 4.47 5.0 5.39 6.0 6.32 7.0 7.28 97.45 96.21 96.67 95.43 23.43 21.93 22.8 21.26 22.2 20.62 21.63 20.0 21.1 19.42 20.59 18.87 20.12 18.36 124.82 123.89 123.94 123.0 143.75 142.43 157.61 156.08 142.03 142.09 91.68 89.74 97.02 97.53 138.0 138.03 65.74 63.95 103.35 101.6 141.23 139.95 77.01 77.06 20.62 22.47 85.59 84.6 129.07 128.72 108.3 106.83 79.4 77.8 129.5 128.04 18.03 19.72 4.24 
113.22 113.11 112.22 112.11 111.22 111.11 110.22 110.11 109.22 109.11 108.23 108.12 2.0 0.0 2.24 1.0 2.83 2.0 3.61 3.0 4.47 4.0 5.39 5.0 6.32 6.0 7.28 7.0 99.02 97.8 98.23 97.01 24.76 23.35 24.08 22.63 23.43 21.93 22.8 21.26 22.2 20.62 21.63 20.0 21.1 19.42 125.78 124.82 124.91 123.94 145.1 143.75 158.9 157.38 142.0 142.03 92.18 90.25 96.54 97.02 138.0 138.0 66.65 64.88 105.12 103.35 142.52 141.23 77.01 77.01 19.92 21.84 86.61 85.59 129.44 129.07 109.79 108.3 81.02 79.4 130.86 129.42 19.21 20.81 5.83 
114.11 114.04 113.11 113.04 112.11 112.04 111.11 111.04 110.11 110.04 109.11 109.04 1.0 2.24 0.0 2.0 1.0 2.24 2.0 2.83 3.0 3.61 4.0 4.47 5.0 5.39 6.0 6.32 98.08 96.83 97.31 96.05 24.21 22.67 23.6 22.02 23.02 21.4 22.47 20.81 21.95 20.25 21.47 19.72 21.02 19.24 125.71 124.78 124.82 123.89 144.5 143.18 158.38 156.85 143.03 143.09 92.65 90.71 97.98 98.49 139.0 139.03 66.64 64.85 103.83 102.08 141.99 140.72 78.01 78.06 19.7 21.54 86.45 85.48 130.05 129.71 108.98 107.52 80.0 78.41 130.23 128.76 17.2 18.87 5.0 
114.21 114.11 113.22 113.11 112.22 112.11 111.22 111.11 110.22 110.11 109.22 109.11 2.24 1.0 2.0 0.0 2.24 1.0 2.83 2.0 3.61 3.0 4.47 4.0 5.39 5.0 6.32 6.0 99.64 98.41 98.86 97.62 25.5 24.04 24.84 23.35 24.21 22.67 23.6 22.02 23.02 21.4 22.47 20.81 21.95 20.25 126.66 125.71 125.78 124.82 145.84 144.5 159.67 158.14 143.0 143.03 93.15 91.21 97.51 97.98 139.0 139.0 67.54 65.76 105.59 103.83 143.28 141.99 78.01 78.01 18.97 20.88 87.46 86.45 130.42 130.05 110.45 108.98 81.61 80.0 131.59 130.14 18.44 20.0 6.4 
115.11 115.04 114.11 114.04 113.11 113.04 112.11 112.04 111.11 111.04 110.11 110.04 2.0 2.83 1.0 2.24 0.0 2.0 1.0 2.24 2.0 2.83 3.0 3.61 4.0 4.47 5.0 5.39 98.72 97.45 97.95 96.67 25.0 23.43 24.41 22.8 23.85 22.2 23.32 21.63 22.83 21.1 22.36 20.59 21.93 20.12 126.59 125.67 125.71 124.78 145.25 143.93 159.15 157.61 144.03 144.09 93.62 91.68 98.95 99.46 140.0 140.03 67.54 65.74 104.32 102.58 142.76 141.5 79.01 79.06 18.79 20.62 87.32 86.35 131.03 130.7 109.66 108.21 80.6 79.03 130.97 129.5 16.4 18.03 5.83 
115.21 115.11 114.21 114.11 113.22 113.11 112.22 112.11 111.22 111.11 110.22 110.11 2.83 2.0 2.24 1.0 2.0 0.0 2.24 1.0 2.83 2.0 3.61 3.0 4.47 4.0 5.39 5.0 100.26 99.02 99.49 98.23 26.25 24.76 25.61 24.08 25.0 23.43 24.41 22.8 23.85 22.2 23.32 21.63 22.83 21.1 127.53 126.59 126.66 125.71 146.58 145.25 160.43 158.9 144.0 144.03 94.11 92.18 98.49 98.95 140.0 140.0 68.43 66.65 106.07 104.32 144.05 142.76 79.01 79.01 18.03 19.92 88.32 87.32 131.4 131.03 111.13 109.66 82.2 80.6 132.32 130.86 17.69 19.21 7.07 
116.11 116.04 115.11 115.04 114.11 114.04 113.11 113.04 112.11 112.04 111.11 111.04 3.0 3.61 2.0 2.83 1.0 2.24 0.0 2.0 1.0 2.24 2.0 2.83 3.0 3.61 4.0 4.47 99.36 98.08 98.6 97.31 25.81 24.21 25.24 23.6 24.7 23.02 24.19 22.47 23.71 21.95 23.26 21.47 22.85 21.02 127.48 126.56 126.59 125.67 146.0 144.69 159.93 158.38 145.03 145.09 94.59 92.65 99.92 100.42 141.0 141.03 68.45 66.64 104.81 103.08 143.53 142.27 80.01 80.06 17.89 19.7 88.19 87.24 132.02 131.69 110.34 108.9 81.22 79.65 131.71 130.23 15.62 17.2 6.71 
116.21 116.11 115.21 115.11 114.21 114.11 113.22 113.11 112.22 112.11 111.22 111.11 3.61 3.0 2.83 2.0 2.24 1.0 2.0 0.0 2.24 1.0 2.83 2.0 3.61 3.0 4.47 4.0 100.9 99.64 100.12 98.86 27.02 25.5 26.4 24.84 25.81 24.21 25.24 23.6 24.7 23.02 24.19 22.47 23.71 21.95 128.41 127.48 127.53 126.59 147.32 146.0 161.2 159.67 145.0 145.03 95.08 93.15 99.46 99.92 141.0 141.0 69.32 67.54 106.55 104.81 144.81 143.53 80.01 80.01 17.09 18.97 89.19 88.19 132.38 132.02 111.8 110.34 82.8 81.22 133.06 131.59 16.97 18.44 7.81 
117.11 117.04 116.11 116.04 115.11 115.04 114.11 114.04 113.11 113.04 112.11 112.04 4.0 4.47 3.0 3.61 2.0 2.83 1.0 2.24 0.0 2.0 1.0 2.24 2.0 2.83 3.0 3.61 100.0 98.72 99.25 97.95 26.63 25.0 26.08 24.41 25.55 23.85 25.06 23.32 24.6 22.83 24.17 22.36 23.77 21.93 128.36 127.46 127.48 126.56 146.75 145.45 160.7 159.15 146.03 146.09 95.57 93.62 100.9 101.39 142.0 142.03 69.35 67.54 105.31 103.59 144.31 143.06 81.01 81.06 17.0 18.79 89.07 88.12 133.0 132.67 111.04 109.6 81.84 80.28 132.46 130.97 14.87 16.4 7.62 
117.21 117.11 116.21 116.11 115.21 115.11 114.21 114.11 113.22 113.11 112.22 112.11 4.47 4.0 3.61 3.0 2.83 2.0 2.24 1.0 2.0 0.0 2.24 1.0 2.83 2.0 3.61 3.0 101.53 100.26 100.77 99.49 27.8 26.25 27.2 25.61 26.63 25.0 26.08 24.41 25.55 23.85 25.06 23.32 24.6 22.83 129.29 128.36 128.41 127.48 148.07 146.75 161.97 160.43 146.0 146.03 96.05 94.11 100.44 100.9 142.0 142.0 70.21 68.43 107.04 105.31 145.58 144.31 81.01 81.01 16.16 18.03 90.05 89.07 133.36 133.0 112.49 111.04 83.41 81.84 133.79 132.32 16.28 17.69 8.6 
118.11 118.04 117.11 117.04 116.11 116.04 115.11 115.04 114.11 114.04 113.11 113.04 5.0 5.39 4.0 4.47 3.0 3.61 2.0 2.83 1.0 2.24 0.0 2.0 1.0 2.24 2.0 2.83 100.66 99.36 99.9 98.6 27.46 25.81 26.93 25.24 26.42 24.7 25.94 24.19 25.5 23.71 25.08 23.26 24.7 22.85 129.25 128.35 128.36 127.46 147.51 146.22 161.48 159.93 147.03 147.09 96.54 94.59 101.87 102.36 143.0 143.03 70.26 68.45 105.82 104.1 145.09 143.84 82.01 82.05 16.12 17.89 89.94 89.01 133.99 133.66 111.73 110.31 82.46 80.92 133.21 131.71 14.14 15.62 8.54 
118.21 118.11 117.21 117.11 116.21 116.11 115.21 115.11 114.21 114.11 113.22 113.11 5.39 5.0 4.47 4.0 3.61 3.0 2.83 2.0 2.24 1.0 2.0 0.0 2.24 1.0 2.83 2.0 102.18 100.9 101.41 100.12 28.6 27.02 28.02 26.4 27.46 25.81 26.93 25.24 26.42 24.7 25.94 24.19 25.5 23.71 130.18 129.25 129.29 128.36 148.82 147.51 162.74 161.2 147.0 147.03 97.02 95.08 101.41 101.87 143.0 143.0 71.11 69.32 107.54 105.82 146.35 145.09 82.01 82.01 15.23 17.09 90.92 89.94 134.35 133.99 113.17 111.73 84.02 82.46 134.54 133.06 15.62 16.97 9.43 
119.1 119.04 118.11 118.04 117.11 117.04 116.11 116.04 115.11 115.04 114.11 114.04 6.0 6.32 5.0 5.39 4.0 4.47 3.0 3.61 2.0 2.83 1.0 2.24 0.0 2.0 1.0 2.24 101.32 100.0 100.57 99.25 28.3 26.63 27.78 26.08 27.29 25.55 26.83 25.06 26.4 24.6 26.0 24.17 25.63 23.77 130.14 129.25 129.25 128.35 148.27 146.99 162.27 160.7 148.03 148.08 97.51 95.57 102.84 103.32 144.0 144.03 71.18 69.35 106.33 104.62 145.87 144.63 83.01 83.05 15.26 17.0 90.82 89.89 134.97 134.65 112.43 111.02 83.1 81.57 133.96 132.46 13.45 14.87 9.49 
119.21 119.1 118.21 118.11 117.21 117.11 116.21 116.11 115.21 115.11 114.21 114.11 6.32 6.0 5.39 5.0 4.47 4.0 3.61 3.0 2.83 2.0 2.24 1.0 2.0 0.0 2.24 1.0 102.83 101.53 102.07 100.77 29.41 27.8 28.84 27.2 28.3 26.63 27.78 26.08 27.29 25.55 26.83 25.06 26.4 24.6 131.06 130.14 130.18 129.25 149.58 148.27 163.52 161.97 148.0 148.03 97.98 96.05 102.39 102.84 144.0 144.0 72.01 70.21 108.05 106.33 147.12 145.87 83.01 83.01 14.32 16.16 91.79 90.82 135.33 134.97 113.86 112.43 84.65 83.1 135.28 133.79 15.0 16.28 10.3 
120.1 120.04 119.1 119.04 118.11 118.04 117.11 117.04 116.11 116.04 115.11 115.04 7.0 7.28 6.0 6.32 5.0 5.39 4.0 4.47 3.0 3.61 2.0 2.83 1.0 2.24 0.0 2.0 101.98 100.66 101.24 99.9 29.15 27.46 28.65 26.93 28.18 26.42 27.73 25.94 27.31 25.5 26.93 25.08 26.57 24.7 131.03 130.15 130.14 129.25 149.04 147.76 163.05 161.48 149.03 149.08 98.49 96.54 103.81 104.29 145.0 145.03 72.09 70.26 106.85 105.15 146.65 145.42 84.01 84.05 14.42 16.12 91.71 90.79 135.96 135.64 113.14 111.73 83.74 82.22 134.71 133.21 12.81 14.14 10.44 
120.2 120.1 119.21 119.1 118.21 118.11 117.21 117.11 116.21 116.11 115.21 115.11 7.28 7.0 6.32 6.0 5.39 5.0 4.47 4.0 3.61 3.0 2.83 2.0 2.24 1.0 2.0 0.0 103.48 102.18 102.73 101.41 30.23 28.6 29.68 28.02 29.15 27.46 28.65 26.93 28.18 26.42 27.73 25.94 27.31 25.5 131.95 131.03 131.06 130.14 150.33 149.04 164.3 162.74 149.0 149.03 98.95 97.02 103.37 103.81 145.0 145.0 72.92 71.11 108.56 106.85 147.9 146.65 84.01 84.01 13.42 15.23 92.66 91.71 136.31 135.96 114.56 113.14 85.28 83.74 136.03 134.54 14.42 15.62 11.18 
88.01 89.63 87.42 89.05 86.84 88.48 86.27 87.92 85.7 87.37 85.15 86.82 97.45 99.02 98.08 99.64 98.72 100.26 99.36 100.9 100.0 101.53 100.66 102.18 101.32 102.83 101.98 103.48 0.0 2.0 1.0 2.24 74.63 75.8 75.45 76.61 76.28 77.42 77.1 78.24 77.94 79.06 78.77 79.88 79.61 80.71 51.87 52.55 50.92 51.62 50.16 49.4 65.0 63.16 113.15 114.55 60.83 59.93 105.3 107.21 108.89 110.32 47.04 47.17 19.21 17.69 49.34 48.76 78.64 80.6 116.0 117.39 35.47 37.34 84.65 85.91 12.65 12.17 18.44 19.8 36.06 34.18 100.66 102.18 93.24 
89.2 90.8 88.6 90.21 88.01 89.63 87.42 89.05 86.84 88.48 86.27 87.92 96.21 97.8 96.83 98.41 97.45 99.02 98.08 99.64 98.72 100.26 99.36 100.9 100.0 101.53 100.66 102.18 2.0 0.0 2.24 1.0 73.5 74.63 74.33 75.45 75.17 76.28 76.01 77.1 76.85 77.94 77.7 78.77 78.55 79.61 53.76 54.42 52.81 53.49 52.0 51.26 66.85 65.0 114.59 115.97 61.77 60.83 105.95 107.84 110.32 111.72 47.0 47.04 18.03 16.4 51.24 50.7 79.08 81.02 114.63 116.0 36.25 38.08 86.21 87.46 14.56 14.14 16.97 18.44 37.95 36.06 99.16 100.66 92.01 
87.2 88.81 86.61 88.23 86.02 87.66 85.45 87.09 84.88 86.53 84.31 85.98 96.67 98.23 97.31 98.86 97.95 99.49 98.6 100.12 99.25 100.77 99.9 101.41 100.57 102.07 101.24 102.73 1.0 2.24 0.0 2.0 73.82 75.0 74.63 75.8 75.45 76.61 76.28 77.42 77.1 78.24 77.94 79.06 78.77 79.88 51.55 52.2 50.6 51.26 50.57 49.77 65.39 63.56 112.45 113.85 59.94 59.03 104.36 106.25 108.19 109.6 46.04 46.17 20.0 18.44 49.65 49.04 77.67 79.62 115.28 116.67 34.54 36.4 84.02 85.28 13.0 12.37 17.8 19.1 36.4 34.54 100.0 101.53 92.46 
88.41 90.0 87.8 89.4 87.2 88.81 86.61 88.23 86.02 87.66 85.45 87.09 95.43 97.01 96.05 97.62 96.67 98.23 97.31 98.86 97.95 99.49 98.6 100.12 99.25 100.77 99.9 101.41 2.24 1.0 2.0 0.0 72.67 73.82 73.5 74.63 74.33 75.45 75.17 76.28 76.01 77.1 76.85 77.94 77.7 78.77 53.45 54.08 52.5 53.14 52.39 51.62 67.23 65.39 113.9 115.28 60.9 59.94 105.0 106.89 109.62 111.02 46.0 46.04 18.87 17.2 51.55 50.96 78.1 80.05 113.9 115.28 35.34 37.16 85.6 86.83 14.87 14.32 16.28 17.69 38.28 36.4 98.49 100.0 91.21 
95.52 95.75 94.53 94.76 93.54 93.77 92.54 92.78 91.55 91.79 90.55 90.8 23.43 24.76 24.21 25.5 25.0 26.25 25.81 27.02 26.63 27.8 27.46 28.6 28.3 29.41 29.15 30.23 74.63 73.5 73.82 72.67 0.0 2.0 1.0 2.24 2.0 2.83 3.0 3.61 4.0 4.47 5.0 5.39 6.0 6.32 101.98 101.13 101.08 100.22 120.34 119.0 134.18 132.65 125.3 125.6 71.34 69.35 85.42 86.35 121.06 121.34 43.32 41.44 82.08 80.23 117.8 116.52 61.13 61.68 43.57 45.28 62.61 61.74 109.29 109.17 85.15 83.63 56.94 55.23 106.1 104.66 33.38 35.36 19.21 
97.51 97.74 96.52 96.75 95.52 95.75 94.53 94.76 93.54 93.77 92.54 92.78 21.93 23.35 22.67 24.04 23.43 24.76 24.21 25.5 25.0 26.25 25.81 27.02 26.63 27.8 27.46 28.6 75.8 74.63 75.0 73.82 2.0 0.0 2.24 1.0 2.83 2.0 3.61 3.0 4.47 4.0 5.39 5.0 6.32 6.0 103.79 102.96 102.88 102.04 121.83 120.51 135.72 134.18 127.28 127.58 73.33 71.34 87.21 88.12 123.04 123.32 45.22 43.32 82.86 81.02 119.33 118.07 63.06 63.6 41.88 43.57 64.4 63.56 111.29 111.16 86.45 84.96 57.98 56.3 107.56 106.1 31.4 33.38 17.69 
95.43 95.63 94.43 94.64 93.43 93.65 92.44 92.66 91.44 91.66 90.45 90.67 22.8 24.08 23.6 24.84 24.41 25.61 25.24 26.4 26.08 27.2 26.93 28.02 27.78 28.84 28.65 29.68 75.45 74.33 74.63 73.5 1.0 2.24 0.0 2.0 1.0 2.24 2.0 2.83 3.0 3.61 4.0 4.47 5.0 5.39 102.42 101.55 101.52 100.65 121.02 119.67 134.83 133.3 125.16 125.45 71.45 69.46 84.97 85.88 120.93 121.2 43.66 41.79 83.01 81.15 118.44 117.15 60.88 61.4 43.05 44.78 63.06 62.17 109.37 109.22 85.91 84.39 57.8 56.08 106.79 105.36 33.24 35.23 18.6 
97.42 97.62 96.42 96.63 95.43 95.63 94.43 94.64 93.43 93.65 92.44 92.66 21.26 22.63 22.02 23.35 22.8 24.08 23.6 24.84 24.41 25.61 25.24 26.4 26.08 27.2 26.93 28.02 76.61 75.45 75.8 74.63 2.24 1.0 2.0 0.0 2.24 1.0 2.83 2.0 3.61 3.0 4.47 4.0 5.39 5.0 104.22 103.37 103.32 102.46 122.49 121.17 136.36 134.83 127.14 127.42 73.44 71.45 86.76 87.66 122.92 123.18 45.54 43.66 83.77 81.94 119.97 118.7 62.82 63.32 41.34 43.05 64.85 63.98 111.36 111.22 87.21 85.7 58.83 57.14 108.25 106.79 31.26 33.24 17.03 
95.34 95.52 94.34 94.53 93.34 93.54 92.35 92.54 91.35 91.55 90.35 90.55 22.2 23.43 23.02 24.21 23.85 25.0 24.7 25.81 25.55 26.63 26.42 27.46 27.29 28.3 28.18 29.15 76.28 75.17 75.45 74.33 2.0 2.83 1.0 2.24 0.0 2.0 1.0 2.24 2.0 2.83 3.0 3.61 4.0 4.47 102.86 101.98 101.97 101.08 121.7 120.34 135.47 133.96 125.03 125.3 71.57 69.58 84.53 85.42 120.81 121.06 44.01 42.15 83.93 82.08 119.1 117.8 60.64 61.13 42.54 44.29 63.53 62.61 109.46 109.29 86.68 85.15 58.67 56.94 107.49 106.07 33.14 35.13 18.03 
97.33 97.51 96.33 96.52 95.34 95.52 94.34 94.53 93.34 93.54 92.35 92.54 20.62 21.93 21.4 22.67 22.2 23.43 23.02 24.21 23.85 25.0 24.7 25.81 25.55 26.63 26.42 27.46 77.42 76.28 76.61 75.45 2.83 2.0 2.24 1.0 2.0 0.0 2.24 1.0 2.83 2.0 3.61 3.0 4.47 4.0 104.65 103.79 103.75 102.88 123.17 121.83 137.0 135.47 127.01 127.28 73.55 71.57 86.33 87.21 122.8 123.04 45.88 44.01 84.69 82.86 120.62 119.33 62.59 63.06 40.82 42.54 65.3 64.4 111.45 111.29 87.97 86.45 59.68 57.98 108.93 107.49 31.14 33.14 16.4 
95.26 95.43 94.26 94.43 93.26 93.43 92.27 92.44 91.27 91.44 90.27 90.45 21.63 22.8 22.47 23.6 23.32 24.41 24.19 25.24 25.06 26.08 25.94 26.93 26.83 27.78 27.73 28.65 77.1 76.01 76.28 75.17 3.0 3.61 2.0 2.83 1.0 2.24 0.0 2.0 1.0 2.24 2.0 2.83 3.0 3.61 103.31 102.42 102.42 101.52 122.38 121.02 136.12 134.62 124.9 125.16 71.7 69.72 84.1 84.97 120.7 120.93 44.38 42.54 84.86 83.01 119.75 118.44 60.42 60.88 42.06 43.83 64.01 63.06 109.55 109.37 87.46 85.91 59.54 57.8 108.19 106.78 33.06 35.06 17.49 
97.25 97.42 96.25 96.42 95.26 95.43 94.26 94.43 93.26 93.43 92.27 92.44 20.0 21.26 20.81 22.02 21.63 22.8 22.47 23.6 23.32 24.41 24.19 25.24 25.06 26.08 25.94 26.93 78.24 77.1 77.42 76.28 3.61 3.0 2.83 2.0 2.24 1.0 2.0 0.0 2.24 1.0 2.83 2.0 3.61 3.0 105.1 104.22 104.2 103.32 123.84 122.49 137.64 136.12 126.89 127.14 73.68 71.7 85.91 86.76 122.69 122.92 46.24 44.38 85.62 83.77 121.26 119.97 62.37 62.82 40.31 42.06 65.76 64.85 111.54 111.36 88.73 87.21 60.54 58.83 109.62 108.19 31.06 33.06 15.81 
95.19 95.34 94.19 94.34 93.19 93.34 92.2 92.35 91.2 91.35 90.2 90.35 21.1 22.2 21.95 23.02 22.83 23.85 23.71 24.7 24.6 25.55 25.5 26.42 26.4 27.29 27.31 28.18 77.94 76.85 77.1 76.01 4.0 4.47 3.0 3.61 2.0 2.83 1.0 2.24 0.0 2.0 1.0 2.24 2.0 2.83 103.77 102.86 102.88 101.97 123.07 121.7 136.78 135.28 124.79 125.03 71.85 69.87 83.67 84.53 120.6 120.81 44.78 42.95 85.8 83.93 120.42 119.1 60.21 60.64 41.59 43.38 64.5 63.53 109.66 109.46 88.24 86.68 60.42 58.67 108.89 107.49 33.02 35.01 17.0 
97.19 97.33 96.19 96.33 95.19 95.34 94.19 94.34 93.19 93.34 92.2 92.35 19.42 20.62 20.25 21.4 21.1 22.2 21.95 23.02 22.83 23.85 23.71 24.7 24.6 25.55 25.5 26.42 79.06 77.94 78.24 77.1 4.47 4.0 3.61 3.0 2.83 2.0 2.24 1.0 2.0 0.0 2.24 1.0 2.83 2.0 105.55 104.65 104.66 103.75 124.52 123.17 138.29 136.78 126.78 127.01 73.82 71.85 85.49 86.33 122.59 122.8 46.62 44.78 86.54 84.69 121.92 120.62 62.17 62.59 39.82 41.59 66.24 65.3 111.65 111.45 89.5 87.97 61.4 59.68 110.32 108.89 31.02 33.02 15.26 
95.13 95.26 94.13 94.26 93.13 93.26 92.14 92.27 91.14 91.27 90.14 90.27 20.59 21.63 21.47 22.47 22.36 23.32 23.26 24.19 24.17 25.06 25.08 25.94 26.0 26.83 26.93 27.73 78.77 77.7 77.94 76.85 5.0 5.39 4.0 4.47 3.0 3.61 2.0 2.83 1.0 2.24 0.0 2.0 1.0 2.24 104.24 103.31 103.35 102.42 123.76 122.38 137.44 135.95 124.68 124.9 72.01 70.04 83.26 84.1 120.5 120.7 45.19 43.38 86.73 84.86 121.08 119.75 60.02 60.42 41.15 42.95 65.0 64.01 109.77 109.55 89.02 87.46 61.29 59.54 109.6 108.21 33.0 35.0 16.55 
97.13 97.25 96.13 96.25 95.13 95.26 94.13 94.26 93.13 93.26 92.14 92.27 18.87 20.0 19.72 20.81 20.59 21.63 21.47 22.47 22.36 23.32 23.26 24.19 24.17 25.06 25.08 25.94 79.88 78.77 79.06 77.94 5.39 5.0 4.47 4.0 3.61 3.0 2.83 2.0 2.24 1.0 2.0 0.0 2.24 1.0 106.0 105.1 105.12 104.2 125.21 123.84 138.95 137.44 126.67 126.89 73.98 72.01 85.09 85.91 122.49 122.69 47.01 45.19 87.46 85.62 122.58 121.26 61.98 62.37 39.36 41.15 66.73 65.76 111.76 111.54 90.27 88.73 62.27 60.54 111.02 109.6 31.0 33.0 14.76 
95.08 95.19 94.09 94.19 93.09 93.19 92.09 92.2 91.09 91.2 90.09 90.2 20.12 21.1 21.02 21.95 21.93 22.83 22.85 23.71 23.77 24.6 24.7 25.5 25.63 26.4 26.57 27.31 79.61 78.55 78.77 77.7 6.0 6.32 5.0 5.39 4.0 4.47 3.0 3.61 2.0 2.83 1.0 2.24 0.0 2.0 104.71 103.77 103.83 102.88 124.46 123.07 138.11 136.62 124.58 124.79 72.18 70.21 82.86 83.67 120.42 120.6 45.62 43.83 87.66 85.8 121.75 120.42 59.84 60.21 40.72 42.54 65.51 64.5 109.9 109.66 89.81 88.24 62.18 60.42 110.32 108.93 33.02 35.01 16.16 
97.08 97.19 96.08 96.19 95.08 95.19 94.09 94.19 93.09 93.19 92.09 92.2 18.36 19.42 19.24 20.25 20.12 21.1 21.02 21.95 21.93 22.83 22.85 23.71 23.77 24.6 24.7 25.5 80.71 79.61 79.88 78.77 6.32 6.0 5.39 5.0 4.47 4.0 3.61 3.0 2.83 2.0 2.24 1.0 2.0 0.0 106.47 105.55 105.59 104.66 125.9 124.52 139.6 138.11 126.57 126.78 74.15 72.18 84.69 85.49 122.41 122.59 47.42 45.62 88.39 86.54 123.24 121.92 61.81 62.17 38.91 40.72 67.23 66.24 111.88 111.65 91.05 89.5 63.13 61.4 111.72 110.32 31.02 33.02 14.32 
54.08 56.08 54.04 56.04 54.01 56.01 54.0 56.0 54.01 56.01 54.04 56.04 124.82 125.78 125.71 126.66 126.59 127.53 127.48 128.41 128.36 129.29 129.25 130.18 130.14 131.06 131.03 131.95 51.87 53.76 51.55 53.45 101.98 103.79 102.42 104.22 102.86 104.65 103.31 105.1 103.77 105.55 104.24 106.0 104.71 106.47 0.0 2.0 1.0 2.24 37.12 35.13 43.42 42.95 69.77 71.55 42.54 43.57 84.53 86.49 66.21 68.03 59.17 60.9 68.88 67.98 32.06 30.07 68.48 70.24 145.36 147.14 39.4 40.25 39.81 41.63 42.54 41.59 63.2 63.07 32.65 33.62 134.26 136.12 120.77 
52.09 54.08 52.04 54.04 52.01 54.01 52.0 54.0 52.01 54.01 52.04 54.04 123.89 124.82 124.78 125.71 125.67 126.59 126.56 127.48 127.46 128.36 128.35 129.25 129.25 130.14 130.15 131.03 52.55 54.42 52.2 54.08 101.13 102.96 101.55 103.37 101.98 103.79 102.42 104.22 102.86 104.65 103.31 105.1 103.77 105.55 2.0 0.0 2.24 1.0 39.12 37.12 45.35 44.91 68.0 69.77 40.82 41.88 82.57 84.53 64.4 66.21 58.18 59.94 69.84 68.88 34.06 32.06 66.73 68.48 144.45 146.24 38.63 39.4 38.01 39.81 43.57 42.54 63.39 63.2 34.44 35.36 133.54 135.42 119.85 
54.15 56.14 54.08 56.08 54.04 56.04 54.01 56.01 54.0 56.0 54.01 56.01 123.94 124.91 124.82 125.78 125.71 126.66 126.59 127.53 127.48 128.41 128.36 129.29 129.25 130.18 130.14 131.06 50.92 52.81 50.6 52.5 101.08 102.88 101.52 103.32 101.97 103.75 102.42 104.2 102.88 104.66 103.35 105.12 103.83 105.59 1.0 2.24 0.0 2.0 37.05 35.06 43.68 43.17 70.24 72.01 42.06 43.05 84.34 86.31 66.64 68.45 58.31 60.03 68.0 67.08 32.02 30.02 68.0 69.77 144.47 146.25 38.48 39.36 40.25 42.05 41.68 40.71 62.2 62.07 32.2 33.12 133.33 135.19 119.88 
52.15 54.15 52.09 54.08 52.04 54.04 52.01 54.01 52.0 54.0 52.01 54.01 123.0 123.94 123.89 124.82 124.78 125.71 125.67 126.59 126.56 127.48 127.46 128.36 128.35 129.25 129.25 130.14 51.62 53.49 51.26 53.14 100.22 102.04 100.65 102.46 101.08 102.88 101.52 103.32 101.97 103.75 102.42 104.2 102.88 104.66 2.24 1.0 2.0 0.0 39.05 37.05 45.61 45.12 68.48 70.24 40.31 41.34 82.38 84.34 64.85 66.64 57.31 59.06 68.96 68.0 34.01 32.02 66.24 68.0 143.56 145.34 37.7 38.48 38.47 40.25 42.72 41.68 62.39 62.2 34.01 34.89 132.61 134.48 118.96 
91.2 93.19 91.14 93.13 91.09 93.09 91.05 93.05 91.02 93.02 91.01 93.01 143.75 145.1 144.5 145.84 145.25 146.58 146.0 147.32 146.75 148.07 147.51 148.82 148.27 149.58 149.04 150.33 50.16 52.0 50.57 52.39 120.34 121.83 121.02 122.49 121.7 123.17 122.38 123.84 123.07 124.52 123.76 125.21 124.46 125.9 37.12 39.12 37.05 39.05 0.0 2.0 14.87 13.0 105.0 106.89 76.16 76.66 120.7 122.69 101.83 103.74 82.42 83.6 58.22 58.42 5.1 7.07 101.53 103.45 163.38 164.92 62.43 64.14 75.69 77.62 37.58 38.47 68.0 68.96 14.42 16.12 149.26 150.9 139.52 
89.2 91.2 89.14 91.14 89.09 91.09 89.05 91.05 89.02 91.02 89.01 91.01 142.43 143.75 143.18 144.5 143.93 145.25 144.69 146.0 145.45 146.75 146.22 147.51 146.99 148.27 147.76 149.04 49.4 51.26 49.77 51.62 119.0 120.51 119.67 121.17 120.34 121.83 121.02 122.49 121.7 123.17 122.38 123.84 123.07 124.52 35.13 37.12 35.06 37.05 2.0 0.0 15.65 13.89 103.12 105.0 74.22 74.73 118.71 120.7 99.93 101.83 80.8 82.01 58.08 58.22 3.16 5.1 99.62 101.53 162.11 163.67 60.75 62.43 73.76 75.69 36.77 37.58 67.08 68.0 13.42 15.23 148.12 149.77 138.19 
96.33 98.33 96.42 98.41 96.52 98.51 96.63 98.62 96.75 98.73 96.88 98.86 157.61 158.9 158.38 159.67 159.15 160.43 159.93 161.2 160.7 161.97 161.48 162.74 162.27 163.52 163.05 164.3 65.0 66.85 65.39 67.23 134.18 135.72 134.83 136.36 135.47 137.0 136.12 137.64 136.78 138.29 137.44 138.95 138.11 139.6 43.42 45.35 43.68 45.61 14.87 15.65 0.0 2.0 106.1 108.06 85.23 86.01 127.88 129.84 103.41 105.38 95.02 96.33 72.69 72.99 16.4 17.69 111.09 112.92 177.43 179.01 74.65 76.22 78.23 80.22 52.39 53.23 82.73 83.65 29.07 30.87 163.64 165.3 153.39 
96.19 98.18 96.25 98.25 96.33 98.33 96.42 98.41 96.52 98.51 96.63 98.62 156.08 157.38 156.85 158.14 157.61 158.9 158.38 159.67 159.15 160.43 159.93 161.2 160.7 161.97 161.48 162.74 63.16 65.0 63.56 65.39 132.65 134.18 133.3 134.83 133.96 135.47 134.62 136.12 135.28 136.78 135.95 137.44 136.62 138.11 42.95 44.91 43.17 45.12 13.0 13.89 2.0 0.0 106.51 108.47 84.5 85.23 127.48 129.44 103.75 105.72 93.72 95.02 70.71 71.02 14.87 16.28 110.31 112.16 175.86 177.43 73.41 75.0 78.41 80.4 50.57 51.43 80.95 81.88 27.29 29.07 161.98 163.64 151.86 
30.08 29.61 31.05 30.59 32.02 31.58 32.98 32.56 33.96 33.54 34.93 34.53 142.03 142.0 143.03 143.0 144.03 144.0 145.03 145.0 146.03 146.0 147.03 147.0 148.03 148.0 149.03 149.0 113.15 114.59 112.45 113.9 125.3 127.28 125.16 127.14 125.03 127.01 124.9 126.89 124.79 126.78 124.68 126.67 124.58 126.57 69.77 68.0 70.24 68.48 105.0 103.12 106.1 106.51 0.0 2.0 58.6 60.42 52.39 53.23 4.47 4.0 88.96 90.82 132.23 130.82 99.96 98.08 65.03 65.0 161.08 163.08 82.1 80.99 30.02 28.3 107.94 106.4 116.25 115.11 102.42 103.35 157.54 159.53 139.13 
30.68 30.08 31.62 31.05 32.57 32.02 33.53 32.98 34.48 33.96 35.44 34.93 142.09 142.03 143.09 143.03 144.09 144.03 145.09 145.03 146.09 146.03 147.09 147.03 148.08 148.03 149.08 149.03 114.55 115.97 113.85 115.28 125.6 127.58 125.45 127.42 125.3 127.28 125.16 127.14 125.03 127.01 124.9 126.89 124.79 126.78 71.55 69.77 72.01 70.24 106.89 105.0 108.06 108.47 2.0 0.0 59.48 61.27 51.62 52.39 5.66 4.47 89.69 91.55 133.66 132.23 101.84 99.96 65.12 65.03 161.03 163.03 83.23 82.1 31.76 30.02 109.48 107.94 117.41 116.25 104.2 105.12 157.71 159.71 139.23 
29.41 30.61 28.6 29.83 27.8 29.07 27.02 28.32 26.25 27.59 25.5 26.87 91.68 92.18 92.65 93.15 93.62 94.11 94.59 95.08 95.57 96.05 96.54 97.02 97.51 97.98 98.49 98.95 60.83 61.77 59.94 60.9 71.34 73.33 71.45 73.44 71.57 73.55 71.7 73.68 71.85 73.82 72.01 73.98 72.18 74.15 42.54 40.82 42.06 40.31 76.16 74.22 85.23 84.5 58.6 59.48 0.0 2.0 46.27 48.26 54.13 55.01 30.81 32.76 79.76 78.03 71.57 69.64 25.94 27.73 112.09 114.02 25.81 24.21 38.01 38.01 60.17 58.24 59.4 58.0 66.27 66.12 104.69 106.68 88.07 
31.06 32.2 30.23 31.4 29.41 30.61 28.6 29.83 27.8 29.07 27.02 28.32 89.74 90.25 90.71 91.21 91.68 92.18 92.65 93.15 93.62 94.11 94.59 95.08 95.57 96.05 96.54 97.02 59.93 60.83 59.03 59.94 69.35 71.34 69.46 71.45 69.58 71.57 69.72 71.7 69.87 71.85 70.04 72.01 70.21 72.18 43.57 41.88 43.05 41.34 76.66 74.73 86.01 85.23 60.42 61.27 2.0 0.0 46.53 48.51 55.95 56.8 28.86 30.81 78.77 77.03 72.12 70.21 25.08 26.93 110.16 112.09 24.7 23.02 40.01 40.01 59.67 57.72 58.0 56.57 66.48 66.27 102.7 104.69 86.12 
34.67 33.02 34.13 32.45 33.62 31.91 33.12 31.38 32.65 30.89 32.2 30.41 97.02 96.54 97.98 97.51 98.95 98.49 99.92 99.46 100.9 100.44 101.87 101.41 102.84 102.39 103.81 103.37 105.3 105.95 104.36 105.0 85.42 87.21 84.97 86.76 84.53 86.33 84.1 85.91 83.67 85.49 83.26 85.09 82.86 84.69 84.53 82.57 84.34 82.38 120.7 118.71 127.88 127.48 52.39 51.62 46.27 46.53 0.0 2.0 49.65 48.75 63.51 64.64 123.49 121.63 115.85 113.86 28.6 27.02 114.13 116.11 69.92 68.01 57.43 55.8 106.1 104.14 99.76 98.01 112.0 112.0 114.18 116.09 94.92 
36.36 34.67 35.85 34.13 35.36 33.62 34.89 33.12 34.44 32.65 34.01 32.2 97.53 97.02 98.49 97.98 99.46 98.95 100.42 99.92 101.39 100.9 102.36 101.87 103.32 102.84 104.29 103.81 107.21 107.84 106.25 106.89 86.35 88.12 85.88 87.66 85.42 87.21 84.97 86.76 84.53 86.33 84.1 85.91 83.67 85.49 86.49 84.53 86.31 84.34 122.69 120.7 129.84 129.44 53.23 52.39 48.26 48.51 2.0 0.0 50.61 49.65 65.19 66.29 125.36 123.49 117.83 115.85 30.23 28.6 114.42 116.4 71.84 69.92 59.08 57.43 108.06 106.1 101.53 99.76 114.0 114.0 114.79 116.69 95.51 
25.71 25.32 26.68 26.31 27.66 27.29 28.64 28.28 29.61 29.27 30.59 30.27 138.0 138.0 139.0 139.0 140.0 140.0 141.0 141.0 142.0 142.0 143.0 143.0 144.0 144.0 145.0 145.0 108.89 110.32 108.19 109.62 121.06 123.04 120.93 122.92 120.81 122.8 120.7 122.69 120.6 122.59 120.5 122.49 120.42 122.41 66.21 64.4 66.64 64.85 101.83 99.93 103.41 103.75 4.47 5.66 54.13 55.95 49.65 50.61 0.0 2.0 84.5 86.38 128.0 126.57 96.77 94.87 61.0 61.03 157.16 159.15 77.67 76.55 26.4 24.6 103.86 102.3 111.83 110.68 98.84 99.73 153.39 155.39 135.06 
26.25 25.71 27.2 26.68 28.16 27.66 29.12 28.64 30.08 29.61 31.05 30.59 138.03 138.0 139.03 139.0 140.03 140.0 141.03 141.0 142.03 142.0 143.03 143.0 144.03 144.0 145.03 145.0 110.32 111.72 109.6 111.02 121.34 123.32 121.2 123.18 121.06 123.04 120.93 122.92 120.81 122.8 120.7 122.69 120.6 122.59 68.03 66.21 68.45 66.64 103.74 101.83 105.38 105.72 4.0 4.47 55.01 56.8 48.75 49.65 2.0 0.0 85.23 87.09 129.45 128.0 98.67 96.77 61.03 61.0 157.08 159.08 78.82 77.67 28.23 26.4 105.42 103.86 113.0 111.83 100.65 101.52 153.55 155.54 135.13 
59.09 59.93 58.18 59.03 57.27 58.14 56.36 57.25 55.46 56.36 54.56 55.47 65.74 66.65 66.64 67.54 67.54 68.43 68.45 69.32 69.35 70.21 70.26 71.11 71.18 72.01 72.09 72.92 47.04 47.0 46.04 46.0 43.32 45.22 43.66 45.54 44.01 45.88 44.38 46.24 44.78 46.62 45.19 47.01 45.62 47.42 59.17 58.18 58.31 57.31 82.42 80.8 95.02 93.72 88.96 89.69 30.81 28.86 63.51 65.19 84.5 85.23 0.0 2.0 62.8 60.83 79.03 77.47 34.99 36.72 86.33 88.14 20.52 19.21 68.26 68.47 52.89 50.96 37.0 35.11 69.12 68.1 76.4 78.34 61.74 
60.93 61.74 60.01 60.84 59.09 59.93 58.18 59.03 57.27 58.14 56.36 57.25 63.95 64.88 64.85 65.76 65.74 66.65 66.64 67.54 67.54 68.43 68.45 69.32 69.35 70.21 70.26 71.11 47.17 47.04 46.17 46.04 41.44 43.32 41.79 43.66 42.15 44.01 42.54 44.38 42.95 44.78 43.38 45.19 43.83 45.62 60.9 59.94 60.03 59.06 83.6 82.01 96.33 95.02 90.82 91.55 32.76 30.81 64.64 66.29 86.38 87.09 2.0 0.0 62.51 60.53 80.28 78.75 36.06 37.74 84.53 86.33 22.02 20.81 70.26 70.46 53.45 51.55 36.4 34.48 70.18 69.12 74.46 76.4 59.93 
107.2 108.81 106.61 108.23 106.02 107.65 105.44 107.07 104.86 106.51 104.29 105.95 103.35 105.12 103.83 105.59 104.32 106.07 104.81 106.55 105.31 107.04 105.82 107.54 106.33 108.05 106.85 108.56 19.21 18.03 20.0 18.87 82.08 82.86 83.01 83.77 83.93 84.69 84.86 85.62 85.8 86.54 86.73 87.46 87.66 88.39 68.88 69.84 68.0 68.96 58.22 58.08 72.69 70.71 132.23 133.66 79.76 78.77 123.49 125.36 128.0 129.45 62.8 62.51 0.0 2.0 59.0 59.03 96.17 98.08 120.1 121.25 54.12 55.9 103.48 104.8 26.4 27.29 27.07 29.07 46.1 44.1 103.23 104.48 99.3 
105.6 107.2 105.0 106.61 104.4 106.02 103.81 105.44 103.23 104.86 102.65 104.29 101.6 103.35 102.08 103.83 102.58 104.32 103.08 104.81 103.59 105.31 104.1 105.82 104.62 106.33 105.15 106.85 17.69 16.4 18.44 17.2 80.23 81.02 81.15 81.94 82.08 82.86 83.01 83.77 83.93 84.69 84.86 85.62 85.8 86.54 67.98 68.88 67.08 68.0 58.42 58.22 72.99 71.02 130.82 132.23 78.03 77.03 121.63 123.49 126.57 128.0 60.83 60.53 2.0 0.0 59.03 59.0 94.25 96.17 118.46 119.62 52.35 54.12 102.18 103.48 25.63 26.4 25.08 27.07 46.01 44.01 101.67 102.94 97.53 
86.15 88.14 86.09 88.09 86.05 88.05 86.02 88.02 86.01 88.01 86.0 88.0 141.23 142.52 141.99 143.28 142.76 144.05 143.53 144.81 144.31 145.58 145.09 146.35 145.87 147.12 146.65 147.9 49.34 51.24 49.65 51.55 117.8 119.33 118.44 119.97 119.1 120.62 119.75 121.26 120.42 121.92 121.08 122.58 121.75 123.24 32.06 34.06 32.02 34.01 5.1 3.16 16.4 14.87 99.96 101.84 71.57 72.12 115.85 117.83 96.77 98.67 79.03 80.28 59.0 59.03 0.0 2.0 97.08 98.98 161.03 162.61 58.82 60.46 70.6 72.53 36.69 37.34 66.71 67.54 13.34 15.3 147.28 148.95 137.0 
84.15 86.15 84.1 86.09 84.05 86.05 84.02 86.02 84.01 86.01 84.0 86.0 139.95 141.23 140.72 141.99 141.5 142.76 142.27 143.53 143.06 144.31 143.84 145.09 144.63 145.87 145.42 146.65 48.76 50.7 49.04 50.96 116.52 118.07 117.15 118.7 117.8 119.33 118.44 119.97 119.1 120.62 119.75 121.26 120.42 121.92 30.07 32.06 30.02 32.02 7.07 5.1 17.69 16.28 98.08 99.96 69.64 70.21 113.86 115.85 94.87 96.77 77.47 78.75 59.03 59.0 2.0 0.0 95.19 97.08 159.81 161.4 57.2 58.82 68.68 70.6 36.14 36.69 65.92 66.71 13.04 15.03 146.18 147.87 135.72 
36.5 36.22 35.51 35.23 34.53 34.23 33.54 33.24 32.56 32.25 31.58 31.26 77.01 77.01 78.01 78.01 79.01 79.01 80.01 80.01 81.01 81.01 82.01 82.01 83.01 83.01 84.01 84.01 78.64 79.08 77.67 78.1 61.13 63.06 60.88 62.82 60.64 62.59 60.42 62.37 60.21 62.17 60.02 61.98 59.84 61.81 68.48 66.73 68.0 66.24 101.53 99.62 111.09 110.31 65.03 65.12 25.94 25.08 28.6 30.23 61.0 61.03 34.99 36.06 96.17 94.25 97.08 95.19 0.0 2.0 96.25 98.25 44.1 42.11 55.46 54.63 81.1 79.1 71.59 69.78 90.8 90.43 92.66 94.64 74.11 
36.88 36.5 35.9 35.51 34.93 34.53 33.96 33.54 32.98 32.56 32.02 31.58 77.06 77.01 78.06 78.01 79.06 79.01 80.06 80.01 81.06 81.01 82.05 82.01 83.05 83.01 84.05 84.01 80.6 81.02 79.62 80.05 61.68 63.6 61.4 63.32 61.13 63.06 60.88 62.82 60.64 62.59 60.42 62.37 60.21 62.17 70.24 68.48 69.77 68.0 103.45 101.53 112.92 112.16 65.0 65.03 27.73 26.93 27.02 28.6 61.03 61.0 36.72 37.74 98.08 96.17 98.98 97.08 2.0 0.0 96.13 98.13 46.1 44.1 56.36 55.46 83.1 81.1 73.41 71.59 92.76 92.4 92.91 94.89 74.24 
132.64 132.46 131.64 131.46 130.65 130.46 129.65 129.47 128.66 128.47 127.66 127.48 20.62 19.92 19.7 18.97 18.79 18.03 17.89 17.09 17.0 16.16 16.12 15.23 15.26 14.32 14.42 13.42 116.0 114.63 115.28 113.9 43.57 41.88 43.05 41.34 42.54 40.82 42.06 40.31 41.59 39.82 41.15 39.36 40.72 38.91 145.36 144.45 144.47 143.56 163.38 162.11 177.43 175.86 161.08 161.03 112.09 110.16 114.13 114.42 157.16 157.08 86.33 84.53 120.1 118.46 161.03 159.81 96.25 96.13 0.0 2.0 106.07 105.12 149.25 148.85 127.31 125.94 97.67 96.21 149.04 147.51 18.44 18.11 24.6 
134.63 134.45 133.63 133.45 132.64 132.46 131.64 131.46 130.65 130.46 129.65 129.47 22.47 21.84 21.54 20.88 20.62 19.92 19.7 18.97 18.79 18.03 17.89 17.09 17.0 16.16 16.12 15.23 117.39 116.0 116.67 115.28 45.28 43.57 44.78 43.05 44.29 42.54 43.83 42.06 43.38 41.59 42.95 41.15 42.54 40.72 147.14 146.24 146.25 145.34 164.92 163.67 179.01 177.43 163.08 163.03 114.02 112.09 116.11 116.4 159.15 159.08 88.14 86.33 121.25 119.62 162.61 161.4 98.25 98.13 2.0 0.0 107.82 106.89 151.21 150.81 128.76 127.4 99.04 97.59 150.57 149.04 18.97 18.44 26.4 
54.45 55.87 53.74 55.17 53.04 54.49 52.35 53.81 51.66 53.15 50.99 52.5 85.59 86.61 86.45 87.46 87.32 88.32 88.19 89.19 89.07 90.05 89.94 90.92 90.82 91.79 91.71 92.66 35.47 36.25 34.54 35.34 62.61 64.4 63.06 64.85 63.53 65.3 64.01 65.76 64.5 66.24 65.0 66.73 65.51 67.23 39.4 38.63 38.48 37.7 62.43 60.75 74.65 73.41 82.1 83.23 25.81 24.7 69.92 71.84 77.67 78.82 20.52 22.02 54.12 52.35 58.82 57.2 44.1 46.1 106.07 107.82 0.0 2.0 56.65 57.38 37.01 35.01 34.21 33.02 49.66 48.85 94.92 96.8 81.49 
53.08 54.45 52.35 53.74 51.62 53.04 50.91 52.35 50.21 51.66 49.52 50.99 84.6 85.59 85.48 86.45 86.35 87.32 87.24 88.19 88.12 89.07 89.01 89.94 89.89 90.82 90.79 91.71 37.34 38.08 36.4 37.16 61.74 63.56 62.17 63.98 62.61 64.4 63.06 64.85 63.53 65.3 64.01 65.76 64.5 66.24 40.25 39.4 39.36 38.48 64.14 62.43 76.22 75.0 80.99 82.1 24.21 23.02 68.01 69.92 76.55 77.67 19.21 20.81 55.9 54.12 60.46 58.82 42.11 44.1 105.12 106.89 2.0 0.0 55.97 56.65 39.01 37.01 35.47 34.21 51.48 50.7 94.24 96.14 80.53 
22.8 24.41 23.43 25.0 24.08 25.61 24.76 26.25 25.46 26.91 26.17 27.59 129.07 129.44 130.05 130.42 131.03 131.4 132.02 132.38 133.0 133.36 133.99 134.35 134.97 135.33 135.96 136.31 84.65 86.21 84.02 85.6 109.29 111.29 109.37 111.36 109.46 111.45 109.55 111.54 109.66 111.65 109.77 111.76 109.9 111.88 39.81 38.01 40.25 38.47 75.69 73.76 78.23 78.41 30.02 31.76 38.01 40.01 57.43 59.08 26.4 28.23 68.26 70.26 103.48 102.18 70.6 68.68 55.46 56.36 149.25 151.21 56.65 55.97 0.0 2.0 78.52 77.08 89.89 89.0 72.45 73.36 142.59 144.59 125.6 
21.26 22.8 21.93 23.43 22.63 24.08 23.35 24.76 24.08 25.46 24.84 26.17 128.72 129.07 129.71 130.05 130.7 131.03 131.69 132.02 132.67 133.0 133.66 133.99 134.65 134.97 135.64 135.96 85.91 87.46 85.28 86.83 109.17 111.16 109.22 111.22 109.29 111.29 109.37 111.36 109.46 111.45 109.55 111.54 109.66 111.65 41.63 39.81 42.05 40.25 77.62 75.69 80.22 80.4 28.3 30.02 38.01 40.01 55.8 57.43 24.6 26.4 68.47 70.46 104.8 103.48 72.53 70.6 54.63 55.46 148.85 150.81 57.38 56.65 2.0 0.0 79.98 78.52 90.82 89.89 74.25 75.13 142.43 144.42 125.3 
85.0 86.77 84.53 86.31 84.08 85.87 83.63 85.43 83.19 85.0 82.76 84.58 108.3 109.79 108.98 110.45 109.66 111.13 110.34 111.8 111.04 112.49 111.73 113.17 112.43 113.86 113.14 114.56 12.65 14.56 13.0 14.87 85.15 86.45 85.91 87.21 86.68 87.97 87.46 88.73 88.24 89.5 89.02 90.27 89.81 91.05 42.54 43.57 41.68 42.72 37.58 36.77 52.39 50.57 107.94 109.48 60.17 59.67 106.1 108.06 103.86 105.42 52.89 53.45 26.4 25.63 36.69 36.14 81.1 83.1 127.31 128.76 37.01 39.01 78.52 79.98 0.0 2.0 30.53 31.62 23.41 21.54 112.45 114.02 104.06 
