65
0.0 2.0 1.0 2.24 2.0 2.83 3.0 3.61 4.0 4.47 23.77 25.71 23.54 25.5 23.35 25.32 23.19 25.18 33.24 32.57 34.13 32.45 33.62 31.91 17.0 18.79 17.49 19.24 61.81 62.17 63.07 65.07 24.6 23.77 10.77 12.65 20.88 18.97 8.54 6.71 21.1 19.42 17.49 18.6 55.46 57.27 67.36 69.35 68.88 70.68 14.0 14.14 39.2 41.19 22.85 23.71 74.95 76.84 15.52 13.6 18.79 18.03 21.38 21.84 5.39 
2.0 0.0 2.24 1.0 2.83 2.0 3.61 3.0 4.47 4.0 24.35 26.25 24.04 25.96 23.77 25.71 23.54 25.5 34.01 33.24 35.23 33.6 34.67 33.02 16.16 18.03 16.55 18.38 61.52 61.81 63.01 65.01 25.55 24.6 8.94 10.77 22.8 20.88 10.44 8.54 22.83 21.1 19.24 20.25 56.36 58.14 67.19 69.18 69.77 71.55 16.0 16.12 39.05 41.05 22.14 22.85 75.61 77.49 17.46 15.52 20.62 19.92 23.35 23.77 7.28 
1.0 2.24 0.0 2.0 1.0 2.24 2.0 2.83 3.0 3.61 22.8 24.74 22.56 24.52 22.36 24.33 22.2 24.19 32.31 31.62 34.99 33.29 34.48 32.76 16.12 17.89 16.64 18.36 60.83 61.19 62.07 64.07 25.5 24.7 11.18 13.0 21.19 19.31 8.25 6.32 20.59 18.87 17.0 18.03 54.56 56.36 66.37 68.36 67.98 69.78 14.04 14.04 38.21 40.2 21.93 22.83 74.0 75.89 15.3 13.34 19.24 18.38 21.21 21.59 5.1 
2.24 1.0 2.0 0.0 2.24 1.0 2.83 2.0 3.61 3.0 23.41 25.3 23.09 25.0 22.8 24.74 22.56 24.52 33.11 32.31 36.06 34.41 35.51 33.84 15.23 17.09 15.65 17.46 60.53 60.83 62.01 64.01 26.42 25.5 9.43 11.18 23.09 21.19 10.2 8.25 22.36 20.59 18.79 19.72 55.47 57.25 66.19 68.18 68.88 70.66 16.03 16.03 38.05 40.05 21.19 21.93 74.67 76.55 17.26 15.3 21.02 20.25 23.19 23.54 7.07 
2.0 2.83 1.0 2.24 0.0 2.0 1.0 2.24 2.0 2.83 21.84 23.77 21.59 23.54 21.38 23.35 21.21 23.19 31.38 30.68 35.85 34.13 35.36 33.62 15.26 17.0 15.81 17.49 59.84 60.21 61.07 63.07 26.4 25.63 11.66 13.42 21.54 19.7 8.06 6.08 20.12 18.36 16.55 17.49 53.67 55.46 65.38 67.36 67.08 68.88 14.14 14.0 37.22 39.2 21.02 21.95 73.05 74.95 15.13 13.15 19.72 18.79 21.1 21.38 5.0 
2.83 2.0 2.24 1.0 2.0 0.0 2.24 1.0 2.83 2.0 22.47 24.35 22.14 24.04 21.84 23.77 21.59 23.54 32.2 31.38 36.89 35.23 36.36 34.67 14.32 16.16 14.76 16.55 59.54 59.84 61.01 63.01 27.29 26.4 10.0 11.66 23.41 21.54 10.05 8.06 21.93 20.12 18.38 19.24 54.59 56.36 65.19 67.19 68.0 69.77 16.12 16.0 37.05 39.05 20.25 21.02 73.74 75.61 17.12 15.13 21.47 20.62 23.09 23.35 7.0 
3.0 3.61 2.0 2.83 1.0 2.24 0.0 2.0 1.0 2.24 20.88 22.8 20.62 22.56 20.4 22.36 20.22 22.2 30.46 29.73 36.72 34.99 36.24 34.48 14.42 16.12 15.0 16.64 58.86 59.23 60.07 62.07 27.31 26.57 12.21 13.89 21.93 20.12 8.0 6.0 19.7 17.89 16.16 17.0 52.77 54.56 64.38 66.37 66.19 67.98 14.32 14.04 36.22 38.21 20.12 21.1 72.11 74.0 15.03 13.04 20.25 19.24 21.02 21.21 5.1 
3.61 3.0 2.83 2.0 2.24 1.0 2.0 0.0 2.24 1.0 21.54 23.41 21.19 23.09 20.88 22.8 20.62 22.56 31.3 30.46 37.74 36.06 37.22 35.51 13.42 15.23 13.89 15.65 58.55 58.86 60.01 62.01 28.18 27.31 10.63 12.21 23.77 21.93 10.0 8.0 21.54 19.7 18.03 18.79 53.71 55.47 64.2 66.19 67.12 68.88 16.28 16.03 36.06 38.05 19.31 20.12 72.8 74.67 17.03 15.03 21.95 21.02 23.02 23.19 7.07 
4.0 4.47 3.0 3.61 2.0 2.83 1.0 2.24 0.0 2.0 19.92 21.84 19.65 21.59 19.42 21.38 19.24 21.21 29.55 28.79 37.59 35.85 37.12 35.36 13.6 15.26 14.21 15.81 57.87 58.25 59.08 61.07 28.23 27.51 12.81 14.42 22.36 20.59 8.06 6.08 19.31 17.46 15.81 16.55 51.88 53.67 63.39 65.38 65.3 67.08 14.56 14.14 35.23 37.22 19.24 20.25 71.17 73.05 15.0 13.0 20.81 19.72 21.0 21.1 5.39 
4.47 4.0 3.61 3.0 2.83 2.0 2.24 1.0 2.0 0.0 20.62 22.47 20.25 22.14 19.92 21.84 19.65 21.59 30.41 29.55 38.59 36.89 38.08 36.36 12.53 14.32 13.04 14.76 57.56 57.87 59.01 61.01 29.07 28.23 11.31 12.81 24.17 22.36 10.05 8.06 21.19 19.31 17.72 18.38 52.84 54.59 63.2 65.19 66.24 68.0 16.49 16.12 35.06 37.05 18.38 19.24 71.87 73.74 17.0 15.0 22.47 21.47 23.0 23.09 7.28 
23.77 24.35 22.8 23.41 21.84 22.47 20.88 21.54 19.92 20.62 0.0 2.0 1.0 2.24 2.0 2.83 3.0 3.61 10.0 8.94 53.37 51.42 53.15 51.2 16.12 15.23 17.0 16.16 41.23 42.05 41.0 42.95 45.28 45.1 31.38 32.45 32.2 31.38 20.1 20.0 16.97 15.62 16.64 15.0 32.45 34.13 45.88 47.8 45.79 47.51 24.35 22.47 18.87 20.59 15.13 17.12 51.26 53.14 21.02 20.25 32.89 31.02 24.21 22.67 21.02 
25.71 26.25 24.74 25.3 23.77 24.35 22.8 23.41 21.84 22.47 2.0 0.0 2.24 1.0 2.83 2.0 3.61 3.0 8.49 7.21 55.32 53.37 55.11 53.15 17.2 16.12 18.03 17.0 39.4 40.25 39.05 41.0 47.27 47.1 33.12 34.13 34.01 33.24 22.09 22.0 18.44 17.2 18.36 16.64 30.81 32.45 43.97 45.88 44.1 45.79 26.25 24.35 17.2 18.87 15.52 17.46 49.4 51.26 22.85 22.14 34.79 32.89 25.81 24.21 23.02 
23.54 24.04 22.56 23.09 21.59 22.14 20.62 21.19 19.65 20.25 1.0 2.24 0.0 2.0 1.0 2.24 2.0 2.83 10.63 9.43 53.6 51.66 53.37 51.42 15.26 14.32 16.12 15.23 40.85 41.63 40.79 42.76 45.4 45.18 30.89 31.91 32.65 31.78 20.22 20.02 17.69 16.28 17.2 15.62 33.02 34.67 45.61 47.54 46.32 48.02 24.7 22.85 18.36 20.12 14.14 16.12 51.62 53.49 21.47 20.62 33.24 31.38 24.84 23.35 21.0 
25.5 25.96 24.52 25.0 23.54 24.04 22.56 23.09 21.59 22.14 2.24 1.0 2.0 0.0 2.24 1.0 2.83 2.0 9.22 7.81 55.54 53.6 55.32 53.37 16.4 15.26 17.2 16.12 39.0 39.81 38.83 40.79 47.38 47.17 32.65 33.62 34.44 33.62 22.2 22.02 19.1 17.8 18.87 17.2 31.4 33.02 43.68 45.61 44.65 46.32 26.57 24.7 16.64 18.36 14.56 16.49 49.77 51.62 23.26 22.47 35.11 33.24 26.4 24.84 23.0 
23.35 23.77 22.36 22.8 21.38 21.84 20.4 20.88 19.42 19.92 2.0 2.83 1.0 2.24 0.0 2.0 1.0 2.24 11.31 10.0 53.85 51.92 53.6 51.66 14.42 13.42 15.26 14.32 40.5 41.23 40.61 42.58 45.54 45.28 30.41 31.38 33.12 32.2 20.4 20.1 18.44 16.97 17.8 16.28 33.6 35.23 45.35 47.3 46.87 48.55 25.08 23.26 17.89 19.7 13.15 15.13 52.0 53.85 21.95 21.02 33.62 31.78 25.5 24.04 21.02 
25.32 25.71 24.33 24.74 23.35 23.77 22.36 22.8 21.38 21.84 2.83 2.0 2.24 1.0 2.0 0.0 2.24 1.0 10.0 8.49 55.79 53.85 55.54 53.6 15.62 14.42 16.4 15.26 38.63 39.4 38.64 40.61 47.52 47.27 32.2 33.12 34.89 34.01 22.36 22.09 19.8 18.44 19.42 17.8 32.02 33.6 43.42 45.35 45.22 46.87 26.93 25.08 16.12 17.89 13.6 15.52 50.16 52.0 23.71 22.85 35.47 33.62 27.02 25.5 23.02 
23.19 23.54 22.2 22.56 21.21 21.59 20.22 20.62 19.24 19.65 3.0 3.61 2.0 2.83 1.0 2.24 0.0 2.0 12.04 10.63 54.12 52.2 53.85 51.92 13.6 12.53 14.42 13.42 40.16 40.85 40.45 42.43 45.71 45.4 29.97 30.89 33.62 32.65 20.62 20.22 19.21 17.69 18.44 16.97 34.21 35.81 45.12 47.07 47.43 49.09 25.5 23.71 17.46 19.31 12.17 14.14 52.39 54.23 22.47 21.47 34.01 32.2 26.17 24.76 21.1 
25.18 25.5 24.19 24.52 23.19 23.54 22.2 22.56 21.21 21.59 3.61 3.0 2.83 2.0 2.24 1.0 2.0 0.0 10.82 9.22 56.04 54.12 55.79 53.85 14.87 13.6 15.62 14.42 38.28 39.0 38.47 40.45 47.68 47.38 31.78 32.65 35.36 34.44 22.56 22.2 20.52 19.1 20.0 18.44 32.65 34.21 43.17 45.12 45.8 47.43 27.31 25.5 15.65 17.46 12.65 14.56 50.57 52.39 24.19 23.26 35.85 34.01 27.66 26.17 23.09 
33.24 34.01 32.31 33.11 31.38 32.2 30.46 31.3 29.55 30.41 10.0 8.49 10.63 9.22 11.31 10.0 12.04 10.82 0.0 2.0 60.3 58.31 60.21 58.22 25.61 24.41 26.4 25.24 37.2 38.42 35.34 37.16 53.01 53.08 41.34 42.44 37.85 37.48 28.28 28.64 20.88 20.4 22.2 20.22 22.47 24.19 40.71 42.49 35.85 37.59 31.06 29.07 17.89 18.87 23.26 25.08 41.76 43.68 27.17 27.02 39.32 37.34 28.46 26.57 29.83 
32.57 33.24 31.62 32.31 30.68 31.38 29.73 30.46 28.79 29.55 8.94 7.21 9.43 7.81 10.0 8.49 10.63 9.22 2.0 0.0 60.53 58.55 60.41 58.42 24.08 22.8 24.84 23.6 36.06 37.2 34.54 36.4 53.01 53.01 40.31 41.34 38.33 37.85 28.07 28.28 21.54 20.88 22.56 20.62 23.6 25.24 39.81 41.63 36.89 38.59 31.26 29.27 16.12 17.2 21.47 23.26 42.38 44.27 27.46 27.17 39.62 37.66 29.15 27.31 29.43 
34.13 35.23 34.99 36.06 35.85 36.89 36.72 37.74 37.59 38.59 53.37 55.32 53.6 55.54 53.85 55.79 54.12 56.04 60.3 60.53 0.0 2.0 1.0 2.24 51.11 52.84 51.62 53.34 94.25 94.87 94.37 96.32 9.9 11.4 37.54 39.05 23.09 23.0 33.53 34.18 40.0 40.05 38.12 40.11 79.23 81.22 99.2 101.14 91.79 93.77 29.27 31.26 71.47 73.38 56.82 57.8 100.18 102.18 33.14 33.38 21.02 23.02 33.14 35.13 33.62 
32.45 33.6 33.29 34.41 34.13 35.23 34.99 36.06 35.85 36.89 51.42 53.37 51.66 53.6 51.92 53.85 52.2 54.12 58.31 58.55 2.0 0.0 2.24 1.0 49.4 51.11 49.93 51.62 92.35 92.97 92.42 94.37 8.6 10.3 36.24 37.8 21.1 21.0 31.62 32.31 38.0 38.05 36.12 38.12 77.23 79.23 97.27 99.2 89.81 91.79 27.29 29.27 69.57 71.47 55.07 56.08 98.18 100.18 31.14 31.4 19.03 21.02 31.14 33.14 31.78 
33.62 34.67 34.48 35.51 35.36 36.36 36.24 37.22 37.12 38.08 53.15 55.11 53.37 55.32 53.6 55.54 53.85 55.79 60.21 60.41 1.0 2.24 0.0 2.0 50.61 52.35 51.11 52.84 93.96 94.56 94.15 96.1 9.22 10.63 36.8 38.29 23.19 23.02 33.24 33.84 40.01 40.01 38.05 40.05 79.31 81.3 98.95 100.9 91.92 93.9 29.15 31.14 71.17 73.08 56.36 57.31 100.24 102.24 33.06 33.24 21.0 23.0 33.24 35.23 33.24 
31.91 33.02 32.76 33.84 33.62 34.67 34.48 35.51 35.36 36.36 51.2 53.15 51.42 53.37 51.66 53.6 51.92 53.85 58.22 58.42 2.24 1.0 2.0 0.0 48.88 50.61 49.4 51.11 92.05 92.66 92.2 94.15 7.81 9.43 35.47 37.01 21.21 21.02 31.32 31.95 38.01 38.01 36.06 38.05 77.32 79.31 97.02 98.95 89.94 91.92 27.17 29.15 69.26 71.17 54.59 55.57 98.25 100.24 31.06 31.26 19.0 21.0 31.26 33.24 31.38 
17.0 16.16 16.12 15.23 15.26 14.32 14.42 13.42 13.6 12.53 16.12 17.2 15.26 16.4 14.42 15.62 13.6 14.87 25.61 24.08 51.11 49.4 50.61 48.88 0.0 2.0 1.0 2.24 46.04 46.17 48.26 50.25 41.59 40.72 19.1 19.42 35.0 33.42 20.0 18.44 26.31 24.33 23.77 23.35 47.42 48.92 52.01 54.01 60.44 62.01 26.63 25.55 24.33 26.31 6.08 6.71 64.5 66.24 25.5 23.71 33.97 32.65 31.02 30.36 18.38 
18.79 18.03 17.89 17.09 17.0 16.16 16.12 15.23 15.26 14.32 15.23 16.12 14.32 15.26 13.42 14.42 12.53 13.6 24.41 22.8 52.84 51.11 52.35 50.61 2.0 0.0 2.24 1.0 44.05 44.18 46.27 48.26 43.38 42.54 21.1 21.38 36.24 34.71 21.26 19.8 26.68 24.74 24.35 23.77 45.97 47.42 50.01 52.01 58.9 60.44 27.8 26.63 22.36 24.33 4.12 5.0 62.77 64.5 26.42 24.7 35.36 33.97 31.78 31.02 19.85 
17.49 16.55 16.64 15.65 15.81 14.76 15.0 13.89 14.21 13.04 17.0 18.03 16.12 17.2 15.26 16.4 14.42 15.62 26.4 24.84 51.62 49.93 51.11 49.4 1.0 2.24 0.0 2.0 46.01 46.1 48.37 50.36 42.06 41.15 19.03 19.24 35.81 34.21 20.81 19.21 27.29 25.32 24.74 24.33 48.1 49.58 52.04 54.04 61.07 62.63 27.46 26.42 24.52 26.48 6.0 6.32 65.0 66.73 26.4 24.6 34.71 33.42 31.95 31.32 19.1 
19.24 18.38 18.36 17.46 17.49 16.55 16.64 15.65 15.81 14.76 16.16 17.0 15.23 16.12 14.32 15.26 13.42 14.42 25.24 23.6 53.34 51.62 52.84 51.11 2.24 1.0 2.0 0.0 44.01 44.1 46.39 48.37 43.83 42.95 21.02 21.21 37.01 35.47 22.02 20.52 27.66 25.71 25.3 24.74 46.67 48.1 50.04 52.04 59.55 61.07 28.6 27.46 22.56 24.52 4.0 4.47 63.29 65.0 27.29 25.55 36.07 34.71 32.7 31.95 20.52 
61.81 61.52 60.83 60.53 59.84 59.54 58.86 58.55 57.87 57.56 41.23 39.4 40.85 39.0 40.5 38.63 40.16 38.28 37.2 36.06 94.25 92.35 93.96 92.05 46.04 44.05 46.01 44.01 0.0 2.0 7.28 8.06 85.62 85.15 65.0 65.03 73.41 72.62 60.73 60.17 57.31 56.36 57.7 55.9 35.74 35.17 6.71 8.54 40.01 40.11 65.55 63.69 22.8 20.88 40.01 40.01 35.44 36.06 62.24 61.47 74.09 72.24 64.88 63.13 60.88 
62.17 61.81 61.19 60.83 60.21 59.84 59.23 58.86 58.25 57.87 42.05 40.25 41.63 39.81 41.23 39.4 40.85 39.0 38.42 37.2 94.87 92.97 94.56 92.66 46.17 44.18 46.1 44.1 2.0 0.0 9.22 9.85 86.13 85.62 65.03 65.0 74.25 73.41 61.35 60.73 58.31 57.31 58.59 56.82 37.64 37.11 7.81 9.43 42.01 42.11 66.31 64.47 23.41 21.54 40.11 40.01 37.36 37.95 63.07 62.24 74.85 73.01 65.86 64.14 61.4 
63.07 63.01 62.07 62.01 61.07 61.01 60.07 60.01 59.08 59.01 41.0 39.05 40.79 38.83 40.61 38.64 40.45 38.47 35.34 34.54 94.37 92.42 94.15 92.2 48.26 46.27 48.37 46.39 7.28 9.22 0.0 2.0 86.15 85.84 67.36 67.6 72.73 72.12 61.0 60.67 56.08 55.36 56.92 55.03 29.97 29.15 5.66 7.21 33.02 33.02 65.25 63.32 24.02 22.02 42.43 42.76 28.16 28.79 61.68 61.13 73.76 71.84 63.69 61.85 61.52 
65.07 65.01 64.07 64.01 63.07 63.01 62.07 62.01 61.07 61.01 42.95 41.0 42.76 40.79 42.58 40.61 42.43 40.45 37.16 36.4 96.32 94.37 96.1 94.15 50.25 48.26 50.36 48.37 8.06 9.85 2.0 0.0 88.12 87.82 69.35 69.58 74.63 74.04 62.97 62.65 57.94 57.25 58.82 56.92 30.89 29.97 4.47 5.66 33.14 33.02 67.19 65.25 26.02 24.02 44.41 44.72 27.66 28.16 63.6 63.06 75.69 73.76 65.55 63.69 63.51 
24.6 25.55 25.5 26.42 26.4 27.29 27.31 28.18 28.23 29.07 45.28 47.27 45.4 47.38 45.54 47.52 45.71 47.68 53.01 53.01 9.9 8.6 9.22 7.81 41.59 43.38 42.06 43.83 85.62 86.13 86.15 88.12 0.0 2.0 27.66 29.21 18.36 17.46 25.18 25.5 33.73 33.38 31.26 33.24 73.16 75.13 90.8 92.76 86.12 88.07 22.2 24.19 62.82 64.76 47.42 48.3 93.9 95.89 26.31 26.08 15.23 17.09 27.86 29.73 24.74 
23.77 24.6 24.7 25.5 25.63 26.4 26.57 27.31 27.51 28.23 45.1 47.1 45.18 47.17 45.28 47.27 45.4 47.38 53.08 53.01 11.4 10.3 10.63 9.43 40.72 42.54 41.15 42.95 85.15 85.62 85.84 87.82 2.0 0.0 26.17 27.66 19.42 18.36 25.02 25.18 34.21 33.73 31.58 33.54 73.55 75.5 90.43 92.4 86.59 88.53 22.56 24.52 62.37 64.33 46.62 47.42 94.2 96.18 26.68 26.31 16.12 17.89 28.64 30.46 24.33 
10.77 8.94 11.18 9.43 11.66 10.0 12.21 10.63 12.81 11.31 31.38 33.12 30.89 32.65 30.41 32.2 29.97 31.78 41.34 40.31 37.54 36.24 36.8 35.47 19.1 21.1 19.03 21.02 65.0 65.03 67.36 69.35 27.66 26.17 0.0 2.0 30.07 28.07 19.31 17.46 31.76 30.02 28.18 29.15 63.81 65.51 71.06 73.06 77.18 78.89 24.33 24.74 43.42 45.4 25.02 25.02 82.35 84.17 26.25 24.35 27.29 27.07 32.02 32.57 16.16 
12.65 10.77 13.0 11.18 13.42 11.66 13.89 12.21 14.42 12.81 32.45 34.13 31.91 33.62 31.38 33.12 30.89 32.65 42.44 41.34 39.05 37.8 38.29 37.01 19.42 21.38 19.24 21.21 65.03 65.0 67.6 69.58 29.21 27.66 2.0 0.0 32.06 30.07 21.19 19.31 33.54 31.76 29.97 30.89 64.9 66.57 71.18 73.17 78.23 79.92 26.31 26.68 43.74 45.71 25.18 25.02 83.19 85.0 28.16 26.25 29.27 29.07 33.96 34.48 18.03 
20.88 22.8 21.19 23.09 21.54 23.41 21.93 23.77 22.36 24.17 32.2 34.01 32.65 34.44 33.12 34.89 33.62 35.36 37.85 38.33 23.09 21.1 23.19 21.21 35.0 36.24 35.81 37.01 73.41 74.25 72.73 74.63 18.36 19.42 30.07 32.06 0.0 2.0 15.0 16.64 17.12 17.46 15.81 17.72 56.14 58.14 77.83 79.71 68.73 70.71 8.49 10.0 51.0 52.77 39.62 41.11 77.1 79.1 11.18 12.21 3.61 3.0 10.05 12.04 17.0 
18.97 20.88 19.31 21.19 19.7 21.54 20.12 21.93 20.59 22.36 31.38 33.24 31.78 33.62 32.2 34.01 32.65 34.44 37.48 37.85 23.0 21.0 23.02 21.02 33.42 34.71 34.21 35.47 72.62 73.41 72.12 74.04 17.46 18.36 28.07 30.07 2.0 0.0 13.45 15.0 17.0 17.12 15.3 17.26 56.32 58.31 77.16 79.06 69.05 71.02 7.21 8.94 50.09 51.89 38.18 39.62 77.23 79.23 10.44 11.18 2.24 1.0 10.44 12.37 15.26 
8.54 10.44 8.25 10.2 8.06 10.05 8.0 10.0 8.06 10.05 20.1 22.09 20.22 22.2 20.4 22.36 20.62 22.56 28.28 28.07 33.53 31.62 33.24 31.32 20.0 21.26 20.81 22.02 60.73 61.35 61.0 62.97 25.18 25.02 19.31 21.19 15.0 13.45 0.0 2.0 12.81 11.31 9.22 10.63 49.65 51.55 65.73 67.68 62.97 64.85 6.71 6.08 37.95 39.85 24.76 26.17 69.86 71.81 7.07 5.1 14.21 12.73 13.04 13.34 3.16 
6.71 8.54 6.32 8.25 6.08 8.06 6.0 8.0 6.08 8.06 20.0 22.0 20.02 22.02 20.1 22.09 20.22 22.2 28.64 28.28 34.18 32.31 33.84 31.95 18.44 19.8 19.21 20.52 60.17 60.73 60.67 62.65 25.5 25.18 17.46 19.31 16.64 15.0 2.0 0.0 14.42 12.81 10.82 12.04 50.33 52.2 65.31 67.27 63.69 65.55 8.54 8.06 37.36 39.29 23.43 24.76 70.34 72.28 9.06 7.07 15.56 14.21 15.03 15.3 1.41 
21.1 22.83 20.59 22.36 20.12 21.93 19.7 21.54 19.31 21.19 16.97 18.44 17.69 19.1 18.44 19.8 19.21 20.52 20.88 21.54 40.0 38.0 40.01 38.01 26.31 26.68 27.29 27.66 57.31 58.31 56.08 57.94 33.73 34.21 31.76 33.54 17.12 17.0 12.81 14.42 0.0 2.0 3.61 3.0 39.46 41.44 61.33 63.16 52.39 54.34 11.7 9.85 35.61 37.2 28.79 30.68 60.3 62.29 7.62 8.6 19.03 17.03 7.62 5.83 15.81 
19.42 21.1 18.87 20.59 18.36 20.12 17.89 19.7 17.46 19.31 15.62 17.2 16.28 17.8 16.97 18.44 17.69 19.1 20.4 20.88 40.05 38.05 40.01 38.01 24.33 24.74 25.32 25.71 56.36 57.31 55.36 57.25 33.38 33.73 30.02 31.76 17.46 17.12 11.31 12.81 2.0 0.0 2.24 1.0 39.81 41.77 60.54 62.39 52.89 54.82 11.18 9.22 34.41 36.06 26.93 28.79 60.53 62.51 7.07 7.62 19.03 17.03 8.6 7.07 14.21 
17.49 19.24 17.0 18.79 16.55 18.38 16.16 18.03 15.81 17.72 16.64 18.36 17.2 18.87 17.8 19.42 18.44 20.0 22.2 22.56 38.12 36.12 38.05 36.06 23.77 24.35 24.74 25.3 57.7 58.59 56.92 58.82 31.26 31.58 28.18 29.97 15.81 15.3 9.22 10.82 3.61 2.24 0.0 2.0 41.98 43.93 62.03 63.91 55.08 57.01 9.06 7.07 35.51 37.22 26.83 28.64 62.65 64.63 5.0 5.39 17.12 15.13 7.81 6.71 12.21 
18.6 20.25 18.03 19.72 17.49 19.24 17.0 18.79 16.55 18.38 15.0 16.64 15.62 17.2 16.28 17.8 16.97 18.44 20.22 20.62 40.11 38.12 40.05 38.05 23.35 23.77 24.33 24.74 55.9 56.82 55.03 56.92 33.24 33.54 29.15 30.89 17.72 17.26 10.63 12.04 3.0 1.0 2.0 0.0 40.02 41.98 60.17 62.03 53.16 55.08 11.05 9.06 33.84 35.51 26.0 27.86 60.67 62.65 7.0 7.28 19.1 17.12 9.22 7.81 13.45 
55.46 56.36 54.56 55.47 53.67 54.59 52.77 53.71 51.88 52.84 32.45 30.81 33.02 31.4 33.6 32.02 34.21 32.65 22.47 23.6 79.23 77.23 79.31 77.32 47.42 45.97 48.1 46.67 35.74 37.64 29.97 30.89 73.16 73.55 63.81 64.9 56.14 56.32 49.65 50.33 39.46 39.81 41.98 40.02 0.0 2.0 35.36 36.36 13.42 15.23 50.99 49.03 30.08 29.41 43.93 45.45 21.0 23.0 46.87 47.3 58.42 56.44 46.1 44.1 51.62 
57.27 58.14 56.36 57.25 55.46 56.36 54.56 55.47 53.67 54.59 34.13 32.45 34.67 33.02 35.23 33.6 35.81 34.21 24.19 25.24 81.22 79.23 81.3 79.31 48.92 47.42 49.58 48.1 35.17 37.11 29.15 29.97 75.13 75.5 65.51 66.57 58.14 58.31 51.55 52.2 41.44 41.77 43.93 41.98 2.0 0.0 34.44 35.36 11.66 13.42 52.95 50.99 30.87 30.08 45.28 46.75 19.0 21.0 48.84 49.24 60.41 58.42 48.09 46.1 53.49 
67.36 67.19 66.37 66.19 65.38 65.19 64.38 64.2 63.39 63.2 45.88 43.97 45.61 43.68 45.35 43.42 45.12 43.17 40.71 39.81 99.2 97.27 98.95 97.02 52.01 50.01 52.04 50.04 6.71 7.81 5.66 4.47 90.8 90.43 71.06 71.18 77.83 77.16 65.73 65.31 61.33 60.54 62.03 60.17 35.36 34.44 0.0 2.0 37.34 37.12 70.21 68.31 28.16 26.17 46.04 46.17 31.26 31.58 66.73 66.1 78.75 76.84 68.94 67.12 66.1 
69.35 69.18 68.36 68.18 67.36 67.19 66.37 66.19 65.38 65.19 47.8 45.88 47.54 45.61 47.3 45.35 47.07 45.12 42.49 41.63 101.14 99.2 100.9 98.95 54.01 52.01 54.04 52.04 8.54 9.43 7.21 5.66 92.76 92.4 73.06 73.17 79.71 79.06 67.68 67.27 63.16 62.39 63.91 62.03 36.36 35.36 2.0 0.0 37.66 37.34 72.12 70.21 30.15 28.16 48.04 48.17 31.06 31.26 68.62 68.01 80.65 78.75 70.77 68.94 68.07 
68.88 69.77 67.98 68.88 67.08 68.0 66.19 67.12 65.3 66.24 45.79 44.1 46.32 44.65 46.87 45.22 47.43 45.8 35.85 36.89 91.79 89.81 91.92 89.94 60.44 58.9 61.07 59.55 40.01 42.01 33.02 33.14 86.12 86.59 77.18 78.23 68.73 69.05 62.97 63.69 52.39 52.89 55.08 53.16 13.42 11.66 37.34 37.66 0.0 2.0 64.03 62.1 41.05 39.96 56.59 57.98 10.82 12.53 59.91 60.44 71.2 69.23 58.69 56.72 65.0 
70.68 71.55 69.78 70.66 68.88 69.77 67.98 68.88 67.08 68.0 47.51 45.79 48.02 46.32 48.55 46.87 49.09 47.43 37.59 38.59 93.77 91.79 93.9 91.92 62.01 60.44 62.63 61.07 40.11 42.11 33.02 33.02 88.07 88.53 78.89 79.92 70.71 71.02 64.85 65.55 54.34 54.82 57.01 55.08 15.23 13.42 37.12 37.34 2.0 0.0 65.97 64.03 42.2 41.05 58.05 59.41 9.22 10.82 61.85 62.36 73.16 71.2 60.67 58.69 66.85 
14.0 16.0 14.04 16.03 14.14 16.12 14.32 16.28 14.56 16.49 24.35 26.25 24.7 26.57 25.08 26.93 25.5 27.31 31.06 31.26 29.27 27.29 29.15 27.17 26.63 27.8 27.46 28.6 65.55 66.31 65.25 67.19 22.2 22.56 24.33 26.31 8.49 7.21 6.71 8.54 11.7 11.18 9.06 11.05 50.99 52.95 70.21 72.12 64.03 65.97 0.0 2.0 42.95 44.78 31.14 32.65 71.7 73.68 4.12 4.12 8.54 6.71 8.06 9.22 9.22 
14.14 16.12 14.04 16.03 14.0 16.0 14.04 16.03 14.14 16.12 22.47 24.35 22.85 24.7 23.26 25.08 23.71 25.5 29.07 29.27 31.26 29.27 31.14 29.15 25.55 26.63 26.42 27.46 63.69 64.47 63.32 65.25 24.19 24.52 24.74 26.68 10.0 8.94 6.08 8.06 9.85 9.22 7.07 9.06 49.03 50.99 68.31 70.21 62.1 64.03 2.0 0.0 41.15 42.95 29.83 31.4 69.72 71.7 2.24 2.24 10.44 8.54 7.28 8.06 9.0 
39.2 39.05 38.21 38.05 37.22 37.05 36.22 36.06 35.23 35.06 18.87 17.2 18.36 16.64 17.89 16.12 17.46 15.65 17.89 16.12 71.47 69.57 71.17 69.26 24.33 22.36 24.52 22.56 22.8 23.41 24.02 26.02 62.82 62.37 43.42 43.74 51.0 50.09 37.95 37.36 35.61 34.41 35.51 33.84 30.08 30.87 28.16 30.15 41.05 42.2 42.95 41.15 0.0 2.0 18.68 19.31 42.52 44.05 39.82 38.91 51.48 49.66 43.01 41.4 38.08 
41.19 41.05 40.2 40.05 39.2 39.05 38.21 38.05 37.22 37.05 20.59 18.87 20.12 18.36 19.7 17.89 19.31 17.46 18.87 17.2 73.38 71.47 73.08 71.17 26.31 24.33 26.48 24.52 20.88 21.54 22.02 24.02 64.76 64.33 45.4 45.71 52.77 51.89 39.85 39.29 37.2 36.06 37.22 35.51 29.41 30.08 26.17 28.16 39.96 41.05 44.78 42.95 2.0 0.0 20.62 21.19 41.04 42.52 41.59 40.72 53.31 51.48 44.65 43.01 40.02 
22.85 22.14 21.93 21.19 21.02 20.25 20.12 19.31 19.24 18.38 15.13 15.52 14.14 14.56 13.15 13.6 12.17 12.65 23.26 21.47 56.82 55.07 56.36 54.59 6.08 4.12 6.0 4.0 40.01 40.11 42.43 44.41 47.42 46.62 25.02 25.18 39.62 38.18 24.76 23.43 28.79 26.93 26.83 26.0 43.93 45.28 46.04 48.04 56.59 58.05 31.14 29.83 18.68 20.62 0.0 2.0 59.91 61.59 29.41 27.8 38.95 37.48 34.48 33.54 23.6 
23.71 22.85 22.83 21.93 21.95 21.02 21.1 20.12 20.25 19.24 17.12 17.46 16.12 16.49 15.13 15.52 14.14 14.56 25.08 23.26 57.8 56.08 57.31 55.57 6.71 5.0 6.32 4.47 40.01 40.01 42.76 44.72 48.3 47.42 25.02 25.02 41.11 39.62 26.17 24.76 30.68 28.79 28.64 27.86 45.45 46.75 46.17 48.17 57.98 59.41 32.65 31.4 19.31 21.19 2.0 0.0 61.03 62.68 31.06 29.41 40.31 38.9 36.24 35.34 24.84 
74.95 75.61 74.0 74.67 73.05 73.74 72.11 72.8 71.17 71.87 51.26 49.4 51.62 49.77 52.0 50.16 52.39 50.57 41.76 42.38 100.18 98.18 100.24 98.25 64.5 62.77 65.0 63.29 35.44 37.36 28.16 27.66 93.9 94.2 82.35 83.19 77.1 77.23 69.86 70.34 60.3 60.53 62.65 60.67 21.0 19.0 31.26 31.06 10.82 9.22 71.7 69.72 42.52 41.04 59.91 61.03 0.0 2.0 67.6 67.9 79.31 77.32 67.07 65.07 71.57 
76.84 77.49 75.89 76.55 74.95 75.61 74.0 74.67 73.05 73.74 53.14 51.26 53.49 51.62 53.85 52.0 54.23 52.39 43.68 44.27 102.18 100.18 102.24 100.24 66.24 64.5 66.73 65.0 36.06 37.95 28.79 28.16 95.89 96.18 84.17 85.0 79.1 79.23 71.81 72.28 62.29 62.51 64.63 62.65 23.0 21.0 31.58 31.26 12.53 10.82 73.68 71.7 44.05 42.52 61.59 62.68 2.0 0.0 69.58 69.87 81.3 79.31 69.07 67.07 73.5 
15.52 17.46 15.3 17.26 15.13 17.12 15.03 17.03 15.0 17.0 21.02 22.85 21.47 23.26 21.95 23.71 22.47 24.19 27.17 27.46 33.14 31.14 33.06 31.06 25.5 26.42 26.4 27.29 62.24 63.07 61.68 63.6 26.31 26.68 26.25 28.16 11.18 10.44 7.07 9.06 7.62 7.07 5.0 7.0 46.87 48.84 66.73 68.62 59.91 61.85 4.12 2.24 39.82 41.59 29.41 31.06 67.6 69.58 0.0 2.0 12.17 10.2 6.0 6.32 10.2 
13.6 15.52 13.34 15.3 13.15 15.13 13.04 15.03 13.0 15.0 20.25 22.14 20.62 22.47 21.02 22.85 21.47 23.26 27.02 27.17 33.38 31.4 33.24 31.26 23.71 24.7 24.6 25.55 61.47 62.24 61.13 63.06 26.08 26.31 24.35 26.25 12.21 11.18 5.1 7.07 8.6 7.62 5.39 7.28 47.3 49.24 66.1 68.01 60.44 62.36 4.12 2.24 38.91 40.72 27.8 29.41 67.9 69.87 2.0 0.0 12.65 10.77 8.0 8.25 8.25 
18.79 20.62 19.24 21.02 19.72 21.47 20.25 21.95 20.81 22.47 32.89 34.79 33.24 35.11 33.62 35.47 34.01 35.85 39.32 39.62 21.02 19.03 21.0 19.0 33.97 35.36 34.71 36.07 74.09 74.85 73.76 75.69 15.23 16.12 27.29 29.27 3.61 2.24 14.21 15.56 19.03 19.03 17.12 19.1 58.42 60.41 78.75 80.65 71.2 73.16 8.54 10.44 51.48 53.31 38.95 40.31 79.31 81.3 12.17 12.65 0.0 2.0 12.65 14.56 15.62 
18.03 19.92 18.38 20.25 18.79 20.62 19.24 21.02 19.72 21.47 31.02 32.89 31.38 33.24 31.78 33.62 32.2 34.01 37.34 37.66 23.02 21.02 23.0 21.0 32.65 33.97 33.42 34.71 72.24 73.01 71.84 73.76 17.09 17.89 27.07 29.07 3.0 1.0 12.73 14.21 17.03 17.03 15.13 17.12 56.44 58.42 76.84 78.75 69.23 71.2 6.71 8.54 49.66 51.48 37.48 38.9 77.32 79.31 10.2 10.77 2.0 0.0 10.77 12.65 14.42 
21.38 23.35 21.21 23.19 21.1 23.09 21.02 23.02 21.0 23.0 24.21 25.81 24.84 26.4 25.5 27.02 26.17 27.66 28.46 29.15 33.14 31.14 33.24 31.26 31.02 31.78 31.95 32.7 64.88 65.86 63.69 65.55 27.86 28.64 32.02 33.96 10.05 10.44 13.04 15.03 7.62 8.6 7.81 9.22 46.1 48.09 68.94 70.77 58.69 60.67 8.06 7.28 43.01 44.65 34.48 36.24 67.07 69.07 6.0 8.0 12.65 10.77 0.0 2.0 16.12 
21.84 23.77 21.59 23.54 21.38 23.35 21.21 23.19 21.1 23.09 22.67 24.21 23.35 24.84 24.04 25.5 24.76 26.17 26.57 27.31 35.13 33.14 35.23 33.24 30.36 31.02 31.32 31.95 63.13 64.14 61.85 63.69 29.73 30.46 32.57 34.48 12.04 12.37 13.34 15.3 5.83 7.07 6.71 7.81 44.1 46.1 67.12 68.94 56.72 58.69 9.22 8.06 41.4 43.01 33.54 35.34 65.07 67.07 6.32 8.25 14.56 12.65 2.0 0.0 16.49 
5.39 7.28 5.1 7.07 5.0 7.0 5.1 7.07 5.39 7.28 21.02 23.02 21.0 23.0 21.02 23.02 21.1 23.09 29.83 29.43 33.62 31.78 33.24 31.38 18.38 19.85 19.1 20.52 60.88 61.4 61.52 63.51 24.74 24.33 16.16 18.03 17.0 15.26 3.16 1.41 15.81 14.21 12.21 13.45 51.62 53.49 66.1 68.07 65.0 66.85 9.22 9.0 38.08 40.02 23.6 24.84 71.57 73.5 10.2 8.25 15.62 14.42 16.12 16.49 0.0 
