80
0.0 2.0 1.0 2.24 2.0 2.83 3.0 3.61 31.62 30.0 32.2 30.61 32.8 31.24 33.42 31.89 34.06 32.56 34.71 33.24 35.38 33.94 36.07 34.66 120.21 119.04 121.02 119.85 98.18 99.86 97.64 99.32 67.27 66.91 84.22 85.7 75.69 77.16 115.36 113.9 84.9 86.28 139.2 138.4 48.76 49.74 109.84 108.17 73.82 71.85 115.04 115.11 69.38 69.92 154.38 155.88 42.11 44.1 31.26 33.24 59.48 58.94 21.93 20.62 82.46 81.71 104.39 102.55 79.2 77.79 49.41 50.61 50.99 51.88 132.91 131.65 12.73 11.4 104.08 104.17 
2.0 0.0 2.24 1.0 2.83 2.0 3.61 3.0 33.29 31.62 33.84 32.2 34.41 32.8 35.0 33.42 35.61 34.06 36.24 34.71 36.88 35.38 37.54 36.07 121.4 120.21 122.2 121.02 99.3 100.96 98.74 100.4 67.68 67.27 85.59 87.05 77.08 78.52 116.85 115.36 86.37 87.73 140.04 139.2 50.54 51.48 111.52 109.84 75.8 73.82 115.0 115.04 71.31 71.84 155.72 157.21 42.01 44.01 31.58 33.54 60.08 59.48 23.35 21.93 83.26 82.46 106.23 104.39 80.62 79.2 51.04 52.2 52.8 53.67 134.18 132.91 14.21 12.73 104.02 104.08 
1.0 2.24 0.0 2.0 1.0 2.24 2.0 2.83 31.06 29.41 31.62 30.0 32.2 30.61 32.8 31.24 33.42 31.89 34.06 32.56 34.71 33.24 35.38 33.94 119.4 118.22 120.21 119.04 97.35 99.02 96.8 98.48 66.29 65.92 83.49 84.96 74.97 76.42 114.69 113.22 84.22 85.59 138.29 137.48 48.3 49.24 109.29 107.62 73.68 71.7 114.04 114.11 69.12 69.64 153.64 155.13 41.11 43.1 30.27 32.25 58.52 57.97 21.21 19.85 81.54 80.78 104.0 102.16 78.49 77.08 48.83 50.0 50.57 51.43 132.14 130.87 12.04 10.63 103.08 103.17 
2.24 1.0 2.0 0.0 2.24 1.0 2.83 2.0 32.76 31.06 33.29 31.62 33.84 32.2 34.41 32.8 35.0 33.42 35.61 34.06 36.24 34.71 36.88 35.38 120.6 119.4 121.4 120.21 98.47 100.12 97.91 99.57 66.71 66.29 84.86 86.31 76.37 77.79 116.18 114.69 85.7 87.05 139.13 138.29 50.09 51.0 110.98 109.29 75.66 73.68 114.0 114.04 71.06 71.57 154.99 156.46 41.01 43.01 30.59 32.56 59.14 58.52 22.67 21.21 82.35 81.54 105.85 104.0 79.93 78.49 50.48 51.61 52.39 53.23 133.42 132.14 13.6 12.04 103.02 103.08 
2.0 2.83 1.0 2.24 0.0 2.0 1.0 2.24 30.53 28.84 31.06 29.41 31.62 30.0 32.2 30.61 32.8 31.24 33.42 31.89 34.06 32.56 34.71 33.24 118.6 117.41 119.4 118.22 96.52 98.18 95.96 97.64 65.31 64.94 82.76 84.22 74.25 75.69 114.02 112.54 83.55 84.9 137.38 136.57 47.85 48.76 108.76 107.07 73.55 71.57 113.04 113.11 68.88 69.38 152.9 154.38 40.11 42.11 29.27 31.26 57.57 57.01 20.52 19.1 80.62 79.85 103.62 101.77 77.79 76.37 48.26 49.41 50.16 50.99 131.37 130.1 11.4 9.9 102.08 102.18 
2.83 2.0 2.24 1.0 2.0 0.0 2.24 1.0 32.25 30.53 32.76 31.06 33.29 31.62 33.84 32.2 34.41 32.8 35.0 33.42 35.61 34.06 36.24 34.71 119.81 118.6 120.6 119.4 97.65 99.3 97.08 98.74 65.73 65.31 84.15 85.59 75.66 77.08 115.52 114.02 85.04 86.37 138.22 137.38 49.66 50.54 110.45 108.76 75.54 73.55 113.0 113.04 70.83 71.31 154.25 155.72 40.01 42.01 29.61 31.58 58.19 57.57 22.02 20.52 81.44 80.62 105.48 103.62 79.25 77.79 49.93 51.04 52.0 52.8 132.65 131.37 13.04 11.4 102.02 102.08 
3.0 3.61 2.0 2.83 1.0 2.24 0.0 2.0 30.02 28.3 30.53 28.84 31.06 29.41 31.62 30.0 32.2 30.61 32.8 31.24 33.42 31.89 34.06 32.56 117.8 116.61 118.6 117.41 95.69 97.35 95.13 96.8 64.33 63.95 82.04 83.49 73.54 74.97 113.36 111.87 82.88 84.22 136.47 135.65 47.42 48.3 108.23 106.53 73.44 71.45 112.04 112.11 68.66 69.12 152.16 153.64 39.12 41.11 28.28 30.27 56.61 56.04 19.85 18.38 79.71 78.92 103.25 101.39 77.1 75.66 47.71 48.83 49.77 50.57 130.6 129.32 10.82 9.22 101.08 101.18 
3.61 3.0 2.83 2.0 2.24 1.0 2.0 0.0 31.76 30.02 32.25 30.53 32.76 31.06 33.29 31.62 33.84 32.2 34.41 32.8 35.0 33.42 35.61 34.06 119.02 117.8 119.81 118.6 96.83 98.47 96.26 97.91 64.76 64.33 83.44 84.86 74.97 76.37 114.87 113.36 84.39 85.7 137.32 136.47 49.24 50.09 109.93 108.23 75.43 73.44 112.0 112.04 70.61 71.06 153.52 154.99 39.01 41.01 28.64 30.59 57.25 56.61 21.4 19.85 80.53 79.71 105.11 103.25 78.57 77.1 49.4 50.48 51.62 52.39 131.89 130.6 12.53 10.82 101.02 101.08 
31.62 33.29 31.06 32.76 30.53 32.25 30.02 31.76 0.0 2.0 1.0 2.24 2.0 2.83 3.0 3.61 4.0 4.47 5.0 5.39 6.0 6.32 7.0 7.28 90.92 89.94 91.79 90.82 69.86 71.69 69.46 71.31 49.73 50.29 53.82 55.47 45.22 46.87 84.15 82.76 53.81 55.32 113.32 112.79 17.72 18.38 78.23 76.55 47.52 45.54 101.24 101.83 41.0 41.05 123.85 125.42 37.64 38.95 25.55 26.63 40.02 40.52 11.18 13.15 58.31 58.14 73.68 71.78 48.41 47.2 17.8 19.1 20.4 20.88 102.9 101.79 19.24 21.02 91.08 91.76 
30.0 31.62 29.41 31.06 28.84 30.53 28.3 30.02 2.0 0.0 2.24 1.0 2.83 2.0 3.61 3.0 4.47 4.0 5.39 5.0 6.32 6.0 7.28 7.0 91.92 90.92 92.78 91.79 70.68 72.5 70.26 72.09 49.24 49.73 55.0 56.61 46.4 48.01 85.56 84.15 55.17 56.64 113.89 113.32 19.65 20.25 79.92 78.23 49.5 47.52 100.69 101.24 43.0 43.05 125.1 126.66 36.12 37.48 23.85 25.0 39.62 40.02 9.22 11.18 58.55 58.31 75.58 73.68 49.68 48.41 19.42 20.62 22.36 22.8 104.04 102.9 17.49 19.24 90.44 91.08 
32.2 33.84 31.62 33.29 31.06 32.76 30.53 32.25 1.0 2.24 0.0 2.0 1.0 2.24 2.0 2.83 3.0 3.61 4.0 4.47 5.0 5.39 6.0 6.32 90.05 89.07 90.92 89.94 68.94 70.77 68.54 70.38 48.76 49.34 53.01 54.64 44.41 46.04 83.44 82.04 53.08 54.56 112.36 111.83 17.46 18.03 77.7 76.01 47.68 45.71 100.28 100.88 41.01 41.01 123.07 124.63 37.01 38.29 25.06 26.08 39.05 39.56 11.4 13.34 57.31 57.14 73.38 71.47 47.63 46.4 17.2 18.44 20.22 20.62 102.08 100.96 19.72 21.47 90.14 90.82 
30.61 32.2 30.0 31.62 29.41 31.06 28.84 30.53 2.24 1.0 2.0 0.0 2.24 1.0 2.83 2.0 3.61 3.0 4.47 4.0 5.39 5.0 6.32 6.0 91.07 90.05 91.92 90.92 69.78 71.59 69.35 71.18 48.27 48.76 54.2 55.8 45.61 47.2 84.86 83.44 54.45 55.9 112.93 112.36 19.42 19.92 79.4 77.7 49.65 47.68 99.72 100.28 43.01 43.01 124.33 125.88 35.47 36.8 23.32 24.41 38.64 39.05 9.49 11.4 57.56 57.31 75.29 73.38 48.92 47.63 18.87 20.0 22.2 22.56 103.23 102.08 18.03 19.72 89.49 90.14 
32.8 34.41 32.2 33.84 31.62 33.29 31.06 32.76 2.0 2.83 1.0 2.24 0.0 2.0 1.0 2.24 2.0 2.83 3.0 3.61 4.0 4.47 5.0 5.39 89.19 88.19 90.05 89.07 68.03 69.86 67.62 69.46 47.8 48.38 52.2 53.82 43.6 45.22 82.73 81.32 52.35 53.81 111.4 110.86 17.26 17.72 77.18 75.47 47.85 45.89 99.33 99.93 41.05 41.0 122.29 123.85 36.4 37.64 24.6 25.55 38.08 38.6 11.7 13.6 56.32 56.14 73.08 71.17 46.86 45.61 16.64 17.8 20.1 20.4 101.26 100.12 20.25 21.95 89.2 89.89 
31.24 32.8 30.61 32.2 30.0 31.62 29.41 31.06 2.83 2.0 2.24 1.0 2.0 0.0 2.24 1.0 2.83 2.0 3.61 3.0 4.47 4.0 5.39 5.0 90.21 89.19 91.07 90.05 68.88 70.68 68.45 70.26 47.3 47.8 53.41 55.0 44.82 46.4 84.17 82.73 53.74 55.17 111.97 111.4 19.24 19.65 78.89 77.18 49.82 47.85 98.76 99.33 43.05 43.0 123.56 125.1 34.83 36.12 22.83 23.85 37.66 38.08 9.85 11.7 56.57 56.32 75.0 73.08 48.17 46.86 18.36 19.42 22.09 22.36 102.42 101.26 18.6 20.25 88.54 89.2 
33.42 35.0 32.8 34.41 32.2 33.84 31.62 33.29 3.0 3.61 2.0 2.83 1.0 2.24 0.0 2.0 1.0 2.24 2.0 2.83 3.0 3.61 4.0 4.47 88.32 87.32 89.19 88.19 67.12 68.94 66.71 68.54 46.84 47.43 51.4 53.01 42.8 44.41 82.04 80.61 51.62 53.08 110.44 109.9 17.12 17.46 76.66 74.95 48.05 46.1 98.37 98.98 41.11 41.01 121.51 123.07 35.81 37.01 24.17 25.06 37.11 37.64 12.08 13.93 55.33 55.15 72.8 70.88 46.1 44.82 16.12 17.2 20.02 20.22 100.44 99.3 20.81 22.47 88.26 88.96 
31.89 33.42 31.24 32.8 30.61 32.2 30.0 31.62 3.61 3.0 2.83 2.0 2.24 1.0 2.0 0.0 2.24 1.0 2.83 2.0 3.61 3.0 4.47 4.0 89.36 88.32 90.21 89.19 67.98 69.78 67.54 69.35 46.32 46.84 52.63 54.2 44.05 45.61 83.49 82.04 53.04 54.45 111.02 110.44 19.1 19.42 78.39 76.66 50.01 48.05 97.8 98.37 43.1 43.01 122.79 124.33 34.21 35.47 22.36 23.32 36.67 37.11 10.3 12.08 55.58 55.33 74.73 72.8 47.42 46.1 17.89 18.87 22.02 22.2 101.61 100.44 19.21 20.81 87.6 88.26 
34.06 35.61 33.42 35.0 32.8 34.41 32.2 33.84 4.0 4.47 3.0 3.61 2.0 2.83 1.0 2.24 0.0 2.0 1.0 2.24 2.0 2.83 3.0 3.61 87.46 86.45 88.32 87.32 66.21 68.03 65.8 67.62 45.88 46.49 50.61 52.2 42.01 43.6 81.34 79.91 50.91 52.35 109.48 108.93 17.03 17.26 76.16 74.43 48.27 46.32 97.42 98.03 41.19 41.05 120.74 122.29 35.23 36.4 23.77 24.6 36.14 36.69 12.53 14.32 54.33 54.15 72.53 70.6 45.34 44.05 15.65 16.64 20.0 20.1 99.62 98.47 21.4 23.02 87.32 88.02 
32.56 34.06 31.89 33.42 31.24 32.8 30.61 32.2 4.47 4.0 3.61 3.0 2.83 2.0 2.24 1.0 2.0 0.0 2.24 1.0 2.83 2.0 3.61 3.0 88.51 87.46 89.36 88.32 67.08 68.88 66.64 68.45 45.35 45.88 51.86 53.41 43.28 44.82 82.81 81.34 52.35 53.74 110.06 109.48 19.03 19.24 77.9 76.16 50.22 48.27 96.84 97.42 43.19 43.05 122.02 123.56 33.6 34.83 21.93 22.83 35.69 36.14 10.82 12.53 54.59 54.33 74.46 72.53 46.69 45.34 17.46 18.36 22.0 22.09 100.8 99.62 19.85 21.4 86.65 87.32 
34.71 36.24 34.06 35.61 33.42 35.0 32.8 34.41 5.0 5.39 4.0 4.47 3.0 3.61 2.0 2.83 1.0 2.24 0.0 2.0 1.0 2.24 2.0 2.83 86.61 85.59 87.46 86.45 65.31 67.12 64.88 66.71 44.92 45.54 49.82 51.4 41.23 42.8 80.66 79.21 50.21 51.62 108.52 107.97 17.0 17.12 75.66 73.93 48.51 46.57 96.46 97.08 41.3 41.11 119.97 121.51 34.67 35.81 23.41 24.17 35.17 35.74 13.04 14.76 53.34 53.15 72.28 70.34 44.6 43.28 15.23 16.12 20.02 20.02 98.81 97.65 22.02 23.6 86.38 87.09 
33.24 34.71 32.56 34.06 31.89 33.42 31.24 32.8 5.39 5.0 4.47 4.0 3.61 3.0 2.83 2.0 2.24 1.0 2.0 0.0 2.24 1.0 2.83 2.0 87.66 86.61 88.51 87.46 66.19 67.98 65.74 67.54 44.38 44.92 51.09 52.63 42.52 44.05 82.13 80.66 51.66 53.04 109.11 108.52 19.0 19.1 77.41 75.66 50.45 48.51 95.88 96.46 43.29 43.1 121.26 122.79 33.02 34.21 21.54 22.36 34.71 35.17 11.4 13.04 53.6 53.34 74.22 72.28 45.97 44.6 17.09 17.89 22.02 22.02 100.0 98.81 20.52 22.02 85.7 86.38 
35.38 36.88 34.71 36.24 34.06 35.61 33.42 35.0 6.0 6.32 5.0 5.39 4.0 4.47 3.0 3.61 2.0 2.83 1.0 2.24 0.0 2.0 1.0 2.24 85.76 84.72 86.61 85.59 64.4 66.21 63.98 65.8 43.97 44.6 49.04 50.61 40.46 42.01 79.98 78.52 49.52 50.91 107.56 107.0 17.03 17.03 75.18 73.43 48.76 46.84 95.51 96.14 41.44 41.19 119.21 120.74 34.13 35.23 23.09 23.77 34.21 34.79 13.6 15.26 52.35 52.15 72.03 70.09 43.86 42.52 14.87 15.65 20.1 20.0 98.01 96.83 22.67 24.21 85.44 86.16 
33.94 35.38 33.24 34.71 32.56 34.06 31.89 33.42 6.32 6.0 5.39 5.0 4.47 4.0 3.61 3.0 2.83 2.0 2.24 1.0 2.0 0.0 2.24 1.0 86.82 85.76 87.66 86.61 65.3 67.08 64.85 66.64 43.42 43.97 50.33 51.86 41.77 43.28 81.47 79.98 50.99 52.35 108.16 107.56 19.03 19.03 76.94 75.18 50.7 48.76 94.92 95.51 43.42 43.19 120.51 122.02 32.45 33.6 21.19 21.93 33.73 34.21 12.04 13.6 52.61 52.35 73.98 72.03 45.25 43.86 16.76 17.46 22.09 22.0 99.2 98.01 21.21 22.67 84.76 85.44 
36.07 37.54 35.38 36.88 34.71 36.24 34.06 35.61 7.0 7.28 6.0 6.32 5.0 5.39 4.0 4.47 3.0 3.61 2.0 2.83 1.0 2.24 0.0 2.0 84.91 83.86 85.76 84.72 63.51 65.31 63.07 64.88 43.01 43.66 48.27 49.82 39.7 41.23 79.31 77.83 48.84 50.21 106.61 106.04 17.12 17.0 74.71 72.95 49.04 47.13 94.56 95.19 41.59 41.3 118.44 119.97 33.62 34.67 22.8 23.41 33.24 33.84 14.21 15.81 51.35 51.16 71.81 69.86 43.14 41.77 14.56 15.23 20.22 20.02 97.2 96.02 23.35 24.84 84.5 85.23 
34.66 36.07 33.94 35.38 33.24 34.71 32.56 34.06 7.28 7.0 6.32 6.0 5.39 5.0 4.47 4.0 3.61 3.0 2.83 2.0 2.24 1.0 2.0 0.0 85.98 84.91 86.82 85.76 64.41 66.19 63.95 65.74 42.45 43.01 49.58 51.09 41.04 42.52 80.81 79.31 50.33 51.66 107.21 106.61 19.1 19.0 76.48 74.71 50.96 49.04 93.96 94.56 43.57 43.29 119.75 121.26 31.91 33.02 20.88 21.54 32.76 33.24 12.73 14.21 51.62 51.35 73.76 71.81 44.55 43.14 16.49 17.09 22.2 22.02 98.41 97.2 21.93 23.35 83.82 84.5 
120.21 121.4 119.4 120.6 118.6 119.81 117.8 119.02 90.92 91.92 90.05 91.07 89.19 90.21 88.32 89.36 87.46 88.51 86.61 87.66 85.76 86.82 84.91 85.98 0.0 2.0 1.0 2.24 22.67 21.4 23.43 22.2 65.76 67.54 37.7 35.85 46.1 44.28 23.6 22.47 40.02 38.08 33.11 34.0 79.12 77.25 42.54 41.59 86.02 86.0 76.16 78.1 79.1 77.1 36.72 37.74 92.2 91.02 94.05 92.66 67.2 68.82 98.47 99.62 44.29 46.07 61.33 60.54 43.66 44.38 74.73 72.92 79.06 77.16 14.32 12.53 107.65 108.81 75.33 77.32 
119.04 120.21 118.22 119.4 117.41 118.6 116.61 117.8 89.94 90.92 89.07 90.05 88.19 89.19 87.32 88.32 86.45 87.46 85.59 86.61 84.72 85.76 83.86 84.91 2.0 0.0 2.24 1.0 21.21 19.85 21.93 20.62 64.01 65.76 37.0 35.11 45.31 43.46 24.84 23.6 39.62 37.66 32.31 33.11 78.43 76.55 43.57 42.54 86.09 86.02 74.22 76.16 79.03 77.03 38.47 39.45 90.6 89.4 92.63 91.22 65.6 67.2 97.35 98.47 42.54 44.29 62.17 61.33 43.01 43.66 73.93 72.09 78.45 76.54 16.16 14.32 106.51 107.65 73.33 75.33 
121.02 122.2 120.21 121.4 119.4 120.6 118.6 119.81 91.79 92.78 90.92 91.92 90.05 91.07 89.19 90.21 88.32 89.36 87.46 88.51 86.61 87.66 85.76 86.82 1.0 2.24 0.0 2.0 23.35 22.02 24.08 22.8 66.24 68.0 38.63 36.77 47.01 45.19 24.41 23.32 41.0 39.05 32.2 33.12 80.06 78.19 43.42 42.49 87.02 87.0 75.93 77.88 80.1 78.1 36.24 37.22 92.8 91.61 94.75 93.35 67.8 69.4 99.3 100.44 44.78 46.53 62.24 61.47 44.6 45.31 75.64 73.82 80.01 78.11 13.93 12.08 108.47 109.62 75.24 77.23 
119.85 121.02 119.04 120.21 118.22 119.4 117.41 118.6 90.82 91.79 89.94 90.92 89.07 90.05 88.19 89.19 87.32 88.32 86.45 87.46 85.59 86.61 84.72 85.76 2.24 1.0 2.0 0.0 21.93 20.52 22.63 21.26 64.5 66.24 37.95 36.06 46.24 44.38 25.61 24.41 40.61 38.64 31.38 32.2 79.38 77.49 44.42 43.42 87.09 87.02 73.98 75.93 80.02 78.03 38.01 38.95 91.21 90.0 93.35 91.92 66.22 67.8 98.18 99.3 43.05 44.78 63.07 62.24 43.97 44.6 74.85 73.01 79.4 77.49 15.81 13.93 107.34 108.47 73.25 75.24 
98.18 99.3 97.35 98.47 96.52 97.65 95.69 96.83 69.86 70.68 68.94 69.78 68.03 68.88 67.12 67.98 66.21 67.08 65.31 66.19 64.4 65.3 63.51 64.41 22.67 21.21 23.35 21.93 0.0 2.0 1.0 2.24 44.01 45.88 20.22 18.25 27.07 25.08 31.26 29.27 25.3 23.41 45.1 45.01 60.02 58.05 43.91 42.19 73.5 73.01 65.86 67.6 65.31 63.35 59.08 60.22 69.63 68.51 71.42 70.01 44.65 46.32 76.66 77.7 22.8 24.74 58.69 57.28 26.08 26.0 54.82 52.89 60.53 58.55 36.62 35.0 85.76 86.82 62.03 63.91 
99.86 100.96 99.02 100.12 98.18 99.3 97.35 98.47 71.69 72.5 70.77 71.59 69.86 70.68 68.94 69.78 68.03 68.88 67.12 67.98 66.21 67.08 65.31 66.19 21.4 19.85 22.02 20.52 2.0 0.0 2.24 1.0 44.78 46.62 22.2 20.22 29.07 27.07 31.58 29.61 27.2 25.3 43.1 43.01 61.98 60.02 44.94 43.27 75.43 74.95 64.88 66.65 67.27 65.31 57.98 59.08 70.8 69.63 72.86 71.42 45.8 47.43 78.39 79.4 23.41 25.3 60.11 58.73 28.07 28.0 56.75 54.82 62.51 60.53 35.51 33.84 87.46 88.51 61.35 63.25 
97.64 98.74 96.8 97.91 95.96 97.08 95.13 96.26 69.46 70.26 68.54 69.35 67.62 68.45 66.71 67.54 65.8 66.64 64.88 65.74 63.98 64.85 63.07 63.95 23.43 21.93 24.08 22.63 1.0 2.24 0.0 2.0 43.08 44.94 20.4 18.44 27.02 25.02 32.25 30.27 25.63 23.77 45.18 45.04 59.84 57.87 44.78 43.05 73.76 73.25 65.0 66.73 65.51 63.56 59.91 61.03 68.82 67.68 70.72 69.3 43.83 45.49 76.16 77.18 21.84 23.77 59.41 57.98 26.17 26.02 54.57 52.63 60.41 58.42 37.44 35.81 85.23 86.28 61.1 62.97 
99.32 100.4 98.48 99.57 97.64 98.74 96.8 97.91 71.31 72.09 70.38 71.18 69.46 70.26 68.54 69.35 67.62 68.45 66.71 67.54 65.8 66.64 64.88 65.74 22.2 20.62 22.8 21.26 2.24 1.0 2.0 0.0 43.86 45.69 22.36 20.4 29.02 27.02 32.56 30.59 27.51 25.63 43.19 43.05 61.81 59.84 45.79 44.1 75.69 75.19 64.01 65.76 67.47 65.51 58.83 59.91 70.0 68.82 72.18 70.72 45.0 46.62 77.9 78.89 22.47 24.35 60.81 59.41 28.16 28.02 56.52 54.57 62.39 60.41 36.36 34.67 86.95 87.98 60.41 62.3 
67.27 67.68 66.29 66.71 65.31 65.73 64.33 64.76 49.73 49.24 48.76 48.27 47.8 47.3 46.84 46.32 45.88 45.35 44.92 44.38 43.97 43.42 43.01 42.45 65.76 64.01 66.24 64.5 44.01 44.78 43.08 43.86 0.0 2.0 44.18 44.05 40.52 40.02 72.99 71.02 49.65 49.37 75.21 74.06 52.43 50.8 79.23 77.23 81.39 79.93 51.55 52.2 72.25 70.94 102.47 103.45 28.84 27.2 36.14 34.21 9.85 9.22 50.04 50.0 21.47 19.72 86.68 84.77 44.15 42.2 45.8 44.2 55.0 53.41 80.06 78.29 57.14 57.31 41.63 42.49 
66.91 67.27 65.92 66.29 64.94 65.31 63.95 64.33 50.29 49.73 49.34 48.76 48.38 47.8 47.43 46.84 46.49 45.88 45.54 44.92 44.6 43.97 43.66 43.01 67.54 65.76 68.0 66.24 45.88 46.62 44.94 45.69 2.0 0.0 46.17 46.04 42.45 41.98 74.97 72.99 51.62 51.35 76.4 75.21 53.6 52.01 81.22 79.23 82.88 81.39 50.96 51.55 73.76 72.47 104.24 105.19 27.78 26.08 35.69 33.73 10.82 9.85 50.16 50.04 23.26 21.47 88.6 86.68 46.1 44.15 47.01 45.45 56.22 54.67 81.84 80.06 57.04 57.14 40.85 41.63 
84.22 85.59 83.49 84.86 82.76 84.15 82.04 83.44 53.82 55.0 53.01 54.2 52.2 53.41 51.4 52.63 50.61 51.86 49.82 51.09 49.04 50.33 48.27 49.58 37.7 37.0 38.63 37.95 20.22 22.2 20.4 22.36 44.18 46.17 0.0 2.0 8.6 7.07 32.25 30.53 6.4 5.39 65.0 65.03 41.44 39.56 35.06 33.06 53.45 52.89 80.06 81.57 45.12 43.17 70.18 71.7 63.25 62.64 61.4 60.42 40.31 42.3 62.29 63.66 28.65 30.41 44.29 42.54 6.08 6.71 37.12 35.36 41.48 39.56 49.09 48.02 71.51 72.86 74.06 75.72 
85.7 87.05 84.96 86.31 84.22 85.59 83.49 84.86 55.47 56.61 54.64 55.8 53.82 55.0 53.01 54.2 52.2 53.41 51.4 52.63 50.61 51.86 49.82 51.09 35.85 35.11 36.77 36.06 18.25 20.22 18.44 20.4 44.05 46.04 2.0 0.0 10.3 8.6 31.3 29.53 7.81 6.4 63.0 63.03 43.32 41.44 35.23 33.24 55.36 54.82 78.75 80.28 47.07 45.12 68.68 70.18 63.91 63.25 62.43 61.4 40.61 42.58 63.78 65.12 27.73 29.55 45.28 43.57 8.06 8.54 38.91 37.12 43.42 41.48 47.43 46.32 73.0 74.33 72.95 74.63 
75.69 77.08 74.97 76.37 74.25 75.66 73.54 74.97 45.22 46.4 44.41 45.61 43.6 44.82 42.8 44.05 42.01 43.28 41.23 42.52 40.46 41.77 39.7 41.04 46.1 45.31 47.01 46.24 27.07 29.07 27.02 29.02 40.52 42.45 8.6 10.3 0.0 2.0 40.22 38.6 10.44 11.18 72.17 72.06 33.24 31.32 40.31 38.33 48.75 47.93 81.39 82.76 39.92 38.08 78.75 80.28 56.52 56.09 53.67 52.8 35.06 37.05 53.76 55.15 29.0 30.41 46.17 44.27 4.12 2.24 28.64 26.83 33.54 31.58 57.69 56.6 62.97 64.35 74.41 75.93 
77.16 78.52 76.42 77.79 75.69 77.08 74.97 76.37 46.87 48.01 46.04 47.2 45.22 46.4 44.41 45.61 43.6 44.82 42.8 44.05 42.01 43.28 41.23 42.52 44.28 43.46 45.19 44.38 25.08 27.07 25.02 27.02 40.02 41.98 7.07 8.6 2.0 0.0 39.12 37.44 10.05 10.44 70.18 70.06 35.17 33.24 40.11 38.12 50.57 49.77 79.93 81.32 41.79 39.92 77.23 78.75 57.01 56.52 54.59 53.67 35.0 37.0 55.23 56.59 27.59 29.07 46.82 44.94 4.12 2.24 30.46 28.64 35.51 33.54 56.04 54.92 64.44 65.8 73.11 74.65 
115.36 116.85 114.69 116.18 114.02 115.52 113.36 114.87 84.15 85.56 83.44 84.86 82.73 84.17 82.04 83.49 81.34 82.81 80.66 82.13 79.98 81.47 79.31 80.81 23.6 24.84 24.41 25.61 31.26 31.58 32.25 32.56 72.99 74.97 32.25 31.3 40.22 39.12 0.0 2.0 30.48 29.21 56.44 57.45 69.2 67.62 19.31 18.68 68.07 68.45 95.46 97.31 62.64 60.73 41.15 42.95 95.08 94.34 93.65 92.66 71.17 73.08 93.51 95.02 53.04 55.04 38.6 38.08 36.4 38.01 66.53 65.07 68.24 66.61 25.02 25.18 102.65 104.14 92.72 94.64 
113.9 115.36 113.22 114.69 112.54 114.02 111.87 113.36 82.76 84.15 82.04 83.44 81.32 82.73 80.61 82.04 79.91 81.34 79.21 80.66 78.52 79.98 77.83 79.31 22.47 23.6 23.32 24.41 29.27 29.61 30.27 30.59 71.02 72.99 30.53 29.53 38.6 37.44 2.0 0.0 29.0 27.66 55.47 56.44 68.01 66.4 20.12 19.31 67.74 68.07 93.62 95.46 62.1 60.17 42.06 43.83 93.23 92.48 91.92 90.92 69.26 71.17 92.02 93.51 51.04 53.04 39.22 38.6 34.83 36.4 65.19 63.7 67.12 65.46 25.02 25.02 101.18 102.65 90.8 92.72 
84.9 86.37 84.22 85.7 83.55 85.04 82.88 84.39 53.81 55.17 53.08 54.45 52.35 53.74 51.62 53.04 50.91 52.35 50.21 51.66 49.52 50.99 48.84 50.33 40.02 39.62 41.0 40.61 25.3 27.2 25.63 27.51 49.65 51.62 6.4 7.81 10.44 10.05 30.48 29.0 0.0 2.0 69.18 69.35 39.82 38.08 30.07 28.07 48.27 47.85 86.45 87.97 40.31 38.33 70.21 71.85 66.94 66.49 63.98 63.16 45.01 47.01 63.03 64.54 34.99 36.72 38.01 36.24 6.32 8.25 36.4 34.83 39.4 37.58 50.09 49.24 72.18 73.66 80.45 82.1 
86.28 87.73 85.59 87.05 84.9 86.37 84.22 85.7 55.32 56.64 54.56 55.9 53.81 55.17 53.08 54.45 52.35 53.74 51.62 53.04 50.91 52.35 50.21 51.66 38.08 37.66 39.05 38.64 23.41 25.3 23.77 25.63 49.37 51.35 5.39 6.4 11.18 10.44 29.21 27.66 2.0 0.0 67.19 67.36 41.59 39.82 30.0 28.0 50.22 49.82 85.15 86.68 42.3 40.31 68.6 70.21 67.45 66.94 64.85 63.98 45.1 47.1 64.38 65.86 34.0 35.78 38.95 37.22 7.21 8.94 38.01 36.4 41.23 39.4 48.3 47.42 73.55 75.01 79.32 80.99 
139.2 140.04 138.29 139.13 137.38 138.22 136.47 137.32 113.32 113.89 112.36 112.93 111.4 111.97 110.44 111.02 109.48 110.06 108.52 109.11 107.56 108.16 106.61 107.21 33.11 32.31 32.2 31.38 45.1 43.1 45.18 43.19 75.21 76.4 65.0 63.0 72.17 70.18 56.44 55.47 69.18 67.19 0.0 2.0 104.94 102.96 75.59 74.69 117.1 116.84 61.19 63.15 109.46 107.47 47.54 47.07 104.04 102.42 109.66 107.91 80.62 81.63 118.68 119.4 56.8 57.71 94.43 93.62 71.01 71.06 99.46 97.49 105.57 103.59 36.12 34.66 127.39 128.16 65.19 67.07 
138.4 139.2 137.48 138.29 136.57 137.38 135.65 136.47 112.79 113.32 111.83 112.36 110.86 111.4 109.9 110.44 108.93 109.48 107.97 108.52 107.0 107.56 106.04 106.61 34.0 33.11 33.12 32.2 45.01 43.01 45.04 43.05 74.06 75.21 65.03 63.03 72.06 70.06 57.45 56.44 69.35 67.36 2.0 0.0 104.69 102.7 76.54 75.59 117.39 117.1 59.23 61.19 109.66 107.67 49.48 49.03 102.9 101.26 108.71 106.94 79.65 80.62 117.99 118.68 55.95 56.8 95.27 94.43 71.01 71.01 99.14 97.16 105.39 103.39 37.64 36.12 126.65 127.39 63.32 65.19 
48.76 50.54 48.3 50.09 47.85 49.66 47.42 49.24 17.72 19.65 17.46 19.42 17.26 19.24 17.12 19.1 17.03 19.03 17.0 19.0 17.03 19.03 17.12 19.1 79.12 78.43 80.06 79.38 60.02 61.98 59.84 61.81 52.43 53.6 41.44 43.32 33.24 35.17 69.2 68.01 39.82 41.59 104.94 104.69 0.0 2.0 61.4 59.82 32.31 30.46 102.86 103.77 24.52 24.19 109.84 111.52 49.77 50.57 39.81 40.26 42.8 44.05 28.86 30.81 54.13 54.57 55.97 54.08 35.47 34.79 6.71 8.54 3.16 3.16 89.89 89.0 36.77 38.63 93.65 94.67 
49.74 51.48 49.24 51.0 48.76 50.54 48.3 50.09 18.38 20.25 18.03 19.92 17.72 19.65 17.46 19.42 17.26 19.24 17.12 19.1 17.03 19.03 17.0 19.0 77.25 76.55 78.19 77.49 58.05 60.02 57.87 59.84 50.8 52.01 39.56 41.44 31.32 33.24 67.62 66.4 38.08 39.82 102.96 102.7 2.0 0.0 60.22 58.6 33.11 31.3 101.07 102.0 25.0 24.52 108.17 109.84 49.04 49.77 39.46 39.81 41.23 42.52 29.41 31.32 52.17 52.63 55.36 53.45 33.62 32.89 5.0 6.71 4.24 3.16 88.12 87.21 37.58 39.4 91.92 92.96 
109.84 111.52 109.29 110.98 108.76 110.45 108.23 109.93 78.23 79.92 77.7 79.4 77.18 78.89 76.66 78.39 76.16 77.9 75.66 77.41 75.18 76.94 74.71 76.48 42.54 43.57 43.42 44.42 43.91 44.94 44.78 45.79 79.23 81.22 35.06 35.23 40.31 40.11 19.31 20.12 30.07 30.0 75.59 76.54 61.4 60.22 0.0 2.0 52.55 53.31 109.77 111.51 48.88 47.17 56.09 58.05 96.69 96.34 92.66 92.05 75.06 77.06 88.68 90.43 62.1 64.03 19.42 19.1 36.22 38.21 60.54 59.54 59.67 58.41 43.74 44.15 97.42 99.13 105.6 107.42 
108.17 109.84 107.62 109.29 107.07 108.76 106.53 108.23 76.55 78.23 76.01 77.7 75.47 77.18 74.95 76.66 74.43 76.16 73.93 75.66 73.43 75.18 72.95 74.71 41.59 42.54 42.49 43.42 42.19 43.27 43.05 44.1 77.23 79.23 33.06 33.24 38.33 38.12 18.68 19.31 28.07 28.0 74.69 75.59 59.82 58.6 2.0 0.0 51.87 52.55 108.05 109.77 47.89 46.14 56.52 58.46 94.73 94.37 90.76 90.14 73.06 75.06 86.95 88.68 60.17 62.1 19.92 19.42 34.23 36.22 58.83 57.8 58.14 56.85 43.42 43.74 95.72 97.42 103.79 105.6 
73.82 75.8 73.68 75.66 73.55 75.54 73.44 75.43 47.52 49.5 47.68 49.65 47.85 49.82 48.05 50.01 48.27 50.22 48.51 50.45 48.76 50.7 49.04 50.96 86.02 86.09 87.02 87.09 73.5 75.43 73.76 75.69 81.39 82.88 53.45 55.36 48.75 50.57 68.07 67.74 48.27 50.22 117.1 117.39 32.31 33.11 52.55 51.87 0.0 2.0 128.81 130.0 9.22 10.82 108.24 110.16 82.08 82.86 71.84 72.42 72.47 74.03 58.22 60.21 76.85 77.94 37.8 36.62 48.1 48.85 37.59 38.59 29.15 29.97 92.66 92.44 64.03 66.03 120.74 122.02 
71.85 73.82 71.7 73.68 71.57 73.55 71.45 73.44 45.54 47.52 45.71 47.68 45.89 47.85 46.1 48.05 46.32 48.27 46.57 48.51 46.84 48.76 47.13 49.04 86.0 86.02 87.0 87.02 73.01 74.95 73.25 75.19 79.93 81.39 52.89 54.82 47.93 49.77 68.45 68.07 47.85 49.82 116.84 117.1 30.46 31.3 53.31 52.55 2.0 0.0 127.64 128.81 8.06 9.85 108.81 110.72 80.23 81.02 69.92 70.52 70.94 72.47 56.22 58.22 75.8 76.85 39.05 37.8 47.43 48.1 35.85 36.89 27.31 28.18 92.91 92.66 62.03 64.03 119.47 120.74 
115.04 115.0 114.04 114.0 113.04 113.0 112.04 112.0 101.24 100.69 100.28 99.72 99.33 98.76 98.37 97.8 97.42 96.84 96.46 95.88 95.51 94.92 94.56 93.96 76.16 74.22 75.93 73.98 65.86 64.88 65.0 64.01 51.55 50.96 80.06 78.75 81.39 79.93 95.46 93.62 86.45 85.15 61.19 59.23 102.86 101.07 109.77 108.05 128.81 127.64 0.0 2.0 119.62 118.0 106.0 106.02 73.0 71.0 84.29 82.3 61.35 60.73 100.62 100.28 52.4 51.09 123.6 122.0 83.44 82.04 96.15 94.37 105.12 103.35 87.82 85.84 106.68 106.47 11.05 11.4 
115.11 115.04 114.11 114.04 113.11 113.04 112.11 112.04 101.83 101.24 100.88 100.28 99.93 99.33 98.98 98.37 98.03 97.42 97.08 96.46 96.14 95.51 95.19 94.56 78.1 76.16 77.88 75.93 67.6 66.65 66.73 65.76 52.2 51.55 81.57 80.28 82.76 81.32 97.31 95.46 87.97 86.68 63.15 61.19 103.77 102.0 111.51 109.77 130.0 128.81 2.0 0.0 120.8 119.2 108.0 108.02 73.03 71.03 84.48 82.49 62.03 61.35 101.0 100.62 53.76 52.4 125.21 123.6 84.86 83.44 97.06 95.29 106.07 104.32 89.81 87.82 106.92 106.68 11.05 11.05 
69.38 71.31 69.12 71.06 68.88 70.83 68.66 70.61 41.0 43.0 41.01 43.01 41.05 43.05 41.11 43.1 41.19 43.19 41.3 43.29 41.44 43.42 41.59 43.57 79.1 79.03 80.1 80.02 65.31 67.27 65.51 67.47 72.25 73.76 45.12 47.07 39.92 41.79 62.64 62.1 40.31 42.3 109.46 109.66 24.52 25.0 48.88 47.89 9.22 8.06 119.62 120.8 0.0 2.0 103.46 105.34 74.0 74.67 64.33 64.76 63.41 65.0 52.04 54.04 67.74 68.8 37.01 35.47 39.56 40.16 29.15 29.97 21.38 21.84 86.68 86.31 58.69 60.67 111.52 112.81 
69.92 71.84 69.64 71.57 69.38 71.31 69.12 71.06 41.05 43.05 41.01 43.01 41.0 43.0 41.01 43.01 41.05 43.05 41.11 43.1 41.19 43.19 41.3 43.29 77.1 77.03 78.1 78.03 63.35 65.31 63.56 65.51 70.94 72.47 43.17 45.12 38.08 39.92 60.73 60.17 38.33 40.31 107.47 107.67 24.19 24.52 47.17 46.14 10.82 9.85 118.0 119.2 2.0 0.0 101.59 103.46 73.38 74.0 63.95 64.33 62.2 63.82 52.15 54.15 66.04 67.12 35.81 34.21 37.64 38.28 28.46 29.15 21.1 21.38 84.72 84.34 59.03 61.0 109.99 111.29 
154.38 155.72 153.64 154.99 152.9 154.25 152.16 153.52 123.85 125.1 123.07 124.33 122.29 123.56 121.51 122.79 120.74 122.02 119.97 121.26 119.21 120.51 118.44 119.75 36.72 38.47 36.24 38.01 59.08 57.98 59.91 58.83 102.47 104.24 70.18 68.68 78.75 77.23 41.15 42.06 70.21 68.6 47.54 49.48 109.84 108.17 56.09 56.52 108.24 108.81 106.0 108.0 103.46 101.59 0.0 2.0 128.71 127.58 129.83 128.55 103.73 105.39 132.46 133.79 81.01 82.76 74.33 74.55 75.43 76.69 106.61 105.0 109.08 107.38 22.47 24.19 141.68 143.01 107.56 109.55 
155.88 157.21 155.13 156.46 154.38 155.72 153.64 154.99 125.42 126.66 124.63 125.88 123.85 125.1 123.07 124.33 122.29 123.56 121.51 122.79 120.74 122.02 119.97 121.26 37.74 39.45 37.22 38.95 60.22 59.08 61.03 59.91 103.45 105.19 71.7 70.18 80.28 78.75 42.95 43.83 71.85 70.21 47.07 49.03 111.52 109.84 58.05 58.46 110.16 110.72 106.02 108.02 105.34 103.46 2.0 0.0 129.85 128.71 131.14 129.83 104.86 106.51 133.96 135.28 81.99 83.73 76.32 76.53 77.01 78.24 108.23 106.61 110.79 109.08 23.6 25.24 143.18 144.5 107.79 109.77 
42.11 42.01 41.11 41.01 40.11 40.01 39.12 39.01 37.64 36.12 37.01 35.47 36.4 34.83 35.81 34.21 35.23 33.6 34.67 33.02 34.13 32.45 33.62 31.91 92.2 90.6 92.8 91.21 69.63 70.8 68.82 70.0 28.84 27.78 63.25 63.91 56.52 57.01 95.08 93.23 66.94 67.45 104.04 102.9 49.77 49.04 96.69 94.73 82.08 80.23 73.0 73.03 74.0 73.38 128.71 129.85 0.0 2.0 13.04 11.4 25.0 23.43 31.62 30.53 48.8 47.38 99.01 97.01 60.64 58.69 44.92 44.38 52.92 52.2 106.25 104.62 35.11 34.48 62.01 62.07 
44.1 44.01 43.1 43.01 42.11 42.01 41.11 41.01 38.95 37.48 38.29 36.8 37.64 36.12 37.01 35.47 36.4 34.83 35.81 34.21 35.23 33.6 34.67 33.02 91.02 89.4 91.61 90.0 68.51 69.63 67.68 68.82 27.2 26.08 62.64 63.25 56.09 56.52 94.34 92.48 66.49 66.94 102.42 101.26 50.57 49.77 96.34 94.37 82.86 81.02 71.0 71.03 74.67 74.0 127.58 128.71 2.0 0.0 14.76 13.04 23.85 22.2 33.29 32.25 47.42 45.97 99.05 97.05 60.21 58.25 45.54 44.92 53.71 52.92 105.12 103.47 37.0 36.4 60.01 60.07 
31.26 31.58 30.27 30.59 29.27 29.61 28.28 28.64 25.55 23.85 25.06 23.32 24.6 22.83 24.17 22.36 23.77 21.93 23.41 21.54 23.09 21.19 22.8 20.88 94.05 92.63 94.75 93.35 71.42 72.86 70.72 72.18 36.14 35.69 61.4 62.43 53.67 54.59 93.65 91.92 63.98 64.85 109.66 108.71 39.81 39.46 92.66 90.76 71.84 69.92 84.29 84.48 64.33 63.95 129.83 131.14 13.04 14.76 0.0 2.0 29.07 28.23 18.6 17.49 53.0 51.97 92.54 90.55 57.7 55.9 36.06 36.0 42.95 42.58 107.63 106.15 22.56 22.2 73.44 73.68 
33.24 33.54 32.25 32.56 31.26 31.58 30.27 30.59 26.63 25.0 26.08 24.41 25.55 23.85 25.06 23.32 24.6 22.83 24.17 22.36 23.77 21.93 23.41 21.54 92.66 91.22 93.35 91.92 70.01 71.42 69.3 70.72 34.21 33.73 60.42 61.4 52.8 53.67 92.66 90.92 63.16 63.98 107.91 106.94 40.26 39.81 92.05 90.14 72.42 70.52 82.3 82.49 64.76 64.33 128.55 129.83 11.4 13.04 2.0 0.0 27.29 26.4 20.25 19.24 51.31 50.25 92.35 90.35 56.86 55.04 36.22 36.06 43.42 42.95 106.3 104.8 24.52 24.19 71.45 71.7 
59.48 60.08 58.52 59.14 57.57 58.19 56.61 57.25 40.02 39.62 39.05 38.64 38.08 37.66 37.11 36.67 36.14 35.69 35.17 34.71 34.21 33.73 33.24 32.76 67.2 65.6 67.8 66.22 44.65 45.8 43.83 45.0 9.85 10.82 40.31 40.61 35.06 35.0 71.17 69.26 45.01 45.1 80.62 79.65 42.8 41.23 75.06 73.06 72.47 70.94 61.35 62.03 63.41 62.2 103.73 104.86 25.0 23.85 29.07 27.29 0.0 2.0 41.05 41.19 24.21 23.02 80.6 78.64 39.01 37.01 36.24 34.71 45.45 43.93 81.27 79.63 48.66 49.03 51.48 52.33 
58.94 59.48 57.97 58.52 57.01 57.57 56.04 56.61 40.52 40.02 39.56 39.05 38.6 38.08 37.64 37.11 36.69 36.14 35.74 35.17 34.79 34.21 33.84 33.24 68.82 67.2 69.4 67.8 46.32 47.43 45.49 46.62 9.22 9.85 42.3 42.58 37.05 37.0 73.08 71.17 47.01 47.1 81.63 80.62 44.05 42.52 77.06 75.06 74.03 72.47 60.73 61.35 65.0 63.82 105.39 106.51 23.43 22.2 28.23 26.4 2.0 0.0 41.0 41.05 25.5 24.21 82.57 80.6 41.01 39.01 37.54 36.07 46.75 45.28 82.93 81.27 48.37 48.66 50.7 51.48 
21.93 23.35 21.21 22.67 20.52 22.02 19.85 21.4 11.18 9.22 11.4 9.49 11.7 9.85 12.08 10.3 12.53 10.82 13.04 11.4 13.6 12.04 14.21 12.73 98.47 97.35 99.3 98.18 76.66 78.39 76.16 77.9 50.04 50.16 62.29 63.78 53.76 55.23 93.51 92.02 63.03 64.38 118.68 117.99 28.86 29.41 88.68 86.95 58.22 56.22 100.62 101.0 52.04 52.15 132.46 133.96 31.62 33.29 18.6 20.25 41.05 41.0 0.0 2.0 62.36 61.85 84.77 82.86 57.28 55.87 28.18 29.15 31.58 32.02 111.04 109.81 9.22 10.63 90.03 90.47 
20.62 21.93 19.85 21.21 19.1 20.52 18.38 19.85 13.15 11.18 13.34 11.4 13.6 11.7 13.93 12.08 14.32 12.53 14.76 13.04 15.26 13.6 15.81 14.21 99.62 98.47 100.44 99.3 77.7 79.4 77.18 78.89 50.0 50.04 63.66 65.12 55.15 56.59 95.02 93.51 64.54 65.86 119.4 118.68 30.81 31.32 90.43 88.68 60.21 58.22 100.28 100.62 54.04 54.15 133.79 135.28 30.53 32.25 17.49 19.24 41.19 41.05 2.0 0.0 62.94 62.36 86.68 84.77 58.73 57.28 29.97 30.89 33.54 33.96 112.29 111.04 8.06 9.22 89.63 90.03 
82.46 83.26 81.54 82.35 80.62 81.44 79.71 80.53 58.31 58.55 57.31 57.56 56.32 56.57 55.33 55.58 54.33 54.59 53.34 53.6 52.35 52.61 51.35 51.62 44.29 42.54 44.78 43.05 22.8 23.41 21.84 22.47 21.47 23.26 28.65 27.73 29.0 27.59 53.04 51.04 34.99 34.0 56.8 55.95 54.13 52.17 62.1 60.17 76.85 75.8 52.4 53.76 67.74 66.04 81.01 81.99 48.8 47.42 53.0 51.31 24.21 25.5 62.36 62.94 0.0 2.0 72.95 71.2 31.24 29.73 47.68 45.71 55.79 53.85 58.59 56.82 70.84 71.51 45.61 47.2 
81.71 82.46 80.78 81.54 79.85 80.62 78.92 79.71 58.14 58.31 57.14 57.31 56.14 56.32 55.15 55.33 54.15 54.33 53.15 53.34 52.15 52.35 51.16 51.35 46.07 44.29 46.53 44.78 24.74 25.3 23.77 24.35 19.72 21.47 30.41 29.55 30.41 29.07 55.04 53.04 36.72 35.78 57.71 56.8 54.57 52.63 64.03 62.1 77.94 76.85 51.09 52.4 68.8 67.12 82.76 83.73 47.38 45.97 51.97 50.25 23.02 24.21 61.85 62.36 2.0 0.0 74.71 72.95 32.8 31.24 48.05 46.1 56.32 54.41 60.37 58.59 70.21 70.84 44.05 45.61 
104.39 106.23 104.0 105.85 103.62 105.48 103.25 105.11 73.68 75.58 73.38 75.29 73.08 75.0 72.8 74.73 72.53 74.46 72.28 74.22 72.03 73.98 71.81 73.76 61.33 62.17 62.24 63.07 58.69 60.11 59.41 60.81 86.68 88.6 44.29 45.28 46.17 46.82 38.6 39.22 38.01 38.95 94.43 95.27 55.97 55.36 19.42 19.92 37.8 39.05 123.6 125.21 37.01 35.81 74.33 76.32 99.01 99.05 92.54 92.35 80.6 82.57 84.77 86.68 72.95 74.71 0.0 2.0 42.72 44.6 57.27 56.89 53.49 52.81 63.15 63.56 92.7 94.58 118.19 119.89 
102.55 104.39 102.16 104.0 101.77 103.62 101.39 103.25 71.78 73.68 71.47 73.38 71.17 73.08 70.88 72.8 70.6 72.53 70.34 72.28 70.09 72.03 69.86 71.81 60.54 61.33 61.47 62.24 57.28 58.73 57.98 59.41 84.77 86.68 42.54 43.57 44.27 44.94 38.08 38.6 36.24 37.22 93.62 94.43 54.08 53.45 19.1 19.42 36.62 37.8 122.0 123.6 35.47 34.21 74.55 76.53 97.01 97.05 90.55 90.35 78.64 80.6 82.86 84.77 71.2 72.95 2.0 0.0 40.85 42.72 55.32 54.92 51.62 50.92 62.8 63.15 90.82 92.7 116.5 118.19 
79.2 80.62 78.49 79.93 77.79 79.25 77.1 78.57 48.41 49.68 47.63 48.92 46.86 48.17 46.1 47.42 45.34 46.69 44.6 45.97 43.86 45.25 43.14 44.55 43.66 43.01 44.6 43.97 26.08 28.07 26.17 28.16 44.15 46.1 6.08 8.06 4.12 4.12 36.4 34.83 6.32 7.21 71.01 71.01 35.47 33.62 36.22 34.23 48.1 47.43 83.44 84.86 39.56 37.64 75.43 77.01 60.64 60.21 57.7 56.86 39.01 41.01 57.28 58.73 31.24 32.8 42.72 40.85 0.0 2.0 31.38 29.68 35.44 33.53 54.71 53.71 66.47 67.9 76.84 78.41 
77.79 79.2 77.08 78.49 76.37 77.79 75.66 77.1 47.2 48.41 46.4 47.63 45.61 46.86 44.82 46.1 44.05 45.34 43.28 44.6 42.52 43.86 41.77 43.14 44.38 43.66 45.31 44.6 26.0 28.0 26.02 28.02 42.2 44.15 6.71 8.54 2.24 2.24 38.01 36.4 8.25 8.94 71.06 71.01 34.79 32.89 38.21 36.22 48.85 48.1 82.04 83.44 40.16 38.28 76.69 78.24 58.69 58.25 55.9 55.04 37.01 39.01 55.87 57.28 29.73 31.24 44.6 42.72 2.0 0.0 30.41 28.65 34.93 32.98 55.76 54.71 65.07 66.47 75.29 76.84 
49.41 51.04 48.83 50.48 48.26 49.93 47.71 49.4 17.8 19.42 17.2 18.87 16.64 18.36 16.12 17.89 15.65 17.46 15.23 17.09 14.87 16.76 14.56 16.49 74.73 73.93 75.64 74.85 54.82 56.75 54.57 56.52 45.8 47.01 37.12 38.91 28.64 30.46 66.53 65.19 36.4 38.01 99.46 99.14 6.71 5.0 60.54 58.83 37.59 35.85 96.15 97.06 29.15 28.46 106.61 108.23 44.92 45.54 36.06 36.22 36.24 37.54 28.18 29.97 47.68 48.05 57.27 55.32 31.38 30.41 0.0 2.0 9.22 7.81 86.09 85.09 36.89 38.59 86.95 87.98 
50.61 52.2 50.0 51.61 49.41 51.04 48.83 50.48 19.1 20.62 18.44 20.0 17.8 19.42 17.2 18.87 16.64 18.36 16.12 17.89 15.65 17.46 15.23 17.09 72.92 72.09 73.82 73.01 52.89 54.82 52.63 54.57 44.2 45.45 35.36 37.12 26.83 28.64 65.07 63.7 34.83 36.4 97.49 97.16 8.54 6.71 59.54 57.8 38.59 36.89 94.37 95.29 29.97 29.15 105.0 106.61 44.38 44.92 36.0 36.06 34.71 36.07 29.15 30.89 45.71 46.1 56.89 54.92 29.68 28.65 2.0 0.0 10.82 9.22 84.38 83.35 38.01 39.66 85.23 86.28 
50.99 52.8 50.57 52.39 50.16 52.0 49.77 51.62 20.4 22.36 20.22 22.2 20.1 22.09 20.02 22.02 20.0 22.0 20.02 22.02 20.1 22.09 20.22 22.2 79.06 78.45 80.01 79.4 60.53 62.51 60.41 62.39 55.0 56.22 41.48 43.42 33.54 35.51 68.24 67.12 39.4 41.23 105.57 105.39 3.16 4.24 59.67 58.14 29.15 27.31 105.12 106.07 21.38 21.1 109.08 110.79 52.92 53.71 42.95 43.42 45.45 46.75 31.58 33.54 55.79 56.32 53.49 51.62 35.44 34.93 9.22 10.82 0.0 2.0 89.47 88.64 39.22 41.11 96.04 97.1 
51.88 53.67 51.43 53.23 50.99 52.8 50.57 52.39 20.88 22.8 20.62 22.56 20.4 22.36 20.22 22.2 20.1 22.09 20.02 22.02 20.0 22.0 20.02 22.02 77.16 76.54 78.11 77.49 58.55 60.53 58.42 60.41 53.41 54.67 39.56 41.48 31.58 33.54 66.61 65.46 37.58 39.4 103.59 103.39 3.16 3.16 58.41 56.85 29.97 28.18 103.35 104.32 21.84 21.38 107.38 109.08 52.2 52.92 42.58 42.95 43.93 45.28 32.02 33.96 53.85 54.41 52.81 50.92 33.53 32.98 7.81 9.22 2.0 0.0 87.66 86.82 39.92 41.79 94.34 95.41 
132.91 134.18 132.14 133.42 131.37 132.65 130.6 131.89 102.9 104.04 102.08 103.23 101.26 102.42 100.44 101.61 99.62 100.8 98.81 100.0 98.01 99.2 97.2 98.41 14.32 16.16 13.93 15.81 36.62 35.51 37.44 36.36 80.06 81.84 49.09 47.43 57.69 56.04 25.02 25.02 50.09 48.3 36.12 37.64 89.89 88.12 43.74 43.42 92.66 92.91 87.82 89.81 86.68 84.72 22.47 23.6 106.25 105.12 107.63 106.3 81.27 82.93 111.04 112.29 58.59 60.37 63.15 62.8 54.71 55.76 86.09 84.38 89.47 87.66 0.0 2.0 120.25 121.51 88.01 90.01 
131.65 132.91 130.87 132.14 130.1 131.37 129.32 130.6 101.79 102.9 100.96 102.08 100.12 101.26 99.3 100.44 98.47 99.62 97.65 98.81 96.83 98.01 96.02 97.2 12.53 14.32 12.08 13.93 35.0 33.84 35.81 34.67 78.29 80.06 48.02 46.32 56.6 54.92 25.18 25.02 49.24 47.42 34.66 36.12 89.0 87.21 44.15 43.74 92.44 92.66 85.84 87.82 86.31 84.34 24.19 25.24 104.62 103.47 106.15 104.8 79.63 81.27 109.81 111.04 56.82 58.59 63.56 63.15 53.71 54.71 85.09 83.35 88.64 86.82 2.0 0.0 119.02 120.25 86.01 88.01 
12.73 14.21 12.04 13.6 11.4 13.04 10.82 12.53 19.24 17.49 19.72 18.03 20.25 18.6 20.81 19.21 21.4 19.85 22.02 20.52 22.67 21.21 23.35 21.93 107.65 106.51 108.47 107.34 85.76 87.46 85.23 86.95 57.14 57.04 71.51 73.0 62.97 64.44 102.65 101.18 72.18 73.55 127.39 126.65 36.77 37.58 97.42 95.72 64.03 62.03 106.68 106.92 58.69 59.03 141.68 143.18 35.11 37.0 22.56 24.52 48.66 48.37 9.22 8.06 70.84 70.21 92.7 90.82 66.47 65.07 36.89 38.01 39.22 39.92 120.25 119.02 0.0 2.0 95.89 96.18 
11.4 12.73 10.63 12.04 9.9 11.4 9.22 10.82 21.02 19.24 21.47 19.72 21.95 20.25 22.47 20.81 23.02 21.4 23.6 22.02 24.21 22.67 24.84 23.35 108.81 107.65 109.62 108.47 86.82 88.51 86.28 87.98 57.31 57.14 72.86 74.33 64.35 65.8 104.14 102.65 73.66 75.01 128.16 127.39 38.63 39.4 99.13 97.42 66.03 64.03 106.47 106.68 60.67 61.0 143.01 144.5 34.48 36.4 22.2 24.19 49.03 48.66 10.63 9.22 71.51 70.84 94.58 92.7 67.9 66.47 38.59 39.66 41.11 41.79 121.51 120.25 2.0 0.0 95.63 95.89 
104.08 104.02 103.08 103.02 102.08 102.02 101.08 101.02 91.08 90.44 90.14 89.49 89.2 88.54 88.26 87.6 87.32 86.65 86.38 85.7 85.44 84.76 84.5 83.82 75.33 73.33 75.24 73.25 62.03 61.35 61.1 60.41 41.63 40.85 74.06 72.95 74.41 73.11 92.72 90.8 80.45 79.32 65.19 63.32 93.65 91.92 105.6 103.79 120.74 119.47 11.05 11.05 111.52 109.99 107.56 107.79 62.01 60.01 73.44 71.45 51.48 50.7 90.03 89.63 45.61 44.05 118.19 116.5 76.84 75.29 86.95 85.23 96.04 94.34 88.01 86.01 95.89 95.63 0.0 2.0 
104.17 104.08 103.17 103.08 102.18 102.08 101.18 101.08 91.76 91.08 90.82 90.14 89.89 89.2 88.96 88.26 88.02 87.32 87.09 86.38 86.16 85.44 85.23 84.5 77.32 75.33 77.23 75.24 63.91 63.25 62.97 62.3 42.49 41.63 75.72 74.63 75.93 74.65 94.64 92.72 82.1 80.99 67.07 65.19 94.67 92.96 107.42 105.6 122.02 120.74 11.4 11.05 112.81 111.29 109.55 109.77 62.07 60.07 73.68 71.7 52.33 51.48 90.47 90.03 47.2 45.61 119.89 118.19 78.41 76.84 87.98 86.28 97.1 95.41 90.01 88.01 96.18 95.89 2.0 0.0 
