100
0.0 2.0 1.0 2.24 2.0 2.83 43.86 43.08 63.6 62.01 63.01 61.4 62.43 60.8 61.85 60.22 61.29 59.64 60.75 59.08 10.2 8.25 10.05 8.06 36.24 37.54 80.96 82.76 80.53 82.35 67.08 66.21 66.12 64.12 59.46 57.58 77.01 77.06 79.06 77.94 47.8 46.23 44.69 43.19 52.39 51.62 67.91 67.47 48.51 48.26 32.31 30.46 85.33 85.0 64.2 64.07 69.2 68.01 73.5 71.57 56.72 57.07 10.2 12.17 48.27 47.01 27.17 25.18 78.45 80.36 3.16 3.16 72.72 71.69 26.4 25.24 27.89 25.96 53.14 52.5 50.7 51.48 82.2 81.02 99.93 99.33 78.6 77.01 83.26 81.44 48.75 50.57 33.14 31.14 25.96 25.5 5.0 6.71 87.66 86.82 
2.0 0.0 2.24 1.0 2.83 2.0 45.69 44.94 64.82 63.25 64.2 62.63 63.6 62.01 63.01 61.4 62.43 60.8 61.85 60.22 12.17 10.2 12.04 10.05 37.8 39.05 81.84 83.63 81.39 83.19 68.0 67.08 66.27 64.28 61.35 59.46 77.01 77.01 80.21 79.06 49.04 47.51 46.23 44.69 54.23 53.49 68.41 67.91 50.49 50.25 34.18 32.31 85.7 85.33 64.38 64.2 70.8 69.63 74.04 72.12 56.44 56.72 8.25 10.2 49.58 48.27 29.15 27.17 79.06 80.96 4.24 3.16 73.78 72.72 27.66 26.4 29.83 27.89 53.85 53.14 52.55 53.31 83.41 82.2 100.57 99.93 79.81 78.24 84.1 82.29 49.65 51.43 33.02 31.02 26.57 25.96 3.61 5.0 88.55 87.66 
1.0 2.24 0.0 2.0 1.0 2.24 44.28 43.46 64.4 62.8 63.82 62.2 63.25 61.61 62.68 61.03 62.13 60.46 61.59 59.91 10.44 8.54 10.2 8.25 35.61 36.88 80.06 81.86 79.62 81.44 67.98 67.12 67.12 65.12 59.14 57.25 78.01 78.06 78.24 77.1 48.6 47.01 44.05 42.52 52.8 52.0 66.94 66.49 48.66 48.37 32.7 30.87 86.31 85.99 65.19 65.07 69.81 68.6 74.46 72.53 57.71 58.05 10.05 12.04 49.04 47.8 27.29 25.32 77.49 79.4 4.12 4.12 73.57 72.56 25.61 24.41 28.16 26.25 52.2 51.55 50.33 51.08 81.4 80.21 100.88 100.28 79.4 77.8 84.17 82.35 47.85 49.66 34.13 32.14 25.0 24.52 4.47 6.32 88.57 87.73 
2.24 1.0 2.0 0.0 2.24 1.0 46.1 45.31 65.6 64.03 65.0 63.41 64.4 62.8 63.82 62.2 63.25 61.61 62.68 61.03 12.37 10.44 12.17 10.2 37.2 38.42 80.95 82.73 80.5 82.29 68.88 67.98 67.27 65.28 61.03 59.14 78.01 78.01 79.4 78.24 49.82 48.27 45.61 44.05 54.63 53.85 67.45 66.94 50.64 50.36 34.54 32.7 86.68 86.31 65.38 65.19 71.4 70.21 75.0 73.08 57.43 57.71 8.06 10.05 50.33 49.04 29.27 27.29 78.11 80.01 5.0 4.12 74.63 73.57 26.91 25.61 30.08 28.16 52.92 52.2 52.2 52.92 82.62 81.4 101.51 100.88 80.6 79.03 85.0 83.19 48.76 50.54 34.01 32.02 25.63 25.0 2.83 4.47 89.44 88.57 
2.0 2.83 1.0 2.24 0.0 2.0 44.72 43.86 65.22 63.6 64.64 63.01 64.07 62.43 63.51 61.85 62.97 61.29 62.43 60.75 10.77 8.94 10.44 8.54 35.0 36.24 79.16 80.96 78.72 80.53 68.88 68.03 68.12 66.12 58.82 56.92 79.01 79.06 77.42 76.28 49.41 47.8 43.42 41.87 53.23 52.39 65.97 65.51 48.84 48.51 33.11 31.3 87.3 86.98 66.19 66.07 70.43 69.2 75.43 73.5 58.69 59.03 10.0 12.0 49.82 48.6 27.46 25.5 76.54 78.45 5.1 5.1 74.43 73.43 24.84 23.6 28.46 26.57 51.26 50.6 49.98 50.7 80.6 79.4 101.83 101.24 80.21 78.6 85.09 83.26 46.96 48.75 35.13 33.14 24.04 23.54 4.12 6.08 89.47 88.64 
2.83 2.0 2.24 1.0 2.0 0.0 46.52 45.69 66.4 64.82 65.8 64.2 65.22 63.6 64.64 63.01 64.07 62.43 63.51 61.85 12.65 10.77 12.37 10.44 36.62 37.8 80.06 81.84 79.61 81.39 69.77 68.88 68.26 66.27 60.73 58.82 79.01 79.01 78.6 77.42 50.61 49.04 45.0 43.42 55.04 54.23 66.48 65.97 50.8 50.49 34.93 33.11 87.66 87.3 66.37 66.19 72.01 70.8 75.96 74.04 58.42 58.69 8.0 10.0 51.09 49.82 29.43 27.46 77.16 79.06 5.83 5.1 75.47 74.43 26.17 24.84 30.36 28.46 52.0 51.26 51.87 52.55 81.84 80.6 102.46 101.83 81.4 79.81 85.91 84.1 47.89 49.65 35.01 33.02 24.7 24.04 2.24 4.12 90.34 89.47 
43.86 45.69 44.28 46.1 44.72 46.52 0.0 2.0 33.06 31.06 33.14 31.14 33.24 31.26 33.38 31.4 33.54 31.58 33.73 31.78 34.0 35.78 34.48 36.24 42.72 44.64 91.14 93.13 91.2 93.19 43.17 43.68 60.0 58.41 41.23 40.5 71.85 73.01 83.15 83.05 22.83 21.1 47.38 47.68 8.54 8.06 87.36 87.93 13.6 15.26 11.66 13.42 70.58 71.31 57.8 59.03 28.3 26.63 57.01 55.15 62.01 63.6 53.85 55.71 21.02 21.95 19.85 21.21 94.54 96.51 41.79 43.66 44.05 44.18 45.79 46.87 17.03 18.6 71.47 72.11 37.66 39.62 84.48 84.29 77.52 77.78 45.54 43.57 58.31 56.32 64.85 66.76 45.54 44.92 54.2 55.44 48.75 50.57 61.03 61.13 
43.08 44.94 43.46 45.31 43.86 45.69 2.0 0.0 35.06 33.06 35.13 33.14 35.23 33.24 35.36 33.38 35.51 33.54 35.69 33.73 33.11 34.93 33.54 35.34 40.8 42.72 89.14 91.14 89.2 91.2 45.12 45.61 61.61 60.0 39.4 38.63 73.5 74.63 81.15 81.06 24.6 22.83 45.4 45.71 9.43 8.54 85.44 86.02 12.04 13.6 10.77 12.65 72.45 73.16 59.41 60.61 30.02 28.3 58.87 57.01 63.25 64.82 53.14 55.03 22.85 23.71 18.38 19.85 92.57 94.54 41.11 43.01 46.04 46.17 44.1 45.22 15.81 17.49 69.57 70.23 35.69 37.66 82.49 82.3 79.51 79.76 47.52 45.54 60.3 58.31 62.94 64.85 46.24 45.54 52.63 53.91 47.93 49.77 63.03 63.13 
63.6 64.82 64.4 65.6 65.22 66.4 33.06 35.06 0.0 2.0 1.0 2.24 2.0 2.83 3.0 3.61 4.0 4.47 5.0 5.39 56.44 57.45 57.31 58.31 74.67 76.66 124.04 126.04 124.06 126.06 12.04 13.45 37.16 36.4 73.25 72.78 46.87 48.55 116.21 116.11 15.81 17.49 80.1 80.22 31.62 33.53 119.05 119.44 45.12 47.07 39.81 40.26 40.22 41.4 35.47 37.34 19.24 20.25 27.59 26.17 47.27 49.25 71.51 72.86 15.65 16.64 49.24 49.73 126.89 128.88 60.61 61.85 11.0 11.18 75.29 75.89 45.35 45.88 102.96 103.37 70.58 72.56 117.52 117.35 44.55 44.91 15.0 13.45 25.32 23.35 96.51 98.48 44.78 45.62 82.08 82.86 68.41 69.66 28.0 28.07 
62.01 63.25 62.8 64.03 63.6 64.82 31.06 33.06 2.0 0.0 2.24 1.0 2.83 2.0 3.61 3.0 4.47 4.0 5.39 5.0 54.71 55.76 55.57 56.6 72.69 74.67 122.04 124.04 122.07 124.06 13.6 14.87 38.01 37.16 71.31 70.83 48.01 49.65 114.21 114.11 14.21 15.81 78.1 78.23 29.73 31.62 117.09 117.48 43.17 45.12 37.85 38.33 41.88 43.01 36.25 38.08 18.38 19.24 29.07 27.59 47.52 49.5 70.04 71.42 13.89 15.0 47.3 47.8 124.9 126.89 59.03 60.31 13.0 13.15 73.38 74.0 43.42 43.97 101.0 101.41 68.59 70.58 115.52 115.35 46.53 46.87 16.64 15.0 27.29 25.32 94.54 96.51 44.01 44.78 80.23 81.02 66.84 68.12 30.0 30.07 
63.01 64.2 63.82 65.0 64.64 65.8 33.14 35.13 1.0 2.24 0.0 2.0 1.0 2.24 2.0 2.83 3.0 3.61 4.0 4.47 55.95 56.94 56.82 57.8 74.55 76.53 124.02 126.02 124.04 126.04 11.4 12.73 36.25 35.47 73.5 73.01 46.04 47.71 116.28 116.16 15.26 17.0 80.06 80.16 31.95 33.84 118.87 119.24 45.35 47.3 39.62 40.02 39.66 40.8 34.54 36.4 20.12 21.1 26.91 25.46 46.27 48.26 70.84 72.18 15.23 16.12 49.03 49.48 126.78 128.76 60.0 61.22 11.05 11.05 75.0 75.58 45.12 45.61 102.77 103.16 70.71 72.69 117.61 117.43 44.41 44.72 15.62 14.14 25.18 23.19 96.34 98.31 43.86 44.72 81.71 82.46 67.8 69.03 28.02 28.02 
61.4 62.63 62.2 63.41 63.01 64.2 31.14 33.14 2.24 1.0 2.0 0.0 2.24 1.0 2.83 2.0 3.61 3.0 4.47 4.0 54.2 55.23 55.07 56.08 72.56 74.55 122.02 124.02 122.04 124.04 13.04 14.21 37.12 36.25 71.57 71.06 47.2 48.83 114.28 114.16 13.6 15.26 78.06 78.16 30.08 31.95 116.9 117.28 43.42 45.35 37.66 38.08 41.34 42.44 35.34 37.16 19.31 20.12 28.43 26.91 46.53 48.51 69.35 70.72 13.42 14.42 47.07 47.54 124.79 126.78 58.41 59.67 13.04 13.04 73.08 73.68 43.17 43.68 100.81 101.2 68.73 70.71 115.62 115.43 46.39 46.69 17.2 15.62 27.17 25.18 94.37 96.34 43.08 43.86 79.85 80.62 66.22 67.48 30.02 30.02 
62.43 63.6 63.25 64.4 64.07 65.22 33.24 35.23 2.0 2.83 1.0 2.24 0.0 2.0 1.0 2.24 2.0 2.83 3.0 3.61 55.47 56.44 56.36 57.31 74.43 76.42 124.0 126.0 124.02 126.02 10.82 12.04 35.34 34.54 73.76 73.25 45.22 46.87 116.35 116.21 14.76 16.55 80.02 80.1 32.31 34.18 118.7 119.05 45.61 47.54 39.46 39.81 39.12 40.22 33.62 35.47 21.02 21.95 26.25 24.76 45.28 47.27 70.18 71.51 14.87 15.65 48.84 49.24 126.67 128.66 59.41 60.61 11.18 11.0 74.73 75.29 44.91 45.35 102.59 102.96 70.86 72.84 117.72 117.52 44.28 44.55 16.28 14.87 25.08 23.09 96.18 98.15 42.95 43.83 81.34 82.08 67.2 68.41 28.07 28.0 
60.8 62.01 61.61 62.8 62.43 63.6 31.26 33.24 2.83 2.0 2.24 1.0 2.0 0.0 2.24 1.0 2.83 2.0 3.61 3.0 53.71 54.71 54.59 55.57 72.44 74.43 122.0 124.0 122.02 124.02 12.53 13.6 36.24 35.34 71.84 71.31 46.4 48.01 114.35 114.21 13.04 14.76 78.03 78.1 30.46 32.31 116.73 117.09 43.68 45.61 37.48 37.85 40.82 41.88 34.44 36.25 20.25 21.02 27.8 26.25 45.54 47.52 68.68 70.04 13.0 13.89 46.87 47.3 124.68 126.67 57.8 59.03 13.15 13.0 72.8 73.38 42.95 43.42 100.62 101.0 68.88 70.86 115.73 115.52 46.27 46.53 17.8 16.28 27.07 25.08 94.2 96.18 42.15 42.95 79.48 80.23 65.6 66.84 30.07 30.0 
61.85 63.01 62.68 63.82 63.51 64.64 33.38 35.36 3.0 3.61 2.0 2.83 1.0 2.24 0.0 2.0 1.0 2.24 2.0 2.83 55.01 55.95 55.9 56.82 74.33 76.32 124.0 126.0 124.0 126.0 10.3 11.4 34.44 33.62 74.04 73.5 44.41 46.04 116.43 116.28 14.32 16.16 80.01 80.06 32.7 34.54 118.53 118.87 45.88 47.8 39.32 39.62 38.59 39.66 32.7 34.54 21.93 22.83 25.61 24.08 44.28 46.27 69.53 70.84 14.56 15.23 48.66 49.03 126.57 128.56 58.82 60.0 11.4 11.05 74.46 75.0 44.72 45.12 102.42 102.77 71.02 72.99 117.83 117.61 44.18 44.41 16.97 15.62 25.02 23.02 96.03 98.01 42.05 42.94 80.99 81.71 66.61 67.8 28.16 28.02 
60.22 61.4 61.03 62.2 61.85 63.01 31.4 33.38 3.61 3.0 2.83 2.0 2.24 1.0 2.0 0.0 2.24 1.0 2.83 2.0 53.24 54.2 54.12 55.07 72.34 74.33 122.0 124.0 122.0 124.0 12.08 13.04 35.36 34.44 72.12 71.57 45.61 47.2 114.44 114.28 12.53 14.32 78.01 78.06 30.87 32.7 116.56 116.9 43.97 45.88 37.34 37.66 40.31 41.34 33.54 35.34 21.19 21.93 27.2 25.61 44.55 46.53 68.01 69.35 12.65 13.42 46.69 47.07 124.58 126.57 57.2 58.41 13.34 13.04 72.53 73.08 42.76 43.17 100.45 100.81 69.05 71.02 115.85 115.62 46.17 46.39 18.44 16.97 27.02 25.02 94.05 96.03 41.23 42.05 79.12 79.85 65.0 66.22 30.15 30.02 
61.29 62.43 62.13 63.25 62.97 64.07 33.54 35.51 4.0 4.47 3.0 3.61 2.0 2.83 1.0 2.24 0.0 2.0 1.0 2.24 54.56 55.47 55.46 56.36 74.24 76.24 124.0 126.0 124.0 126.0 9.85 10.82 33.54 32.7 74.33 73.76 43.6 45.22 116.52 116.35 13.93 15.81 80.0 80.02 33.11 34.93 118.38 118.7 46.17 48.08 39.2 39.46 38.08 39.12 31.78 33.62 22.85 23.71 25.0 23.43 43.29 45.28 68.88 70.18 14.32 14.87 48.51 48.84 126.48 128.47 58.25 59.41 11.7 11.18 74.22 74.73 44.55 44.91 102.26 102.59 71.2 73.16 117.96 117.72 44.1 44.28 17.69 16.4 25.0 23.0 95.89 97.87 41.15 42.06 80.65 81.34 66.03 67.2 28.28 28.07 
59.64 60.8 60.46 61.61 61.29 62.43 31.58 33.54 4.47 4.0 3.61 3.0 2.83 2.0 2.24 1.0 2.0 0.0 2.24 1.0 52.77 53.71 53.67 54.59 72.25 74.24 122.0 124.0 122.0 124.0 11.7 12.53 34.48 33.54 72.42 71.84 44.82 46.4 114.53 114.35 12.08 13.93 78.0 78.03 31.3 33.11 116.4 116.73 44.27 46.17 37.22 37.48 39.82 40.82 32.65 34.44 22.14 22.85 26.63 25.0 43.57 45.54 67.36 68.68 12.37 13.0 46.53 46.87 124.49 126.48 56.61 57.8 13.6 13.15 72.28 72.8 42.58 42.95 100.28 100.62 69.23 71.2 115.97 115.73 46.1 46.27 19.1 17.69 27.0 25.0 93.9 95.89 40.31 41.15 78.77 79.48 64.4 65.6 30.27 30.07 
60.75 61.85 61.59 62.68 62.43 63.51 33.73 35.69 5.0 5.39 4.0 4.47 3.0 3.61 2.0 2.83 1.0 2.24 0.0 2.0 54.13 55.01 55.04 55.9 74.17 76.16 124.02 126.02 124.0 126.0 9.49 10.3 32.65 31.78 74.63 74.04 42.8 44.41 116.62 116.43 13.6 15.52 80.01 80.01 33.54 35.34 118.23 118.53 46.49 48.38 39.12 39.32 37.59 38.59 30.87 32.7 23.77 24.6 24.41 22.8 42.3 44.28 68.25 69.53 14.14 14.56 48.37 48.66 126.4 128.39 57.69 58.82 12.08 11.4 73.98 74.46 44.41 44.72 102.11 102.42 71.39 73.35 118.09 117.83 44.05 44.18 18.44 17.2 25.02 23.02 95.75 97.74 40.25 41.18 80.32 80.99 65.46 66.61 28.44 28.16 
59.08 60.22 59.91 61.03 60.75 61.85 31.78 33.73 5.39 5.0 4.47 4.0 3.61 3.0 2.83 2.0 2.24 1.0 2.0 0.0 52.33 53.24 53.23 54.12 72.17 74.17 122.02 124.02 122.0 124.0 11.4 12.08 33.62 32.65 72.73 72.12 44.05 45.61 114.63 114.44 11.7 13.6 78.01 78.01 31.76 33.54 116.25 116.56 44.6 46.49 37.12 37.34 39.36 40.31 31.76 33.54 23.09 23.77 26.08 24.41 42.58 44.55 66.71 68.01 12.17 12.65 46.39 46.69 124.4 126.4 56.04 57.2 13.93 13.34 72.03 72.53 42.43 42.76 100.13 100.45 69.43 71.39 116.11 115.85 46.04 46.17 19.8 18.44 27.02 25.02 93.77 95.75 39.4 40.25 78.43 79.12 63.82 65.0 30.41 30.15 
10.2 12.17 10.44 12.37 10.77 12.65 34.0 33.11 56.44 54.71 55.95 54.2 55.47 53.71 55.01 53.24 54.56 52.77 54.13 52.33 0.0 2.0 1.0 2.24 30.81 32.45 79.06 80.96 78.75 80.65 61.35 60.73 64.28 62.29 50.99 49.19 75.8 76.12 75.59 74.69 40.71 38.95 39.2 38.01 42.49 41.63 68.26 68.12 38.33 38.12 22.36 20.59 82.15 82.05 62.2 62.39 60.21 58.9 69.58 67.6 57.25 57.94 20.4 22.36 40.82 39.82 17.03 15.03 78.09 80.06 9.06 11.05 66.21 65.39 23.77 23.35 17.72 15.81 52.61 52.35 42.54 43.57 78.39 77.41 95.34 94.92 71.34 69.64 77.79 75.89 47.3 49.24 33.62 31.78 27.17 27.46 14.87 16.76 81.93 81.27 
8.25 10.2 8.54 10.44 8.94 10.77 35.78 34.93 57.45 55.76 56.94 55.23 56.44 54.71 55.95 54.2 55.47 53.71 55.01 53.24 2.0 0.0 2.24 1.0 32.02 33.6 79.71 81.6 79.38 81.27 62.03 61.35 64.12 62.13 52.8 50.99 75.54 75.8 76.54 75.59 41.68 39.96 40.46 39.2 44.28 43.46 68.47 68.26 40.31 40.11 24.17 22.36 82.3 82.15 62.07 62.2 61.72 60.44 69.87 67.9 56.61 57.25 18.44 20.4 41.88 40.82 19.03 17.03 78.45 80.41 7.07 9.06 67.08 66.21 24.35 23.77 19.65 17.72 52.95 52.61 44.29 45.28 79.4 78.39 95.8 95.34 72.4 70.72 78.43 76.55 47.8 49.73 32.89 31.02 27.02 27.17 13.0 14.87 82.64 81.93 
10.05 12.04 10.2 12.17 10.44 12.37 34.48 33.54 57.31 55.57 56.82 55.07 56.36 54.59 55.9 54.12 55.46 53.67 55.04 53.23 1.0 2.24 0.0 2.0 30.0 31.62 78.11 80.01 77.79 79.7 62.3 61.68 65.28 63.29 50.57 48.75 76.79 77.1 74.71 73.79 41.59 39.82 38.42 37.2 42.94 42.05 67.27 67.12 38.47 38.21 22.83 21.1 83.15 83.05 63.2 63.39 60.88 59.55 70.58 68.59 58.19 58.87 20.22 22.2 41.68 40.71 17.12 15.13 77.1 79.08 9.22 11.18 67.12 66.31 22.8 22.36 18.03 16.16 51.62 51.35 42.06 43.05 77.52 76.54 96.32 95.9 72.2 70.49 78.75 76.84 46.32 48.27 34.54 32.7 26.17 26.48 14.56 16.49 82.87 82.22 
8.06 10.05 8.25 10.2 8.54 10.44 36.24 35.34 58.31 56.6 57.8 56.08 57.31 55.57 56.82 55.07 56.36 54.59 55.9 54.12 2.24 1.0 2.0 0.0 31.24 32.8 78.77 80.65 78.43 80.32 62.97 62.3 65.12 63.13 52.39 50.57 76.53 76.79 75.66 74.71 42.54 40.82 39.7 38.42 44.72 43.86 67.48 67.27 40.45 40.2 24.6 22.83 83.29 83.15 63.07 63.2 62.37 61.07 70.86 68.88 57.57 58.19 18.25 20.22 42.72 41.68 19.1 17.12 77.47 79.43 7.28 9.22 67.98 67.12 23.41 22.8 19.92 18.03 51.97 51.62 43.83 44.78 78.55 77.52 96.77 96.32 73.25 71.56 79.38 77.49 46.84 48.76 33.84 31.95 26.02 26.17 12.65 14.56 83.57 82.87 
36.24 37.8 35.61 37.2 35.0 36.62 42.72 40.8 74.67 72.69 74.55 72.56 74.43 72.44 74.33 72.34 74.24 72.25 74.17 72.17 30.81 32.02 30.0 31.24 0.0 2.0 50.49 52.47 50.36 52.35 83.02 83.0 92.18 90.25 28.16 26.17 104.12 104.69 45.31 44.6 61.01 59.01 8.49 7.21 48.33 46.52 44.64 45.22 36.06 34.41 35.06 35.0 107.79 108.05 89.99 90.52 70.38 68.54 94.43 92.44 87.24 88.1 43.42 45.18 60.07 60.01 26.02 26.17 52.24 54.23 37.48 38.95 85.59 85.38 12.17 14.14 30.02 30.15 28.79 29.55 19.42 19.1 47.85 47.01 118.04 118.0 88.07 86.12 99.18 97.19 22.14 24.04 64.01 62.27 21.1 23.09 37.74 39.45 102.49 102.31 
37.54 39.05 36.88 38.42 36.24 37.8 44.64 42.72 76.66 74.67 76.53 74.55 76.42 74.43 76.32 74.33 76.24 74.24 76.16 74.17 32.45 33.6 31.62 32.8 2.0 0.0 48.51 50.49 48.37 50.36 85.02 85.0 94.11 92.18 28.44 26.48 106.04 106.61 43.46 42.72 63.01 61.01 7.21 5.66 50.16 48.33 42.72 43.32 37.74 36.06 37.05 37.0 109.77 110.03 91.92 92.44 72.24 70.38 96.42 94.43 89.05 89.9 44.42 46.14 62.07 62.01 28.02 28.16 50.25 52.24 38.9 40.31 87.57 87.37 12.65 14.56 32.02 32.14 26.93 27.73 19.92 19.42 46.07 45.19 120.04 120.0 90.03 88.07 101.18 99.18 20.25 22.14 65.76 64.01 21.0 23.0 38.83 40.5 104.48 104.31 
80.96 81.84 80.06 80.95 79.16 80.06 91.14 89.14 124.04 122.04 124.02 122.02 124.0 122.0 124.0 122.0 124.0 122.0 124.02 122.02 79.06 79.71 78.11 78.77 50.49 48.51 0.0 2.0 1.0 2.24 133.09 133.18 142.41 140.46 57.01 56.3 154.26 154.74 12.81 11.31 111.16 109.17 44.01 44.1 94.89 92.91 20.25 22.14 81.05 79.08 85.15 85.29 158.27 158.53 140.25 140.69 116.73 114.76 144.89 142.9 136.3 136.96 84.06 85.15 110.07 110.16 76.42 76.66 12.17 12.65 83.26 84.1 135.03 135.0 55.36 56.08 80.4 80.62 28.6 29.83 55.32 53.37 15.65 13.89 168.05 168.11 136.53 134.54 149.0 147.0 32.2 30.41 112.61 110.72 55.57 56.6 80.13 81.12 152.03 152.0 
82.76 83.63 81.86 82.73 80.96 81.84 93.13 91.14 126.04 124.04 126.02 124.02 126.0 124.0 126.0 124.0 126.0 124.0 126.02 124.02 80.96 81.6 80.01 80.65 52.47 50.49 2.0 0.0 2.24 1.0 135.09 135.18 144.37 142.41 58.87 58.19 156.2 156.68 14.14 12.81 113.16 111.16 46.01 46.1 96.88 94.89 21.02 22.85 83.02 81.05 87.14 87.28 160.25 160.51 142.2 142.64 118.7 116.73 146.87 144.89 138.19 138.84 85.76 86.82 112.07 112.16 78.41 78.64 12.0 12.17 85.09 85.91 137.03 137.0 57.25 57.94 82.39 82.61 30.23 31.4 57.27 55.32 16.64 15.0 170.05 170.11 138.52 136.53 151.0 149.0 34.01 32.2 114.49 112.61 57.31 58.31 81.88 82.86 154.03 154.0 
80.53 81.39 79.62 80.5 78.72 79.61 91.2 89.2 124.06 122.07 124.04 122.04 124.02 122.02 124.0 122.0 124.0 122.0 124.0 122.0 78.75 79.38 77.79 78.43 50.36 48.37 1.0 2.24 0.0 2.0 133.06 133.14 142.2 140.25 57.38 56.65 154.03 154.5 13.6 12.04 111.11 109.11 44.0 44.05 95.04 93.06 19.31 21.19 81.22 79.25 85.09 85.21 158.15 158.4 140.04 140.46 116.9 114.93 144.78 142.79 135.98 136.62 83.53 84.6 110.04 110.11 76.32 76.53 11.18 11.7 82.86 83.67 135.06 135.01 55.03 55.71 80.31 80.5 28.02 29.21 55.54 53.6 16.55 14.76 168.03 168.07 136.62 134.63 149.0 147.0 31.78 29.97 112.27 110.39 55.07 56.08 79.65 80.62 152.05 152.01 
82.35 83.19 81.44 82.29 80.53 81.39 93.19 91.2 126.06 124.06 126.04 124.04 126.02 124.02 126.0 124.0 126.0 124.0 126.0 124.0 80.65 81.27 79.7 80.32 52.35 50.36 2.24 1.0 2.0 0.0 135.06 135.13 144.16 142.2 59.24 58.52 155.98 156.44 14.87 13.45 113.11 111.11 46.0 46.04 97.02 95.04 20.12 21.93 83.19 81.22 87.09 87.21 160.13 160.38 141.99 142.41 118.87 116.9 146.77 144.78 137.88 138.51 85.23 86.28 112.04 112.11 78.31 78.52 11.0 11.18 84.69 85.49 137.06 137.01 56.92 57.58 82.3 82.49 29.68 30.81 57.49 55.54 17.49 15.81 170.03 170.07 138.61 136.62 151.0 149.0 33.62 31.78 114.16 112.27 56.82 57.8 81.41 82.37 154.05 154.01 
67.08 68.0 67.98 68.88 68.88 69.77 43.17 45.12 12.04 13.6 11.4 13.04 10.82 12.53 10.3 12.08 9.85 11.7 9.49 11.4 61.35 62.03 62.3 62.97 83.02 85.02 133.09 135.09 133.06 135.06 0.0 2.0 26.68 26.31 84.12 83.52 35.36 37.12 125.9 125.67 22.02 24.02 89.09 89.02 42.95 44.78 126.78 127.01 55.97 57.87 48.0 48.04 28.3 29.41 25.32 27.29 30.81 32.02 15.56 14.21 39.2 41.19 73.78 74.89 23.02 23.02 57.08 57.22 135.18 137.18 63.95 64.88 8.25 6.32 82.2 82.57 53.08 53.24 110.65 110.89 80.81 82.76 127.42 127.14 35.01 35.01 17.26 17.03 16.49 14.56 104.39 106.38 42.64 43.93 88.06 88.6 71.59 72.56 20.62 19.92 
66.21 67.08 67.12 67.98 68.03 68.88 43.68 45.61 13.45 14.87 12.73 14.21 12.04 13.6 11.4 13.04 10.82 12.53 10.3 12.08 60.73 61.35 61.68 62.3 83.0 85.0 133.18 135.18 133.14 135.13 2.0 0.0 24.74 24.33 84.76 84.12 33.62 35.36 126.15 125.9 22.02 24.02 89.2 89.09 43.83 45.62 126.57 126.78 56.65 58.52 48.04 48.0 27.29 28.3 23.35 25.32 32.45 33.6 14.21 12.73 37.22 39.2 72.72 73.78 23.19 23.02 57.01 57.08 135.09 137.09 63.07 63.95 10.2 8.25 81.88 82.2 53.01 53.08 110.45 110.65 81.25 83.2 127.74 127.42 35.13 35.01 19.24 19.03 17.09 15.23 104.24 106.23 41.11 42.45 87.56 88.06 70.66 71.59 21.47 20.62 
66.12 66.27 67.12 67.27 68.12 68.26 60.0 61.61 37.16 38.01 36.25 37.12 35.34 36.24 34.44 35.36 33.54 34.48 32.65 33.62 64.28 64.12 65.28 65.12 92.18 94.11 142.41 144.37 142.2 144.16 26.68 24.74 0.0 2.0 100.5 99.48 12.08 13.04 137.27 136.68 37.54 39.05 99.62 99.04 62.94 64.38 132.54 132.38 73.6 75.21 59.93 59.09 21.1 20.12 2.24 2.24 56.36 57.25 15.81 15.3 16.4 18.03 69.43 69.86 39.62 38.29 67.07 66.41 142.27 144.26 63.07 63.2 34.23 32.25 87.82 87.57 63.32 62.63 116.84 116.62 95.26 97.05 139.46 138.83 39.62 38.29 43.1 43.29 31.62 31.05 111.31 113.28 33.73 35.69 91.05 91.01 69.46 69.72 36.4 34.54 
64.12 64.28 65.12 65.28 66.12 66.27 58.41 60.0 36.4 37.16 35.47 36.25 34.54 35.34 33.62 34.44 32.7 33.54 31.78 32.65 62.29 62.13 63.29 63.13 90.25 92.18 140.46 142.41 140.25 142.2 26.31 24.33 2.0 0.0 98.79 97.75 13.93 14.76 135.36 134.77 36.07 37.54 97.72 97.12 61.52 62.94 130.55 130.38 72.01 73.6 58.14 57.27 22.83 21.93 1.0 1.0 55.54 56.36 16.55 15.81 15.26 17.0 67.47 67.91 38.18 36.8 65.19 64.51 140.29 142.27 61.07 61.2 34.06 32.06 85.84 85.59 61.47 60.75 114.86 114.63 93.48 95.26 137.57 136.93 41.11 39.82 43.01 43.1 32.31 31.62 109.33 111.31 31.78 33.73 89.05 89.01 67.48 67.74 37.16 35.34 
59.46 61.35 59.14 61.03 58.82 60.73 41.23 39.4 73.25 71.31 73.5 71.57 73.76 71.84 74.04 72.12 74.33 72.42 74.63 72.73 50.99 52.8 50.57 52.39 28.16 28.44 57.01 58.87 57.38 59.24 84.12 84.76 100.5 98.79 0.0 2.0 112.51 113.53 46.32 46.84 63.98 62.17 23.77 25.63 41.77 39.81 60.96 62.29 28.16 26.25 41.23 42.52 111.79 112.54 98.27 99.32 62.01 60.01 98.23 96.38 100.0 101.32 68.41 70.34 62.24 63.07 37.01 38.6 64.14 65.86 59.62 61.47 83.95 84.4 40.01 42.01 39.62 41.11 48.41 50.0 9.06 9.06 46.53 46.87 117.69 118.13 83.49 81.5 98.49 96.54 42.44 43.6 79.31 77.99 49.25 51.24 62.36 64.29 100.62 101.0 
57.58 59.46 57.25 59.14 56.92 58.82 40.5 38.63 72.78 70.83 73.01 71.06 73.25 71.31 73.5 71.57 73.76 71.84 74.04 72.12 49.19 50.99 48.75 50.57 26.17 26.48 56.3 58.19 56.65 58.52 83.52 84.12 99.48 97.75 2.0 0.0 111.51 112.51 45.89 46.32 63.16 61.33 21.93 23.77 41.44 39.46 59.67 60.96 27.66 25.71 40.0 41.23 111.07 111.79 97.25 98.27 62.01 60.01 97.5 95.63 98.72 100.0 66.48 68.41 61.47 62.24 35.47 37.01 63.13 64.88 57.78 59.62 83.55 83.95 38.01 40.01 38.18 39.62 46.86 48.41 7.07 7.07 46.27 46.53 117.28 117.69 83.29 81.3 98.06 96.1 40.8 42.01 77.83 76.49 47.27 49.25 60.44 62.36 100.28 100.62 
77.01 77.01 78.01 78.01 79.01 79.01 71.85 73.5 46.87 48.01 46.04 47.2 45.22 46.4 44.41 45.61 43.6 44.82 42.8 44.05 75.8 75.54 76.79 76.53 104.12 106.04 154.26 156.2 154.03 155.98 35.36 33.62 12.08 13.93 112.51 111.51 0.0 2.0 149.26 148.66 49.2 50.8 111.63 111.02 74.41 75.93 144.01 143.78 85.45 87.09 72.01 71.18 17.46 15.65 14.32 13.6 66.04 67.12 20.88 21.54 22.47 23.26 79.51 79.76 51.22 50.0 79.12 78.43 153.88 155.86 74.03 74.0 41.79 39.92 99.46 99.14 75.39 74.67 128.41 128.13 107.33 109.12 151.49 150.84 36.72 34.99 50.0 50.6 35.01 35.13 122.98 124.95 44.05 46.04 102.31 102.18 80.06 80.16 39.05 37.05 
77.06 77.01 78.06 78.01 79.06 79.01 73.01 74.63 48.55 49.65 47.71 48.83 46.87 48.01 46.04 47.2 45.22 46.4 44.41 45.61 76.12 75.8 77.1 76.79 104.69 106.61 154.74 156.68 154.5 156.44 37.12 35.36 13.04 14.76 113.53 112.51 2.0 0.0 149.89 149.26 50.45 52.01 112.27 111.63 75.74 77.23 144.26 144.01 86.61 88.23 72.9 72.01 19.31 17.46 15.26 14.32 67.74 68.8 22.8 23.41 21.84 22.47 79.31 79.51 52.5 51.22 79.85 79.12 154.21 156.18 74.11 74.03 43.66 41.79 99.82 99.46 76.16 75.39 128.72 128.41 108.24 110.02 152.16 151.49 38.47 36.72 51.92 52.5 37.01 37.12 123.36 125.32 44.0 46.0 102.49 102.31 80.01 80.06 41.05 39.05 
79.06 80.21 78.24 79.4 77.42 78.6 83.15 81.15 116.21 114.21 116.28 114.28 116.35 114.35 116.43 114.44 116.52 114.53 116.62 114.63 75.59 76.54 74.71 75.66 45.31 43.46 12.81 14.14 13.6 14.87 125.9 126.15 137.27 135.36 46.32 45.89 149.26 149.89 0.0 2.0 104.24 102.26 37.64 38.28 86.05 84.05 29.02 31.02 72.06 70.06 78.45 78.85 151.99 152.4 135.06 135.67 107.47 105.48 138.46 136.5 132.5 133.33 83.63 84.96 102.96 103.25 70.34 70.88 24.17 25.06 80.99 82.1 127.19 127.32 52.7 53.82 74.22 74.73 30.89 32.65 46.04 44.05 4.12 2.24 160.61 160.8 128.02 126.02 141.43 139.43 31.89 30.61 109.12 107.33 55.17 56.57 79.03 80.28 144.17 144.28 
77.94 79.06 77.1 78.24 76.28 77.42 83.05 81.06 116.11 114.11 116.16 114.16 116.21 114.21 116.28 114.28 116.35 114.35 116.43 114.44 74.69 75.59 73.79 74.71 44.6 42.72 11.31 12.81 12.04 13.45 125.67 125.9 136.68 134.77 46.84 46.32 148.66 149.26 2.0 0.0 103.95 101.97 37.11 37.64 86.15 84.15 27.02 29.02 72.17 70.18 78.09 78.45 151.61 151.99 134.48 135.06 107.67 105.68 138.1 136.13 131.7 132.5 82.33 83.63 102.7 102.96 69.86 70.34 22.36 23.32 79.92 80.99 127.1 127.19 51.62 52.7 73.76 74.22 29.15 30.89 46.17 44.18 6.08 4.12 160.45 160.61 128.06 126.06 141.29 139.29 30.41 29.07 108.26 106.45 53.81 55.17 77.8 79.03 144.09 144.17 
47.8 49.04 48.6 49.82 49.41 50.61 22.83 24.6 15.81 14.21 15.26 13.6 14.76 13.04 14.32 12.53 13.93 12.08 13.6 11.7 40.71 41.68 41.59 42.54 61.01 63.01 111.16 113.16 111.11 113.11 22.02 22.02 37.54 36.07 63.98 63.16 49.2 50.45 104.24 103.95 0.0 2.0 67.19 67.07 25.5 26.87 104.81 105.08 36.36 38.08 26.02 26.02 48.08 48.7 35.38 36.77 26.31 26.08 34.48 32.57 42.05 43.86 55.87 57.28 2.24 1.0 35.06 35.23 113.16 115.16 44.82 46.1 25.63 25.0 60.42 60.88 31.06 31.26 88.68 88.96 59.77 61.68 105.91 105.55 57.04 57.0 30.81 29.21 38.33 36.35 82.39 84.38 32.39 32.76 66.73 67.42 52.63 53.91 41.98 41.59 
46.23 47.51 47.01 48.27 47.8 49.04 21.1 22.83 17.49 15.81 17.0 15.26 16.55 14.76 16.16 14.32 15.81 13.93 15.52 13.6 38.95 39.96 39.82 40.82 59.01 61.01 109.17 111.16 109.11 111.11 24.02 24.02 39.05 37.54 62.17 61.33 50.8 52.01 102.26 101.97 2.0 0.0 65.19 65.07 24.21 25.5 102.83 103.1 34.67 36.36 24.02 24.02 50.0 50.6 36.88 38.21 26.68 26.31 36.4 34.48 42.94 44.72 54.45 55.9 2.24 1.0 33.06 33.24 111.16 113.16 43.28 44.6 27.51 26.93 58.46 58.94 29.07 29.27 86.7 86.98 57.87 59.77 103.94 103.58 59.03 59.0 32.45 30.81 40.31 38.33 80.4 82.39 32.14 32.39 64.85 65.55 51.09 52.4 43.93 43.57 
44.69 46.23 44.05 45.61 43.42 45.0 47.38 45.4 80.1 78.1 80.06 78.06 80.02 78.03 80.01 78.01 80.0 78.0 80.01 78.01 39.2 40.46 38.42 39.7 8.49 7.21 44.01 46.01 44.0 46.0 89.09 89.2 99.62 97.72 23.77 21.93 111.63 112.27 37.64 37.11 67.19 65.19 0.0 2.0 51.92 50.0 41.15 42.06 38.63 36.77 41.19 41.44 114.59 114.93 97.42 98.03 74.04 72.12 101.12 99.14 95.26 96.18 51.62 53.34 66.07 66.19 32.76 33.24 47.3 49.24 45.97 47.42 91.09 91.02 19.7 21.54 36.67 37.11 26.4 27.66 16.4 15.26 39.92 39.22 124.04 124.1 92.91 90.93 105.0 103.0 19.85 21.4 72.2 70.49 27.29 29.27 46.04 47.71 108.07 108.02 
43.19 44.69 42.52 44.05 41.87 43.42 47.68 45.71 80.22 78.23 80.16 78.16 80.1 78.1 80.06 78.06 80.02 78.03 80.01 78.01 38.01 39.2 37.2 38.42 7.21 5.66 44.1 46.1 44.05 46.04 89.02 89.09 99.04 97.12 25.63 23.77 111.02 111.63 38.28 37.64 67.07 65.07 2.0 0.0 52.5 50.6 40.31 41.15 39.4 37.58 41.05 41.19 114.27 114.59 96.84 97.42 74.63 72.73 100.84 98.86 94.37 95.26 49.93 51.62 66.01 66.07 32.39 32.76 46.87 48.84 44.55 45.97 91.2 91.09 17.89 19.7 36.35 36.67 25.24 26.4 18.03 17.0 40.72 39.92 124.0 124.04 93.21 91.24 105.02 103.02 18.6 20.25 71.2 69.46 25.32 27.29 44.41 46.04 108.17 108.07 
52.39 54.23 52.8 54.63 53.23 55.04 8.54 9.43 31.62 29.73 31.95 30.08 32.31 30.46 32.7 30.87 33.11 31.3 33.54 31.76 42.49 44.28 42.94 44.72 48.33 50.16 94.89 96.88 95.04 97.02 42.95 43.83 62.94 61.52 41.77 41.44 74.41 75.74 86.05 86.15 25.5 24.21 51.92 52.5 0.0 2.0 92.7 93.41 14.0 16.0 20.12 21.93 71.12 72.07 60.81 62.24 22.14 20.25 57.8 56.08 66.89 68.6 62.39 64.26 23.35 24.84 27.66 29.21 99.2 101.14 50.33 52.2 42.2 42.72 52.8 54.04 25.24 26.93 77.08 77.88 40.01 42.01 87.01 87.01 75.93 76.4 42.01 40.01 56.75 54.82 70.38 72.24 52.39 51.97 61.62 62.97 57.27 59.09 58.86 59.23 
51.62 53.49 52.0 53.85 52.39 54.23 8.06 8.54 33.53 31.62 33.84 31.95 34.18 32.31 34.54 32.7 34.93 33.11 35.34 33.54 41.63 43.46 42.05 43.86 46.52 48.33 92.91 94.89 93.06 95.04 44.78 45.62 64.38 62.94 39.81 39.46 75.93 77.23 84.05 84.15 26.87 25.5 50.0 50.6 2.0 0.0 90.82 91.55 12.0 14.0 19.31 21.19 72.9 73.82 62.24 63.64 24.04 22.14 59.54 57.8 67.96 69.64 61.68 63.57 24.76 26.17 26.4 28.02 97.27 99.2 49.65 51.55 44.15 44.64 51.22 52.5 24.19 25.94 75.24 76.06 38.01 40.01 85.01 85.01 77.88 78.34 44.01 42.01 58.69 56.75 68.54 70.38 52.89 52.39 60.14 61.52 56.46 58.31 60.83 61.19 
67.91 68.41 66.94 67.45 65.97 66.48 87.36 85.44 119.05 117.09 118.87 116.9 118.7 116.73 118.53 116.56 118.38 116.4 118.23 116.25 68.26 68.47 67.27 67.48 44.64 42.72 20.25 21.02 19.31 20.12 126.78 126.57 132.54 130.55 60.96 59.67 144.01 144.26 29.02 27.02 104.81 102.83 41.15 40.31 92.7 90.82 0.0 2.0 79.71 77.88 79.25 78.92 150.0 150.03 130.46 130.65 114.83 112.95 137.03 135.03 124.54 124.95 69.08 69.86 104.09 103.82 69.87 69.58 11.4 13.04 70.61 71.06 129.88 129.55 45.0 45.04 73.82 73.55 16.12 16.0 56.3 54.64 33.0 31.0 161.7 161.52 132.67 130.73 143.14 141.15 22.56 20.62 100.81 98.84 41.98 42.45 66.1 66.73 146.66 146.37 
67.47 67.91 66.49 66.94 65.51 65.97 87.93 86.02 119.44 117.48 119.24 117.28 119.05 117.09 118.87 116.9 118.7 116.73 118.53 116.56 68.12 68.26 67.12 67.27 45.22 43.32 22.14 22.85 21.19 21.93 127.01 126.78 132.38 130.38 62.29 60.96 143.78 144.01 31.02 29.02 105.08 103.1 42.06 41.15 93.41 91.55 2.0 0.0 80.53 78.72 79.62 79.25 150.0 150.0 130.31 130.46 115.52 113.65 137.09 135.09 124.15 124.54 68.35 69.08 104.39 104.09 70.21 69.87 12.73 14.21 70.21 70.61 130.23 129.88 45.04 45.0 74.15 73.82 16.49 16.12 57.43 55.8 35.0 33.0 161.9 161.7 133.15 131.22 143.4 141.42 23.09 21.19 100.45 98.48 41.59 41.98 65.52 66.1 146.97 146.66 
48.51 50.49 48.66 50.64 48.84 50.8 13.6 12.04 45.12 43.17 45.35 43.42 45.61 43.68 45.88 43.97 46.17 44.27 46.49 44.6 38.33 40.31 38.47 40.45 36.06 37.74 81.05 83.02 81.22 83.19 55.97 56.65 73.6 72.01 28.16 27.66 85.45 86.61 72.06 72.17 36.36 34.67 38.63 39.4 14.0 12.0 79.71 80.53 0.0 2.0 18.68 20.62 83.77 84.58 71.4 72.62 35.69 33.73 70.26 68.45 75.17 76.69 58.69 60.67 34.48 35.51 21.38 23.35 85.73 87.64 47.17 49.16 55.9 56.29 42.52 44.05 21.0 23.0 64.41 65.37 26.02 28.02 73.01 73.01 89.63 90.03 56.01 54.01 70.41 68.45 57.71 59.48 57.25 56.36 52.01 53.6 52.95 54.92 72.69 72.99 
48.26 50.25 48.37 50.36 48.51 50.49 15.26 13.6 47.07 45.12 47.3 45.35 47.54 45.61 47.8 45.88 48.08 46.17 48.38 46.49 38.12 40.11 38.21 40.2 34.41 36.06 79.08 81.05 79.25 81.22 57.87 58.52 75.21 73.6 26.25 25.71 87.09 88.23 70.06 70.18 38.08 36.36 36.77 37.58 16.0 14.0 77.88 78.72 2.0 0.0 19.31 21.19 85.62 86.41 73.01 74.2 37.66 35.69 72.09 70.26 76.49 77.99 58.42 60.41 36.24 37.22 21.1 23.09 83.82 85.73 47.04 49.04 57.87 58.25 41.23 42.8 21.1 23.09 62.65 63.63 24.02 26.02 71.01 71.01 91.59 91.98 58.01 56.01 72.37 70.41 55.95 57.71 58.18 57.25 50.8 52.43 52.61 54.59 74.67 74.97 
32.31 34.18 32.7 34.54 33.11 34.93 11.66 10.77 39.81 37.85 39.62 37.66 39.46 37.48 39.32 37.34 39.2 37.22 39.12 37.12 22.36 24.17 22.83 24.6 35.06 37.05 85.15 87.14 85.09 87.09 48.0 48.04 59.93 58.14 41.23 40.0 72.01 72.9 78.45 78.09 26.02 24.02 41.19 41.05 20.12 19.31 79.25 79.62 18.68 19.31 0.0 2.0 73.55 73.98 57.7 58.59 39.05 37.54 60.02 58.05 58.8 60.14 42.38 44.27 25.02 25.02 9.49 10.3 87.28 89.27 30.36 32.28 50.64 50.36 35.85 36.67 5.83 7.07 63.15 63.56 35.36 37.12 80.28 79.83 83.01 83.01 53.76 51.87 64.12 62.13 56.72 58.69 39.12 38.08 43.57 44.65 37.16 39.0 67.48 67.27 
30.46 32.31 30.87 32.7 31.3 33.11 13.42 12.65 40.26 38.33 40.02 38.08 39.81 37.85 39.62 37.66 39.46 37.48 39.32 37.34 20.59 22.36 21.1 22.83 35.0 37.0 85.29 87.28 85.21 87.21 48.04 48.0 59.09 57.27 42.52 41.23 71.18 72.01 78.85 78.45 26.02 24.02 41.44 41.19 21.93 21.19 78.92 79.25 20.62 21.19 2.0 0.0 73.16 73.55 56.86 57.7 40.36 38.9 59.68 57.71 57.49 58.8 40.5 42.38 25.18 25.02 9.06 9.49 87.14 89.14 28.46 30.36 50.99 50.64 35.11 35.85 5.1 5.83 62.8 63.15 36.36 38.08 80.78 80.28 83.05 83.01 54.42 52.55 64.28 62.29 56.44 58.42 37.44 36.36 42.54 43.57 35.34 37.16 67.74 67.48 
85.33 85.7 86.31 86.68 87.3 87.66 70.58 72.45 40.22 41.88 39.66 41.34 39.12 40.82 38.59 40.31 38.08 39.82 37.59 39.36 82.15 82.3 83.15 83.29 107.79 109.77 158.27 160.25 158.15 160.13 28.3 27.29 21.1 22.83 111.79 111.07 17.46 19.31 151.99 151.61 48.08 50.0 114.59 114.27 71.12 72.9 150.0 150.0 83.77 85.62 73.55 73.16 0.0 2.0 22.36 23.32 58.0 59.46 13.6 15.52 36.88 38.21 89.56 90.14 49.65 49.04 81.88 81.61 159.2 161.2 82.2 82.57 31.83 30.41 105.0 105.0 77.93 77.65 134.03 134.0 107.86 109.77 153.81 153.38 19.42 17.8 38.28 39.41 20.62 21.47 128.14 130.14 54.08 55.97 109.29 109.46 89.05 89.5 23.54 21.59 
85.0 85.33 85.99 86.31 86.98 87.3 71.31 73.16 41.4 43.01 40.8 42.44 40.22 41.88 39.66 41.34 39.12 40.82 38.59 40.31 82.05 82.15 83.05 83.15 108.05 110.03 158.53 160.51 158.4 160.38 29.41 28.3 20.12 21.93 112.54 111.79 15.65 17.46 152.4 151.99 48.7 50.6 114.93 114.59 72.07 73.82 150.03 150.0 84.58 86.41 73.98 73.55 2.0 0.0 21.54 22.36 59.4 60.83 14.32 16.16 35.61 36.88 89.02 89.56 50.33 49.65 82.2 81.88 159.31 161.31 81.88 82.2 33.3 31.83 105.04 105.0 78.26 77.93 134.09 134.03 108.47 110.37 154.26 153.81 21.1 19.42 39.96 41.05 22.47 23.26 128.25 130.25 53.45 55.36 109.17 109.29 88.65 89.05 25.5 23.54 
64.2 64.38 65.19 65.38 66.19 66.37 57.8 59.41 35.47 36.25 34.54 35.34 33.62 34.44 32.7 33.54 31.78 32.65 30.87 31.76 62.2 62.07 63.2 63.07 89.99 91.92 140.25 142.2 140.04 141.99 25.32 23.35 2.24 1.0 98.27 97.25 14.32 15.26 135.06 134.48 35.38 36.88 97.42 96.84 60.81 62.24 130.46 130.31 71.4 73.01 57.7 56.86 22.36 21.54 0.0 2.0 54.63 55.46 15.65 14.87 16.12 17.89 67.68 68.15 37.48 36.12 64.85 64.2 140.16 142.14 61.13 61.29 33.06 31.06 85.71 85.48 61.1 60.41 114.74 114.53 93.02 94.81 137.24 136.62 40.46 39.2 42.01 42.11 31.38 30.68 109.18 111.16 32.02 33.96 89.02 89.0 67.6 67.9 36.25 34.44 
64.07 64.2 65.07 65.19 66.07 66.19 59.03 60.61 37.34 38.08 36.4 37.16 35.47 36.25 34.54 35.34 33.62 34.44 32.7 33.54 62.39 62.2 63.39 63.2 90.52 92.44 140.69 142.64 140.46 142.41 27.29 25.32 2.24 1.0 99.32 98.27 13.6 14.32 135.67 135.06 36.77 38.21 98.03 97.42 62.24 63.64 130.65 130.46 72.62 74.2 58.59 57.7 23.32 22.36 2.0 0.0 56.46 57.27 17.46 16.76 14.42 16.12 67.27 67.68 38.9 37.48 65.55 64.85 140.43 142.41 61.03 61.13 35.06 33.06 85.99 85.71 61.85 61.1 114.98 114.74 93.94 95.71 137.9 137.24 41.77 40.46 44.01 44.1 33.24 32.57 109.49 111.46 31.58 33.54 89.09 89.02 67.36 67.6 38.08 36.25 
69.2 70.8 69.81 71.4 70.43 72.01 28.3 30.02 19.24 18.38 20.12 19.31 21.02 20.25 21.93 21.19 22.85 22.14 23.77 23.09 60.21 61.72 60.88 62.37 70.38 72.24 116.73 118.7 116.9 118.87 30.81 32.45 56.36 55.54 62.01 62.01 66.04 67.74 107.47 107.67 26.31 26.68 74.04 74.63 22.14 24.04 114.83 115.52 35.69 37.66 39.05 40.36 58.0 59.4 54.63 56.46 0.0 2.0 46.23 45.0 65.51 67.47 78.49 80.16 24.52 26.48 48.01 49.2 121.3 123.23 66.61 68.24 26.25 27.59 74.09 75.17 44.82 46.1 99.16 99.92 61.52 63.51 108.17 108.3 58.18 59.03 22.47 20.62 39.96 38.28 92.48 94.34 58.69 59.03 82.42 83.6 74.2 75.8 40.72 41.59 
68.01 69.63 68.6 70.21 69.2 70.8 26.63 28.3 20.25 19.24 21.1 20.12 21.95 21.02 22.83 21.93 23.71 22.85 24.6 23.77 58.9 60.44 59.55 61.07 68.54 70.38 114.76 116.73 114.93 116.9 32.02 33.6 57.25 56.36 60.01 60.01 67.12 68.8 105.48 105.68 26.08 26.31 72.12 72.73 20.25 22.14 112.95 113.65 33.73 35.69 37.54 38.9 59.46 60.83 55.46 57.27 2.0 0.0 47.51 46.23 65.97 67.91 77.39 79.08 24.19 26.17 46.4 47.63 119.37 121.3 65.46 67.12 27.8 29.07 72.4 73.5 43.28 44.6 97.31 98.09 59.54 61.52 106.17 106.3 60.01 60.84 24.35 22.47 41.68 39.96 90.62 92.48 58.42 58.69 80.8 82.01 73.01 74.63 42.54 43.38 
73.5 74.04 74.46 75.0 75.43 75.96 57.01 58.87 27.59 29.07 26.91 28.43 26.25 27.8 25.61 27.2 25.0 26.63 24.41 26.08 69.58 69.87 70.58 70.86 94.43 96.42 144.89 146.87 144.78 146.77 15.56 14.21 15.81 16.55 98.23 97.5 20.88 22.8 138.46 138.1 34.48 36.4 101.12 100.84 57.8 59.54 137.03 137.09 70.26 72.09 60.02 59.68 13.6 14.32 15.65 17.46 46.23 47.51 0.0 2.0 31.76 33.54 78.55 79.31 36.06 35.44 68.47 68.26 146.05 148.05 70.34 70.88 21.02 19.24 92.05 92.14 64.5 64.28 121.0 121.04 94.25 96.17 140.25 139.83 26.83 26.0 29.12 29.73 15.81 15.3 115.02 117.02 43.91 45.65 96.75 97.02 77.49 78.11 20.62 18.79 
71.57 72.12 72.53 73.08 73.5 74.04 55.15 57.01 26.17 27.59 25.46 26.91 24.76 26.25 24.08 25.61 23.43 25.0 22.8 24.41 67.6 67.9 68.59 68.88 92.44 94.43 142.9 144.89 142.79 144.78 14.21 12.73 15.3 15.81 96.38 95.63 21.54 23.41 136.5 136.13 32.57 34.48 99.14 98.86 56.08 57.8 135.03 135.09 68.45 70.26 58.05 57.71 15.52 16.16 14.87 16.76 45.0 46.23 2.0 0.0 30.87 32.7 76.69 77.47 34.18 33.53 66.48 66.27 144.06 146.05 68.41 68.96 20.25 18.38 90.05 90.14 62.51 62.29 119.0 119.04 92.35 94.25 138.29 137.87 28.64 27.86 28.64 29.12 16.55 15.81 113.02 115.02 42.19 43.91 94.76 95.04 75.58 76.22 21.47 19.72 
56.72 56.44 57.71 57.43 58.69 58.42 62.01 63.25 47.27 47.52 46.27 46.53 45.28 45.54 44.28 44.55 43.29 43.57 42.3 42.58 57.25 56.61 58.19 57.57 87.24 89.05 136.3 138.19 135.98 137.88 39.2 37.22 16.4 15.26 100.0 98.72 22.47 21.84 132.5 131.7 42.05 42.94 95.26 94.37 66.89 67.96 124.54 124.15 75.17 76.49 58.8 57.49 36.88 35.61 16.12 14.42 65.51 65.97 31.76 30.87 0.0 2.0 58.01 58.08 44.28 42.49 64.07 62.97 134.85 136.8 53.94 53.6 47.38 45.4 80.96 80.36 60.8 59.64 109.38 108.91 93.6 95.21 135.09 134.24 55.87 54.45 56.44 56.22 47.42 46.62 104.4 106.32 23.77 25.71 82.57 82.2 59.21 59.08 52.33 50.54 
57.07 56.72 58.05 57.71 59.03 58.69 63.6 64.82 49.25 49.5 48.26 48.51 47.27 47.52 46.27 46.53 45.28 45.54 44.28 44.55 57.94 57.25 58.87 58.19 88.1 89.9 136.96 138.84 136.62 138.51 41.19 39.2 18.03 17.0 101.32 100.0 23.26 22.47 133.33 132.5 43.86 44.72 96.18 95.26 68.6 69.64 124.95 124.54 76.69 77.99 60.14 58.8 38.21 36.88 17.89 16.12 67.47 67.91 33.54 32.7 2.0 0.0 58.01 58.01 46.1 44.28 65.22 64.07 135.34 137.28 54.34 53.94 49.37 47.38 81.6 80.96 62.01 60.8 109.9 109.38 94.81 96.4 135.96 135.09 57.31 55.87 58.42 58.22 49.24 48.47 105.0 106.9 24.35 26.25 82.98 82.57 59.41 59.21 54.13 52.33 
10.2 8.25 10.05 8.06 10.0 8.0 53.85 53.14 71.51 70.04 70.84 69.35 70.18 68.68 69.53 68.01 68.88 67.36 68.25 66.71 20.4 18.44 20.22 18.25 43.42 44.42 84.06 85.76 83.53 85.23 73.78 72.72 69.43 67.47 68.41 66.48 79.51 79.31 83.63 82.33 55.87 54.45 51.62 49.93 62.39 61.68 69.08 68.35 58.69 58.42 42.38 40.5 89.56 89.02 67.68 67.27 78.49 77.39 78.55 76.69 58.01 58.01 0.0 2.0 56.59 55.15 37.34 35.36 80.11 81.94 12.08 10.3 80.0 78.82 32.2 30.61 38.08 36.14 55.57 54.59 59.48 60.08 87.05 85.7 105.31 104.55 86.45 84.96 89.55 87.82 52.2 53.82 35.69 33.73 28.6 27.46 6.08 4.12 94.15 93.15 
12.17 10.2 12.04 10.05 12.0 10.0 55.71 55.03 72.86 71.42 72.18 70.72 71.51 70.04 70.84 69.35 70.18 68.68 69.53 68.01 22.36 20.4 22.2 20.22 45.18 46.14 85.15 86.82 84.6 86.28 74.89 73.78 69.86 67.91 70.34 68.41 79.76 79.51 84.96 83.63 57.28 55.9 53.34 51.62 64.26 63.57 69.86 69.08 60.67 60.41 44.27 42.38 90.14 89.56 68.15 67.68 80.16 79.08 79.31 77.47 58.08 58.01 2.0 0.0 58.05 56.59 39.32 37.34 80.96 82.76 13.93 12.08 81.22 80.0 33.84 32.2 40.02 38.08 56.6 55.57 61.4 61.98 88.41 87.05 106.1 105.31 87.78 86.31 90.55 88.84 53.41 55.0 36.14 34.21 29.83 28.6 8.06 6.08 95.19 94.15 
48.27 49.58 49.04 50.33 49.82 51.09 21.02 22.85 15.65 13.89 15.23 13.42 14.87 13.0 14.56 12.65 14.32 12.37 14.14 12.17 40.82 41.88 41.68 42.72 60.07 62.07 110.07 112.07 110.04 112.04 23.02 23.19 39.62 38.18 62.24 61.47 51.22 52.5 102.96 102.7 2.24 2.24 66.07 66.01 23.35 24.76 104.09 104.39 34.48 36.24 25.02 25.18 49.65 50.33 37.48 38.9 24.52 24.19 36.06 34.18 44.28 46.1 56.59 58.05 0.0 2.0 34.23 34.53 112.29 114.28 45.34 46.69 25.96 25.5 59.91 60.44 30.27 30.59 87.97 88.28 58.24 60.17 104.56 104.24 58.0 58.03 30.53 28.84 39.12 37.12 81.61 83.6 34.23 34.53 66.48 67.23 53.15 54.49 42.58 42.3 
47.01 48.27 47.8 49.04 48.6 49.82 21.95 23.71 16.64 15.0 16.12 14.42 15.65 13.89 15.23 13.42 14.87 13.0 14.56 12.65 39.82 40.82 40.71 41.68 60.01 62.01 110.16 112.16 110.11 112.11 23.02 23.02 38.29 36.8 63.07 62.24 50.0 51.22 103.25 102.96 1.0 1.0 66.19 66.07 24.84 26.17 103.82 104.09 35.51 37.22 25.02 25.02 49.04 49.65 36.12 37.48 26.48 26.17 35.44 33.53 42.49 44.28 55.15 56.59 2.0 0.0 34.06 34.23 112.16 114.16 44.05 45.34 26.57 25.96 59.44 59.91 30.07 30.27 87.69 87.97 58.82 60.73 104.92 104.56 58.03 58.0 31.62 30.0 39.32 37.34 81.39 83.38 32.25 32.56 65.79 66.48 51.86 53.15 42.95 42.58 
27.17 29.15 27.29 29.27 27.46 29.43 19.85 18.38 49.24 47.3 49.03 47.07 48.84 46.87 48.66 46.69 48.51 46.53 48.37 46.39 17.03 19.03 17.12 19.1 26.02 28.02 76.42 78.41 76.32 78.31 57.08 57.01 67.07 65.19 37.01 35.47 79.12 79.85 70.34 69.86 35.06 33.06 32.76 32.39 27.66 26.4 69.87 70.21 21.38 21.1 9.49 9.06 81.88 82.2 64.85 65.55 48.01 46.4 68.47 66.48 64.07 65.22 37.34 39.32 34.23 34.06 0.0 2.0 78.1 80.1 26.0 28.0 60.02 59.68 26.4 27.29 4.0 4.47 53.76 54.13 29.73 31.24 72.42 71.84 92.09 92.02 63.25 61.35 73.33 71.34 47.38 49.37 42.43 41.04 34.41 35.61 31.58 33.54 76.79 76.53 
