25
0.0 2.0 1.0 2.24 2.0 2.83 3.0 3.61 4.0 4.47 5.0 5.39 6.0 6.32 7.0 7.28 8.0 8.25 9.0 9.22 29.27 29.07 28.28 28.07 11.31 
2.0 0.0 2.24 1.0 2.83 2.0 3.61 3.0 4.47 4.0 5.39 5.0 6.32 6.0 7.28 7.0 8.25 8.0 9.22 9.0 31.26 31.06 30.27 30.07 12.81 
1.0 2.24 0.0 2.0 1.0 2.24 2.0 2.83 3.0 3.61 4.0 4.47 5.0 5.39 6.0 6.32 7.0 7.28 8.0 8.25 29.43 29.15 28.44 28.16 12.04 
2.24 1.0 2.0 0.0 2.24 1.0 2.83 2.0 3.61 3.0 4.47 4.0 5.39 5.0 6.32 6.0 7.28 7.0 8.25 8.0 31.4 31.14 30.41 30.15 13.45 
2.0 2.83 1.0 2.24 0.0 2.0 1.0 2.24 2.0 2.83 3.0 3.61 4.0 4.47 5.0 5.39 6.0 6.32 7.0 7.28 29.61 29.27 28.64 28.28 12.81 
2.83 2.0 2.24 1.0 2.0 0.0 2.24 1.0 2.83 2.0 3.61 3.0 4.47 4.0 5.39 5.0 6.32 6.0 7.28 7.0 31.58 31.26 30.59 30.27 14.14 
3.0 3.61 2.0 2.83 1.0 2.24 0.0 2.0 1.0 2.24 2.0 2.83 3.0 3.61 4.0 4.47 5.0 5.39 6.0 6.32 29.83 29.43 28.86 28.44 13.6 
3.61 3.0 2.83 2.0 2.24 1.0 2.0 0.0 2.24 1.0 2.83 2.0 3.61 3.0 4.47 4.0 5.39 5.0 6.32 6.0 31.78 31.4 30.81 30.41 14.87 
4.0 4.47 3.0 3.61 2.0 2.83 1.0 2.24 0.0 2.0 1.0 2.24 2.0 2.83 3.0 3.61 4.0 4.47 5.0 5.39 30.08 29.61 29.12 28.64 14.42 
4.47 4.0 3.61 3.0 2.83 2.0 2.24 1.0 2.0 0.0 2.24 1.0 2.83 2.0 3.61 3.0 4.47 4.0 5.39 5.0 32.02 31.58 31.05 30.59 15.62 
5.0 5.39 4.0 4.47 3.0 3.61 2.0 2.83 1.0 2.24 0.0 2.0 1.0 2.24 2.0 2.83 3.0 3.61 4.0 4.47 30.36 29.83 29.41 28.86 15.26 
5.39 5.0 4.47 4.0 3.61 3.0 2.83 2.0 2.24 1.0 2.0 0.0 2.24 1.0 2.83 2.0 3.61 3.0 4.47 4.0 32.28 31.78 31.32 30.81 16.4 
6.0 6.32 5.0 5.39 4.0 4.47 3.0 3.61 2.0 2.83 1.0 2.24 0.0 2.0 1.0 2.24 2.0 2.83 3.0 3.61 30.68 30.08 29.73 29.12 16.12 
6.32 6.0 5.39 5.0 4.47 4.0 3.61 3.0 2.83 2.0 2.24 1.0 2.0 0.0 2.24 1.0 2.83 2.0 3.61 3.0 32.57 32.02 31.62 31.05 17.2 
7.0 7.28 6.0 6.32 5.0 5.39 4.0 4.47 3.0 3.61 2.0 2.83 1.0 2.24 0.0 2.0 1.0 2.24 2.0 2.83 31.02 30.36 30.08 29.41 17.0 
7.28 7.0 6.32 6.0 5.39 5.0 4.47 4.0 3.61 3.0 2.83 2.0 2.24 1.0 2.0 0.0 2.24 1.0 2.83 2.0 32.89 32.28 31.95 31.32 18.03 
8.0 8.25 7.0 7.28 6.0 6.32 5.0 5.39 4.0 4.47 3.0 3.61 2.0 2.83 1.0 2.24 0.0 2.0 1.0 2.24 31.38 30.68 30.46 29.73 17.89 
8.25 8.0 7.28 7.0 6.32 6.0 5.39 5.0 4.47 4.0 3.61 3.0 2.83 2.0 2.24 1.0 2.0 0.0 2.24 1.0 33.24 32.57 32.31 31.62 18.87 
9.0 9.22 8.0 8.25 7.0 7.28 6.0 6.32 5.0 5.39 4.0 4.47 3.0 3.61 2.0 2.83 1.0 2.24 0.0 2.0 31.78 31.02 30.87 30.08 18.79 
9.22 9.0 8.25 8.0 7.28 7.0 6.32 6.0 5.39 5.0 4.47 4.0 3.61 3.0 2.83 2.0 2.24 1.0 2.0 0.0 33.62 32.89 32.7 31.95 19.72 
29.27 31.26 29.43 31.4 29.61 31.58 29.83 31.78 30.08 32.02 30.36 32.28 30.68 32.57 31.02 32.89 31.38 33.24 31.78 33.62 0.0 2.0 1.0 2.24 21.38 
29.07 31.06 29.15 31.14 29.27 31.26 29.43 31.4 29.61 31.58 29.83 31.78 30.08 32.02 30.36 32.28 30.68 32.57 31.02 32.89 2.0 0.0 2.24 1.0 21.84 
28.28 30.27 28.44 30.41 28.64 30.59 28.86 30.81 29.12 31.05 29.41 31.32 29.73 31.62 30.08 31.95 30.46 32.31 30.87 32.7 1.0 2.24 0.0 2.0 20.4 
28.07 30.07 28.16 30.15 28.28 30.27 28.44 30.41 28.64 30.59 28.86 30.81 29.12 31.05 29.41 31.32 29.73 31.62 30.08 31.95 2.24 1.0 2.0 0.0 20.88 
11.31 12.81 12.04 13.45 12.81 14.14 13.6 14.87 14.42 15.62 15.26 16.4 16.12 17.2 17.0 18.03 17.89 18.87 18.79 19.72 21.38 21.84 20.4 20.88 0.0 
