90
0.0 2.0 1.0 2.24 2.0 2.83 3.0 3.61 4.0 4.47 5.0 5.39 6.0 6.32 7.0 7.28 43.19 44.55 43.93 45.28 44.69 46.01 45.45 46.75 46.23 47.51 47.01 48.27 47.8 49.04 52.61 54.59 64.01 64.01 47.43 49.34 110.39 111.87 54.33 56.32 73.93 75.77 50.04 50.0 86.15 86.05 68.68 70.18 66.07 67.36 94.37 96.18 48.88 50.61 97.5 98.23 26.93 27.51 50.36 52.35 128.0 129.4 81.15 81.94 66.03 67.2 70.41 70.83 101.61 103.23 74.15 74.53 77.9 79.25 19.85 21.4 91.68 93.24 91.35 93.34 51.24 51.87 88.81 90.44 52.2 54.08 73.01 73.5 44.15 46.1 
2.0 0.0 2.24 1.0 2.83 2.0 3.61 3.0 4.47 4.0 5.39 5.0 6.32 6.0 7.28 7.0 41.73 43.14 42.45 43.84 43.19 44.55 43.93 45.28 44.69 46.01 45.45 46.75 46.23 47.51 52.35 54.33 64.07 64.01 46.84 48.76 109.04 110.54 54.15 56.14 73.16 75.03 48.04 48.0 84.15 84.05 67.36 68.88 64.54 65.86 93.52 95.34 47.17 48.88 95.63 96.38 26.48 26.93 48.37 50.36 126.62 128.0 79.31 80.11 64.4 65.6 70.04 70.41 100.44 102.08 73.82 74.15 76.42 77.79 18.6 20.25 90.14 91.68 89.36 91.35 49.34 49.98 87.2 88.81 51.55 53.45 71.06 71.57 43.74 45.71 
1.0 2.24 0.0 2.0 1.0 2.24 2.0 2.83 3.0 3.61 4.0 4.47 5.0 5.39 6.0 6.32 42.52 43.86 43.28 44.6 44.05 45.34 44.82 46.1 45.61 46.86 46.4 47.63 47.2 48.41 51.62 53.6 63.01 63.01 46.49 48.38 109.66 111.13 53.34 55.33 73.01 74.85 50.09 50.01 86.21 86.09 67.94 69.43 65.44 66.71 93.47 95.27 48.37 50.12 97.14 97.86 25.96 26.57 50.25 52.24 127.29 128.69 80.78 81.54 65.46 66.61 69.43 69.86 100.8 102.42 73.16 73.55 77.23 78.57 19.1 20.62 91.05 92.62 91.27 93.26 50.96 51.55 88.23 89.87 51.26 53.14 72.78 73.25 43.17 45.12 
2.24 1.0 2.0 0.0 2.24 1.0 2.83 2.0 3.61 3.0 4.47 4.0 5.39 5.0 6.32 6.0 41.04 42.43 41.77 43.14 42.52 43.86 43.28 44.6 44.05 45.34 44.82 46.1 45.61 46.86 51.35 53.34 63.07 63.01 45.88 47.8 108.3 109.79 53.15 55.15 72.24 74.09 48.09 48.01 84.21 84.1 66.6 68.12 63.89 65.19 92.61 94.43 46.65 48.37 95.27 96.01 25.5 25.96 48.26 50.25 125.9 127.29 78.92 79.71 63.82 65.0 69.05 69.43 99.62 101.26 72.84 73.16 75.74 77.1 17.8 19.42 89.5 91.05 89.27 91.27 49.04 49.65 86.61 88.23 50.6 52.5 70.83 71.31 42.76 44.72 
2.0 2.83 1.0 2.24 0.0 2.0 1.0 2.24 2.0 2.83 3.0 3.61 4.0 4.47 5.0 5.39 41.87 43.19 42.64 43.93 43.42 44.69 44.2 45.45 45.0 46.23 45.8 47.01 46.62 47.8 50.64 52.61 62.01 62.01 45.54 47.43 108.93 110.39 52.35 54.33 72.09 73.93 50.16 50.04 86.28 86.15 67.21 68.68 64.82 66.07 92.57 94.37 47.89 49.65 96.8 97.5 25.0 25.63 50.16 52.15 126.57 127.99 80.41 81.15 64.9 66.03 68.45 68.88 100.0 101.61 72.18 72.57 76.58 77.9 18.38 19.85 90.43 92.01 91.2 93.19 50.7 51.24 87.66 89.31 50.33 52.2 72.57 73.01 42.2 44.15 
2.83 2.0 2.24 1.0 2.0 0.0 2.24 1.0 2.83 2.0 3.61 3.0 4.47 4.0 5.39 5.0 40.36 41.73 41.11 42.45 41.87 43.19 42.64 43.93 43.42 44.69 44.2 45.45 45.0 46.23 50.36 52.35 62.07 62.01 44.92 46.84 107.56 109.04 52.15 54.15 71.31 73.16 48.17 48.04 84.29 84.15 65.86 67.36 63.25 64.54 91.71 93.52 46.14 47.89 94.92 95.63 24.52 25.0 48.17 50.16 125.18 126.57 78.55 79.31 63.25 64.4 68.07 68.45 98.81 100.44 71.85 72.18 75.07 76.42 17.03 18.6 88.87 90.43 89.2 91.2 48.76 49.34 86.02 87.66 49.65 51.55 70.61 71.06 41.77 43.74 
3.0 3.61 2.0 2.83 1.0 2.24 0.0 2.0 1.0 2.24 2.0 2.83 3.0 3.61 4.0 4.47 41.23 42.52 42.01 43.28 42.8 44.05 43.6 44.82 44.41 45.61 45.22 46.4 46.04 47.2 49.65 51.62 61.01 61.01 44.6 46.49 108.21 109.66 51.35 53.34 71.18 73.01 50.25 50.09 86.37 86.21 66.48 67.94 64.2 65.44 91.68 93.47 47.41 49.19 96.46 97.14 24.04 24.7 50.09 52.09 125.87 127.29 80.06 80.78 64.35 65.46 67.47 67.91 99.2 100.8 71.2 71.59 75.93 77.23 17.69 19.1 89.81 91.4 91.14 93.13 50.45 50.96 87.09 88.75 49.4 51.26 72.37 72.78 41.23 43.17 
3.61 3.0 2.83 2.0 2.24 1.0 2.0 0.0 2.24 1.0 2.83 2.0 3.61 3.0 4.47 4.0 39.7 41.04 40.46 41.77 41.23 42.52 42.01 43.28 42.8 44.05 43.6 44.82 44.41 45.61 49.37 51.35 61.07 61.01 43.97 45.88 106.83 108.3 51.16 53.15 70.38 72.24 48.26 48.09 84.38 84.21 65.12 66.6 62.63 63.89 90.8 92.61 45.65 47.41 94.58 95.27 23.54 24.04 48.09 50.09 124.46 125.87 78.19 78.92 62.68 63.82 67.08 67.47 98.01 99.62 70.86 71.2 74.41 75.74 16.28 17.8 88.24 89.81 89.14 91.14 48.51 49.04 85.45 87.09 48.7 50.6 70.41 70.83 40.79 42.76 
4.0 4.47 3.0 3.61 2.0 2.83 1.0 2.24 0.0 2.0 1.0 2.24 2.0 2.83 3.0 3.61 40.61 41.87 41.4 42.64 42.2 43.42 43.01 44.2 43.83 45.0 44.65 45.8 45.49 46.62 48.66 50.64 60.01 60.01 43.66 45.54 107.49 108.93 50.36 52.35 70.26 72.09 50.36 50.16 86.47 86.28 65.76 67.21 63.6 64.82 90.79 92.57 46.96 48.75 96.14 96.8 23.09 23.77 50.04 52.04 125.16 126.59 79.71 80.41 63.81 64.9 66.49 66.94 98.41 100.0 70.21 70.61 75.29 76.58 17.03 18.38 89.2 90.8 91.09 93.09 50.22 50.7 86.53 88.2 48.47 50.33 72.18 72.57 40.26 42.2 
4.47 4.0 3.61 3.0 2.83 2.0 2.24 1.0 2.0 0.0 2.24 1.0 2.83 2.0 3.61 3.0 39.05 40.36 39.82 41.11 40.61 41.87 41.4 42.64 42.2 43.42 43.01 44.2 43.83 45.0 48.37 50.36 60.07 60.01 43.01 44.92 106.1 107.56 50.16 52.15 69.46 71.31 48.37 48.17 84.48 84.29 64.38 65.86 62.01 63.25 89.9 91.71 45.18 46.96 94.24 94.92 22.56 23.09 48.04 50.04 123.75 125.16 77.83 78.55 62.13 63.25 66.1 66.49 97.2 98.81 69.87 70.21 73.76 75.07 15.56 17.03 87.62 89.2 89.09 91.09 48.27 48.76 84.88 86.53 47.76 49.65 70.21 70.61 39.81 41.77 
5.0 5.39 4.0 4.47 3.0 3.61 2.0 2.83 1.0 2.24 0.0 2.0 1.0 2.24 2.0 2.83 40.0 41.23 40.8 42.01 41.62 42.8 42.44 43.6 43.27 44.41 44.1 45.22 44.94 46.04 47.68 49.65 59.01 59.01 42.72 44.6 106.78 108.21 49.37 51.35 69.35 71.18 50.49 50.25 86.58 86.37 65.05 66.48 63.01 64.2 89.89 91.68 46.52 48.33 95.82 96.46 22.14 22.85 50.01 52.01 124.46 125.9 79.38 80.06 63.29 64.35 65.51 65.97 97.62 99.2 69.23 69.63 74.65 75.93 16.4 17.69 88.6 90.21 91.05 93.05 50.01 50.45 85.98 87.66 47.54 49.4 72.01 72.37 39.29 41.23 
5.39 5.0 4.47 4.0 3.61 3.0 2.83 2.0 2.24 1.0 2.0 0.0 2.24 1.0 2.83 2.0 38.42 39.7 39.2 40.46 40.0 41.23 40.8 42.01 41.62 42.8 42.44 43.6 43.27 44.41 47.38 49.37 59.08 59.01 42.06 43.97 105.38 106.83 49.16 51.16 68.54 70.38 48.51 48.26 84.59 84.38 63.66 65.12 61.4 62.63 89.0 90.8 44.72 46.52 93.92 94.58 21.59 22.14 48.01 50.01 123.04 124.46 77.49 78.19 61.59 62.68 65.12 65.51 96.4 98.01 68.88 69.23 73.11 74.41 14.87 16.28 87.01 88.6 89.05 91.05 48.05 48.51 84.31 85.98 46.82 48.7 70.04 70.41 38.83 40.79 
6.0 6.32 5.0 5.39 4.0 4.47 3.0 3.61 2.0 2.83 1.0 2.24 0.0 2.0 1.0 2.24 39.41 40.61 40.22 41.4 41.05 42.2 41.88 43.01 42.72 43.83 43.57 44.65 44.42 45.49 46.69 48.66 58.01 58.01 41.79 43.66 106.07 107.49 48.37 50.36 68.45 70.26 50.64 50.36 86.7 86.47 64.35 65.76 62.43 63.6 89.01 90.79 46.1 47.93 95.51 96.14 21.19 21.93 50.0 52.0 123.76 125.21 79.06 79.71 62.77 63.81 64.54 65.0 96.83 98.41 68.25 68.66 74.03 75.29 15.81 17.03 88.01 89.63 91.02 93.02 49.82 50.22 85.44 87.13 46.62 48.47 71.85 72.18 38.33 40.26 
6.32 6.0 5.39 5.0 4.47 4.0 3.61 3.0 2.83 2.0 2.24 1.0 2.0 0.0 2.24 1.0 37.8 39.05 38.6 39.82 39.41 40.61 40.22 41.4 41.05 42.2 41.88 43.01 42.72 43.83 46.39 48.37 58.08 58.01 41.11 43.01 104.66 106.1 48.17 50.16 67.62 69.46 48.66 48.37 84.72 84.48 62.94 64.38 60.8 62.01 88.1 89.9 44.28 46.1 93.61 94.24 20.62 21.19 48.0 50.0 122.33 123.76 77.16 77.83 61.06 62.13 64.13 64.54 95.6 97.2 67.9 68.25 72.47 73.76 14.21 15.56 86.4 88.01 89.02 91.02 47.85 48.27 83.76 85.44 45.88 47.76 69.87 70.21 37.85 39.81 
7.0 7.28 6.0 6.32 5.0 5.39 4.0 4.47 3.0 3.61 2.0 2.83 1.0 2.24 0.0 2.0 38.83 40.0 39.66 40.8 40.5 41.62 41.34 42.44 42.19 43.27 43.05 44.1 43.91 44.94 45.71 47.68 57.01 57.01 40.85 42.72 105.36 106.78 47.38 49.37 67.54 69.35 50.8 50.49 86.83 86.58 63.66 65.05 61.85 63.01 88.12 89.89 45.69 47.54 95.21 95.82 20.25 21.02 50.01 52.01 123.07 124.52 78.75 79.38 62.27 63.29 63.56 64.03 96.05 97.62 67.27 67.68 73.41 74.65 15.26 16.4 87.42 89.05 91.01 93.01 49.65 50.01 84.91 86.61 45.69 47.54 71.7 72.01 37.36 39.29 
7.28 7.0 6.32 6.0 5.39 5.0 4.47 4.0 3.61 3.0 2.83 2.0 2.24 1.0 2.0 0.0 37.2 38.42 38.01 39.2 38.83 40.0 39.66 40.8 40.5 41.62 41.34 42.44 42.19 43.27 45.4 47.38 57.08 57.01 40.16 42.06 103.95 105.38 47.17 49.16 66.71 68.54 48.84 48.51 84.85 84.59 62.23 63.66 60.22 61.4 87.21 89.0 43.86 45.69 93.3 93.92 19.65 20.25 48.01 50.01 121.63 123.07 76.84 77.49 60.54 61.59 63.15 63.56 94.81 96.4 66.91 67.27 71.84 73.11 13.6 14.87 85.8 87.42 89.01 91.01 47.68 48.05 83.22 84.91 44.94 46.82 69.72 70.04 36.88 38.83 
43.19 41.73 42.52 41.04 41.87 40.36 41.23 39.7 40.61 39.05 40.0 38.42 39.41 37.8 38.83 37.2 0.0 2.0 1.0 2.24 2.0 2.83 3.0 3.61 4.0 4.47 5.0 5.39 6.0 6.32 33.24 34.66 48.1 46.75 23.35 24.76 67.48 69.03 36.07 37.48 39.12 41.11 35.85 34.13 63.81 62.77 26.08 27.78 23.02 24.21 56.72 58.69 10.77 12.65 59.3 59.54 25.18 23.19 29.21 30.48 84.96 86.31 43.05 43.19 23.77 24.6 43.86 43.08 59.94 61.72 47.93 47.17 34.71 36.07 23.6 22.47 48.6 50.22 62.63 64.51 22.02 20.81 46.14 47.89 24.41 26.08 40.8 40.26 26.08 27.2 
44.55 43.14 43.86 42.43 43.19 41.73 42.52 41.04 41.87 40.36 41.23 39.7 40.61 39.05 40.0 38.42 2.0 0.0 2.24 1.0 2.83 2.0 3.61 3.0 4.47 4.0 5.39 5.0 6.32 6.0 31.89 33.24 46.67 45.28 22.02 23.35 65.95 67.48 34.71 36.07 37.12 39.12 37.59 35.85 64.9 63.81 24.41 26.08 21.95 23.02 54.74 56.72 11.66 13.42 59.14 59.3 25.5 23.54 30.81 32.02 83.49 84.86 43.0 43.05 23.09 23.77 42.05 41.23 58.18 59.94 46.1 45.31 33.42 34.71 24.84 23.6 47.43 49.09 63.32 65.19 23.35 22.02 45.18 46.96 22.8 24.41 41.44 40.8 25.06 26.08 
43.93 42.45 43.28 41.77 42.64 41.11 42.01 40.46 41.4 39.82 40.8 39.2 40.22 38.6 39.66 38.01 1.0 2.24 0.0 2.0 1.0 2.24 2.0 2.83 3.0 3.61 4.0 4.47 5.0 5.39 33.97 35.36 48.8 47.42 24.08 25.46 66.84 68.41 36.8 38.18 39.2 41.19 35.36 33.62 62.97 61.91 25.55 27.29 22.2 23.43 56.57 58.55 9.85 11.7 58.31 58.55 26.17 24.19 28.6 29.83 84.29 85.63 42.05 42.19 22.85 23.71 44.28 43.46 59.48 61.27 48.33 47.54 33.97 35.36 24.41 23.32 47.8 49.41 61.68 63.57 21.26 20.0 45.28 47.01 25.0 26.63 39.85 39.29 26.93 28.02 
45.28 43.84 44.6 43.14 43.93 42.45 43.28 41.77 42.64 41.11 42.01 40.46 41.4 39.82 40.8 39.2 2.24 1.0 2.0 0.0 2.24 1.0 2.83 2.0 3.61 3.0 4.47 4.0 5.39 5.0 32.65 33.97 47.38 45.97 22.8 24.08 65.3 66.84 35.47 36.8 37.22 39.2 37.12 35.36 64.07 62.97 23.85 25.55 21.1 22.2 54.59 56.57 10.82 12.53 58.14 58.31 26.48 24.52 30.23 31.4 82.81 84.17 42.0 42.05 22.14 22.85 42.49 41.63 57.71 59.48 46.52 45.69 32.65 33.97 25.61 24.41 46.62 48.26 62.39 64.26 22.63 21.26 44.29 46.07 23.43 25.0 40.5 39.85 25.94 26.93 
44.69 43.19 44.05 42.52 43.42 41.87 42.8 41.23 42.2 40.61 41.62 40.0 41.05 39.41 40.5 38.83 2.0 2.83 1.0 2.24 0.0 2.0 1.0 2.24 2.0 2.83 3.0 3.61 4.0 4.47 34.71 36.07 49.5 48.1 24.84 26.17 66.22 67.8 37.54 38.9 39.32 41.3 34.89 33.12 62.13 61.06 25.06 26.83 21.4 22.67 56.44 58.42 8.94 10.77 57.31 57.56 27.17 25.18 28.02 29.21 83.63 84.96 41.05 41.19 21.93 22.83 44.72 43.86 59.03 60.84 48.75 47.93 33.24 34.66 25.24 24.19 47.01 48.6 60.75 62.63 20.52 19.21 44.42 46.14 25.61 27.2 38.9 38.33 27.78 28.84 
46.01 44.55 45.34 43.86 44.69 43.19 44.05 42.52 43.42 41.87 42.8 41.23 42.2 40.61 41.62 40.0 2.83 2.0 2.24 1.0 2.0 0.0 2.24 1.0 2.83 2.0 3.61 3.0 4.47 4.0 33.42 34.71 48.1 46.67 23.6 24.84 64.66 66.22 36.24 37.54 37.34 39.32 36.67 34.89 63.25 62.13 23.32 25.06 20.25 21.4 54.45 56.44 10.0 11.66 57.14 57.31 27.46 25.5 29.68 30.81 82.13 83.49 41.0 41.05 21.19 21.93 42.94 42.05 57.25 59.03 46.96 46.1 31.89 33.24 26.4 25.24 45.8 47.43 61.47 63.32 21.93 20.52 43.42 45.18 24.08 25.61 39.56 38.9 26.83 27.78 
45.45 43.93 44.82 43.28 44.2 42.64 43.6 42.01 43.01 41.4 42.44 40.8 41.88 40.22 41.34 39.66 3.0 3.61 2.0 2.83 1.0 2.24 0.0 2.0 1.0 2.24 2.0 2.83 3.0 3.61 35.47 36.8 50.21 48.8 25.61 26.91 65.6 67.2 38.29 39.62 39.46 41.44 34.44 32.65 61.29 60.21 24.6 26.4 20.62 21.93 56.32 58.31 8.06 9.85 56.32 56.57 28.16 26.17 27.46 28.6 82.98 84.29 40.05 40.2 21.02 21.95 45.18 44.28 58.6 60.42 49.19 48.33 32.53 33.97 26.08 25.06 46.23 47.8 59.81 61.68 19.8 18.44 43.57 45.28 26.25 27.8 37.95 37.36 28.65 29.68 
46.75 45.28 46.1 44.6 45.45 43.93 44.82 43.28 44.2 42.64 43.6 42.01 43.01 41.4 42.44 40.8 3.61 3.0 2.83 2.0 2.24 1.0 2.0 0.0 2.24 1.0 2.83 2.0 3.61 3.0 34.21 35.47 48.84 47.38 24.41 25.61 64.03 65.6 37.01 38.29 37.48 39.46 36.25 34.44 62.43 61.29 22.83 24.6 19.42 20.62 54.33 56.32 9.22 10.82 56.14 56.32 28.44 26.48 29.15 30.23 81.47 82.81 40.0 40.05 20.25 21.02 43.42 42.49 56.8 58.6 47.41 46.52 31.14 32.53 27.2 26.08 45.0 46.62 60.54 62.39 21.26 19.8 42.54 44.29 24.76 26.25 38.63 37.95 27.73 28.65 
46.23 44.69 45.61 44.05 45.0 43.42 44.41 42.8 43.83 42.2 43.27 41.62 42.72 41.05 42.19 40.5 4.0 4.47 3.0 3.61 2.0 2.83 1.0 2.24 0.0 2.0 1.0 2.24 2.0 2.83 36.24 37.54 50.93 49.5 26.4 27.66 65.0 66.61 39.05 40.36 39.62 41.59 34.01 32.2 60.46 59.36 24.17 26.0 19.85 21.21 56.22 58.22 7.21 8.94 55.33 55.58 29.15 27.17 26.93 28.02 82.33 83.63 39.05 39.2 20.12 21.1 45.65 44.72 58.18 60.01 49.65 48.75 31.83 33.3 26.93 25.94 45.45 47.01 58.87 60.75 19.1 17.69 42.72 44.42 26.91 28.43 37.0 36.4 29.53 30.53 
47.51 46.01 46.86 45.34 46.23 44.69 45.61 44.05 45.0 43.42 44.41 42.8 43.83 42.2 43.27 41.62 4.47 4.0 3.61 3.0 2.83 2.0 2.24 1.0 2.0 0.0 2.24 1.0 2.83 2.0 35.0 36.24 49.58 48.1 25.24 26.4 63.41 65.0 37.8 39.05 37.66 39.62 35.85 34.01 61.61 60.46 22.36 24.17 18.6 19.85 54.23 56.22 8.49 10.0 55.15 55.33 29.43 27.46 28.65 29.68 80.81 82.13 39.0 39.05 19.31 20.12 43.91 42.94 56.36 58.18 47.89 46.96 30.41 31.83 28.02 26.93 44.2 45.8 59.62 61.47 20.62 19.1 41.68 43.42 25.46 26.91 37.7 37.0 28.64 29.53 
47.01 45.45 46.4 44.82 45.8 44.2 45.22 43.6 44.65 43.01 44.1 42.44 43.57 41.88 43.05 41.34 5.0 5.39 4.0 4.47 3.0 3.61 2.0 2.83 1.0 2.24 0.0 2.0 1.0 2.24 37.01 38.29 51.66 50.21 27.2 28.43 64.4 66.03 39.82 41.11 39.81 41.77 33.62 31.78 59.64 58.52 23.77 25.63 19.1 20.52 56.14 58.14 6.4 8.06 54.33 54.59 30.15 28.16 26.42 27.46 81.69 82.98 38.05 38.21 19.24 20.25 46.14 45.18 57.78 59.62 50.12 49.19 31.14 32.65 27.78 26.83 44.69 46.23 57.94 59.81 18.44 16.97 41.88 43.57 27.59 29.07 36.06 35.44 30.41 31.38 
48.27 46.75 47.63 46.1 47.01 45.45 46.4 44.82 45.8 44.2 45.22 43.6 44.65 43.01 44.1 42.44 5.39 5.0 4.47 4.0 3.61 3.0 2.83 2.0 2.24 1.0 2.0 0.0 2.24 1.0 35.81 37.01 50.33 48.84 26.08 27.2 62.8 64.4 38.6 39.82 37.85 39.81 35.47 33.62 60.8 59.64 21.93 23.77 17.8 19.1 54.15 56.14 7.81 9.22 54.15 54.33 30.41 28.44 28.18 29.15 80.16 81.47 38.0 38.05 18.38 19.24 44.42 43.42 55.95 57.78 48.37 47.41 29.7 31.14 28.84 27.78 43.42 45.0 58.69 60.54 20.0 18.44 40.82 42.54 26.17 27.59 36.77 36.06 29.55 30.41 
47.8 46.23 47.2 45.61 46.62 45.0 46.04 44.41 45.49 43.83 44.94 43.27 44.42 42.72 43.91 42.19 6.0 6.32 5.0 5.39 4.0 4.47 3.0 3.61 2.0 2.83 1.0 2.24 0.0 2.0 37.8 39.05 52.4 50.93 28.02 29.21 63.82 65.46 40.61 41.87 40.02 41.98 33.24 31.38 58.82 57.69 23.41 25.3 18.38 19.85 56.08 58.08 5.66 7.21 53.34 53.6 31.14 29.15 25.94 26.93 81.06 82.33 37.05 37.22 18.36 19.42 46.65 45.65 57.38 59.24 50.61 49.65 30.48 32.02 28.65 27.73 43.93 45.45 57.01 58.87 17.8 16.28 41.05 42.72 28.28 29.73 35.11 34.48 31.3 32.25 
49.04 47.51 48.41 46.86 47.8 46.23 47.2 45.61 46.62 45.0 46.04 44.41 45.49 43.83 44.94 43.27 6.32 6.0 5.39 5.0 4.47 4.0 3.61 3.0 2.83 2.0 2.24 1.0 2.0 0.0 36.62 37.8 51.09 49.58 26.93 28.02 62.2 63.82 39.41 40.61 38.08 40.02 35.11 33.24 60.0 58.82 21.54 23.41 17.03 18.38 54.08 56.08 7.21 8.49 53.15 53.34 31.4 29.43 27.73 28.65 79.51 80.81 37.0 37.05 17.46 18.36 44.94 43.91 55.54 57.38 48.88 47.89 29.0 30.48 29.68 28.65 42.64 44.2 57.78 59.62 19.42 17.8 39.96 41.68 26.91 28.28 35.85 35.11 30.46 31.3 
52.61 52.35 51.62 51.35 50.64 50.36 49.65 49.37 48.66 48.37 47.68 47.38 46.69 46.39 45.71 45.4 33.24 31.89 33.97 32.65 34.71 33.42 35.47 34.21 36.24 35.0 37.01 35.81 37.8 36.62 0.0 2.0 15.0 13.89 9.9 8.6 73.01 73.82 2.83 4.47 26.4 27.66 68.41 66.84 96.61 95.44 38.01 38.01 44.15 43.74 46.67 48.1 43.42 45.0 84.72 84.34 26.02 26.02 62.29 63.66 90.34 92.14 70.21 69.64 48.08 47.54 18.03 18.79 60.03 61.06 21.59 22.14 50.0 50.04 37.34 35.36 63.29 65.28 93.94 95.71 55.23 53.91 64.0 66.0 10.44 10.05 72.07 71.12 9.22 7.28 
54.59 54.33 53.6 53.34 52.61 52.35 51.62 51.35 50.64 50.36 49.65 49.37 48.66 48.37 47.68 47.38 34.66 33.24 35.36 33.97 36.07 34.71 36.8 35.47 37.54 36.24 38.29 37.01 39.05 37.8 2.0 0.0 13.45 12.21 11.4 9.9 72.24 73.01 2.0 2.83 25.24 26.4 70.0 68.41 97.8 96.61 38.12 38.01 44.64 44.15 45.28 46.67 44.69 46.23 85.15 84.72 28.02 28.02 63.78 65.12 89.47 91.29 70.84 70.21 48.7 48.08 16.16 17.0 59.06 60.03 19.65 20.25 50.04 50.0 39.32 37.34 63.13 65.12 94.89 96.65 56.59 55.23 64.03 66.03 11.18 10.44 73.06 72.07 11.18 9.22 
64.01 64.07 63.01 63.07 62.01 62.07 61.01 61.07 60.01 60.07 59.01 59.08 58.01 58.08 57.01 57.08 48.1 46.67 48.8 47.38 49.5 48.1 50.21 48.84 50.93 49.58 51.66 50.33 52.4 51.09 15.0 13.45 0.0 2.0 24.84 23.35 77.88 78.34 12.21 10.63 30.27 30.59 83.41 81.84 111.04 109.81 48.76 48.27 56.46 55.71 46.96 47.89 58.05 59.55 96.46 95.88 38.83 39.29 77.23 78.57 94.25 96.17 82.86 82.08 60.84 60.01 15.81 17.72 63.6 64.2 16.64 18.36 60.21 59.84 50.96 49.04 72.25 74.24 107.7 109.42 70.01 68.62 73.98 75.95 24.21 23.02 85.98 84.91 23.71 21.95 
64.01 64.01 63.01 63.01 62.01 62.01 61.01 61.01 60.01 60.01 59.01 59.01 58.01 58.01 57.01 57.01 46.75 45.28 47.42 45.97 48.1 46.67 48.8 47.38 49.5 48.1 50.21 48.84 50.93 49.58 13.89 12.21 2.0 0.0 23.6 22.02 75.93 76.4 11.18 9.43 28.28 28.64 82.2 80.6 109.48 108.23 46.84 46.32 54.63 53.85 45.18 46.14 56.59 58.05 94.56 93.96 38.47 38.83 75.93 77.23 92.35 94.25 81.02 80.23 59.03 58.18 13.93 15.81 61.68 62.3 15.0 16.64 58.25 57.87 50.45 48.51 70.26 72.25 106.0 107.7 68.59 67.18 72.01 73.98 22.67 21.4 84.31 83.22 22.85 21.02 
47.43 46.84 46.49 45.88 45.54 44.92 44.6 43.97 43.66 43.01 42.72 42.06 41.79 41.11 40.85 40.16 23.35 22.02 24.08 22.8 24.84 23.6 25.61 24.41 26.4 25.24 27.2 26.08 28.02 26.93 9.9 11.4 24.84 23.6 0.0 2.0 69.97 71.02 12.73 14.21 26.93 28.65 58.6 57.01 86.84 85.7 31.58 32.02 36.12 36.01 47.71 49.4 33.6 35.23 76.66 76.42 20.62 19.92 52.4 53.76 87.66 89.36 61.61 61.19 39.62 39.32 24.02 24.02 58.26 59.55 28.07 28.0 43.57 43.93 30.07 28.07 57.49 59.44 84.53 86.33 45.34 44.05 57.43 59.41 5.0 6.71 62.61 61.74 5.39 5.0 
49.34 48.76 48.38 47.8 47.43 46.84 46.49 45.88 45.54 44.92 44.6 43.97 43.66 43.01 42.72 42.06 24.76 23.35 25.46 24.08 26.17 24.84 26.91 25.61 27.66 26.4 28.43 27.2 29.21 28.02 8.6 9.9 23.35 22.02 2.0 0.0 68.96 69.97 11.4 12.73 25.24 26.93 60.22 58.6 88.01 86.84 31.26 31.58 36.35 36.12 46.04 47.71 34.83 36.4 76.94 76.66 22.47 21.84 53.91 55.23 86.61 88.32 62.1 61.61 40.02 39.62 22.02 22.02 57.01 58.26 26.08 26.0 43.29 43.57 32.06 30.07 57.07 59.03 85.42 87.21 46.69 45.34 57.22 59.21 3.61 5.0 63.53 62.61 6.4 5.39 
110.39 109.04 109.66 108.3 108.93 107.56 108.21 106.83 107.49 106.1 106.78 105.38 106.07 104.66 105.36 103.95 67.48 65.95 66.84 65.3 66.22 64.66 65.6 64.03 65.0 63.41 64.4 62.8 63.82 62.2 73.01 72.24 77.88 75.93 69.97 68.96 0.0 2.0 74.09 73.39 47.8 47.3 86.68 84.77 86.7 84.72 41.73 40.31 45.79 44.1 34.23 34.53 65.0 64.01 48.7 46.82 87.46 85.91 79.06 78.45 17.8 19.42 50.0 48.0 47.85 46.07 62.17 60.21 15.03 15.3 62.51 60.53 33.62 31.91 90.55 89.11 23.35 23.09 74.73 75.19 70.94 69.08 29.15 29.02 65.37 64.41 64.12 62.13 75.29 74.3 
111.87 110.54 111.13 109.79 110.39 109.04 109.66 108.3 108.93 107.56 108.21 106.83 107.49 106.1 106.78 105.38 69.03 67.48 68.41 66.84 67.8 66.22 67.2 65.6 66.61 65.0 66.03 64.4 65.46 63.82 73.82 73.01 78.34 76.4 71.02 69.97 2.0 0.0 74.85 74.09 48.38 47.8 88.6 86.68 88.68 86.7 43.19 41.73 47.51 45.79 34.06 34.23 66.73 65.76 50.6 48.7 88.73 87.21 80.96 80.36 16.64 18.36 52.0 50.0 49.66 47.85 62.59 60.64 15.03 15.03 62.8 60.83 35.36 33.62 92.02 90.55 25.32 25.08 76.69 77.13 72.8 70.94 31.14 31.02 66.37 65.37 66.12 64.12 76.32 75.29 
54.33 54.15 53.34 53.15 52.35 52.15 51.35 51.16 50.36 50.16 49.37 49.16 48.37 48.17 47.38 47.17 36.07 34.71 36.8 35.47 37.54 36.24 38.29 37.01 39.05 37.8 39.82 38.6 40.61 39.41 2.83 2.0 12.21 11.18 12.73 11.4 74.09 74.85 0.0 2.0 26.93 28.02 71.22 69.66 99.4 98.23 40.11 40.01 46.57 46.1 46.75 48.1 46.23 47.8 87.1 86.68 28.02 28.16 65.12 66.48 91.29 93.11 72.73 72.12 50.6 50.0 17.0 18.03 60.83 61.77 20.25 21.02 52.04 52.0 39.62 37.66 65.12 67.12 96.65 98.41 58.05 56.73 66.03 68.03 13.0 12.37 74.79 73.82 11.7 9.85 
56.32 56.14 55.33 55.15 54.33 54.15 53.34 53.15 52.35 52.15 51.35 51.16 50.36 50.16 49.37 49.16 37.48 36.07 38.18 36.8 38.9 37.54 39.62 38.29 40.36 39.05 41.11 39.82 41.87 40.61 4.47 2.83 10.63 9.43 14.21 12.73 73.39 74.09 2.0 0.0 25.94 26.93 72.8 71.22 100.6 99.4 40.31 40.11 47.13 46.57 45.45 46.75 47.51 49.04 87.56 87.1 30.02 30.15 66.6 67.94 90.47 92.31 73.39 72.73 51.26 50.6 15.26 16.4 59.93 60.83 18.38 19.24 52.15 52.04 41.59 39.62 65.03 67.03 97.62 99.36 59.41 58.05 66.12 68.12 13.89 13.0 75.8 74.79 13.6 11.7 
73.93 73.16 73.01 72.24 72.09 71.31 71.18 70.38 70.26 69.46 69.35 68.54 68.45 67.62 67.54 66.71 39.12 37.12 39.2 37.22 39.32 37.34 39.46 37.48 39.62 37.66 39.81 37.85 40.02 38.08 26.4 25.24 30.27 28.28 26.93 25.24 47.8 48.38 26.93 25.94 0.0 2.0 73.08 71.17 92.62 91.05 24.04 22.67 34.06 32.56 20.81 22.47 44.92 45.54 70.24 69.32 47.41 46.52 65.46 66.13 64.62 66.48 59.03 57.8 39.05 37.54 15.03 13.04 34.01 34.89 16.76 14.87 33.12 32.2 55.36 53.45 43.17 45.12 86.28 87.73 56.65 54.78 45.88 47.76 21.95 20.25 66.07 64.54 31.4 29.83 
75.77 75.03 74.85 74.09 73.93 73.16 73.01 72.24 72.09 71.31 71.18 70.38 70.26 69.46 69.35 68.54 41.11 39.12 41.19 39.2 41.3 39.32 41.44 39.46 41.59 39.62 41.77 39.81 41.98 40.02 27.66 26.4 30.59 28.64 28.65 26.93 47.3 47.8 28.02 26.93 2.0 0.0 75.0 73.08 94.2 92.62 25.5 24.04 35.61 34.06 19.21 20.81 46.84 47.43 71.2 70.24 49.19 48.33 67.36 68.01 63.91 65.79 60.31 59.03 40.61 39.05 15.03 13.04 33.24 34.01 16.28 14.32 34.13 33.12 57.28 55.36 43.68 45.61 87.68 89.11 58.52 56.65 46.62 48.47 23.71 21.95 67.62 66.07 33.02 31.4 
50.04 48.04 50.09 48.09 50.16 48.17 50.25 48.26 50.36 48.37 50.49 48.51 50.64 48.66 50.8 48.84 35.85 37.59 35.36 37.12 34.89 36.67 34.44 36.25 34.01 35.85 33.62 35.47 33.24 35.11 68.41 70.0 83.41 82.2 58.6 60.22 86.68 88.6 71.22 72.8 73.08 75.0 0.0 2.0 36.12 36.01 53.15 55.15 44.01 46.01 87.46 89.45 28.16 27.66 55.23 56.59 51.31 49.65 8.0 8.25 101.77 102.55 41.4 43.01 40.2 42.19 79.61 78.72 84.59 86.58 83.63 82.76 54.59 56.57 40.72 41.59 63.57 64.26 42.2 44.15 17.03 19.03 58.31 59.09 60.21 61.91 28.32 29.7 60.21 61.72 
50.0 48.0 50.01 48.01 50.04 48.04 50.09 48.09 50.16 48.17 50.25 48.26 50.36 48.37 50.49 48.51 34.13 35.85 33.62 35.36 33.12 34.89 32.65 34.44 32.2 34.01 31.78 33.62 31.38 33.24 66.84 68.41 81.84 80.6 57.01 58.6 84.77 86.68 69.66 71.22 71.17 73.08 2.0 0.0 36.35 36.12 51.16 53.15 42.01 44.01 85.48 87.46 26.25 25.71 53.91 55.23 50.25 48.55 6.0 6.32 99.92 100.72 39.82 41.4 38.21 40.2 77.83 76.92 82.61 84.59 81.84 80.96 52.61 54.59 39.92 40.72 61.68 62.39 41.77 43.74 15.03 17.03 56.46 57.27 58.52 60.21 27.02 28.32 58.73 60.21 
86.15 84.15 86.21 84.21 86.28 84.29 86.37 84.38 86.47 84.48 86.58 84.59 86.7 84.72 86.83 84.85 63.81 64.9 62.97 64.07 62.13 63.25 61.29 62.43 60.46 61.61 59.64 60.8 58.82 60.0 96.61 97.8 111.04 109.48 86.84 88.01 86.7 88.68 99.4 100.6 92.62 94.2 36.12 36.35 0.0 2.0 68.82 70.46 58.6 60.22 100.62 102.42 53.25 51.61 40.31 42.3 84.86 83.01 37.64 35.74 97.05 97.13 37.64 39.56 53.6 55.22 103.25 101.86 90.8 92.72 106.83 105.48 63.51 65.31 75.69 76.24 64.76 64.33 13.93 14.76 42.06 43.05 58.69 58.25 86.83 88.09 26.63 28.3 89.89 90.97 
86.05 84.05 86.09 84.1 86.15 84.15 86.21 84.21 86.28 84.29 86.37 84.38 86.47 84.48 86.58 84.59 62.77 63.81 61.91 62.97 61.06 62.13 60.21 61.29 59.36 60.46 58.52 59.64 57.69 58.82 95.44 96.61 109.81 108.23 85.7 86.84 84.72 86.7 98.23 99.4 91.05 92.62 36.01 36.12 2.0 0.0 67.2 68.82 57.01 58.6 98.84 100.62 52.15 50.48 38.33 40.31 84.15 82.28 37.11 35.17 95.05 95.13 35.74 37.64 52.01 53.6 101.82 100.42 88.89 90.8 105.38 104.0 61.72 63.51 75.19 75.69 62.82 62.37 12.08 13.04 41.15 42.06 56.75 56.29 85.6 86.83 25.0 26.63 88.84 89.89 
68.68 67.36 67.94 66.6 67.21 65.86 66.48 65.12 65.76 64.38 65.05 63.66 64.35 62.94 63.66 62.23 26.08 24.41 25.55 23.85 25.06 23.32 24.6 22.83 24.17 22.36 23.77 21.93 23.41 21.54 38.01 38.12 48.76 46.84 31.58 31.26 41.73 43.19 40.11 40.31 24.04 25.5 53.15 51.16 68.82 67.2 0.0 2.0 10.3 8.6 34.37 36.35 26.31 26.08 47.76 47.13 46.32 44.65 45.18 45.4 59.41 60.88 35.23 34.13 15.26 13.6 36.72 34.99 34.01 35.85 39.66 38.01 12.04 12.37 48.84 47.38 25.96 27.89 62.24 63.7 36.12 34.13 26.02 28.02 28.07 28.0 42.2 40.61 36.88 36.5 
70.18 68.88 69.43 68.12 68.68 67.36 67.94 66.6 67.21 65.86 66.48 65.12 65.76 64.38 65.05 63.66 27.78 26.08 27.29 25.55 26.83 25.06 26.4 24.6 26.0 24.17 25.63 23.77 25.3 23.41 38.01 38.01 48.27 46.32 32.02 31.58 40.31 41.73 40.01 40.11 22.67 24.04 55.15 53.15 70.46 68.82 2.0 0.0 12.08 10.3 32.39 34.37 28.28 28.07 48.47 47.76 47.43 45.8 47.17 47.38 58.05 59.55 36.4 35.23 17.0 15.26 35.78 34.0 32.2 34.01 38.59 36.89 12.04 12.04 50.33 48.84 25.5 27.46 63.64 65.07 38.12 36.12 26.02 28.02 28.28 28.07 43.83 42.2 37.36 36.88 
66.07 64.54 65.44 63.89 64.82 63.25 64.2 62.63 63.6 62.01 63.01 61.4 62.43 60.8 61.85 60.22 23.02 21.95 22.2 21.1 21.4 20.25 20.62 19.42 19.85 18.6 19.1 17.8 18.38 17.03 44.15 44.64 56.46 54.63 36.12 36.35 45.79 47.51 46.57 47.13 34.06 35.61 44.01 42.01 58.6 57.01 10.3 12.08 0.0 2.0 44.15 46.1 19.24 18.38 40.61 40.31 46.82 44.94 36.01 36.01 62.8 64.03 26.4 25.63 5.0 3.61 45.8 44.2 41.0 42.95 49.04 47.51 12.21 13.89 46.62 45.49 25.61 27.2 52.5 54.04 27.07 25.08 23.26 25.08 33.73 34.21 32.02 30.48 41.01 41.11 
67.36 65.86 66.71 65.19 66.07 64.54 65.44 63.89 64.82 63.25 64.2 62.63 63.6 62.01 63.01 61.4 24.21 23.02 23.43 22.2 22.67 21.4 21.93 20.62 21.21 19.85 20.52 19.1 19.85 18.38 43.74 44.15 55.71 53.85 36.01 36.12 44.1 45.79 46.1 46.57 32.56 34.06 46.01 44.01 60.22 58.6 8.6 10.3 2.0 0.0 42.2 44.15 21.02 20.25 41.0 40.61 47.54 45.69 38.01 38.01 61.22 62.48 27.29 26.4 6.71 5.0 44.65 43.01 39.05 41.0 47.8 46.23 10.63 12.21 47.8 46.62 24.41 26.08 53.81 55.32 29.07 27.07 22.47 24.35 33.38 33.73 33.6 32.02 41.01 41.01 
94.37 93.52 93.47 92.61 92.57 91.71 91.68 90.8 90.79 89.9 89.89 89.0 89.01 88.1 88.12 87.21 56.72 54.74 56.57 54.59 56.44 54.45 56.32 54.33 56.22 54.23 56.14 54.15 56.08 54.08 46.67 45.28 46.96 45.18 47.71 46.04 34.23 34.06 46.75 45.45 20.81 19.21 87.46 85.48 100.62 98.84 34.37 32.39 44.15 42.2 0.0 2.0 60.01 60.07 70.71 69.31 68.1 67.12 79.51 79.76 48.51 50.49 63.81 62.13 48.76 46.84 31.38 29.68 19.24 19.03 30.46 28.64 37.12 35.36 75.39 73.54 40.36 41.87 91.81 92.91 70.46 68.47 45.28 46.67 42.72 41.05 74.32 72.5 52.2 50.61 
96.18 95.34 95.27 94.43 94.37 93.52 93.47 92.61 92.57 91.71 91.68 90.8 90.79 89.9 89.89 89.0 58.69 56.72 58.55 56.57 58.42 56.44 58.31 56.32 58.22 56.22 58.14 56.14 58.08 56.08 48.1 46.67 47.89 46.14 49.4 47.71 34.53 34.23 48.1 46.75 22.47 20.81 89.45 87.46 102.42 100.62 36.35 34.37 46.1 44.15 2.0 0.0 62.01 62.07 72.14 70.71 69.84 68.88 81.5 81.74 48.26 50.25 65.51 63.81 50.7 48.76 32.45 30.81 19.65 19.24 31.3 29.53 38.91 37.12 77.25 75.39 41.73 43.19 93.49 94.58 72.44 70.46 46.75 48.1 44.42 42.72 76.16 74.32 53.82 52.2 
48.88 47.17 48.37 46.65 47.89 46.14 47.41 45.65 46.96 45.18 46.52 44.72 46.1 44.28 45.69 43.86 10.77 11.66 9.85 10.82 8.94 10.0 8.06 9.22 7.21 8.49 6.4 7.81 5.66 7.21 43.42 44.69 58.05 56.59 33.6 34.83 65.0 66.73 46.23 47.51 44.92 46.84 28.16 26.25 53.25 52.15 26.31 28.28 19.24 21.02 60.01 62.01 0.0 2.0 50.01 50.45 35.01 33.02 20.62 21.47 81.84 83.01 33.54 33.96 17.69 19.21 52.15 51.11 59.77 61.68 56.08 55.07 31.38 33.12 30.68 30.08 43.93 45.28 51.87 53.76 12.21 10.63 40.36 41.87 33.94 35.38 30.08 29.61 36.72 37.74 
50.61 48.88 50.12 48.37 49.65 47.89 49.19 47.41 48.75 46.96 48.33 46.52 47.93 46.1 47.54 45.69 12.65 13.42 11.7 12.53 10.77 11.66 9.85 10.82 8.94 10.0 8.06 9.22 7.21 8.49 45.0 46.23 59.55 58.05 35.23 36.4 64.01 65.76 47.8 49.04 45.54 47.43 27.66 25.71 51.61 50.48 26.08 28.07 18.38 20.25 60.07 62.07 2.0 0.0 48.05 48.51 37.01 35.01 19.92 20.62 80.71 81.84 31.58 32.02 16.4 18.03 53.25 52.15 59.2 61.13 57.14 56.08 30.41 32.2 32.57 32.02 42.64 43.93 49.98 51.87 11.18 9.43 38.9 40.36 35.38 36.77 28.16 27.66 38.47 39.45 
97.5 95.63 97.14 95.27 96.8 94.92 96.46 94.58 96.14 94.24 95.82 93.92 95.51 93.61 95.21 93.3 59.3 59.14 58.31 58.14 57.31 57.14 56.32 56.14 55.33 55.15 54.33 54.15 53.34 53.15 84.72 85.15 96.46 94.56 76.66 76.94 48.7 50.6 87.1 87.56 70.24 71.2 55.23 53.91 40.31 38.33 47.76 48.47 40.61 41.0 70.71 72.14 50.01 48.05 0.0 2.0 84.48 82.49 50.22 48.6 57.04 57.0 16.49 16.12 37.12 37.34 84.17 82.35 56.3 57.98 86.76 84.97 37.12 38.08 80.52 80.05 30.48 29.21 27.0 27.07 46.52 45.69 25.5 24.04 74.33 74.73 26.91 25.61 81.39 81.61 
98.23 96.38 97.86 96.01 97.5 95.63 97.14 95.27 96.8 94.92 96.46 94.58 96.14 94.24 95.82 93.92 59.54 59.3 58.55 58.31 57.56 57.31 56.57 56.32 55.58 55.33 54.59 54.33 53.6 53.34 84.34 84.72 95.88 93.96 76.42 76.66 46.82 48.7 86.68 87.1 69.32 70.24 56.59 55.23 42.3 40.31 47.13 47.76 40.31 40.61 69.31 70.71 50.45 48.51 2.0 0.0 84.72 82.73 51.4 49.82 55.04 55.0 17.09 16.49 37.01 37.12 83.38 81.54 54.64 56.3 85.91 84.1 36.25 37.12 81.04 80.52 29.0 27.66 29.0 29.07 47.41 46.52 24.21 22.67 73.98 74.33 28.28 26.91 81.22 81.39 
26.93 26.48 25.96 25.5 25.0 24.52 24.04 23.54 23.09 22.56 22.14 21.59 21.19 20.62 20.25 19.65 25.18 25.5 26.17 26.48 27.17 27.46 28.16 28.44 29.15 29.43 30.15 30.41 31.14 31.4 26.02 28.02 38.83 38.47 20.62 22.47 87.46 88.73 28.02 30.02 47.41 49.19 51.31 50.25 84.86 84.15 46.32 47.43 46.82 47.54 68.1 69.84 35.01 37.01 84.48 84.72 0.0 2.0 47.42 49.24 105.26 106.83 68.18 68.36 48.51 49.04 43.57 43.93 77.1 78.57 47.38 47.68 57.25 58.18 12.53 10.82 71.55 73.35 85.91 87.86 43.42 42.95 70.01 71.87 25.5 27.31 64.63 64.38 17.26 19.24 
27.51 26.93 26.57 25.96 25.63 25.0 24.7 24.04 23.77 23.09 22.85 22.14 21.93 21.19 21.02 20.25 23.19 23.54 24.19 24.52 25.18 25.5 26.17 26.48 27.17 27.46 28.16 28.44 29.15 29.43 26.02 28.02 39.29 38.83 19.92 21.84 85.91 87.21 28.16 30.15 46.52 48.33 49.65 48.55 83.01 82.28 44.65 45.8 44.94 45.69 67.12 68.88 33.02 35.01 82.49 82.73 2.0 0.0 45.62 47.42 103.71 105.26 66.19 66.37 46.57 47.13 43.29 43.57 75.74 77.23 47.17 47.38 55.47 56.44 11.7 9.85 69.77 71.55 83.95 85.91 41.48 41.0 68.15 70.01 24.7 26.57 62.65 62.39 17.03 19.03 
50.36 48.37 50.25 48.26 50.16 48.17 50.09 48.09 50.04 48.04 50.01 48.01 50.0 48.0 50.01 48.01 29.21 30.81 28.6 30.23 28.02 29.68 27.46 29.15 26.93 28.65 26.42 28.18 25.94 27.73 62.29 63.78 77.23 75.93 52.4 53.91 79.06 80.96 65.12 66.6 65.46 67.36 8.0 6.0 37.64 37.11 45.18 47.17 36.01 38.01 79.51 81.5 20.62 19.92 50.22 51.4 47.42 45.62 0.0 2.0 94.43 95.27 35.36 36.8 32.25 34.23 72.56 71.59 76.66 78.64 76.54 75.59 46.69 48.66 38.08 38.6 56.08 56.86 41.05 43.05 9.06 11.05 50.99 51.88 53.6 55.22 23.71 24.7 54.49 55.87 
52.35 50.36 52.24 50.25 52.15 50.16 52.09 50.09 52.04 50.04 52.01 50.01 52.0 50.0 52.01 50.01 30.48 32.02 29.83 31.4 29.21 30.81 28.6 30.23 28.02 29.68 27.46 29.15 26.93 28.65 63.66 65.12 78.57 77.23 53.76 55.23 78.45 80.36 66.48 67.94 66.13 68.01 8.25 6.32 35.74 35.17 45.4 47.38 36.01 38.01 79.76 81.74 21.47 20.62 48.6 49.82 49.24 47.42 2.0 0.0 93.62 94.43 33.97 35.47 32.06 34.06 73.57 72.56 76.42 78.41 77.52 76.54 46.39 48.37 40.02 40.52 55.36 56.08 39.05 41.05 9.49 11.4 50.16 50.99 54.82 56.4 21.95 23.02 55.97 57.31 
128.0 126.62 127.29 125.9 126.57 125.18 125.87 124.46 125.16 123.75 124.46 123.04 123.76 122.33 123.07 121.63 84.96 83.49 84.29 82.81 83.63 82.13 82.98 81.47 82.33 80.81 81.69 80.16 81.06 79.51 90.34 89.47 94.25 92.35 87.66 86.61 17.8 16.64 91.29 90.47 64.62 63.91 101.77 99.92 97.05 95.05 59.41 58.05 62.8 61.22 48.51 48.26 81.84 80.71 57.04 55.04 105.26 103.71 94.43 93.62 0.0 2.0 62.59 60.64 64.35 62.68 78.45 76.54 30.68 30.08 78.34 76.4 50.61 49.04 108.19 106.78 38.47 37.58 84.02 84.1 86.77 85.0 43.46 42.72 83.01 81.99 77.13 75.19 92.96 91.92 
129.4 128.0 128.69 127.29 127.99 126.57 127.29 125.87 126.59 125.16 125.9 124.46 125.21 123.76 124.52 123.07 86.31 84.86 85.63 84.17 84.96 83.49 84.29 82.81 83.63 82.13 82.98 81.47 82.33 80.81 92.14 91.29 96.17 94.25 89.36 88.32 19.42 18.36 93.11 92.31 66.48 65.79 102.55 100.72 97.13 95.13 60.88 59.55 64.03 62.48 50.49 50.25 83.01 81.84 57.0 55.0 106.83 105.26 95.27 94.43 2.0 0.0 63.06 61.13 65.46 63.82 80.36 78.45 32.57 32.02 80.28 78.34 51.86 50.33 109.6 108.21 39.45 38.47 84.0 84.02 87.71 85.96 44.28 43.46 84.72 83.73 77.62 75.69 94.67 93.65 
81.15 79.31 80.78 78.92 80.41 78.55 80.06 78.19 79.71 77.83 79.38 77.49 79.06 77.16 78.75 76.84 43.05 43.0 42.05 42.0 41.05 41.0 40.05 40.0 39.05 39.0 38.05 38.0 37.05 37.0 70.21 70.84 82.86 81.02 61.61 62.1 50.0 52.0 72.73 73.39 59.03 60.31 41.4 39.82 37.64 35.74 35.23 36.4 26.4 27.29 63.81 65.51 33.54 31.58 16.49 17.09 68.18 66.19 35.36 33.97 62.59 63.06 0.0 2.0 22.14 22.85 71.87 70.18 53.16 55.08 74.89 73.24 27.02 28.6 64.03 63.56 27.29 27.07 28.02 29.21 30.53 29.53 21.21 21.02 59.77 60.41 14.56 12.65 66.1 66.49 
81.94 80.11 81.54 79.71 81.15 79.31 80.78 78.92 80.41 78.55 80.06 78.19 79.71 77.83 79.38 77.49 43.19 43.05 42.19 42.05 41.19 41.05 40.2 40.05 39.2 39.05 38.21 38.05 37.22 37.05 69.64 70.21 82.08 80.23 61.19 61.61 48.0 50.0 72.12 72.73 57.8 59.03 43.01 41.4 39.56 37.64 34.13 35.23 25.63 26.4 62.13 63.81 33.96 32.02 16.12 16.49 68.36 66.37 36.8 35.47 60.64 61.13 2.0 0.0 21.59 22.14 70.83 69.12 51.24 53.16 73.78 72.11 25.5 27.02 64.56 64.03 25.32 25.08 29.68 30.81 31.62 30.53 19.24 19.03 59.2 59.77 16.49 14.56 65.76 66.1 
66.03 64.4 65.46 63.82 64.9 63.25 64.35 62.68 63.81 62.13 63.29 61.59 62.77 61.06 62.27 60.54 23.77 23.09 22.85 22.14 21.93 21.19 21.02 20.25 20.12 19.31 19.24 18.38 18.36 17.46 48.08 48.7 60.84 59.03 39.62 40.02 47.85 49.66 50.6 51.26 39.05 40.61 40.2 38.21 53.6 52.01 15.26 17.0 5.0 6.71 48.76 50.7 17.69 16.4 37.12 37.01 48.51 46.57 32.25 32.06 64.35 65.46 22.14 21.59 0.0 2.0 50.61 49.04 44.41 46.39 53.91 52.4 14.56 16.49 47.01 46.07 26.25 27.59 47.63 49.2 23.54 21.59 22.8 24.41 37.64 38.28 27.02 25.5 44.28 44.55 
67.2 65.6 66.61 65.0 66.03 64.4 65.46 63.82 64.9 63.25 64.35 62.68 63.81 62.13 63.29 61.59 24.6 23.77 23.71 22.85 22.83 21.93 21.95 21.02 21.1 20.12 20.25 19.24 19.42 18.36 47.54 48.08 60.01 58.18 39.32 39.62 46.07 47.85 50.0 50.6 37.54 39.05 42.19 40.2 55.22 53.6 13.6 15.26 3.61 5.0 46.84 48.76 19.21 18.03 37.34 37.12 49.04 47.13 34.23 34.06 62.68 63.82 22.85 22.14 2.0 0.0 49.41 47.8 42.43 44.41 52.63 51.09 12.65 14.56 48.02 47.01 24.76 26.17 48.92 50.45 25.5 23.54 21.63 23.32 37.11 37.64 28.6 27.02 44.1 44.28 
70.41 70.04 69.43 69.05 68.45 68.07 67.47 67.08 66.49 66.1 65.51 65.12 64.54 64.13 63.56 63.15 43.86 42.05 44.28 42.49 44.72 42.94 45.18 43.42 45.65 43.91 46.14 44.42 46.65 44.94 18.03 16.16 15.81 13.93 24.02 22.02 62.17 62.59 17.0 15.26 15.03 15.03 79.61 77.83 103.25 101.82 36.72 35.78 45.8 44.65 31.38 32.45 52.15 53.25 84.17 83.38 43.57 43.29 72.56 73.57 78.45 80.36 71.87 70.83 50.61 49.41 0.0 2.0 47.8 48.38 4.12 4.12 47.17 46.49 54.01 52.01 58.05 60.02 98.23 99.81 64.35 62.68 60.44 62.36 20.4 18.44 77.16 75.82 26.31 24.33 
70.83 70.41 69.86 69.43 68.88 68.45 67.91 67.47 66.94 66.49 65.97 65.51 65.0 64.54 64.03 63.56 43.08 41.23 43.46 41.63 43.86 42.05 44.28 42.49 44.72 42.94 45.18 43.42 45.65 43.91 18.79 17.0 17.72 15.81 24.02 22.02 60.21 60.64 18.03 16.4 13.04 13.04 78.72 76.92 101.86 100.42 34.99 34.0 44.2 43.01 29.68 30.81 51.11 52.15 82.35 81.54 43.93 43.57 71.59 72.56 76.54 78.45 70.18 69.12 49.04 47.8 2.0 0.0 45.88 46.49 5.0 4.12 45.31 44.6 54.08 52.09 56.09 58.05 96.67 98.23 63.29 61.59 58.52 60.44 20.1 18.11 75.69 74.33 26.68 24.74 
101.61 100.44 100.8 99.62 100.0 98.81 99.2 98.01 98.41 97.2 97.62 96.4 96.83 95.6 96.05 94.81 59.94 58.18 59.48 57.71 59.03 57.25 58.6 56.8 58.18 56.36 57.78 55.95 57.38 55.54 60.03 59.06 63.6 61.68 58.26 57.01 15.03 15.03 60.83 59.93 34.01 33.24 84.59 82.61 90.8 88.89 34.01 32.2 41.0 39.05 19.24 19.65 59.77 59.2 56.3 54.64 77.1 75.74 76.66 76.42 30.68 32.57 53.16 51.24 44.41 42.43 47.8 45.88 0.0 2.0 47.85 45.89 30.07 28.07 81.84 80.21 26.4 27.29 80.23 81.02 67.9 65.92 32.31 33.11 53.41 52.2 65.92 63.95 63.41 62.2 
103.23 102.08 102.42 101.26 101.61 100.44 100.8 99.62 100.0 98.81 99.2 98.01 98.41 97.2 97.62 96.4 61.72 59.94 61.27 59.48 60.84 59.03 60.42 58.6 60.01 58.18 59.62 57.78 59.24 57.38 61.06 60.03 64.2 62.3 59.55 58.26 15.3 15.03 61.77 60.83 34.89 34.01 86.58 84.59 92.72 90.8 35.85 34.01 42.95 41.0 19.03 19.24 61.68 61.13 57.98 56.3 78.57 77.23 78.64 78.41 30.08 32.02 55.08 53.16 46.39 44.41 48.38 46.49 2.0 0.0 48.27 46.32 32.06 30.07 83.49 81.84 28.23 29.07 82.08 82.86 69.87 67.9 34.18 34.93 54.67 53.41 67.9 65.92 64.66 63.41 
74.15 73.82 73.16 72.84 72.18 71.85 71.2 70.86 70.21 69.87 69.23 68.88 68.25 67.9 67.27 66.91 47.93 46.1 48.33 46.52 48.75 46.96 49.19 47.41 49.65 47.89 50.12 48.37 50.61 48.88 21.59 19.65 16.64 15.0 28.07 26.08 62.51 62.8 20.25 18.38 16.76 16.28 83.63 81.84 106.83 105.38 39.66 38.59 49.04 47.8 30.46 31.3 56.08 57.14 86.76 85.91 47.38 47.17 76.54 77.52 78.34 80.28 74.89 73.78 53.91 52.63 4.12 5.0 47.85 48.27 0.0 2.0 49.66 48.85 58.0 56.0 59.91 61.85 101.53 103.08 68.26 66.57 62.63 64.51 24.52 22.56 80.62 79.25 30.15 28.16 
74.53 74.15 73.55 73.16 72.57 72.18 71.59 71.2 70.61 70.21 69.63 69.23 68.66 68.25 67.68 67.27 47.17 45.31 47.54 45.69 47.93 46.1 48.33 46.52 48.75 46.96 49.19 47.41 49.65 47.89 22.14 20.25 18.36 16.64 28.0 26.0 60.53 60.83 21.02 19.24 14.87 14.32 82.76 80.96 105.48 104.0 38.01 36.89 47.51 46.23 28.64 29.53 55.07 56.08 84.97 84.1 47.68 47.38 75.59 76.54 76.4 78.34 73.24 72.11 52.4 51.09 4.12 4.12 45.89 46.32 2.0 0.0 47.85 47.01 58.03 56.04 57.97 59.91 100.0 101.53 67.23 65.51 60.75 62.63 24.19 22.2 79.2 77.79 30.41 28.44 
77.9 76.42 77.23 75.74 76.58 75.07 75.93 74.41 75.29 73.76 74.65 73.11 74.03 72.47 73.41 71.84 34.71 33.42 33.97 32.65 33.24 31.89 32.53 31.14 31.83 30.41 31.14 29.7 30.48 29.0 50.0 50.04 60.21 58.25 43.57 43.29 33.62 35.36 52.04 52.15 33.12 34.13 54.59 52.61 63.51 61.72 12.04 12.04 12.21 10.63 37.12 38.91 31.38 30.41 37.12 36.25 57.25 55.47 46.69 46.39 50.61 51.86 27.02 25.5 14.56 12.65 47.17 45.31 30.07 32.06 49.66 47.85 0.0 2.0 58.26 57.01 14.32 16.16 55.0 56.22 38.08 36.14 14.0 16.0 40.11 40.01 37.34 35.47 48.84 48.51 
79.25 77.79 78.57 77.1 77.9 76.42 77.23 75.74 76.58 75.07 75.93 74.41 75.29 73.76 74.65 73.11 36.07 34.71 35.36 33.97 34.66 33.24 33.97 32.53 33.3 31.83 32.65 31.14 32.02 30.48 50.04 50.0 59.84 57.87 43.93 43.57 31.91 33.62 52.0 52.04 32.2 33.12 56.57 54.59 65.31 63.51 12.37 12.04 13.89 12.21 35.36 37.12 33.12 32.2 38.08 37.12 58.18 56.44 48.66 48.37 49.04 50.33 28.6 27.02 16.49 14.56 46.49 44.6 28.07 30.07 48.85 47.01 2.0 0.0 59.55 58.26 13.6 15.52 56.61 57.8 40.02 38.08 14.14 16.12 40.31 40.11 39.22 37.34 49.24 48.84 
19.85 18.6 19.1 17.8 18.38 17.03 17.69 16.28 17.03 15.56 16.4 14.87 15.81 14.21 15.26 13.6 23.6 24.84 24.41 25.61 25.24 26.4 26.08 27.2 26.93 28.02 27.78 28.84 28.65 29.68 37.34 39.32 50.96 50.45 30.07 32.06 90.55 92.02 39.62 41.59 55.36 57.28 40.72 39.92 75.69 75.19 48.84 50.33 46.62 47.8 75.39 77.25 30.68 32.57 80.52 81.04 12.53 11.7 38.08 40.02 108.19 109.6 64.03 64.56 47.01 48.02 54.01 54.08 81.84 83.49 58.0 58.03 58.26 59.55 0.0 2.0 72.2 73.82 78.31 80.31 36.0 36.06 69.64 71.34 34.37 36.35 58.03 58.14 28.16 30.15 
21.4 20.25 20.62 19.42 19.85 18.6 19.1 17.8 18.38 17.03 17.69 16.28 17.03 15.56 16.4 14.87 22.47 23.6 23.32 24.41 24.19 25.24 25.06 26.08 25.94 26.93 26.83 27.78 27.73 28.65 35.36 37.34 49.04 48.51 28.07 30.07 89.11 90.55 37.66 39.62 53.45 55.36 41.59 40.72 76.24 75.69 47.38 48.84 45.49 46.62 73.54 75.39 30.08 32.02 80.05 80.52 10.82 9.85 38.6 40.52 106.78 108.21 63.56 64.03 46.07 47.01 52.01 52.09 80.21 81.84 56.0 56.04 57.01 58.26 2.0 0.0 71.03 72.67 78.52 80.5 36.06 36.0 68.6 70.33 32.39 34.37 58.0 58.03 26.17 28.16 
91.68 90.14 91.05 89.5 90.43 88.87 89.81 88.24 89.2 87.62 88.6 87.01 88.01 86.4 87.42 85.8 48.6 47.43 47.8 46.62 47.01 45.8 46.23 45.0 45.45 44.2 44.69 43.42 43.93 42.64 63.29 63.13 72.25 70.26 57.49 57.07 23.35 25.32 65.12 65.03 43.17 43.68 63.57 61.68 64.76 62.82 25.96 25.5 25.61 24.41 40.36 41.73 43.93 42.64 30.48 29.0 71.55 69.77 56.08 55.36 38.47 39.45 27.29 25.32 26.25 24.76 58.05 56.09 26.4 28.23 59.91 57.97 14.32 13.6 72.2 71.03 0.0 2.0 53.85 54.63 48.3 46.53 6.08 6.71 53.76 53.46 41.0 39.0 62.82 62.37 
