35
0.0 2.0 1.0 2.24 2.0 2.83 3.0 3.61 3.16 5.1 7.07 7.07 8.06 8.06 9.06 9.06 10.05 10.05 11.05 11.05 12.04 12.04 18.0 18.11 17.0 17.12 8.06 10.05 19.7 20.59 18.79 19.72 17.89 18.87 24.52 
2.0 0.0 2.24 1.0 2.83 2.0 3.61 3.0 1.41 3.16 5.1 5.1 6.08 6.08 7.07 7.07 8.06 8.06 9.06 9.06 10.05 10.05 18.11 18.0 17.12 17.0 8.06 10.05 18.97 19.7 18.03 18.79 17.09 17.89 24.19 
1.0 2.24 0.0 2.0 1.0 2.24 2.0 2.83 3.0 5.0 7.28 7.0 8.25 8.0 9.22 9.0 10.2 10.0 11.18 11.0 12.17 12.0 19.0 19.1 18.0 18.11 7.07 9.06 20.62 21.47 19.7 20.59 18.79 19.72 25.5 
2.24 1.0 2.0 0.0 2.24 1.0 2.83 2.0 1.0 3.0 5.39 5.0 6.32 6.0 7.28 7.0 8.25 8.0 9.22 9.0 10.2 10.0 19.1 19.0 18.11 18.0 7.07 9.06 19.92 20.62 18.97 19.7 18.03 18.79 25.18 
2.0 2.83 1.0 2.24 0.0 2.0 1.0 2.24 3.16 5.1 7.62 7.07 8.54 8.06 9.49 9.06 10.44 10.05 11.4 11.05 12.37 12.04 20.0 20.1 19.0 19.1 6.08 8.06 21.54 22.36 20.62 21.47 19.7 20.59 26.48 
2.83 2.0 2.24 1.0 2.0 0.0 2.24 1.0 1.41 3.16 5.83 5.1 6.71 6.08 7.62 7.07 8.54 8.06 9.49 9.06 10.44 10.05 20.1 20.0 19.1 19.0 6.08 8.06 20.88 21.54 19.92 20.62 18.97 19.7 26.17 
3.0 3.61 2.0 2.83 1.0 2.24 0.0 2.0 3.61 5.39 8.06 7.28 8.94 8.25 9.85 9.22 10.77 10.2 11.7 11.18 12.65 12.17 21.0 21.1 20.0 20.1 5.1 7.07 22.47 23.26 21.54 22.36 20.62 21.47 27.46 
3.61 3.0 2.83 2.0 2.24 1.0 2.0 0.0 2.24 3.61 6.4 5.39 7.21 6.32 8.06 7.28 8.94 8.25 9.85 9.22 10.77 10.2 21.1 21.0 20.1 20.0 5.1 7.07 21.84 22.47 20.88 21.54 19.92 20.62 27.17 
3.16 1.41 3.0 1.0 3.16 1.41 3.61 2.24 0.0 2.0 4.47 4.0 5.39 5.0 6.32 6.0 7.28 7.0 8.25 8.0 9.22 9.0 19.24 19.03 18.25 18.03 7.28 9.22 19.65 20.25 18.68 19.31 17.72 18.38 25.08 
5.1 3.16 5.0 3.0 5.1 3.16 5.39 3.61 2.0 0.0 2.83 2.0 3.61 3.0 4.47 4.0 5.39 5.0 6.32 6.0 7.28 7.0 19.65 19.24 18.68 18.25 8.06 9.85 19.24 19.65 18.25 18.68 17.26 17.72 25.0 
7.07 5.1 7.28 5.39 7.62 5.83 8.06 6.4 4.47 2.83 0.0 2.0 1.0 2.24 2.0 2.83 3.0 3.61 4.0 4.47 5.0 5.39 18.38 17.72 17.46 16.76 10.82 12.53 17.03 17.26 16.03 16.28 15.03 15.3 23.09 
7.07 5.1 7.0 5.0 7.07 5.1 7.28 5.39 4.0 2.0 2.0 0.0 2.24 1.0 2.83 2.0 3.61 3.0 4.47 4.0 5.39 5.0 20.25 19.65 19.31 18.68 9.22 10.82 19.03 19.24 18.03 18.25 17.03 17.26 25.08 
8.06 6.08 8.25 6.32 8.54 6.71 8.94 7.21 5.39 3.61 1.0 2.24 0.0 2.0 1.0 2.24 2.0 2.83 3.0 3.61 4.0 4.47 18.79 18.03 17.89 17.09 11.4 13.04 17.0 17.12 16.0 16.12 15.0 15.13 23.19 
8.06 6.08 8.0 6.0 8.06 6.08 8.25 6.32 5.0 3.0 2.24 1.0 2.0 0.0 2.24 1.0 2.83 2.0 3.61 3.0 4.47 4.0 20.62 19.92 19.7 18.97 9.9 11.4 19.0 19.1 18.0 18.11 17.0 17.12 25.18 
9.06 7.07 9.22 7.28 9.49 7.62 9.85 8.06 6.32 4.47 2.0 2.83 1.0 2.24 0.0 2.0 1.0 2.24 2.0 2.83 3.0 3.61 19.24 18.38 18.36 17.46 12.04 13.6 17.03 17.03 16.03 16.03 15.03 15.03 23.35 
9.06 7.07 9.0 7.0 9.06 7.07 9.22 7.28 6.0 4.0 2.83 2.0 2.24 1.0 2.0 0.0 2.24 1.0 2.83 2.0 3.61 3.0 21.02 20.25 20.12 19.31 10.63 12.04 19.03 19.03 18.03 18.03 17.03 17.03 25.32 
10.05 8.06 10.2 8.25 10.44 8.54 10.77 8.94 7.28 5.39 3.0 3.61 2.0 2.83 1.0 2.24 0.0 2.0 1.0 2.24 2.0 2.83 19.72 18.79 18.87 17.89 12.73 14.21 17.12 17.0 16.12 16.0 15.13 15.0 23.54 
10.05 8.06 10.0 8.0 10.05 8.06 10.2 8.25 7.0 5.0 3.61 3.0 2.83 2.0 2.24 1.0 2.0 0.0 2.24 1.0 2.83 2.0 21.47 20.62 20.59 19.7 11.4 12.73 19.1 19.0 18.11 18.0 17.12 17.0 25.5 
11.05 9.06 11.18 9.22 11.4 9.49 11.7 9.85 8.25 6.32 4.0 4.47 3.0 3.61 2.0 2.83 1.0 2.24 0.0 2.0 1.0 2.24 20.25 19.24 19.42 18.36 13.45 14.87 17.26 17.03 16.28 16.03 15.3 15.03 23.77 
11.05 9.06 11.0 9.0 11.05 9.06 11.18 9.22 8.0 6.0 4.47 4.0 3.61 3.0 2.83 2.0 2.24 1.0 2.0 0.0 2.24 1.0 21.95 21.02 21.1 20.12 12.21 13.45 19.24 19.03 18.25 18.03 17.26 17.03 25.71 
12.04 10.05 12.17 10.2 12.37 10.44 12.65 10.77 9.22 7.28 5.0 5.39 4.0 4.47 3.0 3.61 2.0 2.83 1.0 2.24 0.0 2.0 20.81 19.72 20.0 18.87 14.21 15.56 17.46 17.12 16.49 16.12 15.52 15.13 24.04 
12.04 10.05 12.0 10.0 12.04 10.05 12.17 10.2 9.0 7.0 5.39 5.0 4.47 4.0 3.61 3.0 2.83 2.0 2.24 1.0 2.0 0.0 22.47 21.47 21.63 20.59 13.04 14.21 19.42 19.1 18.44 18.11 17.46 17.12 25.96 
18.0 18.11 19.0 19.1 20.0 20.1 21.0 21.1 19.24 19.65 18.38 20.25 18.79 20.62 19.24 21.02 19.72 21.47 20.25 21.95 20.81 22.47 0.0 2.0 1.0 2.24 26.02 28.02 8.0 10.0 8.06 10.05 8.25 10.2 7.81 
18.11 18.0 19.1 19.0 20.1 20.0 21.1 21.0 19.03 19.24 17.72 19.65 18.03 19.92 18.38 20.25 18.79 20.62 19.24 21.02 19.72 21.47 2.0 0.0 2.24 1.0 26.02 28.02 6.0 8.0 6.08 8.06 6.32 8.25 6.71 
17.0 17.12 18.0 18.11 19.0 19.1 20.0 20.1 18.25 18.68 17.46 19.31 17.89 19.7 18.36 20.12 18.87 20.59 19.42 21.1 20.0 21.63 1.0 2.24 0.0 2.0 25.02 27.02 8.06 10.05 8.0 10.0 8.06 10.05 8.6 
17.12 17.0 18.11 18.0 19.1 19.0 20.1 20.0 18.03 18.25 16.76 18.68 17.09 18.97 17.46 19.31 17.89 19.7 18.36 20.12 18.87 20.59 2.24 1.0 2.0 0.0 25.02 27.02 6.08 8.06 6.0 8.0 6.08 8.06 7.62 
8.06 8.06 7.07 7.07 6.08 6.08 5.1 5.1 7.28 8.06 10.82 9.22 11.4 9.9 12.04 10.63 12.73 11.4 13.45 12.21 14.21 13.04 26.02 26.02 25.02 25.02 0.0 2.0 26.93 27.51 25.96 26.57 25.0 25.63 32.25 
10.05 10.05 9.06 9.06 8.06 8.06 7.07 7.07 9.22 9.85 12.53 10.82 13.04 11.4 13.6 12.04 14.21 12.73 14.87 13.45 15.56 14.21 28.02 28.02 27.02 27.02 2.0 0.0 28.86 29.41 27.89 28.46 26.93 27.51 34.23 
19.7 18.97 20.62 19.92 21.54 20.88 22.47 21.84 19.65 19.24 17.03 19.03 17.0 19.0 17.03 19.03 17.12 19.1 17.26 19.24 17.46 19.42 8.0 6.0 8.06 6.08 26.93 28.86 0.0 2.0 1.0 2.24 2.0 2.83 6.71 
20.59 19.7 21.47 20.62 22.36 21.54 23.26 22.47 20.25 19.65 17.26 19.24 17.12 19.1 17.03 19.03 17.0 19.0 17.03 19.03 17.12 19.1 10.0 8.0 10.05 8.06 27.51 29.41 2.0 0.0 2.24 1.0 2.83 2.0 7.81 
18.79 18.03 19.7 18.97 20.62 19.92 21.54 20.88 18.68 18.25 16.03 18.03 16.0 18.0 16.03 18.03 16.12 18.11 16.28 18.25 16.49 18.44 8.06 6.08 8.0 6.0 25.96 27.89 1.0 2.24 0.0 2.0 1.0 2.24 7.62 
19.72 18.79 20.59 19.7 21.47 20.62 22.36 21.54 19.31 18.68 16.28 18.25 16.12 18.11 16.03 18.03 16.0 18.0 16.03 18.03 16.12 18.11 10.05 8.06 10.0 8.0 26.57 28.46 2.24 1.0 2.0 0.0 2.24 1.0 8.6 
17.89 17.09 18.79 18.03 19.7 18.97 20.62 19.92 17.72 17.26 15.03 17.03 15.0 17.0 15.03 17.03 15.13 17.12 15.3 17.26 15.52 17.46 8.25 6.32 8.06 6.08 25.0 26.93 2.0 2.83 1.0 2.24 0.0 2.0 8.54 
18.87 17.89 19.72 18.79 20.59 19.7 21.47 20.62 18.38 17.72 15.3 17.26 15.13 17.12 15.03 17.03 15.0 17.0 15.03 17.03 15.13 17.12 10.2 8.25 10.05 8.06 25.63 27.51 2.83 2.0 2.24 1.0 2.0 0.0 9.43 
24.52 24.19 25.5 25.18 26.48 26.17 27.46 27.17 25.08 25.0 23.09 25.08 23.19 25.18 23.35 25.32 23.54 25.5 23.77 25.71 24.04 25.96 7.81 6.71 8.6 7.62 32.25 34.23 6.71 7.81 7.62 8.6 8.54 9.43 0.0 
