65
0.0 2.0 1.0 2.24 2.0 2.83 3.0 3.61 4.0 4.47 5.0 5.39 6.0 6.32 7.0 7.28 8.0 8.25 9.0 9.22 10.0 10.2 11.0 11.18 12.0 12.17 54.04 54.15 53.04 53.15 88.0 88.02 35.0 33.0 35.01 33.02 12.81 14.14 44.01 44.01 63.01 61.01 13.04 14.21 46.17 44.18 90.67 88.68 91.14 89.14 12.21 10.63 53.76 54.13 89.0 89.02 10.77 12.65 8.25 8.94 7.81 6.71 71.57 71.85 37.05 
2.0 0.0 2.24 1.0 2.83 2.0 3.61 3.0 4.47 4.0 5.39 5.0 6.32 6.0 7.28 7.0 8.25 8.0 9.22 9.0 10.2 10.0 11.18 11.0 12.17 12.0 56.04 56.14 55.04 55.15 90.0 90.02 37.0 35.0 37.01 35.01 14.42 15.62 46.01 46.01 65.01 63.01 14.76 15.81 48.17 46.17 92.66 90.67 93.13 91.14 13.89 12.21 55.73 56.09 91.0 91.02 8.94 10.77 6.32 7.21 6.4 5.0 73.55 73.82 39.05 
1.0 2.24 0.0 2.0 1.0 2.24 2.0 2.83 3.0 3.61 4.0 4.47 5.0 5.39 6.0 6.32 7.0 7.28 8.0 8.25 9.0 9.22 10.0 10.2 11.0 11.18 54.01 54.08 53.01 53.08 88.01 88.01 35.01 33.02 35.0 33.0 12.21 13.45 44.05 44.0 63.0 61.0 12.53 13.6 46.27 44.28 90.55 88.57 91.2 89.2 11.66 10.0 53.6 53.94 89.01 89.01 10.44 12.37 8.06 8.54 8.49 7.21 71.45 71.7 37.12 
2.24 1.0 2.0 0.0 2.24 1.0 2.83 2.0 3.61 3.0 4.47 4.0 5.39 5.0 6.32 6.0 7.28 7.0 8.25 8.0 9.22 9.0 10.2 10.0 11.18 11.0 56.01 56.08 55.01 55.08 90.01 90.01 37.01 35.01 37.0 35.0 13.89 15.0 46.04 46.0 65.0 63.0 14.32 15.26 48.26 46.27 92.54 90.55 93.19 91.2 13.42 11.66 55.58 55.9 91.01 91.01 8.54 10.44 6.08 6.71 7.21 5.66 73.44 73.68 39.12 
2.0 2.83 1.0 2.24 0.0 2.0 1.0 2.24 2.0 2.83 3.0 3.61 4.0 4.47 5.0 5.39 6.0 6.32 7.0 7.28 8.0 8.25 9.0 9.22 10.0 10.2 54.0 54.04 53.0 53.04 88.02 88.0 35.06 33.06 35.01 33.02 11.66 12.81 44.1 44.01 63.01 61.01 12.08 13.04 46.39 44.41 90.45 88.46 91.27 89.27 11.18 9.43 53.46 53.76 89.02 89.0 10.2 12.17 8.0 8.25 9.22 7.81 71.34 71.57 37.22 
2.83 2.0 2.24 1.0 2.0 0.0 2.24 1.0 2.83 2.0 3.61 3.0 4.47 4.0 5.39 5.0 6.32 6.0 7.28 7.0 8.25 8.0 9.22 9.0 10.2 10.0 56.0 56.04 55.0 55.04 90.02 90.0 37.05 35.06 37.01 35.01 13.42 14.42 46.1 46.01 65.01 63.01 13.93 14.76 48.37 46.39 92.44 90.45 93.26 91.27 13.0 11.18 55.44 55.73 91.02 91.0 8.25 10.2 6.0 6.32 8.06 6.4 73.33 73.55 39.2 
3.0 3.61 2.0 2.83 1.0 2.24 0.0 2.0 1.0 2.24 2.0 2.83 3.0 3.61 4.0 4.47 5.0 5.39 6.0 6.32 7.0 7.28 8.0 8.25 9.0 9.22 54.01 54.01 53.01 53.01 88.05 88.01 35.13 33.14 35.06 33.06 11.18 12.21 44.18 44.05 63.03 61.03 11.7 12.53 46.53 44.55 90.35 88.36 91.35 89.36 10.77 8.94 53.34 53.6 89.05 89.01 10.05 12.04 8.06 8.06 10.0 8.49 71.25 71.45 37.34 
3.61 3.0 2.83 2.0 2.24 1.0 2.0 0.0 2.24 1.0 2.83 2.0 3.61 3.0 4.47 4.0 5.39 5.0 6.32 6.0 7.28 7.0 8.25 8.0 9.22 9.0 56.01 56.01 55.01 55.01 90.05 90.01 37.12 35.13 37.05 35.06 13.0 13.89 46.17 46.04 65.03 63.03 13.6 14.32 48.51 46.53 92.35 90.35 93.34 91.35 12.65 10.77 55.33 55.58 91.05 91.01 8.06 10.05 6.08 6.08 8.94 7.21 73.25 73.44 39.32 
4.0 4.47 3.0 3.61 2.0 2.83 1.0 2.24 0.0 2.0 1.0 2.24 2.0 2.83 3.0 3.61 4.0 4.47 5.0 5.39 6.0 6.32 7.0 7.28 8.0 8.25 54.04 54.0 53.04 53.0 88.09 88.02 35.23 33.24 35.13 33.14 10.77 11.66 44.28 44.1 63.07 61.07 11.4 12.08 46.69 44.72 90.27 88.28 91.44 89.45 10.44 8.54 53.24 53.46 89.09 89.02 10.0 12.0 8.25 8.0 10.82 9.22 71.18 71.34 37.48 
4.47 4.0 3.61 3.0 2.83 2.0 2.24 1.0 2.0 0.0 2.24 1.0 2.83 2.0 3.61 3.0 4.47 4.0 5.39 5.0 6.32 6.0 7.28 7.0 8.25 8.0 56.04 56.0 55.04 55.0 90.09 90.02 37.22 35.23 37.12 35.13 12.65 13.42 46.27 46.1 65.07 63.07 13.34 13.93 48.66 46.69 92.27 90.27 93.43 91.44 12.37 10.44 55.23 55.44 91.09 91.02 8.0 10.0 6.32 6.0 9.85 8.06 73.17 73.33 39.46 
5.0 5.39 4.0 4.47 3.0 3.61 2.0 2.83 1.0 2.24 0.0 2.0 1.0 2.24 2.0 2.83 3.0 3.61 4.0 4.47 5.0 5.39 6.0 6.32 7.0 7.28 54.08 54.01 53.08 53.01 88.14 88.05 35.36 33.38 35.23 33.24 10.44 11.18 44.41 44.18 63.13 61.13 11.18 11.7 46.87 44.91 90.2 88.2 91.55 89.56 10.2 8.25 53.15 53.34 89.14 89.05 10.05 12.04 8.54 8.06 11.66 10.0 71.11 71.25 37.66 
5.39 5.0 4.47 4.0 3.61 3.0 2.83 2.0 2.24 1.0 2.0 0.0 2.24 1.0 2.83 2.0 3.61 3.0 4.47 4.0 5.39 5.0 6.32 6.0 7.28 7.0 56.08 56.01 55.08 55.01 90.14 90.05 37.34 35.36 37.22 35.23 12.37 13.0 46.39 46.17 65.12 63.13 13.15 13.6 48.84 46.87 92.2 90.2 93.54 91.55 12.17 10.2 55.15 55.33 91.14 91.05 8.06 10.05 6.71 6.08 10.77 8.94 73.11 73.25 39.62 
6.0 6.32 5.0 5.39 4.0 4.47 3.0 3.61 2.0 2.83 1.0 2.24 0.0 2.0 1.0 2.24 2.0 2.83 3.0 3.61 4.0 4.47 5.0 5.39 6.0 6.32 54.15 54.04 53.15 53.04 88.2 88.09 35.51 33.54 35.36 33.38 10.2 10.77 44.55 44.28 63.2 61.2 11.05 11.4 47.07 45.12 90.14 88.14 91.66 89.68 10.05 8.06 53.08 53.24 89.2 89.09 10.2 12.17 8.94 8.25 12.53 10.82 71.06 71.18 37.85 
6.32 6.0 5.39 5.0 4.47 4.0 3.61 3.0 2.83 2.0 2.24 1.0 2.0 0.0 2.24 1.0 2.83 2.0 3.61 3.0 4.47 4.0 5.39 5.0 6.32 6.0 56.14 56.04 55.15 55.04 90.2 90.09 37.48 35.51 37.34 35.36 12.17 12.65 46.53 46.27 65.19 63.2 13.04 13.34 49.03 47.07 92.14 90.14 93.65 91.66 12.04 10.05 55.08 55.23 91.2 91.09 8.25 10.2 7.21 6.32 11.7 9.85 73.06 73.17 39.81 
7.0 7.28 6.0 6.32 5.0 5.39 4.0 4.47 3.0 3.61 2.0 2.83 1.0 2.24 0.0 2.0 1.0 2.24 2.0 2.83 3.0 3.61 4.0 4.47 5.0 5.39 54.23 54.08 53.24 53.08 88.28 88.14 35.69 33.73 35.51 33.54 10.05 10.44 44.72 44.41 63.29 61.29 11.0 11.18 47.3 45.35 90.09 88.09 91.79 89.81 10.0 8.0 53.04 53.15 89.27 89.14 10.44 12.37 9.43 8.54 13.42 11.66 71.03 71.11 38.08 
7.28 7.0 6.32 6.0 5.39 5.0 4.47 4.0 3.61 3.0 2.83 2.0 2.24 1.0 2.0 0.0 2.24 1.0 2.83 2.0 3.61 3.0 4.47 4.0 5.39 5.0 56.22 56.08 55.23 55.08 90.27 90.14 37.66 35.69 37.48 35.51 12.04 12.37 46.69 46.39 65.28 63.29 13.0 13.15 49.24 47.3 92.09 90.09 93.77 91.79 12.0 10.0 55.04 55.15 91.27 91.14 8.54 10.44 7.81 6.71 12.65 10.77 73.03 73.11 40.02 
8.0 8.25 7.0 7.28 6.0 6.32 5.0 5.39 4.0 4.47 3.0 3.61 2.0 2.83 1.0 2.24 0.0 2.0 1.0 2.24 2.0 2.83 3.0 3.61 4.0 4.47 54.33 54.15 53.34 53.15 88.36 88.2 35.9 33.96 35.69 33.73 10.0 10.2 44.91 44.55 63.39 61.4 11.05 11.05 47.54 45.61 90.05 88.05 91.92 89.94 10.05 8.06 53.01 53.08 89.36 89.2 10.77 12.65 10.0 8.94 14.32 12.53 71.01 71.06 38.33 
8.25 8.0 7.28 7.0 6.32 6.0 5.39 5.0 4.47 4.0 3.61 3.0 2.83 2.0 2.24 1.0 2.0 0.0 2.24 1.0 2.83 2.0 3.61 3.0 4.47 4.0 56.32 56.14 55.33 55.15 90.35 90.2 37.85 35.9 37.66 35.69 12.0 12.17 46.87 46.53 65.38 63.39 13.04 13.04 49.48 47.54 92.05 90.05 93.9 91.92 12.04 10.05 55.01 55.08 91.35 91.2 8.94 10.77 8.49 7.21 13.6 11.7 73.01 73.06 40.26 
9.0 9.22 8.0 8.25 7.0 7.28 6.0 6.32 5.0 5.39 4.0 4.47 3.0 3.61 2.0 2.83 1.0 2.24 0.0 2.0 1.0 2.24 2.0 2.83 3.0 3.61 54.45 54.23 53.46 53.24 88.46 88.28 36.14 34.21 35.9 33.96 10.05 10.05 45.12 44.72 63.51 61.52 11.18 11.0 47.8 45.88 90.02 88.02 92.07 90.09 10.2 8.25 53.0 53.04 89.45 89.27 11.18 13.0 10.63 9.43 15.23 13.42 71.0 71.03 38.6 
9.22 9.0 8.25 8.0 7.28 7.0 6.32 6.0 5.39 5.0 4.47 4.0 3.61 3.0 2.83 2.0 2.24 1.0 2.0 0.0 2.24 1.0 2.83 2.0 3.61 3.0 56.44 56.22 55.44 55.23 90.45 90.27 38.08 36.14 37.85 35.9 12.04 12.04 47.07 46.69 65.49 63.51 13.15 13.0 49.73 47.8 92.02 90.02 94.05 92.07 12.17 10.2 55.0 55.04 91.44 91.27 9.43 11.18 9.22 7.81 14.56 12.65 73.0 73.03 40.52 
10.0 10.2 9.0 9.22 8.0 8.25 7.0 7.28 6.0 6.32 5.0 5.39 4.0 4.47 3.0 3.61 2.0 2.83 1.0 2.24 0.0 2.0 1.0 2.24 2.0 2.83 54.59 54.33 53.6 53.34 88.57 88.36 36.4 34.48 36.14 34.21 10.2 10.0 45.35 44.91 63.64 61.66 11.4 11.05 48.08 46.17 90.01 88.01 92.23 90.26 10.44 8.54 53.01 53.01 89.56 89.36 11.66 13.42 11.31 10.0 16.16 14.32 71.01 71.01 38.9 
10.2 10.0 9.22 9.0 8.25 8.0 7.28 7.0 6.32 6.0 5.39 5.0 4.47 4.0 3.61 3.0 2.83 2.0 2.24 1.0 2.0 0.0 2.24 1.0 2.83 2.0 56.57 56.32 55.58 55.33 90.55 90.35 38.33 36.4 38.08 36.14 12.17 12.0 47.3 46.87 65.62 63.64 13.34 13.04 50.0 48.08 92.01 90.01 94.2 92.23 12.37 10.44 55.01 55.01 91.55 91.35 10.0 11.66 10.0 8.49 15.52 13.6 73.01 73.01 40.8 
11.0 11.18 10.0 10.2 9.0 9.22 8.0 8.25 7.0 7.28 6.0 6.32 5.0 5.39 4.0 4.47 3.0 3.61 2.0 2.83 1.0 2.24 0.0 2.0 1.0 2.24 54.74 54.45 53.76 53.46 88.68 88.46 36.69 34.79 36.4 34.48 10.44 10.05 45.61 45.12 63.79 61.81 11.7 11.18 48.38 46.49 90.0 88.0 92.4 90.43 10.77 8.94 53.04 53.0 89.68 89.45 12.21 13.89 12.04 10.63 17.09 15.23 71.03 71.0 39.22 
11.18 11.0 10.2 10.0 9.22 9.0 8.25 8.0 7.28 7.0 6.32 6.0 5.39 5.0 4.47 4.0 3.61 3.0 2.83 2.0 2.24 1.0 2.0 0.0 2.24 1.0 56.72 56.44 55.73 55.44 90.67 90.45 38.6 36.69 38.33 36.4 12.37 12.04 47.54 47.07 65.76 63.79 13.6 13.15 50.29 48.38 92.0 90.0 94.37 92.4 12.65 10.77 55.04 55.0 91.66 91.44 10.63 12.21 10.82 9.22 16.49 14.56 73.03 73.0 41.11 
12.0 12.17 11.0 11.18 10.0 10.2 9.0 9.22 8.0 8.25 7.0 7.28 6.0 6.32 5.0 5.39 4.0 4.47 3.0 3.61 2.0 2.83 1.0 2.24 0.0 2.0 54.92 54.59 53.94 53.6 88.81 88.57 37.0 35.11 36.69 34.79 10.77 10.2 45.88 45.35 63.95 61.98 12.08 11.4 48.7 46.82 90.01 88.01 92.57 90.61 11.18 9.43 53.08 53.01 89.81 89.56 12.81 14.42 12.81 11.31 18.03 16.16 71.06 71.01 39.56 
12.17 12.0 11.18 11.0 10.2 10.0 9.22 9.0 8.25 8.0 7.28 7.0 6.32 6.0 5.39 5.0 4.47 4.0 3.61 3.0 2.83 2.0 2.24 1.0 2.0 0.0 56.89 56.57 55.9 55.58 90.8 90.55 38.9 37.0 38.6 36.69 12.65 12.17 47.8 47.3 65.92 63.95 13.93 13.34 50.6 48.7 92.01 90.01 94.54 92.57 13.0 11.18 55.08 55.01 91.79 91.55 11.31 12.81 11.66 10.0 17.46 15.52 73.06 73.01 41.44 
54.04 56.04 54.01 56.01 54.0 56.0 54.01 56.01 54.04 56.04 54.08 56.08 54.15 56.14 54.23 56.22 54.33 56.32 54.45 56.44 54.59 56.57 54.74 56.72 54.92 56.89 0.0 2.0 1.0 2.24 34.06 34.0 19.1 21.1 19.03 21.02 44.41 44.72 10.44 10.05 9.06 7.07 43.29 43.57 10.0 11.66 37.11 35.17 37.66 35.69 44.28 46.27 7.07 9.06 35.06 35.0 64.03 66.03 62.0 62.03 60.41 60.21 18.38 19.24 17.46 
54.15 56.14 54.08 56.08 54.04 56.04 54.01 56.01 54.0 56.0 54.01 56.01 54.04 56.04 54.08 56.08 54.15 56.14 54.23 56.22 54.33 56.32 54.45 56.44 54.59 56.57 2.0 0.0 2.24 1.0 34.23 34.06 19.42 21.38 19.24 21.21 44.18 44.41 11.18 10.44 9.49 7.62 43.1 43.29 11.31 12.81 36.67 34.71 38.08 36.14 44.1 46.1 5.1 7.07 35.23 35.06 64.0 66.0 62.03 62.0 60.67 60.41 17.72 18.38 18.03 
53.04 55.04 53.01 55.01 53.0 55.0 53.01 55.01 53.04 55.04 53.08 55.08 53.15 55.15 53.24 55.23 53.34 55.33 53.46 55.44 53.6 55.58 53.76 55.73 53.94 55.9 1.0 2.24 0.0 2.0 35.06 35.0 18.11 20.1 18.03 20.02 43.42 43.74 9.49 9.06 10.05 8.06 42.3 42.58 9.22 10.82 38.08 36.14 38.64 36.67 43.29 45.28 7.0 9.0 36.06 36.0 63.03 65.03 61.0 61.03 59.41 59.21 19.31 20.12 16.49 
53.15 55.15 53.08 55.08 53.04 55.04 53.01 55.01 53.0 55.0 53.01 55.01 53.04 55.04 53.08 55.08 53.15 55.15 53.24 55.23 53.34 55.33 53.46 55.44 53.6 55.58 2.24 1.0 2.0 0.0 35.23 35.06 18.44 20.4 18.25 20.22 43.19 43.42 10.3 9.49 10.44 8.54 42.11 42.3 10.63 12.04 37.66 35.69 39.05 37.11 43.1 45.1 5.0 7.0 36.22 36.06 63.0 65.0 61.03 61.0 59.68 59.41 18.68 19.31 17.09 
88.0 90.0 88.01 90.01 88.02 90.02 88.05 90.05 88.09 90.09 88.14 90.14 88.2 90.2 88.28 90.27 88.36 90.35 88.46 90.45 88.57 90.55 88.68 90.67 88.81 90.8 34.06 34.23 35.06 35.23 0.0 2.0 53.0 55.0 53.01 55.01 78.41 78.64 44.01 44.01 25.02 27.02 77.32 77.52 42.19 44.18 11.18 11.0 5.83 5.1 78.31 80.31 36.14 36.69 1.0 2.24 98.08 100.08 96.02 96.08 94.13 94.05 19.24 20.25 51.04 
88.02 90.02 88.01 90.01 88.0 90.0 88.01 90.01 88.02 90.02 88.05 90.05 88.09 90.09 88.14 90.14 88.2 90.2 88.28 90.27 88.36 90.35 88.46 90.45 88.57 90.55 34.0 34.06 35.0 35.06 2.0 0.0 53.04 55.04 53.01 55.01 78.23 78.41 44.1 44.01 25.02 27.02 77.16 77.32 42.43 44.41 9.22 9.0 7.62 7.07 78.16 80.16 35.69 36.14 2.24 1.0 98.02 100.02 96.0 96.02 94.26 94.13 18.38 19.24 51.16 
35.0 37.0 35.01 37.01 35.06 37.05 35.13 37.12 35.23 37.22 35.36 37.34 35.51 37.48 35.69 37.66 35.9 37.85 36.14 38.08 36.4 38.33 36.69 38.6 37.0 38.9 19.1 19.42 18.11 18.44 53.0 53.04 0.0 2.0 1.0 2.24 26.25 26.93 9.06 9.06 28.02 26.02 25.0 25.63 11.7 9.85 56.09 54.13 56.22 54.23 25.96 27.89 20.12 21.1 54.0 54.04 45.18 47.17 43.05 43.19 41.3 41.11 37.11 37.64 2.83 
33.0 35.0 33.02 35.01 33.06 35.06 33.14 35.13 33.24 35.23 33.38 35.36 33.54 35.51 33.73 35.69 33.96 35.9 34.21 36.14 34.48 36.4 34.79 36.69 35.11 37.0 21.1 21.38 20.1 20.4 55.0 55.04 2.0 0.0 2.24 1.0 24.35 25.08 11.05 11.05 30.02 28.02 23.09 23.77 13.6 11.7 58.05 56.09 58.22 56.22 24.04 25.96 21.93 22.83 56.0 56.04 43.19 45.18 41.05 41.19 39.32 39.12 39.05 39.56 4.47 
35.01 37.01 35.0 37.0 35.01 37.01 35.06 37.05 35.13 37.12 35.23 37.22 35.36 37.34 35.51 37.48 35.69 37.66 35.9 37.85 36.14 38.08 36.4 38.33 36.69 38.6 19.03 19.24 18.03 18.25 53.01 53.01 1.0 2.24 0.0 2.0 25.96 26.57 9.22 9.0 28.0 26.0 24.74 25.3 12.08 10.3 55.9 53.94 56.32 54.33 25.71 27.66 19.7 20.59 54.01 54.01 45.1 47.1 43.01 43.1 41.44 41.19 36.88 37.36 3.61 
33.02 35.01 33.0 35.0 33.02 35.01 33.06 35.06 33.14 35.13 33.24 35.23 33.38 35.36 33.54 35.51 33.73 35.69 33.96 35.9 34.21 36.14 34.48 36.4 34.79 36.69 21.02 21.21 20.02 20.22 55.01 55.01 2.24 1.0 2.0 0.0 24.04 24.7 11.18 11.0 30.0 28.0 22.8 23.41 13.93 12.08 57.87 55.9 58.31 56.32 23.77 25.71 21.54 22.36 56.01 56.01 43.1 45.1 41.01 41.11 39.46 39.2 38.83 39.29 5.0 
12.81 14.42 12.21 13.89 11.66 13.42 11.18 13.0 10.77 12.65 10.44 12.37 10.2 12.17 10.05 12.04 10.0 12.0 10.05 12.04 10.2 12.17 10.44 12.37 10.77 12.65 44.41 44.18 43.42 43.19 78.41 78.23 26.25 24.35 25.96 24.04 0.0 2.0 35.17 34.71 53.46 51.48 1.41 1.41 37.95 36.06 80.06 78.06 82.04 80.06 1.0 2.24 43.01 43.1 79.4 79.23 20.4 22.36 18.97 18.44 20.62 19.42 61.01 61.07 28.79 
14.14 15.62 13.45 15.0 12.81 14.42 12.21 13.89 11.66 13.42 11.18 13.0 10.77 12.65 10.44 12.37 10.2 12.17 10.05 12.04 10.0 12.0 10.05 12.04 10.2 12.17 44.72 44.41 43.74 43.42 78.64 78.41 26.93 25.08 26.57 24.7 2.0 0.0 35.74 35.17 53.76 51.79 3.16 1.41 38.63 36.77 80.01 78.01 82.38 80.41 3.0 3.61 43.01 43.01 79.63 79.4 20.88 22.8 19.7 18.97 21.93 20.62 61.01 61.01 29.55 
44.01 46.01 44.05 46.04 44.1 46.1 44.18 46.17 44.28 46.27 44.41 46.39 44.55 46.53 44.72 46.69 44.91 46.87 45.12 47.07 45.35 47.3 45.61 47.54 45.88 47.8 10.44 11.18 9.49 10.3 44.01 44.1 9.06 11.05 9.22 11.18 35.17 35.74 0.0 2.0 19.1 17.12 33.96 34.48 3.61 3.0 47.54 45.61 47.17 45.18 34.93 36.88 13.45 15.0 45.01 45.1 54.23 56.22 52.09 52.24 50.16 50.04 28.79 29.55 7.07 
44.01 46.01 44.0 46.0 44.01 46.01 44.05 46.04 44.1 46.1 44.18 46.17 44.28 46.27 44.41 46.39 44.55 46.53 44.72 46.69 44.91 46.87 45.12 47.07 45.35 47.3 10.05 10.44 9.06 9.49 44.01 44.01 9.06 11.05 9.0 11.0 34.71 35.17 2.0 0.0 19.0 17.0 33.54 33.96 5.39 5.0 47.07 45.12 47.38 45.4 34.53 36.5 12.04 13.45 45.01 45.01 54.08 56.08 52.01 52.09 50.36 50.16 28.16 28.79 7.62 
63.01 65.01 63.0 65.0 63.01 65.01 63.03 65.03 63.07 65.07 63.13 65.12 63.2 65.19 63.29 65.28 63.39 65.38 63.51 65.49 63.64 65.62 63.79 65.76 63.95 65.92 9.06 9.49 10.05 10.44 25.02 25.02 28.02 30.02 28.0 30.0 53.46 53.76 19.1 19.0 0.0 2.0 52.35 52.61 17.72 19.65 28.79 26.93 28.64 26.68 53.34 55.33 12.81 14.14 26.02 26.02 73.06 75.06 71.01 71.06 69.26 69.12 11.31 12.81 26.17 
61.01 63.01 61.0 63.0 61.01 63.01 61.03 63.03 61.07 63.07 61.13 63.13 61.2 63.2 61.29 63.29 61.4 63.39 61.52 63.51 61.66 63.64 61.81 63.79 61.98 63.95 7.07 7.62 8.06 8.54 27.02 27.02 26.02 28.02 26.0 28.0 51.48 51.79 17.12 17.0 2.0 0.0 50.36 50.64 15.81 17.72 30.68 28.79 30.59 28.64 51.35 53.34 11.31 12.81 28.02 28.02 71.06 73.06 69.01 69.07 67.27 67.12 12.81 14.14 24.19 
13.04 14.76 12.53 14.32 12.08 13.93 11.7 13.6 11.4 13.34 11.18 13.15 11.05 13.04 11.0 13.0 11.05 13.04 11.18 13.15 11.4 13.34 11.7 13.6 12.08 13.93 43.29 43.1 42.3 42.11 77.32 77.16 25.0 23.09 24.74 22.8 1.41 3.16 33.96 33.54 52.35 50.36 0.0 2.0 36.69 34.79 79.1 77.1 80.89 78.92 1.0 3.0 42.05 42.19 78.31 78.16 21.21 23.19 19.65 19.24 20.81 19.72 60.03 60.13 27.51 
14.21 15.81 13.6 15.26 13.04 14.76 12.53 14.32 12.08 13.93 11.7 13.6 11.4 13.34 11.18 13.15 11.05 13.04 11.0 13.0 11.05 13.04 11.18 13.15 11.4 13.34 43.57 43.29 42.58 42.3 77.52 77.32 25.63 23.77 25.3 23.41 1.41 1.41 34.48 33.96 52.61 50.64 2.0 0.0 37.34 35.47 79.03 77.03 81.22 79.25 2.24 3.61 42.0 42.05 78.52 78.31 21.59 23.54 20.25 19.65 22.02 20.81 60.0 60.03 28.23 
46.17 48.17 46.27 48.26 46.39 48.37 46.53 48.51 46.69 48.66 46.87 48.84 47.07 49.03 47.3 49.24 47.54 49.48 47.8 49.73 48.08 50.0 48.38 50.29 48.7 50.6 10.0 11.31 9.22 10.63 42.19 42.43 11.7 13.6 12.08 13.93 37.95 38.63 3.61 5.39 17.72 15.81 36.69 37.34 0.0 2.0 46.49 44.6 45.01 43.01 37.64 39.56 14.76 16.55 43.19 43.42 56.57 58.55 54.33 54.59 52.01 52.01 28.18 29.15 9.22 
44.18 46.17 44.28 46.27 44.41 46.39 44.55 46.53 44.72 46.69 44.91 46.87 45.12 47.07 45.35 47.3 45.61 47.54 45.88 47.8 46.17 48.08 46.49 48.38 46.82 48.7 11.66 12.81 10.82 12.04 44.18 44.41 9.85 11.7 10.3 12.08 36.06 36.77 3.0 5.0 19.65 17.72 34.79 35.47 2.0 0.0 48.38 46.49 47.01 45.01 35.74 37.64 15.81 17.49 45.18 45.4 54.59 56.57 52.35 52.61 50.01 50.01 29.97 30.89 7.28 
90.67 92.66 90.55 92.54 90.45 92.44 90.35 92.35 90.27 92.27 90.2 92.2 90.14 92.14 90.09 92.09 90.05 92.05 90.02 92.02 90.01 92.01 90.0 92.0 90.01 92.01 37.11 36.67 38.08 37.66 11.18 9.22 56.09 58.05 55.9 57.87 80.06 80.01 47.54 47.07 28.79 30.68 79.1 79.03 46.49 48.38 0.0 2.0 16.03 16.03 80.1 82.1 37.05 37.0 11.05 9.06 100.24 102.24 98.41 98.25 97.32 97.02 19.1 19.0 54.57 
88.68 90.67 88.57 90.55 88.46 90.45 88.36 90.35 88.28 90.27 88.2 90.2 88.14 90.14 88.09 90.09 88.05 90.05 88.02 90.02 88.01 90.01 88.0 90.0 88.01 90.01 35.17 34.71 36.14 35.69 11.0 9.0 54.13 56.09 53.94 55.9 78.06 78.01 45.61 45.12 26.93 28.79 77.1 77.03 44.6 46.49 2.0 0.0 16.28 16.03 78.1 80.1 35.06 35.0 11.05 9.06 98.25 100.24 96.42 96.25 95.35 95.04 17.12 17.0 52.63 
91.14 93.13 91.2 93.19 91.27 93.26 91.35 93.34 91.44 93.43 91.55 93.54 91.66 93.65 91.79 93.77 91.92 93.9 92.07 94.05 92.23 94.2 92.4 94.37 92.57 94.54 37.66 38.08 38.64 39.05 5.83 7.62 56.22 58.22 56.32 58.31 82.04 82.38 47.17 47.38 28.64 30.59 80.89 81.22 45.01 47.01 16.03 16.28 0.0 2.0 81.88 83.86 40.5 41.23 5.39 7.28 101.4 103.39 99.25 99.41 97.0 97.02 24.41 25.61 54.08 
89.14 91.14 89.2 91.2 89.27 91.27 89.36 91.35 89.45 91.44 89.56 91.55 89.68 91.66 89.81 91.79 89.94 91.92 90.09 92.07 90.26 92.23 90.43 92.4 90.61 92.57 35.69 36.14 36.67 37.11 5.1 7.07 54.23 56.22 54.33 56.32 80.06 80.41 45.18 45.4 26.68 28.64 78.92 79.25 43.01 45.01 16.03 16.03 2.0 0.0 79.91 81.88 38.63 39.4 5.0 7.0 99.41 101.4 97.25 97.42 95.0 95.02 22.8 24.08 52.09 
12.21 13.89 11.66 13.42 11.18 13.0 10.77 12.65 10.44 12.37 10.2 12.17 10.05 12.04 10.0 12.0 10.05 12.04 10.2 12.17 10.44 12.37 10.77 12.65 11.18 13.0 44.28 44.1 43.29 43.1 78.31 78.16 25.96 24.04 25.71 23.77 1.0 3.0 34.93 34.53 53.34 51.35 1.0 2.24 37.64 35.74 80.1 78.1 81.88 79.91 0.0 2.0 43.05 43.19 79.31 79.16 20.22 22.2 18.68 18.25 20.0 18.87 61.03 61.13 28.46 
10.63 12.21 10.0 11.66 9.43 11.18 8.94 10.77 8.54 10.44 8.25 10.2 8.06 10.05 8.0 10.0 8.06 10.05 8.25 10.2 8.54 10.44 8.94 10.77 9.43 11.18 46.27 46.1 45.28 45.1 80.31 80.16 27.89 25.96 27.66 25.71 2.24 3.61 36.88 36.5 55.33 53.34 3.0 3.61 39.56 37.64 82.1 80.1 83.86 81.88 2.0 0.0 45.04 45.18 81.3 81.15 18.25 20.22 16.76 16.28 18.44 17.2 63.03 63.13 30.36 
53.76 55.73 53.6 55.58 53.46 55.44 53.34 55.33 53.24 55.23 53.15 55.15 53.08 55.08 53.04 55.04 53.01 55.01 53.0 55.0 53.01 55.01 53.04 55.04 53.08 55.08 7.07 5.1 7.0 5.0 36.14 35.69 20.12 21.93 19.7 21.54 43.01 43.01 13.45 12.04 12.81 11.31 42.05 42.0 14.76 15.81 37.05 35.06 40.5 38.63 43.05 45.04 0.0 2.0 37.11 36.67 63.2 65.19 61.4 61.2 60.64 60.21 18.0 18.11 19.42 
54.13 56.09 53.94 55.9 53.76 55.73 53.6 55.58 53.46 55.44 53.34 55.33 53.24 55.23 53.15 55.15 53.08 55.08 53.04 55.04 53.01 55.01 53.0 55.0 53.01 55.01 9.06 7.07 9.0 7.0 36.69 36.14 21.1 22.83 20.59 22.36 43.1 43.01 15.0 13.45 14.14 12.81 42.19 42.05 16.55 17.49 37.0 35.0 41.23 39.4 43.19 45.18 2.0 0.0 37.64 37.11 63.39 65.38 61.66 61.4 61.13 60.64 18.11 18.0 20.62 
89.0 91.0 89.01 91.01 89.02 91.02 89.05 91.05 89.09 91.09 89.14 91.14 89.2 91.2 89.27 91.27 89.36 91.35 89.45 91.44 89.56 91.55 89.68 91.66 89.81 91.79 35.06 35.23 36.06 36.22 1.0 2.24 54.0 56.0 54.01 56.01 79.4 79.63 45.01 45.01 26.02 28.02 78.31 78.52 43.19 45.18 11.05 11.05 5.39 5.0 79.31 81.3 37.11 37.64 0.0 2.0 99.08 101.08 97.02 97.08 95.13 95.05 20.12 21.1 52.04 
89.02 91.02 89.01 91.01 89.0 91.0 89.01 91.01 89.02 91.02 89.05 91.05 89.09 91.09 89.14 91.14 89.2 91.2 89.27 91.27 89.36 91.35 89.45 91.44 89.56 91.55 35.0 35.06 36.0 36.06 2.24 1.0 54.04 56.04 54.01 56.01 79.23 79.4 45.1 45.01 26.02 28.02 78.16 78.31 43.42 45.4 9.06 9.06 7.28 7.0 79.16 81.15 36.67 37.11 2.0 0.0 99.02 101.02 97.0 97.02 95.26 95.13 19.31 20.12 52.15 
10.77 8.94 10.44 8.54 10.2 8.25 10.05 8.06 10.0 8.0 10.05 8.06 10.2 8.25 10.44 8.54 10.77 8.94 11.18 9.43 11.66 10.0 12.21 10.63 12.81 11.31 64.03 64.0 63.03 63.0 98.08 98.02 45.18 43.19 45.1 43.1 20.4 20.88 54.23 54.08 73.06 71.06 21.21 21.59 56.57 54.59 100.24 98.25 101.4 99.41 20.22 18.25 63.2 63.39 99.08 99.02 0.0 2.0 2.83 2.0 9.85 8.06 81.15 81.3 47.38 
12.65 10.77 12.37 10.44 12.17 10.2 12.04 10.05 12.0 10.0 12.04 10.05 12.17 10.2 12.37 10.44 12.65 10.77 13.0 11.18 13.42 11.66 13.89 12.21 14.42 12.81 66.03 66.0 65.03 65.0 100.08 100.02 47.17 45.18 47.1 45.1 22.36 22.8 56.22 56.08 75.06 73.06 23.19 23.54 58.55 56.57 102.24 100.24 103.39 101.4 22.2 20.22 65.19 65.38 101.08 101.02 2.0 0.0 4.47 4.0 10.82 9.22 83.15 83.29 49.37 
8.25 6.32 8.06 6.08 8.0 6.0 8.06 6.08 8.25 6.32 8.54 6.71 8.94 7.21 9.43 7.81 10.0 8.49 10.63 9.22 11.31 10.0 12.04 10.82 12.81 11.66 62.0 62.03 61.0 61.03 96.02 96.0 43.05 41.05 43.01 41.01 18.97 19.7 52.09 52.01 71.01 69.01 19.65 20.25 54.33 52.35 98.41 96.42 99.25 97.25 18.68 16.76 61.4 61.66 97.02 97.0 2.83 4.47 0.0 2.0 7.28 5.39 79.31 79.51 45.18 
8.94 7.21 8.54 6.71 8.25 6.32 8.06 6.08 8.0 6.0 8.06 6.08 8.25 6.32 8.54 6.71 8.94 7.21 9.43 7.81 10.0 8.49 10.63 9.22 11.31 10.0 62.03 62.0 61.03 61.0 96.08 96.02 43.19 41.19 43.1 41.11 18.44 18.97 52.24 52.09 71.06 69.07 19.24 19.65 54.59 52.61 98.25 96.25 99.41 97.42 18.25 16.28 61.2 61.4 97.08 97.02 2.0 4.0 2.0 0.0 9.22 7.28 79.16 79.31 45.4 
7.81 6.4 8.49 7.21 9.22 8.06 10.0 8.94 10.82 9.85 11.66 10.77 12.53 11.7 13.42 12.65 14.32 13.6 15.23 14.56 16.16 15.52 17.09 16.49 18.03 17.46 60.41 60.67 59.41 59.68 94.13 94.26 41.3 39.32 41.44 39.46 20.62 21.93 50.16 50.36 69.26 67.27 20.81 22.02 52.01 50.01 97.32 95.35 97.0 95.0 20.0 18.44 60.64 61.13 95.13 95.26 9.85 10.82 7.28 9.22 0.0 2.0 78.26 78.64 43.1 
6.71 5.0 7.21 5.66 7.81 6.4 8.49 7.21 9.22 8.06 10.0 8.94 10.82 9.85 11.66 10.77 12.53 11.7 13.42 12.65 14.32 13.6 15.23 14.56 16.16 15.52 60.21 60.41 59.21 59.41 94.05 94.13 41.11 39.12 41.19 39.2 19.42 20.62 50.04 50.16 69.12 67.12 19.72 20.81 52.01 50.01 97.02 95.04 97.02 95.02 18.87 17.2 60.21 60.64 95.05 95.13 8.06 9.22 5.39 7.28 2.0 0.0 77.93 78.26 43.01 
71.57 73.55 71.45 73.44 71.34 73.33 71.25 73.25 71.18 73.17 71.11 73.11 71.06 73.06 71.03 73.03 71.01 73.01 71.0 73.0 71.01 73.01 71.03 73.03 71.06 73.06 18.38 17.72 19.31 18.68 19.24 18.38 37.11 39.05 36.88 38.83 61.01 61.01 28.79 28.16 11.31 12.81 60.03 60.0 28.18 29.97 19.1 17.12 24.41 22.8 61.03 63.03 18.0 18.11 20.12 19.31 81.15 83.15 79.31 79.16 78.26 77.93 0.0 2.0 35.74 
71.85 73.82 71.7 73.68 71.57 73.55 71.45 73.44 71.34 73.33 71.25 73.25 71.18 73.17 71.11 73.11 71.06 73.06 71.03 73.03 71.01 73.01 71.0 73.0 71.01 73.01 19.24 18.38 20.12 19.31 20.25 19.24 37.64 39.56 37.36 39.29 61.07 61.01 29.55 28.79 12.81 14.14 60.13 60.03 29.15 30.89 19.0 17.0 25.61 24.08 61.13 63.13 18.11 18.0 21.1 20.12 81.3 83.29 79.51 79.31 78.64 78.26 2.0 0.0 36.4 
37.05 39.05 37.12 39.12 37.22 39.2 37.34 39.32 37.48 39.46 37.66 39.62 37.85 39.81 38.08 40.02 38.33 40.26 38.6 40.52 38.9 40.8 39.22 41.11 39.56 41.44 17.46 18.03 16.49 17.09 51.04 51.16 2.83 4.47 3.61 5.0 28.79 29.55 7.07 7.62 26.17 24.19 27.51 28.23 9.22 7.28 54.57 52.63 54.08 52.09 28.46 30.36 19.42 20.62 52.04 52.15 47.38 49.37 45.18 45.4 43.1 43.01 35.74 36.4 0.0 
