60
0.0 2.0 1.0 2.24 31.89 33.24 32.65 33.97 33.42 34.71 34.21 35.47 35.0 36.24 35.81 37.01 36.62 37.8 37.44 38.6 38.28 39.41 39.12 40.22 39.96 41.05 40.82 41.88 41.68 42.72 42.54 43.57 43.42 44.42 44.29 45.28 45.18 46.14 46.07 47.01 46.96 47.89 47.85 48.76 26.48 28.44 26.68 28.64 26.93 28.86 27.2 29.12 42.06 43.05 42.94 43.91 17.03 19.03 37.2 38.42 
2.0 0.0 2.24 1.0 30.41 31.83 31.14 32.53 31.89 33.24 32.65 33.97 33.42 34.71 34.21 35.47 35.0 36.24 35.81 37.01 36.62 37.8 37.44 38.6 38.28 39.41 39.12 40.22 39.96 41.05 40.82 41.88 41.68 42.72 42.54 43.57 43.42 44.42 44.29 45.28 45.18 46.14 46.07 47.01 24.52 26.48 24.74 26.68 25.0 26.93 25.3 27.2 40.31 41.34 41.18 42.19 17.03 19.03 35.61 36.88 
1.0 2.24 0.0 2.0 31.24 32.56 32.02 33.3 32.8 34.06 33.6 34.83 34.41 35.61 35.23 36.4 36.06 37.2 36.89 38.01 37.74 38.83 38.59 39.66 39.45 40.5 40.31 41.34 41.18 42.19 42.06 43.05 42.94 43.91 43.83 44.78 44.72 45.65 45.62 46.53 46.52 47.41 47.42 48.3 26.31 28.28 26.48 28.44 26.68 28.64 26.93 28.86 41.59 42.54 42.49 43.42 16.03 18.03 36.62 37.8 
2.24 1.0 2.0 0.0 29.73 31.11 30.48 31.83 31.24 32.56 32.02 33.3 32.8 34.06 33.6 34.83 34.41 35.61 35.23 36.4 36.06 37.2 36.89 38.01 37.74 38.83 38.59 39.66 39.45 40.5 40.31 41.34 41.18 42.19 42.06 43.05 42.94 43.91 43.83 44.78 44.72 45.65 45.62 46.53 24.33 26.31 24.52 26.48 24.74 26.68 25.0 26.93 39.82 40.82 40.71 41.68 16.03 18.03 35.0 36.24 
31.89 30.41 31.24 29.73 0.0 2.0 1.0 2.24 2.0 2.83 3.0 3.61 4.0 4.47 5.0 5.39 6.0 6.32 7.0 7.28 8.0 8.25 9.0 9.22 10.0 10.2 11.0 11.18 12.0 12.17 13.0 13.15 14.0 14.14 15.0 15.13 16.0 16.12 17.0 17.12 18.0 18.11 19.0 19.1 16.12 16.49 15.13 15.52 14.14 14.56 13.15 13.6 13.04 13.04 14.04 14.04 23.35 23.09 6.08 6.71 
33.24 31.83 32.56 31.11 2.0 0.0 2.24 1.0 2.83 2.0 3.61 3.0 4.47 4.0 5.39 5.0 6.32 6.0 7.28 7.0 8.25 8.0 9.22 9.0 10.2 10.0 11.18 11.0 12.17 12.0 13.15 13.0 14.14 14.0 15.13 15.0 16.12 16.0 17.12 17.0 18.11 18.0 19.1 19.0 18.11 18.44 17.12 17.46 16.12 16.49 15.13 15.52 13.34 13.04 14.32 14.04 23.77 23.35 6.08 6.08 
32.65 31.14 32.02 30.48 1.0 2.24 0.0 2.0 1.0 2.24 2.0 2.83 3.0 3.61 4.0 4.47 5.0 5.39 6.0 6.32 7.0 7.28 8.0 8.25 9.0 9.22 10.0 10.2 11.0 11.18 12.0 12.17 13.0 13.15 14.0 14.14 15.0 15.13 16.0 16.12 17.0 17.12 18.0 18.11 16.03 16.28 15.03 15.3 14.04 14.32 13.04 13.34 12.04 12.04 13.04 13.04 24.33 24.08 5.1 5.83 
33.97 32.53 33.3 31.83 2.24 1.0 2.0 0.0 2.24 1.0 2.83 2.0 3.61 3.0 4.47 4.0 5.39 5.0 6.32 6.0 7.28 7.0 8.25 8.0 9.22 9.0 10.2 10.0 11.18 11.0 12.17 12.0 13.15 13.0 14.14 14.0 15.13 15.0 16.12 16.0 17.12 17.0 18.11 18.0 18.03 18.25 17.03 17.26 16.03 16.28 15.03 15.3 12.37 12.04 13.34 13.04 24.74 24.33 5.1 5.1 
33.42 31.89 32.8 31.24 2.0 2.83 1.0 2.24 0.0 2.0 1.0 2.24 2.0 2.83 3.0 3.61 4.0 4.47 5.0 5.39 6.0 6.32 7.0 7.28 8.0 8.25 9.0 9.22 10.0 10.2 11.0 11.18 12.0 12.17 13.0 13.15 14.0 14.14 15.0 15.13 16.0 16.12 17.0 17.12 16.0 16.12 15.0 15.13 14.0 14.14 13.0 13.15 11.05 11.05 12.04 12.04 25.32 25.08 4.12 5.0 
34.71 33.24 34.06 32.56 2.83 2.0 2.24 1.0 2.0 0.0 2.24 1.0 2.83 2.0 3.61 3.0 4.47 4.0 5.39 5.0 6.32 6.0 7.28 7.0 8.25 8.0 9.22 9.0 10.2 10.0 11.18 11.0 12.17 12.0 13.15 13.0 14.14 14.0 15.13 15.0 16.12 16.0 17.12 17.0 18.0 18.11 17.0 17.12 16.0 16.12 15.0 15.13 11.4 11.05 12.37 12.04 25.71 25.32 4.12 4.12 
34.21 32.65 33.6 32.02 3.0 3.61 2.0 2.83 1.0 2.24 0.0 2.0 1.0 2.24 2.0 2.83 3.0 3.61 4.0 4.47 5.0 5.39 6.0 6.32 7.0 7.28 8.0 8.25 9.0 9.22 10.0 10.2 11.0 11.18 12.0 12.17 13.0 13.15 14.0 14.14 15.0 15.13 16.0 16.12 16.03 16.03 15.03 15.03 14.04 14.04 13.04 13.04 10.05 10.05 11.05 11.05 26.31 26.08 3.16 4.24 
35.47 33.97 34.83 33.3 3.61 3.0 2.83 2.0 2.24 1.0 2.0 0.0 2.24 1.0 2.83 2.0 3.61 3.0 4.47 4.0 5.39 5.0 6.32 6.0 7.28 7.0 8.25 8.0 9.22 9.0 10.2 10.0 11.18 11.0 12.17 12.0 13.15 13.0 14.14 14.0 15.13 15.0 16.12 16.0 18.03 18.03 17.03 17.03 16.03 16.03 15.03 15.03 10.44 10.05 11.4 11.05 26.68 26.31 3.16 3.16 
35.0 33.42 34.41 32.8 4.0 4.47 3.0 3.61 2.0 2.83 1.0 2.24 0.0 2.0 1.0 2.24 2.0 2.83 3.0 3.61 4.0 4.47 5.0 5.39 6.0 6.32 7.0 7.28 8.0 8.25 9.0 9.22 10.0 10.2 11.0 11.18 12.0 12.17 13.0 13.15 14.0 14.14 15.0 15.13 16.12 16.0 15.13 15.0 14.14 14.0 13.15 13.0 9.06 9.06 10.05 10.05 27.29 27.07 2.24 3.61 
36.24 34.71 35.61 34.06 4.47 4.0 3.61 3.0 2.83 2.0 2.24 1.0 2.0 0.0 2.24 1.0 2.83 2.0 3.61 3.0 4.47 4.0 5.39 5.0 6.32 6.0 7.28 7.0 8.25 8.0 9.22 9.0 10.2 10.0 11.18 11.0 12.17 12.0 13.15 13.0 14.14 14.0 15.13 15.0 18.11 18.0 17.12 17.0 16.12 16.0 15.13 15.0 9.49 9.06 10.44 10.05 27.66 27.29 2.24 2.24 
35.81 34.21 35.23 33.6 5.0 5.39 4.0 4.47 3.0 3.61 2.0 2.83 1.0 2.24 0.0 2.0 1.0 2.24 2.0 2.83 3.0 3.61 4.0 4.47 5.0 5.39 6.0 6.32 7.0 7.28 8.0 8.25 9.0 9.22 10.0 10.2 11.0 11.18 12.0 12.17 13.0 13.15 14.0 14.14 16.28 16.03 15.3 15.03 14.32 14.04 13.34 13.04 8.06 8.06 9.06 9.06 28.28 28.07 1.41 3.16 
37.01 35.47 36.4 34.83 5.39 5.0 4.47 4.0 3.61 3.0 2.83 2.0 2.24 1.0 2.0 0.0 2.24 1.0 2.83 2.0 3.61 3.0 4.47 4.0 5.39 5.0 6.32 6.0 7.28 7.0 8.25 8.0 9.22 9.0 10.2 10.0 11.18 11.0 12.17 12.0 13.15 13.0 14.14 14.0 18.25 18.03 17.26 17.03 16.28 16.03 15.3 15.03 8.54 8.06 9.49 9.06 28.64 28.28 1.41 1.41 
36.62 35.0 36.06 34.41 6.0 6.32 5.0 5.39 4.0 4.47 3.0 3.61 2.0 2.83 1.0 2.24 0.0 2.0 1.0 2.24 2.0 2.83 3.0 3.61 4.0 4.47 5.0 5.39 6.0 6.32 7.0 7.28 8.0 8.25 9.0 9.22 10.0 10.2 11.0 11.18 12.0 12.17 13.0 13.15 16.49 16.12 15.52 15.13 14.56 14.14 13.6 13.15 7.07 7.07 8.06 8.06 29.27 29.07 1.0 3.0 
37.8 36.24 37.2 35.61 6.32 6.0 5.39 5.0 4.47 4.0 3.61 3.0 2.83 2.0 2.24 1.0 2.0 0.0 2.24 1.0 2.83 2.0 3.61 3.0 4.47 4.0 5.39 5.0 6.32 6.0 7.28 7.0 8.25 8.0 9.22 9.0 10.2 10.0 11.18 11.0 12.17 12.0 13.15 13.0 18.44 18.11 17.46 17.12 16.49 16.12 15.52 15.13 7.62 7.07 8.54 8.06 29.61 29.27 1.0 1.0 
37.44 35.81 36.89 35.23 7.0 7.28 6.0 6.32 5.0 5.39 4.0 4.47 3.0 3.61 2.0 2.83 1.0 2.24 0.0 2.0 1.0 2.24 2.0 2.83 3.0 3.61 4.0 4.47 5.0 5.39 6.0 6.32 7.0 7.28 8.0 8.25 9.0 9.22 10.0 10.2 11.0 11.18 12.0 12.17 16.76 16.28 15.81 15.3 14.87 14.32 13.93 13.34 6.08 6.08 7.07 7.07 30.27 30.07 1.41 3.16 
38.6 37.01 38.01 36.4 7.28 7.0 6.32 6.0 5.39 5.0 4.47 4.0 3.61 3.0 2.83 2.0 2.24 1.0 2.0 0.0 2.24 1.0 2.83 2.0 3.61 3.0 4.47 4.0 5.39 5.0 6.32 6.0 7.28 7.0 8.25 8.0 9.22 9.0 10.2 10.0 11.18 11.0 12.17 12.0 18.68 18.25 17.72 17.26 16.76 16.28 15.81 15.3 6.71 6.08 7.62 7.07 30.59 30.27 1.41 1.41 
38.28 36.62 37.74 36.06 8.0 8.25 7.0 7.28 6.0 6.32 5.0 5.39 4.0 4.47 3.0 3.61 2.0 2.83 1.0 2.24 0.0 2.0 1.0 2.24 2.0 2.83 3.0 3.61 4.0 4.47 5.0 5.39 6.0 6.32 7.0 7.28 8.0 8.25 9.0 9.22 10.0 10.2 11.0 11.18 17.09 16.49 16.16 15.52 15.23 14.56 14.32 13.6 5.1 5.1 6.08 6.08 31.26 31.06 2.24 3.61 
39.41 37.8 38.83 37.2 8.25 8.0 7.28 7.0 6.32 6.0 5.39 5.0 4.47 4.0 3.61 3.0 2.83 2.0 2.24 1.0 2.0 0.0 2.24 1.0 2.83 2.0 3.61 3.0 4.47 4.0 5.39 5.0 6.32 6.0 7.28 7.0 8.25 8.0 9.22 9.0 10.2 10.0 11.18 11.0 18.97 18.44 18.03 17.46 17.09 16.49 16.16 15.52 5.83 5.1 6.71 6.08 31.58 31.26 2.24 2.24 
39.12 37.44 38.59 36.89 9.0 9.22 8.0 8.25 7.0 7.28 6.0 6.32 5.0 5.39 4.0 4.47 3.0 3.61 2.0 2.83 1.0 2.24 0.0 2.0 1.0 2.24 2.0 2.83 3.0 3.61 4.0 4.47 5.0 5.39 6.0 6.32 7.0 7.28 8.0 8.25 9.0 9.22 10.0 10.2 17.46 16.76 16.55 15.81 15.65 14.87 14.76 13.93 4.12 4.12 5.1 5.1 32.25 32.06 3.16 4.24 
40.22 38.6 39.66 38.01 9.22 9.0 8.25 8.0 7.28 7.0 6.32 6.0 5.39 5.0 4.47 4.0 3.61 3.0 2.83 2.0 2.24 1.0 2.0 0.0 2.24 1.0 2.83 2.0 3.61 3.0 4.47 4.0 5.39 5.0 6.32 6.0 7.28 7.0 8.25 8.0 9.22 9.0 10.2 10.0 19.31 18.68 18.38 17.72 17.46 16.76 16.55 15.81 5.0 4.12 5.83 5.1 32.56 32.25 3.16 3.16 
39.96 38.28 39.45 37.74 10.0 10.2 9.0 9.22 8.0 8.25 7.0 7.28 6.0 6.32 5.0 5.39 4.0 4.47 3.0 3.61 2.0 2.83 1.0 2.24 0.0 2.0 1.0 2.24 2.0 2.83 3.0 3.61 4.0 4.47 5.0 5.39 6.0 6.32 7.0 7.28 8.0 8.25 9.0 9.22 17.89 17.09 17.0 16.16 16.12 15.23 15.26 14.32 3.16 3.16 4.12 4.12 33.24 33.06 4.12 5.0 
41.05 39.41 40.5 38.83 10.2 10.0 9.22 9.0 8.25 8.0 7.28 7.0 6.32 6.0 5.39 5.0 4.47 4.0 3.61 3.0 2.83 2.0 2.24 1.0 2.0 0.0 2.24 1.0 2.83 2.0 3.61 3.0 4.47 4.0 5.39 5.0 6.32 6.0 7.28 7.0 8.25 8.0 9.22 9.0 19.7 18.97 18.79 18.03 17.89 17.09 17.0 16.16 4.24 3.16 5.0 4.12 33.54 33.24 4.12 4.12 
40.82 39.12 40.31 38.59 11.0 11.18 10.0 10.2 9.0 9.22 8.0 8.25 7.0 7.28 6.0 6.32 5.0 5.39 4.0 4.47 3.0 3.61 2.0 2.83 1.0 2.24 0.0 2.0 1.0 2.24 2.0 2.83 3.0 3.61 4.0 4.47 5.0 5.39 6.0 6.32 7.0 7.28 8.0 8.25 18.36 17.46 17.49 16.55 16.64 15.65 15.81 14.76 2.24 2.24 3.16 3.16 34.23 34.06 5.1 5.83 
41.88 40.22 41.34 39.66 11.18 11.0 10.2 10.0 9.22 9.0 8.25 8.0 7.28 7.0 6.32 6.0 5.39 5.0 4.47 4.0 3.61 3.0 2.83 2.0 2.24 1.0 2.0 0.0 2.24 1.0 2.83 2.0 3.61 3.0 4.47 4.0 5.39 5.0 6.32 6.0 7.28 7.0 8.25 8.0 20.12 19.31 19.24 18.38 18.36 17.46 17.49 16.55 3.61 2.24 4.24 3.16 34.53 34.23 5.1 5.1 
41.68 39.96 41.18 39.45 12.0 12.17 11.0 11.18 10.0 10.2 9.0 9.22 8.0 8.25 7.0 7.28 6.0 6.32 5.0 5.39 4.0 4.47 3.0 3.61 2.0 2.83 1.0 2.24 0.0 2.0 1.0 2.24 2.0 2.83 3.0 3.61 4.0 4.47 5.0 5.39 6.0 6.32 7.0 7.28 18.87 17.89 18.03 17.0 17.2 16.12 16.4 15.26 1.41 1.41 2.24 2.24 35.23 35.06 6.08 6.71 
42.72 41.05 42.19 40.5 12.17 12.0 11.18 11.0 10.2 10.0 9.22 9.0 8.25 8.0 7.28 7.0 6.32 6.0 5.39 5.0 4.47 4.0 3.61 3.0 2.83 2.0 2.24 1.0 2.0 0.0 2.24 1.0 2.83 2.0 3.61 3.0 4.47 4.0 5.39 5.0 6.32 6.0 7.28 7.0 20.59 19.7 19.72 18.79 18.87 17.89 18.03 17.0 3.16 1.41 3.61 2.24 35.51 35.23 6.08 6.08 
42.54 40.82 42.06 40.31 13.0 13.15 12.0 12.17 11.0 11.18 10.0 10.2 9.0 9.22 8.0 8.25 7.0 7.28 6.0 6.32 5.0 5.39 4.0 4.47 3.0 3.61 2.0 2.83 1.0 2.24 0.0 2.0 1.0 2.24 2.0 2.83 3.0 3.61 4.0 4.47 5.0 5.39 6.0 6.32 19.42 18.36 18.6 17.49 17.8 16.64 17.03 15.81 1.0 1.0 1.41 1.41 36.22 36.06 7.07 7.62 
43.57 41.88 43.05 41.34 13.15 13.0 12.17 12.0 11.18 11.0 10.2 10.0 9.22 9.0 8.25 8.0 7.28 7.0 6.32 6.0 5.39 5.0 4.47 4.0 3.61 3.0 2.83 2.0 2.24 1.0 2.0 0.0 2.24 1.0 2.83 2.0 3.61 3.0 4.47 4.0 5.39 5.0 6.32 6.0 21.1 20.12 20.25 19.24 19.42 18.36 18.6 17.49 3.0 1.0 3.16 1.41 36.5 36.22 7.07 7.07 
43.42 41.68 42.94 41.18 14.0 14.14 13.0 13.15 12.0 12.17 11.0 11.18 10.0 10.2 9.0 9.22 8.0 8.25 7.0 7.28 6.0 6.32 5.0 5.39 4.0 4.47 3.0 3.61 2.0 2.83 1.0 2.24 0.0 2.0 1.0 2.24 2.0 2.83 3.0 3.61 4.0 4.47 5.0 5.39 20.0 18.87 19.21 18.03 18.44 17.2 17.69 16.4 1.41 1.41 1.0 1.0 37.22 37.05 8.06 8.54 
44.42 42.72 43.91 42.19 14.14 14.0 13.15 13.0 12.17 12.0 11.18 11.0 10.2 10.0 9.22 9.0 8.25 8.0 7.28 7.0 6.32 6.0 5.39 5.0 4.47 4.0 3.61 3.0 2.83 2.0 2.24 1.0 2.0 0.0 2.24 1.0 2.83 2.0 3.61 3.0 4.47 4.0 5.39 5.0 21.63 20.59 20.81 19.72 20.0 18.87 19.21 18.03 3.16 1.41 3.0 1.0 37.48 37.22 8.06 8.06 
44.29 42.54 43.83 42.06 15.0 15.13 14.0 14.14 13.0 13.15 12.0 12.17 11.0 11.18 10.0 10.2 9.0 9.22 8.0 8.25 7.0 7.28 6.0 6.32 5.0 5.39 4.0 4.47 3.0 3.61 2.0 2.83 1.0 2.24 0.0 2.0 1.0 2.24 2.0 2.83 3.0 3.61 4.0 4.47 20.62 19.42 19.85 18.6 19.1 17.8 18.38 17.03 2.24 2.24 1.41 1.41 38.21 38.05 9.06 9.49 
45.28 43.57 44.78 43.05 15.13 15.0 14.14 14.0 13.15 13.0 12.17 12.0 11.18 11.0 10.2 10.0 9.22 9.0 8.25 8.0 7.28 7.0 6.32 6.0 5.39 5.0 4.47 4.0 3.61 3.0 2.83 2.0 2.24 1.0 2.0 0.0 2.24 1.0 2.83 2.0 3.61 3.0 4.47 4.0 22.2 21.1 21.4 20.25 20.62 19.42 19.85 18.6 3.61 2.24 3.16 1.41 38.47 38.21 9.06 9.06 
45.18 43.42 44.72 42.94 16.0 16.12 15.0 15.13 14.0 14.14 13.0 13.15 12.0 12.17 11.0 11.18 10.0 10.2 9.0 9.22 8.0 8.25 7.0 7.28 6.0 6.32 5.0 5.39 4.0 4.47 3.0 3.61 2.0 2.83 1.0 2.24 0.0 2.0 1.0 2.24 2.0 2.83 3.0 3.61 21.26 20.0 20.52 19.21 19.8 18.44 19.1 17.69 3.16 3.16 2.24 2.24 39.2 39.05 10.05 10.44 
46.14 44.42 45.65 43.91 16.12 16.0 15.13 15.0 14.14 14.0 13.15 13.0 12.17 12.0 11.18 11.0 10.2 10.0 9.22 9.0 8.25 8.0 7.28 7.0 6.32 6.0 5.39 5.0 4.47 4.0 3.61 3.0 2.83 2.0 2.24 1.0 2.0 0.0 2.24 1.0 2.83 2.0 3.61 3.0 22.8 21.63 22.02 20.81 21.26 20.0 20.52 19.21 4.24 3.16 3.61 2.24 39.46 39.2 10.05 10.05 
46.07 44.29 45.62 43.83 17.0 17.12 16.0 16.12 15.0 15.13 14.0 14.14 13.0 13.15 12.0 12.17 11.0 11.18 10.0 10.2 9.0 9.22 8.0 8.25 7.0 7.28 6.0 6.32 5.0 5.39 4.0 4.47 3.0 3.61 2.0 2.83 1.0 2.24 0.0 2.0 1.0 2.24 2.0 2.83 21.93 20.62 21.21 19.85 20.52 19.1 19.85 18.38 4.12 4.12 3.16 3.16 40.2 40.05 11.05 11.4 
47.01 45.28 46.53 44.78 17.12 17.0 16.12 16.0 15.13 15.0 14.14 14.0 13.15 13.0 12.17 12.0 11.18 11.0 10.2 10.0 9.22 9.0 8.25 8.0 7.28 7.0 6.32 6.0 5.39 5.0 4.47 4.0 3.61 3.0 2.83 2.0 2.24 1.0 2.0 0.0 2.24 1.0 2.83 2.0 23.43 22.2 22.67 21.4 21.93 20.62 21.21 19.85 5.0 4.12 4.24 3.16 40.45 40.2 11.05 11.05 
46.96 45.18 46.52 44.72 18.0 18.11 17.0 17.12 16.0 16.12 15.0 15.13 14.0 14.14 13.0 13.15 12.0 12.17 11.0 11.18 10.0 10.2 9.0 9.22 8.0 8.25 7.0 7.28 6.0 6.32 5.0 5.39 4.0 4.47 3.0 3.61 2.0 2.83 1.0 2.24 0.0 2.0 1.0 2.24 22.63 21.26 21.93 20.52 21.26 19.8 20.62 19.1 5.1 5.1 4.12 4.12 41.19 41.05 12.04 12.37 
47.89 46.14 47.41 45.65 18.11 18.0 17.12 17.0 16.12 16.0 15.13 15.0 14.14 14.0 13.15 13.0 12.17 12.0 11.18 11.0 10.2 10.0 9.22 9.0 8.25 8.0 7.28 7.0 6.32 6.0 5.39 5.0 4.47 4.0 3.61 3.0 2.83 2.0 2.24 1.0 2.0 0.0 2.24 1.0 24.08 22.8 23.35 22.02 22.63 21.26 21.93 20.52 5.83 5.1 5.0 4.12 41.44 41.19 12.04 12.04 
47.85 46.07 47.42 45.62 19.0 19.1 18.0 18.11 17.0 17.12 16.0 16.12 15.0 15.13 14.0 14.14 13.0 13.15 12.0 12.17 11.0 11.18 10.0 10.2 9.0 9.22 8.0 8.25 7.0 7.28 6.0 6.32 5.0 5.39 4.0 4.47 3.0 3.61 2.0 2.83 1.0 2.24 0.0 2.0 23.35 21.93 22.67 21.21 22.02 20.52 21.4 19.85 6.08 6.08 5.1 5.1 42.19 42.05 13.04 13.34 
48.76 47.01 48.3 46.53 19.1 19.0 18.11 18.0 17.12 17.0 16.12 16.0 15.13 15.0 14.14 14.0 13.15 13.0 12.17 12.0 11.18 11.0 10.2 10.0 9.22 9.0 8.25 8.0 7.28 7.0 6.32 6.0 5.39 5.0 4.47 4.0 3.61 3.0 2.83 2.0 2.24 1.0 2.0 0.0 24.76 23.43 24.04 22.67 23.35 21.93 22.67 21.21 6.71 6.08 5.83 5.1 42.43 42.19 13.04 13.04 
26.48 24.52 26.31 24.33 16.12 18.11 16.03 18.03 16.0 18.0 16.03 18.03 16.12 18.11 16.28 18.25 16.49 18.44 16.76 18.68 17.09 18.97 17.46 19.31 17.89 19.7 18.36 20.12 18.87 20.59 19.42 21.1 20.0 21.63 20.62 22.2 21.26 22.8 21.93 23.43 22.63 24.08 23.35 24.76 0.0 2.0 1.0 2.24 2.0 2.83 3.0 3.61 18.6 20.25 19.21 20.81 27.73 28.65 17.46 19.42 
28.44 26.48 28.28 26.31 16.49 18.44 16.28 18.25 16.12 18.11 16.03 18.03 16.0 18.0 16.03 18.03 16.12 18.11 16.28 18.25 16.49 18.44 16.76 18.68 17.09 18.97 17.46 19.31 17.89 19.7 18.36 20.12 18.87 20.59 19.42 21.1 20.0 21.63 20.62 22.2 21.26 22.8 21.93 23.43 2.0 0.0 2.24 1.0 2.83 2.0 3.61 3.0 17.49 19.24 18.03 19.72 29.55 30.41 17.12 19.1 
26.68 24.74 26.48 24.52 15.13 17.12 15.03 17.03 15.0 17.0 15.03 17.03 15.13 17.12 15.3 17.26 15.52 17.46 15.81 17.72 16.16 18.03 16.55 18.38 17.0 18.79 17.49 19.24 18.03 19.72 18.6 20.25 19.21 20.81 19.85 21.4 20.52 22.02 21.21 22.67 21.93 23.35 22.67 24.04 1.0 2.24 0.0 2.0 1.0 2.24 2.0 2.83 17.8 19.42 18.44 20.0 27.31 28.18 16.49 18.44 
28.64 26.68 28.44 26.48 15.52 17.46 15.3 17.26 15.13 17.12 15.03 17.03 15.0 17.0 15.03 17.03 15.13 17.12 15.3 17.26 15.52 17.46 15.81 17.72 16.16 18.03 16.55 18.38 17.0 18.79 17.49 19.24 18.03 19.72 18.6 20.25 19.21 20.81 19.85 21.4 20.52 22.02 21.21 22.67 2.24 1.0 2.0 0.0 2.24 1.0 2.83 2.0 16.64 18.36 17.2 18.87 29.15 29.97 16.12 18.11 
26.93 25.0 26.68 24.74 14.14 16.12 14.04 16.03 14.0 16.0 14.04 16.03 14.14 16.12 14.32 16.28 14.56 16.49 14.87 16.76 15.23 17.09 15.65 17.46 16.12 17.89 16.64 18.36 17.2 18.87 17.8 19.42 18.44 20.0 19.1 20.62 19.8 21.26 20.52 21.93 21.26 22.63 22.02 23.35 2.0 2.83 1.0 2.24 0.0 2.0 1.0 2.24 17.03 18.6 17.69 19.21 26.93 27.73 15.52 17.46 
28.86 26.93 28.64 26.68 14.56 16.49 14.32 16.28 14.14 16.12 14.04 16.03 14.0 16.0 14.04 16.03 14.14 16.12 14.32 16.28 14.56 16.49 14.87 16.76 15.23 17.09 15.65 17.46 16.12 17.89 16.64 18.36 17.2 18.87 17.8 19.42 18.44 20.0 19.1 20.62 19.8 21.26 20.52 21.93 2.83 2.0 2.24 1.0 2.0 0.0 2.24 1.0 15.81 17.49 16.4 18.03 28.79 29.55 15.13 17.12 
27.2 25.3 26.93 25.0 13.15 15.13 13.04 15.03 13.0 15.0 13.04 15.03 13.15 15.13 13.34 15.3 13.6 15.52 13.93 15.81 14.32 16.16 14.76 16.55 15.26 17.0 15.81 17.49 16.4 18.03 17.03 18.6 17.69 19.21 18.38 19.85 19.1 20.52 19.85 21.21 20.62 21.93 21.4 22.67 3.0 3.61 2.0 2.83 1.0 2.24 0.0 2.0 16.28 17.8 16.97 18.44 26.57 27.31 14.56 16.49 
29.12 27.2 28.86 26.93 13.6 15.52 13.34 15.3 13.15 15.13 13.04 15.03 13.0 15.0 13.04 15.03 13.15 15.13 13.34 15.3 13.6 15.52 13.93 15.81 14.32 16.16 14.76 16.55 15.26 17.0 15.81 17.49 16.4 18.03 17.03 18.6 17.69 19.21 18.38 19.85 19.1 20.52 19.85 21.21 3.61 3.0 2.83 2.0 2.24 1.0 2.0 0.0 15.0 16.64 15.62 17.2 28.46 29.15 14.14 16.12 
42.06 40.31 41.59 39.82 13.04 13.34 12.04 12.37 11.05 11.4 10.05 10.44 9.06 9.49 8.06 8.54 7.07 7.62 6.08 6.71 5.1 5.83 4.12 5.0 3.16 4.24 2.24 3.61 1.41 3.16 1.0 3.0 1.41 3.16 2.24 3.61 3.16 4.24 4.12 5.0 5.1 5.83 6.08 6.71 18.6 17.49 17.8 16.64 17.03 15.81 16.28 15.0 0.0 2.0 1.0 2.24 36.12 36.01 7.28 8.06 
43.05 41.34 42.54 40.82 13.04 13.04 12.04 12.04 11.05 11.05 10.05 10.05 9.06 9.06 8.06 8.06 7.07 7.07 6.08 6.08 5.1 5.1 4.12 4.12 3.16 3.16 2.24 2.24 1.41 1.41 1.0 1.0 1.41 1.41 2.24 2.24 3.16 3.16 4.12 4.12 5.1 5.1 6.08 6.08 20.25 19.24 19.42 18.36 18.6 17.49 17.8 16.64 2.0 0.0 2.24 1.0 36.35 36.12 7.0 7.28 
42.94 41.18 42.49 40.71 14.04 14.32 13.04 13.34 12.04 12.37 11.05 11.4 10.05 10.44 9.06 9.49 8.06 8.54 7.07 7.62 6.08 6.71 5.1 5.83 4.12 5.0 3.16 4.24 2.24 3.61 1.41 3.16 1.0 3.0 1.41 3.16 2.24 3.61 3.16 4.24 4.12 5.0 5.1 5.83 19.21 18.03 18.44 17.2 17.69 16.4 16.97 15.62 1.0 2.24 0.0 2.0 37.12 37.01 8.25 8.94 
43.91 42.19 43.42 41.68 14.04 14.04 13.04 13.04 12.04 12.04 11.05 11.05 10.05 10.05 9.06 9.06 8.06 8.06 7.07 7.07 6.08 6.08 5.1 5.1 4.12 4.12 3.16 3.16 2.24 2.24 1.41 1.41 1.0 1.0 1.41 1.41 2.24 2.24 3.16 3.16 4.12 4.12 5.1 5.1 20.81 19.72 20.0 18.87 19.21 18.03 18.44 17.2 2.24 1.0 2.0 0.0 37.34 37.12 8.0 8.25 
17.03 17.03 16.03 16.03 23.35 23.77 24.33 24.74 25.32 25.71 26.31 26.68 27.29 27.66 28.28 28.64 29.27 29.61 30.27 30.59 31.26 31.58 32.25 32.56 33.24 33.54 34.23 34.53 35.23 35.51 36.22 36.5 37.22 37.48 38.21 38.47 39.2 39.46 40.2 40.45 41.19 41.44 42.19 42.43 27.73 29.55 27.31 29.15 26.93 28.79 26.57 28.46 36.12 36.35 37.12 37.34 0.0 2.0 29.43 29.83 
19.03 19.03 18.03 18.03 23.09 23.35 24.08 24.33 25.08 25.32 26.08 26.31 27.07 27.29 28.07 28.28 29.07 29.27 30.07 30.27 31.06 31.26 32.06 32.25 33.06 33.24 34.06 34.23 35.06 35.23 36.06 36.22 37.05 37.22 38.05 38.21 39.05 39.2 40.05 40.2 41.05 41.19 42.05 42.19 28.65 30.41 28.18 29.97 27.73 29.55 27.31 29.15 36.01 36.12 37.01 37.12 2.0 0.0 29.15 29.43 
37.2 35.61 36.62 35.0 6.08 6.08 5.1 5.1 4.12 4.12 3.16 3.16 2.24 2.24 1.41 1.41 1.0 1.0 1.41 1.41 2.24 2.24 3.16 3.16 4.12 4.12 5.1 5.1 6.08 6.08 7.07 7.07 8.06 8.06 9.06 9.06 10.05 10.05 11.05 11.05 12.04 12.04 13.04 13.04 17.46 17.12 16.49 16.12 15.52 15.13 14.56 14.14 7.28 7.0 8.25 8.0 29.43 29.15 0.0 2.0 
38.42 36.88 37.8 36.24 6.71 6.08 5.83 5.1 5.0 4.12 4.24 3.16 3.61 2.24 3.16 1.41 3.0 1.0 3.16 1.41 3.61 2.24 4.24 3.16 5.0 4.12 5.83 5.1 6.71 6.08 7.62 7.07 8.54 8.06 9.49 9.06 10.44 10.05 11.4 11.05 12.37 12.04 13.34 13.04 19.42 19.1 18.44 18.11 17.46 17.12 16.49 16.12 8.06 7.28 8.94 8.25 29.83 29.43 2.0 0.0 
