40
0.0 2.0 1.0 2.24 2.0 2.83 3.0 3.61 4.0 4.47 5.0 5.39 6.0 6.32 7.0 7.28 8.0 8.25 9.0 9.22 63.13 63.29 62.13 62.29 61.13 61.29 60.13 60.3 59.14 59.3 58.14 58.31 57.14 57.31 56.14 56.32 55.15 55.33 41.77 42.2 
2.0 0.0 2.24 1.0 2.83 2.0 3.61 3.0 4.47 4.0 5.39 5.0 6.32 6.0 7.28 7.0 8.25 8.0 9.22 9.0 63.03 63.13 62.03 62.13 61.03 61.13 60.03 60.13 59.03 59.14 58.03 58.14 57.04 57.14 56.04 56.14 55.04 55.15 41.44 41.77 
1.0 2.24 0.0 2.0 1.0 2.24 2.0 2.83 3.0 3.61 4.0 4.47 5.0 5.39 6.0 6.32 7.0 7.28 8.0 8.25 64.12 64.28 63.13 63.29 62.13 62.29 61.13 61.29 60.13 60.3 59.14 59.3 58.14 58.31 57.14 57.31 56.14 56.32 42.76 43.17 
2.24 1.0 2.0 0.0 2.24 1.0 2.83 2.0 3.61 3.0 4.47 4.0 5.39 5.0 6.32 6.0 7.28 7.0 8.25 8.0 64.03 64.12 63.03 63.13 62.03 62.13 61.03 61.13 60.03 60.13 59.03 59.14 58.03 58.14 57.04 57.14 56.04 56.14 42.43 42.76 
2.0 2.83 1.0 2.24 0.0 2.0 1.0 2.24 2.0 2.83 3.0 3.61 4.0 4.47 5.0 5.39 6.0 6.32 7.0 7.28 65.12 65.28 64.12 64.28 63.13 63.29 62.13 62.29 61.13 61.29 60.13 60.3 59.14 59.3 58.14 58.31 57.14 57.31 43.74 44.15 
2.83 2.0 2.24 1.0 2.0 0.0 2.24 1.0 2.83 2.0 3.61 3.0 4.47 4.0 5.39 5.0 6.32 6.0 7.28 7.0 65.03 65.12 64.03 64.12 63.03 63.13 62.03 62.13 61.03 61.13 60.03 60.13 59.03 59.14 58.03 58.14 57.04 57.14 43.42 43.74 
3.0 3.61 2.0 2.83 1.0 2.24 0.0 2.0 1.0 2.24 2.0 2.83 3.0 3.61 4.0 4.47 5.0 5.39 6.0 6.32 66.12 66.27 65.12 65.28 64.12 64.28 63.13 63.29 62.13 62.29 61.13 61.29 60.13 60.3 59.14 59.3 58.14 58.31 44.72 45.12 
3.61 3.0 2.83 2.0 2.24 1.0 2.0 0.0 2.24 1.0 2.83 2.0 3.61 3.0 4.47 4.0 5.39 5.0 6.32 6.0 66.03 66.12 65.03 65.12 64.03 64.12 63.03 63.13 62.03 62.13 61.03 61.13 60.03 60.13 59.03 59.14 58.03 58.14 44.41 44.72 
4.0 4.47 3.0 3.61 2.0 2.83 1.0 2.24 0.0 2.0 1.0 2.24 2.0 2.83 3.0 3.61 4.0 4.47 5.0 5.39 67.12 67.27 66.12 66.27 65.12 65.28 64.12 64.28 63.13 63.29 62.13 62.29 61.13 61.29 60.13 60.3 59.14 59.3 45.71 46.1 
4.47 4.0 3.61 3.0 2.83 2.0 2.24 1.0 2.0 0.0 2.24 1.0 2.83 2.0 3.61 3.0 4.47 4.0 5.39 5.0 67.03 67.12 66.03 66.12 65.03 65.12 64.03 64.12 63.03 63.13 62.03 62.13 61.03 61.13 60.03 60.13 59.03 59.14 45.4 45.71 
5.0 5.39 4.0 4.47 3.0 3.61 2.0 2.83 1.0 2.24 0.0 2.0 1.0 2.24 2.0 2.83 3.0 3.61 4.0 4.47 68.12 68.26 67.12 67.27 66.12 66.27 65.12 65.28 64.12 64.28 63.13 63.29 62.13 62.29 61.13 61.29 60.13 60.3 46.69 47.07 
5.39 5.0 4.47 4.0 3.61 3.0 2.83 2.0 2.24 1.0 2.0 0.0 2.24 1.0 2.83 2.0 3.61 3.0 4.47 4.0 68.03 68.12 67.03 67.12 66.03 66.12 65.03 65.12 64.03 64.12 63.03 63.13 62.03 62.13 61.03 61.13 60.03 60.13 46.39 46.69 
6.0 6.32 5.0 5.39 4.0 4.47 3.0 3.61 2.0 2.83 1.0 2.24 0.0 2.0 1.0 2.24 2.0 2.83 3.0 3.61 69.12 69.26 68.12 68.26 67.12 67.27 66.12 66.27 65.12 65.28 64.12 64.28 63.13 63.29 62.13 62.29 61.13 61.29 47.68 48.05 
6.32 6.0 5.39 5.0 4.47 4.0 3.61 3.0 2.83 2.0 2.24 1.0 2.0 0.0 2.24 1.0 2.83 2.0 3.61 3.0 69.03 69.12 68.03 68.12 67.03 67.12 66.03 66.12 65.03 65.12 64.03 64.12 63.03 63.13 62.03 62.13 61.03 61.13 47.38 47.68 
7.0 7.28 6.0 6.32 5.0 5.39 4.0 4.47 3.0 3.61 2.0 2.83 1.0 2.24 0.0 2.0 1.0 2.24 2.0 2.83 70.11 70.26 69.12 69.26 68.12 68.26 67.12 67.27 66.12 66.27 65.12 65.28 64.12 64.28 63.13 63.29 62.13 62.29 48.66 49.03 
7.28 7.0 6.32 6.0 5.39 5.0 4.47 4.0 3.61 3.0 2.83 2.0 2.24 1.0 2.0 0.0 2.24 1.0 2.83 2.0 70.03 70.11 69.03 69.12 68.03 68.12 67.03 67.12 66.03 66.12 65.03 65.12 64.03 64.12 63.03 63.13 62.03 62.13 48.37 48.66 
8.0 8.25 7.0 7.28 6.0 6.32 5.0 5.39 4.0 4.47 3.0 3.61 2.0 2.83 1.0 2.24 0.0 2.0 1.0 2.24 71.11 71.25 70.11 70.26 69.12 69.26 68.12 68.26 67.12 67.27 66.12 66.27 65.12 65.28 64.12 64.28 63.13 63.29 49.65 50.01 
8.25 8.0 7.28 7.0 6.32 6.0 5.39 5.0 4.47 4.0 3.61 3.0 2.83 2.0 2.24 1.0 2.0 0.0 2.24 1.0 71.03 71.11 70.03 70.11 69.03 69.12 68.03 68.12 67.03 67.12 66.03 66.12 65.03 65.12 64.03 64.12 63.03 63.13 49.37 49.65 
9.0 9.22 8.0 8.25 7.0 7.28 6.0 6.32 5.0 5.39 4.0 4.47 3.0 3.61 2.0 2.83 1.0 2.24 0.0 2.0 72.11 72.25 71.11 71.25 70.11 70.26 69.12 69.26 68.12 68.26 67.12 67.27 66.12 66.27 65.12 65.28 64.12 64.28 50.64 50.99 
9.22 9.0 8.25 8.0 7.28 7.0 6.32 6.0 5.39 5.0 4.47 4.0 3.61 3.0 2.83 2.0 2.24 1.0 2.0 0.0 72.03 72.11 71.03 71.11 70.03 70.11 69.03 69.12 68.03 68.12 67.03 67.12 66.03 66.12 65.03 65.12 64.03 64.12 50.36 50.64 
63.13 63.03 64.12 64.03 65.12 65.03 66.12 66.03 67.12 67.03 68.12 68.03 69.12 69.03 70.11 70.03 71.11 71.03 72.11 72.03 0.0 2.0 1.0 2.24 2.0 2.83 3.0 3.61 4.0 4.47 5.0 5.39 6.0 6.32 7.0 7.28 8.0 8.25 22.36 22.8 
63.29 63.13 64.28 64.12 65.28 65.12 66.27 66.12 67.27 67.12 68.26 68.12 69.26 69.12 70.26 70.11 71.25 71.11 72.25 72.11 2.0 0.0 2.24 1.0 2.83 2.0 3.61 3.0 4.47 4.0 5.39 5.0 6.32 6.0 7.28 7.0 8.25 8.0 22.09 22.36 
62.13 62.03 63.13 63.03 64.12 64.03 65.12 65.03 66.12 66.03 67.12 67.03 68.12 68.03 69.12 69.03 70.11 70.03 71.11 71.03 1.0 2.24 0.0 2.0 1.0 2.24 2.0 2.83 3.0 3.61 4.0 4.47 5.0 5.39 6.0 6.32 7.0 7.28 21.38 21.84 
62.29 62.13 63.29 63.13 64.28 64.12 65.28 65.12 66.27 66.12 67.27 67.12 68.26 68.12 69.26 69.12 70.26 70.11 71.25 71.11 2.24 1.0 2.0 0.0 2.24 1.0 2.83 2.0 3.61 3.0 4.47 4.0 5.39 5.0 6.32 6.0 7.28 7.0 21.1 21.38 
61.13 61.03 62.13 62.03 63.13 63.03 64.12 64.03 65.12 65.03 66.12 66.03 67.12 67.03 68.12 68.03 69.12 69.03 70.11 70.03 2.0 2.83 1.0 2.24 0.0 2.0 1.0 2.24 2.0 2.83 3.0 3.61 4.0 4.47 5.0 5.39 6.0 6.32 20.4 20.88 
61.29 61.13 62.29 62.13 63.29 63.13 64.28 64.12 65.28 65.12 66.27 66.12 67.27 67.12 68.26 68.12 69.26 69.12 70.26 70.11 2.83 2.0 2.24 1.0 2.0 0.0 2.24 1.0 2.83 2.0 3.61 3.0 4.47 4.0 5.39 5.0 6.32 6.0 20.1 20.4 
60.13 60.03 61.13 61.03 62.13 62.03 63.13 63.03 64.12 64.03 65.12 65.03 66.12 66.03 67.12 67.03 68.12 68.03 69.12 69.03 3.0 3.61 2.0 2.83 1.0 2.24 0.0 2.0 1.0 2.24 2.0 2.83 3.0 3.61 4.0 4.47 5.0 5.39 19.42 19.92 
60.3 60.13 61.29 61.13 62.29 62.13 63.29 63.13 64.28 64.12 65.28 65.12 66.27 66.12 67.27 67.12 68.26 68.12 69.26 69.12 3.61 3.0 2.83 2.0 2.24 1.0 2.0 0.0 2.24 1.0 2.83 2.0 3.61 3.0 4.47 4.0 5.39 5.0 19.1 19.42 
59.14 59.03 60.13 60.03 61.13 61.03 62.13 62.03 63.13 63.03 64.12 64.03 65.12 65.03 66.12 66.03 67.12 67.03 68.12 68.03 4.0 4.47 3.0 3.61 2.0 2.83 1.0 2.24 0.0 2.0 1.0 2.24 2.0 2.83 3.0 3.61 4.0 4.47 18.44 18.97 
59.3 59.14 60.3 60.13 61.29 61.13 62.29 62.13 63.29 63.13 64.28 64.12 65.28 65.12 66.27 66.12 67.27 67.12 68.26 68.12 4.47 4.0 3.61 3.0 2.83 2.0 2.24 1.0 2.0 0.0 2.24 1.0 2.83 2.0 3.61 3.0 4.47 4.0 18.11 18.44 
58.14 58.03 59.14 59.03 60.13 60.03 61.13 61.03 62.13 62.03 63.13 63.03 64.12 64.03 65.12 65.03 66.12 66.03 67.12 67.03 5.0 5.39 4.0 4.47 3.0 3.61 2.0 2.83 1.0 2.24 0.0 2.0 1.0 2.24 2.0 2.83 3.0 3.61 17.46 18.03 
58.31 58.14 59.3 59.14 60.3 60.13 61.29 61.13 62.29 62.13 63.29 63.13 64.28 64.12 65.28 65.12 66.27 66.12 67.27 67.12 5.39 5.0 4.47 4.0 3.61 3.0 2.83 2.0 2.24 1.0 2.0 0.0 2.24 1.0 2.83 2.0 3.61 3.0 17.12 17.46 
57.14 57.04 58.14 58.03 59.14 59.03 60.13 60.03 61.13 61.03 62.13 62.03 63.13 63.03 64.12 64.03 65.12 65.03 66.12 66.03 6.0 6.32 5.0 5.39 4.0 4.47 3.0 3.61 2.0 2.83 1.0 2.24 0.0 2.0 1.0 2.24 2.0 2.83 16.49 17.09 
57.31 57.14 58.31 58.14 59.3 59.14 60.3 60.13 61.29 61.13 62.29 62.13 63.29 63.13 64.28 64.12 65.28 65.12 66.27 66.12 6.32 6.0 5.39 5.0 4.47 4.0 3.61 3.0 2.83 2.0 2.24 1.0 2.0 0.0 2.24 1.0 2.83 2.0 16.12 16.49 
56.14 56.04 57.14 57.04 58.14 58.03 59.14 59.03 60.13 60.03 61.13 61.03 62.13 62.03 63.13 63.03 64.12 64.03 65.12 65.03 7.0 7.28 6.0 6.32 5.0 5.39 4.0 4.47 3.0 3.61 2.0 2.83 1.0 2.24 0.0 2.0 1.0 2.24 15.52 16.16 
56.32 56.14 57.31 57.14 58.31 58.14 59.3 59.14 60.3 60.13 61.29 61.13 62.29 62.13 63.29 63.13 64.28 64.12 65.28 65.12 7.28 7.0 6.32 6.0 5.39 5.0 4.47 4.0 3.61 3.0 2.83 2.0 2.24 1.0 2.0 0.0 2.24 1.0 15.13 15.52 
55.15 55.04 56.14 56.04 57.14 57.04 58.14 58.03 59.14 59.03 60.13 60.03 61.13 61.03 62.13 62.03 63.13 63.03 64.12 64.03 8.0 8.25 7.0 7.28 6.0 6.32 5.0 5.39 4.0 4.47 3.0 3.61 2.0 2.83 1.0 2.24 0.0 2.0 14.56 15.23 
55.33 55.15 56.32 56.14 57.31 57.14 58.31 58.14 59.3 59.14 60.3 60.13 61.29 61.13 62.29 62.13 63.29 63.13 64.28 64.12 8.25 8.0 7.28 7.0 6.32 6.0 5.39 5.0 4.47 4.0 3.61 3.0 2.83 2.0 2.24 1.0 2.0 0.0 14.14 14.56 
41.77 41.44 42.76 42.43 43.74 43.42 44.72 44.41 45.71 45.4 46.69 46.39 47.68 47.38 48.66 48.37 49.65 49.37 50.64 50.36 22.36 22.09 21.38 21.1 20.4 20.1 19.42 19.1 18.44 18.11 17.46 17.12 16.49 16.12 15.52 15.13 14.56 14.14 0.0 2.0 
42.2 41.77 43.17 42.76 44.15 43.74 45.12 44.72 46.1 45.71 47.07 46.69 48.05 47.68 49.03 48.66 50.01 49.65 50.99 50.64 22.8 22.36 21.84 21.38 20.88 20.4 19.92 19.42 18.97 18.44 18.03 17.46 17.09 16.49 16.16 15.52 15.23 14.56 2.0 0.0 
