30
0.0 2.0 1.0 2.24 2.0 2.83 3.0 3.61 14.14 15.62 10.2 12.17 10.44 12.37 50.09 52.09 44.18 46.17 32.14 34.13 29.83 31.78 25.18 25.5 28.23 29.07 14.87 16.4 8.6 9.9 
2.0 0.0 2.24 1.0 2.83 2.0 3.61 3.0 12.81 14.14 10.0 12.0 10.05 12.04 50.01 52.01 44.05 46.04 32.02 34.01 29.43 31.4 25.02 25.18 27.51 28.23 13.6 15.26 7.62 8.6 
1.0 2.24 0.0 2.0 1.0 2.24 2.0 2.83 13.45 15.0 9.22 11.18 9.49 11.4 49.09 51.09 43.19 45.18 31.14 33.14 28.86 30.81 24.19 24.52 27.31 28.18 14.14 15.62 7.81 9.22 
2.24 1.0 2.0 0.0 2.24 1.0 2.83 2.0 12.04 13.45 9.0 11.0 9.06 11.05 49.01 51.01 43.05 45.04 31.02 33.02 28.44 30.41 24.02 24.19 26.57 27.31 12.81 14.42 6.71 7.81 
2.0 2.83 1.0 2.24 0.0 2.0 1.0 2.24 12.81 14.42 8.25 10.2 8.54 10.44 48.09 50.09 42.19 44.18 30.15 32.14 27.89 29.83 23.19 23.54 26.4 27.29 13.45 14.87 7.07 8.6 
2.83 2.0 2.24 1.0 2.0 0.0 2.24 1.0 11.31 12.81 8.0 10.0 8.06 10.05 48.01 50.01 42.05 44.05 30.02 32.02 27.46 29.43 23.02 23.19 25.63 26.4 12.04 13.6 5.83 7.07 
3.0 3.61 2.0 2.83 1.0 2.24 0.0 2.0 12.21 13.89 7.28 9.22 7.62 9.49 47.1 49.09 41.19 43.19 29.15 31.14 26.93 28.86 22.2 22.56 25.5 26.42 12.81 14.14 6.4 8.06 
3.61 3.0 2.83 2.0 2.24 1.0 2.0 0.0 10.63 12.21 7.0 9.0 7.07 9.06 47.01 49.01 41.05 43.05 29.02 31.02 26.48 28.44 22.02 22.2 24.7 25.5 11.31 12.81 5.0 6.4 
14.14 12.81 13.45 12.04 12.81 11.31 12.21 10.63 0.0 2.0 8.0 8.25 7.0 7.28 40.61 42.58 34.53 36.5 23.09 25.0 19.24 21.21 16.55 15.81 16.03 16.28 1.0 3.0 5.83 4.24 
15.62 14.14 15.0 13.45 14.42 12.81 13.89 12.21 2.0 0.0 10.0 10.2 9.0 9.22 41.0 42.95 34.93 36.88 23.77 25.63 19.65 21.59 17.49 16.55 16.03 16.03 2.24 3.61 7.62 5.83 
10.2 10.0 9.22 9.0 8.25 8.0 7.28 7.0 8.0 10.0 0.0 2.0 1.0 2.24 40.01 42.01 34.06 36.06 22.02 24.02 19.65 21.59 15.03 15.3 18.36 19.42 8.06 8.54 4.24 5.83 
12.17 12.0 11.18 11.0 10.2 10.0 9.22 9.0 8.25 10.2 2.0 0.0 2.24 1.0 38.01 40.01 32.06 34.06 20.02 22.02 17.72 19.65 13.04 13.34 16.64 17.8 8.06 8.06 5.83 7.07 
10.44 10.05 9.49 9.06 8.54 8.06 7.62 7.07 7.0 9.0 1.0 2.24 0.0 2.0 40.0 42.0 34.01 36.01 22.0 24.0 19.42 21.38 15.0 15.13 17.89 18.87 7.07 7.62 3.61 5.0 
12.37 12.04 11.4 11.05 10.44 10.05 9.49 9.06 7.28 9.22 2.24 1.0 2.0 0.0 38.0 40.0 32.02 34.01 20.0 22.0 17.46 19.42 13.0 13.15 16.12 17.2 7.07 7.07 5.39 6.4 
50.09 50.01 49.09 49.01 48.09 48.01 47.1 47.01 40.61 41.0 40.01 38.01 40.0 38.0 0.0 2.0 6.08 4.12 18.0 16.0 21.38 19.42 25.0 25.08 25.3 26.0 39.62 37.66 43.05 43.19 
52.09 52.01 51.09 51.01 50.09 50.01 49.09 49.01 42.58 42.95 42.01 40.01 42.0 40.0 2.0 0.0 8.06 6.08 20.0 18.0 23.35 21.38 27.0 27.07 27.2 27.86 41.59 39.62 45.04 45.18 
44.18 44.05 43.19 43.05 42.19 42.05 41.19 41.05 34.53 34.93 34.06 32.06 34.01 32.02 6.08 8.06 0.0 2.0 12.04 10.05 15.3 13.34 19.03 19.03 19.31 20.12 33.54 31.58 37.01 37.12 
46.17 46.04 45.18 45.04 44.18 44.05 43.19 43.05 36.5 36.88 36.06 34.06 36.01 34.01 4.12 6.08 2.0 0.0 14.04 12.04 17.26 15.3 21.02 21.02 21.19 21.93 35.51 33.54 39.01 39.12 
32.14 32.02 31.14 31.02 30.15 30.02 29.15 29.02 23.09 23.77 22.02 20.02 22.0 20.0 18.0 20.0 12.04 14.04 0.0 2.0 5.0 4.12 7.0 7.28 10.0 11.66 22.14 20.25 25.08 25.32 
34.13 34.01 33.14 33.02 32.14 32.02 31.14 31.02 25.0 25.63 24.02 22.02 24.0 22.0 16.0 18.0 10.05 12.04 2.0 0.0 6.4 5.0 9.0 9.22 11.31 12.81 24.04 22.14 27.07 27.29 
29.83 29.43 28.86 28.44 27.89 27.46 26.93 26.48 19.24 19.65 19.65 17.72 19.42 17.46 21.38 23.35 15.3 17.26 5.0 6.4 0.0 2.0 5.66 4.47 5.0 6.71 18.25 16.28 22.09 22.0 
31.78 31.4 30.81 30.41 29.83 29.43 28.86 28.44 21.21 21.59 21.59 19.65 21.38 19.42 19.42 21.38 13.34 15.3 4.12 5.0 2.0 0.0 7.21 6.32 6.4 7.81 20.22 18.25 24.08 24.0 
25.18 25.02 24.19 24.02 23.19 23.02 22.2 22.02 16.55 17.49 15.03 13.04 15.0 13.0 25.0 27.0 19.03 21.02 7.0 9.0 5.66 7.21 0.0 2.0 8.06 10.05 15.65 13.89 18.11 18.44 
25.5 25.18 24.52 24.19 23.54 23.19 22.56 22.2 15.81 16.55 15.3 13.34 15.13 13.15 25.08 27.07 19.03 21.02 7.28 9.22 4.47 6.32 2.0 0.0 6.08 8.06 14.87 13.0 18.0 18.11 
28.23 27.51 27.31 26.57 26.4 25.63 25.5 24.7 16.03 16.03 18.36 16.64 17.89 16.12 25.3 27.2 19.31 21.19 10.0 11.31 5.0 6.4 8.06 6.08 0.0 2.0 15.03 13.04 19.92 19.42 
29.07 28.23 28.18 27.31 27.29 26.4 26.42 25.5 16.28 16.03 19.42 17.8 18.87 17.2 26.0 27.86 20.12 21.93 11.66 12.81 6.71 7.81 10.05 8.06 2.0 0.0 15.3 13.34 20.62 19.92 
14.87 13.6 14.14 12.81 13.45 12.04 12.81 11.31 1.0 2.24 8.06 8.06 7.07 7.07 39.62 41.59 33.54 35.51 22.14 24.04 18.25 20.22 15.65 14.87 15.03 15.3 0.0 2.0 6.4 5.0 
16.4 15.26 15.62 14.42 14.87 13.6 14.14 12.81 3.0 3.61 8.54 8.06 7.62 7.07 37.66 39.62 31.58 33.54 20.25 22.14 16.28 18.25 13.89 13.0 13.04 13.34 2.0 0.0 7.81 6.71 
8.6 7.62 7.81 6.71 7.07 5.83 6.4 5.0 5.83 7.62 4.24 5.83 3.61 5.39 43.05 45.04 37.01 39.01 25.08 27.07 22.09 24.08 18.11 18.0 19.92 20.62 6.4 7.81 0.0 2.0 
9.9 8.6 9.22 7.81 8.6 7.07 8.06 6.4 4.24 5.83 5.83 7.07 5.0 6.4 43.19 45.18 37.12 39.12 25.32 27.29 22.0 24.0 18.44 18.11 19.42 19.92 5.0 6.71 2.0 0.0 
