70
0.0 2.0 1.0 2.24 54.01 54.01 68.88 68.03 60.0 60.03 16.16 17.0 83.1 83.02 56.04 55.54 56.73 55.44 8.06 8.06 28.16 27.66 100.44 98.49 74.55 72.56 82.61 82.39 23.02 23.19 91.09 90.52 6.32 6.0 48.27 47.01 79.25 77.9 44.05 42.52 47.68 45.71 80.5 80.31 57.56 57.31 104.69 103.87 58.8 57.49 49.2 47.63 44.38 42.45 36.88 35.61 86.59 84.65 59.21 57.22 73.93 72.2 39.82 38.08 67.68 66.57 106.17 105.19 33.94 32.56 
2.0 0.0 2.24 1.0 54.08 54.01 70.68 69.86 62.0 62.03 18.03 18.79 85.09 85.02 56.61 56.04 58.26 57.01 10.05 10.05 28.79 28.16 102.39 100.44 76.53 74.55 84.59 84.38 23.02 23.02 93.01 92.44 7.21 6.32 49.82 48.6 80.72 79.4 45.34 43.86 49.65 47.68 82.49 82.3 59.54 59.3 106.51 105.7 60.31 59.03 50.45 48.92 46.32 44.38 38.21 36.88 88.53 86.59 59.41 57.43 74.95 73.25 41.59 39.82 69.34 68.26 107.91 106.94 35.38 33.94 
1.0 2.24 0.0 2.0 55.01 55.01 69.32 68.45 60.01 60.01 15.81 16.55 83.15 83.05 57.01 56.52 57.38 56.08 8.25 8.0 29.12 28.64 100.66 98.72 74.43 72.44 82.73 82.49 24.02 24.19 91.39 90.8 5.39 5.0 48.92 47.63 79.93 78.57 44.82 43.28 47.52 45.54 80.62 80.4 57.71 57.43 105.12 104.28 59.46 58.14 50.0 48.41 44.15 42.2 37.64 36.4 86.83 84.9 60.21 58.22 74.79 73.06 40.31 38.59 68.24 67.12 106.68 105.68 34.66 33.3 
2.24 1.0 2.0 0.0 55.08 55.01 71.11 70.26 62.01 62.01 17.72 18.38 85.15 85.05 57.57 57.01 58.9 57.63 10.2 10.0 29.73 29.12 102.61 100.66 76.42 74.43 84.72 84.48 24.02 24.02 93.3 92.72 6.4 5.39 50.45 49.2 81.39 80.06 46.1 44.6 49.5 47.52 82.61 82.39 59.68 59.41 106.93 106.1 60.96 59.67 51.22 49.68 46.1 44.15 38.95 37.64 88.77 86.83 60.41 58.42 75.8 74.09 42.06 40.31 69.89 68.8 108.41 107.42 36.07 34.66 
54.01 54.08 55.01 55.08 0.0 2.0 65.55 66.31 79.98 81.34 61.61 63.56 96.04 97.1 14.0 12.0 45.31 46.1 53.46 55.44 27.89 27.46 102.14 100.24 96.43 94.92 92.18 93.15 31.06 31.26 90.14 90.76 60.01 60.01 42.72 43.83 57.0 57.04 33.6 34.83 77.2 76.03 90.92 91.92 72.47 73.76 94.53 94.76 45.54 46.24 32.65 33.62 77.39 76.32 34.71 33.42 89.32 87.46 6.4 5.0 37.36 36.88 48.8 47.42 57.28 57.87 91.01 91.05 37.8 36.62 
54.01 54.01 55.01 55.01 2.0 0.0 67.42 68.15 81.47 82.81 62.1 64.03 97.75 98.79 16.0 14.0 47.17 47.93 53.76 55.73 28.46 27.89 104.04 102.14 97.95 96.43 93.94 94.89 31.0 31.06 92.05 92.66 60.07 60.01 44.42 45.49 59.0 59.03 35.23 36.4 78.41 77.2 92.66 93.65 74.03 75.29 96.52 96.75 47.43 48.1 34.44 35.36 78.49 77.39 36.07 34.71 91.18 89.32 7.81 6.71 39.29 38.83 50.21 48.8 59.2 59.77 93.01 93.05 39.05 37.8 
68.88 70.68 69.32 71.11 65.55 67.42 0.0 2.0 30.07 32.06 59.2 60.44 33.42 35.0 52.77 54.56 20.25 19.65 61.29 62.27 54.08 56.08 36.88 34.93 40.8 40.26 28.28 29.73 63.39 65.38 25.18 25.5 69.97 71.69 25.02 25.02 24.33 22.36 34.23 34.06 40.85 41.63 27.66 29.21 22.56 24.52 35.85 35.11 20.12 19.31 33.24 32.76 45.19 46.07 38.05 40.05 23.77 21.93 63.95 63.07 42.2 40.61 29.15 31.02 10.0 8.49 37.8 36.62 38.47 40.45 
68.03 69.86 68.45 70.26 66.31 68.15 2.0 0.0 28.07 30.07 58.01 59.2 31.89 33.42 53.71 55.47 21.02 20.25 60.37 61.29 54.01 56.01 36.5 34.53 38.9 38.33 26.91 28.28 63.2 65.19 25.02 25.18 68.96 70.71 25.18 25.02 26.31 24.33 34.53 34.23 39.0 39.81 26.17 27.66 20.62 22.56 36.67 35.85 21.1 20.12 33.84 33.24 43.38 44.29 38.0 40.0 23.09 21.19 64.88 63.95 43.83 42.2 28.46 30.36 11.66 10.0 39.05 37.8 38.21 40.2 
60.0 62.0 60.01 62.01 79.98 81.47 30.07 28.07 0.0 2.0 45.4 45.71 23.35 23.09 70.29 71.59 40.72 38.91 52.01 52.01 58.59 60.37 43.91 42.19 16.64 15.0 24.17 23.41 65.19 67.07 38.18 36.8 58.31 60.3 38.6 37.01 54.04 52.04 46.69 45.25 15.26 17.0 21.93 21.19 8.54 6.71 56.22 54.67 42.15 40.31 49.2 47.63 20.25 21.95 45.61 47.2 31.89 30.41 80.66 79.21 68.01 66.13 31.4 33.02 38.21 36.22 61.91 60.21 43.27 44.94 
60.03 62.03 60.01 62.01 81.34 82.81 32.06 30.07 2.0 0.0 45.18 45.4 23.77 23.35 71.84 73.11 42.54 40.72 52.09 52.01 59.54 61.29 44.94 43.27 15.65 13.89 25.06 24.17 65.92 67.78 39.62 38.18 58.14 60.13 40.22 38.6 56.04 54.04 48.17 46.69 14.32 16.16 22.83 21.93 10.44 8.54 57.8 56.22 44.01 42.15 50.8 49.2 19.24 21.02 46.86 48.41 33.24 31.83 82.13 80.66 69.89 68.01 32.65 34.21 40.2 38.21 63.63 61.91 44.41 46.04 
16.16 18.03 15.81 17.72 61.61 62.1 59.2 58.01 45.4 45.18 0.0 2.0 68.73 68.47 60.0 60.03 51.31 49.65 9.9 8.6 33.73 34.21 87.6 85.7 59.08 57.08 68.88 68.45 33.12 34.13 79.2 78.39 13.0 15.0 43.05 41.34 73.82 72.2 42.06 40.16 32.06 30.07 66.71 66.29 44.27 43.68 94.34 93.3 53.54 51.87 47.43 45.54 28.44 26.48 35.17 34.71 74.09 72.24 65.76 63.79 73.38 71.47 32.02 30.81 60.14 58.69 97.01 95.8 31.32 30.81 
17.0 18.79 16.55 18.38 63.56 64.03 60.44 59.2 45.71 45.4 2.0 0.0 69.05 68.73 62.0 62.03 53.0 51.31 11.4 9.9 35.69 36.14 88.26 86.38 59.01 57.01 69.38 68.88 34.89 35.85 80.06 79.2 13.15 15.13 44.78 43.05 75.45 73.82 43.97 42.06 32.0 30.0 67.19 66.71 44.94 44.27 95.41 94.34 55.23 53.54 49.34 47.43 28.16 26.17 37.11 36.67 74.85 73.01 67.74 65.76 75.29 73.38 33.6 32.45 61.62 60.14 98.23 97.01 33.24 32.76 
83.1 85.09 83.15 85.15 96.04 97.75 33.42 31.89 23.35 23.77 68.73 69.05 0.0 2.0 84.4 86.02 51.86 50.61 75.06 75.17 78.45 80.36 23.43 22.2 15.81 17.03 6.08 4.12 86.12 88.07 23.35 21.38 81.61 83.6 53.34 52.35 55.9 54.12 62.65 61.72 37.95 39.85 5.83 4.24 26.31 26.08 41.76 39.85 52.4 51.09 63.51 62.43 42.72 44.6 63.69 65.55 17.03 17.03 95.44 94.3 75.6 74.03 50.29 52.2 43.42 41.87 49.82 47.85 62.3 64.2 
83.02 85.02 83.05 85.05 97.1 98.79 35.0 33.42 23.09 23.35 68.47 68.73 2.0 0.0 85.6 87.2 53.15 51.86 75.01 75.06 79.06 80.96 25.0 23.85 14.21 15.56 8.06 6.08 86.59 88.53 25.32 23.35 81.39 83.38 54.38 53.34 57.7 55.9 63.63 62.65 37.36 39.29 7.62 5.83 26.68 26.31 43.68 41.76 53.76 52.4 64.64 63.51 42.06 43.97 64.47 66.31 19.03 19.03 96.61 95.44 77.2 75.6 50.92 52.81 45.0 43.42 51.79 49.82 62.97 64.85 
56.04 56.61 57.01 57.57 14.0 16.0 52.77 53.71 70.29 71.84 60.0 62.0 84.4 85.6 0.0 2.0 32.76 33.84 53.46 55.44 27.89 28.46 88.96 87.09 86.31 84.96 80.16 81.27 34.89 35.85 76.9 77.62 61.39 61.85 31.83 33.3 43.0 43.05 23.85 25.55 69.77 68.88 79.06 80.21 62.29 63.78 80.62 80.89 32.65 33.62 21.21 22.67 70.77 70.01 27.51 26.93 76.49 74.69 11.18 10.44 24.17 23.41 40.31 39.36 44.01 44.78 77.01 77.06 31.32 30.81 
55.54 56.04 56.52 57.01 12.0 14.0 54.56 55.47 71.59 73.11 60.03 62.03 86.02 87.2 2.0 0.0 34.48 35.51 53.24 55.23 27.46 27.89 90.82 88.96 87.69 86.31 81.84 82.93 34.01 34.89 78.77 79.48 61.0 61.39 33.24 34.66 45.0 45.04 25.0 26.63 70.71 69.77 80.71 81.84 63.66 65.12 82.61 82.87 34.44 35.36 22.67 24.04 71.59 70.77 28.23 27.51 78.29 76.49 9.43 8.54 26.0 25.3 41.34 40.31 45.88 46.62 79.01 79.06 31.95 31.32 
56.73 58.26 57.38 58.9 45.31 47.17 20.25 21.02 40.72 42.54 51.31 53.0 51.86 53.15 32.76 34.48 0.0 2.0 50.21 51.66 36.4 38.33 57.01 55.08 55.47 54.38 47.43 48.6 46.17 48.08 45.12 45.61 59.41 60.81 8.49 10.0 22.67 21.21 15.3 15.81 45.18 45.04 46.4 47.63 32.2 34.01 52.47 52.24 2.24 1.0 13.15 13.0 48.0 48.04 21.02 22.85 44.01 42.15 43.91 42.94 27.66 25.71 19.7 20.59 13.04 13.04 51.55 50.96 23.02 24.7 
55.44 57.01 56.08 57.63 46.1 47.93 19.65 20.25 38.91 40.72 49.65 51.31 50.61 51.86 33.84 35.51 2.0 0.0 48.8 50.21 35.9 37.85 56.52 54.57 53.82 52.7 46.32 47.43 45.61 47.54 44.72 45.12 57.98 59.41 7.21 8.49 24.21 22.67 15.03 15.3 43.19 43.05 45.22 46.4 30.41 32.2 52.77 52.47 4.12 2.24 13.6 13.15 46.0 46.04 20.25 22.14 43.32 41.44 44.94 43.91 29.61 27.66 17.89 18.87 13.34 13.04 52.2 51.55 21.95 23.71 
8.06 10.05 8.25 10.2 53.46 53.76 61.29 60.37 52.01 52.09 9.9 11.4 75.06 75.01 53.46 53.24 50.21 48.8 0.0 2.0 26.0 26.08 92.42 90.47 66.75 64.78 74.55 74.33 23.77 24.6 83.17 82.57 9.22 10.63 41.73 40.31 72.86 71.42 38.59 36.89 40.02 38.08 72.44 72.25 49.5 49.25 97.05 96.18 52.35 50.91 43.91 42.19 37.0 35.11 31.38 30.41 78.59 76.66 58.08 56.08 69.35 67.54 32.45 30.81 60.61 59.41 98.79 97.75 28.02 26.93 
8.06 10.05 8.0 10.0 55.44 55.73 62.27 61.29 52.01 52.01 8.6 9.9 75.17 75.06 55.44 55.23 51.66 50.21 2.0 0.0 28.0 28.07 92.89 90.96 66.48 64.5 74.81 74.55 25.63 26.4 83.82 83.17 7.81 9.43 43.19 41.73 74.33 72.86 40.31 38.59 39.62 37.66 72.69 72.44 49.82 49.5 97.95 97.05 53.81 52.35 45.65 43.91 36.4 34.48 33.12 32.2 79.12 77.2 60.07 58.08 71.18 69.35 33.6 32.02 61.85 60.61 99.86 98.79 29.68 28.65 
28.16 28.79 29.12 29.73 27.89 28.46 54.08 54.01 58.59 59.54 33.73 35.69 78.45 79.06 27.89 27.46 36.4 35.9 26.0 28.0 0.0 2.0 90.14 88.14 75.18 73.43 75.93 76.4 9.85 11.7 79.0 79.03 33.54 33.96 29.27 29.07 56.82 55.9 21.19 20.62 52.4 50.93 74.22 74.73 52.55 53.31 88.65 88.28 37.95 37.36 25.06 24.17 51.66 50.33 16.03 14.04 76.24 74.24 32.14 30.15 47.01 45.45 28.16 26.25 49.24 48.84 87.93 87.36 16.28 14.32 
27.66 28.16 28.64 29.12 27.46 27.89 56.08 56.01 60.37 61.29 34.21 36.14 80.36 80.96 28.46 27.89 38.33 37.85 26.08 28.07 2.0 0.0 92.14 90.14 76.94 75.18 77.88 78.34 8.06 9.85 81.0 81.02 33.24 33.54 31.26 31.06 58.59 57.7 23.09 22.56 53.91 52.4 76.16 76.66 54.42 55.15 90.61 90.26 39.85 39.29 26.83 26.0 53.04 51.66 18.03 16.03 78.23 76.24 32.02 30.02 48.27 46.75 30.08 28.16 51.2 50.8 89.84 89.29 18.25 16.28 
100.44 102.39 100.66 102.61 102.14 104.04 36.88 36.5 43.91 44.94 87.6 88.26 23.43 25.0 88.96 90.82 57.01 56.52 92.42 92.89 90.14 92.14 0.0 2.0 39.2 40.46 20.0 21.26 99.01 101.0 12.08 11.4 100.0 101.92 61.66 61.4 51.22 50.0 71.02 70.71 59.17 60.9 22.2 23.43 43.32 44.01 22.2 20.22 56.61 56.04 70.09 69.63 64.14 65.86 74.24 76.24 14.04 16.03 100.09 99.37 74.06 72.95 63.07 65.07 44.94 44.27 31.58 29.61 74.03 76.03 
98.49 100.44 98.72 100.66 100.24 102.14 34.93 34.53 42.19 43.27 85.7 86.38 22.2 23.85 87.09 88.96 55.08 54.57 90.47 90.96 88.14 90.14 2.0 0.0 38.01 39.2 18.44 19.8 97.01 99.01 10.3 9.49 98.08 100.0 59.68 59.41 49.68 48.41 69.05 68.73 57.45 59.17 20.62 21.93 41.44 42.15 22.02 20.02 54.71 54.12 68.15 67.68 62.43 64.14 72.25 74.24 12.04 14.04 98.23 97.5 72.42 71.28 61.07 63.07 43.08 42.38 31.26 29.27 72.03 74.03 
74.55 76.53 74.43 76.42 96.43 97.95 40.8 38.9 16.64 15.65 59.08 59.01 15.81 14.21 86.31 87.69 55.47 53.82 66.75 66.48 75.18 76.94 39.2 38.01 0.0 2.0 20.62 18.79 81.54 83.38 38.28 36.4 72.06 74.06 54.49 53.04 65.0 63.06 62.97 61.62 27.02 29.02 18.97 17.09 24.04 22.67 57.01 55.15 56.6 54.92 65.12 63.66 31.06 33.06 62.2 63.82 31.62 31.05 96.88 95.48 81.84 80.06 48.01 49.65 50.33 48.47 64.56 62.64 59.91 61.59 
72.56 74.55 72.44 74.43 94.92 96.43 40.26 38.33 15.0 13.89 57.08 57.01 17.03 15.56 84.96 86.31 54.38 52.7 64.78 64.5 73.43 75.18 40.46 39.2 2.0 0.0 21.47 19.72 79.71 81.54 39.0 37.16 70.06 72.06 53.15 51.66 64.54 62.59 61.52 60.14 25.02 27.02 19.7 17.89 22.67 21.21 57.78 55.95 55.57 53.85 63.78 62.29 29.07 31.06 60.61 62.2 32.31 31.62 95.46 94.05 80.96 79.16 46.4 48.01 49.65 47.76 65.15 63.25 58.25 59.91 
82.61 84.59 82.73 84.72 92.18 93.94 28.28 26.91 24.17 25.06 68.88 69.38 6.08 8.06 80.16 81.84 47.43 46.32 74.55 74.81 75.93 77.88 20.0 18.44 20.62 21.47 0.0 2.0 84.01 85.99 17.72 15.81 81.58 83.55 49.66 48.85 50.12 48.37 59.09 58.31 39.36 41.15 2.24 3.61 25.08 25.32 36.4 34.54 47.8 46.62 59.54 58.59 44.29 46.07 60.73 62.64 11.18 11.0 91.27 90.21 70.29 68.77 47.85 49.82 38.21 36.77 44.15 42.2 59.67 61.61 
82.39 84.38 82.49 84.48 93.15 94.89 29.73 28.28 23.41 24.17 68.45 68.88 4.12 6.08 81.27 82.93 48.6 47.43 74.33 74.55 76.4 78.34 21.26 19.8 18.79 19.72 2.0 0.0 84.34 86.31 19.65 17.72 81.22 83.19 50.54 49.66 51.88 50.12 59.93 59.09 38.48 40.31 2.24 2.24 25.0 25.08 38.28 36.4 49.04 47.8 60.54 59.54 43.38 45.19 61.35 63.25 13.15 13.0 92.36 91.27 71.84 70.29 48.27 50.22 39.7 38.21 46.1 44.15 60.17 62.1 
23.02 23.02 24.02 24.02 31.06 31.0 63.39 63.2 65.19 65.92 33.12 34.89 86.12 86.59 34.89 34.01 46.17 45.61 23.77 25.63 9.85 8.06 99.01 97.01 81.54 79.71 84.01 84.34 0.0 2.0 88.09 88.02 29.15 29.02 38.83 38.47 66.65 65.74 31.02 30.36 57.14 55.47 82.2 82.57 59.91 60.44 98.27 97.86 47.76 47.13 34.89 34.01 55.61 54.04 25.5 23.54 85.02 83.02 36.5 34.53 55.9 54.45 36.22 34.23 58.94 58.46 97.72 97.12 25.02 23.02 
23.19 23.02 24.19 24.02 31.26 31.06 65.38 65.19 67.07 67.78 34.13 35.85 88.07 88.53 35.85 34.89 48.08 47.54 24.6 26.4 11.7 9.85 101.0 99.01 83.38 81.54 85.99 86.31 2.0 0.0 90.09 90.02 29.43 29.15 40.79 40.45 68.43 67.54 32.89 32.28 58.83 57.14 84.17 84.53 61.85 62.36 100.22 99.82 49.65 49.04 36.67 35.85 57.2 55.61 27.46 25.5 87.02 85.02 36.88 34.93 57.28 55.87 38.21 36.22 60.88 60.42 99.62 99.04 27.02 25.02 
91.09 93.01 91.39 93.3 90.14 92.05 25.18 25.02 38.18 39.62 79.2 80.06 23.35 25.32 76.9 78.77 45.12 44.72 83.17 83.82 79.0 81.0 12.08 10.3 38.28 39.0 17.72 19.65 88.09 90.09 0.0 2.0 91.18 93.05 50.16 50.04 39.62 38.29 59.41 59.21 53.15 54.67 19.31 21.19 35.51 36.62 18.79 17.0 44.64 44.15 58.25 57.87 58.14 59.67 63.01 65.01 6.71 7.81 88.02 87.32 62.2 61.03 52.61 54.59 32.89 32.28 26.48 24.52 63.07 65.07 
90.52 92.44 90.8 92.72 90.76 92.66 25.5 25.18 36.8 38.18 78.39 79.2 21.38 23.35 77.62 79.48 45.61 45.12 82.57 83.17 79.03 81.02 11.4 9.49 36.4 37.16 15.81 17.72 88.02 90.02 2.0 0.0 90.48 92.36 50.36 50.16 41.01 39.62 59.68 59.41 51.86 53.41 17.46 19.31 34.48 35.51 20.62 18.79 45.22 44.64 58.69 58.25 56.85 58.41 63.07 65.07 5.0 6.4 88.77 88.02 63.41 62.2 52.35 54.33 33.62 32.89 28.44 26.48 63.01 65.01 
6.32 7.21 5.39 6.4 60.01 60.07 69.97 68.96 58.31 58.14 13.0 13.15 81.61 81.39 61.39 61.0 59.41 57.98 9.22 7.81 33.54 33.24 100.0 98.08 72.06 70.06 81.58 81.22 29.15 29.43 91.18 90.48 0.0 2.0 50.93 49.5 82.07 80.62 47.71 46.04 45.04 43.05 79.43 79.08 56.75 56.29 105.59 104.66 61.55 60.11 53.0 51.31 41.3 39.32 40.5 39.45 86.33 84.43 65.07 63.07 78.26 76.48 41.4 39.82 69.66 68.41 107.62 106.53 37.2 36.06 
6.0 6.32 5.0 5.39 60.01 60.01 71.69 70.71 60.3 60.13 15.0 15.13 83.6 83.38 61.85 61.39 60.81 59.41 10.63 9.43 33.96 33.54 101.92 100.0 74.06 72.06 83.55 83.19 29.02 29.15 93.05 92.36 2.0 0.0 52.33 50.93 83.45 82.02 48.83 47.2 47.04 45.04 81.39 81.05 58.69 58.25 107.35 106.44 62.94 61.52 54.08 52.43 43.29 41.3 41.62 40.5 88.23 86.33 65.19 63.2 79.18 77.41 43.01 41.4 71.22 70.0 109.29 108.23 38.42 37.2 
48.27 49.82 48.92 50.45 42.72 44.42 25.02 25.18 38.6 40.22 43.05 44.78 53.34 54.38 31.83 33.24 8.49 7.21 41.73 43.19 29.27 31.26 61.66 59.68 54.49 53.15 49.66 50.54 38.83 40.79 50.16 50.36 50.93 52.33 0.0 2.0 31.14 29.7 9.49 9.06 40.26 39.81 48.3 49.24 30.48 32.02 59.44 59.03 10.63 9.22 10.63 9.22 42.43 42.19 13.34 15.3 48.05 46.1 42.52 41.23 33.0 31.0 12.17 12.65 20.25 19.65 59.24 58.52 14.76 16.55 
47.01 48.6 47.63 49.2 43.83 45.49 25.02 25.02 37.01 38.6 41.34 43.05 52.35 53.34 33.3 34.66 10.0 8.49 40.31 41.73 29.07 31.06 61.4 59.41 53.04 51.66 48.85 49.66 38.47 40.45 50.04 50.16 49.5 50.93 2.0 0.0 32.65 31.14 10.3 9.49 38.33 37.85 47.42 48.3 29.0 30.48 59.91 59.44 12.21 10.63 12.21 10.63 40.45 40.2 13.04 15.03 47.68 45.71 43.86 42.52 35.0 33.0 10.2 10.77 21.02 20.25 60.01 59.24 13.93 15.81 
79.25 80.72 79.93 81.39 57.0 59.0 24.33 26.31 54.04 56.04 73.82 75.45 55.9 57.7 43.0 45.0 22.67 24.21 72.86 74.33 56.82 58.59 51.22 49.68 65.0 64.54 50.12 51.88 66.65 68.43 39.62 41.01 82.07 83.45 31.14 32.65 0.0 2.0 36.06 37.2 62.97 63.35 50.09 51.89 46.01 48.01 38.33 38.9 20.52 22.02 31.76 32.76 66.71 67.19 42.8 44.41 42.01 40.8 53.24 53.08 23.26 22.47 41.88 43.01 16.12 18.11 34.01 34.13 45.34 46.86 
77.9 79.4 78.57 80.06 57.04 59.03 22.36 24.33 52.04 54.04 72.2 73.82 54.12 55.9 43.05 45.04 21.21 22.67 71.42 72.86 55.9 57.7 50.0 48.41 63.06 62.59 48.37 50.12 65.74 67.54 38.29 39.62 80.62 82.02 29.7 31.14 2.0 0.0 34.99 36.06 61.0 61.39 48.3 50.09 44.01 46.01 37.85 38.33 19.1 20.52 30.87 31.76 64.76 65.25 41.62 43.27 40.46 39.2 53.46 53.24 24.19 23.26 40.22 41.4 14.14 16.12 34.01 34.01 44.05 45.61 
44.05 45.34 44.82 46.1 33.6 35.23 34.23 34.53 46.69 48.17 42.06 43.97 62.65 63.63 23.85 25.0 15.3 15.03 38.59 40.31 21.19 23.09 71.02 69.05 62.97 61.52 59.09 59.93 31.02 32.89 59.41 59.68 47.71 48.83 9.49 10.3 36.06 34.99 0.0 2.0 46.1 45.31 57.7 58.59 38.95 40.31 67.74 67.48 16.76 16.28 5.39 3.61 47.43 46.84 7.21 8.49 57.49 55.54 33.97 32.53 31.32 29.41 16.55 15.81 28.28 28.07 66.76 66.22 10.77 11.66 
42.52 43.86 43.28 44.6 34.83 36.4 34.06 34.23 45.25 46.69 40.16 42.06 61.72 62.65 25.55 26.63 15.81 15.3 36.89 38.59 20.62 22.56 70.71 68.73 61.62 60.14 58.31 59.09 30.36 32.28 59.21 59.41 46.04 47.2 9.06 9.49 37.2 36.06 2.0 0.0 44.28 43.46 56.86 57.7 37.64 38.95 68.07 67.74 17.46 16.76 7.28 5.39 45.54 44.92 5.66 7.21 57.07 55.11 35.47 33.97 33.24 31.32 14.76 13.93 28.64 28.28 67.36 66.76 8.94 10.0 
47.68 49.65 47.52 49.5 77.2 78.41 40.85 39.0 15.26 14.32 32.06 32.0 37.95 37.36 69.77 70.71 45.18 43.19 40.02 39.62 52.4 53.91 59.17 57.45 27.02 25.02 39.36 38.48 57.14 58.83 53.15 51.86 45.04 47.04 40.26 38.33 62.97 61.0 46.1 44.28 0.0 2.0 37.12 36.25 18.87 17.2 70.77 69.31 47.1 45.1 49.98 48.1 5.0 6.71 42.72 43.83 47.01 45.45 79.08 77.39 72.69 70.71 29.55 30.41 46.87 44.91 75.8 74.2 39.41 40.61 
45.71 47.68 45.54 47.52 76.03 77.2 41.63 39.81 17.0 16.16 30.07 30.0 39.85 39.29 68.88 69.77 45.04 43.05 38.08 37.66 50.93 52.4 60.9 59.17 29.02 27.02 41.15 40.31 55.47 57.14 54.67 53.41 43.05 45.04 39.81 37.85 63.35 61.39 45.31 43.46 2.0 0.0 38.91 38.08 20.0 18.44 72.14 70.71 47.01 45.01 49.34 47.43 3.61 5.0 41.68 42.72 48.6 47.01 78.03 76.32 72.44 70.46 28.79 29.55 47.3 45.35 77.01 75.43 38.28 39.41 
80.5 82.49 80.62 82.61 90.92 92.66 27.66 26.17 21.93 22.83 66.71 67.19 5.83 7.62 79.06 80.71 46.4 45.22 72.44 72.69 74.22 76.16 22.2 20.62 18.97 19.7 2.24 2.24 82.2 84.17 19.31 17.46 79.43 81.39 48.3 47.42 50.09 48.3 57.7 56.86 37.12 38.91 0.0 2.0 23.02 23.19 38.08 36.25 46.86 45.61 58.31 57.31 42.06 43.83 59.14 61.03 12.65 12.17 90.14 89.04 69.81 68.25 46.1 48.05 37.64 36.12 45.61 43.68 57.97 59.91 
80.31 82.3 80.4 82.39 91.92 93.65 29.21 27.66 21.19 21.93 66.29 66.71 4.24 5.83 80.21 81.84 47.63 46.4 72.25 72.44 74.73 76.66 23.43 21.93 17.09 17.89 3.61 2.24 82.57 84.53 21.19 19.31 79.08 81.05 49.24 48.3 51.89 50.09 58.59 57.7 36.25 38.08 2.0 0.0 23.02 23.02 39.92 38.08 48.17 46.86 59.36 58.31 41.15 42.95 59.81 61.68 14.56 14.14 91.26 90.14 71.4 69.81 46.57 48.51 39.2 37.64 47.54 45.61 58.52 60.44 
57.56 59.54 57.71 59.68 72.47 74.03 22.56 20.62 8.54 10.44 44.27 44.94 26.31 26.68 62.29 63.66 32.2 30.41 49.5 49.82 52.55 54.42 43.32 41.44 24.04 22.67 25.08 25.0 59.91 61.85 35.51 34.48 56.75 58.69 30.48 29.0 46.01 44.01 38.95 37.64 18.87 20.0 23.02 23.02 0.0 2.0 52.35 50.99 33.62 31.78 41.11 39.62 23.6 24.84 38.59 40.31 29.97 28.18 72.84 71.45 59.46 57.58 24.6 26.4 30.02 28.02 57.01 55.44 36.67 38.48 
57.31 59.3 57.43 59.41 73.76 75.29 24.52 22.56 6.71 8.54 43.68 44.27 26.08 26.31 63.78 65.12 34.01 32.2 49.25 49.5 53.31 55.15 44.01 42.15 22.67 21.21 25.32 25.08 60.44 62.36 36.62 35.51 56.29 58.25 32.02 30.48 48.01 46.01 40.31 38.95 17.2 18.44 23.19 23.02 2.0 0.0 53.74 52.35 35.47 33.62 42.64 41.11 22.02 23.35 39.66 41.34 30.89 29.15 74.25 72.84 61.35 59.46 25.55 27.29 32.02 30.02 58.6 57.01 37.59 39.36 
104.69 106.51 105.12 106.93 94.53 96.52 35.85 36.67 56.22 57.8 94.34 95.41 41.76 43.68 80.62 82.61 52.47 52.77 97.05 97.95 88.65 90.61 22.2 22.02 57.01 57.78 36.4 38.28 98.27 100.22 18.79 20.62 105.59 107.35 59.44 59.91 38.33 37.85 67.74 68.07 70.77 72.14 38.08 39.92 52.35 53.74 0.0 2.0 51.24 51.48 65.19 65.38 75.69 77.08 72.78 74.73 25.5 26.42 91.24 90.93 61.35 60.73 65.0 66.85 39.46 39.81 9.49 7.62 73.76 75.69 
103.87 105.7 104.28 106.1 94.76 96.75 35.11 35.85 54.67 56.22 93.3 94.34 39.85 41.76 80.89 82.87 52.24 52.47 96.18 97.05 88.28 90.26 20.22 20.02 55.15 55.95 34.54 36.4 97.86 99.82 17.0 18.79 104.66 106.44 59.03 59.44 38.9 38.33 67.48 67.74 69.31 70.71 36.25 38.08 50.99 52.35 2.0 0.0 51.09 51.24 65.07 65.19 74.25 75.66 72.37 74.33 23.71 24.7 91.59 91.24 62.03 61.35 64.26 66.13 39.2 39.46 11.4 9.49 73.25 75.19 
58.8 60.31 59.46 60.96 45.54 47.43 20.12 21.1 42.15 44.01 53.54 55.23 52.4 53.76 32.65 34.44 2.24 4.12 52.35 53.81 37.95 39.85 56.61 54.71 56.6 55.57 47.8 49.04 47.76 49.65 44.64 45.22 61.55 62.94 10.63 12.21 20.52 19.1 16.76 17.46 47.1 47.01 46.86 48.17 33.62 35.47 51.24 51.09 0.0 2.0 14.0 14.14 50.01 50.09 22.83 24.6 43.86 42.05 43.83 42.95 25.96 24.04 21.93 22.83 12.04 12.37 50.0 49.48 25.0 26.63 
57.49 59.03 58.14 59.67 46.24 48.1 19.31 20.12 40.31 42.15 51.87 53.54 51.09 52.4 33.62 35.36 1.0 2.24 50.91 52.35 37.36 39.29 56.04 54.12 54.92 53.85 46.62 47.8 47.13 49.04 44.15 44.64 60.11 61.52 9.22 10.63 22.02 20.52 16.28 16.76 45.1 45.01 45.61 46.86 31.78 33.62 51.48 51.24 2.0 0.0 14.14 14.0 48.01 48.09 21.93 23.77 43.08 41.23 44.78 43.83 27.89 25.96 20.12 21.1 12.04 12.04 50.6 50.0 23.85 25.55 
49.2 50.45 50.0 51.22 32.65 34.44 33.24 33.84 49.2 50.8 47.43 49.34 63.51 64.64 21.21 22.67 13.15 13.6 43.91 45.65 25.06 26.83 70.09 68.15 65.12 63.78 59.54 60.54 34.89 36.67 58.25 58.69 53.0 54.08 10.63 12.21 31.76 30.87 5.39 7.28 49.98 49.34 58.31 59.36 41.11 42.64 65.19 65.07 14.0 14.14 0.0 2.0 51.66 51.2 12.53 13.6 56.92 55.03 32.02 30.81 25.96 24.04 20.62 20.22 26.02 26.17 63.56 63.15 16.16 17.0 
47.63 48.92 48.41 49.68 33.62 35.36 32.76 33.24 47.63 49.2 45.54 47.43 62.43 63.51 22.67 24.04 13.0 13.15 42.19 43.91 24.17 26.0 69.63 67.68 63.66 62.29 58.59 59.54 34.01 35.85 57.87 58.25 51.31 52.43 9.22 10.63 32.76 31.76 3.61 5.39 48.1 47.43 57.31 58.31 39.62 41.11 65.38 65.19 14.14 14.0 2.0 0.0 49.73 49.24 10.82 12.04 56.32 54.41 33.3 32.02 27.89 25.96 18.68 18.25 26.02 26.02 64.03 63.56 14.32 15.26 
44.38 46.32 44.15 46.1 77.39 78.49 45.19 43.38 20.25 19.24 28.44 28.16 42.72 42.06 70.77 71.59 48.0 46.0 37.0 36.4 51.66 53.04 64.14 62.43 31.06 29.07 44.29 43.38 55.61 57.2 58.14 56.85 41.3 43.29 42.43 40.45 66.71 64.76 47.43 45.54 5.0 3.61 42.06 41.15 23.6 22.02 75.69 74.25 50.01 48.01 51.66 49.73 0.0 2.0 43.38 44.29 52.01 50.45 79.65 77.9 75.24 73.25 31.05 31.62 50.7 48.76 80.6 79.03 39.82 40.82 
42.45 44.38 42.2 44.15 76.32 77.39 46.07 44.29 21.95 21.02 26.48 26.17 44.6 43.97 70.01 70.77 48.04 46.04 35.11 34.48 50.33 51.66 65.86 64.14 33.06 31.06 46.07 45.19 54.04 55.61 59.67 58.41 39.32 41.3 42.19 40.2 67.19 65.25 46.84 44.92 6.71 5.0 43.83 42.95 24.84 23.35 77.08 75.66 50.09 48.09 51.2 49.24 2.0 0.0 42.54 43.38 53.6 52.01 78.71 76.94 75.11 73.11 30.59 31.05 51.24 49.34 81.84 80.28 38.91 39.82 
36.88 38.21 37.64 38.95 34.71 36.07 38.05 38.0 45.61 46.86 35.17 37.11 63.69 64.47 27.51 28.23 21.02 20.25 31.38 33.12 16.03 18.03 74.24 72.25 62.2 60.61 60.73 61.35 25.5 27.46 63.01 63.07 40.5 41.62 13.34 13.04 42.8 41.62 7.21 5.66 42.72 41.68 59.14 59.81 38.59 39.66 72.78 72.37 22.83 21.93 12.53 10.82 43.38 42.54 0.0 2.0 60.41 58.42 36.36 34.67 38.28 36.4 14.21 12.73 33.53 32.98 72.45 71.78 4.0 4.47 
35.61 36.88 36.4 37.64 33.42 34.71 40.05 40.0 47.2 48.41 34.71 36.67 65.55 66.31 26.93 27.51 22.85 22.14 30.41 32.2 14.04 16.03 76.24 74.24 63.82 62.2 62.64 63.25 23.54 25.5 65.01 65.07 39.45 40.5 15.3 15.03 44.41 43.27 8.49 7.21 43.83 42.72 61.03 61.68 40.31 41.34 74.73 74.33 24.6 23.77 13.6 12.04 44.29 43.38 2.0 0.0 62.39 60.41 35.36 33.62 39.0 37.16 15.81 14.21 35.44 34.93 74.33 73.68 4.47 4.0 
86.59 88.53 86.83 88.77 89.32 91.18 23.77 23.09 31.89 33.24 74.09 74.85 17.03 19.03 76.49 78.29 44.01 43.32 78.59 79.12 76.24 78.23 14.04 12.04 31.62 32.31 11.18 13.15 85.02 87.02 6.71 5.0 86.33 88.23 48.05 47.68 42.01 40.46 57.49 57.07 47.01 48.6 12.65 14.56 29.97 30.89 25.5 23.71 43.86 43.08 56.92 56.32 52.01 53.6 60.41 62.39 0.0 2.0 87.66 86.82 63.7 62.37 49.04 51.04 32.76 31.76 32.98 31.05 60.07 62.07 
84.65 86.59 84.9 86.83 87.46 89.32 21.93 21.19 30.41 31.83 72.24 73.01 17.03 19.03 74.69 76.49 42.15 41.44 76.66 77.2 74.24 76.24 16.03 14.04 31.05 31.62 11.0 13.0 83.02 85.02 7.81 6.4 84.43 86.33 46.1 45.71 40.8 39.2 55.54 55.11 45.45 47.01 12.17 14.14 28.18 29.15 26.42 24.7 42.05 41.23 55.03 54.41 50.45 52.01 58.42 60.41 2.0 0.0 85.87 85.0 62.24 60.88 47.04 49.04 31.06 30.02 33.53 31.62 58.08 60.07 
59.21 59.41 60.21 60.41 6.4 7.81 63.95 64.88 80.66 82.13 65.76 67.74 95.44 96.61 11.18 9.43 43.91 44.94 58.08 60.07 32.14 32.02 100.09 98.23 96.88 95.46 91.27 92.36 36.5 36.88 88.02 88.77 65.07 65.19 42.52 43.86 53.24 53.46 33.97 35.47 79.08 78.03 90.14 91.26 72.84 74.25 91.24 91.59 43.83 44.78 32.02 33.3 79.65 78.71 36.36 35.36 87.66 85.87 0.0 2.0 32.39 32.14 50.0 48.83 55.15 55.95 87.21 87.37 39.82 38.91 
57.22 57.43 58.22 58.42 5.0 6.71 63.07 63.95 79.21 80.66 63.79 65.76 94.3 95.44 10.44 8.54 42.94 43.91 56.08 58.08 30.15 30.02 99.37 97.5 95.48 94.05 90.21 91.27 34.53 34.93 87.32 88.02 63.07 63.2 41.23 42.52 53.08 53.24 32.53 33.97 77.39 76.32 89.04 90.14 71.45 72.84 90.93 91.24 42.95 43.83 30.81 32.02 77.9 76.94 34.67 33.62 86.82 85.0 2.0 0.0 32.76 32.39 48.41 47.2 54.42 55.15 87.09 87.21 38.08 37.12 
73.93 74.95 74.79 75.8 37.36 39.29 42.2 43.83 68.01 69.89 73.38 75.29 75.6 77.2 24.17 26.0 27.66 29.61 69.35 71.18 47.01 48.27 74.06 72.42 81.84 80.96 70.29 71.84 55.9 57.28 62.2 63.41 78.26 79.18 33.0 35.0 23.26 24.19 31.32 33.24 72.69 72.44 69.81 71.4 59.46 61.35 61.35 62.03 25.96 27.89 25.96 27.89 75.24 75.11 38.28 39.0 63.7 62.24 32.39 32.76 0.0 2.0 45.04 45.18 32.2 33.84 56.09 56.52 42.06 42.72 
72.2 73.25 73.06 74.09 36.88 38.83 40.61 42.2 66.13 68.01 71.47 73.38 74.03 75.6 23.41 25.3 25.71 27.66 67.54 69.35 45.45 46.75 72.95 71.28 80.06 79.16 68.77 70.29 54.45 55.87 61.03 62.2 76.48 77.41 31.0 33.0 22.47 23.26 29.41 31.32 70.71 70.46 68.25 69.81 57.58 59.46 60.73 61.35 24.04 25.96 24.04 25.96 73.25 73.11 36.4 37.16 62.37 60.88 32.14 32.39 2.0 0.0 43.05 43.19 30.61 32.2 55.73 56.09 40.16 40.85 
39.82 41.59 40.31 42.06 48.8 50.21 29.15 28.46 31.4 32.65 32.02 33.6 50.29 50.92 40.31 41.34 19.7 17.89 32.45 33.6 28.16 30.08 63.07 61.07 48.01 46.4 47.85 48.27 36.22 38.21 52.61 52.35 41.4 43.01 12.17 10.2 41.88 40.22 16.55 14.76 29.55 28.79 46.1 46.57 24.6 25.55 65.0 64.26 21.93 20.12 20.62 18.68 31.05 30.59 14.21 15.81 49.04 47.04 50.0 48.41 45.04 43.05 0.0 2.0 28.32 27.02 66.37 65.37 12.08 13.93 
38.08 39.82 38.59 40.31 47.42 48.8 31.02 30.36 33.02 34.21 30.81 32.45 52.2 52.81 39.36 40.31 20.59 18.87 30.81 32.02 26.25 28.16 65.07 63.07 49.65 48.01 49.82 50.22 34.23 36.22 54.59 54.33 39.82 41.4 12.65 10.77 43.01 41.4 15.81 13.93 30.41 29.55 48.05 48.51 26.4 27.29 66.85 66.13 22.83 21.1 20.22 18.25 31.62 31.05 12.73 14.21 51.04 49.04 48.83 47.2 45.18 43.19 2.0 0.0 29.83 28.6 68.1 67.12 10.3 12.08 
67.68 69.34 68.24 69.89 57.28 59.2 10.0 11.66 38.21 40.2 60.14 61.62 43.42 45.0 44.01 45.88 13.04 13.34 60.61 61.85 49.24 51.2 44.94 43.08 50.33 49.65 38.21 39.7 58.94 60.88 32.89 33.62 69.66 71.22 20.25 21.02 16.12 14.14 28.28 28.64 46.87 47.3 37.64 39.2 30.02 32.02 39.46 39.2 12.04 12.04 26.02 26.02 50.7 51.24 33.53 35.44 32.76 31.06 55.15 54.42 32.2 30.61 28.32 29.83 0.0 2.0 39.0 38.28 34.93 36.77 
66.57 68.26 67.12 68.8 57.87 59.77 8.49 10.0 36.22 38.21 58.69 60.14 41.87 43.42 44.78 46.62 13.04 13.04 59.41 60.61 48.84 50.8 44.27 42.38 48.47 47.76 36.77 38.21 58.46 60.42 32.28 32.89 68.41 70.0 19.65 20.25 18.11 16.12 28.07 28.28 44.91 45.35 36.12 37.64 28.02 30.02 39.81 39.46 12.37 12.04 26.17 26.02 48.76 49.34 32.98 34.93 31.76 30.02 55.95 55.15 33.84 32.2 27.02 28.6 2.0 0.0 39.81 39.0 34.18 36.06 
106.17 107.91 106.68 108.41 91.01 93.01 37.8 39.05 61.91 63.63 97.01 98.23 49.82 51.79 77.01 79.01 51.55 52.2 98.79 99.86 87.93 89.84 31.58 31.26 64.56 65.15 44.15 46.1 97.72 99.62 26.48 28.44 107.62 109.29 59.24 60.01 34.01 34.01 66.76 67.36 75.8 77.01 45.61 47.54 57.01 58.6 9.49 11.4 50.0 50.6 63.56 64.03 80.6 81.84 72.45 74.33 32.98 33.53 87.21 87.09 56.09 55.73 66.37 68.1 39.0 39.81 0.0 2.0 73.93 75.77 
105.19 106.94 105.68 107.42 91.05 93.05 36.62 37.8 60.21 61.91 95.8 97.01 47.85 49.82 77.06 79.06 50.96 51.55 97.75 98.79 87.36 89.29 29.61 29.27 62.64 63.25 42.2 44.15 97.12 99.04 24.52 26.48 106.53 108.23 58.52 59.24 34.13 34.01 66.22 66.76 74.2 75.43 43.68 45.61 55.44 57.01 7.62 9.49 49.48 50.0 63.15 63.56 79.03 80.28 71.78 73.68 31.05 31.62 87.37 87.21 56.52 56.09 65.37 67.12 38.28 39.0 2.0 0.0 73.16 75.03 
33.94 35.38 34.66 36.07 37.8 39.05 38.47 38.21 43.27 44.41 31.32 33.24 62.3 62.97 31.32 31.95 23.02 21.95 28.02 29.68 16.28 18.25 74.03 72.03 59.91 58.25 59.67 60.17 25.02 27.02 63.07 63.01 37.2 38.42 14.76 13.93 45.34 44.05 10.77 8.94 39.41 38.28 57.97 58.52 36.67 37.59 73.76 73.25 25.0 23.85 16.16 14.32 39.82 38.91 4.0 4.47 60.07 58.08 39.82 38.08 42.06 40.16 12.08 10.3 34.93 34.18 73.93 73.16 0.0 2.0 
32.56 33.94 33.3 34.66 36.62 37.8 40.45 40.2 44.94 46.04 30.81 32.76 64.2 64.85 30.81 31.32 24.7 23.71 26.93 28.65 14.32 16.28 76.03 74.03 61.59 59.91 61.61 62.1 23.02 25.02 65.07 65.01 36.06 37.2 16.55 15.81 46.86 45.61 11.66 10.0 40.61 39.41 59.91 60.44 38.48 39.36 75.69 75.19 26.63 25.55 17.0 15.26 40.82 39.82 4.47 4.0 62.07 60.07 38.91 37.12 42.72 40.85 13.93 12.08 36.77 36.06 75.77 75.03 2.0 0.0 
