35
0.0 2.0 1.0 2.24 2.0 2.83 3.0 3.61 4.0 4.47 5.0 5.39 6.0 6.32 7.0 7.28 8.0 8.25 20.0 18.44 29.83 30.36 23.02 21.4 51.66 50.33 53.91 55.44 19.42 17.46 9.0 9.22 34.01 32.2 41.77 
2.0 0.0 2.24 1.0 2.83 2.0 3.61 3.0 4.47 4.0 5.39 5.0 6.32 6.0 7.28 7.0 8.25 8.0 21.63 20.0 31.78 32.28 24.21 22.67 53.04 51.66 55.23 56.73 21.38 19.42 11.0 11.18 35.85 34.01 42.2 
1.0 2.24 0.0 2.0 1.0 2.24 2.0 2.83 3.0 3.61 4.0 4.47 5.0 5.39 6.0 6.32 7.0 7.28 19.42 17.8 29.61 30.08 23.85 22.2 50.93 49.58 53.15 54.67 19.65 17.72 9.06 9.06 34.44 32.65 40.79 
2.24 1.0 2.0 0.0 2.24 1.0 2.83 2.0 3.61 3.0 4.47 4.0 5.39 5.0 6.32 6.0 7.28 7.0 21.1 19.42 31.58 32.02 25.0 23.43 52.33 50.93 54.49 55.97 21.59 19.65 11.05 11.05 36.25 34.44 41.23 
2.0 2.83 1.0 2.24 0.0 2.0 1.0 2.24 2.0 2.83 3.0 3.61 4.0 4.47 5.0 5.39 6.0 6.32 18.87 17.2 29.43 29.83 24.7 23.02 50.21 48.84 52.4 53.91 19.92 18.03 9.22 9.0 34.89 33.12 39.81 
2.83 2.0 2.24 1.0 2.0 0.0 2.24 1.0 2.83 2.0 3.61 3.0 4.47 4.0 5.39 5.0 6.32 6.0 20.59 18.87 31.4 31.78 25.81 24.21 51.62 50.21 53.76 55.23 21.84 19.92 11.18 11.0 36.67 34.89 40.26 
3.0 3.61 2.0 2.83 1.0 2.24 0.0 2.0 1.0 2.24 2.0 2.83 3.0 3.61 4.0 4.47 5.0 5.39 18.36 16.64 29.27 29.61 25.55 23.85 49.5 48.1 51.66 53.15 20.25 18.38 9.49 9.06 35.36 33.62 38.83 
3.61 3.0 2.83 2.0 2.24 1.0 2.0 0.0 2.24 1.0 2.83 2.0 3.61 3.0 4.47 4.0 5.39 5.0 20.12 18.36 31.26 31.58 26.63 25.0 50.93 49.5 53.04 54.49 22.14 20.25 11.4 11.05 37.12 35.36 39.29 
4.0 4.47 3.0 3.61 2.0 2.83 1.0 2.24 0.0 2.0 1.0 2.24 2.0 2.83 3.0 3.61 4.0 4.47 17.89 16.12 29.15 29.43 26.42 24.7 48.8 47.38 50.93 52.4 20.62 18.79 9.85 9.22 35.85 34.13 37.85 
4.47 4.0 3.61 3.0 2.83 2.0 2.24 1.0 2.0 0.0 2.24 1.0 2.83 2.0 3.61 3.0 4.47 4.0 19.7 17.89 31.14 31.4 27.46 25.81 50.25 48.8 52.33 53.76 22.47 20.62 11.7 11.18 37.59 35.85 38.33 
5.0 5.39 4.0 4.47 3.0 3.61 2.0 2.83 1.0 2.24 0.0 2.0 1.0 2.24 2.0 2.83 3.0 3.61 17.46 15.65 29.07 29.27 27.29 25.55 48.1 46.67 50.21 51.66 21.02 19.24 10.3 9.49 36.36 34.67 36.88 
5.39 5.0 4.47 4.0 3.61 3.0 2.83 2.0 2.24 1.0 2.0 0.0 2.24 1.0 2.83 2.0 3.61 3.0 19.31 17.46 31.06 31.26 28.3 26.63 49.58 48.1 51.62 53.04 22.85 21.02 12.08 11.4 38.08 36.36 37.36 
6.0 6.32 5.0 5.39 4.0 4.47 3.0 3.61 2.0 2.83 1.0 2.24 0.0 2.0 1.0 2.24 2.0 2.83 17.09 15.23 29.02 29.15 28.18 26.42 47.42 45.97 49.5 50.93 21.47 19.72 10.82 9.85 36.89 35.23 35.9 
6.32 6.0 5.39 5.0 4.47 4.0 3.61 3.0 2.83 2.0 2.24 1.0 2.0 0.0 2.24 1.0 2.83 2.0 18.97 17.09 31.02 31.14 29.15 27.46 48.92 47.42 50.93 52.33 23.26 21.47 12.53 11.7 38.59 36.89 36.4 
7.0 7.28 6.0 6.32 5.0 5.39 4.0 4.47 3.0 3.61 2.0 2.83 1.0 2.24 0.0 2.0 1.0 2.24 16.76 14.87 29.0 29.07 29.07 27.29 46.75 45.28 48.8 50.21 21.95 20.25 11.4 10.3 37.44 35.81 34.93 
7.28 7.0 6.32 6.0 5.39 5.0 4.47 4.0 3.61 3.0 2.83 2.0 2.24 1.0 2.0 0.0 2.24 1.0 18.68 16.76 31.0 31.06 30.02 28.3 48.27 46.75 50.25 51.62 23.71 21.95 13.04 12.08 39.12 37.44 35.44 
8.0 8.25 7.0 7.28 6.0 6.32 5.0 5.39 4.0 4.47 3.0 3.61 2.0 2.83 1.0 2.24 0.0 2.0 16.49 14.56 29.02 29.02 29.97 28.18 46.1 44.6 48.1 49.5 22.47 20.81 12.04 10.82 38.01 36.4 33.96 
8.25 8.0 7.28 7.0 6.32 6.0 5.39 5.0 4.47 4.0 3.61 3.0 2.83 2.0 2.24 1.0 2.0 0.0 18.44 16.49 31.02 31.02 30.89 29.15 47.63 46.1 49.58 50.93 24.19 22.47 13.6 12.53 39.66 38.01 34.48 
20.0 21.63 19.42 21.1 18.87 20.59 18.36 20.12 17.89 19.7 17.46 19.31 17.09 18.97 16.76 18.68 16.49 18.44 0.0 2.0 13.93 13.34 31.14 29.15 32.2 31.06 34.67 36.36 16.28 16.03 13.89 12.21 30.02 29.07 30.08 
18.44 20.0 17.8 19.42 17.2 18.87 16.64 18.36 16.12 17.89 15.65 17.46 15.23 17.09 14.87 16.76 14.56 16.49 2.0 0.0 15.81 15.3 31.02 29.02 33.42 32.2 35.81 37.44 16.76 16.28 13.0 11.18 31.06 30.02 29.61 
29.83 31.78 29.61 31.58 29.43 31.4 29.27 31.26 29.15 31.14 29.07 31.06 29.02 31.02 29.0 31.0 29.02 31.02 13.93 15.81 0.0 2.0 30.53 28.84 31.58 31.26 34.53 36.5 14.87 16.28 21.19 20.62 21.1 21.0 39.96 
30.36 32.28 30.08 32.02 29.83 31.78 29.61 31.58 29.43 31.4 29.27 31.26 29.15 31.14 29.07 31.06 29.02 31.02 13.34 15.3 2.0 0.0 32.25 30.53 29.61 29.27 32.56 34.53 16.4 17.69 21.93 21.19 23.09 23.0 38.28 
23.02 24.21 23.85 25.0 24.7 25.81 25.55 26.63 26.42 27.46 27.29 28.3 28.18 29.15 29.07 30.02 29.97 30.89 31.14 31.02 30.53 32.25 0.0 2.0 61.1 60.41 63.91 65.79 16.16 15.52 19.42 21.38 18.68 16.76 60.21 
21.4 22.67 22.2 23.43 23.02 24.21 23.85 25.0 24.7 25.81 25.55 26.63 26.42 27.46 27.29 28.3 28.18 29.15 29.15 29.02 28.84 30.53 2.0 0.0 59.24 58.52 62.03 63.91 14.32 13.6 17.46 19.42 18.25 16.28 58.22 
51.66 53.04 50.93 52.33 50.21 51.62 49.5 50.93 48.8 50.25 48.1 49.58 47.42 48.92 46.75 48.27 46.1 47.63 32.2 33.42 31.58 29.61 61.1 59.24 0.0 2.0 3.0 5.0 44.94 45.69 46.04 44.41 52.15 52.35 27.17 
50.33 51.66 49.58 50.93 48.84 50.21 48.1 49.5 47.38 48.8 46.67 48.1 45.97 47.42 45.28 46.75 44.6 46.1 31.06 32.2 31.26 29.27 60.41 58.52 2.0 0.0 3.61 5.39 44.27 44.94 44.94 43.27 52.04 52.15 25.18 
53.91 55.23 53.15 54.49 52.4 53.76 51.66 53.04 50.93 52.33 50.21 51.62 49.5 50.93 48.8 50.25 48.1 49.58 34.67 35.81 34.53 32.56 63.91 62.03 3.0 3.61 0.0 2.0 47.76 48.47 48.55 46.87 55.15 55.33 27.0 
55.44 56.73 54.67 55.97 53.91 55.23 53.15 54.49 52.4 53.76 51.66 53.04 50.93 52.33 50.21 51.62 49.5 50.93 36.36 37.44 36.5 34.53 65.79 63.91 5.0 5.39 2.0 0.0 49.65 50.33 50.25 48.55 57.14 57.31 27.07 
19.42 21.38 19.65 21.59 19.92 21.84 20.25 22.14 20.62 22.47 21.02 22.85 21.47 23.26 21.95 23.71 22.47 24.19 16.28 16.76 14.87 16.4 16.16 14.32 44.94 44.27 47.76 49.65 0.0 2.0 10.77 11.66 15.62 14.14 46.32 
17.46 19.42 17.72 19.65 18.03 19.92 18.38 20.25 18.79 20.62 19.24 21.02 19.72 21.47 20.25 21.95 20.81 22.47 16.03 16.28 16.28 17.69 15.52 13.6 45.69 44.94 48.47 50.33 2.0 0.0 8.94 10.0 17.2 15.62 45.89 
9.0 11.0 9.06 11.05 9.22 11.18 9.49 11.4 9.85 11.7 10.3 12.08 10.82 12.53 11.4 13.04 12.04 13.6 13.89 13.0 21.19 21.93 19.42 17.46 46.04 44.94 48.55 50.25 10.77 8.94 0.0 2.0 26.08 24.41 41.01 
9.22 11.18 9.06 11.05 9.0 11.0 9.06 11.05 9.22 11.18 9.49 11.4 9.85 11.7 10.3 12.08 10.82 12.53 12.21 11.18 20.62 21.19 21.38 19.42 44.41 43.27 46.87 48.55 11.66 10.0 2.0 0.0 27.2 25.61 39.01 
34.01 35.85 34.44 36.25 34.89 36.67 35.36 37.12 35.85 37.59 36.36 38.08 36.89 38.59 37.44 39.12 38.01 39.66 30.02 31.06 21.1 23.09 18.68 18.25 52.15 52.04 55.15 57.14 15.62 17.2 26.08 27.2 0.0 2.0 59.62 
32.2 34.01 32.65 34.44 33.12 34.89 33.62 35.36 34.13 35.85 34.67 36.36 35.23 36.89 35.81 37.44 36.4 38.01 29.07 30.02 21.0 23.0 16.76 16.28 52.35 52.15 55.33 57.31 14.14 15.62 24.41 25.61 2.0 0.0 58.87 
41.77 42.2 40.79 41.23 39.81 40.26 38.83 39.29 37.85 38.33 36.88 37.36 35.9 36.4 34.93 35.44 33.96 34.48 30.08 29.61 39.96 38.28 60.21 58.22 27.17 25.18 27.0 27.07 46.32 45.89 41.01 39.01 59.62 58.87 0.0 
