50
0.0 2.0 1.0 2.24 2.0 2.83 3.0 3.61 4.0 4.47 5.0 5.39 6.0 6.32 7.0 7.28 8.0 8.25 9.0 9.22 10.0 10.2 11.0 11.18 12.0 12.17 13.0 13.15 14.0 14.14 15.0 15.13 56.46 57.27 57.38 58.18 45.12 47.07 45.35 47.3 19.24 20.25 21.02 21.95 20.12 21.1 40.46 42.01 37.7 38.48 
2.0 0.0 2.24 1.0 2.83 2.0 3.61 3.0 4.47 4.0 5.39 5.0 6.32 6.0 7.28 7.0 8.25 8.0 9.22 9.0 10.2 10.0 11.18 11.0 12.17 12.0 13.15 13.0 14.14 14.0 15.13 15.0 54.63 55.46 55.54 56.36 43.17 45.12 43.42 45.35 18.38 19.24 20.25 21.02 19.31 20.12 38.95 40.46 37.0 37.7 
1.0 2.24 0.0 2.0 1.0 2.24 2.0 2.83 3.0 3.61 4.0 4.47 5.0 5.39 6.0 6.32 7.0 7.28 8.0 8.25 9.0 9.22 10.0 10.2 11.0 11.18 12.0 12.17 13.0 13.15 14.0 14.14 56.08 56.86 57.01 57.78 44.91 46.87 45.12 47.07 18.36 19.42 21.93 22.83 21.02 21.95 41.11 42.64 36.77 37.58 
2.24 1.0 2.0 0.0 2.24 1.0 2.83 2.0 3.61 3.0 4.47 4.0 5.39 5.0 6.32 6.0 7.28 7.0 8.25 8.0 9.22 9.0 10.2 10.0 11.18 11.0 12.17 12.0 13.15 13.0 14.14 14.0 54.23 55.04 55.15 55.95 42.95 44.91 43.17 45.12 17.46 18.36 21.19 21.93 20.25 21.02 39.62 41.11 36.06 36.77 
2.0 2.83 1.0 2.24 0.0 2.0 1.0 2.24 2.0 2.83 3.0 3.61 4.0 4.47 5.0 5.39 6.0 6.32 7.0 7.28 8.0 8.25 9.0 9.22 10.0 10.2 11.0 11.18 12.0 12.17 13.0 13.15 55.71 56.46 56.65 57.38 44.72 46.69 44.91 46.87 17.49 18.6 22.85 23.71 21.93 22.83 41.77 43.28 35.85 36.67 
2.83 2.0 2.24 1.0 2.0 0.0 2.24 1.0 2.83 2.0 3.61 3.0 4.47 4.0 5.39 5.0 6.32 6.0 7.28 7.0 8.25 8.0 9.22 9.0 10.2 10.0 11.18 11.0 12.17 12.0 13.15 13.0 53.85 54.63 54.78 55.54 42.76 44.72 42.95 44.91 16.55 17.49 22.14 22.85 21.19 21.93 40.31 41.77 35.11 35.85 
3.0 3.61 2.0 2.83 1.0 2.24 0.0 2.0 1.0 2.24 2.0 2.83 3.0 3.61 4.0 4.47 5.0 5.39 6.0 6.32 7.0 7.28 8.0 8.25 9.0 9.22 10.0 10.2 11.0 11.18 12.0 12.17 55.36 56.08 56.3 57.01 44.55 46.53 44.72 46.69 16.64 17.8 23.77 24.6 22.85 23.71 42.45 43.93 34.93 35.78 
3.61 3.0 2.83 2.0 2.24 1.0 2.0 0.0 2.24 1.0 2.83 2.0 3.61 3.0 4.47 4.0 5.39 5.0 6.32 6.0 7.28 7.0 8.25 8.0 9.22 9.0 10.2 10.0 11.18 11.0 12.17 12.0 53.49 54.23 54.42 55.15 42.58 44.55 42.76 44.72 15.65 16.64 23.09 23.77 22.14 22.85 41.01 42.45 34.18 34.93 
4.0 4.47 3.0 3.61 2.0 2.83 1.0 2.24 0.0 2.0 1.0 2.24 2.0 2.83 3.0 3.61 4.0 4.47 5.0 5.39 6.0 6.32 7.0 7.28 8.0 8.25 9.0 9.22 10.0 10.2 11.0 11.18 55.03 55.71 55.97 56.65 44.41 46.39 44.55 46.53 15.81 17.03 24.7 25.5 23.77 24.6 43.14 44.6 34.01 34.89 
4.47 4.0 3.61 3.0 2.83 2.0 2.24 1.0 2.0 0.0 2.24 1.0 2.83 2.0 3.61 3.0 4.47 4.0 5.39 5.0 6.32 6.0 7.28 7.0 8.25 8.0 9.22 9.0 10.2 10.0 11.18 11.0 53.14 53.85 54.08 54.78 42.43 44.41 42.58 44.55 14.76 15.81 24.04 24.7 23.09 23.77 41.73 43.14 33.24 34.01 
5.0 5.39 4.0 4.47 3.0 3.61 2.0 2.83 1.0 2.24 0.0 2.0 1.0 2.24 2.0 2.83 3.0 3.61 4.0 4.47 5.0 5.39 6.0 6.32 7.0 7.28 8.0 8.25 9.0 9.22 10.0 10.2 54.71 55.36 55.66 56.3 44.28 46.27 44.41 46.39 15.0 16.28 25.63 26.4 24.7 25.5 43.84 45.28 33.11 34.0 
5.39 5.0 4.47 4.0 3.61 3.0 2.83 2.0 2.24 1.0 2.0 0.0 2.24 1.0 2.83 2.0 3.61 3.0 4.47 4.0 5.39 5.0 6.32 6.0 7.28 7.0 8.25 8.0 9.22 9.0 10.2 10.0 52.81 53.49 53.76 54.42 42.3 44.28 42.43 44.41 13.89 15.0 25.0 25.63 24.04 24.7 42.45 43.84 32.31 33.11 
6.0 6.32 5.0 5.39 4.0 4.47 3.0 3.61 2.0 2.83 1.0 2.24 0.0 2.0 1.0 2.24 2.0 2.83 3.0 3.61 4.0 4.47 5.0 5.39 6.0 6.32 7.0 7.28 8.0 8.25 9.0 9.22 54.41 55.03 55.36 55.97 44.18 46.17 44.28 46.27 14.21 15.56 26.57 27.31 25.63 26.4 44.55 45.97 32.2 33.12 
6.32 6.0 5.39 5.0 4.47 4.0 3.61 3.0 2.83 2.0 2.24 1.0 2.0 0.0 2.24 1.0 2.83 2.0 3.61 3.0 4.47 4.0 5.39 5.0 6.32 6.0 7.28 7.0 8.25 8.0 9.22 9.0 52.5 53.14 53.45 54.08 42.19 44.18 42.3 44.28 13.04 14.21 25.96 26.57 25.0 25.63 43.19 44.55 31.38 32.2 
7.0 7.28 6.0 6.32 5.0 5.39 4.0 4.47 3.0 3.61 2.0 2.83 1.0 2.24 0.0 2.0 1.0 2.24 2.0 2.83 3.0 3.61 4.0 4.47 5.0 5.39 6.0 6.32 7.0 7.28 8.0 8.25 54.12 54.71 55.08 55.66 44.1 46.1 44.18 46.17 13.45 14.87 27.51 28.23 26.57 27.31 45.28 46.67 31.3 32.25 
7.28 7.0 6.32 6.0 5.39 5.0 4.47 4.0 3.61 3.0 2.83 2.0 2.24 1.0 2.0 0.0 2.24 1.0 2.83 2.0 3.61 3.0 4.47 4.0 5.39 5.0 6.32 6.0 7.28 7.0 8.25 8.0 52.2 52.81 53.16 53.76 42.11 44.1 42.19 44.18 12.21 13.45 26.93 27.51 25.96 26.57 43.93 45.28 30.46 31.3 
8.0 8.25 7.0 7.28 6.0 6.32 5.0 5.39 4.0 4.47 3.0 3.61 2.0 2.83 1.0 2.24 0.0 2.0 1.0 2.24 2.0 2.83 3.0 3.61 4.0 4.47 5.0 5.39 6.0 6.32 7.0 7.28 53.85 54.41 54.82 55.36 44.05 46.04 44.1 46.1 12.73 14.21 28.46 29.15 27.51 28.23 46.01 47.38 30.41 31.38 
8.25 8.0 7.28 7.0 6.32 6.0 5.39 5.0 4.47 4.0 3.61 3.0 2.83 2.0 2.24 1.0 2.0 0.0 2.24 1.0 2.83 2.0 3.61 3.0 4.47 4.0 5.39 5.0 6.32 6.0 7.28 7.0 51.92 52.5 52.89 53.45 42.05 44.05 42.11 44.1 11.4 12.73 27.89 28.46 26.93 27.51 44.69 46.01 29.55 30.41 
9.0 9.22 8.0 8.25 7.0 7.28 6.0 6.32 5.0 5.39 4.0 4.47 3.0 3.61 2.0 2.83 1.0 2.24 0.0 2.0 1.0 2.24 2.0 2.83 3.0 3.61 4.0 4.47 5.0 5.39 6.0 6.32 53.6 54.12 54.57 55.08 44.01 46.01 44.05 46.04 12.04 13.6 29.41 30.08 28.46 29.15 46.75 48.1 29.53 30.53 
9.22 9.0 8.25 8.0 7.28 7.0 6.32 6.0 5.39 5.0 4.47 4.0 3.61 3.0 2.83 2.0 2.24 1.0 2.0 0.0 2.24 1.0 2.83 2.0 3.61 3.0 4.47 4.0 5.39 5.0 6.32 6.0 51.66 52.2 52.63 53.16 42.01 44.01 42.05 44.05 10.63 12.04 28.86 29.41 27.89 28.46 45.45 46.75 28.64 29.53 
10.0 10.2 9.0 9.22 8.0 8.25 7.0 7.28 6.0 6.32 5.0 5.39 4.0 4.47 3.0 3.61 2.0 2.83 1.0 2.24 0.0 2.0 1.0 2.24 2.0 2.83 3.0 3.61 4.0 4.47 5.0 5.39 53.37 53.85 54.34 54.82 44.0 46.0 44.01 46.01 11.4 13.04 30.36 31.02 29.41 30.08 47.51 48.84 28.65 29.68 
10.2 10.0 9.22 9.0 8.25 8.0 7.28 7.0 6.32 6.0 5.39 5.0 4.47 4.0 3.61 3.0 2.83 2.0 2.24 1.0 2.0 0.0 2.24 1.0 2.83 2.0 3.61 3.0 4.47 4.0 5.39 5.0 51.42 51.92 52.39 52.89 42.0 44.0 42.01 44.01 9.9 11.4 29.83 30.36 28.86 29.41 46.23 47.51 27.73 28.65 
11.0 11.18 10.0 10.2 9.0 9.22 8.0 8.25 7.0 7.28 6.0 6.32 5.0 5.39 4.0 4.47 3.0 3.61 2.0 2.83 1.0 2.24 0.0 2.0 1.0 2.24 2.0 2.83 3.0 3.61 4.0 4.47 53.15 53.6 54.13 54.57 44.01 46.01 44.0 46.0 10.82 12.53 31.32 31.95 30.36 31.02 48.27 49.58 27.78 28.84 
11.18 11.0 10.2 10.0 9.22 9.0 8.25 8.0 7.28 7.0 6.32 6.0 5.39 5.0 4.47 4.0 3.61 3.0 2.83 2.0 2.24 1.0 2.0 0.0 2.24 1.0 2.83 2.0 3.61 3.0 4.47 4.0 51.2 51.66 52.17 52.63 42.01 44.01 42.0 44.0 9.22 10.82 30.81 31.32 29.83 30.36 47.01 48.27 26.83 27.78 
12.0 12.17 11.0 11.18 10.0 10.2 9.0 9.22 8.0 8.25 7.0 7.28 6.0 6.32 5.0 5.39 4.0 4.47 3.0 3.61 2.0 2.83 1.0 2.24 0.0 2.0 1.0 2.24 2.0 2.83 3.0 3.61 52.95 53.37 53.94 54.34 44.05 46.04 44.01 46.01 10.3 12.08 32.28 32.89 31.32 31.95 49.04 50.33 26.93 28.02 
12.17 12.0 11.18 11.0 10.2 10.0 9.22 9.0 8.25 8.0 7.28 7.0 6.32 6.0 5.39 5.0 4.47 4.0 3.61 3.0 2.83 2.0 2.24 1.0 2.0 0.0 2.24 1.0 2.83 2.0 3.61 3.0 50.99 51.42 51.97 52.39 42.05 44.05 42.01 44.01 8.6 10.3 31.78 32.28 30.81 31.32 47.8 49.04 25.94 26.93 
13.0 13.15 12.0 12.17 11.0 11.18 10.0 10.2 9.0 9.22 8.0 8.25 7.0 7.28 6.0 6.32 5.0 5.39 4.0 4.47 3.0 3.61 2.0 2.83 1.0 2.24 0.0 2.0 1.0 2.24 2.0 2.83 52.77 53.15 53.76 54.13 44.1 46.1 44.05 46.04 9.85 11.7 33.24 33.84 32.28 32.89 49.82 51.09 26.08 27.2 
13.15 13.0 12.17 12.0 11.18 11.0 10.2 10.0 9.22 9.0 8.25 8.0 7.28 7.0 6.32 6.0 5.39 5.0 4.47 4.0 3.61 3.0 2.83 2.0 2.24 1.0 2.0 0.0 2.24 1.0 2.83 2.0 50.8 51.2 51.79 52.17 42.11 44.1 42.05 44.05 8.06 9.85 32.76 33.24 31.78 32.28 48.6 49.82 25.06 26.08 
14.0 14.14 13.0 13.15 12.0 12.17 11.0 11.18 10.0 10.2 9.0 9.22 8.0 8.25 7.0 7.28 6.0 6.32 5.0 5.39 4.0 4.47 3.0 3.61 2.0 2.83 1.0 2.24 0.0 2.0 1.0 2.24 52.61 52.95 53.6 53.94 44.18 46.17 44.1 46.1 9.49 11.4 34.21 34.79 33.24 33.84 50.61 51.86 25.24 26.4 
14.14 14.0 13.15 13.0 12.17 12.0 11.18 11.0 10.2 10.0 9.22 9.0 8.25 8.0 7.28 7.0 6.32 6.0 5.39 5.0 4.47 4.0 3.61 3.0 2.83 2.0 2.24 1.0 2.0 0.0 2.24 1.0 50.64 50.99 51.62 51.97 42.19 44.18 42.11 44.1 7.62 9.49 33.73 34.21 32.76 33.24 49.41 50.61 24.19 25.24 
15.0 15.13 14.0 14.14 13.0 13.15 12.0 12.17 11.0 11.18 10.0 10.2 9.0 9.22 8.0 8.25 7.0 7.28 6.0 6.32 5.0 5.39 4.0 4.47 3.0 3.61 2.0 2.83 1.0 2.24 0.0 2.0 52.47 52.77 53.46 53.76 44.28 46.27 44.18 46.17 9.22 11.18 35.17 35.74 34.21 34.79 51.4 52.63 24.41 25.61 
15.13 15.0 14.14 14.0 13.15 13.0 12.17 12.0 11.18 11.0 10.2 10.0 9.22 9.0 8.25 8.0 7.28 7.0 6.32 6.0 5.39 5.0 4.47 4.0 3.61 3.0 2.83 2.0 2.24 1.0 2.0 0.0 50.49 50.8 51.48 51.79 42.3 44.28 42.19 44.18 7.28 9.22 34.71 35.17 33.73 34.21 50.22 51.4 23.32 24.41 
56.46 54.63 56.08 54.23 55.71 53.85 55.36 53.49 55.03 53.14 54.71 52.81 54.41 52.5 54.12 52.2 53.85 51.92 53.6 51.66 53.37 51.42 53.15 51.2 52.95 50.99 52.77 50.8 52.61 50.64 52.47 50.49 0.0 2.0 1.0 2.24 14.42 13.42 13.6 12.53 43.29 41.3 59.41 57.98 58.73 57.28 52.39 51.62 40.16 38.28 
57.27 55.46 56.86 55.04 56.46 54.63 56.08 54.23 55.71 53.85 55.36 53.49 55.03 53.14 54.71 52.81 54.41 52.5 54.12 52.2 53.85 51.92 53.6 51.66 53.37 51.42 53.15 51.2 52.95 50.99 52.77 50.8 2.0 0.0 2.24 1.0 16.12 15.23 15.26 14.32 43.57 41.59 60.81 59.41 60.11 58.69 54.23 53.49 39.56 37.64 
57.38 55.54 57.01 55.15 56.65 54.78 56.3 54.42 55.97 54.08 55.66 53.76 55.36 53.45 55.08 53.16 54.82 52.89 54.57 52.63 54.34 52.39 54.13 52.17 53.94 51.97 53.76 51.79 53.6 51.62 53.46 51.48 1.0 2.24 0.0 2.0 15.0 13.89 14.21 13.04 44.28 42.3 60.14 58.69 59.46 58.0 52.8 52.0 41.11 39.22 
58.18 56.36 57.78 55.95 57.38 55.54 57.01 55.15 56.65 54.78 56.3 54.42 55.97 54.08 55.66 53.76 55.36 53.45 55.08 53.16 54.82 52.89 54.57 52.63 54.34 52.39 54.13 52.17 53.94 51.97 53.76 51.79 2.24 1.0 2.0 0.0 16.64 15.65 15.81 14.76 44.55 42.58 61.52 60.11 60.83 59.4 54.63 53.85 40.52 38.6 
45.12 43.17 44.91 42.95 44.72 42.76 44.55 42.58 44.41 42.43 44.28 42.3 44.18 42.19 44.1 42.11 44.05 42.05 44.01 42.01 44.0 42.0 44.01 42.01 44.05 42.05 44.1 42.11 44.18 42.19 44.28 42.3 14.42 16.12 15.0 16.64 0.0 2.0 1.0 2.24 35.69 33.73 45.45 43.93 44.82 43.28 38.28 37.64 39.05 37.54 
47.07 45.12 46.87 44.91 46.69 44.72 46.53 44.55 46.39 44.41 46.27 44.28 46.17 44.18 46.1 44.1 46.04 44.05 46.01 44.01 46.0 44.0 46.01 44.01 46.04 44.05 46.1 44.1 46.17 44.18 46.27 44.28 13.42 15.23 13.89 15.65 2.0 0.0 2.24 1.0 37.66 35.69 47.01 45.45 46.4 44.82 39.0 38.28 40.61 39.05 
45.35 43.42 45.12 43.17 44.91 42.95 44.72 42.76 44.55 42.58 44.41 42.43 44.28 42.3 44.18 42.19 44.1 42.11 44.05 42.05 44.01 42.01 44.0 42.0 44.01 42.01 44.05 42.05 44.1 42.11 44.18 42.19 13.6 15.26 14.21 15.81 1.0 2.24 0.0 2.0 35.51 33.54 46.1 44.6 45.45 43.93 39.22 38.6 38.42 36.88 
47.3 45.35 47.07 45.12 46.87 44.91 46.69 44.72 46.53 44.55 46.39 44.41 46.27 44.28 46.17 44.18 46.1 44.1 46.04 44.05 46.01 44.01 46.0 44.0 46.01 44.01 46.04 44.05 46.1 44.1 46.17 44.18 12.53 14.32 13.04 14.76 2.24 1.0 2.0 0.0 37.48 35.51 47.63 46.1 47.01 45.45 39.92 39.22 40.0 38.42 
19.24 18.38 18.36 17.46 17.49 16.55 16.64 15.65 15.81 14.76 15.0 13.89 14.21 13.04 13.45 12.21 12.73 11.4 12.04 10.63 11.4 9.9 10.82 9.22 10.3 8.6 9.85 8.06 9.49 7.62 9.22 7.28 43.29 43.57 44.28 44.55 35.69 37.66 35.51 37.48 0.0 2.0 36.0 36.06 35.0 35.06 48.3 49.24 18.68 19.31 
20.25 19.24 19.42 18.36 18.6 17.49 17.8 16.64 17.03 15.81 16.28 15.0 15.56 14.21 14.87 13.45 14.21 12.73 13.6 12.04 13.04 11.4 12.53 10.82 12.08 10.3 11.7 9.85 11.4 9.49 11.18 9.22 41.3 41.59 42.3 42.58 33.73 35.69 33.54 35.51 2.0 0.0 36.06 36.0 35.06 35.0 47.42 48.3 18.25 18.68 
21.02 20.25 21.93 21.19 22.85 22.14 23.77 23.09 24.7 24.04 25.63 25.0 26.57 25.96 27.51 26.93 28.46 27.89 29.41 28.86 30.36 29.83 31.32 30.81 32.28 31.78 33.24 32.76 34.21 33.73 35.17 34.71 59.41 60.81 60.14 61.52 45.45 47.01 46.1 47.63 36.0 36.06 0.0 2.0 1.0 2.24 23.09 25.0 54.23 54.45 
21.95 21.02 22.83 21.93 23.71 22.85 24.6 23.77 25.5 24.7 26.4 25.63 27.31 26.57 28.23 27.51 29.15 28.46 30.08 29.41 31.02 30.36 31.95 31.32 32.89 32.28 33.84 33.24 34.79 34.21 35.74 35.17 57.98 59.41 58.69 60.11 43.93 45.45 44.6 46.1 36.06 36.0 2.0 0.0 2.24 1.0 21.19 23.09 54.08 54.23 
20.12 19.31 21.02 20.25 21.93 21.19 22.85 22.14 23.77 23.09 24.7 24.04 25.63 25.0 26.57 25.96 27.51 26.93 28.46 27.89 29.41 28.86 30.36 29.83 31.32 30.81 32.28 31.78 33.24 32.76 34.21 33.73 58.73 60.11 59.46 60.83 44.82 46.4 45.45 47.01 35.0 35.06 1.0 2.24 0.0 2.0 23.41 25.3 53.24 53.46 
21.1 20.12 21.95 21.02 22.83 21.93 23.71 22.85 24.6 23.77 25.5 24.7 26.4 25.63 27.31 26.57 28.23 27.51 29.15 28.46 30.08 29.41 31.02 30.36 31.95 31.32 32.89 32.28 33.84 33.24 34.79 34.21 57.28 58.69 58.0 59.4 43.28 44.82 43.93 45.45 35.06 35.0 2.24 1.0 2.0 0.0 21.54 23.41 53.08 53.24 
40.46 38.95 41.11 39.62 41.77 40.31 42.45 41.01 43.14 41.73 43.84 42.45 44.55 43.19 45.28 43.93 46.01 44.69 46.75 45.45 47.51 46.23 48.27 47.01 49.04 47.8 49.82 48.6 50.61 49.41 51.4 50.22 52.39 54.23 52.8 54.63 38.28 39.0 39.22 39.92 48.3 47.42 23.09 21.19 23.41 21.54 0.0 2.0 63.32 62.82 
42.01 40.46 42.64 41.11 43.28 41.77 43.93 42.45 44.6 43.14 45.28 43.84 45.97 44.55 46.67 45.28 47.38 46.01 48.1 46.75 48.84 47.51 49.58 48.27 50.33 49.04 51.09 49.82 51.86 50.61 52.63 51.4 51.62 53.49 52.0 53.85 37.64 38.28 38.6 39.22 49.24 48.3 25.0 23.09 25.3 23.41 2.0 0.0 63.89 63.32 
37.7 37.0 36.77 36.06 35.85 35.11 34.93 34.18 34.01 33.24 33.11 32.31 32.2 31.38 31.3 30.46 30.41 29.55 29.53 28.64 28.65 27.73 27.78 26.83 26.93 25.94 26.08 25.06 25.24 24.19 24.41 23.32 40.16 39.56 41.11 40.52 39.05 40.61 38.42 40.0 18.68 18.25 54.23 54.08 53.24 53.08 63.32 63.89 0.0 2.0 
38.48 37.7 37.58 36.77 36.67 35.85 35.78 34.93 34.89 34.01 34.0 33.11 33.12 32.2 32.25 31.3 31.38 30.41 30.53 29.53 29.68 28.65 28.84 27.78 28.02 26.93 27.2 26.08 26.4 25.24 25.61 24.41 38.28 37.64 39.22 38.6 37.54 39.05 36.88 38.42 19.31 18.68 54.45 54.23 53.46 53.24 62.82 63.32 2.0 0.0 
