35
0.0 2.0 12.17 12.0 3.16 1.41 15.52 13.6 8.06 8.54 14.56 14.14 17.26 15.3 9.49 10.3 20.0 18.0 14.87 13.6 8.06 6.08 12.37 10.44 3.61 2.24 10.3 9.49 19.72 18.79 3.0 5.0 10.44 10.05 9.06 
2.0 0.0 14.14 14.0 4.24 3.16 17.46 15.52 8.06 8.06 16.49 16.12 19.24 17.26 9.06 9.49 22.0 20.0 16.4 15.26 10.05 8.06 14.32 12.37 5.39 3.61 12.08 11.4 21.47 20.62 1.0 3.0 11.18 10.44 9.49 
12.17 14.14 0.0 2.0 11.05 11.05 3.61 2.24 14.32 16.16 2.83 2.0 5.1 3.16 16.55 18.38 8.25 6.32 8.06 6.08 4.12 6.08 1.0 2.24 9.0 11.0 4.24 3.16 9.43 7.81 15.13 17.12 12.04 13.6 13.04 
12.0 14.0 2.0 0.0 11.4 11.05 5.0 4.12 15.26 17.0 4.47 2.83 5.83 4.24 17.49 19.24 8.0 6.0 10.05 8.06 4.12 6.08 3.0 3.61 9.22 11.18 5.83 4.24 11.18 9.43 15.0 17.0 13.45 14.87 14.21 
3.16 4.24 11.05 11.4 0.0 2.0 14.04 12.04 5.39 6.4 13.04 13.04 16.0 14.0 7.21 8.49 19.24 17.26 12.21 11.18 7.28 5.39 11.0 9.0 2.24 1.0 8.25 8.0 17.46 16.76 5.0 6.71 7.28 7.0 6.0 
1.41 3.16 11.05 11.05 2.0 0.0 14.32 12.37 7.28 8.06 13.34 13.04 16.12 14.14 8.94 10.0 19.03 17.03 13.45 12.21 7.0 5.0 11.18 9.22 2.24 1.0 8.94 8.25 18.36 17.46 4.12 6.08 9.22 9.0 8.0 
15.52 17.46 3.61 5.0 14.04 14.32 0.0 2.0 16.49 18.44 1.0 2.24 2.24 1.0 18.68 20.62 6.4 5.0 7.21 5.66 7.62 9.49 3.16 5.1 12.17 14.14 6.08 6.08 6.32 4.47 18.44 20.4 13.42 15.23 14.87 
13.6 15.52 2.24 4.12 12.04 12.37 2.0 0.0 14.56 16.49 1.0 2.24 4.12 2.24 16.76 18.68 8.06 6.4 6.32 4.47 5.83 7.62 1.41 3.16 10.2 12.17 4.12 4.12 7.21 5.66 16.49 18.44 11.66 13.42 13.0 
8.06 8.06 14.32 15.26 5.39 7.28 16.49 14.56 0.0 2.0 15.52 16.16 18.68 16.76 2.24 4.12 22.47 20.62 12.17 12.0 11.4 9.9 13.93 12.08 7.21 6.32 10.44 11.18 18.11 18.0 8.25 8.94 4.47 2.83 2.24 
8.54 8.06 16.16 17.0 6.4 8.06 18.44 16.49 2.0 0.0 17.46 18.03 20.62 18.68 1.0 2.24 24.35 22.47 14.14 14.0 13.04 11.4 15.81 13.93 8.49 7.21 12.37 13.0 20.1 20.0 8.0 8.25 6.32 4.47 4.12 
14.56 16.49 2.83 4.47 13.04 13.34 1.0 1.0 15.52 17.46 0.0 2.0 3.16 1.41 17.72 19.65 7.21 5.66 6.71 5.0 6.71 8.54 2.24 4.12 11.18 13.15 5.1 5.1 6.71 5.0 17.46 19.42 12.53 14.32 13.93 
14.14 16.12 2.0 2.83 13.04 13.04 2.24 2.24 16.16 18.03 2.0 0.0 3.16 1.41 18.38 20.25 6.32 4.47 8.54 6.71 6.08 8.06 2.24 4.12 11.0 13.0 5.83 5.1 8.54 6.71 17.12 19.1 13.6 15.26 14.76 
17.26 19.24 5.1 5.83 16.0 16.12 2.24 4.12 18.68 20.62 3.16 3.16 0.0 2.0 20.88 22.8 4.24 3.16 9.22 7.81 9.22 11.18 5.0 7.0 14.04 16.03 8.25 8.0 7.0 5.0 20.22 22.2 15.65 17.46 17.09 
15.3 17.26 3.16 4.24 14.0 14.14 1.0 2.24 16.76 18.68 1.41 1.41 2.0 0.0 18.97 20.88 5.83 4.24 8.06 6.4 7.28 9.22 3.0 5.0 12.04 14.04 6.32 6.0 7.28 5.39 18.25 20.22 13.89 15.65 15.23 
9.49 9.06 16.55 17.49 7.21 8.94 18.68 16.76 2.24 1.0 17.72 18.38 20.88 18.97 0.0 2.0 24.7 22.85 14.04 14.04 13.6 12.04 16.16 14.32 9.22 8.06 12.65 13.42 20.02 20.02 9.0 9.22 6.08 4.12 4.0 
10.3 9.49 18.38 19.24 8.49 10.0 20.62 18.68 4.12 2.24 19.65 20.25 22.8 20.88 2.0 0.0 26.57 24.7 16.03 16.03 15.26 13.6 18.03 16.16 10.63 9.22 14.56 15.23 22.02 22.02 9.22 9.0 8.06 6.08 6.0 
20.0 22.0 8.25 8.0 19.24 19.03 6.4 8.06 22.47 24.35 7.21 6.32 4.24 5.83 24.7 26.57 0.0 2.0 13.45 12.04 12.04 14.04 8.54 10.44 17.12 19.1 12.08 11.4 10.44 8.54 23.0 25.0 19.72 21.47 21.02 
18.0 20.0 6.32 6.0 17.26 17.03 5.0 6.4 20.62 22.47 5.66 4.47 3.16 4.24 22.85 24.7 2.0 0.0 12.21 10.63 10.05 12.04 6.71 8.54 15.13 17.12 10.3 9.49 10.05 8.06 21.0 23.0 18.03 19.72 19.24 
14.87 16.4 8.06 10.05 12.21 13.45 7.21 6.32 12.17 14.14 6.71 8.54 9.22 8.06 14.04 16.03 13.45 12.21 0.0 2.0 9.49 10.3 7.07 7.07 11.31 12.81 5.39 7.28 6.0 6.32 17.2 18.87 8.0 10.0 10.05 
13.6 15.26 6.08 8.06 11.18 12.21 5.66 4.47 12.0 14.0 5.0 6.71 7.81 6.4 14.04 16.03 12.04 10.63 2.0 0.0 7.62 8.6 5.1 5.1 10.0 11.66 3.61 5.39 6.32 6.0 16.12 17.89 8.25 10.2 10.05 
8.06 10.05 4.12 4.12 7.28 7.0 7.62 5.83 11.4 13.04 6.71 6.08 9.22 7.28 13.6 15.26 12.04 10.05 9.49 7.62 0.0 2.0 4.47 2.83 5.1 7.07 4.12 2.24 12.73 11.4 11.05 13.04 10.3 11.4 10.63 
6.08 8.06 6.08 6.08 5.39 5.0 9.49 7.62 9.9 11.4 8.54 8.06 11.18 9.22 12.04 13.6 14.04 12.04 10.3 8.6 2.0 0.0 6.32 4.47 3.16 5.1 5.0 3.61 14.21 13.04 9.06 11.05 9.49 10.3 9.43 
12.37 14.32 1.0 3.0 11.0 11.18 3.16 1.41 13.93 15.81 2.24 2.24 5.0 3.0 16.16 18.03 8.54 6.71 7.07 5.1 4.47 6.32 0.0 2.0 9.06 11.05 3.61 3.0 8.6 7.07 15.3 17.26 11.4 13.04 12.53 
10.44 12.37 2.24 3.61 9.0 9.22 5.1 3.16 12.08 13.93 4.12 4.12 7.0 5.0 14.32 16.16 10.44 8.54 7.07 5.1 2.83 4.47 2.0 0.0 7.07 9.06 2.24 1.0 9.9 8.6 13.34 15.3 9.9 11.4 10.82 
3.61 5.39 9.0 9.22 2.24 2.24 12.17 10.2 7.21 8.49 11.18 11.0 14.04 12.04 9.22 10.63 17.12 15.13 11.31 10.0 5.1 3.16 9.06 7.07 0.0 2.0 6.71 6.08 16.12 15.23 6.32 8.25 8.0 8.25 7.28 
2.24 3.61 11.0 11.18 1.0 1.0 14.14 12.17 6.32 7.21 13.15 13.0 16.03 14.04 8.06 9.22 19.1 17.12 12.81 11.66 7.07 5.1 11.05 9.06 2.0 0.0 8.54 8.06 17.89 17.09 4.47 6.32 8.25 8.0 7.0 
10.3 12.08 4.24 5.83 8.25 8.94 6.08 4.12 10.44 12.37 5.1 5.83 8.25 6.32 12.65 14.56 12.08 10.3 5.39 3.61 4.12 5.0 3.61 2.24 6.71 8.54 0.0 2.0 9.43 8.54 13.0 14.87 7.81 9.43 8.94 
9.49 11.4 3.16 4.24 8.0 8.25 6.08 4.12 11.18 13.0 5.1 5.1 8.0 6.0 13.42 15.23 11.4 9.49 7.28 5.39 2.24 3.61 3.0 1.0 6.08 8.06 2.0 0.0 10.63 9.43 12.37 14.32 9.22 10.63 10.0 
19.72 21.47 9.43 11.18 17.46 18.36 6.32 7.21 18.11 20.1 6.71 8.54 7.0 7.28 20.02 22.02 10.44 10.05 6.0 6.32 12.73 14.21 8.6 9.9 16.12 17.89 9.43 10.63 0.0 2.0 22.36 24.17 14.0 16.0 16.03 
18.79 20.62 7.81 9.43 16.76 17.46 4.47 5.66 18.0 20.0 5.0 6.71 5.0 5.39 20.02 22.02 8.54 8.06 6.32 6.0 11.4 13.04 7.07 8.6 15.23 17.09 8.54 9.43 2.0 0.0 21.54 23.41 14.14 16.12 16.03 
3.0 1.0 15.13 15.0 5.0 4.12 18.44 16.49 8.25 8.0 17.46 17.12 20.22 18.25 9.0 9.22 23.0 21.0 17.2 16.12 11.05 9.06 15.3 13.34 6.32 4.47 13.0 12.37 22.36 21.54 0.0 2.0 11.66 10.77 9.85 
5.0 3.0 17.12 17.0 6.71 6.08 20.4 18.44 8.94 8.25 19.42 19.1 22.2 20.22 9.22 9.0 25.0 23.0 18.87 17.89 13.04 11.05 17.26 15.3 8.25 6.32 14.87 14.32 24.17 23.41 2.0 0.0 12.81 11.66 10.82 
10.44 11.18 12.04 13.45 7.28 9.22 13.42 11.66 4.47 6.32 12.53 13.6 15.65 13.89 6.08 8.06 19.72 18.03 8.0 8.25 10.3 9.49 11.4 9.9 8.0 8.25 7.81 9.22 14.0 14.14 11.66 12.81 0.0 2.0 2.24 
10.05 10.44 13.6 14.87 7.0 9.0 15.23 13.42 2.83 4.47 14.32 15.26 17.46 15.65 4.12 6.08 21.47 19.72 10.0 10.2 11.4 10.3 13.04 11.4 8.25 8.0 9.43 10.63 16.0 16.12 10.77 11.66 2.0 0.0 1.0 
9.06 9.49 13.04 14.21 6.0 8.0 14.87 13.0 2.24 4.12 13.93 14.76 17.09 15.23 4.0 6.0 21.02 19.24 10.05 10.05 10.63 9.43 12.53 10.82 7.28 7.0 8.94 10.0 16.03 16.03 9.85 10.82 2.24 1.0 0.0 
