10
0.0 2.0 1.0 2.24 19.24 21.02 19.72 21.47 20.25 21.95 
2.0 0.0 2.24 1.0 17.49 19.24 18.03 19.72 18.6 20.25 
1.0 2.24 0.0 2.0 18.79 20.62 19.24 21.02 19.72 21.47 
2.24 1.0 2.0 0.0 17.0 18.79 17.49 19.24 18.03 19.72 
19.24 17.49 18.79 17.0 0.0 2.0 1.0 2.24 2.0 2.83 
21.02 19.24 20.62 18.79 2.0 0.0 2.24 1.0 2.83 2.0 
19.72 18.03 19.24 17.49 1.0 2.24 0.0 2.0 1.0 2.24 
21.47 19.72 21.02 19.24 2.24 1.0 2.0 0.0 2.24 1.0 
20.25 18.6 19.72 18.03 2.0 2.83 1.0 2.24 0.0 2.0 
21.95 20.25 21.47 19.72 2.83 2.0 2.24 1.0 2.0 0.0 
