45
0.0 2.0 1.0 2.24 2.0 2.83 3.0 3.61 4.0 4.47 5.0 5.39 6.0 6.32 17.26 15.3 17.46 15.52 17.72 15.81 18.03 16.16 18.38 16.55 18.79 17.0 19.24 17.49 19.72 18.03 20.25 18.6 20.81 19.21 21.4 19.85 22.02 20.52 18.0 18.11 11.18 11.0 8.06 8.06 41.01 
2.0 0.0 2.24 1.0 2.83 2.0 3.61 3.0 4.47 4.0 5.39 5.0 6.32 6.0 17.03 15.03 17.12 15.13 17.26 15.3 17.46 15.52 17.72 15.81 18.03 16.16 18.38 16.55 18.79 17.0 19.24 17.49 19.72 18.03 20.25 18.6 20.81 19.21 20.0 20.1 11.7 11.18 6.08 6.08 43.01 
1.0 2.24 0.0 2.0 1.0 2.24 2.0 2.83 3.0 3.61 4.0 4.47 5.0 5.39 18.25 16.28 18.44 16.49 18.68 16.76 18.97 17.09 19.31 17.46 19.7 17.89 20.12 18.36 20.59 18.87 21.1 19.42 21.63 20.0 22.2 20.62 22.8 21.26 18.03 18.03 12.17 12.0 8.25 8.0 41.0 
2.24 1.0 2.0 0.0 2.24 1.0 2.83 2.0 3.61 3.0 4.47 4.0 5.39 5.0 18.03 16.03 18.11 16.12 18.25 16.28 18.44 16.49 18.68 16.76 18.97 17.09 19.31 17.46 19.7 17.89 20.12 18.36 20.59 18.87 21.1 19.42 21.63 20.0 20.02 20.02 12.65 12.17 6.32 6.0 43.0 
2.0 2.83 1.0 2.24 0.0 2.0 1.0 2.24 2.0 2.83 3.0 3.61 4.0 4.47 19.24 17.26 19.42 17.46 19.65 17.72 19.92 18.03 20.25 18.38 20.62 18.79 21.02 19.24 21.47 19.72 21.95 20.25 22.47 20.81 23.02 21.4 23.6 22.02 18.11 18.0 13.15 13.0 8.54 8.06 41.01 
2.83 2.0 2.24 1.0 2.0 0.0 2.24 1.0 2.83 2.0 3.61 3.0 4.47 4.0 19.03 17.03 19.1 17.12 19.24 17.26 19.42 17.46 19.65 17.72 19.92 18.03 20.25 18.38 20.62 18.79 21.02 19.24 21.47 19.72 21.95 20.25 22.47 20.81 20.1 20.0 13.6 13.15 6.71 6.08 43.01 
3.0 3.61 2.0 2.83 1.0 2.24 0.0 2.0 1.0 2.24 2.0 2.83 3.0 3.61 20.22 18.25 20.4 18.44 20.62 18.68 20.88 18.97 21.19 19.31 21.54 19.7 21.93 20.12 22.36 20.59 22.83 21.1 23.32 21.63 23.85 22.2 24.41 22.8 18.25 18.03 14.14 14.0 8.94 8.25 41.05 
3.61 3.0 2.83 2.0 2.24 1.0 2.0 0.0 2.24 1.0 2.83 2.0 3.61 3.0 20.02 18.03 20.1 18.11 20.22 18.25 20.4 18.44 20.62 18.68 20.88 18.97 21.19 19.31 21.54 19.7 21.93 20.12 22.36 20.59 22.83 21.1 23.32 21.63 20.22 20.02 14.56 14.14 7.21 6.32 43.05 
4.0 4.47 3.0 3.61 2.0 2.83 1.0 2.24 0.0 2.0 1.0 2.24 2.0 2.83 21.21 19.24 21.38 19.42 21.59 19.65 21.84 19.92 22.14 20.25 22.47 20.62 22.85 21.02 23.26 21.47 23.71 21.95 24.19 22.47 24.7 23.02 25.24 23.6 18.44 18.11 15.13 15.0 9.43 8.54 41.11 
4.47 4.0 3.61 3.0 2.83 2.0 2.24 1.0 2.0 0.0 2.24 1.0 2.83 2.0 21.02 19.03 21.1 19.1 21.21 19.24 21.38 19.42 21.59 19.65 21.84 19.92 22.14 20.25 22.47 20.62 22.85 21.02 23.26 21.47 23.71 21.95 24.19 22.47 20.4 20.1 15.52 15.13 7.81 6.71 43.1 
5.0 5.39 4.0 4.47 3.0 3.61 2.0 2.83 1.0 2.24 0.0 2.0 1.0 2.24 22.2 20.22 22.36 20.4 22.56 20.62 22.8 20.88 23.09 21.19 23.41 21.54 23.77 21.93 24.17 22.36 24.6 22.83 25.06 23.32 25.55 23.85 26.08 24.41 18.68 18.25 16.12 16.0 10.0 8.94 41.19 
5.39 5.0 4.47 4.0 3.61 3.0 2.83 2.0 2.24 1.0 2.0 0.0 2.24 1.0 22.02 20.02 22.09 20.1 22.2 20.22 22.36 20.4 22.56 20.62 22.8 20.88 23.09 21.19 23.41 21.54 23.77 21.93 24.17 22.36 24.6 22.83 25.06 23.32 20.62 20.22 16.49 16.12 8.49 7.21 43.19 
6.0 6.32 5.0 5.39 4.0 4.47 3.0 3.61 2.0 2.83 1.0 2.24 0.0 2.0 23.19 21.21 23.35 21.38 23.54 21.59 23.77 21.84 24.04 22.14 24.35 22.47 24.7 22.85 25.08 23.26 25.5 23.71 25.94 24.19 26.42 24.7 26.93 25.24 18.97 18.44 17.12 17.0 10.63 9.43 41.3 
6.32 6.0 5.39 5.0 4.47 4.0 3.61 3.0 2.83 2.0 2.24 1.0 2.0 0.0 23.02 21.02 23.09 21.1 23.19 21.21 23.35 21.38 23.54 21.59 23.77 21.84 24.04 22.14 24.35 22.47 24.7 22.85 25.08 23.26 25.5 23.71 25.94 24.19 20.88 20.4 17.46 17.12 9.22 7.81 43.29 
17.26 17.03 18.25 18.03 19.24 19.03 20.22 20.02 21.21 21.02 22.2 22.02 23.19 23.02 0.0 2.0 1.0 2.24 2.0 2.83 3.0 3.61 4.0 4.47 5.0 5.39 6.0 6.32 7.0 7.28 8.0 8.25 9.0 9.22 10.0 10.2 11.0 11.18 27.02 28.32 7.81 6.71 16.76 18.68 47.54 
15.3 15.03 16.28 16.03 17.26 17.03 18.25 18.03 19.24 19.03 20.22 20.02 21.21 21.02 2.0 0.0 2.24 1.0 2.83 2.0 3.61 3.0 4.47 4.0 5.39 5.0 6.32 6.0 7.28 7.0 8.25 8.0 9.22 9.0 10.2 10.0 11.18 11.0 25.81 27.02 6.4 5.0 14.87 16.76 46.82 
17.46 17.12 18.44 18.11 19.42 19.1 20.4 20.1 21.38 21.1 22.36 22.09 23.35 23.09 1.0 2.24 0.0 2.0 1.0 2.24 2.0 2.83 3.0 3.61 4.0 4.47 5.0 5.39 6.0 6.32 7.0 7.28 8.0 8.25 9.0 9.22 10.0 10.2 27.8 29.07 8.49 7.21 16.49 18.44 48.47 
15.52 15.13 16.49 16.12 17.46 17.12 18.44 18.11 19.42 19.1 20.4 20.1 21.38 21.1 2.24 1.0 2.0 0.0 2.24 1.0 2.83 2.0 3.61 3.0 4.47 4.0 5.39 5.0 6.32 6.0 7.28 7.0 8.25 8.0 9.22 9.0 10.2 10.0 26.63 27.8 7.21 5.66 14.56 16.49 47.76 
17.72 17.26 18.68 18.25 19.65 19.24 20.62 20.22 21.59 21.21 22.56 22.2 23.54 23.19 2.0 2.83 1.0 2.24 0.0 2.0 1.0 2.24 2.0 2.83 3.0 3.61 4.0 4.47 5.0 5.39 6.0 6.32 7.0 7.28 8.0 8.25 9.0 9.22 28.6 29.83 9.22 7.81 16.28 18.25 49.4 
15.81 15.3 16.76 16.28 17.72 17.26 18.68 18.25 19.65 19.24 20.62 20.22 21.59 21.21 2.83 2.0 2.24 1.0 2.0 0.0 2.24 1.0 2.83 2.0 3.61 3.0 4.47 4.0 5.39 5.0 6.32 6.0 7.28 7.0 8.25 8.0 9.22 9.0 27.46 28.6 8.06 6.4 14.32 16.28 48.7 
18.03 17.46 18.97 18.44 19.92 19.42 20.88 20.4 21.84 21.38 22.8 22.36 23.77 23.35 3.0 3.61 2.0 2.83 1.0 2.24 0.0 2.0 1.0 2.24 2.0 2.83 3.0 3.61 4.0 4.47 5.0 5.39 6.0 6.32 7.0 7.28 8.0 8.25 29.41 30.61 10.0 8.49 16.12 18.11 50.33 
16.16 15.52 17.09 16.49 18.03 17.46 18.97 18.44 19.92 19.42 20.88 20.4 21.84 21.38 3.61 3.0 2.83 2.0 2.24 1.0 2.0 0.0 2.24 1.0 2.83 2.0 3.61 3.0 4.47 4.0 5.39 5.0 6.32 6.0 7.28 7.0 8.25 8.0 28.3 29.41 8.94 7.21 14.14 16.12 49.65 
18.38 17.72 19.31 18.68 20.25 19.65 21.19 20.62 22.14 21.59 23.09 22.56 24.04 23.54 4.0 4.47 3.0 3.61 2.0 2.83 1.0 2.24 0.0 2.0 1.0 2.24 2.0 2.83 3.0 3.61 4.0 4.47 5.0 5.39 6.0 6.32 7.0 7.28 30.23 31.4 10.82 9.22 16.03 18.03 51.26 
16.55 15.81 17.46 16.76 18.38 17.72 19.31 18.68 20.25 19.65 21.19 20.62 22.14 21.59 4.47 4.0 3.61 3.0 2.83 2.0 2.24 1.0 2.0 0.0 2.24 1.0 2.83 2.0 3.61 3.0 4.47 4.0 5.39 5.0 6.32 6.0 7.28 7.0 29.15 30.23 9.85 8.06 14.04 16.03 50.6 
18.79 18.03 19.7 18.97 20.62 19.92 21.54 20.88 22.47 21.84 23.41 22.8 24.35 23.77 5.0 5.39 4.0 4.47 3.0 3.61 2.0 2.83 1.0 2.24 0.0 2.0 1.0 2.24 2.0 2.83 3.0 3.61 4.0 4.47 5.0 5.39 6.0 6.32 31.06 32.2 11.66 10.0 16.0 18.0 52.2 
17.0 16.16 17.89 17.09 18.79 18.03 19.7 18.97 20.62 19.92 21.54 20.88 22.47 21.84 5.39 5.0 4.47 4.0 3.61 3.0 2.83 2.0 2.24 1.0 2.0 0.0 2.24 1.0 2.83 2.0 3.61 3.0 4.47 4.0 5.39 5.0 6.32 6.0 30.02 31.06 10.77 8.94 14.0 16.0 51.55 
19.24 18.38 20.12 19.31 21.02 20.25 21.93 21.19 22.85 22.14 23.77 23.09 24.7 24.04 6.0 6.32 5.0 5.39 4.0 4.47 3.0 3.61 2.0 2.83 1.0 2.24 0.0 2.0 1.0 2.24 2.0 2.83 3.0 3.61 4.0 4.47 5.0 5.39 31.91 33.02 12.53 10.82 16.03 18.03 53.14 
17.49 16.55 18.36 17.46 19.24 18.38 20.12 19.31 21.02 20.25 21.93 21.19 22.85 22.14 6.32 6.0 5.39 5.0 4.47 4.0 3.61 3.0 2.83 2.0 2.24 1.0 2.0 0.0 2.24 1.0 2.83 2.0 3.61 3.0 4.47 4.0 5.39 5.0 30.89 31.91 11.7 9.85 14.04 16.03 52.5 
19.72 18.79 20.59 19.7 21.47 20.62 22.36 21.54 23.26 22.47 24.17 23.41 25.08 24.35 7.0 7.28 6.0 6.32 5.0 5.39 4.0 4.47 3.0 3.61 2.0 2.83 1.0 2.24 0.0 2.0 1.0 2.24 2.0 2.83 3.0 3.61 4.0 4.47 32.76 33.84 13.42 11.66 16.12 18.11 54.08 
18.03 17.0 18.87 17.89 19.72 18.79 20.59 19.7 21.47 20.62 22.36 21.54 23.26 22.47 7.28 7.0 6.32 6.0 5.39 5.0 4.47 4.0 3.61 3.0 2.83 2.0 2.24 1.0 2.0 0.0 2.24 1.0 2.83 2.0 3.61 3.0 4.47 4.0 31.76 32.76 12.65 10.77 14.14 16.12 53.45 
20.25 19.24 21.1 20.12 21.95 21.02 22.83 21.93 23.71 22.85 24.6 23.77 25.5 24.7 8.0 8.25 7.0 7.28 6.0 6.32 5.0 5.39 4.0 4.47 3.0 3.61 2.0 2.83 1.0 2.24 0.0 2.0 1.0 2.24 2.0 2.83 3.0 3.61 33.62 34.67 14.32 12.53 16.28 18.25 55.03 
18.6 17.49 19.42 18.36 20.25 19.24 21.1 20.12 21.95 21.02 22.83 21.93 23.71 22.85 8.25 8.0 7.28 7.0 6.32 6.0 5.39 5.0 4.47 4.0 3.61 3.0 2.83 2.0 2.24 1.0 2.0 0.0 2.24 1.0 2.83 2.0 3.61 3.0 32.65 33.62 13.6 11.7 14.32 16.28 54.41 
20.81 19.72 21.63 20.59 22.47 21.47 23.32 22.36 24.19 23.26 25.06 24.17 25.94 25.08 9.0 9.22 8.0 8.25 7.0 7.28 6.0 6.32 5.0 5.39 4.0 4.47 3.0 3.61 2.0 2.83 1.0 2.24 0.0 2.0 1.0 2.24 2.0 2.83 34.48 35.51 15.23 13.42 16.49 18.44 55.97 
19.21 18.03 20.0 18.87 20.81 19.72 21.63 20.59 22.47 21.47 23.32 22.36 24.19 23.26 9.22 9.0 8.25 8.0 7.28 7.0 6.32 6.0 5.39 5.0 4.47 4.0 3.61 3.0 2.83 2.0 2.24 1.0 2.0 0.0 2.24 1.0 2.83 2.0 33.54 34.48 14.56 12.65 14.56 16.49 55.36 
21.4 20.25 22.2 21.1 23.02 21.95 23.85 22.83 24.7 23.71 25.55 24.6 26.42 25.5 10.0 10.2 9.0 9.22 8.0 8.25 7.0 7.28 6.0 6.32 5.0 5.39 4.0 4.47 3.0 3.61 2.0 2.83 1.0 2.24 0.0 2.0 1.0 2.24 35.36 36.36 16.16 14.32 16.76 18.68 56.92 
19.85 18.6 20.62 19.42 21.4 20.25 22.2 21.1 23.02 21.95 23.85 22.83 24.7 23.71 10.2 10.0 9.22 9.0 8.25 8.0 7.28 7.0 6.32 6.0 5.39 5.0 4.47 4.0 3.61 3.0 2.83 2.0 2.24 1.0 2.0 0.0 2.24 1.0 34.44 35.36 15.52 13.6 14.87 16.76 56.32 
22.02 20.81 22.8 21.63 23.6 22.47 24.41 23.32 25.24 24.19 26.08 25.06 26.93 25.94 11.0 11.18 10.0 10.2 9.0 9.22 8.0 8.25 7.0 7.28 6.0 6.32 5.0 5.39 4.0 4.47 3.0 3.61 2.0 2.83 1.0 2.24 0.0 2.0 36.24 37.22 17.09 15.23 17.09 18.97 57.87 
20.52 19.21 21.26 20.0 22.02 20.81 22.8 21.63 23.6 22.47 24.41 23.32 25.24 24.19 11.18 11.0 10.2 10.0 9.22 9.0 8.25 8.0 7.28 7.0 6.32 6.0 5.39 5.0 4.47 4.0 3.61 3.0 2.83 2.0 2.24 1.0 2.0 0.0 35.34 36.24 16.49 14.56 15.23 17.09 57.28 
18.0 20.0 18.03 20.02 18.11 20.1 18.25 20.22 18.44 20.4 18.68 20.62 18.97 20.88 27.02 25.81 27.8 26.63 28.6 27.46 29.41 28.3 30.23 29.15 31.06 30.02 31.91 30.89 32.76 31.76 33.62 32.65 34.48 33.54 35.36 34.44 36.24 35.34 0.0 2.0 19.42 21.1 26.02 26.02 23.02 
18.11 20.1 18.03 20.02 18.0 20.0 18.03 20.02 18.11 20.1 18.25 20.22 18.44 20.4 28.32 27.02 29.07 27.8 29.83 28.6 30.61 29.41 31.4 30.23 32.2 31.06 33.02 31.91 33.84 32.76 34.67 33.62 35.51 34.48 36.36 35.36 37.22 36.24 2.0 0.0 20.62 22.2 26.17 26.02 23.02 
11.18 11.7 12.17 12.65 13.15 13.6 14.14 14.56 15.13 15.52 16.12 16.49 17.12 17.46 7.81 6.4 8.49 7.21 9.22 8.06 10.0 8.94 10.82 9.85 11.66 10.77 12.53 11.7 13.42 12.65 14.32 13.6 15.23 14.56 16.16 15.52 17.09 16.49 19.42 20.62 0.0 2.0 14.14 15.62 40.8 
11.0 11.18 12.0 12.17 13.0 13.15 14.0 14.14 15.0 15.13 16.0 16.12 17.0 17.12 6.71 5.0 7.21 5.66 7.81 6.4 8.49 7.21 9.22 8.06 10.0 8.94 10.82 9.85 11.66 10.77 12.53 11.7 13.42 12.65 14.32 13.6 15.23 14.56 21.1 22.2 2.0 0.0 12.81 14.42 42.72 
8.06 6.08 8.25 6.32 8.54 6.71 8.94 7.21 9.43 7.81 10.0 8.49 10.63 9.22 16.76 14.87 16.49 14.56 16.28 14.32 16.12 14.14 16.03 14.04 16.0 14.0 16.03 14.04 16.12 14.14 16.28 14.32 16.49 14.56 16.76 14.87 17.09 15.23 26.02 26.17 14.14 12.81 0.0 2.0 49.04 
8.06 6.08 8.0 6.0 8.06 6.08 8.25 6.32 8.54 6.71 8.94 7.21 9.43 7.81 18.68 16.76 18.44 16.49 18.25 16.28 18.11 16.12 18.03 16.03 18.0 16.0 18.03 16.03 18.11 16.12 18.25 16.28 18.44 16.49 18.68 16.76 18.97 17.09 26.02 26.02 15.62 14.42 2.0 0.0 49.0 
41.01 43.01 41.0 43.0 41.01 43.01 41.05 43.05 41.11 43.1 41.19 43.19 41.3 43.29 47.54 46.82 48.47 47.76 49.4 48.7 50.33 49.65 51.26 50.6 52.2 51.55 53.14 52.5 54.08 53.45 55.03 54.41 55.97 55.36 56.92 56.32 57.87 57.28 23.02 23.02 40.8 42.72 49.04 49.0 0.0 
