80
0.0 2.0 1.0 2.24 2.0 2.83 3.0 3.61 4.0 4.47 5.0 5.39 6.0 6.32 7.0 7.28 8.0 8.25 9.0 9.22 10.0 10.2 11.0 11.18 12.0 12.17 13.0 13.15 14.0 14.14 15.0 15.13 16.0 16.12 17.0 17.12 18.0 18.11 19.0 19.1 20.0 20.1 21.0 21.1 22.0 22.09 23.0 23.09 24.0 24.08 25.0 25.08 26.08 24.41 25.55 23.85 25.06 23.32 24.6 22.83 24.17 22.36 19.72 18.79 20.59 19.7 21.47 20.62 22.36 21.54 23.26 22.47 24.17 23.41 25.08 24.35 26.0 25.3 8.25 8.94 
2.0 0.0 2.24 1.0 2.83 2.0 3.61 3.0 4.47 4.0 5.39 5.0 6.32 6.0 7.28 7.0 8.25 8.0 9.22 9.0 10.2 10.0 11.18 11.0 12.17 12.0 13.15 13.0 14.14 14.0 15.13 15.0 16.12 16.0 17.12 17.0 18.11 18.0 19.1 19.0 20.1 20.0 21.1 21.0 22.09 22.0 23.09 23.0 24.08 24.0 25.08 25.0 27.2 25.61 26.63 25.0 26.08 24.41 25.55 23.85 25.06 23.32 18.03 17.0 18.87 17.89 19.72 18.79 20.59 19.7 21.47 20.62 22.36 21.54 23.26 22.47 24.17 23.41 8.0 8.25 
1.0 2.24 0.0 2.0 1.0 2.24 2.0 2.83 3.0 3.61 4.0 4.47 5.0 5.39 6.0 6.32 7.0 7.28 8.0 8.25 9.0 9.22 10.0 10.2 11.0 11.18 12.0 12.17 13.0 13.15 14.0 14.14 15.0 15.13 16.0 16.12 17.0 17.12 18.0 18.11 19.0 19.1 20.0 20.1 21.0 21.1 22.0 22.09 23.0 23.09 24.0 24.08 26.93 25.24 26.42 24.7 25.94 24.19 25.5 23.71 25.08 23.26 20.25 19.24 21.1 20.12 21.95 21.02 22.83 21.93 23.71 22.85 24.6 23.77 25.5 24.7 26.4 25.63 9.22 9.85 
2.24 1.0 2.0 0.0 2.24 1.0 2.83 2.0 3.61 3.0 4.47 4.0 5.39 5.0 6.32 6.0 7.28 7.0 8.25 8.0 9.22 9.0 10.2 10.0 11.18 11.0 12.17 12.0 13.15 13.0 14.14 14.0 15.13 15.0 16.12 16.0 17.12 17.0 18.11 18.0 19.1 19.0 20.1 20.0 21.1 21.0 22.09 22.0 23.09 23.0 24.08 24.0 28.02 26.4 27.46 25.81 26.93 25.24 26.42 24.7 25.94 24.19 18.6 17.49 19.42 18.36 20.25 19.24 21.1 20.12 21.95 21.02 22.83 21.93 23.71 22.85 24.6 23.77 9.0 9.22 
2.0 2.83 1.0 2.24 0.0 2.0 1.0 2.24 2.0 2.83 3.0 3.61 4.0 4.47 5.0 5.39 6.0 6.32 7.0 7.28 8.0 8.25 9.0 9.22 10.0 10.2 11.0 11.18 12.0 12.17 13.0 13.15 14.0 14.14 15.0 15.13 16.0 16.12 17.0 17.12 18.0 18.11 19.0 19.1 20.0 20.1 21.0 21.1 22.0 22.09 23.0 23.09 27.78 26.08 27.29 25.55 26.83 25.06 26.4 24.6 26.0 24.17 20.81 19.72 21.63 20.59 22.47 21.47 23.32 22.36 24.19 23.26 25.06 24.17 25.94 25.08 26.83 26.0 10.2 10.77 
2.83 2.0 2.24 1.0 2.0 0.0 2.24 1.0 2.83 2.0 3.61 3.0 4.47 4.0 5.39 5.0 6.32 6.0 7.28 7.0 8.25 8.0 9.22 9.0 10.2 10.0 11.18 11.0 12.17 12.0 13.15 13.0 14.14 14.0 15.13 15.0 16.12 16.0 17.12 17.0 18.11 18.0 19.1 19.0 20.1 20.0 21.1 21.0 22.09 22.0 23.09 23.0 28.84 27.2 28.3 26.63 27.78 26.08 27.29 25.55 26.83 25.06 19.21 18.03 20.0 18.87 20.81 19.72 21.63 20.59 22.47 21.47 23.32 22.36 24.19 23.26 25.06 24.17 10.0 10.2 
3.0 3.61 2.0 2.83 1.0 2.24 0.0 2.0 1.0 2.24 2.0 2.83 3.0 3.61 4.0 4.47 5.0 5.39 6.0 6.32 7.0 7.28 8.0 8.25 9.0 9.22 10.0 10.2 11.0 11.18 12.0 12.17 13.0 13.15 14.0 14.14 15.0 15.13 16.0 16.12 17.0 17.12 18.0 18.11 19.0 19.1 20.0 20.1 21.0 21.1 22.0 22.09 28.65 26.93 28.18 26.42 27.73 25.94 27.31 25.5 26.93 25.08 21.4 20.25 22.2 21.1 23.02 21.95 23.85 22.83 24.7 23.71 25.55 24.6 26.42 25.5 27.29 26.4 11.18 11.7 
3.61 3.0 2.83 2.0 2.24 1.0 2.0 0.0 2.24 1.0 2.83 2.0 3.61 3.0 4.47 4.0 5.39 5.0 6.32 6.0 7.28 7.0 8.25 8.0 9.22 9.0 10.2 10.0 11.18 11.0 12.17 12.0 13.15 13.0 14.14 14.0 15.13 15.0 16.12 16.0 17.12 17.0 18.11 18.0 19.1 19.0 20.1 20.0 21.1 21.0 22.09 22.0 29.68 28.02 29.15 27.46 28.65 26.93 28.18 26.42 27.73 25.94 19.85 18.6 20.62 19.42 21.4 20.25 22.2 21.1 23.02 21.95 23.85 22.83 24.7 23.71 25.55 24.6 11.0 11.18 
4.0 4.47 3.0 3.61 2.0 2.83 1.0 2.24 0.0 2.0 1.0 2.24 2.0 2.83 3.0 3.61 4.0 4.47 5.0 5.39 6.0 6.32 7.0 7.28 8.0 8.25 9.0 9.22 10.0 10.2 11.0 11.18 12.0 12.17 13.0 13.15 14.0 14.14 15.0 15.13 16.0 16.12 17.0 17.12 18.0 18.11 19.0 19.1 20.0 20.1 21.0 21.1 29.53 27.78 29.07 27.29 28.64 26.83 28.23 26.4 27.86 26.0 22.02 20.81 22.8 21.63 23.6 22.47 24.41 23.32 25.24 24.19 26.08 25.06 26.93 25.94 27.78 26.83 12.17 12.65 
4.47 4.0 3.61 3.0 2.83 2.0 2.24 1.0 2.0 0.0 2.24 1.0 2.83 2.0 3.61 3.0 4.47 4.0 5.39 5.0 6.32 6.0 7.28 7.0 8.25 8.0 9.22 9.0 10.2 10.0 11.18 11.0 12.17 12.0 13.15 13.0 14.14 14.0 15.13 15.0 16.12 16.0 17.12 17.0 18.11 18.0 19.1 19.0 20.1 20.0 21.1 21.0 30.53 28.84 30.02 28.3 29.53 27.78 29.07 27.29 28.64 26.83 20.52 19.21 21.26 20.0 22.02 20.81 22.8 21.63 23.6 22.47 24.41 23.32 25.24 24.19 26.08 25.06 12.0 12.17 
5.0 5.39 4.0 4.47 3.0 3.61 2.0 2.83 1.0 2.24 0.0 2.0 1.0 2.24 2.0 2.83 3.0 3.61 4.0 4.47 5.0 5.39 6.0 6.32 7.0 7.28 8.0 8.25 9.0 9.22 10.0 10.2 11.0 11.18 12.0 12.17 13.0 13.15 14.0 14.14 15.0 15.13 16.0 16.12 17.0 17.12 18.0 18.11 19.0 19.1 20.0 20.1 30.41 28.65 29.97 28.18 29.55 27.73 29.15 27.31 28.79 26.93 22.67 21.4 23.43 22.2 24.21 23.02 25.0 23.85 25.81 24.7 26.63 25.55 27.46 26.42 28.3 27.29 13.15 13.6 
5.39 5.0 4.47 4.0 3.61 3.0 2.83 2.0 2.24 1.0 2.0 0.0 2.24 1.0 2.83 2.0 3.61 3.0 4.47 4.0 5.39 5.0 6.32 6.0 7.28 7.0 8.25 8.0 9.22 9.0 10.2 10.0 11.18 11.0 12.17 12.0 13.15 13.0 14.14 14.0 15.13 15.0 16.12 16.0 17.12 17.0 18.11 18.0 19.1 19.0 20.1 20.0 31.38 29.68 30.89 29.15 30.41 28.65 29.97 28.18 29.55 27.73 21.21 19.85 21.93 20.62 22.67 21.4 23.43 22.2 24.21 23.02 25.0 23.85 25.81 24.7 26.63 25.55 13.0 13.15 
6.0 6.32 5.0 5.39 4.0 4.47 3.0 3.61 2.0 2.83 1.0 2.24 0.0 2.0 1.0 2.24 2.0 2.83 3.0 3.61 4.0 4.47 5.0 5.39 6.0 6.32 7.0 7.28 8.0 8.25 9.0 9.22 10.0 10.2 11.0 11.18 12.0 12.17 13.0 13.15 14.0 14.14 15.0 15.13 16.0 16.12 17.0 17.12 18.0 18.11 19.0 19.1 31.3 29.53 30.87 29.07 30.46 28.64 30.08 28.23 29.73 27.86 23.35 22.02 24.08 22.8 24.84 23.6 25.61 24.41 26.4 25.24 27.2 26.08 28.02 26.93 28.84 27.78 14.14 14.56 
6.32 6.0 5.39 5.0 4.47 4.0 3.61 3.0 2.83 2.0 2.24 1.0 2.0 0.0 2.24 1.0 2.83 2.0 3.61 3.0 4.47 4.0 5.39 5.0 6.32 6.0 7.28 7.0 8.25 8.0 9.22 9.0 10.2 10.0 11.18 11.0 12.17 12.0 13.15 13.0 14.14 14.0 15.13 15.0 16.12 16.0 17.12 17.0 18.11 18.0 19.1 19.0 32.25 30.53 31.76 30.02 31.3 29.53 30.87 29.07 30.46 28.64 21.93 20.52 22.63 21.26 23.35 22.02 24.08 22.8 24.84 23.6 25.61 24.41 26.4 25.24 27.2 26.08 14.0 14.14 
7.0 7.28 6.0 6.32 5.0 5.39 4.0 4.47 3.0 3.61 2.0 2.83 1.0 2.24 0.0 2.0 1.0 2.24 2.0 2.83 3.0 3.61 4.0 4.47 5.0 5.39 6.0 6.32 7.0 7.28 8.0 8.25 9.0 9.22 10.0 10.2 11.0 11.18 12.0 12.17 13.0 13.15 14.0 14.14 15.0 15.13 16.0 16.12 17.0 17.12 18.0 18.11 32.2 30.41 31.78 29.97 31.38 29.55 31.02 29.15 30.68 28.79 24.04 22.67 24.76 23.43 25.5 24.21 26.25 25.0 27.02 25.81 27.8 26.63 28.6 27.46 29.41 28.3 15.13 15.52 
7.28 7.0 6.32 6.0 5.39 5.0 4.47 4.0 3.61 3.0 2.83 2.0 2.24 1.0 2.0 0.0 2.24 1.0 2.83 2.0 3.61 3.0 4.47 4.0 5.39 5.0 6.32 6.0 7.28 7.0 8.25 8.0 9.22 9.0 10.2 10.0 11.18 11.0 12.17 12.0 13.15 13.0 14.14 14.0 15.13 15.0 16.12 16.0 17.12 17.0 18.11 18.0 33.12 31.38 32.65 30.89 32.2 30.41 31.78 29.97 31.38 29.55 22.67 21.21 23.35 21.93 24.04 22.67 24.76 23.43 25.5 24.21 26.25 25.0 27.02 25.81 27.8 26.63 15.0 15.13 
8.0 8.25 7.0 7.28 6.0 6.32 5.0 5.39 4.0 4.47 3.0 3.61 2.0 2.83 1.0 2.24 0.0 2.0 1.0 2.24 2.0 2.83 3.0 3.61 4.0 4.47 5.0 5.39 6.0 6.32 7.0 7.28 8.0 8.25 9.0 9.22 10.0 10.2 11.0 11.18 12.0 12.17 13.0 13.15 14.0 14.14 15.0 15.13 16.0 16.12 17.0 17.12 33.11 31.3 32.7 30.87 32.31 30.46 31.95 30.08 31.62 29.73 24.76 23.35 25.46 24.08 26.17 24.84 26.91 25.61 27.66 26.4 28.43 27.2 29.21 28.02 30.0 28.84 16.12 16.49 
8.25 8.0 7.28 7.0 6.32 6.0 5.39 5.0 4.47 4.0 3.61 3.0 2.83 2.0 2.24 1.0 2.0 0.0 2.24 1.0 2.83 2.0 3.61 3.0 4.47 4.0 5.39 5.0 6.32 6.0 7.28 7.0 8.25 8.0 9.22 9.0 10.2 10.0 11.18 11.0 12.17 12.0 13.15 13.0 14.14 14.0 15.13 15.0 16.12 16.0 17.12 17.0 34.0 32.25 33.54 31.76 33.11 31.3 32.7 30.87 32.31 30.46 23.43 21.93 24.08 22.63 24.76 23.35 25.46 24.08 26.17 24.84 26.91 25.61 27.66 26.4 28.43 27.2 16.0 16.12 
9.0 9.22 8.0 8.25 7.0 7.28 6.0 6.32 5.0 5.39 4.0 4.47 3.0 3.61 2.0 2.83 1.0 2.24 0.0 2.0 1.0 2.24 2.0 2.83 3.0 3.61 4.0 4.47 5.0 5.39 6.0 6.32 7.0 7.28 8.0 8.25 9.0 9.22 10.0 10.2 11.0 11.18 12.0 12.17 13.0 13.15 14.0 14.14 15.0 15.13 16.0 16.12 34.01 32.2 33.62 31.78 33.24 31.38 32.89 31.02 32.57 30.68 25.5 24.04 26.17 24.76 26.87 25.5 27.59 26.25 28.32 27.02 29.07 27.8 29.83 28.6 30.61 29.41 17.12 17.46 
9.22 9.0 8.25 8.0 7.28 7.0 6.32 6.0 5.39 5.0 4.47 4.0 3.61 3.0 2.83 2.0 2.24 1.0 2.0 0.0 2.24 1.0 2.83 2.0 3.61 3.0 4.47 4.0 5.39 5.0 6.32 6.0 7.28 7.0 8.25 8.0 9.22 9.0 10.2 10.0 11.18 11.0 12.17 12.0 13.15 13.0 14.14 14.0 15.13 15.0 16.12 16.0 34.89 33.12 34.44 32.65 34.01 32.2 33.62 31.78 33.24 31.38 24.21 22.67 24.84 23.35 25.5 24.04 26.17 24.76 26.87 25.5 27.59 26.25 28.32 27.02 29.07 27.8 17.0 17.12 
10.0 10.2 9.0 9.22 8.0 8.25 7.0 7.28 6.0 6.32 5.0 5.39 4.0 4.47 3.0 3.61 2.0 2.83 1.0 2.24 0.0 2.0 1.0 2.24 2.0 2.83 3.0 3.61 4.0 4.47 5.0 5.39 6.0 6.32 7.0 7.28 8.0 8.25 9.0 9.22 10.0 10.2 11.0 11.18 12.0 12.17 13.0 13.15 14.0 14.14 15.0 15.13 34.93 33.11 34.54 32.7 34.18 32.31 33.84 31.95 33.53 31.62 26.25 24.76 26.91 25.46 27.59 26.17 28.28 26.91 29.0 27.66 29.73 28.43 30.48 29.21 31.24 30.0 18.11 18.44 
10.2 10.0 9.22 9.0 8.25 8.0 7.28 7.0 6.32 6.0 5.39 5.0 4.47 4.0 3.61 3.0 2.83 2.0 2.24 1.0 2.0 0.0 2.24 1.0 2.83 2.0 3.61 3.0 4.47 4.0 5.39 5.0 6.32 6.0 7.28 7.0 8.25 8.0 9.22 9.0 10.2 10.0 11.18 11.0 12.17 12.0 13.15 13.0 14.14 14.0 15.13 15.0 35.78 34.0 35.34 33.54 34.93 33.11 34.54 32.7 34.18 32.31 25.0 23.43 25.61 24.08 26.25 24.76 26.91 25.46 27.59 26.17 28.28 26.91 29.0 27.66 29.73 28.43 18.0 18.11 
11.0 11.18 10.0 10.2 9.0 9.22 8.0 8.25 7.0 7.28 6.0 6.32 5.0 5.39 4.0 4.47 3.0 3.61 2.0 2.83 1.0 2.24 0.0 2.0 1.0 2.24 2.0 2.83 3.0 3.61 4.0 4.47 5.0 5.39 6.0 6.32 7.0 7.28 8.0 8.25 9.0 9.22 10.0 10.2 11.0 11.18 12.0 12.17 13.0 13.15 14.0 14.14 35.85 34.01 35.47 33.62 35.11 33.24 34.79 32.89 34.48 32.57 27.02 25.5 27.66 26.17 28.32 26.87 29.0 27.59 29.7 28.32 30.41 29.07 31.14 29.83 31.89 30.61 19.1 19.42 
11.18 11.0 10.2 10.0 9.22 9.0 8.25 8.0 7.28 7.0 6.32 6.0 5.39 5.0 4.47 4.0 3.61 3.0 2.83 2.0 2.24 1.0 2.0 0.0 2.24 1.0 2.83 2.0 3.61 3.0 4.47 4.0 5.39 5.0 6.32 6.0 7.28 7.0 8.25 8.0 9.22 9.0 10.2 10.0 11.18 11.0 12.17 12.0 13.15 13.0 14.14 14.0 36.67 34.89 36.25 34.44 35.85 34.01 35.47 33.62 35.11 33.24 25.81 24.21 26.4 24.84 27.02 25.5 27.66 26.17 28.32 26.87 29.0 27.59 29.7 28.32 30.41 29.07 19.0 19.1 
12.0 12.17 11.0 11.18 10.0 10.2 9.0 9.22 8.0 8.25 7.0 7.28 6.0 6.32 5.0 5.39 4.0 4.47 3.0 3.61 2.0 2.83 1.0 2.24 0.0 2.0 1.0 2.24 2.0 2.83 3.0 3.61 4.0 4.47 5.0 5.39 6.0 6.32 7.0 7.28 8.0 8.25 9.0 9.22 10.0 10.2 11.0 11.18 12.0 12.17 13.0 13.15 36.77 34.93 36.4 34.54 36.06 34.18 35.74 33.84 35.44 33.53 27.8 26.25 28.43 26.91 29.07 27.59 29.73 28.28 30.41 29.0 31.11 29.73 31.83 30.48 32.56 31.24 20.1 20.4 
12.17 12.0 11.18 11.0 10.2 10.0 9.22 9.0 8.25 8.0 7.28 7.0 6.32 6.0 5.39 5.0 4.47 4.0 3.61 3.0 2.83 2.0 2.24 1.0 2.0 0.0 2.24 1.0 2.83 2.0 3.61 3.0 4.47 4.0 5.39 5.0 6.32 6.0 7.28 7.0 8.25 8.0 9.22 9.0 10.2 10.0 11.18 11.0 12.17 12.0 13.15 13.0 37.58 35.78 37.16 35.34 36.77 34.93 36.4 34.54 36.06 34.18 26.63 25.0 27.2 25.61 27.8 26.25 28.43 26.91 29.07 27.59 29.73 28.28 30.41 29.0 31.11 29.73 20.0 20.1 
13.0 13.15 12.0 12.17 11.0 11.18 10.0 10.2 9.0 9.22 8.0 8.25 7.0 7.28 6.0 6.32 5.0 5.39 4.0 4.47 3.0 3.61 2.0 2.83 1.0 2.24 0.0 2.0 1.0 2.24 2.0 2.83 3.0 3.61 4.0 4.47 5.0 5.39 6.0 6.32 7.0 7.28 8.0 8.25 9.0 9.22 10.0 10.2 11.0 11.18 12.0 12.17 37.7 35.85 37.34 35.47 37.0 35.11 36.69 34.79 36.4 34.48 28.6 27.02 29.21 27.66 29.83 28.32 30.48 29.0 31.14 29.7 31.83 30.41 32.53 31.14 33.24 31.89 21.1 21.38 
13.15 13.0 12.17 12.0 11.18 11.0 10.2 10.0 9.22 9.0 8.25 8.0 7.28 7.0 6.32 6.0 5.39 5.0 4.47 4.0 3.61 3.0 2.83 2.0 2.24 1.0 2.0 0.0 2.24 1.0 2.83 2.0 3.61 3.0 4.47 4.0 5.39 5.0 6.32 6.0 7.28 7.0 8.25 8.0 9.22 9.0 10.2 10.0 11.18 11.0 12.17 12.0 38.48 36.67 38.08 36.25 37.7 35.85 37.34 35.47 37.0 35.11 27.46 25.81 28.02 26.4 28.6 27.02 29.21 27.66 29.83 28.32 30.48 29.0 31.14 29.7 31.83 30.41 21.0 21.1 
14.0 14.14 13.0 13.15 12.0 12.17 11.0 11.18 10.0 10.2 9.0 9.22 8.0 8.25 7.0 7.28 6.0 6.32 5.0 5.39 4.0 4.47 3.0 3.61 2.0 2.83 1.0 2.24 0.0 2.0 1.0 2.24 2.0 2.83 3.0 3.61 4.0 4.47 5.0 5.39 6.0 6.32 7.0 7.28 8.0 8.25 9.0 9.22 10.0 10.2 11.0 11.18 38.63 36.77 38.28 36.4 37.95 36.06 37.64 35.74 37.36 35.44 29.41 27.8 30.0 28.43 30.61 29.07 31.24 29.73 31.89 30.41 32.56 31.11 33.24 31.83 33.94 32.56 22.09 22.36 
14.14 14.0 13.15 13.0 12.17 12.0 11.18 11.0 10.2 10.0 9.22 9.0 8.25 8.0 7.28 7.0 6.32 6.0 5.39 5.0 4.47 4.0 3.61 3.0 2.83 2.0 2.24 1.0 2.0 0.0 2.24 1.0 2.83 2.0 3.61 3.0 4.47 4.0 5.39 5.0 6.32 6.0 7.28 7.0 8.25 8.0 9.22 9.0 10.2 10.0 11.18 11.0 39.4 37.58 39.0 37.16 38.63 36.77 38.28 36.4 37.95 36.06 28.3 26.63 28.84 27.2 29.41 27.8 30.0 28.43 30.61 29.07 31.24 29.73 31.89 30.41 32.56 31.11 22.0 22.09 
15.0 15.13 14.0 14.14 13.0 13.15 12.0 12.17 11.0 11.18 10.0 10.2 9.0 9.22 8.0 8.25 7.0 7.28 6.0 6.32 5.0 5.39 4.0 4.47 3.0 3.61 2.0 2.83 1.0 2.24 0.0 2.0 1.0 2.24 2.0 2.83 3.0 3.61 4.0 4.47 5.0 5.39 6.0 6.32 7.0 7.28 8.0 8.25 9.0 9.22 10.0 10.2 39.56 37.7 39.22 37.34 38.9 37.0 38.6 36.69 38.33 36.4 30.23 28.6 30.81 29.21 31.4 29.83 32.02 30.48 32.65 31.14 33.3 31.83 33.97 32.53 34.66 33.24 23.09 23.35 
15.13 15.0 14.14 14.0 13.15 13.0 12.17 12.0 11.18 11.0 10.2 10.0 9.22 9.0 8.25 8.0 7.28 7.0 6.32 6.0 5.39 5.0 4.47 4.0 3.61 3.0 2.83 2.0 2.24 1.0 2.0 0.0 2.24 1.0 2.83 2.0 3.61 3.0 4.47 4.0 5.39 5.0 6.32 6.0 7.28 7.0 8.25 8.0 9.22 9.0 10.2 10.0 40.31 38.48 39.92 38.08 39.56 37.7 39.22 37.34 38.9 37.0 29.15 27.46 29.68 28.02 30.23 28.6 30.81 29.21 31.4 29.83 32.02 30.48 32.65 31.14 33.3 31.83 23.0 23.09 
16.0 16.12 15.0 15.13 14.0 14.14 13.0 13.15 12.0 12.17 11.0 11.18 10.0 10.2 9.0 9.22 8.0 8.25 7.0 7.28 6.0 6.32 5.0 5.39 4.0 4.47 3.0 3.61 2.0 2.83 1.0 2.24 0.0 2.0 1.0 2.24 2.0 2.83 3.0 3.61 4.0 4.47 5.0 5.39 6.0 6.32 7.0 7.28 8.0 8.25 9.0 9.22 40.5 38.63 40.16 38.28 39.85 37.95 39.56 37.64 39.29 37.36 31.06 29.41 31.62 30.0 32.2 30.61 32.8 31.24 33.42 31.89 34.06 32.56 34.71 33.24 35.38 33.94 24.08 24.33 
16.12 16.0 15.13 15.0 14.14 14.0 13.15 13.0 12.17 12.0 11.18 11.0 10.2 10.0 9.22 9.0 8.25 8.0 7.28 7.0 6.32 6.0 5.39 5.0 4.47 4.0 3.61 3.0 2.83 2.0 2.24 1.0 2.0 0.0 2.24 1.0 2.83 2.0 3.61 3.0 4.47 4.0 5.39 5.0 6.32 6.0 7.28 7.0 8.25 8.0 9.22 9.0 41.23 39.4 40.85 39.0 40.5 38.63 40.16 38.28 39.85 37.95 30.02 28.3 30.53 28.84 31.06 29.41 31.62 30.0 32.2 30.61 32.8 31.24 33.42 31.89 34.06 32.56 24.0 24.08 
17.0 17.12 16.0 16.12 15.0 15.13 14.0 14.14 13.0 13.15 12.0 12.17 11.0 11.18 10.0 10.2 9.0 9.22 8.0 8.25 7.0 7.28 6.0 6.32 5.0 5.39 4.0 4.47 3.0 3.61 2.0 2.83 1.0 2.24 0.0 2.0 1.0 2.24 2.0 2.83 3.0 3.61 4.0 4.47 5.0 5.39 6.0 6.32 7.0 7.28 8.0 8.25 41.44 39.56 41.11 39.22 40.8 38.9 40.52 38.6 40.26 38.33 31.91 30.23 32.45 30.81 33.02 31.4 33.6 32.02 34.21 32.65 34.83 33.3 35.47 33.97 36.12 34.66 25.08 25.32 
17.12 17.0 16.12 16.0 15.13 15.0 14.14 14.0 13.15 13.0 12.17 12.0 11.18 11.0 10.2 10.0 9.22 9.0 8.25 8.0 7.28 7.0 6.32 6.0 5.39 5.0 4.47 4.0 3.61 3.0 2.83 2.0 2.24 1.0 2.0 0.0 2.24 1.0 2.83 2.0 3.61 3.0 4.47 4.0 5.39 5.0 6.32 6.0 7.28 7.0 8.25 8.0 42.15 40.31 41.79 39.92 41.44 39.56 41.11 39.22 40.8 38.9 30.89 29.15 31.38 29.68 31.91 30.23 32.45 30.81 33.02 31.4 33.6 32.02 34.21 32.65 34.83 33.3 25.0 25.08 
18.0 18.11 17.0 17.12 16.0 16.12 15.0 15.13 14.0 14.14 13.0 13.15 12.0 12.17 11.0 11.18 10.0 10.2 9.0 9.22 8.0 8.25 7.0 7.28 6.0 6.32 5.0 5.39 4.0 4.47 3.0 3.61 2.0 2.83 1.0 2.24 0.0 2.0 1.0 2.24 2.0 2.83 3.0 3.61 4.0 4.47 5.0 5.39 6.0 6.32 7.0 7.28 42.38 40.5 42.06 40.16 41.76 39.85 41.48 39.56 41.23 39.29 32.76 31.06 33.29 31.62 33.84 32.2 34.41 32.8 35.0 33.42 35.61 34.06 36.24 34.71 36.88 35.38 26.08 26.31 
18.11 18.0 17.12 17.0 16.12 16.0 15.13 15.0 14.14 14.0 13.15 13.0 12.17 12.0 11.18 11.0 10.2 10.0 9.22 9.0 8.25 8.0 7.28 7.0 6.32 6.0 5.39 5.0 4.47 4.0 3.61 3.0 2.83 2.0 2.24 1.0 2.0 0.0 2.24 1.0 2.83 2.0 3.61 3.0 4.47 4.0 5.39 5.0 6.32 6.0 7.28 7.0 43.08 41.23 42.72 40.85 42.38 40.5 42.06 40.16 41.76 39.85 31.76 30.02 32.25 30.53 32.76 31.06 33.29 31.62 33.84 32.2 34.41 32.8 35.0 33.42 35.61 34.06 26.0 26.08 
19.0 19.1 18.0 18.11 17.0 17.12 16.0 16.12 15.0 15.13 14.0 14.14 13.0 13.15 12.0 12.17 11.0 11.18 10.0 10.2 9.0 9.22 8.0 8.25 7.0 7.28 6.0 6.32 5.0 5.39 4.0 4.47 3.0 3.61 2.0 2.83 1.0 2.24 0.0 2.0 1.0 2.24 2.0 2.83 3.0 3.61 4.0 4.47 5.0 5.39 6.0 6.32 43.32 41.44 43.01 41.11 42.72 40.8 42.45 40.52 42.2 40.26 33.62 31.91 34.13 32.45 34.67 33.02 35.23 33.6 35.81 34.21 36.4 34.83 37.01 35.47 37.64 36.12 27.07 27.29 
19.1 19.0 18.11 18.0 17.12 17.0 16.12 16.0 15.13 15.0 14.14 14.0 13.15 13.0 12.17 12.0 11.18 11.0 10.2 10.0 9.22 9.0 8.25 8.0 7.28 7.0 6.32 6.0 5.39 5.0 4.47 4.0 3.61 3.0 2.83 2.0 2.24 1.0 2.0 0.0 2.24 1.0 2.83 2.0 3.61 3.0 4.47 4.0 5.39 5.0 6.32 6.0 44.01 42.15 43.66 41.79 43.32 41.44 43.01 41.11 42.72 40.8 32.65 30.89 33.12 31.38 33.62 31.91 34.13 32.45 34.67 33.02 35.23 33.6 35.81 34.21 36.4 34.83 27.0 27.07 
20.0 20.1 19.0 19.1 18.0 18.11 17.0 17.12 16.0 16.12 15.0 15.13 14.0 14.14 13.0 13.15 12.0 12.17 11.0 11.18 10.0 10.2 9.0 9.22 8.0 8.25 7.0 7.28 6.0 6.32 5.0 5.39 4.0 4.47 3.0 3.61 2.0 2.83 1.0 2.24 0.0 2.0 1.0 2.24 2.0 2.83 3.0 3.61 4.0 4.47 5.0 5.39 44.27 42.38 43.97 42.06 43.68 41.76 43.42 41.48 43.17 41.23 34.48 32.76 34.99 33.29 35.51 33.84 36.06 34.41 36.62 35.0 37.2 35.61 37.8 36.24 38.42 36.88 28.07 28.28 
20.1 20.0 19.1 19.0 18.11 18.0 17.12 17.0 16.12 16.0 15.13 15.0 14.14 14.0 13.15 13.0 12.17 12.0 11.18 11.0 10.2 10.0 9.22 9.0 8.25 8.0 7.28 7.0 6.32 6.0 5.39 5.0 4.47 4.0 3.61 3.0 2.83 2.0 2.24 1.0 2.0 0.0 2.24 1.0 2.83 2.0 3.61 3.0 4.47 4.0 5.39 5.0 44.94 43.08 44.6 42.72 44.27 42.38 43.97 42.06 43.68 41.76 33.54 31.76 34.0 32.25 34.48 32.76 34.99 33.29 35.51 33.84 36.06 34.41 36.62 35.0 37.2 35.61 28.0 28.07 
21.0 21.1 20.0 20.1 19.0 19.1 18.0 18.11 17.0 17.12 16.0 16.12 15.0 15.13 14.0 14.14 13.0 13.15 12.0 12.17 11.0 11.18 10.0 10.2 9.0 9.22 8.0 8.25 7.0 7.28 6.0 6.32 5.0 5.39 4.0 4.47 3.0 3.61 2.0 2.83 1.0 2.24 0.0 2.0 1.0 2.24 2.0 2.83 3.0 3.61 4.0 4.47 45.22 43.32 44.92 43.01 44.64 42.72 44.38 42.45 44.15 42.2 35.36 33.62 35.85 34.13 36.36 34.67 36.89 35.23 37.44 35.81 38.01 36.4 38.6 37.01 39.2 37.64 29.07 29.27 
21.1 21.0 20.1 20.0 19.1 19.0 18.11 18.0 17.12 17.0 16.12 16.0 15.13 15.0 14.14 14.0 13.15 13.0 12.17 12.0 11.18 11.0 10.2 10.0 9.22 9.0 8.25 8.0 7.28 7.0 6.32 6.0 5.39 5.0 4.47 4.0 3.61 3.0 2.83 2.0 2.24 1.0 2.0 0.0 2.24 1.0 2.83 2.0 3.61 3.0 4.47 4.0 45.88 44.01 45.54 43.66 45.22 43.32 44.92 43.01 44.64 42.72 34.44 32.65 34.89 33.12 35.36 33.62 35.85 34.13 36.36 34.67 36.89 35.23 37.44 35.81 38.01 36.4 29.0 29.07 
22.0 22.09 21.0 21.1 20.0 20.1 19.0 19.1 18.0 18.11 17.0 17.12 16.0 16.12 15.0 15.13 14.0 14.14 13.0 13.15 12.0 12.17 11.0 11.18 10.0 10.2 9.0 9.22 8.0 8.25 7.0 7.28 6.0 6.32 5.0 5.39 4.0 4.47 3.0 3.61 2.0 2.83 1.0 2.24 0.0 2.0 1.0 2.24 2.0 2.83 3.0 3.61 46.17 44.27 45.88 43.97 45.61 43.68 45.35 43.42 45.12 43.17 36.24 34.48 36.72 34.99 37.22 35.51 37.74 36.06 38.28 36.62 38.83 37.2 39.41 37.8 40.0 38.42 30.07 30.27 
22.09 22.0 21.1 21.0 20.1 20.0 19.1 19.0 18.11 18.0 17.12 17.0 16.12 16.0 15.13 15.0 14.14 14.0 13.15 13.0 12.17 12.0 11.18 11.0 10.2 10.0 9.22 9.0 8.25 8.0 7.28 7.0 6.32 6.0 5.39 5.0 4.47 4.0 3.61 3.0 2.83 2.0 2.24 1.0 2.0 0.0 2.24 1.0 2.83 2.0 3.61 3.0 46.82 44.94 46.49 44.6 46.17 44.27 45.88 43.97 45.61 43.68 35.34 33.54 35.78 34.0 36.24 34.48 36.72 34.99 37.22 35.51 37.74 36.06 38.28 36.62 38.83 37.2 30.0 30.07 
23.0 23.09 22.0 22.09 21.0 21.1 20.0 20.1 19.0 19.1 18.0 18.11 17.0 17.12 16.0 16.12 15.0 15.13 14.0 14.14 13.0 13.15 12.0 12.17 11.0 11.18 10.0 10.2 9.0 9.22 8.0 8.25 7.0 7.28 6.0 6.32 5.0 5.39 4.0 4.47 3.0 3.61 2.0 2.83 1.0 2.24 0.0 2.0 1.0 2.24 2.0 2.83 47.13 45.22 46.84 44.92 46.57 44.64 46.32 44.38 46.1 44.15 37.12 35.36 37.59 35.85 38.08 36.36 38.59 36.89 39.12 37.44 39.66 38.01 40.22 38.6 40.8 39.2 31.06 31.26 
23.09 23.0 22.09 22.0 21.1 21.0 20.1 20.0 19.1 19.0 18.11 18.0 17.12 17.0 16.12 16.0 15.13 15.0 14.14 14.0 13.15 13.0 12.17 12.0 11.18 11.0 10.2 10.0 9.22 9.0 8.25 8.0 7.28 7.0 6.32 6.0 5.39 5.0 4.47 4.0 3.61 3.0 2.83 2.0 2.24 1.0 2.0 0.0 2.24 1.0 2.83 2.0 47.76 45.88 47.43 45.54 47.13 45.22 46.84 44.92 46.57 44.64 36.25 34.44 36.67 34.89 37.12 35.36 37.59 35.85 38.08 36.36 38.59 36.89 39.12 37.44 39.66 38.01 31.0 31.06 
24.0 24.08 23.0 23.09 22.0 22.09 21.0 21.1 20.0 20.1 19.0 19.1 18.0 18.11 17.0 17.12 16.0 16.12 15.0 15.13 14.0 14.14 13.0 13.15 12.0 12.17 11.0 11.18 10.0 10.2 9.0 9.22 8.0 8.25 7.0 7.28 6.0 6.32 5.0 5.39 4.0 4.47 3.0 3.61 2.0 2.83 1.0 2.24 0.0 2.0 1.0 2.24 48.08 46.17 47.8 45.88 47.54 45.61 47.3 45.35 47.07 45.12 38.01 36.24 38.47 36.72 38.95 37.22 39.45 37.74 39.96 38.28 40.5 38.83 41.05 39.41 41.62 40.0 32.06 32.25 
24.08 24.0 23.09 23.0 22.09 22.0 21.1 21.0 20.1 20.0 19.1 19.0 18.11 18.0 17.12 17.0 16.12 16.0 15.13 15.0 14.14 14.0 13.15 13.0 12.17 12.0 11.18 11.0 10.2 10.0 9.22 9.0 8.25 8.0 7.28 7.0 6.32 6.0 5.39 5.0 4.47 4.0 3.61 3.0 2.83 2.0 2.24 1.0 2.0 0.0 2.24 1.0 48.7 46.82 48.38 46.49 48.08 46.17 47.8 45.88 47.54 45.61 37.16 35.34 37.58 35.78 38.01 36.24 38.47 36.72 38.95 37.22 39.45 37.74 39.96 38.28 40.5 38.83 32.0 32.06 
25.0 25.08 24.0 24.08 23.0 23.09 22.0 22.09 21.0 21.1 20.0 20.1 19.0 19.1 18.0 18.11 17.0 17.12 16.0 16.12 15.0 15.13 14.0 14.14 13.0 13.15 12.0 12.17 11.0 11.18 10.0 10.2 9.0 9.22 8.0 8.25 7.0 7.28 6.0 6.32 5.0 5.39 4.0 4.47 3.0 3.61 2.0 2.83 1.0 2.24 0.0 2.0 49.04 47.13 48.76 46.84 48.51 46.57 48.27 46.32 48.05 46.1 38.91 37.12 39.36 37.59 39.82 38.08 40.31 38.59 40.82 39.12 41.34 39.66 41.88 40.22 42.44 40.8 33.06 33.24 
25.08 25.0 24.08 24.0 23.09 23.0 22.09 22.0 21.1 21.0 20.1 20.0 19.1 19.0 18.11 18.0 17.12 17.0 16.12 16.0 15.13 15.0 14.14 14.0 13.15 13.0 12.17 12.0 11.18 11.0 10.2 10.0 9.22 9.0 8.25 8.0 7.28 7.0 6.32 6.0 5.39 5.0 4.47 4.0 3.61 3.0 2.83 2.0 2.24 1.0 2.0 0.0 49.65 47.76 49.34 47.43 49.04 47.13 48.76 46.84 48.51 46.57 38.08 36.25 38.48 36.67 38.91 37.12 39.36 37.59 39.82 38.08 40.31 38.59 40.82 39.12 41.34 39.66 33.0 33.06 
26.08 27.2 26.93 28.02 27.78 28.84 28.65 29.68 29.53 30.53 30.41 31.38 31.3 32.25 32.2 33.12 33.11 34.0 34.01 34.89 34.93 35.78 35.85 36.67 36.77 37.58 37.7 38.48 38.63 39.4 39.56 40.31 40.5 41.23 41.44 42.15 42.38 43.08 43.32 44.01 44.27 44.94 45.22 45.88 46.17 46.82 47.13 47.76 48.08 48.7 49.04 49.65 0.0 2.0 1.0 2.24 2.0 2.83 3.0 3.61 4.0 4.47 33.24 34.01 34.18 34.93 35.11 35.85 36.06 36.77 37.0 37.7 37.95 38.63 38.9 39.56 39.85 40.5 21.26 22.8 
24.41 25.61 25.24 26.4 26.08 27.2 26.93 28.02 27.78 28.84 28.65 29.68 29.53 30.53 30.41 31.38 31.3 32.25 32.2 33.12 33.11 34.0 34.01 34.89 34.93 35.78 35.85 36.67 36.77 37.58 37.7 38.48 38.63 39.4 39.56 40.31 40.5 41.23 41.44 42.15 42.38 43.08 43.32 44.01 44.27 44.94 45.22 45.88 46.17 46.82 47.13 47.76 2.0 0.0 2.24 1.0 2.83 2.0 3.61 3.0 4.47 4.0 32.57 33.24 33.53 34.18 34.48 35.11 35.44 36.06 36.4 37.0 37.36 37.95 38.33 38.9 39.29 39.85 20.0 21.63 
25.55 26.63 26.42 27.46 27.29 28.3 28.18 29.15 29.07 30.02 29.97 30.89 30.87 31.76 31.78 32.65 32.7 33.54 33.62 34.44 34.54 35.34 35.47 36.25 36.4 37.16 37.34 38.08 38.28 39.0 39.22 39.92 40.16 40.85 41.11 41.79 42.06 42.72 43.01 43.66 43.97 44.6 44.92 45.54 45.88 46.49 46.84 47.43 47.8 48.38 48.76 49.34 1.0 2.24 0.0 2.0 1.0 2.24 2.0 2.83 3.0 3.61 32.31 33.11 33.24 34.01 34.18 34.93 35.11 35.85 36.06 36.77 37.0 37.7 37.95 38.63 38.9 39.56 20.52 22.02 
23.85 25.0 24.7 25.81 25.55 26.63 26.42 27.46 27.29 28.3 28.18 29.15 29.07 30.02 29.97 30.89 30.87 31.76 31.78 32.65 32.7 33.54 33.62 34.44 34.54 35.34 35.47 36.25 36.4 37.16 37.34 38.08 38.28 39.0 39.22 39.92 40.16 40.85 41.11 41.79 42.06 42.72 43.01 43.66 43.97 44.6 44.92 45.54 45.88 46.49 46.84 47.43 2.24 1.0 2.0 0.0 2.24 1.0 2.83 2.0 3.61 3.0 31.62 32.31 32.57 33.24 33.53 34.18 34.48 35.11 35.44 36.06 36.4 37.0 37.36 37.95 38.33 38.9 19.21 20.81 
25.06 26.08 25.94 26.93 26.83 27.78 27.73 28.65 28.64 29.53 29.55 30.41 30.46 31.3 31.38 32.2 32.31 33.11 33.24 34.01 34.18 34.93 35.11 35.85 36.06 36.77 37.0 37.7 37.95 38.63 38.9 39.56 39.85 40.5 40.8 41.44 41.76 42.38 42.72 43.32 43.68 44.27 44.64 45.22 45.61 46.17 46.57 47.13 47.54 48.08 48.51 49.04 2.0 2.83 1.0 2.24 0.0 2.0 1.0 2.24 2.0 2.83 31.38 32.2 32.31 33.11 33.24 34.01 34.18 34.93 35.11 35.85 36.06 36.77 37.0 37.7 37.95 38.63 19.8 21.26 
23.32 24.41 24.19 25.24 25.06 26.08 25.94 26.93 26.83 27.78 27.73 28.65 28.64 29.53 29.55 30.41 30.46 31.3 31.38 32.2 32.31 33.11 33.24 34.01 34.18 34.93 35.11 35.85 36.06 36.77 37.0 37.7 37.95 38.63 38.9 39.56 39.85 40.5 40.8 41.44 41.76 42.38 42.72 43.32 43.68 44.27 44.64 45.22 45.61 46.17 46.57 47.13 2.83 2.0 2.24 1.0 2.0 0.0 2.24 1.0 2.83 2.0 30.68 31.38 31.62 32.31 32.57 33.24 33.53 34.18 34.48 35.11 35.44 36.06 36.4 37.0 37.36 37.95 18.44 20.0 
24.6 25.55 25.5 26.42 26.4 27.29 27.31 28.18 28.23 29.07 29.15 29.97 30.08 30.87 31.02 31.78 31.95 32.7 32.89 33.62 33.84 34.54 34.79 35.47 35.74 36.4 36.69 37.34 37.64 38.28 38.6 39.22 39.56 40.16 40.52 41.11 41.48 42.06 42.45 43.01 43.42 43.97 44.38 44.92 45.35 45.88 46.32 46.84 47.3 47.8 48.27 48.76 3.0 3.61 2.0 2.83 1.0 2.24 0.0 2.0 1.0 2.24 30.46 31.3 31.38 32.2 32.31 33.11 33.24 34.01 34.18 34.93 35.11 35.85 36.06 36.77 37.0 37.7 19.1 20.52 
22.83 23.85 23.71 24.7 24.6 25.55 25.5 26.42 26.4 27.29 27.31 28.18 28.23 29.07 29.15 29.97 30.08 30.87 31.02 31.78 31.95 32.7 32.89 33.62 33.84 34.54 34.79 35.47 35.74 36.4 36.69 37.34 37.64 38.28 38.6 39.22 39.56 40.16 40.52 41.11 41.48 42.06 42.45 43.01 43.42 43.97 44.38 44.92 45.35 45.88 46.32 46.84 3.61 3.0 2.83 2.0 2.24 1.0 2.0 0.0 2.24 1.0 29.73 30.46 30.68 31.38 31.62 32.31 32.57 33.24 33.53 34.18 34.48 35.11 35.44 36.06 36.4 37.0 17.69 19.21 
24.17 25.06 25.08 25.94 26.0 26.83 26.93 27.73 27.86 28.64 28.79 29.55 29.73 30.46 30.68 31.38 31.62 32.31 32.57 33.24 33.53 34.18 34.48 35.11 35.44 36.06 36.4 37.0 37.36 37.95 38.33 38.9 39.29 39.85 40.26 40.8 41.23 41.76 42.2 42.72 43.17 43.68 44.15 44.64 45.12 45.61 46.1 46.57 47.07 47.54 48.05 48.51 4.0 4.47 3.0 3.61 2.0 2.83 1.0 2.24 0.0 2.0 29.55 30.41 30.46 31.3 31.38 32.2 32.31 33.11 33.24 34.01 34.18 34.93 35.11 35.85 36.06 36.77 18.44 19.8 
22.36 23.32 23.26 24.19 24.17 25.06 25.08 25.94 26.0 26.83 26.93 27.73 27.86 28.64 28.79 29.55 29.73 30.46 30.68 31.38 31.62 32.31 32.57 33.24 33.53 34.18 34.48 35.11 35.44 36.06 36.4 37.0 37.36 37.95 38.33 38.9 39.29 39.85 40.26 40.8 41.23 41.76 42.2 42.72 43.17 43.68 44.15 44.64 45.12 45.61 46.1 46.57 4.47 4.0 3.61 3.0 2.83 2.0 2.24 1.0 2.0 0.0 28.79 29.55 29.73 30.46 30.68 31.38 31.62 32.31 32.57 33.24 33.53 34.18 34.48 35.11 35.44 36.06 16.97 18.44 
19.72 18.03 20.25 18.6 20.81 19.21 21.4 19.85 22.02 20.52 22.67 21.21 23.35 21.93 24.04 22.67 24.76 23.43 25.5 24.21 26.25 25.0 27.02 25.81 27.8 26.63 28.6 27.46 29.41 28.3 30.23 29.15 31.06 30.02 31.91 30.89 32.76 31.76 33.62 32.65 34.48 33.54 35.36 34.44 36.24 35.34 37.12 36.25 38.01 37.16 38.91 38.08 33.24 32.57 32.31 31.62 31.38 30.68 30.46 29.73 29.55 28.79 0.0 2.0 1.0 2.24 2.0 2.83 3.0 3.61 4.0 4.47 5.0 5.39 6.0 6.32 7.0 7.28 15.13 13.15 
18.79 17.0 19.24 17.49 19.72 18.03 20.25 18.6 20.81 19.21 21.4 19.85 22.02 20.52 22.67 21.21 23.35 21.93 24.04 22.67 24.76 23.43 25.5 24.21 26.25 25.0 27.02 25.81 27.8 26.63 28.6 27.46 29.41 28.3 30.23 29.15 31.06 30.02 31.91 30.89 32.76 31.76 33.62 32.65 34.48 33.54 35.36 34.44 36.24 35.34 37.12 36.25 34.01 33.24 33.11 32.31 32.2 31.38 31.3 30.46 30.41 29.55 2.0 0.0 2.24 1.0 2.83 2.0 3.61 3.0 4.47 4.0 5.39 5.0 6.32 6.0 7.28 7.0 15.0 13.0 
20.59 18.87 21.1 19.42 21.63 20.0 22.2 20.62 22.8 21.26 23.43 21.93 24.08 22.63 24.76 23.35 25.46 24.08 26.17 24.84 26.91 25.61 27.66 26.4 28.43 27.2 29.21 28.02 30.0 28.84 30.81 29.68 31.62 30.53 32.45 31.38 33.29 32.25 34.13 33.12 34.99 34.0 35.85 34.89 36.72 35.78 37.59 36.67 38.47 37.58 39.36 38.48 34.18 33.53 33.24 32.57 32.31 31.62 31.38 30.68 30.46 29.73 1.0 2.24 0.0 2.0 1.0 2.24 2.0 2.83 3.0 3.61 4.0 4.47 5.0 5.39 6.0 6.32 16.12 14.14 
19.7 17.89 20.12 18.36 20.59 18.87 21.1 19.42 21.63 20.0 22.2 20.62 22.8 21.26 23.43 21.93 24.08 22.63 24.76 23.35 25.46 24.08 26.17 24.84 26.91 25.61 27.66 26.4 28.43 27.2 29.21 28.02 30.0 28.84 30.81 29.68 31.62 30.53 32.45 31.38 33.29 32.25 34.13 33.12 34.99 34.0 35.85 34.89 36.72 35.78 37.59 36.67 34.93 34.18 34.01 33.24 33.11 32.31 32.2 31.38 31.3 30.46 2.24 1.0 2.0 0.0 2.24 1.0 2.83 2.0 3.61 3.0 4.47 4.0 5.39 5.0 6.32 6.0 16.0 14.0 
21.47 19.72 21.95 20.25 22.47 20.81 23.02 21.4 23.6 22.02 24.21 22.67 24.84 23.35 25.5 24.04 26.17 24.76 26.87 25.5 27.59 26.25 28.32 27.02 29.07 27.8 29.83 28.6 30.61 29.41 31.4 30.23 32.2 31.06 33.02 31.91 33.84 32.76 34.67 33.62 35.51 34.48 36.36 35.36 37.22 36.24 38.08 37.12 38.95 38.01 39.82 38.91 35.11 34.48 34.18 33.53 33.24 32.57 32.31 31.62 31.38 30.68 2.0 2.83 1.0 2.24 0.0 2.0 1.0 2.24 2.0 2.83 3.0 3.61 4.0 4.47 5.0 5.39 17.12 15.13 
20.62 18.79 21.02 19.24 21.47 19.72 21.95 20.25 22.47 20.81 23.02 21.4 23.6 22.02 24.21 22.67 24.84 23.35 25.5 24.04 26.17 24.76 26.87 25.5 27.59 26.25 28.32 27.02 29.07 27.8 29.83 28.6 30.61 29.41 31.4 30.23 32.2 31.06 33.02 31.91 33.84 32.76 34.67 33.62 35.51 34.48 36.36 35.36 37.22 36.24 38.08 37.12 35.85 35.11 34.93 34.18 34.01 33.24 33.11 32.31 32.2 31.38 2.83 2.0 2.24 1.0 2.0 0.0 2.24 1.0 2.83 2.0 3.61 3.0 4.47 4.0 5.39 5.0 17.0 15.0 
22.36 20.59 22.83 21.1 23.32 21.63 23.85 22.2 24.41 22.8 25.0 23.43 25.61 24.08 26.25 24.76 26.91 25.46 27.59 26.17 28.28 26.91 29.0 27.66 29.73 28.43 30.48 29.21 31.24 30.0 32.02 30.81 32.8 31.62 33.6 32.45 34.41 33.29 35.23 34.13 36.06 34.99 36.89 35.85 37.74 36.72 38.59 37.59 39.45 38.47 40.31 39.36 36.06 35.44 35.11 34.48 34.18 33.53 33.24 32.57 32.31 31.62 3.0 3.61 2.0 2.83 1.0 2.24 0.0 2.0 1.0 2.24 2.0 2.83 3.0 3.61 4.0 4.47 18.11 16.12 
21.54 19.7 21.93 20.12 22.36 20.59 22.83 21.1 23.32 21.63 23.85 22.2 24.41 22.8 25.0 23.43 25.61 24.08 26.25 24.76 26.91 25.46 27.59 26.17 28.28 26.91 29.0 27.66 29.73 28.43 30.48 29.21 31.24 30.0 32.02 30.81 32.8 31.62 33.6 32.45 34.41 33.29 35.23 34.13 36.06 34.99 36.89 35.85 37.74 36.72 38.59 37.59 36.77 36.06 35.85 35.11 34.93 34.18 34.01 33.24 33.11 32.31 3.61 3.0 2.83 2.0 2.24 1.0 2.0 0.0 2.24 1.0 2.83 2.0 3.61 3.0 4.47 4.0 18.0 16.0 
23.26 21.47 23.71 21.95 24.19 22.47 24.7 23.02 25.24 23.6 25.81 24.21 26.4 24.84 27.02 25.5 27.66 26.17 28.32 26.87 29.0 27.59 29.7 28.32 30.41 29.07 31.14 29.83 31.89 30.61 32.65 31.4 33.42 32.2 34.21 33.02 35.0 33.84 35.81 34.67 36.62 35.51 37.44 36.36 38.28 37.22 39.12 38.08 39.96 38.95 40.82 39.82 37.0 36.4 36.06 35.44 35.11 34.48 34.18 33.53 33.24 32.57 4.0 4.47 3.0 3.61 2.0 2.83 1.0 2.24 0.0 2.0 1.0 2.24 2.0 2.83 3.0 3.61 19.1 17.12 
22.47 20.62 22.85 21.02 23.26 21.47 23.71 21.95 24.19 22.47 24.7 23.02 25.24 23.6 25.81 24.21 26.4 24.84 27.02 25.5 27.66 26.17 28.32 26.87 29.0 27.59 29.7 28.32 30.41 29.07 31.14 29.83 31.89 30.61 32.65 31.4 33.42 32.2 34.21 33.02 35.0 33.84 35.81 34.67 36.62 35.51 37.44 36.36 38.28 37.22 39.12 38.08 37.7 37.0 36.77 36.06 35.85 35.11 34.93 34.18 34.01 33.24 4.47 4.0 3.61 3.0 2.83 2.0 2.24 1.0 2.0 0.0 2.24 1.0 2.83 2.0 3.61 3.0 19.0 17.0 
24.17 22.36 24.6 22.83 25.06 23.32 25.55 23.85 26.08 24.41 26.63 25.0 27.2 25.61 27.8 26.25 28.43 26.91 29.07 27.59 29.73 28.28 30.41 29.0 31.11 29.73 31.83 30.48 32.56 31.24 33.3 32.02 34.06 32.8 34.83 33.6 35.61 34.41 36.4 35.23 37.2 36.06 38.01 36.89 38.83 37.74 39.66 38.59 40.5 39.45 41.34 40.31 37.95 37.36 37.0 36.4 36.06 35.44 35.11 34.48 34.18 33.53 5.0 5.39 4.0 4.47 3.0 3.61 2.0 2.83 1.0 2.24 0.0 2.0 1.0 2.24 2.0 2.83 20.1 18.11 
23.41 21.54 23.77 21.93 24.17 22.36 24.6 22.83 25.06 23.32 25.55 23.85 26.08 24.41 26.63 25.0 27.2 25.61 27.8 26.25 28.43 26.91 29.07 27.59 29.73 28.28 30.41 29.0 31.11 29.73 31.83 30.48 32.56 31.24 33.3 32.02 34.06 32.8 34.83 33.6 35.61 34.41 36.4 35.23 37.2 36.06 38.01 36.89 38.83 37.74 39.66 38.59 38.63 37.95 37.7 37.0 36.77 36.06 35.85 35.11 34.93 34.18 5.39 5.0 4.47 4.0 3.61 3.0 2.83 2.0 2.24 1.0 2.0 0.0 2.24 1.0 2.83 2.0 20.0 18.0 
25.08 23.26 25.5 23.71 25.94 24.19 26.42 24.7 26.93 25.24 27.46 25.81 28.02 26.4 28.6 27.02 29.21 27.66 29.83 28.32 30.48 29.0 31.14 29.7 31.83 30.41 32.53 31.14 33.24 31.89 33.97 32.65 34.71 33.42 35.47 34.21 36.24 35.0 37.01 35.81 37.8 36.62 38.6 37.44 39.41 38.28 40.22 39.12 41.05 39.96 41.88 40.82 38.9 38.33 37.95 37.36 37.0 36.4 36.06 35.44 35.11 34.48 6.0 6.32 5.0 5.39 4.0 4.47 3.0 3.61 2.0 2.83 1.0 2.24 0.0 2.0 1.0 2.24 21.1 19.1 
24.35 22.47 24.7 22.85 25.08 23.26 25.5 23.71 25.94 24.19 26.42 24.7 26.93 25.24 27.46 25.81 28.02 26.4 28.6 27.02 29.21 27.66 29.83 28.32 30.48 29.0 31.14 29.7 31.83 30.41 32.53 31.14 33.24 31.89 33.97 32.65 34.71 33.42 35.47 34.21 36.24 35.0 37.01 35.81 37.8 36.62 38.6 37.44 39.41 38.28 40.22 39.12 39.56 38.9 38.63 37.95 37.7 37.0 36.77 36.06 35.85 35.11 6.32 6.0 5.39 5.0 4.47 4.0 3.61 3.0 2.83 2.0 2.24 1.0 2.0 0.0 2.24 1.0 21.0 19.0 
26.0 24.17 26.4 24.6 26.83 25.06 27.29 25.55 27.78 26.08 28.3 26.63 28.84 27.2 29.41 27.8 30.0 28.43 30.61 29.07 31.24 29.73 31.89 30.41 32.56 31.11 33.24 31.83 33.94 32.56 34.66 33.3 35.38 34.06 36.12 34.83 36.88 35.61 37.64 36.4 38.42 37.2 39.2 38.01 40.0 38.83 40.8 39.66 41.62 40.5 42.44 41.34 39.85 39.29 38.9 38.33 37.95 37.36 37.0 36.4 36.06 35.44 7.0 7.28 6.0 6.32 5.0 5.39 4.0 4.47 3.0 3.61 2.0 2.83 1.0 2.24 0.0 2.0 22.09 20.1 
25.3 23.41 25.63 23.77 26.0 24.17 26.4 24.6 26.83 25.06 27.29 25.55 27.78 26.08 28.3 26.63 28.84 27.2 29.41 27.8 30.0 28.43 30.61 29.07 31.24 29.73 31.89 30.41 32.56 31.11 33.24 31.83 33.94 32.56 34.66 33.3 35.38 34.06 36.12 34.83 36.88 35.61 37.64 36.4 38.42 37.2 39.2 38.01 40.0 38.83 40.8 39.66 40.5 39.85 39.56 38.9 38.63 37.95 37.7 37.0 36.77 36.06 7.28 7.0 6.32 6.0 5.39 5.0 4.47 4.0 3.61 3.0 2.83 2.0 2.24 1.0 2.0 0.0 22.0 20.0 
8.25 8.0 9.22 9.0 10.2 10.0 11.18 11.0 12.17 12.0 13.15 13.0 14.14 14.0 15.13 15.0 16.12 16.0 17.12 17.0 18.11 18.0 19.1 19.0 20.1 20.0 21.1 21.0 22.09 22.0 23.09 23.0 24.08 24.0 25.08 25.0 26.08 26.0 27.07 27.0 28.07 28.0 29.07 29.0 30.07 30.0 31.06 31.0 32.06 32.0 33.06 33.0 21.26 20.0 20.52 19.21 19.8 18.44 19.1 17.69 18.44 16.97 15.13 15.0 16.12 16.0 17.12 17.0 18.11 18.0 19.1 19.0 20.1 20.0 21.1 21.0 22.09 22.0 0.0 2.0 
8.94 8.25 9.85 9.22 10.77 10.2 11.7 11.18 12.65 12.17 13.6 13.15 14.56 14.14 15.52 15.13 16.49 16.12 17.46 17.12 18.44 18.11 19.42 19.1 20.4 20.1 21.38 21.1 22.36 22.09 23.35 23.09 24.33 24.08 25.32 25.08 26.31 26.08 27.29 27.07 28.28 28.07 29.27 29.07 30.27 30.07 31.26 31.06 32.25 32.06 33.24 33.06 22.8 21.63 22.02 20.81 21.26 20.0 20.52 19.21 19.8 18.44 13.15 13.0 14.14 14.0 15.13 15.0 16.12 16.0 17.12 17.0 18.11 18.0 19.1 19.0 20.1 20.0 2.0 0.0 
