90
0.0 2.0 1.0 2.24 2.0 2.83 3.0 3.61 4.0 4.47 58.59 56.82 58.14 56.36 57.7 55.9 57.27 55.46 56.86 55.04 56.46 54.63 56.08 54.23 55.71 53.85 22.63 21.26 21.93 20.52 21.26 19.8 20.62 19.1 22.36 20.4 24.74 26.68 50.64 48.66 31.38 30.68 39.12 40.22 70.34 68.41 3.16 3.16 44.38 42.54 12.04 10.63 51.35 53.34 32.02 33.6 36.4 38.33 30.89 31.91 49.5 50.93 8.54 8.06 54.23 56.08 37.74 38.83 24.19 23.26 27.2 27.86 27.89 28.46 34.01 34.01 60.46 58.82 7.62 9.49 4.12 4.12 12.0 14.0 37.7 35.85 15.03 13.04 60.54 62.39 
2.0 0.0 2.24 1.0 2.83 2.0 3.61 3.0 4.47 4.0 60.37 58.59 59.93 58.14 59.51 57.7 59.09 57.27 58.69 56.86 58.31 56.46 57.94 56.08 57.58 55.71 24.08 22.8 23.35 22.02 22.63 21.26 21.93 20.52 24.33 22.36 24.33 26.31 52.61 50.64 32.2 31.38 37.44 38.6 72.28 70.34 1.41 1.41 46.24 44.38 13.6 12.04 49.37 51.35 30.48 32.02 37.0 38.9 29.97 30.89 48.1 49.58 9.43 8.54 52.39 54.23 36.06 37.2 25.24 24.19 26.68 27.2 27.46 27.89 32.02 32.02 62.13 60.46 5.83 7.62 5.0 4.12 10.0 12.0 39.56 37.7 17.03 15.03 58.69 60.54 
1.0 2.24 0.0 2.0 1.0 2.24 2.0 2.83 3.0 3.61 59.06 57.31 58.59 56.82 58.14 56.36 57.7 55.9 57.27 55.46 56.86 55.04 56.46 54.63 56.08 54.23 23.35 21.93 22.67 21.21 22.02 20.52 21.4 19.85 22.56 20.62 23.77 25.71 50.8 48.84 30.46 29.73 38.59 39.66 70.09 68.15 3.61 3.0 44.78 42.95 12.73 11.4 51.48 53.46 32.65 34.21 35.44 37.36 30.02 31.06 48.8 50.21 9.49 9.06 54.63 56.46 37.22 38.28 23.32 22.36 26.25 26.93 28.86 29.41 34.06 34.0 59.91 58.25 7.28 9.22 5.1 5.1 12.04 14.04 38.08 36.25 15.13 13.15 60.17 62.03 
2.24 1.0 2.0 0.0 2.24 1.0 2.83 2.0 3.61 3.0 60.83 59.06 60.37 58.59 59.93 58.14 59.51 57.7 59.09 57.27 58.69 56.86 58.31 56.46 57.94 56.08 24.76 23.43 24.04 22.67 23.35 21.93 22.67 21.21 24.52 22.56 23.35 25.32 52.77 50.8 31.3 30.46 36.89 38.01 72.03 70.09 2.24 1.0 46.62 44.78 14.21 12.73 49.5 51.48 31.14 32.65 36.06 37.95 29.07 30.02 47.38 48.84 10.3 9.49 52.8 54.63 35.51 36.62 24.41 23.32 25.71 26.25 28.44 28.86 32.06 32.0 61.59 59.91 5.39 7.28 5.83 5.1 10.05 12.04 39.92 38.08 17.12 15.13 58.31 60.17 
2.0 2.83 1.0 2.24 0.0 2.0 1.0 2.24 2.0 2.83 59.54 57.8 59.06 57.31 58.59 56.82 58.14 56.36 57.7 55.9 57.27 55.46 56.86 55.04 56.46 54.63 24.08 22.63 23.43 21.93 22.8 21.26 22.2 20.62 22.8 20.88 22.8 24.74 50.99 49.03 29.55 28.79 38.08 39.12 69.86 67.91 4.24 3.16 45.19 43.38 13.45 12.21 51.62 53.6 33.3 34.83 34.48 36.4 29.15 30.23 48.1 49.5 10.44 10.05 55.04 56.86 36.72 37.74 22.47 21.47 25.3 26.0 29.83 30.36 34.13 34.01 59.36 57.69 7.07 9.06 6.08 6.08 12.17 14.14 38.48 36.67 15.3 13.34 59.81 61.68 
2.83 2.0 2.24 1.0 2.0 0.0 2.24 1.0 2.83 2.0 61.29 59.54 60.83 59.06 60.37 58.59 59.93 58.14 59.51 57.7 59.09 57.27 58.69 56.86 58.31 56.46 25.46 24.08 24.76 23.35 24.08 22.63 23.43 21.93 24.74 22.8 22.36 24.33 52.95 50.99 30.41 29.55 36.36 37.44 71.81 69.86 3.16 1.41 47.01 45.19 14.87 13.45 49.65 51.62 31.83 33.3 35.11 37.0 28.18 29.15 46.67 48.1 11.18 10.44 53.23 55.04 34.99 36.06 23.6 22.47 24.74 25.3 29.43 29.83 32.14 32.02 61.06 59.36 5.1 7.07 6.71 6.08 10.2 12.17 40.31 38.48 17.26 15.3 57.94 59.81 
3.0 3.61 2.0 2.83 1.0 2.24 0.0 2.0 1.0 2.24 60.03 58.31 59.54 57.8 59.06 57.31 58.59 56.82 58.14 56.36 57.7 55.9 57.27 55.46 56.86 55.04 24.84 23.35 24.21 22.67 23.6 22.02 23.02 21.4 23.09 21.19 21.84 23.77 51.2 49.24 28.64 27.86 37.59 38.59 69.63 67.68 5.0 3.61 45.62 43.83 14.21 13.04 51.79 53.76 33.97 35.47 33.53 35.44 28.3 29.41 47.42 48.8 11.4 11.05 55.46 57.27 36.24 37.22 21.63 20.59 24.35 25.08 30.81 31.32 34.23 34.06 58.83 57.14 7.0 9.0 7.07 7.07 12.37 14.32 38.91 37.12 15.52 13.6 59.46 61.35 
3.61 3.0 2.83 2.0 2.24 1.0 2.0 0.0 2.24 1.0 61.77 60.03 61.29 59.54 60.83 59.06 60.37 58.59 59.93 58.14 59.51 57.7 59.09 57.27 58.69 56.86 26.17 24.76 25.5 24.04 24.84 23.35 24.21 22.67 25.0 23.09 21.38 23.35 53.15 51.2 29.53 28.64 35.85 36.89 71.59 69.63 4.12 2.24 47.42 45.62 15.56 14.21 49.82 51.79 32.53 33.97 34.18 36.06 27.29 28.3 45.97 47.38 12.08 11.4 53.67 55.46 34.48 35.51 22.8 21.63 23.77 24.35 30.41 30.81 32.25 32.06 60.54 58.83 5.0 7.0 7.62 7.07 10.44 12.37 40.72 38.91 17.46 15.52 57.58 59.46 
4.0 4.47 3.0 3.61 2.0 2.83 1.0 2.24 0.0 2.0 60.54 58.83 60.03 58.31 59.54 57.8 59.06 57.31 58.59 56.82 58.14 56.36 57.7 55.9 57.27 55.46 25.61 24.08 25.0 23.43 24.41 22.8 23.85 22.2 23.41 21.54 20.88 22.8 51.42 49.48 27.73 26.93 37.12 38.08 69.43 67.47 5.83 4.24 46.07 44.29 15.0 13.89 51.97 53.94 34.66 36.12 32.57 34.48 27.46 28.6 46.75 48.1 12.37 12.04 55.9 57.7 35.78 36.72 20.81 19.72 23.41 24.17 31.78 32.28 34.37 34.13 58.31 56.6 7.07 9.06 8.06 8.06 12.65 14.56 39.36 37.59 15.81 13.93 59.14 61.03 
4.47 4.0 3.61 3.0 2.83 2.0 2.24 1.0 2.0 0.0 62.27 60.54 61.77 60.03 61.29 59.54 60.83 59.06 60.37 58.59 59.93 58.14 59.51 57.7 59.09 57.27 26.91 25.46 26.25 24.76 25.61 24.08 25.0 23.43 25.3 23.41 20.4 22.36 53.37 51.42 28.65 27.73 35.36 36.36 71.39 69.43 5.1 3.16 47.85 46.07 16.28 15.0 50.01 51.97 33.24 34.66 33.24 35.11 26.42 27.46 45.28 46.67 13.0 12.37 54.12 55.9 34.0 34.99 22.02 20.81 22.8 23.41 31.4 31.78 32.39 32.14 60.03 58.31 5.1 7.07 8.54 8.06 10.77 12.65 41.15 39.36 17.72 15.81 57.25 59.14 
58.59 60.37 59.06 60.83 59.54 61.29 60.03 61.77 60.54 62.27 0.0 2.0 1.0 2.24 2.0 2.83 3.0 3.61 4.0 4.47 5.0 5.39 6.0 6.32 7.0 7.28 37.64 38.28 38.6 39.22 39.56 40.16 40.52 41.11 37.8 39.41 77.23 78.57 19.1 19.42 68.82 70.0 97.62 98.62 47.76 47.13 60.84 61.72 14.87 16.4 47.01 48.85 105.12 107.08 77.32 79.31 74.89 76.55 86.05 87.62 106.83 108.0 52.55 54.42 102.18 104.17 96.25 97.25 62.48 63.78 80.06 81.57 59.0 61.0 89.84 90.44 61.03 61.13 66.19 67.98 55.95 57.78 69.46 71.31 21.4 23.02 45.22 46.87 119.01 120.83 
56.82 58.59 57.31 59.06 57.8 59.54 58.31 60.03 58.83 60.54 2.0 0.0 2.24 1.0 2.83 2.0 3.61 3.0 4.47 4.0 5.39 5.0 6.32 6.0 7.28 7.0 35.74 36.4 36.69 37.34 37.64 38.28 38.6 39.22 36.24 37.8 75.74 77.1 19.0 19.1 67.68 68.82 95.88 96.9 48.47 47.76 59.03 59.94 13.45 14.87 45.19 47.01 103.16 105.12 75.33 77.32 73.78 75.47 84.5 86.05 105.21 106.4 50.7 52.55 100.18 102.18 94.51 95.52 61.22 62.48 78.57 80.06 57.0 59.0 87.93 88.54 61.0 61.03 64.41 66.19 54.13 55.95 67.62 69.46 19.85 21.4 43.6 45.22 117.2 119.01 
58.14 59.93 58.59 60.37 59.06 60.83 59.54 61.29 60.03 61.77 1.0 2.24 0.0 2.0 1.0 2.24 2.0 2.83 3.0 3.61 4.0 4.47 5.0 5.39 6.0 6.32 37.36 37.95 38.33 38.9 39.29 39.85 40.26 40.8 37.2 38.83 76.58 77.9 18.11 18.44 68.01 69.2 97.13 98.11 46.82 46.17 60.42 61.27 14.21 15.81 46.62 48.47 104.92 106.89 77.23 79.23 74.06 75.72 85.43 87.01 106.25 107.42 52.2 54.08 102.12 104.12 95.77 96.75 61.72 63.03 79.4 80.92 59.01 61.01 89.56 90.14 60.03 60.13 65.74 67.54 55.54 57.38 69.08 70.94 20.81 22.47 44.65 46.32 118.6 120.42 
56.36 58.14 56.82 58.59 57.31 59.06 57.8 59.54 58.31 60.03 2.24 1.0 2.0 0.0 2.24 1.0 2.83 2.0 3.61 3.0 4.47 4.0 5.39 5.0 6.32 6.0 35.44 36.06 36.4 37.0 37.36 37.95 38.33 38.9 35.61 37.2 75.07 76.42 18.0 18.11 66.85 68.01 95.38 96.38 47.54 46.82 58.6 59.48 12.73 14.21 44.78 46.62 102.96 104.92 75.24 77.23 72.95 74.63 83.87 85.43 104.62 105.8 50.33 52.2 100.12 102.12 94.02 95.02 60.44 61.72 77.9 79.4 57.01 59.01 87.64 88.23 60.0 60.03 63.95 65.74 53.71 55.54 67.23 69.08 19.21 20.81 43.01 44.65 116.78 118.6 
57.7 59.51 58.14 59.93 58.59 60.37 59.06 60.83 59.54 61.29 2.0 2.83 1.0 2.24 0.0 2.0 1.0 2.24 2.0 2.83 3.0 3.61 4.0 4.47 5.0 5.39 37.11 37.64 38.08 38.6 39.05 39.56 40.02 40.52 36.62 38.28 75.93 77.23 17.12 17.46 67.2 68.41 96.65 97.62 45.88 45.22 60.01 60.84 13.6 15.26 46.24 48.1 104.74 106.71 77.16 79.16 73.24 74.89 84.81 86.4 105.68 106.83 51.87 53.76 102.08 104.08 95.29 96.25 60.96 62.29 78.75 80.28 59.03 61.03 89.29 89.84 59.03 59.14 65.31 67.12 55.15 57.01 68.71 70.58 20.25 21.95 44.1 45.79 118.19 120.02 
55.9 57.7 56.36 58.14 56.82 58.59 57.31 59.06 57.8 59.54 2.83 2.0 2.24 1.0 2.0 0.0 2.24 1.0 2.83 2.0 3.61 3.0 4.47 4.0 5.39 5.0 35.17 35.74 36.14 36.69 37.11 37.64 38.08 38.6 35.0 36.62 74.41 75.74 17.0 17.12 66.03 67.2 94.89 95.88 46.62 45.88 58.18 59.03 12.04 13.6 44.38 46.24 102.77 104.74 75.17 77.16 72.11 73.78 83.24 84.81 104.04 105.21 49.98 51.87 100.08 102.08 93.54 94.51 59.67 60.96 77.23 78.75 57.04 59.03 87.36 87.93 59.0 59.03 63.51 65.31 53.31 55.15 66.85 68.71 18.6 20.25 42.44 44.1 116.36 118.19 
57.27 59.09 57.7 59.51 58.14 59.93 58.59 60.37 59.06 60.83 3.0 3.61 2.0 2.83 1.0 2.24 0.0 2.0 1.0 2.24 2.0 2.83 3.0 3.61 4.0 4.47 36.88 37.36 37.85 38.33 38.83 39.29 39.81 40.26 36.06 37.74 75.29 76.58 16.12 16.49 66.4 67.62 96.18 97.13 44.94 44.27 59.62 60.42 13.04 14.76 45.88 47.76 104.56 106.53 77.1 79.1 72.42 74.06 84.2 85.8 105.12 106.25 51.55 53.45 102.04 104.04 94.83 95.77 60.21 61.55 78.1 79.65 59.08 61.07 89.02 89.56 58.03 58.14 64.88 66.71 54.78 56.65 68.35 70.23 19.72 21.47 43.57 45.28 117.78 119.62 
55.46 57.27 55.9 57.7 56.36 58.14 56.82 58.59 57.31 59.06 3.61 3.0 2.83 2.0 2.24 1.0 2.0 0.0 2.24 1.0 2.83 2.0 3.61 3.0 4.47 4.0 34.93 35.44 35.9 36.4 36.88 37.36 37.85 38.33 34.41 36.06 73.76 75.07 16.0 16.12 65.22 66.4 94.41 95.38 45.69 44.94 57.78 58.6 11.4 13.04 44.01 45.88 102.59 104.56 75.11 77.1 71.28 72.95 82.62 84.2 103.47 104.62 49.65 51.55 100.04 102.04 93.06 94.02 58.9 60.21 76.58 78.1 57.08 59.08 87.09 87.64 58.0 58.03 63.07 64.88 52.92 54.78 66.48 68.35 18.03 19.72 41.88 43.57 115.95 117.78 
56.86 58.69 57.27 59.09 57.7 59.51 58.14 59.93 58.59 60.37 4.0 4.47 3.0 3.61 2.0 2.83 1.0 2.24 0.0 2.0 1.0 2.24 2.0 2.83 3.0 3.61 36.67 37.11 37.66 38.08 38.64 39.05 39.62 40.02 35.51 37.22 74.65 75.93 15.13 15.52 65.6 66.84 95.71 96.65 44.01 43.32 59.24 60.01 12.53 14.32 45.54 47.43 104.39 106.37 77.06 79.06 71.61 73.24 83.6 85.21 104.56 105.68 51.24 53.16 102.02 104.02 94.37 95.29 59.46 60.83 77.47 79.03 59.14 61.13 88.77 89.29 57.04 57.14 64.47 66.31 54.42 56.3 68.01 69.89 19.24 21.02 43.05 44.78 117.39 119.23 
55.04 56.86 55.46 57.27 55.9 57.7 56.36 58.14 56.82 58.59 4.47 4.0 3.61 3.0 2.83 2.0 2.24 1.0 2.0 0.0 2.24 1.0 2.83 2.0 3.61 3.0 34.71 35.17 35.69 36.14 36.67 37.11 37.66 38.08 33.84 35.51 73.11 74.41 15.0 15.13 64.4 65.6 93.94 94.89 44.78 44.01 57.38 58.18 10.82 12.53 43.66 45.54 102.42 104.39 75.06 77.06 70.46 72.11 82.01 83.6 102.9 104.04 49.34 51.24 100.02 102.02 92.59 93.54 58.14 59.46 75.93 77.47 57.14 59.14 86.83 87.36 57.0 57.04 62.65 64.47 52.55 54.42 66.13 68.01 17.49 19.24 41.34 43.05 115.55 117.39 
56.46 58.31 56.86 58.69 57.27 59.09 57.7 59.51 58.14 59.93 5.0 5.39 4.0 4.47 3.0 3.61 2.0 2.83 1.0 2.24 0.0 2.0 1.0 2.24 2.0 2.83 36.5 36.88 37.48 37.85 38.47 38.83 39.46 39.81 34.99 36.72 74.03 75.29 14.14 14.56 64.82 66.07 95.26 96.18 43.08 42.38 58.87 59.62 12.08 13.93 45.22 47.13 104.24 106.21 77.03 79.03 70.8 72.42 83.01 84.63 104.01 105.12 50.96 52.89 102.0 104.0 93.91 94.83 58.73 60.11 76.84 78.41 59.21 61.2 88.53 89.02 56.04 56.14 64.08 65.92 54.08 55.97 67.68 69.57 18.79 20.62 42.54 44.29 117.0 118.85 
54.63 56.46 55.04 56.86 55.46 57.27 55.9 57.7 56.36 58.14 5.39 5.0 4.47 4.0 3.61 3.0 2.83 2.0 2.24 1.0 2.0 0.0 2.24 1.0 2.83 2.0 34.53 34.93 35.51 35.9 36.5 36.88 37.48 37.85 33.29 34.99 72.47 73.76 14.0 14.14 63.6 64.82 93.48 94.41 43.86 43.08 57.01 57.78 10.3 12.08 43.32 45.22 102.26 104.24 75.03 77.03 69.63 71.28 81.4 83.01 102.34 103.47 49.04 50.96 100.0 102.0 92.13 93.06 57.38 58.73 75.29 76.84 57.22 59.21 86.59 87.09 56.0 56.04 62.24 64.08 52.2 54.08 65.79 67.68 17.0 18.79 40.82 42.54 115.16 117.0 
56.08 57.94 56.46 58.31 56.86 58.69 57.27 59.09 57.7 59.51 6.0 6.32 5.0 5.39 4.0 4.47 3.0 3.61 2.0 2.83 1.0 2.24 0.0 2.0 1.0 2.24 36.35 36.67 37.34 37.66 38.33 38.64 39.32 39.62 34.48 36.24 73.41 74.65 13.15 13.6 64.03 65.3 94.81 95.71 42.15 41.44 58.52 59.24 11.7 13.6 44.92 46.84 104.09 106.07 77.01 79.01 70.0 71.61 82.42 84.05 103.46 104.56 50.7 52.63 102.0 104.0 93.47 94.37 58.0 59.4 76.22 77.8 59.3 61.29 88.29 88.77 55.04 55.15 63.69 65.55 53.76 55.66 67.36 69.26 18.38 20.25 42.06 43.83 116.62 118.47 
54.23 56.08 54.63 56.46 55.04 56.86 55.46 57.27 55.9 57.7 6.32 6.0 5.39 5.0 4.47 4.0 3.61 3.0 2.83 2.0 2.24 1.0 2.0 0.0 2.24 1.0 34.37 34.71 35.36 35.69 36.35 36.67 37.34 37.66 32.76 34.48 71.84 73.11 13.0 13.15 62.8 64.03 93.02 93.94 42.95 42.15 56.65 57.38 9.85 11.7 43.01 44.92 102.11 104.09 75.01 77.01 68.82 70.46 80.8 82.42 101.79 102.9 48.76 50.7 100.0 102.0 91.68 92.59 56.64 58.0 74.65 76.22 57.31 59.3 86.35 86.83 55.0 55.04 61.85 63.69 51.87 53.76 65.46 67.36 16.55 18.38 40.31 42.06 114.77 116.62 
55.71 57.58 56.08 57.94 56.46 58.31 56.86 58.69 57.27 59.09 7.0 7.28 6.0 6.32 5.0 5.39 4.0 4.47 3.0 3.61 2.0 2.83 1.0 2.24 0.0 2.0 36.22 36.5 37.22 37.48 38.21 38.47 39.2 39.46 34.0 35.78 72.8 74.03 12.17 12.65 63.25 64.54 94.37 95.26 41.23 40.5 58.19 58.87 11.4 13.34 44.64 46.57 103.95 105.93 77.0 79.0 69.2 70.8 81.84 83.49 102.93 104.01 50.45 52.39 102.0 104.0 93.04 93.91 57.28 58.69 75.6 77.2 59.41 61.4 88.07 88.53 54.04 54.15 63.32 65.19 53.45 55.36 67.05 68.96 18.03 19.92 41.59 43.38 116.25 118.11 
53.85 55.71 54.23 56.08 54.63 56.46 55.04 56.86 55.46 57.27 7.28 7.0 6.32 6.0 5.39 5.0 4.47 4.0 3.61 3.0 2.83 2.0 2.24 1.0 2.0 0.0 34.23 34.53 35.23 35.51 36.22 36.5 37.22 37.48 32.25 34.0 71.22 72.47 12.0 12.17 62.01 63.25 92.57 93.48 42.05 41.23 56.3 57.01 9.49 11.4 42.72 44.64 101.97 103.95 75.0 77.0 68.01 69.63 80.21 81.84 101.24 102.34 48.51 50.45 100.0 102.0 91.24 92.13 55.9 57.28 74.03 75.6 57.43 59.41 86.12 86.59 54.0 54.04 61.47 63.32 51.55 53.45 65.15 67.05 16.16 18.03 39.82 41.59 114.39 116.25 
22.63 24.08 23.35 24.76 24.08 25.46 24.84 26.17 25.61 26.91 37.64 35.74 37.36 35.44 37.11 35.17 36.88 34.93 36.67 34.71 36.5 34.53 36.35 34.37 36.22 34.23 0.0 2.0 1.0 2.24 2.0 2.83 3.0 3.61 13.42 12.65 45.65 47.41 34.93 32.98 45.18 45.4 61.4 62.63 62.13 60.46 24.21 25.5 25.02 23.02 10.63 12.04 67.74 69.72 41.19 43.19 51.35 53.34 53.01 54.2 72.12 73.55 15.26 17.0 66.19 68.18 60.0 61.22 37.22 37.48 48.37 49.4 25.5 27.31 52.2 52.81 60.46 59.36 29.83 31.4 19.21 20.81 32.25 34.0 19.1 17.12 15.03 15.3 81.88 83.65 
21.26 22.8 21.93 23.43 22.63 24.08 23.35 24.76 24.08 25.46 38.28 36.4 37.95 36.06 37.64 35.74 37.36 35.44 37.11 35.17 36.88 34.93 36.67 34.71 36.5 34.53 2.0 0.0 2.24 1.0 2.83 2.0 3.61 3.0 11.66 10.77 43.91 45.65 34.53 32.56 43.19 43.42 60.22 61.4 61.06 59.36 23.02 24.21 25.18 23.19 9.22 10.82 67.48 69.46 41.44 43.42 49.37 51.35 51.4 52.63 70.72 72.12 14.32 16.16 66.37 68.36 58.82 60.0 35.23 35.51 46.65 47.71 26.42 28.18 51.66 52.2 58.82 57.69 28.6 30.23 18.03 19.72 31.3 33.11 19.0 17.0 13.04 13.34 80.95 82.73 
21.93 23.35 22.67 24.04 23.43 24.76 24.21 25.5 25.0 26.25 38.6 36.69 38.33 36.4 38.08 36.14 37.85 35.9 37.66 35.69 37.48 35.51 37.34 35.36 37.22 35.23 1.0 2.24 0.0 2.0 1.0 2.24 2.0 2.83 13.89 13.0 45.18 46.96 35.9 33.96 45.1 45.28 60.61 61.85 62.97 61.29 23.43 24.76 26.02 24.02 10.0 11.31 66.75 68.73 40.2 42.19 51.24 53.24 52.43 53.6 71.42 72.86 14.42 16.12 65.19 67.19 59.2 60.44 37.12 37.34 47.89 48.88 24.6 26.4 51.24 51.87 61.03 59.91 29.07 30.61 18.44 20.0 31.38 33.12 20.1 18.11 15.0 15.13 81.01 82.76 
20.52 22.02 21.21 22.67 21.93 23.35 22.67 24.04 23.43 24.76 39.22 37.34 38.9 37.0 38.6 36.69 38.33 36.4 38.08 36.14 37.85 35.9 37.66 35.69 37.48 35.51 2.24 1.0 2.0 0.0 2.24 1.0 2.83 2.0 12.21 11.18 43.42 45.18 35.51 33.54 43.1 43.29 59.41 60.61 61.91 60.21 22.2 23.43 26.17 24.19 8.49 10.0 66.48 68.47 40.45 42.43 49.25 51.24 50.8 52.01 70.01 71.42 13.42 15.23 65.38 67.36 58.01 59.2 35.13 35.36 46.14 47.17 25.55 27.29 50.7 51.24 59.41 58.25 27.8 29.41 17.2 18.87 30.41 32.2 20.0 18.0 13.0 13.15 80.06 81.84 
21.26 22.63 22.02 23.35 22.8 24.08 23.6 24.84 24.41 25.61 39.56 37.64 39.29 37.36 39.05 37.11 38.83 36.88 38.64 36.67 38.47 36.5 38.33 36.35 38.21 36.22 2.0 2.83 1.0 2.24 0.0 2.0 1.0 2.24 14.42 13.42 44.72 46.52 36.88 34.93 45.04 45.18 59.82 61.07 63.81 62.13 22.67 24.04 27.02 25.02 9.43 10.63 65.76 67.74 39.2 41.19 51.16 53.15 51.87 53.01 70.72 72.18 13.6 15.26 64.2 66.19 58.41 59.67 37.05 37.22 47.41 48.37 23.71 25.5 50.29 50.92 61.61 60.46 28.32 29.83 17.69 19.21 30.53 32.25 21.1 19.1 15.03 15.03 80.13 81.88 
19.8 21.26 20.52 21.93 21.26 22.63 22.02 23.35 22.8 24.08 40.16 38.28 39.85 37.95 39.56 37.64 39.29 37.36 39.05 37.11 38.83 36.88 38.64 36.67 38.47 36.5 2.83 2.0 2.24 1.0 2.0 0.0 2.24 1.0 12.81 11.66 42.94 44.72 36.5 34.53 43.05 43.19 58.6 59.82 62.77 61.06 21.4 22.67 27.17 25.18 7.81 9.22 65.49 67.48 39.46 41.44 49.16 51.16 50.22 51.4 69.3 70.72 12.53 14.32 64.38 66.37 57.2 58.41 35.06 35.23 45.65 46.65 24.7 26.42 49.73 50.29 60.0 58.82 27.02 28.6 16.4 18.03 29.53 31.3 21.0 19.0 13.04 13.04 79.18 80.95 
20.62 21.93 21.4 22.67 22.2 23.43 23.02 24.21 23.85 25.0 40.52 38.6 40.26 38.33 40.02 38.08 39.81 37.85 39.62 37.66 39.46 37.48 39.32 37.34 39.2 37.22 3.0 3.61 2.0 2.83 1.0 2.24 0.0 2.0 15.0 13.89 44.28 46.1 37.85 35.9 45.01 45.1 59.03 60.31 64.66 62.97 21.93 23.35 28.02 26.02 8.94 10.0 64.78 66.75 38.21 40.2 51.09 53.08 51.31 52.43 70.04 71.51 12.81 14.42 63.2 65.19 57.63 58.9 37.01 37.12 46.96 47.89 22.83 24.6 49.34 49.98 62.2 61.03 27.59 29.07 16.97 18.44 29.68 31.38 22.09 20.1 15.13 15.0 79.26 81.01 
19.1 20.52 19.85 21.21 20.62 21.93 21.4 22.67 22.2 23.43 41.11 39.22 40.8 38.9 40.52 38.6 40.26 38.33 40.02 38.08 39.81 37.85 39.62 37.66 39.46 37.48 3.61 3.0 2.83 2.0 2.24 1.0 2.0 0.0 13.45 12.21 42.49 44.28 37.48 35.51 43.01 43.1 57.8 59.03 63.63 61.91 20.62 21.93 28.16 26.17 7.21 8.49 64.5 66.48 38.47 40.45 49.09 51.09 49.65 50.8 68.59 70.04 11.66 13.42 63.39 65.38 56.4 57.63 35.01 35.13 45.18 46.14 23.85 25.55 48.76 49.34 60.61 59.41 26.25 27.8 15.62 17.2 28.65 30.41 22.0 20.0 13.15 13.0 78.29 80.06 
22.36 24.33 22.56 24.52 22.8 24.74 23.09 25.0 23.41 25.3 37.8 36.24 37.2 35.61 36.62 35.0 36.06 34.41 35.51 33.84 34.99 33.29 34.48 32.76 34.0 32.25 13.42 11.66 13.89 12.21 14.42 12.81 15.0 13.45 0.0 2.0 39.6 41.04 28.28 26.31 34.48 35.11 60.42 61.27 50.99 49.19 25.18 25.5 23.02 21.4 13.6 15.52 73.03 75.03 49.65 51.55 40.8 42.72 48.27 49.82 69.07 70.21 19.42 21.38 73.98 75.93 59.09 59.93 26.93 27.73 42.43 43.86 37.01 38.6 56.08 56.22 47.2 46.04 29.83 31.78 21.0 23.0 34.23 36.22 16.4 14.87 7.62 9.49 82.54 84.43 
20.4 22.36 20.62 22.56 20.88 22.8 21.19 23.09 21.54 23.41 39.41 37.8 38.83 37.2 38.28 36.62 37.74 36.06 37.22 35.51 36.72 34.99 36.24 34.48 35.78 34.0 12.65 10.77 13.0 11.18 13.42 11.66 13.89 12.21 2.0 0.0 38.21 39.7 30.27 28.28 33.96 34.48 58.6 59.48 52.8 50.99 23.19 23.54 24.7 23.02 11.7 13.6 71.03 73.03 47.76 49.65 40.26 42.2 46.75 48.27 67.42 68.6 17.46 19.42 72.03 73.98 57.27 58.14 26.25 26.93 41.04 42.43 35.47 37.01 54.08 54.23 48.41 47.2 27.89 29.83 19.0 21.0 32.25 34.23 18.03 16.4 5.83 7.62 80.65 82.54 
24.74 24.33 23.77 23.35 22.8 22.36 21.84 21.38 20.88 20.4 77.23 75.74 76.58 75.07 75.93 74.41 75.29 73.76 74.65 73.11 74.03 72.47 73.41 71.84 72.8 71.22 45.65 43.91 45.18 43.42 44.72 42.94 44.28 42.49 39.6 38.21 0.0 2.0 64.5 62.77 18.68 16.76 27.17 27.02 74.24 72.25 25.18 23.19 62.37 60.88 35.34 34.54 54.08 55.76 47.93 48.75 19.42 20.62 9.49 11.4 31.02 31.78 33.24 32.76 62.94 64.35 26.31 26.08 18.25 16.28 2.83 4.47 51.01 51.09 37.54 36.24 56.89 54.92 21.02 21.21 28.86 28.44 24.74 25.3 55.9 54.45 32.65 31.4 50.01 52.01 
26.68 26.31 25.71 25.32 24.74 24.33 23.77 23.35 22.8 22.36 78.57 77.1 77.9 76.42 77.23 75.74 76.58 75.07 75.93 74.41 75.29 73.76 74.65 73.11 74.03 72.47 47.41 45.65 46.96 45.18 46.52 44.72 46.1 44.28 41.04 39.7 2.0 0.0 65.51 63.81 18.25 16.28 27.46 27.17 74.43 72.44 27.17 25.18 63.7 62.24 37.16 36.4 55.22 56.86 49.77 50.57 18.36 19.42 9.06 11.05 30.36 31.02 35.17 34.71 64.38 65.76 26.68 26.31 18.68 16.76 2.0 4.0 53.01 53.08 38.9 37.54 56.57 54.59 23.02 23.19 30.81 30.41 26.68 27.2 57.28 55.87 34.21 33.02 50.09 52.09 
50.64 52.61 50.8 52.77 50.99 52.95 51.2 53.15 51.42 53.37 19.1 19.0 18.11 18.0 17.12 17.0 16.12 16.0 15.13 15.0 14.14 14.0 13.15 13.0 12.17 12.0 34.93 34.53 35.9 35.51 36.88 36.5 37.85 37.48 28.28 30.27 64.5 65.51 0.0 2.0 53.04 54.49 87.92 88.6 31.62 30.53 53.46 53.76 12.73 14.21 41.0 43.0 101.02 103.02 75.95 77.93 58.73 60.21 73.82 75.59 95.26 96.18 47.0 49.0 100.84 102.83 86.65 87.32 47.8 49.41 67.23 68.96 60.08 61.98 84.29 84.48 42.0 42.05 58.05 60.02 49.16 51.16 62.51 64.5 16.16 18.03 35.69 37.66 110.44 112.36 
48.66 50.64 48.84 50.8 49.03 50.99 49.24 51.2 49.48 51.42 19.42 19.1 18.44 18.11 17.46 17.12 16.49 16.12 15.52 15.13 14.56 14.14 13.6 13.15 12.65 12.17 32.98 32.56 33.96 33.54 34.93 34.53 35.9 35.51 26.31 28.28 62.77 63.81 2.0 0.0 51.62 53.04 86.03 86.73 32.8 31.62 51.48 51.79 11.4 12.73 39.0 41.0 99.02 101.02 73.98 75.95 57.38 58.9 72.07 73.82 93.48 94.41 45.0 47.0 98.86 100.84 84.76 85.44 46.23 47.8 65.51 67.23 58.19 60.08 82.3 82.49 42.05 42.0 56.09 58.05 47.17 49.16 60.53 62.51 14.32 16.16 33.73 35.69 108.52 110.44 
31.38 32.2 30.46 31.3 29.55 30.41 28.64 29.53 27.73 28.65 68.82 67.68 68.01 66.85 67.2 66.03 66.4 65.22 65.6 64.4 64.82 63.6 64.03 62.8 63.25 62.01 45.18 43.19 45.1 43.1 45.04 43.05 45.01 43.01 34.48 33.96 18.68 18.25 53.04 51.62 0.0 2.0 45.71 45.4 57.07 55.11 33.54 31.76 54.38 53.34 37.12 37.34 72.07 73.82 61.4 62.63 6.32 8.25 27.07 29.07 47.38 47.68 38.08 38.6 79.65 81.22 44.91 44.55 8.0 8.25 20.22 22.2 59.14 59.81 54.92 53.85 38.33 36.35 32.2 33.42 34.79 35.47 37.64 38.95 48.76 47.85 30.15 30.02 68.26 70.26 
30.68 31.38 29.73 30.46 28.79 29.55 27.86 28.64 26.93 27.73 70.0 68.82 69.2 68.01 68.41 67.2 67.62 66.4 66.84 65.6 66.07 64.82 65.3 64.03 64.54 63.25 45.4 43.42 45.28 43.29 45.18 43.19 45.1 43.1 35.11 34.48 16.76 16.28 54.49 53.04 2.0 0.0 43.74 43.42 59.03 57.07 32.7 30.87 55.47 54.38 37.01 37.12 70.33 72.07 60.22 61.4 6.0 8.0 25.08 27.07 45.4 45.71 37.66 38.08 78.1 79.65 42.95 42.58 8.25 8.0 18.25 20.22 58.52 59.14 53.25 52.15 40.31 38.33 31.06 32.2 34.21 34.79 36.4 37.64 49.74 48.76 30.41 30.15 66.27 68.26 
39.12 37.44 38.59 36.89 38.08 36.36 37.59 35.85 37.12 35.36 97.62 95.88 97.13 95.38 96.65 94.89 96.18 94.41 95.71 93.94 95.26 93.48 94.81 93.02 94.37 92.57 61.4 60.22 60.61 59.41 59.82 58.6 59.03 57.8 60.42 58.6 27.17 27.46 87.92 86.03 45.71 43.74 0.0 2.0 101.04 99.05 37.2 36.06 83.19 81.41 51.04 49.41 32.45 33.6 41.77 41.44 45.22 45.88 18.97 17.09 14.14 16.12 46.23 44.69 45.31 46.1 1.41 1.41 45.0 43.0 25.5 23.54 54.59 53.67 22.02 20.02 84.01 82.04 31.62 30.0 42.2 40.61 29.7 28.32 76.48 74.71 52.8 50.99 23.09 25.08 
40.22 38.6 39.66 38.01 39.12 37.44 38.59 36.89 38.08 36.36 98.62 96.9 98.11 96.38 97.62 95.88 97.13 95.38 96.65 94.89 96.18 94.41 95.71 93.94 95.26 93.48 62.63 61.4 61.85 60.61 61.07 59.82 60.31 59.03 61.27 59.48 27.02 27.17 88.6 86.73 45.4 43.42 2.0 0.0 101.12 99.13 38.42 37.2 84.12 82.37 52.2 50.61 34.13 35.23 43.74 43.42 44.64 45.22 18.44 16.49 12.17 14.14 47.51 46.01 47.17 47.93 3.16 1.41 45.04 43.05 25.18 23.19 56.36 55.46 24.02 22.02 83.73 81.74 32.8 31.24 43.42 41.87 31.14 29.83 77.41 75.66 53.67 51.88 23.0 25.0 
70.34 72.28 70.09 72.03 69.86 71.81 69.63 71.59 69.43 71.39 47.76 48.47 46.82 47.54 45.88 46.62 44.94 45.69 44.01 44.78 43.08 43.86 42.15 42.95 41.23 42.05 62.13 61.06 62.97 61.91 63.81 62.77 64.66 63.63 50.99 52.8 74.24 74.43 31.62 32.8 57.07 59.03 101.04 101.12 0.0 2.0 73.5 73.01 44.2 45.45 64.47 66.31 121.4 123.36 100.46 102.32 60.44 61.03 83.49 85.48 104.39 104.74 70.01 71.87 124.28 126.18 100.02 100.08 56.08 58.08 76.42 78.41 87.46 89.19 103.75 103.41 24.08 25.61 76.49 78.45 70.52 72.42 82.0 83.95 45.97 47.42 56.3 58.19 124.1 126.1 
68.41 70.34 68.15 70.09 67.91 69.86 67.68 69.63 67.47 69.43 47.13 47.76 46.17 46.82 45.22 45.88 44.27 44.94 43.32 44.01 42.38 43.08 41.44 42.15 40.5 41.23 60.46 59.36 61.29 60.21 62.13 61.06 62.97 61.91 49.19 50.99 72.25 72.44 30.53 31.62 55.11 57.07 99.05 99.13 2.0 0.0 71.57 71.06 43.01 44.2 62.65 64.47 119.44 121.4 98.62 100.46 58.52 59.14 81.5 83.49 102.42 102.77 68.15 70.01 122.38 124.28 98.02 98.08 54.08 56.08 74.43 76.42 85.76 87.46 101.79 101.43 22.63 24.08 74.53 76.49 68.62 70.52 80.05 82.0 44.55 45.97 54.42 56.3 122.1 124.1 
3.16 1.41 3.61 2.24 4.24 3.16 5.0 4.12 5.83 5.1 60.84 59.03 60.42 58.6 60.01 58.18 59.62 57.78 59.24 57.38 58.87 57.01 58.52 56.65 58.19 56.3 24.21 23.02 23.43 22.2 22.67 21.4 21.93 20.62 25.18 23.19 25.18 27.17 53.46 51.48 33.54 32.7 37.2 38.42 73.5 71.57 0.0 2.0 46.82 44.94 13.89 12.21 48.26 50.25 29.07 30.61 38.28 40.16 30.46 31.3 48.17 49.68 9.22 8.06 51.08 52.92 35.81 37.01 26.63 25.55 27.46 27.89 26.31 26.68 31.0 31.06 63.51 61.85 5.66 7.21 5.0 3.61 9.06 11.05 40.16 38.28 18.0 16.0 58.18 60.01 
3.16 1.41 3.0 1.0 3.16 1.41 3.61 2.24 4.24 3.16 61.72 59.94 61.27 59.48 60.84 59.03 60.42 58.6 60.01 58.18 59.62 57.78 59.24 57.38 58.87 57.01 25.5 24.21 24.76 23.43 24.04 22.67 23.35 21.93 25.5 23.54 23.19 25.18 53.76 51.79 31.76 30.87 36.06 37.2 73.01 71.06 2.0 0.0 47.54 45.69 15.0 13.45 48.51 50.49 30.41 31.89 36.4 38.28 28.64 29.53 46.69 48.17 10.82 9.85 51.89 53.71 34.67 35.81 25.0 23.85 25.5 25.96 28.28 28.64 31.06 31.0 62.43 60.75 4.47 6.32 6.4 5.39 9.06 11.05 40.85 39.0 18.11 16.12 57.38 59.24 
44.38 46.24 44.78 46.62 45.19 47.01 45.62 47.42 46.07 47.85 14.87 13.45 14.21 12.73 13.6 12.04 13.04 11.4 12.53 10.82 12.08 10.3 11.7 9.85 11.4 9.49 25.02 25.18 26.02 26.17 27.02 27.17 28.02 28.16 23.02 24.7 62.37 63.7 12.73 11.4 54.38 55.47 83.19 84.12 44.2 43.01 46.82 47.54 0.0 2.0 33.24 35.17 92.66 94.64 66.07 68.07 60.54 62.27 71.22 72.8 92.09 93.23 39.05 41.0 91.09 93.09 81.84 82.76 47.8 49.04 65.19 66.71 49.03 50.99 76.69 77.13 51.79 51.48 52.0 53.85 42.06 43.97 55.66 57.57 6.71 8.54 30.53 32.25 104.92 106.78 
42.54 44.38 42.95 44.78 43.38 45.19 43.83 45.62 44.29 46.07 16.4 14.87 15.81 14.21 15.26 13.6 14.76 13.04 14.32 12.53 13.93 12.08 13.6 11.7 13.34 11.4 23.02 23.19 24.02 24.19 25.02 25.18 26.02 26.17 21.4 23.02 60.88 62.24 14.21 12.73 53.34 54.38 81.41 82.37 45.45 44.2 44.94 45.69 2.0 0.0 31.32 33.24 90.67 92.66 64.07 66.07 59.54 61.29 69.66 71.22 90.44 91.61 37.11 39.05 89.09 91.09 80.06 81.01 46.62 47.8 63.7 65.19 47.07 49.03 74.73 75.19 52.17 51.79 50.16 52.0 40.16 42.06 53.76 55.66 5.0 6.71 28.84 30.53 103.08 104.92 
12.04 13.6 12.73 14.21 13.45 14.87 14.21 15.56 15.0 16.28 47.01 45.19 46.62 44.78 46.24 44.38 45.88 44.01 45.54 43.66 45.22 43.32 44.92 43.01 44.64 42.72 10.63 9.22 10.0 8.49 9.43 7.81 8.94 7.21 13.6 11.7 35.34 37.16 41.0 39.0 37.12 37.01 51.04 52.2 64.47 62.65 13.89 15.0 33.24 31.32 0.0 2.0 60.03 62.03 36.06 37.95 43.01 45.01 42.44 43.6 61.52 62.94 6.0 8.0 60.42 62.37 49.65 50.8 29.15 29.02 38.01 38.95 24.84 26.17 43.57 43.93 58.69 57.31 19.42 21.1 8.94 10.77 22.47 24.35 26.68 24.74 9.22 8.06 72.01 73.82 
10.63 12.04 11.4 12.73 12.21 13.45 13.04 14.21 13.89 15.0 48.85 47.01 48.47 46.62 48.1 46.24 47.76 45.88 47.43 45.54 47.13 45.22 46.84 44.92 46.57 44.64 12.04 10.82 11.31 10.0 10.63 9.22 10.0 8.49 15.52 13.6 34.54 36.4 43.0 41.0 37.34 37.12 49.41 50.61 66.31 64.47 12.21 13.45 35.17 33.24 2.0 0.0 58.03 60.03 34.18 36.06 43.1 45.1 41.34 42.44 60.11 61.55 4.0 6.0 58.46 60.42 48.01 49.2 29.43 29.15 37.16 38.01 23.6 24.84 41.59 41.98 60.11 58.69 17.8 19.42 7.21 8.94 20.62 22.47 28.64 26.68 10.63 9.22 70.21 72.01 
51.35 49.37 51.48 49.5 51.62 49.65 51.79 49.82 51.97 50.01 105.12 103.16 104.92 102.96 104.74 102.77 104.56 102.59 104.39 102.42 104.24 102.26 104.09 102.11 103.95 101.97 67.74 67.48 66.75 66.48 65.76 65.49 64.78 64.5 73.03 71.03 54.08 55.22 101.02 99.02 72.07 70.33 32.45 34.13 121.4 119.44 48.26 48.51 92.66 90.67 60.03 58.03 0.0 2.0 29.53 27.78 73.5 74.63 48.84 47.38 44.01 45.88 54.04 52.04 15.03 15.03 32.2 33.84 68.54 66.71 53.6 52.01 48.75 46.96 17.72 18.38 108.63 106.78 44.91 42.95 52.04 50.04 39.46 37.48 86.37 84.38 66.19 64.2 29.43 29.83 
53.34 51.35 53.46 51.48 53.6 51.62 53.76 51.79 53.94 51.97 107.08 105.12 106.89 104.92 106.71 104.74 106.53 104.56 106.37 104.39 106.21 104.24 106.07 104.09 105.93 103.95 69.72 69.46 68.73 68.47 67.74 67.48 66.75 66.48 75.03 73.03 55.76 56.86 103.02 101.02 73.82 72.07 33.6 35.23 123.36 121.4 50.25 50.49 94.64 92.66 62.03 60.03 2.0 0.0 31.3 29.53 75.17 76.28 50.33 48.84 44.78 46.62 56.04 54.04 15.3 15.03 33.42 35.0 70.38 68.54 55.22 53.6 50.57 48.75 19.65 20.25 110.49 108.63 46.87 44.91 54.04 52.04 41.44 39.46 88.36 86.37 68.18 66.19 29.15 29.43 
32.02 30.48 32.65 31.14 33.3 31.83 33.97 32.53 34.66 33.24 77.32 75.33 77.23 75.24 77.16 75.17 77.1 75.11 77.06 75.06 77.03 75.03 77.01 75.01 77.0 75.0 41.19 41.44 40.2 40.45 39.2 39.46 38.21 38.47 49.65 47.76 47.93 49.77 75.95 73.98 61.4 60.22 41.77 43.74 100.46 98.62 29.07 30.41 66.07 64.07 36.06 34.18 29.53 31.3 0.0 2.0 65.19 66.89 48.05 47.68 55.9 57.87 30.46 28.64 25.02 27.02 40.61 42.58 55.23 53.91 49.04 48.38 19.31 17.46 21.02 22.85 92.42 90.8 29.21 28.02 30.53 28.84 23.85 22.83 60.3 58.31 44.28 42.49 53.01 54.2 
33.6 32.02 34.21 32.65 34.83 33.3 35.47 33.97 36.12 34.66 79.31 77.32 79.23 77.23 79.16 77.16 79.1 77.1 79.06 77.06 79.03 77.03 79.01 77.01 79.0 77.0 43.19 43.42 42.19 42.43 41.19 41.44 40.2 40.45 51.55 49.65 48.75 50.57 77.93 75.95 62.63 61.4 41.44 43.42 102.32 100.46 30.61 31.89 68.07 66.07 37.95 36.06 27.78 29.53 2.0 0.0 66.29 67.96 48.51 48.05 55.58 57.56 32.31 30.46 23.02 25.02 40.31 42.3 56.59 55.23 49.77 49.04 21.19 19.31 20.25 22.14 94.05 92.42 30.48 29.21 32.25 30.53 25.0 23.85 62.29 60.3 46.1 44.28 51.87 53.01 
36.4 37.0 35.44 36.06 34.48 35.11 33.53 34.18 32.57 33.24 74.89 73.78 74.06 72.95 73.24 72.11 72.42 71.28 71.61 70.46 70.8 69.63 70.0 68.82 69.2 68.01 51.35 49.37 51.24 49.25 51.16 49.16 51.09 49.09 40.8 40.26 19.42 18.36 58.73 57.38 6.32 6.0 45.22 44.64 60.44 58.52 38.28 36.4 60.54 59.54 43.01 43.1 73.5 75.17 65.19 66.29 0.0 2.0 26.25 28.16 45.0 45.04 43.57 43.93 82.07 83.55 44.6 43.97 14.14 14.0 20.12 21.93 64.29 64.85 56.85 55.61 40.01 38.01 36.24 37.22 40.02 40.52 41.34 42.44 55.01 54.13 36.35 36.12 67.08 69.05 
38.33 38.9 37.36 37.95 36.4 37.0 35.44 36.06 34.48 35.11 76.55 75.47 75.72 74.63 74.89 73.78 74.06 72.95 73.24 72.11 72.42 71.28 71.61 70.46 70.8 69.63 53.34 51.35 53.24 51.24 53.15 51.16 53.08 51.09 42.72 42.2 20.62 19.42 60.21 58.9 8.25 8.0 45.88 45.22 61.03 59.14 40.16 38.28 62.27 61.29 45.01 45.1 74.63 76.28 66.89 67.96 2.0 0.0 26.93 28.79 45.04 45.0 45.54 45.89 83.45 84.9 45.31 44.6 16.12 16.0 21.1 22.83 66.22 66.76 58.14 56.85 40.11 38.12 38.01 38.95 41.98 42.45 43.05 44.1 56.8 55.95 38.33 38.12 67.47 69.43 
30.89 29.97 30.02 29.07 29.15 28.18 28.3 27.29 27.46 26.42 86.05 84.5 85.43 83.87 84.81 83.24 84.2 82.62 83.6 82.01 83.01 81.4 82.42 80.8 81.84 80.21 53.01 51.4 52.43 50.8 51.87 50.22 51.31 49.65 48.27 46.75 9.49 9.06 73.82 72.07 27.07 25.08 18.97 18.44 83.49 81.5 30.46 28.64 71.22 69.66 42.44 41.34 48.84 50.33 48.05 48.51 26.25 26.93 0.0 2.0 21.54 22.36 39.36 38.48 59.41 60.61 18.38 17.72 27.66 25.71 7.07 5.1 54.59 54.33 33.84 32.2 65.38 63.39 25.3 24.74 34.89 34.01 27.17 27.02 64.66 63.13 41.04 39.6 41.19 43.19 
31.91 30.89 31.06 30.02 30.23 29.15 29.41 28.3 28.6 27.46 87.62 86.05 87.01 85.43 86.4 84.81 85.8 84.2 85.21 83.6 84.63 83.01 84.05 82.42 83.49 81.84 54.2 52.63 53.6 52.01 53.01 51.4 52.43 50.8 49.82 48.27 11.4 11.05 75.59 73.82 29.07 27.07 17.09 16.49 85.48 83.49 31.3 29.53 72.8 71.22 43.6 42.44 47.38 48.84 47.68 48.05 28.16 28.79 2.0 0.0 19.7 20.59 40.31 39.36 58.25 59.41 16.55 15.81 29.61 27.66 9.06 7.07 54.92 54.59 32.76 31.06 67.36 65.38 26.0 25.3 35.85 34.89 27.46 27.17 66.22 64.66 42.52 41.04 39.2 41.19 
49.5 48.1 48.8 47.38 48.1 46.67 47.42 45.97 46.75 45.28 106.83 105.21 106.25 104.62 105.68 104.04 105.12 103.47 104.56 102.9 104.01 102.34 103.46 101.79 102.93 101.24 72.12 70.72 71.42 70.01 70.72 69.3 70.04 68.59 69.07 67.42 31.02 30.36 95.26 93.48 47.38 45.4 14.14 12.17 104.39 102.42 48.17 46.69 92.09 90.44 61.52 60.11 44.01 44.78 55.9 55.58 45.0 45.04 21.54 19.7 0.0 2.0 57.38 56.08 57.97 58.52 15.3 13.34 49.04 47.13 28.46 26.57 68.03 67.23 36.01 34.01 85.01 83.01 42.52 41.23 53.08 51.74 41.88 40.82 85.45 83.82 61.61 60.0 24.19 25.94 
50.93 49.58 50.21 48.84 49.5 48.1 48.8 47.38 48.1 46.67 108.0 106.4 107.42 105.8 106.83 105.21 106.25 104.62 105.68 104.04 105.12 103.47 104.56 102.9 104.01 102.34 73.55 72.12 72.86 71.42 72.18 70.72 71.51 70.04 70.21 68.6 31.78 31.02 96.18 94.41 47.68 45.71 16.12 14.14 104.74 102.77 49.68 48.17 93.23 91.61 62.94 61.55 45.88 46.62 57.87 57.56 45.04 45.0 22.36 20.59 2.0 0.0 58.9 57.63 59.91 60.44 17.26 15.3 49.65 47.76 29.15 27.31 69.86 69.08 38.01 36.01 85.05 83.05 44.05 42.8 54.56 53.26 43.57 42.54 86.61 85.0 62.8 61.22 25.24 26.93 
8.54 9.43 9.49 10.3 10.44 11.18 11.4 12.08 12.37 13.0 52.55 50.7 52.2 50.33 51.87 49.98 51.55 49.65 51.24 49.34 50.96 49.04 50.7 48.76 50.45 48.51 15.26 14.32 14.42 13.42 13.6 12.53 12.81 11.66 19.42 17.46 33.24 35.17 47.0 45.0 38.08 37.66 46.23 47.51 70.01 68.15 9.22 10.82 39.05 37.11 6.0 4.0 54.04 56.04 30.46 32.31 43.57 45.54 39.36 40.31 57.38 58.9 0.0 2.0 54.57 56.52 44.82 46.1 30.36 29.83 35.74 36.4 21.47 22.47 37.66 38.08 63.03 61.55 14.87 16.28 4.47 5.66 17.0 18.79 32.56 30.59 13.89 12.21 66.65 68.43 
8.06 8.54 9.06 9.49 10.05 10.44 11.05 11.4 12.04 12.37 54.42 52.55 54.08 52.2 53.76 51.87 53.45 51.55 53.16 51.24 52.89 50.96 52.63 50.7 52.39 50.45 17.0 16.16 16.12 15.23 15.26 14.32 14.42 13.42 21.38 19.42 32.76 34.71 49.0 47.0 38.6 38.08 44.69 46.01 71.87 70.01 8.06 9.85 41.0 39.05 8.0 6.0 52.04 54.04 28.64 30.46 43.93 45.89 38.48 39.36 56.08 57.63 2.0 0.0 52.63 54.57 43.28 44.6 31.02 30.36 35.17 35.74 20.62 21.47 35.69 36.14 64.54 63.03 13.6 14.87 4.0 4.47 15.26 17.0 34.53 32.56 15.65 13.89 64.88 66.65 
54.23 52.39 54.63 52.8 55.04 53.23 55.46 53.67 55.9 54.12 102.18 100.18 102.12 100.12 102.08 100.08 102.04 100.04 102.02 100.02 102.0 100.0 102.0 100.0 102.0 100.0 66.19 66.37 65.19 65.38 64.2 64.38 63.2 63.39 73.98 72.03 62.94 64.38 100.84 98.86 79.65 78.1 45.31 47.17 124.28 122.38 51.08 51.89 91.09 89.09 60.42 58.46 15.03 15.3 25.02 23.02 82.07 83.45 59.41 58.25 57.97 59.91 54.57 52.63 0.0 2.0 44.78 46.62 74.89 73.24 63.03 61.72 43.42 41.44 25.61 27.2 114.13 112.38 49.24 47.51 53.76 51.87 43.42 41.68 85.29 83.29 68.01 66.1 44.41 44.72 
56.08 54.23 56.46 54.63 56.86 55.04 57.27 55.46 57.7 55.9 104.17 102.18 104.12 102.12 104.08 102.08 104.04 102.04 104.02 102.02 104.0 102.0 104.0 102.0 104.0 102.0 68.18 68.36 67.19 67.36 66.19 66.37 65.19 65.38 75.93 73.98 64.35 65.76 102.83 100.84 81.22 79.65 46.1 47.93 126.18 124.28 52.92 53.71 93.09 91.09 62.37 60.42 15.03 15.03 27.02 25.02 83.55 84.9 60.61 59.41 58.52 60.44 56.52 54.57 2.0 0.0 45.62 47.42 76.55 74.89 64.38 63.03 45.4 43.42 26.91 28.43 115.88 114.13 51.0 49.24 55.66 53.76 45.18 43.42 87.28 85.29 69.92 68.01 44.18 44.41 
37.74 36.06 37.22 35.51 36.72 34.99 36.24 34.48 35.78 34.0 96.25 94.51 95.77 94.02 95.29 93.54 94.83 93.06 94.37 92.59 93.91 92.13 93.47 91.68 93.04 91.24 60.0 58.82 59.2 58.01 58.41 57.2 57.63 56.4 59.09 57.27 26.31 26.68 86.65 84.76 44.91 42.95 1.41 3.16 100.02 98.02 35.81 34.67 81.84 80.06 49.65 48.01 32.2 33.42 40.61 40.31 44.6 45.31 18.38 16.55 15.3 17.26 44.82 43.28 44.78 45.62 0.0 2.0 44.01 42.01 24.74 22.8 53.24 52.33 21.1 19.1 83.19 81.22 30.23 28.6 40.8 39.2 28.28 26.91 75.13 73.36 51.48 49.66 24.19 26.17 
38.83 37.2 38.28 36.62 37.74 36.06 37.22 35.51 36.72 34.99 97.25 95.52 96.75 95.02 96.25 94.51 95.77 94.02 95.29 93.54 94.83 93.06 94.37 92.59 93.91 92.13 61.22 60.0 60.44 59.2 59.67 58.41 58.9 57.63 59.93 58.14 26.08 26.31 87.32 85.44 44.55 42.58 1.41 1.41 100.08 98.08 37.01 35.81 82.76 81.01 50.8 49.2 33.84 35.0 42.58 42.3 43.97 44.6 17.72 15.81 13.34 15.3 46.1 44.6 46.62 47.42 2.0 0.0 44.01 42.01 24.33 22.36 55.01 54.13 23.09 21.1 82.87 80.89 31.4 29.83 42.01 40.46 29.73 28.43 76.06 74.3 52.33 50.54 24.02 26.02 
24.19 25.24 23.32 24.41 22.47 23.6 21.63 22.8 20.81 22.02 62.48 61.22 61.72 60.44 60.96 59.67 60.21 58.9 59.46 58.14 58.73 57.38 58.0 56.64 57.28 55.9 37.22 35.23 37.12 35.13 37.05 35.06 37.01 35.01 26.93 26.25 18.25 18.68 47.8 46.23 8.0 8.25 45.0 45.04 56.08 54.08 26.63 25.0 47.8 46.62 29.15 29.43 68.54 70.38 55.23 56.59 14.14 16.12 27.66 29.61 49.04 49.65 30.36 31.02 74.89 76.55 44.01 44.01 0.0 2.0 20.62 22.56 51.62 52.39 50.99 50.16 40.16 38.28 26.17 27.66 27.31 28.18 31.89 33.42 41.88 40.82 22.2 22.02 68.03 70.03 
23.26 24.19 22.36 23.32 21.47 22.47 20.59 21.63 19.72 20.81 63.78 62.48 63.03 61.72 62.29 60.96 61.55 60.21 60.83 59.46 60.11 58.73 59.4 58.0 58.69 57.28 37.48 35.51 37.34 35.36 37.22 35.23 37.12 35.13 27.73 26.93 16.28 16.76 49.41 47.8 8.25 8.0 43.0 43.05 58.08 56.08 25.55 23.85 49.04 47.8 29.02 29.15 66.71 68.54 53.91 55.23 14.0 16.0 25.71 27.66 47.13 47.76 29.83 30.36 73.24 74.89 42.01 42.01 2.0 0.0 18.68 20.62 50.92 51.62 49.19 48.33 42.06 40.16 24.76 26.17 26.57 27.31 30.41 31.89 43.01 41.88 22.56 22.2 66.03 68.03 
27.2 26.68 26.25 25.71 25.3 24.74 24.35 23.77 23.41 22.8 80.06 78.57 79.4 77.9 78.75 77.23 78.1 76.58 77.47 75.93 76.84 75.29 76.22 74.65 75.6 74.03 48.37 46.65 47.89 46.14 47.41 45.65 46.96 45.18 42.43 41.04 2.83 2.0 67.23 65.51 20.22 18.25 25.5 25.18 76.42 74.43 27.46 25.5 65.19 63.7 38.01 37.16 53.6 55.22 49.04 49.77 20.12 21.1 7.07 9.06 28.46 29.15 35.74 35.17 63.03 64.38 24.74 24.33 20.62 18.68 0.0 2.0 53.01 53.01 37.48 36.07 58.55 56.57 23.02 23.02 31.32 30.81 26.31 26.68 58.73 57.28 35.47 34.21 48.09 50.09 
27.86 27.2 26.93 26.25 26.0 25.3 25.08 24.35 24.17 23.41 81.57 80.06 80.92 79.4 80.28 78.75 79.65 78.1 79.03 77.47 78.41 76.84 77.8 76.22 77.2 75.6 49.4 47.71 48.88 47.17 48.37 46.65 47.89 46.14 43.86 42.43 4.47 4.0 68.96 67.23 22.2 20.22 23.54 23.19 78.41 76.42 27.89 25.96 66.71 65.19 38.95 38.01 52.01 53.6 48.38 49.04 21.93 22.83 5.1 7.07 26.57 27.31 36.4 35.74 61.72 63.03 22.8 22.36 22.56 20.62 2.0 0.0 53.08 53.01 36.12 34.66 60.53 58.55 23.19 23.02 31.95 31.32 26.08 26.31 60.21 58.73 36.8 35.47 46.1 48.09 
27.89 27.46 28.86 28.44 29.83 29.43 30.81 30.41 31.78 31.4 59.0 57.0 59.01 57.01 59.03 57.04 59.08 57.08 59.14 57.14 59.21 57.22 59.3 57.31 59.41 57.43 25.5 26.42 24.6 25.55 23.71 24.7 22.83 23.85 37.01 35.47 51.01 53.01 60.08 58.19 59.14 58.52 54.59 56.36 87.46 85.76 26.31 28.28 49.03 47.07 24.84 23.6 48.75 50.57 19.31 21.19 64.29 66.22 54.59 54.92 68.03 69.86 21.47 20.62 43.42 45.4 53.24 55.01 51.62 50.92 53.01 53.08 0.0 2.0 37.48 38.9 83.49 82.13 30.0 30.07 24.35 23.77 27.46 27.89 43.97 42.06 34.06 32.8 70.01 71.42 
28.46 27.89 29.41 28.86 30.36 29.83 31.32 30.81 32.28 31.78 61.0 59.0 61.01 59.01 61.03 59.03 61.07 59.08 61.13 59.14 61.2 59.21 61.29 59.3 61.4 59.41 27.31 28.18 26.4 27.29 25.5 26.42 24.6 25.55 38.6 37.01 51.09 53.08 61.98 60.08 59.81 59.14 53.67 55.46 89.19 87.46 26.68 28.64 50.99 49.03 26.17 24.84 46.96 48.75 17.46 19.31 64.85 66.76 54.33 54.59 67.23 69.08 22.47 21.47 41.44 43.42 52.33 54.13 52.39 51.62 53.01 53.01 2.0 0.0 36.07 37.54 84.86 83.49 30.07 30.0 25.08 24.35 27.17 27.46 45.88 43.97 35.38 34.06 68.62 70.01 
34.01 32.02 34.06 32.06 34.13 32.14 34.23 32.25 34.37 32.39 89.84 87.93 89.56 87.64 89.29 87.36 89.02 87.09 88.77 86.83 88.53 86.59 88.29 86.35 88.07 86.12 52.2 51.66 51.24 50.7 50.29 49.73 49.34 48.76 56.08 54.08 37.54 38.9 84.29 82.3 54.92 53.25 22.02 24.02 103.75 101.79 31.0 31.06 76.69 74.73 43.57 41.59 17.72 19.65 21.02 20.25 56.85 58.14 33.84 32.76 36.01 38.01 37.66 35.69 25.61 26.91 21.1 23.09 50.99 49.19 37.48 36.12 37.48 36.07 0.0 2.0 91.0 89.16 27.29 25.32 35.13 33.14 22.02 20.02 70.21 68.25 49.0 47.0 32.56 33.94 
34.01 32.02 34.0 32.0 34.01 32.02 34.06 32.06 34.13 32.14 90.44 88.54 90.14 88.23 89.84 87.93 89.56 87.64 89.29 87.36 89.02 87.09 88.77 86.83 88.53 86.59 52.81 52.2 51.87 51.24 50.92 50.29 49.98 49.34 56.22 54.23 36.24 37.54 84.48 82.49 53.85 52.15 20.02 22.02 103.41 101.43 31.06 31.0 77.13 75.19 43.93 41.98 18.38 20.25 22.85 22.14 55.61 56.85 32.2 31.06 34.01 36.01 38.08 36.14 27.2 28.43 19.1 21.1 50.16 48.33 36.07 34.66 38.9 37.54 2.0 0.0 90.25 88.39 27.07 25.08 35.36 33.38 22.02 20.02 70.61 68.66 49.04 47.04 31.11 32.56 
60.46 62.13 59.91 61.59 59.36 61.06 58.83 60.54 58.31 60.03 61.03 61.0 60.03 60.0 59.03 59.0 58.03 58.0 57.04 57.0 56.04 56.0 55.04 55.0 54.04 54.0 60.46 58.82 61.03 59.41 61.61 60.0 62.2 60.61 47.2 48.41 56.89 56.57 42.0 42.05 38.33 40.31 84.01 83.73 24.08 22.63 63.51 62.43 51.79 52.17 58.69 60.11 108.63 110.49 92.42 94.05 40.01 40.11 65.38 67.36 85.01 85.05 63.03 64.54 114.13 115.88 83.19 82.87 40.16 42.06 58.55 60.53 83.49 84.86 91.0 90.25 0.0 2.0 64.88 66.65 62.01 63.6 70.71 72.47 50.29 50.92 49.5 50.93 106.57 108.56 
