85
0.0 2.0 1.0 2.24 2.0 2.83 3.0 3.61 4.0 4.47 5.0 5.39 32.25 33.29 45.28 45.1 46.27 46.1 47.27 47.1 19.21 18.03 18.44 17.2 17.69 16.4 22.36 22.09 23.35 23.09 43.01 42.45 33.97 32.65 33.24 31.89 3.61 5.0 28.23 27.51 43.1 43.01 9.0 9.22 39.05 39.56 34.06 35.38 26.4 24.6 21.02 19.24 24.17 26.0 26.83 27.78 25.5 26.42 45.71 45.4 28.6 30.23 30.07 32.06 30.81 28.86 21.93 23.77 35.0 36.24 28.64 26.68 11.66 10.77 12.04 13.6 26.17 24.76 9.49 7.62 8.25 8.0 33.24 31.83 47.13 
2.0 0.0 2.24 1.0 2.83 2.0 3.61 3.0 4.47 4.0 5.39 5.0 30.53 31.62 43.29 43.1 44.28 44.1 45.28 45.1 20.52 19.21 19.8 18.44 19.1 17.69 20.4 20.1 21.38 21.1 41.11 40.52 35.36 33.97 34.66 33.24 5.39 6.4 30.08 29.41 41.11 41.01 9.22 9.0 37.11 37.64 32.8 34.06 25.63 23.77 20.25 18.38 22.36 24.17 26.0 26.83 24.7 25.5 43.74 43.42 27.02 28.6 28.07 30.07 32.76 30.81 20.12 21.93 33.84 35.0 30.59 28.64 12.81 11.66 10.63 12.04 27.59 26.25 10.3 8.6 8.94 8.25 34.71 33.24 45.22 
1.0 2.24 0.0 2.0 1.0 2.24 2.0 2.83 3.0 3.61 4.0 4.47 31.76 32.76 45.4 45.18 46.39 46.17 47.38 47.17 20.0 18.87 19.21 18.03 18.44 17.2 22.56 22.2 23.54 23.19 43.32 42.72 34.71 33.42 33.97 32.65 3.16 4.24 28.64 27.86 43.19 43.05 8.0 8.25 38.83 39.29 34.83 36.12 27.31 25.5 21.93 20.12 23.77 25.63 27.73 28.65 26.4 27.29 45.89 45.54 28.02 29.68 30.15 32.14 30.59 28.64 21.54 23.41 35.81 37.01 28.44 26.48 12.53 11.7 11.4 13.04 26.91 25.46 10.44 8.54 9.22 9.0 33.94 32.56 46.84 
2.24 1.0 2.0 0.0 2.24 1.0 2.83 2.0 3.61 3.0 4.47 4.0 30.02 31.06 43.42 43.19 44.41 44.18 45.4 45.18 21.26 20.0 20.52 19.21 19.8 18.44 20.62 20.22 21.59 21.21 41.44 40.8 36.07 34.71 35.36 33.97 5.1 5.83 30.46 29.73 41.19 41.05 8.25 8.0 36.88 37.36 33.6 34.83 26.57 24.7 21.19 19.31 21.93 23.77 26.93 27.73 25.63 26.4 43.93 43.57 26.4 28.02 28.16 30.15 32.56 30.59 19.7 21.54 34.67 35.81 30.41 28.44 13.6 12.53 9.9 11.4 28.28 26.91 11.18 9.43 9.85 9.22 35.38 33.94 44.92 
2.0 2.83 1.0 2.24 0.0 2.0 1.0 2.24 2.0 2.83 3.0 3.61 31.3 32.25 45.54 45.28 46.53 46.27 47.52 47.27 20.81 19.72 20.0 18.87 19.21 18.03 22.8 22.36 23.77 23.35 43.66 43.01 35.47 34.21 34.71 33.42 3.0 3.61 29.07 28.23 43.29 43.1 7.0 7.28 38.64 39.05 35.61 36.88 28.23 26.4 22.85 21.02 23.41 25.3 28.64 29.53 27.31 28.18 46.1 45.71 27.46 29.15 30.27 32.25 30.41 28.44 21.19 23.09 36.62 37.8 28.28 26.31 13.42 12.65 10.82 12.53 27.66 26.17 11.4 9.49 10.2 10.0 34.66 33.3 46.57 
2.83 2.0 2.24 1.0 2.0 0.0 2.24 1.0 2.83 2.0 3.61 3.0 29.53 30.53 43.57 43.29 44.55 44.28 45.54 45.28 22.02 20.81 21.26 20.0 20.52 19.21 20.88 20.4 21.84 21.38 41.79 41.11 36.8 35.47 36.07 34.71 5.0 5.39 30.87 30.08 41.3 41.11 7.28 7.0 36.67 37.11 34.41 35.61 27.51 25.63 22.14 20.25 21.54 23.41 27.86 28.64 26.57 27.31 44.15 43.74 25.81 27.46 28.28 30.27 32.39 30.41 19.31 21.19 35.51 36.62 30.27 28.28 14.42 13.42 9.22 10.82 29.0 27.59 12.08 10.3 10.77 10.2 36.07 34.66 44.64 
3.0 3.61 2.0 2.83 1.0 2.24 0.0 2.0 1.0 2.24 2.0 2.83 30.87 31.76 45.71 45.4 46.69 46.39 47.68 47.38 21.63 20.59 20.81 19.72 20.0 18.87 23.09 22.56 24.04 23.54 44.01 43.32 36.24 35.0 35.47 34.21 3.16 3.16 29.53 28.64 43.42 43.19 6.0 6.32 38.47 38.83 36.4 37.64 29.15 27.31 23.77 21.93 23.09 25.0 29.55 30.41 28.23 29.07 46.32 45.89 26.93 28.65 30.41 32.39 30.27 28.28 20.88 22.8 37.44 38.6 28.16 26.17 14.32 13.6 10.3 12.08 28.43 26.91 12.37 10.44 11.18 11.0 35.38 34.06 46.32 
3.61 3.0 2.83 2.0 2.24 1.0 2.0 0.0 2.24 1.0 2.83 2.0 29.07 30.02 43.74 43.42 44.72 44.41 45.71 45.4 22.8 21.63 22.02 20.81 21.26 20.0 21.19 20.62 22.14 21.59 42.15 41.44 37.54 36.24 36.8 35.47 5.1 5.1 31.3 30.46 41.44 41.19 6.32 6.0 36.5 36.88 35.23 36.4 28.46 26.57 23.09 21.19 21.19 23.09 28.79 29.55 27.51 28.23 44.38 43.93 25.24 26.93 28.44 30.41 32.25 30.27 18.97 20.88 36.36 37.44 30.15 28.16 15.26 14.32 8.6 10.3 29.73 28.28 13.0 11.18 11.7 11.18 36.77 35.38 44.38 
4.0 4.47 3.0 3.61 2.0 2.83 1.0 2.24 0.0 2.0 1.0 2.24 30.46 31.3 45.89 45.54 46.87 46.53 47.85 47.52 22.47 21.47 21.63 20.59 20.81 19.72 23.41 22.8 24.35 23.77 44.38 43.66 37.01 35.81 36.24 35.0 3.61 3.0 30.02 29.07 43.57 43.29 5.0 5.39 38.33 38.64 37.2 38.42 30.08 28.23 24.7 22.85 22.8 24.74 30.46 31.3 29.15 29.97 46.57 46.1 26.42 28.18 30.59 32.56 30.15 28.16 20.62 22.56 38.28 39.41 28.07 26.08 15.23 14.56 9.85 11.7 29.21 27.66 13.34 11.4 12.17 12.0 36.12 34.83 46.1 
4.47 4.0 3.61 3.0 2.83 2.0 2.24 1.0 2.0 0.0 2.24 1.0 28.64 29.53 43.93 43.57 44.91 44.55 45.89 45.54 23.6 22.47 22.8 21.63 22.02 20.81 21.54 20.88 22.47 21.84 42.54 41.79 38.29 37.01 37.54 36.24 5.39 5.0 31.76 30.87 41.59 41.3 5.39 5.0 36.35 36.67 36.06 37.2 29.41 27.51 24.04 22.14 20.88 22.8 29.73 30.46 28.46 29.15 44.64 44.15 24.7 26.42 28.64 30.59 32.14 30.15 18.68 20.62 37.22 38.28 30.07 28.07 16.12 15.23 8.06 9.85 30.48 29.0 13.93 12.08 12.65 12.17 37.48 36.12 44.15 
5.0 5.39 4.0 4.47 3.0 3.61 2.0 2.83 1.0 2.24 0.0 2.0 30.08 30.87 46.1 45.71 47.07 46.69 48.05 47.68 23.32 22.36 22.47 21.47 21.63 20.59 23.77 23.09 24.7 24.04 44.78 44.01 37.8 36.62 37.01 35.81 4.24 3.16 30.53 29.53 43.74 43.42 4.0 4.47 38.21 38.47 38.01 39.2 31.02 29.15 25.63 23.77 22.56 24.52 31.38 32.2 30.08 30.87 46.84 46.32 25.94 27.73 30.81 32.76 30.07 28.07 20.4 22.36 39.12 40.22 28.02 26.02 16.16 15.52 9.49 11.4 30.0 28.43 14.32 12.37 13.15 13.0 36.88 35.61 45.89 
5.39 5.0 4.47 4.0 3.61 3.0 2.83 2.0 2.24 1.0 2.0 0.0 28.23 29.07 44.15 43.74 45.12 44.72 46.1 45.71 24.41 23.32 23.6 22.47 22.8 21.63 21.93 21.19 22.85 22.14 42.95 42.15 39.05 37.8 38.29 37.01 5.83 5.1 32.25 31.3 41.77 41.44 4.47 4.0 36.22 36.5 36.89 38.01 30.36 28.46 25.0 23.09 20.62 22.56 30.68 31.38 29.41 30.08 44.92 44.38 24.19 25.94 28.86 30.81 32.06 30.07 18.44 20.4 38.08 39.12 30.02 28.02 17.0 16.16 7.62 9.49 31.24 29.73 14.87 13.0 13.6 13.15 38.21 36.88 43.93 
32.25 30.53 31.76 30.02 31.3 29.53 30.87 29.07 30.46 28.64 30.08 28.23 0.0 2.0 27.02 25.5 27.66 26.17 28.32 26.87 50.61 49.04 50.0 48.41 49.41 47.8 20.88 18.97 20.62 18.68 31.78 29.97 65.44 63.89 64.82 63.25 34.01 33.24 60.37 59.51 24.21 22.67 28.86 26.93 12.21 11.18 42.43 42.19 43.46 41.63 39.82 38.08 8.49 7.21 43.08 42.38 42.54 41.79 29.41 27.8 5.1 3.16 18.11 18.44 58.69 56.72 10.63 9.22 44.55 44.28 56.89 54.92 42.8 41.23 20.62 18.79 57.8 56.61 39.82 38.6 38.42 36.88 65.0 63.41 17.12 
33.29 31.62 32.76 31.06 32.25 30.53 31.76 30.02 31.3 29.53 30.87 29.07 2.0 0.0 28.6 27.02 29.21 27.66 29.83 28.32 51.86 50.33 51.22 49.68 50.61 49.04 22.8 20.88 22.56 20.62 33.62 31.78 66.71 65.19 66.07 64.54 34.89 34.01 61.29 60.37 25.81 24.21 29.41 27.51 13.45 12.21 44.41 44.18 45.31 43.46 41.59 39.82 10.0 8.94 44.94 44.27 44.38 43.66 31.06 29.41 5.1 3.16 20.1 20.4 59.03 57.07 12.04 10.82 46.53 46.27 57.27 55.32 44.05 42.52 21.47 19.72 59.03 57.8 41.11 39.82 39.7 38.21 66.22 64.66 17.46 
45.28 43.29 45.4 43.42 45.54 43.57 45.71 43.74 45.89 43.93 46.1 44.15 27.02 28.6 0.0 2.0 1.0 2.24 2.0 2.83 57.87 55.9 57.71 55.73 57.56 55.58 23.02 23.19 22.02 22.2 8.94 7.21 70.88 68.96 70.6 68.68 48.51 48.84 71.25 71.11 2.83 4.47 47.13 45.22 15.65 17.46 31.14 29.7 38.95 38.01 38.63 37.95 27.46 25.81 38.08 36.36 38.47 36.72 3.0 1.0 31.11 29.73 15.3 13.34 75.95 73.98 28.65 26.93 33.24 31.83 73.82 71.85 51.24 49.25 38.28 36.4 64.54 64.13 48.17 48.04 47.1 45.1 71.31 69.38 19.0 
45.1 43.1 45.18 43.19 45.28 43.29 45.4 43.42 45.54 43.57 45.71 43.74 25.5 27.02 2.0 0.0 2.24 1.0 2.83 2.0 58.25 56.29 58.05 56.09 57.87 55.9 23.02 23.02 22.02 22.02 10.77 8.94 71.47 69.57 71.17 69.26 48.26 48.51 71.45 71.25 2.0 2.83 46.57 44.64 13.89 15.65 32.53 31.14 39.96 38.95 39.4 38.63 26.42 24.7 39.12 37.44 39.45 37.74 5.0 3.0 29.73 28.28 15.03 13.04 75.66 73.68 27.73 25.94 34.66 33.3 73.55 71.57 51.48 49.5 37.64 35.74 65.0 64.54 48.37 48.17 47.27 45.28 71.84 69.92 17.0 
46.27 44.28 46.39 44.41 46.53 44.55 46.69 44.72 46.87 44.91 47.07 45.12 27.66 29.21 1.0 2.24 0.0 2.0 1.0 2.24 58.86 56.89 58.69 56.72 58.55 56.57 24.02 24.19 23.02 23.19 9.43 7.81 71.84 69.92 71.57 69.64 49.5 49.82 72.25 72.11 3.61 5.0 48.08 46.17 16.12 17.89 31.89 30.41 39.82 38.91 39.56 38.9 28.3 26.63 38.95 37.22 39.36 37.59 3.16 1.41 31.83 30.41 16.28 14.32 76.94 74.97 29.53 27.78 33.97 32.53 74.81 72.84 52.24 50.25 39.22 37.34 65.51 65.12 49.16 49.04 48.09 46.1 72.28 70.34 19.03 
46.1 44.1 46.17 44.18 46.27 44.28 46.39 44.41 46.53 44.55 46.69 44.72 26.17 27.66 2.24 1.0 2.0 0.0 2.24 1.0 59.23 57.27 59.03 57.07 58.86 56.89 24.02 24.02 23.02 23.02 11.18 9.43 72.42 70.52 72.12 70.21 49.25 49.5 72.44 72.25 3.0 3.61 47.54 45.61 14.42 16.12 33.24 31.83 40.82 39.82 40.31 39.56 27.29 25.55 39.96 38.28 40.31 38.59 5.1 3.16 30.48 29.0 16.03 14.04 76.66 74.67 28.64 26.83 35.36 33.97 74.55 72.56 52.47 50.49 38.6 36.69 65.97 65.51 49.37 49.16 48.26 46.27 72.8 70.88 17.03 
47.27 45.28 47.38 45.4 47.52 45.54 47.68 45.71 47.85 45.89 48.05 46.1 28.32 29.83 2.0 2.83 1.0 2.24 0.0 2.0 59.84 57.87 59.68 57.71 59.54 57.56 25.02 25.18 24.02 24.19 10.0 8.49 72.8 70.88 72.53 70.6 50.49 50.8 73.25 73.11 4.47 5.66 49.04 47.13 16.64 18.36 32.65 31.14 40.71 39.81 40.5 39.85 29.15 27.46 39.82 38.08 40.25 38.47 3.61 2.24 32.56 31.11 17.26 15.3 77.93 75.95 30.41 28.65 34.71 33.24 75.8 73.82 53.24 51.24 40.16 38.28 66.49 66.1 50.16 50.04 49.09 47.1 73.25 71.31 19.1 
47.1 45.1 47.17 45.18 47.27 45.28 47.38 45.4 47.52 45.54 47.68 45.71 26.87 28.32 2.83 2.0 2.24 1.0 2.0 0.0 60.21 58.25 60.02 58.05 59.84 57.87 25.02 25.02 24.02 24.02 11.66 10.0 73.38 71.47 73.08 71.17 50.25 50.49 73.44 73.25 4.0 4.47 48.51 46.57 15.0 16.64 33.97 32.53 41.68 40.71 41.23 40.5 28.18 26.42 40.82 39.12 41.18 39.45 5.39 3.61 31.24 29.73 17.03 15.03 77.65 75.66 29.55 27.73 36.07 34.66 75.54 73.55 53.46 51.48 39.56 37.64 66.94 66.49 50.36 50.16 49.25 47.27 73.76 71.84 17.12 
19.21 20.52 20.0 21.26 20.81 22.02 21.63 22.8 22.47 23.6 23.32 24.41 50.61 51.86 57.87 58.25 58.86 59.23 59.84 60.21 0.0 2.0 1.0 2.24 2.0 2.83 35.74 36.4 36.69 37.34 53.04 53.15 14.87 13.45 14.21 12.73 19.24 21.02 14.56 15.23 56.29 56.75 26.83 27.78 55.46 56.36 35.74 37.64 24.7 24.04 21.38 21.1 42.2 43.83 25.63 27.51 24.35 26.25 57.43 57.71 47.42 48.92 43.97 45.88 28.43 27.2 40.0 41.62 35.47 37.34 26.4 25.24 7.81 9.43 31.14 32.53 7.21 6.32 10.82 12.04 12.21 13.89 14.42 12.81 63.95 
18.03 19.21 18.87 20.0 19.72 20.81 20.59 21.63 21.47 22.47 22.36 23.32 49.04 50.33 55.9 56.29 56.89 57.27 57.87 58.25 2.0 0.0 2.24 1.0 2.83 2.0 33.84 34.54 34.79 35.47 51.04 51.16 16.4 14.87 15.81 14.21 18.38 20.25 16.49 17.09 54.34 54.82 26.0 26.83 53.67 54.59 33.84 35.74 22.85 22.14 19.42 19.1 40.61 42.2 23.77 25.63 22.47 24.35 55.44 55.73 45.97 47.42 42.06 43.97 29.73 28.43 38.42 40.0 33.62 35.47 27.66 26.4 6.4 7.81 29.83 31.14 8.94 8.25 9.22 10.63 10.63 12.21 16.12 14.42 62.18 
18.44 19.8 19.21 20.52 20.0 21.26 20.81 22.02 21.63 22.8 22.47 23.6 50.0 51.22 57.71 58.05 58.69 59.03 59.68 60.02 1.0 2.24 0.0 2.0 1.0 2.24 35.44 36.06 36.4 37.0 53.01 53.08 15.56 14.21 14.87 13.45 18.36 20.12 14.32 14.87 56.09 56.52 25.94 26.93 55.04 55.9 36.06 37.95 25.08 24.35 21.59 21.21 41.62 43.27 26.0 27.86 24.7 26.57 57.31 57.56 46.75 48.27 43.68 45.61 27.66 26.4 39.41 41.05 35.85 37.7 25.61 24.41 7.21 8.94 30.41 31.83 7.81 6.71 10.3 11.4 11.66 13.42 15.0 13.45 63.51 
17.2 18.44 18.03 19.21 18.87 20.0 19.72 20.81 20.59 21.63 21.47 22.47 48.41 49.68 55.73 56.09 56.72 57.07 57.71 58.05 2.24 1.0 2.0 0.0 2.24 1.0 33.53 34.18 34.48 35.11 51.01 51.09 17.03 15.56 16.4 14.87 17.46 19.31 16.28 16.76 54.13 54.57 25.08 25.94 53.23 54.12 34.18 36.06 23.26 22.47 19.65 19.24 40.0 41.62 24.17 26.0 22.85 24.7 55.33 55.58 45.28 46.75 41.76 43.68 29.0 27.66 37.8 39.41 34.01 35.85 26.91 25.61 5.66 7.21 29.07 30.41 9.43 8.54 8.6 9.9 10.0 11.66 16.64 15.0 61.72 
17.69 19.1 18.44 19.8 19.21 20.52 20.0 21.26 20.81 22.02 21.63 22.8 49.41 50.61 57.56 57.87 58.55 58.86 59.54 59.84 2.0 2.83 1.0 2.24 0.0 2.0 35.17 35.74 36.14 36.69 53.0 53.04 16.28 15.0 15.56 14.21 17.49 19.24 14.14 14.56 55.9 56.29 25.06 26.08 54.63 55.46 36.4 38.28 25.5 24.7 21.84 21.38 41.05 42.72 26.4 28.23 25.08 26.93 57.22 57.43 46.1 47.63 43.42 45.35 26.91 25.61 38.83 40.5 36.25 38.08 24.84 23.6 6.71 8.54 29.7 31.14 8.49 7.21 9.85 10.82 11.18 13.0 15.62 14.14 63.07 
16.4 17.69 17.2 18.44 18.03 19.21 18.87 20.0 19.72 20.81 20.59 21.63 47.8 49.04 55.58 55.9 56.57 56.89 57.56 57.87 2.83 2.0 2.24 1.0 2.0 0.0 33.24 33.84 34.21 34.79 51.0 51.04 17.69 16.28 17.03 15.56 16.55 18.38 16.12 16.49 53.94 54.34 24.17 25.06 52.8 53.67 34.54 36.4 23.71 22.85 19.92 19.42 39.41 41.05 24.6 26.4 23.26 25.08 55.23 55.44 44.6 46.1 41.48 43.42 28.28 26.91 37.2 38.83 34.44 36.25 26.17 24.84 5.0 6.71 28.32 29.7 10.0 8.94 8.06 9.22 9.43 11.18 17.2 15.62 61.27 
22.36 20.4 22.56 20.62 22.8 20.88 23.09 21.19 23.41 21.54 23.77 21.93 20.88 22.8 23.02 23.02 24.02 24.02 25.02 25.02 35.74 33.84 35.44 33.53 35.17 33.24 0.0 2.0 1.0 2.24 21.02 20.25 49.66 47.85 49.24 47.42 25.71 26.25 48.51 48.26 21.02 21.21 25.55 23.85 20.62 21.93 22.0 22.09 22.83 21.1 19.85 18.38 14.0 14.14 22.36 21.54 21.95 21.02 23.35 23.09 21.02 21.21 8.25 10.2 53.15 51.2 13.15 13.0 24.02 24.02 50.99 49.03 28.64 26.68 17.69 16.28 42.72 42.06 25.5 25.18 24.33 22.36 49.77 47.93 29.21 
22.09 20.1 22.2 20.22 22.36 20.4 22.56 20.62 22.8 20.88 23.09 21.19 18.97 20.88 23.19 23.02 24.19 24.02 25.18 25.02 36.4 34.54 36.06 34.18 35.74 33.84 2.0 0.0 2.24 1.0 21.95 21.02 50.54 48.76 50.09 48.3 25.32 25.71 48.84 48.51 21.02 21.02 24.6 22.83 19.42 20.62 24.0 24.08 24.6 22.83 21.4 19.85 12.0 12.17 24.17 23.41 23.71 22.85 23.77 23.35 19.03 19.24 8.0 10.0 52.77 50.8 11.18 11.0 26.02 26.02 50.64 48.66 29.12 27.2 16.4 14.87 43.46 42.72 25.96 25.5 24.74 22.8 50.57 48.75 28.02 
23.35 21.38 23.54 21.59 23.77 21.84 24.04 22.14 24.35 22.47 24.7 22.85 20.62 22.56 22.02 22.02 23.02 23.02 24.02 24.02 36.69 34.79 36.4 34.48 36.14 34.21 1.0 2.24 0.0 2.0 20.12 19.31 50.57 48.75 50.16 48.33 26.68 27.2 49.5 49.25 20.02 20.22 26.42 24.7 19.85 21.21 22.02 22.02 23.32 21.63 20.52 19.1 14.04 14.04 22.83 21.93 22.47 21.47 22.36 22.09 21.0 21.1 7.28 9.22 54.13 52.17 13.34 13.04 24.08 24.0 51.97 50.01 29.61 27.66 18.44 16.97 43.66 43.01 26.48 26.17 25.32 23.35 50.7 48.85 28.43 
23.09 21.1 23.19 21.21 23.35 21.38 23.54 21.59 23.77 21.84 24.04 22.14 18.68 20.62 22.2 22.02 23.19 23.02 24.19 24.02 37.34 35.47 37.0 35.11 36.69 34.79 2.24 1.0 2.0 0.0 21.1 20.12 51.43 49.65 50.99 49.19 26.31 26.68 49.82 49.5 20.02 20.02 25.5 23.71 18.6 19.85 24.02 24.02 25.06 23.32 22.02 20.52 12.04 12.04 24.6 23.77 24.19 23.26 22.8 22.36 19.0 19.1 7.0 9.0 53.76 51.79 11.4 11.05 26.08 26.0 51.62 49.65 30.08 28.16 17.2 15.62 44.38 43.66 26.93 26.48 25.71 23.77 51.48 49.66 27.2 
43.01 41.11 43.32 41.44 43.66 41.79 44.01 42.15 44.38 42.54 44.78 42.95 31.78 33.62 8.94 10.77 9.43 11.18 10.0 11.66 53.04 51.04 53.01 51.01 53.0 51.0 21.02 21.95 20.12 21.1 0.0 2.0 65.12 63.15 64.94 62.97 46.49 47.17 67.03 67.12 10.2 12.17 46.53 44.78 22.2 24.19 23.02 21.4 31.95 31.32 32.56 32.25 29.83 28.6 31.02 29.15 31.62 29.73 6.4 8.06 34.99 34.0 15.56 14.21 73.76 71.84 30.41 29.07 25.0 23.43 71.57 69.64 47.1 45.1 38.28 36.62 59.3 59.14 44.18 44.41 43.29 41.3 65.76 63.79 27.29 
42.45 40.52 42.72 40.8 43.01 41.11 43.32 41.44 43.66 41.79 44.01 42.15 29.97 31.78 7.21 8.94 7.81 9.43 8.49 10.0 53.15 51.16 53.08 51.09 53.04 51.04 20.25 21.02 19.31 20.12 2.0 0.0 65.51 63.56 65.31 63.35 45.88 46.49 67.0 67.03 8.25 10.2 45.62 43.83 20.22 22.2 24.21 22.67 32.7 31.95 32.98 32.56 28.32 27.02 31.78 29.97 32.31 30.46 5.0 6.4 33.29 32.25 14.21 12.73 73.25 71.31 29.0 27.59 26.25 24.76 71.06 69.12 47.01 45.01 37.22 35.51 59.54 59.3 44.05 44.18 43.1 41.11 66.1 64.13 25.32 
33.97 35.36 34.71 36.07 35.47 36.8 36.24 37.54 37.01 38.29 37.8 39.05 65.44 66.71 70.88 71.47 71.84 72.42 72.8 73.38 14.87 16.4 15.56 17.03 16.28 17.69 49.66 50.54 50.57 51.43 65.12 65.51 0.0 2.0 1.0 2.24 33.6 35.23 14.32 16.28 69.57 70.23 41.05 42.2 69.84 70.83 45.01 47.01 34.01 34.13 32.56 32.98 57.01 58.6 35.01 37.01 34.06 36.06 70.09 70.6 62.29 63.78 57.78 59.62 32.76 32.39 54.82 56.4 44.1 46.1 31.4 31.14 22.67 24.21 45.97 47.38 7.81 9.43 25.61 26.91 27.02 28.6 2.24 2.24 78.39 
32.65 33.97 33.42 34.71 34.21 35.47 35.0 36.24 35.81 37.01 36.62 37.8 63.89 65.19 68.96 69.57 69.92 70.52 70.88 71.47 13.45 14.87 14.21 15.56 15.0 16.28 47.85 48.76 48.75 49.65 63.15 63.56 2.0 0.0 2.24 1.0 32.45 34.13 14.87 16.76 67.68 68.35 39.96 41.05 68.1 69.12 43.01 45.01 32.02 32.14 30.59 31.05 55.44 57.01 33.02 35.01 32.06 34.06 68.15 68.68 60.83 62.29 55.95 57.78 33.24 32.76 53.26 54.82 42.11 44.1 31.78 31.4 21.21 22.67 44.6 45.97 6.71 8.54 24.08 25.46 25.5 27.02 3.61 2.24 76.66 
33.24 34.66 33.97 35.36 34.71 36.07 35.47 36.8 36.24 37.54 37.01 38.29 64.82 66.07 70.6 71.17 71.57 72.12 72.53 73.08 14.21 15.81 14.87 16.4 15.56 17.03 49.24 50.09 50.16 50.99 64.94 65.31 1.0 2.24 0.0 2.0 32.8 34.41 13.34 15.3 69.26 69.89 40.22 41.4 69.35 70.33 45.04 47.04 34.0 34.06 32.39 32.76 56.4 58.01 35.0 37.0 34.01 36.01 69.86 70.34 61.62 63.13 57.38 59.24 31.78 31.4 54.2 55.8 44.18 46.17 30.41 30.15 22.02 23.6 45.25 46.69 7.07 8.6 25.0 26.25 26.4 28.02 1.41 1.41 77.9 
31.89 33.24 32.65 33.97 33.42 34.71 34.21 35.47 35.0 36.24 35.81 37.01 63.25 64.54 68.68 69.26 69.64 70.21 70.6 71.17 12.73 14.21 13.45 14.87 14.21 15.56 47.42 48.3 48.33 49.19 62.97 63.35 2.24 1.0 2.0 0.0 31.62 33.29 13.93 15.81 67.36 68.01 39.12 40.22 67.6 68.6 43.05 45.04 32.0 32.06 30.41 30.81 54.82 56.4 33.0 35.0 32.02 34.01 67.91 68.41 60.14 61.62 55.54 57.38 32.28 31.78 52.63 54.2 42.19 44.18 30.81 30.41 20.52 22.02 43.86 45.25 5.83 7.62 23.43 24.76 24.84 26.4 3.16 1.41 76.16 
3.61 5.39 3.16 5.1 3.0 5.0 3.16 5.1 3.61 5.39 4.24 5.83 34.01 34.89 48.51 48.26 49.5 49.25 50.49 50.25 19.24 18.38 18.36 17.46 17.49 16.55 25.71 25.32 26.68 26.31 46.49 45.88 33.6 32.45 32.8 31.62 0.0 2.0 26.42 25.5 46.27 46.1 7.62 8.6 41.59 41.98 37.54 38.9 29.53 27.78 24.19 22.47 26.25 28.16 30.02 31.06 28.65 29.68 49.03 48.66 30.02 31.76 33.24 35.23 27.46 25.5 24.04 25.96 38.42 39.7 25.32 23.35 12.37 12.04 13.42 15.23 25.81 24.21 11.0 9.0 10.05 10.44 32.65 31.4 49.48 
5.0 6.4 4.24 5.83 3.61 5.39 3.16 5.1 3.0 5.0 3.16 5.1 33.24 34.01 48.84 48.51 49.82 49.5 50.8 50.49 21.02 20.25 20.12 19.31 19.24 18.38 26.25 25.71 27.2 26.68 47.17 46.49 35.23 34.13 34.41 33.29 2.0 0.0 27.46 26.42 46.53 46.27 5.83 7.07 41.3 41.59 39.05 40.36 31.3 29.53 25.94 24.19 25.71 27.66 31.76 32.76 30.41 31.38 49.48 49.03 29.07 30.87 33.54 35.51 27.17 25.18 23.54 25.5 40.0 41.23 25.08 23.09 14.32 14.04 12.65 14.56 27.46 25.81 13.0 11.0 12.04 12.37 34.21 33.02 49.03 
28.23 30.08 28.64 30.46 29.07 30.87 29.53 31.3 30.02 31.76 30.53 32.25 60.37 61.29 71.25 71.45 72.25 72.44 73.25 73.44 14.56 16.49 14.32 16.28 14.14 16.12 48.51 48.84 49.5 49.82 67.03 67.0 14.32 14.87 13.34 13.93 26.42 27.46 0.0 2.0 69.46 69.72 32.8 34.41 67.05 67.68 50.29 52.2 39.22 38.6 35.9 35.51 52.39 54.23 40.16 42.06 38.9 40.8 71.06 71.18 56.44 58.18 56.72 58.69 18.44 18.11 50.16 52.0 49.98 51.87 17.12 17.0 20.02 22.02 39.82 41.59 11.31 10.0 23.09 23.35 24.19 26.17 12.17 12.65 75.27 
27.51 29.41 27.86 29.73 28.23 30.08 28.64 30.46 29.07 30.87 29.53 31.3 59.51 60.37 71.11 71.25 72.11 72.25 73.11 73.25 15.23 17.09 14.87 16.76 14.56 16.49 48.26 48.51 49.25 49.5 67.12 67.03 16.28 16.76 15.3 15.81 25.5 26.42 2.0 0.0 69.26 69.46 31.62 33.29 66.48 67.05 50.92 52.81 39.92 39.22 36.4 35.9 51.62 53.49 40.85 42.72 39.56 41.44 71.01 71.06 55.47 57.25 56.44 58.42 16.49 16.12 49.4 51.26 50.7 52.55 15.13 15.0 20.02 22.02 38.91 40.72 12.81 11.31 23.0 23.09 24.02 26.02 14.14 14.56 74.63 
43.1 41.11 43.19 41.19 43.29 41.3 43.42 41.44 43.57 41.59 43.74 41.77 24.21 25.81 2.83 2.0 3.61 3.0 4.47 4.0 56.29 54.34 56.09 54.13 55.9 53.94 21.02 21.02 20.02 20.02 10.2 8.25 69.57 67.68 69.26 67.36 46.27 46.53 69.46 69.26 0.0 2.0 44.64 42.72 13.0 14.87 31.14 29.83 38.28 37.22 37.58 36.77 24.7 23.02 37.44 35.81 37.74 36.06 5.39 3.61 28.28 26.91 13.04 11.05 73.68 71.7 25.94 24.19 33.3 32.02 71.57 69.58 49.5 47.52 35.74 33.84 63.06 62.59 46.39 46.17 45.28 43.29 69.92 68.01 17.12 
43.01 41.01 43.05 41.05 43.1 41.11 43.19 41.19 43.29 41.3 43.42 41.44 22.67 24.21 4.47 2.83 5.0 3.61 5.66 4.47 56.75 54.82 56.52 54.57 56.29 54.34 21.21 21.02 20.22 20.02 12.17 10.2 70.23 68.35 69.89 68.01 46.1 46.27 69.72 69.46 2.0 0.0 44.15 42.2 11.18 13.0 32.65 31.4 39.41 38.28 38.47 37.58 23.71 21.95 38.6 37.01 38.83 37.2 7.28 5.39 26.91 25.46 13.04 11.05 73.44 71.45 25.08 23.26 34.83 33.6 71.34 69.35 49.82 47.85 35.17 33.24 63.6 63.06 46.69 46.39 45.54 43.57 70.52 68.62 15.13 
9.0 9.22 8.0 8.25 7.0 7.28 6.0 6.32 5.0 5.39 4.0 4.47 28.86 29.41 47.13 46.57 48.08 47.54 49.04 48.51 26.83 26.0 25.94 25.08 25.06 24.17 25.55 24.6 26.42 25.5 46.53 45.62 41.05 39.96 40.22 39.12 7.62 5.83 32.8 31.62 44.64 44.15 0.0 2.0 38.0 38.05 41.34 42.44 34.79 32.89 29.41 27.51 22.02 24.02 35.11 35.85 33.84 34.54 48.1 47.43 24.35 26.25 31.95 33.84 30.07 28.07 20.0 22.0 42.54 43.57 28.16 26.17 19.92 19.42 9.06 11.05 33.29 31.62 18.25 16.28 17.12 17.0 40.0 38.83 45.28 
9.22 9.0 8.25 8.0 7.28 7.0 6.32 6.0 5.39 5.0 4.47 4.0 26.93 27.51 45.22 44.64 46.17 45.61 47.13 46.57 27.78 26.83 26.93 25.94 26.08 25.06 23.85 22.83 24.7 23.71 44.78 43.83 42.2 41.05 41.4 40.22 8.6 7.07 34.41 33.29 42.72 42.2 2.0 0.0 36.0 36.06 40.31 41.34 34.21 32.28 28.86 26.93 20.02 22.02 34.48 35.11 33.24 33.84 46.24 45.54 22.47 24.35 30.08 31.95 32.06 30.07 18.0 20.0 41.59 42.54 30.15 28.16 20.62 19.92 7.07 9.06 34.41 32.8 18.68 16.76 17.46 17.12 41.23 40.0 43.29 
39.05 37.11 38.83 36.88 38.64 36.67 38.47 36.5 38.33 36.35 38.21 36.22 12.21 13.45 15.65 13.89 16.12 14.42 16.64 15.0 55.46 53.67 55.04 53.23 54.63 52.8 20.62 19.42 19.85 18.6 22.2 20.22 69.84 68.1 69.35 67.6 41.59 41.3 67.05 66.48 13.0 11.18 38.0 36.0 0.0 2.0 38.48 37.7 42.64 41.11 40.31 38.95 16.03 14.04 42.01 40.8 41.87 40.61 18.38 16.55 17.0 15.26 13.6 12.53 68.03 66.03 18.0 16.0 40.72 39.92 66.07 64.07 47.93 46.1 29.02 27.02 62.61 61.74 44.78 44.01 43.46 41.63 69.77 68.0 8.6 
39.56 37.64 39.29 37.36 39.05 37.11 38.83 36.88 38.64 36.67 38.47 36.5 11.18 12.21 17.46 15.65 17.89 16.12 18.36 16.64 56.36 54.59 55.9 54.12 55.46 53.67 21.93 20.62 21.21 19.85 24.19 22.2 70.83 69.12 70.33 68.6 41.98 41.59 67.68 67.05 14.87 13.0 38.05 36.06 2.0 0.0 40.31 39.56 44.2 42.64 41.73 40.31 16.03 14.04 43.6 42.44 43.42 42.2 20.25 18.38 16.16 14.32 15.26 14.32 68.12 66.12 18.11 16.12 42.54 41.79 66.19 64.2 48.75 46.96 29.15 27.17 63.53 62.61 45.62 44.78 44.28 42.49 70.71 68.96 7.62 
34.06 32.8 34.83 33.6 35.61 34.41 36.4 35.23 37.2 36.06 38.01 36.89 42.43 44.41 31.14 32.53 31.89 33.24 32.65 33.97 35.74 33.84 36.06 34.18 36.4 34.54 22.0 24.0 22.02 24.02 23.02 24.21 45.01 43.01 45.04 43.05 37.54 39.05 50.29 50.92 31.14 32.65 41.34 40.31 38.48 40.31 0.0 2.0 11.18 11.7 14.76 15.81 36.0 36.06 10.2 8.25 11.4 9.49 29.21 30.48 43.01 43.1 25.3 26.0 61.59 59.91 35.06 35.0 2.24 2.24 59.36 57.69 32.25 30.53 36.4 35.74 40.61 41.0 30.23 31.4 30.0 28.43 46.1 44.1 46.14 
35.38 34.06 36.12 34.83 36.88 35.61 37.64 36.4 38.42 37.2 39.2 38.01 42.19 44.18 29.7 31.14 30.41 31.83 31.14 32.53 37.64 35.74 37.95 36.06 38.28 36.4 22.09 24.08 22.02 24.02 21.4 22.67 47.01 45.01 47.04 45.04 38.9 40.36 52.2 52.81 29.83 31.4 42.44 41.34 37.7 39.56 2.0 0.0 13.15 13.6 16.55 17.49 36.06 36.0 12.17 10.2 13.34 11.4 27.66 29.0 43.01 43.01 24.74 25.3 63.29 61.59 35.23 35.06 3.61 2.24 61.06 59.36 34.0 32.25 37.16 36.4 42.58 42.95 31.91 33.02 31.62 30.0 48.09 46.1 45.18 
26.4 25.63 27.31 26.57 28.23 27.51 29.15 28.46 30.08 29.41 31.02 30.36 43.46 45.31 38.95 39.96 39.82 40.82 40.71 41.68 24.7 22.85 25.08 23.26 25.5 23.71 22.83 24.6 23.32 25.06 31.95 32.7 34.01 32.02 34.0 32.0 29.53 31.3 39.22 39.92 38.28 39.41 34.79 34.21 42.64 44.2 11.18 13.15 0.0 2.0 5.39 7.28 35.74 36.4 1.0 3.0 1.0 2.24 37.58 38.47 42.72 43.32 29.07 30.41 51.4 49.82 34.21 34.79 10.77 12.65 49.2 47.63 22.02 20.52 32.06 32.0 29.43 29.83 20.52 22.02 20.62 19.42 35.01 33.02 50.99 
24.6 23.77 25.5 24.7 26.4 25.63 27.31 26.57 28.23 27.51 29.15 28.46 41.63 43.46 38.01 38.95 38.91 39.82 39.81 40.71 24.04 22.14 24.35 22.47 24.7 22.85 21.1 22.83 21.63 23.32 31.32 31.95 34.13 32.14 34.06 32.06 27.78 29.53 38.6 39.22 37.22 38.28 32.89 32.28 41.11 42.64 11.7 13.6 2.0 0.0 3.61 5.39 33.84 34.54 2.24 3.61 1.0 2.24 36.77 37.58 40.8 41.44 27.59 29.0 50.22 48.6 32.28 32.89 11.66 13.42 48.01 46.4 20.81 19.21 30.07 30.0 29.15 29.43 19.1 20.52 19.1 17.8 35.01 33.02 49.52 
21.02 20.25 21.93 21.19 22.85 22.14 23.77 23.09 24.7 24.04 25.63 25.0 39.82 41.59 38.63 39.4 39.56 40.31 40.5 41.23 21.38 19.42 21.59 19.65 21.84 19.92 19.85 21.4 20.52 22.02 32.56 32.98 32.56 30.59 32.39 30.41 24.19 25.94 35.9 36.4 37.58 38.47 29.41 28.86 40.31 41.73 14.76 16.55 5.39 3.61 0.0 2.0 31.78 32.65 5.83 7.07 4.47 5.66 37.64 38.28 38.63 39.4 27.02 28.6 46.87 45.22 30.08 30.87 15.0 16.64 44.65 43.01 17.49 15.81 27.0 27.07 27.0 27.07 15.62 16.97 15.56 14.21 33.24 31.26 48.84 
19.24 18.38 20.12 19.31 21.02 20.25 21.93 21.19 22.85 22.14 23.77 23.09 38.08 39.82 37.95 38.63 38.9 39.56 39.85 40.5 21.1 19.1 21.21 19.24 21.38 19.42 18.38 19.85 19.1 20.52 32.25 32.56 32.98 31.05 32.76 30.81 22.47 24.19 35.51 35.9 36.77 37.58 27.51 26.93 38.95 40.31 15.81 17.49 7.28 5.39 2.0 0.0 29.97 30.89 7.62 8.6 6.32 7.21 37.11 37.64 36.77 37.58 25.81 27.46 45.79 44.1 28.23 29.07 16.28 17.8 43.57 41.88 16.55 14.76 25.0 25.08 27.07 27.0 14.42 15.62 14.21 12.73 33.54 31.58 47.51 
24.17 22.36 23.77 21.93 23.41 21.54 23.09 21.19 22.8 20.88 22.56 20.62 8.49 10.0 27.46 26.42 28.3 27.29 29.15 28.18 42.2 40.61 41.62 40.0 41.05 39.41 14.0 12.0 14.04 12.04 29.83 28.32 57.01 55.44 56.4 54.82 26.25 25.71 52.39 51.62 24.7 23.71 22.02 20.02 16.03 16.03 36.0 36.06 35.74 33.84 31.78 29.97 0.0 2.0 35.44 34.93 34.79 34.21 29.21 28.02 7.07 7.62 14.42 15.62 52.09 50.09 2.24 1.0 38.01 38.01 50.16 48.17 34.41 32.8 13.15 11.18 49.41 48.26 31.4 30.23 30.0 28.43 56.61 55.0 23.35 
26.0 24.17 25.63 23.77 25.3 23.41 25.0 23.09 24.74 22.8 24.52 22.56 7.21 8.94 25.81 24.7 26.63 25.55 27.46 26.42 43.83 42.2 43.27 41.62 42.72 41.05 14.14 12.17 14.04 12.04 28.6 27.02 58.6 57.01 58.01 56.4 28.16 27.66 54.23 53.49 23.02 21.95 24.02 22.02 14.04 14.04 36.06 36.0 36.4 34.54 32.65 30.89 2.0 0.0 36.06 35.44 35.47 34.79 27.66 26.4 7.07 7.07 13.42 14.42 54.08 52.09 4.12 2.24 38.12 38.01 52.15 50.16 36.06 34.41 15.13 13.15 51.04 49.93 33.02 31.91 31.62 30.0 58.25 56.61 21.38 
26.83 26.0 27.73 26.93 28.64 27.86 29.55 28.79 30.46 29.73 31.38 30.68 43.08 44.94 38.08 39.12 38.95 39.96 39.82 40.82 25.63 23.77 26.0 24.17 26.4 24.6 22.36 24.17 22.83 24.6 31.02 31.78 35.01 33.02 35.0 33.0 30.02 31.76 40.16 40.85 37.44 38.6 35.11 34.48 42.01 43.6 10.2 12.17 1.0 2.24 5.83 7.62 35.44 36.06 0.0 2.0 1.41 1.41 36.67 37.59 42.45 43.01 28.43 29.73 52.2 50.61 33.96 34.48 9.85 11.7 50.0 48.41 22.8 21.26 32.14 32.02 30.41 30.81 21.21 22.67 21.26 20.0 36.01 34.01 50.33 
27.78 26.83 28.65 27.73 29.53 28.64 30.41 29.55 31.3 30.46 32.2 31.38 42.38 44.27 36.36 37.44 37.22 38.28 38.08 39.12 27.51 25.63 27.86 26.0 28.23 26.4 21.54 23.41 21.93 23.77 29.15 29.97 37.01 35.01 37.0 35.0 31.06 32.76 42.06 42.72 35.81 37.01 35.85 35.11 40.8 42.44 8.25 10.2 3.0 3.61 7.07 8.6 34.93 35.44 2.0 0.0 3.16 1.41 34.89 35.85 41.98 42.45 27.2 28.43 53.82 52.2 33.54 33.96 8.06 9.85 51.61 50.0 24.41 22.8 32.39 32.14 32.39 32.76 22.67 24.04 22.63 21.26 38.01 36.01 49.04 
25.5 24.7 26.4 25.63 27.31 26.57 28.23 27.51 29.15 28.46 30.08 29.41 42.54 44.38 38.47 39.45 39.36 40.31 40.25 41.18 24.35 22.47 24.7 22.85 25.08 23.26 21.95 23.71 22.47 24.19 31.62 32.31 34.06 32.06 34.01 32.02 28.65 30.41 38.9 39.56 37.74 38.83 33.84 33.24 41.87 43.42 11.4 13.34 1.0 1.0 4.47 6.32 34.79 35.47 1.41 3.16 0.0 2.0 37.16 38.01 41.76 42.38 28.32 29.7 50.8 49.2 33.24 33.84 11.18 13.0 48.6 47.01 21.4 19.85 31.06 31.0 29.27 29.61 19.8 21.26 19.85 18.6 35.0 33.0 50.25 
26.42 25.5 27.29 26.4 28.18 27.31 29.07 28.23 29.97 29.15 30.87 30.08 41.79 43.66 36.72 37.74 37.59 38.59 38.47 39.45 26.25 24.35 26.57 24.7 26.93 25.08 21.02 22.85 21.47 23.26 29.73 30.46 36.06 34.06 36.01 34.01 29.68 31.38 40.8 41.44 36.06 37.2 34.54 33.84 40.61 42.2 9.49 11.4 2.24 2.24 5.66 7.21 34.21 34.79 1.41 1.41 2.0 0.0 35.34 36.24 41.23 41.76 27.02 28.32 52.43 50.8 32.76 33.24 9.43 11.18 50.22 48.6 23.02 21.4 31.26 31.06 31.26 31.58 21.26 22.63 21.21 19.85 37.0 35.0 48.92 
45.71 43.74 45.89 43.93 46.1 44.15 46.32 44.38 46.57 44.64 46.84 44.92 29.41 31.06 3.0 5.0 3.16 5.1 3.61 5.39 57.43 55.44 57.31 55.33 57.22 55.23 23.35 23.77 22.36 22.8 6.4 5.0 70.09 68.15 69.86 67.91 49.03 49.48 71.06 71.01 5.39 7.28 48.1 46.24 18.38 20.25 29.21 27.66 37.58 36.77 37.64 37.11 29.21 27.66 36.67 34.89 37.16 35.34 0.0 2.0 33.3 32.02 16.16 14.32 76.49 74.53 30.23 28.6 31.24 29.73 74.33 72.37 51.04 49.04 39.4 37.58 63.95 63.64 48.01 48.01 47.0 45.0 70.61 68.66 22.0 
45.4 43.42 45.54 43.57 45.71 43.74 45.89 43.93 46.1 44.15 46.32 44.38 27.8 29.41 1.0 3.0 1.41 3.16 2.24 3.61 57.71 55.73 57.56 55.58 57.43 55.44 23.09 23.35 22.09 22.36 8.06 6.4 70.6 68.68 70.34 68.41 48.66 49.03 71.18 71.06 3.61 5.39 47.43 45.54 16.55 18.38 30.48 29.0 38.47 37.58 38.28 37.64 28.02 26.4 37.59 35.85 38.01 36.24 2.0 0.0 31.83 30.48 15.52 13.6 76.12 74.15 29.15 27.46 32.56 31.11 73.98 72.01 51.16 49.16 38.63 36.77 64.33 63.95 48.09 48.01 47.04 45.04 71.06 69.12 20.0 
28.6 27.02 28.02 26.4 27.46 25.81 26.93 25.24 26.42 24.7 25.94 24.19 5.1 5.1 31.11 29.73 31.83 30.48 32.56 31.24 47.42 45.97 46.75 45.28 46.1 44.6 21.02 19.03 21.0 19.0 34.99 33.29 62.29 60.83 61.62 60.14 30.02 29.07 56.44 55.47 28.28 26.91 24.35 22.47 17.0 16.16 43.01 43.01 42.72 40.8 38.63 36.77 7.07 7.07 42.45 41.98 41.76 41.23 33.3 31.83 0.0 2.0 20.25 21.02 53.94 51.97 8.54 8.06 45.04 45.0 52.17 50.22 39.62 38.18 16.64 15.0 54.56 53.26 36.77 35.38 35.36 33.97 61.72 60.21 22.2 
30.23 28.6 29.68 28.02 29.15 27.46 28.65 26.93 28.18 26.42 27.73 25.94 3.16 3.16 29.73 28.28 30.41 29.0 31.11 29.73 48.92 47.42 48.27 46.75 47.63 46.1 21.21 19.24 21.1 19.1 34.0 32.25 63.78 62.29 63.13 61.62 31.76 30.87 58.18 57.25 26.91 25.46 26.25 24.35 15.26 14.32 43.1 43.01 43.32 41.44 39.4 37.58 7.62 7.07 43.01 42.45 42.38 41.76 32.02 30.48 2.0 0.0 19.65 20.25 55.9 53.94 9.43 8.54 45.18 45.04 54.13 52.17 41.11 39.62 18.36 16.64 56.08 54.82 38.21 36.88 36.8 35.36 63.25 61.72 20.22 
30.07 28.07 30.15 28.16 30.27 28.28 30.41 28.44 30.59 28.64 30.81 28.86 18.11 20.1 15.3 15.03 16.28 16.03 17.26 17.03 43.97 42.06 43.68 41.76 43.42 41.48 8.25 8.0 7.28 7.0 15.56 14.21 57.78 55.95 57.38 55.54 33.24 33.54 56.72 56.44 13.04 13.04 31.95 30.08 13.6 15.26 25.3 24.74 29.07 27.59 27.02 25.81 14.42 13.42 28.43 27.2 28.32 27.02 16.16 15.52 20.25 19.65 0.0 2.0 60.67 58.69 14.87 13.6 27.51 26.93 58.55 56.57 36.88 34.93 23.26 21.47 50.92 50.29 33.73 33.38 32.56 30.59 57.94 56.08 21.93 
32.06 30.07 32.14 30.15 32.25 30.27 32.39 30.41 32.56 30.59 32.76 30.81 18.44 20.4 13.34 13.04 14.32 14.04 15.3 15.03 45.88 43.97 45.61 43.68 45.35 43.42 10.2 10.0 9.22 9.0 14.21 12.73 59.62 57.78 59.24 57.38 35.23 35.51 58.69 58.42 11.05 11.05 33.84 31.95 12.53 14.32 26.0 25.3 30.41 29.0 28.6 27.46 15.62 14.42 29.73 28.43 29.7 28.32 14.32 13.6 21.02 20.25 2.0 0.0 62.65 60.67 16.28 14.87 28.23 27.51 60.53 58.55 38.83 36.88 25.08 23.26 52.81 52.2 35.69 35.36 34.53 32.56 59.81 57.94 20.62 
30.81 32.76 30.59 32.56 30.41 32.39 30.27 32.25 30.15 32.14 30.07 32.06 58.69 59.03 75.95 75.66 76.94 76.66 77.93 77.65 28.43 29.73 27.66 29.0 26.91 28.28 53.15 52.77 54.13 53.76 73.76 73.25 32.76 33.24 31.78 32.28 27.46 27.17 18.44 16.49 73.68 73.44 30.07 32.06 68.03 68.12 61.59 63.29 51.4 50.22 46.87 45.79 52.09 54.08 52.2 53.82 50.8 52.43 76.49 76.12 53.94 55.9 60.67 62.65 0.0 2.0 50.04 52.04 61.85 63.51 2.24 4.12 29.41 31.06 39.01 41.01 28.64 26.83 31.38 30.41 31.76 33.54 30.59 31.05 75.33 
28.86 30.81 28.64 30.59 28.44 30.41 28.28 30.27 28.16 30.15 28.07 30.07 56.72 57.07 73.98 73.68 74.97 74.67 75.95 75.66 27.2 28.43 26.4 27.66 25.61 26.91 51.2 50.8 52.17 51.79 71.84 71.31 32.39 32.76 31.4 31.78 25.5 25.18 18.11 16.12 71.7 71.45 28.07 30.07 66.03 66.12 59.91 61.59 49.82 48.6 45.22 44.1 50.09 52.09 50.61 52.2 49.2 50.8 74.53 74.15 51.97 53.94 58.69 60.67 2.0 0.0 48.04 50.04 60.22 61.85 1.0 2.24 27.8 29.41 37.01 39.01 27.86 26.0 29.68 28.65 30.02 31.76 30.27 30.59 73.33 
21.93 20.12 21.54 19.7 21.19 19.31 20.88 18.97 20.62 18.68 20.4 18.44 10.63 12.04 28.65 27.73 29.53 28.64 30.41 29.55 40.0 38.42 39.41 37.8 38.83 37.2 13.15 11.18 13.34 11.4 30.41 29.0 54.82 53.26 54.2 52.63 24.04 23.54 50.16 49.4 25.94 25.08 20.0 18.0 18.0 18.11 35.06 35.23 34.21 32.28 30.08 28.23 2.24 4.12 33.96 33.54 33.24 32.76 30.23 29.15 8.54 9.43 14.87 16.28 50.04 48.04 0.0 2.0 37.01 37.12 48.09 46.1 32.2 30.61 11.05 9.06 47.2 46.04 29.21 28.02 27.8 26.25 54.41 52.8 25.5 
23.77 21.93 23.41 21.54 23.09 21.19 22.8 20.88 22.56 20.62 22.36 20.4 9.22 10.82 26.93 25.94 27.78 26.83 28.65 27.73 41.62 40.0 41.05 39.41 40.5 38.83 13.0 11.0 13.04 11.05 29.07 27.59 56.4 54.82 55.8 54.2 25.96 25.5 52.0 51.26 24.19 23.26 22.0 20.0 16.0 16.12 35.0 35.06 34.79 32.89 30.87 29.07 1.0 2.24 34.48 33.96 33.84 33.24 28.6 27.46 8.06 8.54 13.6 14.87 52.04 50.04 2.0 0.0 37.01 37.01 50.09 48.09 33.84 32.2 13.04 11.05 48.83 47.71 30.81 29.68 29.41 27.8 56.04 54.41 23.54 
35.0 33.84 35.81 34.67 36.62 35.51 37.44 36.36 38.28 37.22 39.12 38.08 44.55 46.53 33.24 34.66 33.97 35.36 34.71 36.07 35.47 33.62 35.85 34.01 36.25 34.44 24.02 26.02 24.08 26.08 25.0 26.25 44.1 42.11 44.18 42.19 38.42 40.0 49.98 50.7 33.3 34.83 42.54 41.59 40.72 42.54 2.24 3.61 10.77 11.66 15.0 16.28 38.01 38.12 9.85 8.06 11.18 9.43 31.24 32.56 45.04 45.18 27.51 28.23 61.85 60.22 37.01 37.01 0.0 2.0 59.64 58.01 32.45 30.81 37.95 37.36 40.02 40.52 30.61 31.89 30.48 29.0 45.28 43.29 48.37 
36.24 35.0 37.01 35.81 37.8 36.62 38.6 37.44 39.41 38.28 40.22 39.12 44.28 46.27 31.83 33.3 32.53 33.97 33.24 34.66 37.34 35.47 37.7 35.85 38.08 36.25 24.02 26.02 24.0 26.0 23.43 24.76 46.1 44.1 46.17 44.18 39.7 41.23 51.87 52.55 32.02 33.6 43.57 42.54 39.92 41.79 2.24 2.24 12.65 13.42 16.64 17.8 38.01 38.01 11.7 9.85 13.0 11.18 29.73 31.11 45.0 45.04 26.93 27.51 63.51 61.85 37.12 37.01 2.0 0.0 61.29 59.64 34.13 32.45 38.63 37.95 41.98 42.45 32.2 33.42 32.02 30.48 47.27 45.28 47.41 
28.64 30.59 28.44 30.41 28.28 30.27 28.16 30.15 28.07 30.07 28.02 30.02 56.89 57.27 73.82 73.55 74.81 74.55 75.8 75.54 26.4 27.66 25.61 26.91 24.84 26.17 50.99 50.64 51.97 51.62 71.57 71.06 31.4 31.78 30.41 30.81 25.32 25.08 17.12 15.13 71.57 71.34 28.16 30.15 66.07 66.19 59.36 61.06 49.2 48.01 44.65 43.57 50.16 52.15 50.0 51.61 48.6 50.22 74.33 73.98 52.17 54.13 58.55 60.53 2.24 1.0 48.09 50.09 59.64 61.29 0.0 2.0 27.2 28.84 37.05 39.05 26.93 25.08 29.15 28.18 29.53 31.3 29.27 29.61 73.44 
26.68 28.64 26.48 28.44 26.31 28.28 26.17 28.16 26.08 28.07 26.02 28.02 54.92 55.32 71.85 71.57 72.84 72.56 73.82 73.55 25.24 26.4 24.41 25.61 23.6 24.84 49.03 48.66 50.01 49.65 69.64 69.12 31.14 31.4 30.15 30.41 23.35 23.09 17.0 15.0 69.58 69.35 26.17 28.16 64.07 64.2 57.69 59.36 47.63 46.4 43.01 41.88 48.17 50.16 48.41 50.0 47.01 48.6 72.37 72.01 50.22 52.17 56.57 58.55 4.12 2.24 46.1 48.09 58.01 59.64 2.0 0.0 25.61 27.2 35.06 37.05 26.25 24.35 27.46 26.42 27.78 29.53 29.07 29.27 71.45 
11.66 12.81 12.53 13.6 13.42 14.42 14.32 15.26 15.23 16.12 16.16 17.0 42.8 44.05 51.24 51.48 52.24 52.47 53.24 53.46 7.81 6.4 7.21 5.66 6.71 5.0 28.64 29.12 29.61 30.08 47.1 47.01 22.67 21.21 22.02 20.52 12.37 14.32 20.02 20.02 49.5 49.82 19.92 20.62 47.93 48.75 32.25 34.0 22.02 20.81 17.49 16.55 34.41 36.06 22.8 24.41 21.4 23.02 51.04 51.16 39.62 41.11 36.88 38.83 29.41 27.8 32.2 33.84 32.45 34.13 27.2 25.61 0.0 2.0 23.43 24.76 15.0 13.89 3.16 4.24 4.47 6.32 22.2 20.62 56.36 
10.77 11.66 11.7 12.53 12.65 13.42 13.6 14.32 14.56 15.23 15.52 16.16 41.23 42.52 49.25 49.5 50.25 50.49 51.24 51.48 9.43 7.81 8.94 7.21 8.54 6.71 26.68 27.2 27.66 28.16 45.1 45.01 24.21 22.67 23.6 22.02 12.04 14.04 22.02 22.02 47.52 47.85 19.42 19.92 46.1 46.96 30.53 32.25 20.52 19.21 15.81 14.76 32.8 34.41 21.26 22.8 19.85 21.4 49.04 49.16 38.18 39.62 34.93 36.88 31.06 29.41 30.61 32.2 30.81 32.45 28.84 27.2 2.0 0.0 22.2 23.43 16.64 15.65 1.41 3.16 2.83 4.47 23.85 22.2 54.56 
12.04 10.63 11.4 9.9 10.82 9.22 10.3 8.6 9.85 8.06 9.49 7.62 20.62 21.47 38.28 37.64 39.22 38.6 40.16 39.56 31.14 29.83 30.41 29.07 29.7 28.32 17.69 16.4 18.44 17.2 38.28 37.22 45.97 44.6 45.25 43.86 13.42 12.65 39.82 38.91 35.74 35.17 9.06 7.07 29.02 29.15 36.4 37.16 32.06 30.07 27.0 25.0 13.15 15.13 32.14 32.39 31.06 31.26 39.4 38.63 16.64 18.36 23.26 25.08 39.01 37.01 11.05 13.04 37.95 38.63 37.05 35.06 23.43 22.2 0.0 2.0 38.18 36.8 20.81 19.21 19.42 18.36 45.28 43.84 36.5 
13.6 12.04 13.04 11.4 12.53 10.82 12.08 10.3 11.7 9.85 11.4 9.49 18.79 19.72 36.4 35.74 37.34 36.69 38.28 37.64 32.53 31.14 31.83 30.41 31.14 29.7 16.28 14.87 16.97 15.62 36.62 35.51 47.38 45.97 46.69 45.25 15.23 14.56 41.59 40.72 33.84 33.24 11.05 9.06 27.02 27.17 35.74 36.4 32.0 30.0 27.07 25.08 11.18 13.15 32.02 32.14 31.0 31.06 37.58 36.77 15.0 16.64 21.47 23.26 41.01 39.01 9.06 11.05 37.36 37.95 39.05 37.05 24.76 23.43 2.0 0.0 39.62 38.29 22.02 20.52 20.62 19.42 46.75 45.28 34.53 
26.17 27.59 26.91 28.28 27.66 29.0 28.43 29.73 29.21 30.48 30.0 31.24 57.8 59.03 64.54 65.0 65.51 65.97 66.49 66.94 7.21 8.94 7.81 9.43 8.49 10.0 42.72 43.46 43.66 44.38 59.3 59.54 7.81 6.71 7.07 5.83 25.81 27.46 11.31 12.81 63.06 63.6 33.29 34.41 62.61 63.53 40.61 42.58 29.43 29.15 27.0 27.07 49.41 51.04 30.41 32.39 29.27 31.26 63.95 64.33 54.56 56.08 50.92 52.81 28.64 27.86 47.2 48.83 40.02 41.98 26.93 26.25 15.0 16.64 38.18 39.62 0.0 2.0 18.03 19.21 19.42 21.1 7.21 5.66 71.12 
24.76 26.25 25.46 26.91 26.17 27.59 26.91 28.28 27.66 29.0 28.43 29.73 56.61 57.8 64.13 64.54 65.12 65.51 66.1 66.49 6.32 8.25 6.71 8.54 7.21 8.94 42.06 42.72 43.01 43.66 59.14 59.3 9.43 8.54 8.6 7.62 24.21 25.81 10.0 11.31 62.59 63.06 31.62 32.8 61.74 62.61 41.0 42.95 29.83 29.43 27.07 27.0 48.26 49.93 30.81 32.76 29.61 31.58 63.64 63.95 53.26 54.82 50.29 52.2 26.83 26.0 46.04 47.71 40.52 42.45 25.08 24.35 13.89 15.65 36.8 38.29 2.0 0.0 17.0 18.03 18.36 20.12 8.49 7.21 70.21 
9.49 10.3 10.44 11.18 11.4 12.08 12.37 13.0 13.34 13.93 14.32 14.87 39.82 41.11 48.17 48.37 49.16 49.37 50.16 50.36 10.82 9.22 10.3 8.6 9.85 8.06 25.5 25.96 26.48 26.93 44.18 44.05 25.61 24.08 25.0 23.43 11.0 13.0 23.09 23.0 46.39 46.69 18.25 18.68 44.78 45.62 30.23 31.91 20.52 19.1 15.62 14.42 31.4 33.02 21.21 22.67 19.8 21.26 48.01 48.09 36.77 38.21 33.73 35.69 31.38 29.68 29.21 30.81 30.61 32.2 29.15 27.46 3.16 1.41 20.81 22.02 18.03 17.0 0.0 2.0 1.41 3.16 25.24 23.6 53.23 
7.62 8.6 8.54 9.43 9.49 10.3 10.44 11.18 11.4 12.08 12.37 13.0 38.6 39.82 48.04 48.17 49.04 49.16 50.04 50.16 12.04 10.63 11.4 9.9 10.82 9.22 25.18 25.5 26.17 26.48 44.41 44.18 26.91 25.46 26.25 24.76 9.0 11.0 23.35 23.09 46.17 46.39 16.28 16.76 44.01 44.78 31.4 33.02 22.02 20.52 16.97 15.62 30.23 31.91 22.67 24.04 21.26 22.63 48.01 48.01 35.38 36.88 33.38 35.36 30.41 28.65 28.02 29.68 31.89 33.42 28.18 26.42 4.24 3.16 19.21 20.52 19.21 18.03 2.0 0.0 1.41 3.16 26.4 24.84 52.39 
8.25 8.94 9.22 9.85 10.2 10.77 11.18 11.7 12.17 12.65 13.15 13.6 38.42 39.7 47.1 47.27 48.09 48.26 49.09 49.25 12.21 10.63 11.66 10.0 11.18 9.43 24.33 24.74 25.32 25.71 43.29 43.1 27.02 25.5 26.4 24.84 10.05 12.04 24.19 24.02 45.28 45.54 17.12 17.46 43.46 44.28 30.0 31.62 20.62 19.1 15.56 14.21 30.0 31.62 21.26 22.63 19.85 21.21 47.0 47.04 35.36 36.8 32.56 34.53 31.76 30.02 27.8 29.41 30.48 32.02 29.53 27.78 4.47 2.83 19.42 20.62 19.42 18.36 1.41 1.41 0.0 2.0 26.63 25.0 51.89 
8.0 8.25 9.0 9.22 10.0 10.2 11.0 11.18 12.0 12.17 13.0 13.15 36.88 38.21 45.1 45.28 46.1 46.27 47.1 47.27 13.89 12.21 13.42 11.66 13.0 11.18 22.36 22.8 23.35 23.77 41.3 41.11 28.6 27.02 28.02 26.4 10.44 12.37 26.17 26.02 43.29 43.57 17.0 17.12 41.63 42.49 28.43 30.0 19.42 17.8 14.21 12.73 28.43 30.0 20.0 21.26 18.6 19.85 45.0 45.04 33.97 35.36 30.59 32.56 33.54 31.76 26.25 27.8 29.0 30.48 31.3 29.53 6.32 4.47 18.36 19.42 21.1 20.12 3.16 3.16 2.0 0.0 28.3 26.63 50.09 
