55
0.0 2.0 1.0 2.24 37.66 37.34 38.64 38.33 39.62 39.32 40.61 40.31 27.8 29.41 48.7 49.4 43.05 44.78 39.0 40.85 14.14 16.12 35.61 37.2 52.61 54.59 52.47 52.77 37.12 38.91 49.73 49.24 22.14 24.04 47.1 49.09 11.4 12.73 31.38 33.12 62.2 63.82 43.68 45.61 41.01 43.01 58.73 60.21 32.0 32.06 59.82 61.07 45.65 47.41 33.24 
2.0 0.0 2.24 1.0 35.69 35.36 36.67 36.35 37.66 37.34 38.64 38.33 26.63 28.3 46.82 47.54 41.34 43.05 37.16 39.0 12.17 14.14 34.41 36.06 50.64 52.61 50.49 50.8 35.36 37.12 47.8 47.3 20.25 22.14 45.1 47.1 10.3 11.4 30.41 32.2 60.61 62.2 41.76 43.68 39.01 41.01 57.28 58.73 32.06 32.0 58.6 59.82 44.72 46.52 31.32 
1.0 2.24 0.0 2.0 37.85 37.48 38.83 38.47 39.81 39.46 40.79 40.45 27.02 28.6 48.38 49.04 42.54 44.29 38.63 40.5 14.04 16.03 34.83 36.4 52.77 54.74 52.35 52.61 36.67 38.48 50.0 49.48 21.84 23.77 47.04 49.04 10.63 12.04 30.53 32.25 61.61 63.25 43.97 45.88 41.05 43.05 58.05 59.55 31.0 31.06 59.03 60.31 44.78 46.53 32.98 
2.24 1.0 2.0 0.0 35.9 35.51 36.88 36.5 37.85 37.48 38.83 38.47 25.81 27.46 46.49 47.17 40.82 42.54 36.77 38.63 12.04 14.04 33.6 35.23 50.8 52.77 50.36 50.64 34.89 36.67 48.08 47.54 19.92 21.84 45.04 47.04 9.43 10.63 29.53 31.3 60.0 61.61 42.06 43.97 39.05 41.05 56.59 58.05 31.06 31.0 57.8 59.03 43.83 45.62 31.05 
37.66 35.69 37.85 35.9 0.0 2.0 1.0 2.24 2.0 2.83 3.0 3.61 35.23 36.89 24.7 26.57 29.0 29.07 22.02 22.02 24.7 22.85 38.08 39.92 15.03 17.03 20.52 21.93 24.33 24.08 12.53 11.7 21.26 19.8 14.14 15.62 34.0 32.25 39.96 41.68 45.88 46.49 7.07 8.6 7.21 8.49 47.38 47.68 53.76 52.4 54.0 54.04 49.34 51.24 16.76 
37.34 35.36 37.48 35.51 2.0 0.0 2.24 1.0 2.83 2.0 3.61 3.0 33.6 35.23 22.85 24.7 27.0 27.07 20.02 20.02 24.04 22.14 36.25 38.08 15.3 17.26 19.21 20.52 22.36 22.09 13.6 12.53 20.0 18.44 12.81 14.42 33.11 31.3 38.28 39.96 43.97 44.6 8.6 9.9 5.66 7.21 45.4 45.71 52.33 50.93 52.0 52.04 47.43 49.34 14.87 
38.64 36.67 38.83 36.88 1.0 2.24 0.0 2.0 1.0 2.24 2.0 2.83 35.81 37.44 24.35 26.25 29.02 29.02 22.09 22.0 25.63 23.77 38.48 40.31 14.04 16.03 19.8 21.26 24.52 24.19 11.66 10.77 22.02 20.52 13.45 14.87 34.89 33.12 40.5 42.19 45.61 46.17 6.4 7.81 6.71 7.81 47.27 47.52 54.45 53.08 54.01 54.01 49.65 51.55 17.09 
38.33 36.35 38.47 36.5 2.24 1.0 2.0 0.0 2.24 1.0 2.83 2.0 34.21 35.81 22.47 24.35 27.02 27.02 20.1 20.0 25.0 23.09 36.67 38.48 14.32 16.28 18.44 19.8 22.56 22.2 12.81 11.66 20.81 19.21 12.04 13.6 34.01 32.2 38.83 40.5 43.68 44.27 8.06 9.22 5.0 6.4 45.28 45.54 53.04 51.62 52.01 52.01 47.76 49.65 15.23 
39.62 37.66 39.81 37.85 2.0 2.83 1.0 2.24 0.0 2.0 1.0 2.24 36.4 38.01 24.04 25.96 29.07 29.0 22.2 22.02 26.57 24.7 38.91 40.72 13.04 15.03 19.1 20.62 24.74 24.33 10.82 9.85 22.8 21.26 12.81 14.14 35.78 34.0 41.05 42.72 45.35 45.88 5.83 7.07 6.32 7.21 47.17 47.38 55.15 53.76 54.04 54.0 49.98 51.87 17.46 
39.32 37.34 39.46 37.48 2.83 2.0 2.24 1.0 2.0 0.0 2.24 1.0 34.83 36.4 22.14 24.04 27.07 27.0 20.22 20.02 25.96 24.04 37.12 38.91 13.34 15.3 17.69 19.1 22.8 22.36 12.04 10.82 21.63 20.0 11.31 12.81 34.93 33.11 39.41 41.05 43.42 43.97 7.62 8.6 4.47 5.66 45.18 45.4 53.76 52.33 52.04 52.0 48.1 49.98 15.65 
40.61 38.64 40.79 38.83 3.0 3.61 2.0 2.83 1.0 2.24 0.0 2.0 37.01 38.6 23.77 25.71 29.15 29.02 22.36 22.09 27.51 25.63 39.36 41.15 12.04 14.04 18.44 20.0 25.0 24.52 10.0 8.94 23.6 22.02 12.21 13.45 36.67 34.89 41.62 43.27 45.12 45.61 5.39 6.4 6.08 6.71 47.1 47.27 55.87 54.45 54.08 54.01 50.33 52.2 17.89 
40.31 38.33 40.45 38.47 3.61 3.0 2.83 2.0 2.24 1.0 2.0 0.0 35.47 37.01 21.84 23.77 27.17 27.02 20.4 20.1 26.93 25.0 37.59 39.36 12.37 14.32 16.97 18.44 23.09 22.56 11.31 10.0 22.47 20.81 10.63 12.04 35.85 34.01 40.0 41.62 43.17 43.68 7.28 8.06 4.12 5.0 45.1 45.28 54.49 53.04 52.09 52.01 48.47 50.33 16.12 
27.8 26.63 27.02 25.81 35.23 33.6 35.81 34.21 36.4 34.83 37.01 35.47 0.0 2.0 29.61 29.27 20.0 22.0 20.25 22.14 20.22 20.02 7.81 9.43 46.1 47.63 38.08 37.34 16.76 18.68 46.75 45.28 15.52 16.16 35.51 37.22 16.4 15.26 5.1 7.07 36.25 38.08 42.2 43.42 33.24 34.71 31.62 33.29 19.72 18.03 32.02 33.3 18.68 20.62 19.85 
29.41 28.3 28.6 27.46 36.89 35.23 37.44 35.81 38.01 36.4 38.6 37.01 2.0 0.0 30.08 29.61 20.1 22.09 21.02 22.85 22.2 22.02 6.4 7.81 47.42 48.92 38.91 38.08 17.46 19.31 48.27 46.75 17.46 18.03 36.62 38.28 18.03 17.0 3.16 5.1 35.47 37.34 43.83 45.0 34.66 36.07 30.53 32.25 18.79 17.0 30.48 31.83 16.76 18.68 21.21 
48.7 46.82 48.38 46.49 24.7 22.85 24.35 22.47 24.04 22.14 23.77 21.84 29.61 30.08 0.0 2.0 10.82 9.22 10.05 8.06 34.93 33.11 26.83 27.78 24.74 25.3 10.82 9.22 13.04 11.05 29.07 27.07 26.57 24.7 13.04 13.34 39.62 37.66 31.95 32.7 21.38 21.84 28.28 28.07 17.72 17.26 24.19 24.02 48.7 46.82 32.28 31.78 33.94 35.38 15.65 
49.4 47.54 49.04 47.17 26.57 24.7 26.25 24.35 25.96 24.04 25.71 23.77 29.27 29.61 2.0 0.0 9.85 8.06 10.44 8.54 35.78 34.0 26.0 26.83 26.68 27.2 12.53 10.82 13.04 11.05 31.06 29.07 27.31 25.5 15.03 15.3 40.02 38.08 31.32 31.95 19.42 19.92 30.27 30.07 19.65 19.24 22.2 22.02 48.08 46.17 30.36 29.83 32.56 33.94 16.64 
43.05 41.34 42.54 40.82 29.0 27.0 29.02 27.02 29.07 27.07 29.15 27.17 20.0 20.1 10.82 9.85 0.0 2.0 7.07 7.07 30.48 29.0 16.16 17.0 33.54 34.48 21.21 19.85 6.4 5.39 36.69 34.79 21.93 20.52 21.47 22.47 32.7 30.87 21.59 22.14 19.85 21.21 34.37 34.71 23.35 23.77 18.97 19.7 38.33 36.4 25.0 25.08 23.43 25.0 13.93 
44.78 43.05 44.29 42.54 29.07 27.07 29.02 27.02 29.0 27.0 29.02 27.02 22.0 22.09 9.22 8.06 2.0 0.0 7.62 7.07 32.02 30.48 18.03 18.79 32.7 33.54 19.85 18.38 7.81 6.4 36.14 34.21 23.43 21.93 20.62 21.47 34.54 32.7 23.54 24.04 18.6 19.85 34.13 34.37 23.09 23.35 18.44 18.97 40.26 38.33 25.08 25.0 24.76 26.25 14.76 
39.0 37.16 38.63 36.77 22.02 20.02 22.09 20.1 22.2 20.22 22.36 20.4 20.25 21.02 10.05 10.44 7.07 7.62 0.0 2.0 25.55 23.85 19.1 20.52 28.02 29.21 17.89 17.09 3.61 2.24 30.46 28.64 17.0 15.26 16.28 17.69 29.61 27.66 23.32 24.41 26.08 27.2 27.66 28.16 16.76 17.46 25.96 26.57 39.81 38.01 32.02 32.14 28.65 30.41 7.21 
40.85 39.0 40.5 38.63 22.02 20.02 22.0 20.0 22.02 20.02 22.09 20.1 22.14 22.85 8.06 8.54 7.07 7.07 2.0 0.0 27.29 25.55 20.62 21.93 26.93 28.02 16.12 15.23 5.39 3.61 29.73 27.86 18.79 17.0 15.0 16.28 31.58 29.61 25.06 26.08 25.06 26.08 27.29 27.66 16.28 16.76 25.5 25.96 41.63 39.81 32.02 32.02 29.68 31.38 8.49 
14.14 12.17 14.04 12.04 24.7 24.04 25.63 25.0 26.57 25.96 27.51 26.93 20.22 22.2 34.93 35.78 30.48 32.02 25.55 27.29 0.0 2.0 27.2 29.12 39.29 41.23 38.33 38.64 24.21 25.81 37.16 36.4 8.6 10.3 33.02 35.01 9.9 8.6 25.08 27.07 50.21 51.66 31.3 33.11 27.17 29.15 47.8 49.04 33.11 32.31 50.54 51.48 38.83 40.79 19.31 
16.12 14.14 16.03 14.04 22.85 22.14 23.77 23.09 24.7 24.04 25.63 25.0 20.02 22.02 33.11 34.0 29.0 30.48 23.85 25.55 2.0 0.0 26.68 28.64 37.36 39.29 36.35 36.67 22.67 24.21 35.34 34.54 7.07 8.6 31.02 33.02 11.4 9.9 25.0 27.0 48.8 50.21 29.53 31.3 25.18 27.17 46.62 47.8 34.0 33.11 49.66 50.54 38.47 40.45 17.46 
35.61 34.41 34.83 33.6 38.08 36.25 38.48 36.67 38.91 37.12 39.36 37.59 7.81 6.4 26.83 26.0 16.16 18.03 19.1 20.62 27.2 26.68 0.0 2.0 46.86 48.17 36.62 35.51 15.56 17.03 48.55 46.87 21.02 21.02 35.36 36.8 24.21 23.02 6.08 6.08 29.41 31.32 44.72 45.65 34.67 35.81 24.19 25.94 22.36 20.4 24.21 25.5 12.0 14.0 21.47 
37.2 36.06 36.4 35.23 39.92 38.08 40.31 38.48 40.72 38.91 41.15 39.36 9.43 7.81 27.78 26.83 17.0 18.79 20.52 21.93 29.12 28.64 2.0 0.0 48.41 49.68 37.8 36.62 17.03 18.38 50.25 48.55 23.02 23.02 36.8 38.18 25.81 24.7 6.71 6.08 28.86 30.81 46.52 47.41 36.36 37.44 23.26 25.08 22.09 20.1 22.67 24.04 10.0 12.0 23.26 
52.61 50.64 52.77 50.8 15.03 15.3 14.04 14.32 13.04 13.34 12.04 12.37 46.1 47.42 24.74 26.68 33.54 32.7 28.02 26.93 39.29 37.36 46.86 48.41 0.0 2.0 15.0 17.0 31.4 30.23 6.4 5.0 34.44 32.65 12.08 11.4 48.1 46.24 50.21 51.62 45.04 45.0 10.77 8.94 13.04 11.4 48.84 48.51 65.6 64.03 57.01 56.52 56.6 58.31 26.25 
54.59 52.61 54.74 52.77 17.03 17.26 16.03 16.28 15.03 15.3 14.04 14.32 47.63 48.92 25.3 27.2 34.48 33.54 29.21 28.02 41.23 39.29 48.17 49.68 2.0 0.0 15.13 17.12 32.65 31.4 7.81 6.71 36.25 34.44 13.04 12.08 49.98 48.1 51.66 53.04 45.18 45.04 12.65 10.77 14.76 13.04 49.24 48.84 67.2 65.6 57.57 57.01 57.69 59.36 27.8 
52.47 50.49 52.35 50.36 20.52 19.21 19.8 18.44 19.1 17.69 18.44 16.97 38.08 38.91 10.82 12.53 21.21 19.85 17.89 16.12 38.33 36.35 36.62 37.8 15.0 15.13 0.0 2.0 21.47 19.72 20.4 18.44 31.0 29.0 6.4 5.0 45.04 43.05 41.18 42.19 30.07 30.0 21.47 20.62 13.6 12.04 34.21 33.73 57.7 55.9 42.72 42.06 44.6 46.1 20.1 
52.77 50.8 52.61 50.64 21.93 20.52 21.26 19.8 20.62 19.1 20.0 18.44 37.34 38.08 9.22 10.82 19.85 18.38 17.09 15.23 38.64 36.67 35.51 36.62 17.0 17.12 2.0 0.0 20.62 18.79 22.36 20.4 31.06 29.07 7.81 6.71 45.0 43.0 40.25 41.18 28.07 28.0 23.26 22.47 14.87 13.45 32.28 31.78 56.86 55.04 40.85 40.16 43.14 44.6 20.0 
37.12 35.36 36.67 34.89 24.33 22.36 24.52 22.56 24.74 22.8 25.0 23.09 16.76 17.46 13.04 13.04 6.4 7.81 3.61 5.39 24.21 22.67 15.56 17.03 31.4 32.65 21.47 20.62 0.0 2.0 33.54 31.76 15.62 14.14 19.8 21.26 27.2 25.3 19.72 20.81 26.25 27.59 30.36 31.02 19.7 20.59 25.08 25.94 36.25 34.44 30.27 30.59 25.5 27.31 8.06 
38.91 37.12 38.48 36.67 24.08 22.09 24.19 22.2 24.33 22.36 24.52 22.56 18.68 19.31 11.05 11.05 5.39 6.4 2.24 3.61 25.81 24.21 17.03 18.38 30.23 31.4 19.72 18.79 2.0 0.0 32.7 30.87 17.2 15.62 18.44 19.8 29.12 27.2 21.47 22.47 25.0 26.25 29.83 30.36 18.97 19.7 24.35 25.08 38.08 36.25 30.07 30.27 26.42 28.18 8.54 
49.73 47.8 50.0 48.08 12.53 13.6 11.66 12.81 10.82 12.04 10.0 11.31 46.75 48.27 29.07 31.06 36.69 36.14 30.46 29.73 37.16 35.34 48.55 50.25 6.4 7.81 20.4 22.36 33.54 32.7 0.0 2.0 33.6 32.02 16.03 16.03 46.53 44.78 51.22 52.8 50.04 50.16 6.08 4.12 13.89 13.0 53.24 53.08 65.8 64.35 61.0 60.67 59.03 60.84 27.2 
49.24 47.3 49.48 47.54 11.7 12.53 10.77 11.66 9.85 10.82 8.94 10.0 45.28 46.75 27.07 29.07 34.79 34.21 28.64 27.86 36.4 34.54 46.87 48.55 5.0 6.71 18.44 20.4 31.76 30.87 2.0 0.0 32.45 30.81 14.04 14.04 45.62 43.83 49.68 51.22 48.04 48.17 6.08 4.12 12.21 11.18 51.24 51.09 64.44 62.97 59.03 58.69 57.25 59.03 25.61 
22.14 20.25 21.84 19.92 21.26 20.0 22.02 20.81 22.8 21.63 23.6 22.47 15.52 17.46 26.57 27.31 21.93 23.43 17.0 18.79 8.6 7.07 21.02 23.02 34.44 36.25 31.0 31.06 15.62 17.2 33.6 32.45 0.0 2.0 26.31 28.28 14.14 12.17 20.62 22.56 41.73 43.14 28.32 29.83 21.54 23.41 39.66 40.8 32.65 31.4 43.08 43.86 33.02 35.01 11.18 
24.04 22.14 23.77 21.84 19.8 18.44 20.52 19.21 21.26 20.0 22.02 20.81 16.16 18.03 24.7 25.5 20.52 21.93 15.26 17.0 10.3 8.6 21.02 23.02 32.65 34.44 29.0 29.07 14.14 15.62 32.02 30.81 2.0 0.0 24.33 26.31 16.12 14.14 21.19 23.09 40.36 41.73 26.87 28.32 19.7 21.54 38.59 39.66 33.97 32.65 42.38 43.08 33.02 35.01 9.22 
47.1 45.1 47.04 45.04 14.14 12.81 13.45 12.04 12.81 11.31 12.21 10.63 35.51 36.62 13.04 15.03 21.47 20.62 16.28 15.0 33.02 31.02 35.36 36.8 12.08 13.04 6.4 7.81 19.8 18.44 16.03 14.04 26.31 24.33 0.0 2.0 40.45 38.47 39.2 40.46 34.13 34.37 15.81 15.3 7.21 5.66 37.22 37.05 55.23 53.54 45.12 44.72 44.65 46.32 16.16 
49.09 47.1 49.04 47.04 15.62 14.42 14.87 13.6 14.14 12.81 13.45 12.04 37.22 38.28 13.34 15.3 22.47 21.47 17.69 16.28 35.01 33.02 36.8 38.18 11.4 12.08 5.0 6.71 21.26 19.8 16.03 14.04 28.28 26.31 2.0 0.0 42.43 40.45 40.8 42.01 34.01 34.13 16.55 15.81 8.94 7.21 37.48 37.22 56.94 55.23 45.61 45.12 45.8 47.43 18.03 
11.4 10.3 10.63 9.43 34.0 33.11 34.89 34.01 35.78 34.93 36.67 35.85 16.4 18.03 39.62 40.02 32.7 34.54 29.61 31.58 9.9 11.4 24.21 25.81 48.1 49.98 45.04 45.0 27.2 29.12 46.53 45.62 14.14 16.12 40.45 42.43 0.0 2.0 20.12 21.93 51.31 53.0 40.82 42.54 35.44 37.36 47.51 49.04 24.04 23.54 48.41 49.68 34.44 36.25 25.0 
12.73 11.4 12.04 10.63 32.25 31.3 33.12 32.2 34.0 33.11 34.89 34.01 15.26 17.0 37.66 38.08 30.87 32.7 27.66 29.61 8.6 9.9 23.02 24.7 46.24 48.1 43.05 43.0 25.3 27.2 44.78 43.83 12.17 14.14 38.47 40.45 2.0 0.0 19.31 21.19 49.65 51.31 39.12 40.82 33.53 35.44 46.01 47.51 24.7 24.04 47.2 48.41 33.62 35.47 23.0 
31.38 30.41 30.53 29.53 39.96 38.28 40.5 38.83 41.05 39.41 41.62 40.0 5.1 3.16 31.95 31.32 21.59 23.54 23.32 25.06 25.08 25.0 6.08 6.71 50.21 51.66 41.18 40.25 19.72 21.47 51.22 49.68 20.62 21.19 39.2 40.8 20.12 19.31 0.0 2.0 35.44 37.36 46.87 48.01 37.54 38.9 29.97 31.78 16.76 14.87 29.0 30.48 14.32 16.16 24.08 
33.12 32.2 32.25 31.3 41.68 39.96 42.19 40.5 42.72 41.05 43.27 41.62 7.07 5.1 32.7 31.95 22.14 24.04 24.41 26.08 27.07 27.0 6.08 6.08 51.62 53.04 42.19 41.18 20.81 22.47 52.8 51.22 22.56 23.09 40.46 42.01 21.93 21.19 2.0 0.0 34.93 36.88 48.55 49.65 39.05 40.36 29.15 31.02 16.28 14.32 27.66 29.21 12.53 14.32 25.61 
62.2 60.61 61.61 60.0 45.88 43.97 45.61 43.68 45.35 43.42 45.12 43.17 36.25 35.47 21.38 19.42 19.85 18.6 26.08 25.06 50.21 48.8 29.41 28.86 45.04 45.18 30.07 28.07 26.25 25.0 50.04 48.04 41.73 40.36 34.13 34.01 51.31 49.65 35.44 34.93 0.0 2.0 49.65 49.37 39.05 38.64 7.62 5.83 50.25 48.26 16.4 14.87 28.16 28.44 33.29 
63.82 62.2 63.25 61.61 46.49 44.6 46.17 44.27 45.88 43.97 45.61 43.68 38.08 37.34 21.84 19.92 21.21 19.85 27.2 26.08 51.66 50.21 31.32 30.81 45.0 45.04 30.0 28.0 27.59 26.25 50.16 48.17 43.14 41.73 34.37 34.13 53.0 51.31 37.36 36.88 2.0 0.0 50.01 49.65 39.56 39.05 9.49 7.62 52.24 50.25 18.03 16.4 30.15 30.41 34.41 
43.68 41.76 43.97 42.06 7.07 8.6 6.4 8.06 5.83 7.62 5.39 7.28 42.2 43.83 28.28 30.27 34.37 34.13 27.66 27.29 31.3 29.53 44.72 46.52 10.77 12.65 21.47 23.26 30.36 29.83 6.08 6.08 28.32 26.87 15.81 16.55 40.82 39.12 46.87 48.55 49.65 50.01 0.0 2.0 11.05 11.05 52.01 52.09 60.83 59.46 59.21 59.08 55.71 57.58 23.26 
45.61 43.68 45.88 43.97 8.6 9.9 7.81 9.22 7.07 8.6 6.4 8.06 43.42 45.0 28.07 30.07 34.71 34.37 28.16 27.66 33.11 31.3 45.65 47.41 8.94 10.77 20.62 22.47 31.02 30.36 4.12 4.12 29.83 28.32 15.3 15.81 42.54 40.82 48.01 49.65 49.37 49.65 2.0 0.0 11.4 11.05 52.01 52.01 62.23 60.83 59.41 59.21 56.46 58.31 24.19 
41.01 39.01 41.05 39.05 7.21 5.66 6.71 5.0 6.32 4.47 6.08 4.12 33.24 34.66 17.72 19.65 23.35 23.09 16.76 16.28 27.17 25.18 34.67 36.36 13.04 14.76 13.6 14.87 19.7 18.97 13.89 12.21 21.54 19.7 7.21 8.94 35.44 33.53 37.54 39.05 39.05 39.56 11.05 11.4 0.0 2.0 41.05 41.19 52.63 51.09 48.17 48.04 45.19 47.01 13.45 
43.01 41.01 43.05 41.05 8.49 7.21 7.81 6.4 7.21 5.66 6.71 5.0 34.71 36.07 17.26 19.24 23.77 23.35 17.46 16.76 29.15 27.17 35.81 37.44 11.4 13.04 12.04 13.45 20.59 19.7 13.0 11.18 23.41 21.54 5.66 7.21 37.36 35.44 38.9 40.36 38.64 39.05 11.05 11.05 2.0 0.0 41.0 41.05 54.2 52.63 48.37 48.17 46.07 47.85 14.87 
58.73 57.28 58.05 56.59 47.38 45.4 47.27 45.28 47.17 45.18 47.1 45.1 31.62 30.53 24.19 22.2 18.97 18.44 25.96 25.5 47.8 46.62 24.19 23.26 48.84 49.24 34.21 32.28 25.08 24.35 53.24 51.24 39.66 38.59 37.22 37.48 47.51 46.01 29.97 29.15 7.62 9.49 52.01 52.01 41.05 41.0 0.0 2.0 43.74 41.77 9.22 8.06 21.0 21.1 32.89 
60.21 58.73 59.55 58.05 47.68 45.71 47.52 45.54 47.38 45.4 47.27 45.28 33.29 32.25 24.02 22.02 19.7 18.97 26.57 25.96 49.04 47.8 25.94 25.08 48.51 48.84 33.73 31.78 25.94 25.08 53.08 51.09 40.8 39.66 37.05 37.22 49.04 47.51 31.78 31.02 5.83 7.62 52.09 52.01 41.19 41.05 2.0 0.0 45.71 43.74 10.63 9.22 23.0 23.09 33.62 
32.0 32.06 31.0 31.06 53.76 52.33 54.45 53.04 55.15 53.76 55.87 54.49 19.72 18.79 48.7 48.08 38.33 40.26 39.81 41.63 33.11 34.0 22.36 22.09 65.6 67.2 57.7 56.86 36.25 38.08 65.8 64.44 32.65 33.97 55.23 56.94 24.04 24.7 16.76 16.28 50.25 52.24 60.83 62.23 52.63 54.2 43.74 45.71 0.0 2.0 39.92 41.79 23.41 24.17 39.41 
32.06 32.0 31.06 31.0 52.4 50.93 53.08 51.62 53.76 52.33 54.45 53.04 18.03 17.0 46.82 46.17 36.4 38.33 38.01 39.81 32.31 33.11 20.4 20.1 64.03 65.6 55.9 55.04 34.44 36.25 64.35 62.97 31.4 32.65 53.54 55.23 23.54 24.04 14.87 14.32 48.26 50.25 59.46 60.83 51.09 52.63 41.77 43.74 2.0 0.0 38.08 39.92 21.54 22.36 37.8 
59.82 58.6 59.03 57.8 54.0 52.0 54.01 52.01 54.04 52.04 54.08 52.09 32.02 30.48 32.28 30.36 25.0 25.08 32.02 32.02 50.54 49.66 24.21 22.67 57.01 57.57 42.72 40.85 30.27 30.07 61.0 59.03 43.08 42.38 45.12 45.61 48.41 47.2 29.0 27.66 16.4 18.03 59.21 59.41 48.17 48.37 9.22 10.63 39.92 38.08 0.0 2.0 16.55 15.81 38.33 
61.07 59.82 60.31 59.03 54.04 52.04 54.01 52.01 54.0 52.0 54.01 52.01 33.3 31.83 31.78 29.83 25.08 25.0 32.14 32.02 51.48 50.54 25.5 24.04 56.52 57.01 42.06 40.16 30.59 30.27 60.67 58.69 43.86 43.08 44.72 45.12 49.68 48.41 30.48 29.21 14.87 16.4 59.08 59.21 48.04 48.17 8.06 9.22 41.79 39.92 2.0 0.0 18.38 17.72 38.64 
45.65 44.72 44.78 43.83 49.34 47.43 49.65 47.76 49.98 48.1 50.33 48.47 18.68 16.76 33.94 32.56 23.43 24.76 28.65 29.68 38.83 38.47 12.0 10.0 56.6 57.69 44.6 43.14 25.5 26.42 59.03 57.25 33.02 33.02 44.65 45.8 34.44 33.62 14.32 12.53 28.16 30.15 55.71 56.46 45.19 46.07 21.0 23.0 23.41 21.54 16.55 18.38 0.0 2.0 32.57 
47.41 46.52 46.53 45.62 51.24 49.34 51.55 49.65 51.87 49.98 52.2 50.33 20.62 18.68 35.38 33.94 25.0 26.25 30.41 31.38 40.79 40.45 14.0 12.0 58.31 59.36 46.1 44.6 27.31 28.18 60.84 59.03 35.01 35.01 46.32 47.43 36.25 35.47 16.16 14.32 28.44 30.41 57.58 58.31 47.01 47.85 21.1 23.09 24.17 22.36 15.81 17.72 2.0 0.0 34.48 
33.24 31.32 32.98 31.05 16.76 14.87 17.09 15.23 17.46 15.65 17.89 16.12 19.85 21.21 15.65 16.64 13.93 14.76 7.21 8.49 19.31 17.46 21.47 23.26 26.25 27.8 20.1 20.0 8.06 8.54 27.2 25.61 11.18 9.22 16.16 18.03 25.0 23.0 24.08 25.61 33.29 34.41 23.26 24.19 13.45 14.87 32.89 33.62 39.41 37.8 38.33 38.64 32.57 34.48 0.0 
