40
0.0 2.0 1.0 2.24 2.0 2.83 3.0 3.61 4.0 4.47 5.0 5.39 6.0 6.32 7.0 7.28 8.0 8.25 9.0 9.22 10.0 10.2 11.0 11.18 36.25 37.12 35.34 36.24 44.01 43.32 32.7 30.87 25.55 23.85 26.08 24.41 37.22 37.05 32.31 33.11 
2.0 0.0 2.24 1.0 2.83 2.0 3.61 3.0 4.47 4.0 5.39 5.0 6.32 6.0 7.28 7.0 8.25 8.0 9.22 9.0 10.2 10.0 11.18 11.0 38.08 38.91 37.16 38.01 45.88 45.22 34.54 32.7 27.29 25.55 27.78 26.08 39.2 39.05 34.18 34.93 
1.0 2.24 0.0 2.0 1.0 2.24 2.0 2.83 3.0 3.61 4.0 4.47 5.0 5.39 6.0 6.32 7.0 7.28 8.0 8.25 9.0 9.22 10.0 10.2 35.85 36.67 34.93 35.78 44.38 43.66 32.31 30.46 25.06 23.32 25.55 23.85 37.34 37.12 31.95 32.7 
2.24 1.0 2.0 0.0 2.24 1.0 2.83 2.0 3.61 3.0 4.47 4.0 5.39 5.0 6.32 6.0 7.28 7.0 8.25 8.0 9.22 9.0 10.2 10.0 37.7 38.48 36.77 37.58 46.24 45.54 34.18 32.31 26.83 25.06 27.29 25.55 39.32 39.12 33.84 34.54 
2.0 2.83 1.0 2.24 0.0 2.0 1.0 2.24 2.0 2.83 3.0 3.61 4.0 4.47 5.0 5.39 6.0 6.32 7.0 7.28 8.0 8.25 9.0 9.22 35.47 36.25 34.54 35.34 44.78 44.01 31.95 30.08 24.6 22.83 25.06 23.32 37.48 37.22 31.62 32.31 
2.83 2.0 2.24 1.0 2.0 0.0 2.24 1.0 2.83 2.0 3.61 3.0 4.47 4.0 5.39 5.0 6.32 6.0 7.28 7.0 8.25 8.0 9.22 9.0 37.34 38.08 36.4 37.16 46.62 45.88 33.84 31.95 26.4 24.6 26.83 25.06 39.46 39.2 33.53 34.18 
3.0 3.61 2.0 2.83 1.0 2.24 0.0 2.0 1.0 2.24 2.0 2.83 3.0 3.61 4.0 4.47 5.0 5.39 6.0 6.32 7.0 7.28 8.0 8.25 35.11 35.85 34.18 34.93 45.19 44.38 31.62 29.73 24.17 22.36 24.6 22.83 37.66 37.34 31.32 31.95 
3.61 3.0 2.83 2.0 2.24 1.0 2.0 0.0 2.24 1.0 2.83 2.0 3.61 3.0 4.47 4.0 5.39 5.0 6.32 6.0 7.28 7.0 8.25 8.0 37.0 37.7 36.06 36.77 47.01 46.24 33.53 31.62 26.0 24.17 26.4 24.6 39.62 39.32 33.24 33.84 
4.0 4.47 3.0 3.61 2.0 2.83 1.0 2.24 0.0 2.0 1.0 2.24 2.0 2.83 3.0 3.61 4.0 4.47 5.0 5.39 6.0 6.32 7.0 7.28 34.79 35.47 33.84 34.54 45.62 44.78 31.32 29.41 23.77 21.93 24.17 22.36 37.85 37.48 31.05 31.62 
4.47 4.0 3.61 3.0 2.83 2.0 2.24 1.0 2.0 0.0 2.24 1.0 2.83 2.0 3.61 3.0 4.47 4.0 5.39 5.0 6.32 6.0 7.28 7.0 36.69 37.34 35.74 36.4 47.42 46.62 33.24 31.32 25.63 23.77 26.0 24.17 39.81 39.46 32.98 33.53 
5.0 5.39 4.0 4.47 3.0 3.61 2.0 2.83 1.0 2.24 0.0 2.0 1.0 2.24 2.0 2.83 3.0 3.61 4.0 4.47 5.0 5.39 6.0 6.32 34.48 35.11 33.53 34.18 46.07 45.19 31.05 29.12 23.41 21.54 23.77 21.93 38.08 37.66 30.81 31.32 
5.39 5.0 4.47 4.0 3.61 3.0 2.83 2.0 2.24 1.0 2.0 0.0 2.24 1.0 2.83 2.0 3.61 3.0 4.47 4.0 5.39 5.0 6.32 6.0 36.4 37.0 35.44 36.06 47.85 47.01 32.98 31.05 25.3 23.41 25.63 23.77 40.02 39.62 32.76 33.24 
6.0 6.32 5.0 5.39 4.0 4.47 3.0 3.61 2.0 2.83 1.0 2.24 0.0 2.0 1.0 2.24 2.0 2.83 3.0 3.61 4.0 4.47 5.0 5.39 34.21 34.79 33.24 33.84 46.53 45.62 30.81 28.86 23.09 21.19 23.41 21.54 38.33 37.85 30.59 31.05 
6.32 6.0 5.39 5.0 4.47 4.0 3.61 3.0 2.83 2.0 2.24 1.0 2.0 0.0 2.24 1.0 2.83 2.0 3.61 3.0 4.47 4.0 5.39 5.0 36.14 36.69 35.17 35.74 48.3 47.42 32.76 30.81 25.0 23.09 25.3 23.41 40.26 39.81 32.56 32.98 
7.0 7.28 6.0 6.32 5.0 5.39 4.0 4.47 3.0 3.61 2.0 2.83 1.0 2.24 0.0 2.0 1.0 2.24 2.0 2.83 3.0 3.61 4.0 4.47 33.96 34.48 32.98 33.53 47.01 46.07 30.59 28.64 22.8 20.88 23.09 21.19 38.6 38.08 30.41 30.81 
7.28 7.0 6.32 6.0 5.39 5.0 4.47 4.0 3.61 3.0 2.83 2.0 2.24 1.0 2.0 0.0 2.24 1.0 2.83 2.0 3.61 3.0 4.47 4.0 35.9 36.4 34.93 35.44 48.76 47.85 32.56 30.59 24.74 22.8 25.0 23.09 40.52 40.02 32.39 32.76 
8.0 8.25 7.0 7.28 6.0 6.32 5.0 5.39 4.0 4.47 3.0 3.61 2.0 2.83 1.0 2.24 0.0 2.0 1.0 2.24 2.0 2.83 3.0 3.61 33.73 34.21 32.76 33.24 47.51 46.53 30.41 28.44 22.56 20.62 22.8 20.88 38.9 38.33 30.27 30.59 
8.25 8.0 7.28 7.0 6.32 6.0 5.39 5.0 4.47 4.0 3.61 3.0 2.83 2.0 2.24 1.0 2.0 0.0 2.24 1.0 2.83 2.0 3.61 3.0 35.69 36.14 34.71 35.17 49.24 48.3 32.39 30.41 24.52 22.56 24.74 22.8 40.8 40.26 32.25 32.56 
9.0 9.22 8.0 8.25 7.0 7.28 6.0 6.32 5.0 5.39 4.0 4.47 3.0 3.61 2.0 2.83 1.0 2.24 0.0 2.0 1.0 2.24 2.0 2.83 33.54 33.96 32.56 32.98 48.02 47.01 30.27 28.28 22.36 20.4 22.56 20.62 39.22 38.6 30.15 30.41 
9.22 9.0 8.25 8.0 7.28 7.0 6.32 6.0 5.39 5.0 4.47 4.0 3.61 3.0 2.83 2.0 2.24 1.0 2.0 0.0 2.24 1.0 2.83 2.0 35.51 35.9 34.53 34.93 49.74 48.76 32.25 30.27 24.33 22.36 24.52 22.56 41.11 40.52 32.14 32.39 
10.0 10.2 9.0 9.22 8.0 8.25 7.0 7.28 6.0 6.32 5.0 5.39 4.0 4.47 3.0 3.61 2.0 2.83 1.0 2.24 0.0 2.0 1.0 2.24 33.38 33.73 32.39 32.76 48.55 47.51 30.15 28.16 22.2 20.22 22.36 20.4 39.56 38.9 30.07 30.27 
10.2 10.0 9.22 9.0 8.25 8.0 7.28 7.0 6.32 6.0 5.39 5.0 4.47 4.0 3.61 3.0 2.83 2.0 2.24 1.0 2.0 0.0 2.24 1.0 35.36 35.69 34.37 34.71 50.25 49.24 32.14 30.15 24.19 22.2 24.33 22.36 41.44 40.8 32.06 32.25 
11.0 11.18 10.0 10.2 9.0 9.22 8.0 8.25 7.0 7.28 6.0 6.32 5.0 5.39 4.0 4.47 3.0 3.61 2.0 2.83 1.0 2.24 0.0 2.0 33.24 33.54 32.25 32.56 49.09 48.02 30.07 28.07 22.09 20.1 22.2 20.22 39.92 39.22 30.02 30.15 
11.18 11.0 10.2 10.0 9.22 9.0 8.25 8.0 7.28 7.0 6.32 6.0 5.39 5.0 4.47 4.0 3.61 3.0 2.83 2.0 2.24 1.0 2.0 0.0 35.23 35.51 34.23 34.53 50.77 49.74 32.06 30.07 24.08 22.09 24.19 22.2 41.79 41.11 32.02 32.14 
36.25 38.08 35.85 37.7 35.47 37.34 35.11 37.0 34.79 36.69 34.48 36.4 34.21 36.14 33.96 35.9 33.73 35.69 33.54 35.51 33.38 35.36 33.24 35.23 0.0 2.0 1.0 2.24 32.02 30.08 3.61 5.39 11.18 13.15 11.05 13.04 19.42 17.46 4.24 3.16 
37.12 38.91 36.67 38.48 36.25 38.08 35.85 37.7 35.47 37.34 35.11 37.0 34.79 36.69 34.48 36.4 34.21 36.14 33.96 35.9 33.73 35.69 33.54 35.51 2.0 0.0 2.24 1.0 33.96 32.02 5.0 6.4 11.7 13.6 11.4 13.34 21.38 19.42 5.83 4.24 
35.34 37.16 34.93 36.77 34.54 36.4 34.18 36.06 33.84 35.74 33.53 35.44 33.24 35.17 32.98 34.93 32.76 34.71 32.56 34.53 32.39 34.37 32.25 34.23 1.0 2.24 0.0 2.0 32.28 30.36 2.83 4.47 10.2 12.17 10.05 12.04 19.65 17.72 3.61 2.24 
36.24 38.01 35.78 37.58 35.34 37.16 34.93 36.77 34.54 36.4 34.18 36.06 33.84 35.74 33.53 35.44 33.24 35.17 32.98 34.93 32.76 34.71 32.56 34.53 2.24 1.0 2.0 0.0 34.21 32.28 4.47 5.66 10.77 12.65 10.44 12.37 21.59 19.65 5.39 3.61 
44.01 45.88 44.38 46.24 44.78 46.62 45.19 47.01 45.62 47.42 46.07 47.85 46.53 48.3 47.01 48.76 47.51 49.24 48.02 49.74 48.55 50.25 49.09 50.77 32.02 33.96 32.28 34.21 0.0 2.0 31.02 31.78 34.67 35.81 35.51 36.62 12.65 14.56 30.08 31.95 
43.32 45.22 43.66 45.54 44.01 45.88 44.38 46.24 44.78 46.62 45.19 47.01 45.62 47.42 46.07 47.85 46.53 48.3 47.01 48.76 47.51 49.24 48.02 49.74 30.08 32.02 30.36 32.28 2.0 0.0 29.15 29.97 33.02 34.21 33.84 35.0 10.77 12.65 28.23 30.08 
32.7 34.54 32.31 34.18 31.95 33.84 31.62 33.53 31.32 33.24 31.05 32.98 30.81 32.76 30.59 32.56 30.41 32.39 30.27 32.25 30.15 32.14 30.07 32.06 3.61 5.0 2.83 4.47 31.02 29.15 0.0 2.0 8.0 10.0 8.06 10.05 18.38 16.55 1.0 1.0 
30.87 32.7 30.46 32.31 30.08 31.95 29.73 31.62 29.41 31.32 29.12 31.05 28.86 30.81 28.64 30.59 28.44 30.41 28.28 30.27 28.16 30.15 28.07 30.07 5.39 6.4 4.47 5.66 31.78 29.97 2.0 0.0 6.0 8.0 6.08 8.06 19.24 17.49 2.24 2.24 
25.55 27.29 25.06 26.83 24.6 26.4 24.17 26.0 23.77 25.63 23.41 25.3 23.09 25.0 22.8 24.74 22.56 24.52 22.36 24.33 22.2 24.19 22.09 24.08 11.18 11.7 10.2 10.77 34.67 33.02 8.0 6.0 0.0 2.0 1.0 2.24 22.67 21.21 8.06 8.06 
23.85 25.55 23.32 25.06 22.83 24.6 22.36 24.17 21.93 23.77 21.54 23.41 21.19 23.09 20.88 22.8 20.62 22.56 20.4 22.36 20.22 22.2 20.1 22.09 13.15 13.6 12.17 12.65 35.81 34.21 10.0 8.0 2.0 0.0 2.24 1.0 24.04 22.67 10.05 10.05 
26.08 27.78 25.55 27.29 25.06 26.83 24.6 26.4 24.17 26.0 23.77 25.63 23.41 25.3 23.09 25.0 22.8 24.74 22.56 24.52 22.36 24.33 22.2 24.19 11.05 11.4 10.05 10.44 35.51 33.84 8.06 6.08 1.0 2.24 0.0 2.0 23.43 21.93 8.25 8.0 
24.41 26.08 23.85 25.55 23.32 25.06 22.83 24.6 22.36 24.17 21.93 23.77 21.54 23.41 21.19 23.09 20.88 22.8 20.62 22.56 20.4 22.36 20.22 22.2 13.04 13.34 12.04 12.37 36.62 35.0 10.05 8.06 2.24 1.0 2.0 0.0 24.76 23.35 10.2 10.0 
37.22 39.2 37.34 39.32 37.48 39.46 37.66 39.62 37.85 39.81 38.08 40.02 38.33 40.26 38.6 40.52 38.9 40.8 39.22 41.11 39.56 41.44 39.92 41.79 19.42 21.38 19.65 21.59 12.65 10.77 18.38 19.24 22.67 24.04 23.43 24.76 0.0 2.0 17.46 19.31 
37.05 39.05 37.12 39.12 37.22 39.2 37.34 39.32 37.48 39.46 37.66 39.62 37.85 39.81 38.08 40.02 38.33 40.26 38.6 40.52 38.9 40.8 39.22 41.11 17.46 19.42 17.72 19.65 14.56 12.65 16.55 17.49 21.21 22.67 21.93 23.35 2.0 0.0 15.65 17.46 
32.31 34.18 31.95 33.84 31.62 33.53 31.32 33.24 31.05 32.98 30.81 32.76 30.59 32.56 30.41 32.39 30.27 32.25 30.15 32.14 30.07 32.06 30.02 32.02 4.24 5.83 3.61 5.39 30.08 28.23 1.0 2.24 8.06 10.05 8.25 10.2 17.46 15.65 0.0 2.0 
33.11 34.93 32.7 34.54 32.31 34.18 31.95 33.84 31.62 33.53 31.32 33.24 31.05 32.98 30.81 32.76 30.59 32.56 30.41 32.39 30.27 32.25 30.15 32.14 3.16 4.24 2.24 3.61 31.95 30.08 1.0 2.24 8.06 10.05 8.0 10.0 19.31 17.46 2.0 0.0 
