55
0.0 2.0 54.15 54.33 53.15 53.34 18.36 17.46 30.0 31.24 17.03 19.03 49.68 48.17 63.13 62.18 44.69 43.19 17.26 19.24 39.29 37.36 28.28 28.64 43.46 41.63 11.7 13.6 22.0 24.0 72.35 71.06 59.08 57.43 57.25 56.61 38.08 36.14 59.03 57.25 64.4 63.56 30.36 32.28 51.79 51.48 64.82 63.25 40.11 38.12 59.36 58.31 9.9 11.4 31.02 
2.0 0.0 54.04 54.15 53.04 53.15 19.42 18.36 28.84 30.0 15.03 17.03 51.22 49.68 64.14 63.13 46.01 44.55 15.3 17.26 38.83 36.88 30.27 30.59 45.31 43.46 9.85 11.7 22.09 24.08 73.88 72.62 60.22 58.6 59.14 58.52 37.66 35.69 58.18 56.36 65.3 64.4 28.46 30.36 53.76 53.46 66.07 64.54 42.11 40.11 60.46 59.36 11.4 12.73 33.02 
54.15 54.04 0.0 2.0 1.0 2.24 40.16 39.56 33.11 34.0 56.52 57.01 47.41 45.65 35.01 33.02 38.59 39.66 58.46 58.94 17.09 18.97 66.24 68.0 57.49 55.97 50.49 50.8 76.11 78.1 59.41 59.68 37.34 37.66 67.74 68.8 17.72 19.65 22.02 22.2 32.25 30.27 67.78 68.54 71.06 72.35 44.1 44.28 67.36 66.07 36.22 34.23 61.98 63.95 63.51 
54.33 54.15 2.0 0.0 2.24 1.0 40.85 40.16 32.31 33.11 56.09 56.52 49.19 47.41 37.01 35.01 40.31 41.34 58.05 58.46 16.49 18.44 67.23 68.96 59.03 57.49 50.25 50.49 76.24 78.23 61.4 61.66 39.32 39.62 69.46 70.49 17.26 19.24 20.02 20.22 34.23 32.25 67.07 67.78 72.62 73.88 46.1 46.27 68.68 67.36 38.21 36.22 62.37 64.33 64.64 
53.15 53.04 1.0 2.24 0.0 2.0 39.22 38.6 32.2 33.12 55.54 56.04 46.96 45.18 35.06 33.06 38.08 39.12 57.49 57.97 16.16 18.03 65.37 67.12 56.85 55.32 49.5 49.82 75.11 77.1 59.3 59.54 37.22 37.48 67.23 68.26 16.76 18.68 22.0 22.09 32.39 30.41 66.85 67.62 70.43 71.7 44.05 44.18 66.6 65.3 36.12 34.13 61.0 62.97 62.68 
53.34 53.15 2.24 1.0 2.0 0.0 39.92 39.22 31.38 32.2 55.11 55.54 48.75 46.96 37.05 35.06 39.82 40.82 57.07 57.49 15.52 17.46 66.37 68.1 58.41 56.85 49.25 49.5 75.24 77.23 61.29 61.52 39.2 39.46 68.96 69.97 16.28 18.25 20.0 20.1 34.37 32.39 66.13 66.85 72.01 73.25 46.04 46.17 67.94 66.6 38.12 36.12 61.39 63.35 63.82 
18.36 19.42 40.16 40.85 39.22 39.92 0.0 2.0 28.16 30.08 31.06 32.76 33.12 31.38 44.78 43.83 26.91 25.61 32.2 33.84 29.07 27.59 27.59 29.07 31.02 29.02 23.32 25.06 39.05 41.0 55.47 54.38 40.8 39.2 45.1 45.01 27.66 26.17 50.93 49.5 46.1 45.31 45.49 47.17 42.58 42.95 46.75 45.28 33.62 31.78 41.05 39.96 23.09 25.08 26.63 
17.46 18.36 39.56 40.16 38.6 39.22 2.0 0.0 26.25 28.16 29.41 31.06 34.89 33.12 45.79 44.78 28.43 27.2 30.61 32.2 27.8 26.25 29.0 30.41 33.02 31.02 21.63 23.32 38.64 40.61 57.14 56.08 42.01 40.46 47.1 47.01 26.4 24.84 49.58 48.1 46.96 46.1 43.83 45.49 44.55 44.91 48.1 46.67 35.47 33.62 42.2 41.05 23.0 25.0 28.3 
30.0 28.84 33.11 32.31 32.2 31.38 28.16 26.25 0.0 2.0 25.02 25.02 56.57 54.59 57.98 56.3 48.05 47.68 27.02 27.02 16.12 14.42 53.85 54.92 58.42 56.44 21.19 20.62 49.4 51.26 76.54 75.96 56.8 55.95 72.17 72.34 15.81 14.21 30.08 28.16 57.2 55.61 34.79 35.47 70.61 71.06 63.98 63.16 61.68 59.81 56.36 54.59 39.82 41.4 54.13 
31.24 30.0 34.0 33.11 33.12 32.2 30.08 28.16 2.0 0.0 25.18 25.02 58.55 56.57 59.68 57.98 50.01 49.65 27.17 27.02 17.2 15.62 55.57 56.6 60.41 58.42 21.93 21.19 50.16 52.0 78.45 77.88 58.6 57.78 74.17 74.33 17.03 15.56 29.61 27.66 58.82 57.2 34.21 34.79 72.57 73.01 65.8 65.0 63.57 61.68 58.14 56.36 41.11 42.64 55.95 
17.03 15.03 56.52 56.09 55.54 55.11 31.06 29.41 25.02 25.18 0.0 2.0 64.14 62.43 73.76 72.47 57.8 56.61 2.0 2.83 39.62 37.66 45.1 45.28 59.77 57.87 7.81 6.4 27.02 28.6 86.53 85.44 70.71 69.31 73.76 73.25 38.83 36.88 54.74 52.77 74.2 73.01 14.42 16.12 68.73 68.47 77.16 75.82 57.14 55.15 70.72 69.35 24.74 25.3 48.04 
19.03 17.03 57.01 56.52 56.04 55.54 32.76 31.06 25.02 25.02 2.0 0.0 65.86 64.14 75.07 73.76 59.41 58.25 2.83 2.0 40.02 38.08 47.1 47.27 61.68 59.77 9.43 7.81 28.32 29.83 88.2 87.13 72.14 70.77 75.69 75.19 39.29 37.36 54.45 52.47 75.43 74.2 12.81 14.42 70.71 70.46 78.64 77.34 59.14 57.14 72.12 70.72 26.68 27.2 50.04 
49.68 51.22 47.41 49.19 46.96 48.75 33.12 34.89 56.57 58.55 64.14 65.86 0.0 2.0 24.04 24.7 9.22 9.0 65.19 66.89 48.37 48.17 37.36 39.29 15.13 15.0 56.44 58.18 66.03 67.68 22.67 21.4 17.72 15.81 20.62 21.93 47.27 47.1 67.36 66.76 27.86 28.64 78.55 80.26 26.42 28.18 19.1 17.12 29.07 29.0 18.97 19.7 49.82 51.4 31.78 
48.17 49.68 45.65 47.41 45.18 46.96 31.38 33.12 54.59 56.57 62.43 64.14 2.0 0.0 23.54 24.04 7.28 7.0 63.51 65.19 46.39 46.17 36.88 38.83 15.52 15.13 54.71 56.44 64.9 66.57 24.21 23.02 17.26 15.3 22.2 23.43 45.28 45.1 65.46 64.85 27.2 27.86 76.85 78.55 27.46 29.15 19.42 17.46 29.27 29.07 18.44 18.97 48.6 50.22 31.4 
63.13 64.14 35.01 37.01 35.06 37.05 44.78 45.79 57.98 59.68 73.76 75.07 24.04 23.54 0.0 2.0 21.1 23.09 75.29 76.58 44.38 45.19 59.08 61.07 39.05 38.64 66.07 67.36 83.01 84.86 25.3 26.0 6.32 8.25 42.72 44.42 43.86 44.72 57.04 57.14 4.24 5.83 87.73 89.11 50.16 52.0 9.85 10.82 52.77 52.47 5.1 5.1 66.48 68.35 54.0 
62.18 63.13 33.02 35.01 33.06 35.06 43.83 44.78 56.3 57.98 72.47 73.76 24.7 24.04 2.0 0.0 21.0 23.0 74.03 75.29 42.54 43.38 59.01 61.01 39.56 39.05 64.82 66.07 82.28 84.15 27.2 27.86 7.21 8.94 43.83 45.49 42.05 42.94 55.04 55.15 3.16 4.24 86.37 87.73 50.99 52.8 11.7 12.53 53.15 52.77 5.83 5.1 65.79 67.68 54.04 
44.69 46.01 38.59 40.31 38.08 39.82 26.91 28.43 48.05 50.01 57.8 59.41 9.22 7.28 21.1 21.0 0.0 2.0 59.03 60.61 39.2 39.05 38.01 40.01 20.25 19.24 50.0 51.61 63.06 64.85 29.07 28.23 15.52 13.6 29.15 30.23 38.12 38.01 58.19 57.57 24.02 24.19 72.2 73.82 33.3 34.83 20.25 18.6 32.89 32.28 16.28 16.03 46.53 48.3 33.06 
43.19 44.55 39.66 41.34 39.12 40.82 25.61 27.2 47.68 49.65 56.61 58.25 9.0 7.0 23.09 23.0 2.0 0.0 57.8 59.41 39.46 39.2 36.01 38.01 18.6 17.49 48.83 50.48 61.29 63.06 30.02 29.07 17.46 15.52 28.18 29.15 38.33 38.12 58.87 58.19 26.02 26.17 71.03 72.67 31.83 33.3 21.95 20.25 31.02 30.36 18.25 18.03 44.78 46.53 31.06 
17.26 15.3 58.46 58.05 57.49 57.07 32.2 30.61 27.02 27.17 2.0 2.83 65.19 63.51 75.29 74.03 59.03 57.8 0.0 2.0 41.59 39.62 45.01 45.1 60.41 58.52 9.22 8.06 25.5 27.02 87.66 86.53 72.14 70.71 74.33 73.76 40.79 38.83 56.72 54.74 75.8 74.63 13.42 15.23 69.05 68.73 78.52 77.16 57.31 55.33 72.18 70.84 24.33 24.74 48.17 
19.24 17.26 58.94 58.46 57.97 57.49 33.84 32.2 27.02 27.02 2.83 2.0 66.89 65.19 76.58 75.29 60.61 59.41 2.0 0.0 41.98 40.02 47.01 47.1 62.3 60.41 10.63 9.22 26.87 28.32 89.31 88.2 73.54 72.14 76.24 75.69 41.23 39.29 56.44 54.45 77.01 75.8 11.66 13.42 71.02 70.71 79.98 78.64 59.3 57.31 73.55 72.18 26.31 26.68 50.16 
39.29 38.83 17.09 16.49 16.16 15.52 29.07 27.8 16.12 17.2 39.62 40.02 48.37 46.39 44.38 42.54 39.2 39.46 41.59 41.98 0.0 2.0 56.64 58.14 54.23 52.39 34.01 34.13 60.83 62.8 65.62 65.38 44.38 43.93 66.76 67.36 1.41 3.16 21.93 20.62 42.94 41.18 50.7 51.48 67.54 68.43 51.66 51.2 61.03 59.41 43.68 41.76 48.1 49.98 55.23 
37.36 36.88 18.97 18.44 18.03 17.46 27.59 26.25 14.42 15.62 37.66 38.08 48.17 46.17 45.19 43.38 39.05 39.2 39.62 40.02 2.0 0.0 55.17 56.64 53.49 51.62 32.02 32.14 58.86 60.83 65.92 65.62 44.92 44.38 66.22 66.76 1.41 1.41 23.35 21.93 43.91 42.19 48.85 49.66 66.71 67.54 52.2 51.66 59.91 58.25 44.27 42.38 46.24 48.1 53.91 
28.28 30.27 66.24 67.23 65.37 66.37 27.59 29.0 53.85 55.57 45.1 47.1 37.36 36.88 59.08 59.01 38.01 36.01 45.01 47.01 56.64 55.17 0.0 2.0 24.19 23.26 39.81 41.77 33.29 34.41 57.71 55.95 53.24 51.24 34.71 33.42 55.23 53.76 78.52 77.08 62.0 62.03 57.22 59.21 26.42 25.5 56.29 54.34 13.89 12.21 54.15 54.04 21.21 21.59 5.83 
28.64 30.59 68.0 68.96 67.12 68.1 29.07 30.41 54.92 56.6 45.28 47.27 39.29 38.83 61.07 61.01 40.01 38.01 45.1 47.1 58.14 56.64 2.0 0.0 25.94 25.08 40.26 42.2 32.25 33.29 59.48 57.71 55.23 53.24 36.07 34.71 56.73 55.23 79.98 78.52 64.0 64.03 57.08 59.08 27.46 26.42 58.25 56.29 15.0 13.45 56.14 56.04 21.02 21.21 7.62 
43.46 45.31 57.49 59.03 56.85 58.41 31.02 33.02 58.42 60.41 59.77 61.68 15.13 15.52 39.05 39.56 20.25 18.6 60.41 62.3 54.23 53.49 24.19 25.94 0.0 2.0 52.63 54.57 55.87 57.28 33.54 31.76 32.76 30.81 14.14 14.0 52.92 52.2 75.18 74.24 42.72 43.32 73.74 75.61 13.6 14.87 34.0 32.0 14.0 14.14 33.96 34.48 40.8 42.01 18.36 
41.63 43.46 55.97 57.49 55.32 56.85 29.02 31.02 56.44 58.42 57.87 59.77 15.0 15.13 38.64 39.05 19.24 17.49 58.52 60.41 52.39 51.62 23.26 25.08 2.0 0.0 50.7 52.63 54.45 55.9 34.48 32.76 32.39 30.41 16.12 16.0 51.08 50.33 73.43 72.47 42.2 42.72 71.87 73.74 15.26 16.4 34.06 32.06 14.14 14.0 33.54 33.96 39.2 40.46 17.46 
11.7 9.85 50.49 50.25 49.5 49.25 23.32 21.63 21.19 21.93 7.81 9.43 56.44 54.71 66.07 64.82 50.0 48.83 9.22 10.63 34.01 32.02 39.81 40.26 52.63 50.7 0.0 2.0 28.23 30.08 78.77 77.7 62.94 61.52 66.71 66.29 33.06 31.06 51.24 49.34 66.61 65.46 22.2 23.85 62.2 62.07 69.35 68.01 51.01 49.01 62.97 61.62 21.1 22.2 42.11 
13.6 11.7 50.8 50.49 49.82 49.5 25.06 23.32 20.62 21.19 6.4 7.81 58.18 56.44 67.36 66.07 51.61 50.48 8.06 9.22 34.13 32.14 41.77 42.2 54.57 52.63 2.0 0.0 29.07 30.87 80.45 79.4 64.35 62.97 68.66 68.25 33.24 31.26 50.7 48.76 67.8 66.61 20.62 22.2 64.2 64.07 70.84 69.53 53.01 51.01 64.35 62.97 22.83 23.85 44.1 
22.0 22.09 76.11 76.24 75.11 75.24 39.05 38.64 49.4 50.16 27.02 28.32 66.03 64.9 83.01 82.28 63.06 61.29 25.5 26.87 60.83 58.86 33.29 32.25 55.87 54.45 28.23 29.07 0.0 2.0 88.24 86.68 78.29 76.49 67.8 66.61 59.68 57.71 79.38 77.49 84.76 84.12 31.78 33.62 59.68 58.67 83.24 81.49 47.17 45.49 78.79 78.0 16.55 14.76 38.6 
24.0 24.08 78.1 78.23 77.1 77.23 41.0 40.61 51.26 52.0 28.6 29.83 67.68 66.57 84.86 84.15 64.85 63.06 27.02 28.32 62.8 60.83 34.41 33.29 57.28 55.9 30.08 30.87 2.0 0.0 89.81 88.24 80.11 78.29 69.03 67.8 61.66 59.68 81.27 79.38 86.65 86.02 32.65 34.44 60.75 59.68 85.0 83.24 48.26 46.62 80.62 79.85 18.38 16.55 39.82 
72.35 73.88 59.41 61.4 59.3 61.29 55.47 57.14 76.54 78.45 86.53 88.2 22.67 24.21 25.3 27.2 29.07 30.02 87.66 89.31 65.62 65.92 57.71 59.48 33.54 34.48 78.77 80.45 88.24 89.81 0.0 2.0 22.09 22.0 28.02 30.02 64.78 65.12 81.22 81.1 29.15 31.02 100.96 102.63 38.21 40.2 15.52 15.13 46.49 47.17 23.19 25.18 72.25 73.76 51.88 
71.06 72.62 59.68 61.66 59.54 61.52 54.38 56.08 75.96 77.88 85.44 87.13 21.4 23.02 26.0 27.86 28.23 29.07 86.53 88.2 65.38 65.62 55.95 57.71 31.76 32.76 77.7 79.4 86.68 88.24 2.0 0.0 22.36 22.09 26.02 28.02 64.5 64.78 81.39 81.22 29.97 31.78 99.86 101.55 36.22 38.21 16.16 15.52 44.6 45.31 23.54 25.5 70.77 72.25 50.12 
59.08 60.22 37.34 39.32 37.22 39.2 40.8 42.01 56.8 58.6 70.71 72.14 17.72 17.26 6.32 7.21 15.52 17.46 72.14 73.54 44.38 44.92 53.24 55.23 32.76 32.39 62.94 64.35 78.29 80.11 22.09 22.36 0.0 2.0 36.62 38.28 43.68 44.27 59.14 59.03 10.3 11.4 84.9 86.37 43.86 45.69 7.28 7.0 46.53 46.27 1.41 3.16 61.74 63.56 48.04 
57.43 58.6 37.66 39.62 37.48 39.46 39.2 40.46 55.95 57.78 69.31 70.77 15.81 15.3 8.25 8.94 13.6 15.52 70.71 72.14 43.93 44.38 51.24 53.24 30.81 30.41 61.52 62.97 76.49 78.29 22.0 22.09 2.0 0.0 35.0 36.62 43.17 43.68 59.3 59.14 12.08 13.04 83.55 85.04 42.05 43.86 8.06 7.28 44.55 44.28 3.16 4.24 59.93 61.74 46.04 
57.25 59.14 67.74 69.46 67.23 68.96 45.1 47.1 72.17 74.17 73.76 75.69 20.62 22.2 42.72 43.83 29.15 28.18 74.33 76.24 66.76 66.22 34.71 36.07 14.14 16.12 66.71 68.66 67.8 69.03 28.02 26.02 36.62 35.0 0.0 2.0 65.52 65.0 86.93 86.16 46.87 48.01 87.6 89.49 10.44 12.37 34.93 33.11 21.26 22.63 38.01 39.2 53.71 54.71 29.21 
56.61 58.52 68.8 70.49 68.26 69.97 45.01 47.01 72.34 74.33 73.25 75.19 21.93 23.43 44.42 45.49 30.23 29.15 73.76 75.69 67.36 66.76 33.42 34.71 14.0 16.0 66.29 68.25 66.61 67.8 30.02 28.02 38.28 36.62 2.0 0.0 66.1 65.52 87.73 86.93 48.55 49.65 86.98 88.89 8.54 10.44 36.77 34.93 19.8 21.26 39.66 40.8 52.77 53.71 28.02 
38.08 37.66 17.72 17.26 16.76 16.28 27.66 26.4 15.81 17.03 38.83 39.29 47.27 45.28 43.86 42.05 38.12 38.33 40.79 41.23 1.41 1.41 55.23 56.73 52.92 51.08 33.06 33.24 59.68 61.66 64.78 64.5 43.68 43.17 65.52 66.1 0.0 2.0 23.35 22.02 42.54 40.82 50.16 50.99 66.21 67.08 50.96 50.45 59.64 58.01 43.01 41.11 46.82 48.7 53.81 
36.14 35.69 19.65 19.24 18.68 18.25 26.17 24.84 14.21 15.56 36.88 37.36 47.1 45.1 44.72 42.94 38.01 38.12 38.83 39.29 3.16 1.41 53.76 55.23 52.2 50.33 31.06 31.26 57.71 59.68 65.12 64.78 44.27 43.68 65.0 65.52 2.0 0.0 24.76 23.35 43.57 41.88 48.33 49.19 65.39 66.21 51.55 50.96 58.52 56.86 43.66 41.79 44.94 46.82 52.5 
59.03 58.18 22.02 20.02 22.0 20.0 50.93 49.58 30.08 29.61 54.74 54.45 67.36 65.46 57.04 55.04 58.19 58.87 56.72 56.44 21.93 23.35 78.52 79.98 75.18 73.43 51.24 50.7 79.38 81.27 81.22 81.39 59.14 59.3 86.93 87.73 23.35 24.76 0.0 2.0 54.23 52.24 62.07 62.2 88.68 89.69 66.03 66.12 82.8 81.22 58.08 56.08 68.48 70.24 77.16 
57.25 56.36 22.2 20.22 22.09 20.1 49.5 48.1 28.16 27.66 52.77 52.47 66.76 64.85 57.14 55.15 57.57 58.19 54.74 54.45 20.62 21.93 77.08 78.52 74.24 72.47 49.34 48.76 77.49 79.38 81.1 81.22 59.03 59.14 86.16 86.93 22.02 23.35 2.0 0.0 54.45 52.47 60.07 60.21 87.71 88.68 66.0 66.03 81.61 80.0 58.01 56.01 66.73 68.48 75.82 
64.4 65.3 32.25 34.23 32.39 34.37 46.1 46.96 57.2 58.82 74.2 75.43 27.86 27.2 4.24 3.16 24.02 26.02 75.8 77.01 42.94 43.91 62.0 64.0 42.72 42.2 66.61 67.8 84.76 86.65 29.15 29.97 10.3 12.08 46.87 48.55 42.54 43.57 54.23 54.45 0.0 2.0 87.97 89.27 54.13 55.95 13.89 15.0 56.29 55.9 8.94 8.25 68.31 70.21 57.08 
63.56 64.4 30.27 32.25 30.41 32.39 45.31 46.1 55.61 57.2 73.01 74.2 28.64 27.86 5.83 4.24 24.19 26.17 74.63 75.8 41.18 42.19 62.03 64.03 43.32 42.72 65.46 66.61 84.12 86.02 31.02 31.78 11.4 13.04 48.01 49.65 40.82 41.88 52.24 52.47 2.0 0.0 86.68 87.97 55.01 56.8 15.65 16.64 56.75 56.29 10.0 8.94 67.72 69.64 57.22 
30.36 28.46 67.78 67.07 66.85 66.13 45.49 43.83 34.79 34.21 14.42 12.81 78.55 76.85 87.73 86.37 72.2 71.03 13.42 11.66 50.7 48.85 57.22 57.08 73.74 71.87 22.2 20.62 31.78 32.65 100.96 99.86 84.9 83.55 87.6 86.98 50.16 48.33 62.07 60.07 87.97 86.68 0.0 2.0 82.0 81.58 91.44 90.14 70.04 68.07 84.86 83.44 36.06 36.0 60.83 
32.28 30.36 68.54 67.78 67.62 66.85 47.17 45.49 35.47 34.79 16.12 14.42 80.26 78.55 89.11 87.73 73.82 72.67 15.23 13.42 51.48 49.66 59.21 59.08 75.61 73.74 23.85 22.2 33.62 34.44 102.63 101.55 86.37 85.04 89.49 88.89 50.99 49.19 62.2 60.21 89.27 87.97 2.0 0.0 83.95 83.55 92.96 91.68 72.01 70.04 86.31 84.86 38.05 38.0 62.8 
51.79 53.76 71.06 72.62 70.43 72.01 42.58 44.55 70.61 72.57 68.73 70.71 26.42 27.46 50.16 50.99 33.3 31.83 69.05 71.02 67.54 66.71 26.42 27.46 13.6 15.26 62.2 64.2 59.68 60.75 38.21 36.22 43.86 42.05 10.44 8.54 66.21 65.39 88.68 87.71 54.13 55.01 82.0 83.95 0.0 2.0 43.42 41.48 12.53 14.32 45.19 46.07 46.82 47.54 21.54 
51.48 53.46 72.35 73.88 71.7 73.25 42.95 44.91 71.06 73.01 68.47 70.46 28.18 29.15 52.0 52.8 34.83 33.3 68.73 70.71 68.43 67.54 25.5 26.42 14.87 16.4 62.07 64.07 58.67 59.68 40.2 38.21 45.69 43.86 12.37 10.44 67.08 66.21 89.69 88.68 55.95 56.8 81.58 83.55 2.0 0.0 45.35 43.42 11.7 13.6 47.01 47.85 46.17 46.82 20.88 
64.82 66.07 44.1 46.1 44.05 46.04 46.75 48.1 63.98 65.8 77.16 78.64 19.1 19.42 9.85 11.7 20.25 21.95 78.52 79.98 51.66 52.2 56.29 58.25 34.0 34.06 69.35 70.84 83.24 85.0 15.52 16.16 7.28 8.06 34.93 36.77 50.96 51.55 66.03 66.0 13.89 15.65 91.44 92.96 43.42 45.35 0.0 2.0 48.0 48.04 8.06 10.05 66.73 68.48 50.8 
63.25 64.54 44.28 46.27 44.18 46.17 45.28 46.67 63.16 65.0 75.82 77.34 17.12 17.46 10.82 12.53 18.6 20.25 77.16 78.64 51.2 51.66 54.34 56.29 32.0 32.06 68.01 69.53 81.49 83.24 15.13 15.52 7.0 7.28 33.11 34.93 50.45 50.96 66.12 66.03 15.0 16.64 90.14 91.68 41.48 43.42 2.0 0.0 46.0 46.04 8.06 10.05 65.0 66.73 48.84 
40.11 42.11 67.36 68.68 66.6 67.94 33.62 35.47 61.68 63.57 57.14 59.14 29.07 29.27 52.77 53.15 32.89 31.02 57.31 59.3 61.03 59.91 13.89 15.0 14.0 14.14 51.01 53.01 47.17 48.26 46.49 44.6 46.53 44.55 21.26 19.8 59.64 58.52 82.8 81.61 56.29 56.75 70.04 72.01 12.53 11.7 48.0 46.0 0.0 2.0 47.68 48.05 34.48 35.11 9.22 
38.12 40.11 66.07 67.36 65.3 66.6 31.78 33.62 59.81 61.68 55.15 57.14 29.0 29.07 52.47 52.77 32.28 30.36 55.33 57.31 59.41 58.25 12.21 13.45 14.14 14.0 49.01 51.01 45.49 46.62 47.17 45.31 46.27 44.28 22.63 21.26 58.01 56.86 81.22 80.0 55.9 56.29 68.07 70.04 14.32 13.6 48.04 46.04 2.0 0.0 47.38 47.68 32.57 33.24 7.28 
59.36 60.46 36.22 38.21 36.12 38.12 41.05 42.2 56.36 58.14 70.72 72.12 18.97 18.44 5.1 5.83 16.28 18.25 72.18 73.55 43.68 44.27 54.15 56.14 33.96 33.54 62.97 64.35 78.79 80.62 23.19 23.54 1.41 3.16 38.01 39.66 43.01 43.66 58.08 58.01 8.94 10.0 84.86 86.31 45.19 47.01 8.06 8.06 47.68 47.38 0.0 2.0 62.24 64.08 49.01 
58.31 59.36 34.23 36.22 34.13 36.12 39.96 41.05 54.59 56.36 69.35 70.72 19.7 18.97 5.1 5.1 16.03 18.03 70.84 72.18 41.76 42.38 54.04 56.04 34.48 33.96 61.62 62.97 78.0 79.85 25.18 25.5 3.16 4.24 39.2 40.8 41.11 41.79 56.08 56.01 8.25 8.94 83.44 84.86 46.07 47.85 10.05 10.05 48.05 47.68 2.0 0.0 61.47 63.32 49.01 
9.9 11.4 61.98 62.37 61.0 61.39 23.09 23.0 39.82 41.11 24.74 26.68 49.82 48.6 66.48 65.79 46.53 44.78 24.33 26.31 48.1 46.24 21.21 21.02 40.8 39.2 21.1 22.83 16.55 18.38 72.25 70.77 61.74 59.93 53.71 52.77 46.82 44.94 68.48 66.73 68.31 67.72 36.06 38.05 46.82 46.17 66.73 65.0 34.48 32.57 62.24 61.47 0.0 2.0 25.3 
11.4 12.73 63.95 64.33 62.97 63.35 25.08 25.0 41.4 42.64 25.3 27.2 51.4 50.22 68.35 67.68 48.3 46.53 24.74 26.68 49.98 48.1 21.59 21.21 42.01 40.46 22.2 23.85 14.76 16.55 73.76 72.25 63.56 61.74 54.71 53.71 48.7 46.82 70.24 68.48 70.21 69.64 36.0 38.0 47.54 46.82 68.48 66.73 35.11 33.24 64.08 63.32 2.0 0.0 26.0 
31.02 33.02 63.51 64.64 62.68 63.82 26.63 28.3 54.13 55.95 48.04 50.04 31.78 31.4 54.0 54.04 33.06 31.06 48.17 50.16 55.23 53.91 5.83 7.62 18.36 17.46 42.11 44.1 38.6 39.82 51.88 50.12 48.04 46.04 29.21 28.02 53.81 52.5 77.16 75.82 57.08 57.22 60.83 62.8 21.54 20.88 50.8 48.84 9.22 7.28 49.01 49.01 25.3 26.0 0.0 
