30
0.0 2.0 1.0 2.24 2.0 2.83 3.0 3.61 4.0 4.47 5.39 6.4 4.47 5.66 3.61 5.0 35.85 34.13 35.36 33.62 34.89 33.12 23.77 23.35 12.08 13.93 19.0 17.0 15.3 15.81 
2.0 0.0 2.24 1.0 2.83 2.0 3.61 3.0 4.47 4.0 5.0 5.39 4.0 4.47 3.0 3.61 36.89 35.23 36.36 34.67 35.85 34.13 24.35 23.77 10.3 12.08 21.0 19.0 17.26 17.72 
1.0 2.24 0.0 2.0 1.0 2.24 2.0 2.83 3.0 3.61 6.32 7.21 5.39 6.4 4.47 5.66 36.72 34.99 36.24 34.48 35.78 34.0 24.74 24.33 12.53 14.32 19.03 17.03 15.13 15.52 
2.24 1.0 2.0 0.0 2.24 1.0 2.83 2.0 3.61 3.0 6.0 6.32 5.0 5.39 4.0 4.47 37.74 36.06 37.22 35.51 36.72 34.99 25.3 24.74 10.82 12.53 21.02 19.03 17.12 17.46 
2.0 2.83 1.0 2.24 0.0 2.0 1.0 2.24 2.0 2.83 7.28 8.06 6.32 7.21 5.39 6.4 37.59 35.85 37.12 35.36 36.67 34.89 25.71 25.32 13.04 14.76 19.1 17.12 15.03 15.3 
2.83 2.0 2.24 1.0 2.0 0.0 2.24 1.0 2.83 2.0 7.0 7.28 6.0 6.32 5.0 5.39 38.59 36.89 38.08 36.36 37.59 35.85 26.25 25.71 11.4 13.04 21.1 19.1 17.03 17.26 
3.0 3.61 2.0 2.83 1.0 2.24 0.0 2.0 1.0 2.24 8.25 8.94 7.28 8.06 6.32 7.21 38.47 36.72 38.01 36.24 37.58 35.78 26.68 26.31 13.6 15.26 19.24 17.26 15.0 15.13 
3.61 3.0 2.83 2.0 2.24 1.0 2.0 0.0 2.24 1.0 8.0 8.25 7.0 7.28 6.0 6.32 39.45 37.74 38.95 37.22 38.47 36.72 27.2 26.68 12.04 13.6 21.21 19.24 17.0 17.12 
4.0 4.47 3.0 3.61 2.0 2.83 1.0 2.24 0.0 2.0 9.22 9.85 8.25 8.94 7.28 8.06 39.36 37.59 38.91 37.12 38.48 36.67 27.66 27.29 14.21 15.81 19.42 17.46 15.03 15.03 
4.47 4.0 3.61 3.0 2.83 2.0 2.24 1.0 2.0 0.0 9.0 9.22 8.0 8.25 7.0 7.28 40.31 38.59 39.82 38.08 39.36 37.59 28.16 27.66 12.73 14.21 21.38 19.42 17.03 17.03 
5.39 5.0 6.32 6.0 7.28 7.0 8.25 8.0 9.22 9.0 0.0 2.0 1.0 2.24 2.0 2.83 32.8 31.24 32.2 30.61 31.62 30.0 19.7 18.97 9.0 11.0 21.59 19.65 18.79 19.72 
6.4 5.39 7.21 6.32 8.06 7.28 8.94 8.25 9.85 9.22 2.0 0.0 2.24 1.0 2.83 2.0 34.06 32.56 33.42 31.89 32.8 31.24 20.59 19.7 7.0 9.0 23.54 21.59 20.62 21.47 
4.47 4.0 5.39 5.0 6.32 6.0 7.28 7.0 8.25 8.0 1.0 2.24 0.0 2.0 1.0 2.24 33.6 32.02 33.02 31.4 32.45 30.81 20.62 19.92 9.06 11.05 21.38 19.42 18.38 19.24 
5.66 4.47 6.4 5.39 7.21 6.32 8.06 7.28 8.94 8.25 2.24 1.0 2.0 0.0 2.24 1.0 34.83 33.3 34.21 32.65 33.6 32.02 21.47 20.62 7.07 9.06 23.35 21.38 20.25 21.02 
3.61 3.0 4.47 4.0 5.39 5.0 6.32 6.0 7.28 7.0 2.0 2.83 1.0 2.24 0.0 2.0 34.41 32.8 33.84 32.2 33.29 31.62 21.54 20.88 9.22 11.18 21.21 19.24 18.03 18.79 
5.0 3.61 5.66 4.47 6.4 5.39 7.21 6.32 8.06 7.28 2.83 2.0 2.24 1.0 2.0 0.0 35.61 34.06 35.0 33.42 34.41 32.8 22.36 21.54 7.28 9.22 23.19 21.21 19.92 20.62 
35.85 36.89 36.72 37.74 37.59 38.59 38.47 39.45 39.36 40.31 32.8 34.06 33.6 34.83 34.41 35.61 0.0 2.0 1.0 2.24 2.0 2.83 14.42 16.12 38.95 40.46 31.02 31.02 34.13 36.12 
34.13 35.23 34.99 36.06 35.85 36.89 36.72 37.74 37.59 38.59 31.24 32.56 32.02 33.3 32.8 34.06 2.0 0.0 2.24 1.0 2.83 2.0 13.42 15.23 37.64 39.2 29.02 29.02 32.14 34.13 
35.36 36.36 36.24 37.22 37.12 38.08 38.01 38.95 38.91 39.82 32.2 33.42 33.02 34.21 33.84 35.0 1.0 2.24 0.0 2.0 1.0 2.24 13.6 15.26 38.21 39.7 31.06 31.0 34.06 36.06 
33.62 34.67 34.48 35.51 35.36 36.36 36.24 37.22 37.12 38.08 30.61 31.89 31.4 32.65 32.2 33.42 2.24 1.0 2.0 0.0 2.24 1.0 12.53 14.32 36.88 38.42 29.07 29.0 32.06 34.06 
34.89 35.85 35.78 36.72 36.67 37.59 37.58 38.47 38.48 39.36 31.62 32.8 32.45 33.6 33.29 34.41 2.0 2.83 1.0 2.24 0.0 2.0 12.81 14.42 37.48 38.95 31.14 31.02 34.01 36.01 
33.12 34.13 34.0 34.99 34.89 35.85 35.78 36.72 36.67 37.59 30.0 31.24 30.81 32.02 31.62 32.8 2.83 2.0 2.24 1.0 2.0 0.0 11.66 13.42 36.12 37.64 29.15 29.02 32.02 34.01 
23.77 24.35 24.74 25.3 25.71 26.25 26.68 27.2 27.66 28.16 19.7 20.59 20.62 21.47 21.54 22.36 14.42 13.42 13.6 12.53 12.81 11.66 0.0 2.0 24.76 26.17 26.42 25.5 27.51 29.41 
23.35 23.77 24.33 24.74 25.32 25.71 26.31 26.68 27.29 27.66 18.97 19.7 19.92 20.62 20.88 21.54 16.12 15.23 15.26 14.32 14.42 13.42 2.0 0.0 23.43 24.76 27.46 26.42 28.23 30.08 
12.08 10.3 12.53 10.82 13.04 11.4 13.6 12.04 14.21 12.73 9.0 7.0 9.06 7.07 9.22 7.28 38.95 37.64 38.21 36.88 37.48 36.12 24.76 23.43 0.0 2.0 30.41 28.44 27.2 27.86 
13.93 12.08 14.32 12.53 14.76 13.04 15.26 13.6 15.81 14.21 11.0 9.0 11.05 9.06 11.18 9.22 40.46 39.2 39.7 38.42 38.95 37.64 26.17 24.76 2.0 0.0 32.39 30.41 29.12 29.73 
19.0 21.0 19.03 21.02 19.1 21.1 19.24 21.21 19.42 21.38 21.59 23.54 21.38 23.35 21.21 23.19 31.02 29.02 31.06 29.07 31.14 29.15 26.42 27.46 30.41 32.39 0.0 2.0 5.0 6.4 
17.0 19.0 17.03 19.03 17.12 19.1 17.26 19.24 17.46 19.42 19.65 21.59 19.42 21.38 19.24 21.21 31.02 29.02 31.0 29.0 31.02 29.02 25.5 26.42 28.44 30.41 2.0 0.0 3.61 5.39 
15.3 17.26 15.13 17.12 15.03 17.03 15.0 17.0 15.03 17.03 18.79 20.62 18.38 20.25 18.03 19.92 34.13 32.14 34.06 32.06 34.01 32.02 27.51 28.23 27.2 29.12 5.0 3.61 0.0 2.0 
15.81 17.72 15.52 17.46 15.3 17.26 15.13 17.12 15.03 17.03 19.72 21.47 19.24 21.02 18.79 20.62 36.12 34.13 36.06 34.06 36.01 34.01 29.41 30.08 27.86 29.73 6.4 5.39 2.0 0.0 
