85
0.0 2.0 1.0 2.24 2.0 2.83 3.0 3.61 4.0 4.47 5.0 5.39 6.0 6.32 7.0 7.28 8.0 8.25 9.0 9.22 54.15 54.04 53.15 53.04 52.15 52.04 51.16 51.04 72.8 74.67 74.24 74.11 30.89 29.97 58.82 57.69 81.61 80.45 48.51 48.84 55.17 56.64 50.77 49.09 47.42 48.8 85.0 84.08 101.21 102.96 15.3 17.26 73.11 73.25 42.72 43.83 66.21 67.08 56.3 54.64 68.66 68.25 44.41 42.8 85.91 84.65 59.17 57.45 30.53 29.53 29.07 30.61 74.97 76.42 88.01 89.63 96.57 97.12 21.84 21.38 98.0 100.0 68.82 67.2 56.65 
2.0 0.0 2.24 1.0 2.83 2.0 3.61 3.0 4.47 4.0 5.39 5.0 6.32 6.0 7.28 7.0 8.25 8.0 9.22 9.0 56.14 56.04 55.15 55.04 54.15 54.04 53.15 53.04 72.11 74.0 72.25 72.11 31.91 30.89 60.46 59.36 83.23 82.1 48.26 48.51 56.57 58.0 52.48 50.77 46.1 47.42 83.24 82.3 102.22 103.94 15.03 17.03 71.11 71.25 41.68 42.72 68.03 68.88 57.43 55.8 70.61 70.21 46.04 44.41 87.21 85.91 60.21 58.52 28.84 27.78 27.59 29.07 73.54 74.97 86.4 88.01 96.05 96.57 22.47 21.84 98.02 100.02 70.46 68.82 55.97 
1.0 2.24 0.0 2.0 1.0 2.24 2.0 2.83 3.0 3.61 4.0 4.47 5.0 5.39 6.0 6.32 7.0 7.28 8.0 8.25 54.23 54.08 53.24 53.08 52.24 52.09 51.24 51.09 71.87 73.74 74.33 74.17 31.76 30.87 59.41 58.25 82.2 81.02 49.5 49.82 54.45 55.9 50.25 48.55 46.69 48.08 85.48 84.53 100.34 102.08 14.32 16.28 73.06 73.17 41.88 43.01 65.8 66.64 57.14 55.47 68.88 68.45 45.0 43.42 85.15 83.87 60.03 58.31 31.06 30.02 29.73 31.24 75.66 77.1 87.42 89.05 95.6 96.17 22.8 22.36 97.0 99.0 69.4 67.8 55.71 
2.24 1.0 2.0 0.0 2.24 1.0 2.83 2.0 3.61 3.0 4.47 4.0 5.39 5.0 6.32 6.0 7.28 7.0 8.25 8.0 56.22 56.08 55.23 55.08 54.23 54.08 53.24 53.08 71.17 73.05 72.34 72.17 32.76 31.76 61.03 59.91 83.82 82.66 49.25 49.5 55.87 57.28 51.97 50.25 45.34 46.69 83.73 82.76 101.36 103.08 14.04 16.03 71.06 71.18 40.82 41.88 67.62 68.45 58.25 56.61 70.83 70.41 46.62 45.0 86.45 85.15 61.06 59.36 29.41 28.3 28.28 29.73 74.25 75.66 85.8 87.42 95.08 95.6 23.41 22.8 97.02 99.02 71.03 69.4 55.03 
2.0 2.83 1.0 2.24 0.0 2.0 1.0 2.24 2.0 2.83 3.0 3.61 4.0 4.47 5.0 5.39 6.0 6.32 7.0 7.28 54.33 54.15 53.34 53.15 52.35 52.15 51.35 51.16 70.94 72.8 74.43 74.24 32.65 31.78 60.0 58.82 82.8 81.61 50.49 50.8 53.74 55.17 49.74 48.02 45.97 47.38 85.96 85.0 99.48 101.21 13.34 15.3 73.03 73.11 41.05 42.2 65.39 66.21 57.98 56.3 69.12 68.66 45.61 44.05 84.39 83.1 60.9 59.17 31.62 30.53 30.41 31.89 76.37 77.79 86.84 88.48 94.64 95.21 23.77 23.35 96.0 98.0 70.0 68.41 54.78 
2.83 2.0 2.24 1.0 2.0 0.0 2.24 1.0 2.83 2.0 3.61 3.0 4.47 4.0 5.39 5.0 6.32 6.0 7.28 7.0 56.32 56.14 55.33 55.15 54.33 54.15 53.34 53.15 70.23 72.11 72.44 72.25 33.62 32.65 61.61 60.46 84.4 83.23 50.25 50.49 55.17 56.57 51.48 49.74 44.6 45.97 84.22 83.24 100.5 102.22 13.04 15.03 71.03 71.11 39.96 41.05 67.23 68.03 59.08 57.43 71.06 70.61 47.2 45.61 85.7 84.39 61.91 60.21 30.0 28.84 29.0 30.41 74.97 76.37 85.21 86.84 94.11 94.64 24.35 23.77 96.02 98.02 71.61 70.0 54.08 
3.0 3.61 2.0 2.83 1.0 2.24 0.0 2.0 1.0 2.24 2.0 2.83 3.0 3.61 4.0 4.47 5.0 5.39 6.0 6.32 54.45 54.23 53.46 53.24 52.47 52.24 51.48 51.24 70.01 71.87 74.55 74.33 33.54 32.7 60.61 59.41 83.41 82.2 51.48 51.79 53.04 54.45 49.24 47.51 45.25 46.69 86.45 85.48 98.62 100.34 12.37 14.32 73.01 73.06 40.22 41.4 65.0 65.8 58.83 57.14 69.38 68.88 46.23 44.69 83.63 82.33 61.77 60.03 32.2 31.06 31.11 32.56 77.08 78.49 86.27 87.92 93.68 94.25 24.74 24.33 95.0 97.0 70.6 69.03 53.85 
3.61 3.0 2.83 2.0 2.24 1.0 2.0 0.0 2.24 1.0 2.83 2.0 3.61 3.0 4.47 4.0 5.39 5.0 6.32 6.0 56.44 56.22 55.44 55.23 54.45 54.23 53.46 53.24 69.29 71.17 72.56 72.34 34.48 33.54 62.2 61.03 85.0 83.82 51.24 51.48 54.49 55.87 51.0 49.24 43.86 45.25 84.72 83.73 99.64 101.36 12.04 14.04 71.01 71.06 39.12 40.22 66.85 67.62 59.91 58.25 71.31 70.83 47.8 46.23 84.96 83.63 62.77 61.06 30.61 29.41 29.73 31.11 75.69 77.08 84.63 86.27 93.15 93.68 25.3 24.74 95.02 97.02 72.2 70.6 53.14 
4.0 4.47 3.0 3.61 2.0 2.83 1.0 2.24 0.0 2.0 1.0 2.24 2.0 2.83 3.0 3.61 4.0 4.47 5.0 5.39 54.59 54.33 53.6 53.34 52.61 52.35 51.62 51.35 69.08 70.94 74.67 74.43 34.44 33.62 61.22 60.0 84.02 82.8 52.47 52.77 52.35 53.74 48.76 47.01 44.55 46.01 86.95 85.96 97.75 99.48 11.4 13.34 73.0 73.03 39.41 40.61 64.62 65.39 59.68 57.98 69.64 69.12 46.86 45.34 82.88 81.57 62.65 60.9 32.8 31.62 31.83 33.24 77.79 79.2 85.7 87.37 92.72 93.3 25.71 25.32 94.0 96.0 71.22 69.66 52.92 
4.47 4.0 3.61 3.0 2.83 2.0 2.24 1.0 2.0 0.0 2.24 1.0 2.83 2.0 3.61 3.0 4.47 4.0 5.39 5.0 56.57 56.32 55.58 55.33 54.59 54.33 53.6 53.34 68.35 70.23 72.69 72.44 35.36 34.44 62.8 61.61 85.6 84.4 52.24 52.47 53.81 55.17 50.54 48.76 43.14 44.55 85.23 84.22 98.79 100.5 11.05 13.04 71.0 71.03 38.28 39.41 66.48 67.23 60.75 59.08 71.57 71.06 48.41 46.86 84.22 82.88 63.63 61.91 31.24 30.0 30.48 31.83 76.42 77.79 84.05 85.7 92.18 92.72 26.25 25.71 94.02 96.02 72.8 71.22 52.2 
5.0 5.39 4.0 4.47 3.0 3.61 2.0 2.83 1.0 2.24 0.0 2.0 1.0 2.24 2.0 2.83 3.0 3.61 4.0 4.47 54.74 54.45 53.76 53.46 52.77 52.47 51.79 51.48 68.15 70.01 74.81 74.55 35.34 34.54 61.85 60.61 84.65 83.41 53.46 53.76 51.66 53.04 48.3 46.53 43.86 45.34 87.46 86.45 96.9 98.62 10.44 12.37 73.01 73.01 38.6 39.82 64.26 65.0 60.54 58.83 69.92 69.38 47.51 46.01 82.13 80.81 63.53 61.77 33.42 32.2 32.56 33.94 78.52 79.91 85.15 86.82 91.76 92.35 26.68 26.31 93.0 95.0 71.84 70.29 52.0 
5.39 5.0 4.47 4.0 3.61 3.0 2.83 2.0 2.24 1.0 2.0 0.0 2.24 1.0 2.83 2.0 3.61 3.0 4.47 4.0 56.72 56.44 55.73 55.44 54.74 54.45 53.76 53.46 67.42 69.29 72.84 72.56 36.24 35.34 63.41 62.2 86.21 85.0 53.24 53.46 53.15 54.49 50.09 48.3 42.43 43.86 85.76 84.72 97.94 99.64 10.05 12.04 71.01 71.01 37.44 38.6 66.13 66.85 61.59 59.91 71.84 71.31 49.04 47.51 83.49 82.13 64.5 62.77 31.89 30.61 31.24 32.56 77.16 78.52 83.49 85.15 91.21 91.76 27.2 26.68 93.02 95.02 73.41 71.84 51.26 
6.0 6.32 5.0 5.39 4.0 4.47 3.0 3.61 2.0 2.83 1.0 2.24 0.0 2.0 1.0 2.24 2.0 2.83 3.0 3.61 54.92 54.59 53.94 53.6 52.95 52.61 51.97 51.62 67.23 69.08 74.97 74.67 36.25 35.47 62.48 61.22 85.28 84.02 54.45 54.74 50.99 52.35 47.85 46.07 43.19 44.69 87.98 86.95 96.04 97.75 9.49 11.4 73.03 73.0 37.8 39.05 63.91 64.62 61.4 59.68 70.21 69.64 48.17 46.69 81.39 80.06 64.41 62.65 34.06 32.8 33.3 34.66 79.25 80.62 84.6 86.28 90.8 91.39 27.66 27.29 92.0 94.0 72.47 70.94 51.08 
6.32 6.0 5.39 5.0 4.47 4.0 3.61 3.0 2.83 2.0 2.24 1.0 2.0 0.0 2.24 1.0 2.83 2.0 3.61 3.0 56.89 56.57 55.9 55.58 54.92 54.59 53.94 53.6 66.48 68.35 72.99 72.69 37.12 36.25 64.03 62.8 86.83 85.6 54.23 54.45 52.5 53.81 49.66 47.85 41.73 43.19 86.28 85.23 97.1 98.79 9.06 11.05 71.03 71.0 36.62 37.8 65.79 66.48 62.43 60.75 72.12 71.57 49.68 48.17 82.76 81.39 65.37 63.63 32.56 31.24 32.02 33.3 77.9 79.25 82.93 84.6 90.25 90.8 28.16 27.66 92.02 94.02 74.03 72.47 50.33 
7.0 7.28 6.0 6.32 5.0 5.39 4.0 4.47 3.0 3.61 2.0 2.83 1.0 2.24 0.0 2.0 1.0 2.24 2.0 2.83 55.11 54.74 54.13 53.76 53.15 52.77 52.17 51.79 66.31 68.15 75.13 74.81 37.16 36.4 63.13 61.85 85.91 84.65 55.44 55.73 50.33 51.66 47.42 45.62 42.52 44.05 88.51 87.46 95.19 96.9 8.54 10.44 73.06 73.01 37.01 38.29 63.57 64.26 62.27 60.54 70.52 69.92 48.84 47.38 80.66 79.31 65.3 63.53 34.71 33.42 34.06 35.38 79.98 81.34 84.06 85.76 89.84 90.44 28.64 28.28 91.0 93.0 73.11 71.59 50.16 
7.28 7.0 6.32 6.0 5.39 5.0 4.47 4.0 3.61 3.0 2.83 2.0 2.24 1.0 2.0 0.0 2.24 1.0 2.83 2.0 57.07 56.72 56.09 55.73 55.11 54.74 54.13 53.76 65.55 67.42 73.16 72.84 38.01 37.16 64.66 63.41 87.46 86.21 55.23 55.44 51.86 53.15 49.24 47.42 41.04 42.52 86.82 85.76 96.25 97.94 8.06 10.05 71.06 71.01 35.81 37.01 65.46 66.13 63.29 61.59 72.42 71.84 50.33 48.84 82.04 80.66 66.24 64.5 33.24 31.89 32.8 34.06 78.64 79.98 82.38 84.06 89.29 89.84 29.12 28.64 91.02 93.02 74.65 73.11 49.4 
8.0 8.25 7.0 7.28 6.0 6.32 5.0 5.39 4.0 4.47 3.0 3.61 2.0 2.83 1.0 2.24 0.0 2.0 1.0 2.24 55.32 54.92 54.34 53.94 53.37 52.95 52.39 51.97 65.39 67.23 75.31 74.97 38.08 37.34 63.78 62.48 86.56 85.28 56.44 56.72 49.68 50.99 47.01 45.19 41.87 43.42 89.04 87.98 94.34 96.04 7.62 9.49 73.11 73.03 36.24 37.54 63.25 63.91 63.13 61.4 70.84 70.21 49.52 48.08 79.93 78.57 66.19 64.41 35.38 34.06 34.83 36.12 80.72 82.07 83.53 85.23 88.89 89.49 29.61 29.27 90.0 92.0 73.76 72.25 49.24 
8.25 8.0 7.28 7.0 6.32 6.0 5.39 5.0 4.47 4.0 3.61 3.0 2.83 2.0 2.24 1.0 2.0 0.0 2.24 1.0 57.27 56.89 56.29 55.9 55.32 54.92 54.34 53.94 64.62 66.48 73.35 72.99 38.91 38.08 65.3 64.03 88.09 86.83 56.22 56.44 51.22 52.5 48.85 47.01 40.36 41.87 87.37 86.28 95.41 97.1 7.07 9.06 71.11 71.03 35.0 36.24 65.15 65.79 64.14 62.43 72.73 72.12 50.99 49.52 81.32 79.93 67.12 65.37 33.94 32.56 33.6 34.83 79.4 80.72 81.84 83.53 88.32 88.89 30.08 29.61 90.02 92.02 75.29 73.76 48.47 
9.0 9.22 8.0 8.25 7.0 7.28 6.0 6.32 5.0 5.39 4.0 4.47 3.0 3.61 2.0 2.83 1.0 2.24 0.0 2.0 55.54 55.11 54.57 54.13 53.6 53.15 52.63 52.17 64.47 66.31 75.5 75.13 39.0 38.28 64.44 63.13 87.21 85.91 57.43 57.71 49.04 50.33 46.62 44.78 41.23 42.8 89.59 88.51 93.49 95.19 6.71 8.54 73.17 73.06 35.47 36.8 62.94 63.57 64.01 62.27 71.17 70.52 50.21 48.8 79.21 77.83 67.08 65.3 36.07 34.71 35.61 36.88 81.47 82.81 83.01 84.72 87.93 88.54 30.59 30.27 89.0 91.0 74.41 72.92 48.33 
9.22 9.0 8.25 8.0 7.28 7.0 6.32 6.0 5.39 5.0 4.47 4.0 3.61 3.0 2.83 2.0 2.24 1.0 2.0 0.0 57.49 57.07 56.52 56.09 55.54 55.11 54.57 54.13 63.69 65.55 73.55 73.16 39.81 39.0 65.95 64.66 88.73 87.46 57.22 57.43 50.61 51.86 48.47 46.62 39.7 41.23 87.92 86.82 94.58 96.25 6.08 8.06 71.18 71.06 34.21 35.47 64.85 65.46 65.0 63.29 73.05 72.42 51.66 50.21 80.61 79.21 68.0 66.24 34.66 33.24 34.41 35.61 80.16 81.47 81.3 83.01 87.36 87.93 31.05 30.59 89.02 91.02 75.93 74.41 47.54 
54.15 56.14 54.23 56.22 54.33 56.32 54.45 56.44 54.59 56.57 54.74 56.72 54.92 56.89 55.11 57.07 55.32 57.27 55.54 57.49 0.0 2.0 1.0 2.24 2.0 2.83 3.0 3.61 107.63 108.98 128.02 128.0 45.28 47.01 30.59 28.64 45.61 43.68 75.21 76.84 46.82 48.7 32.89 33.62 94.43 96.25 133.93 133.41 92.09 94.09 60.08 60.75 127.25 127.39 86.77 88.55 32.56 34.53 48.76 47.01 17.03 15.81 28.43 29.73 70.01 70.01 52.77 51.0 80.89 80.62 77.47 79.43 118.19 120.02 136.97 138.8 125.73 127.02 50.92 52.81 115.41 117.18 36.06 36.0 93.41 
54.04 56.04 54.08 56.08 54.15 56.14 54.23 56.22 54.33 56.32 54.45 56.44 54.59 56.57 54.74 56.72 54.92 56.89 55.11 57.07 2.0 0.0 2.24 1.0 2.83 2.0 3.61 3.0 106.3 107.63 128.06 128.02 46.32 48.02 32.56 30.59 47.54 45.61 76.4 78.01 44.94 46.82 31.02 31.78 93.62 95.46 134.48 133.93 90.09 92.09 59.48 60.08 127.14 127.25 85.87 87.66 30.59 32.56 50.54 48.76 18.38 17.03 30.0 31.24 68.01 68.01 54.56 52.77 81.22 80.89 77.88 79.83 119.01 120.83 136.17 138.0 124.2 125.5 51.62 53.49 113.65 115.41 38.05 38.0 92.2 
53.15 55.15 53.24 55.23 53.34 55.33 53.46 55.44 53.6 55.58 53.76 55.73 53.94 55.9 54.13 56.09 54.34 56.29 54.57 56.52 1.0 2.24 0.0 2.0 1.0 2.24 2.0 2.83 106.89 108.25 127.02 127.0 44.42 46.14 30.41 28.44 45.88 43.97 74.4 76.03 46.49 48.38 32.57 33.24 93.52 95.34 132.97 132.44 92.05 94.05 59.14 59.81 126.25 126.4 85.88 87.66 32.76 34.71 48.3 46.53 17.8 16.64 27.8 29.07 70.03 70.0 52.33 50.54 79.91 79.63 76.49 78.45 117.27 119.1 136.06 137.88 125.1 126.37 49.98 51.87 114.95 116.73 36.12 36.01 92.62 
53.04 55.04 53.08 55.08 53.15 55.15 53.24 55.23 53.34 55.33 53.46 55.44 53.6 55.58 53.76 55.73 53.94 55.9 54.13 56.09 2.24 1.0 2.0 0.0 2.24 1.0 2.83 2.0 105.55 106.89 127.06 127.02 45.49 47.17 32.39 30.41 47.8 45.88 75.6 77.2 44.6 46.49 30.68 31.38 92.7 94.54 133.52 132.97 90.05 92.05 58.52 59.14 126.14 126.25 84.97 86.76 30.81 32.76 50.09 48.3 19.1 17.8 29.41 30.61 68.03 68.0 54.13 52.33 80.23 79.91 76.9 78.85 118.11 119.92 135.25 137.08 123.56 124.84 50.7 52.55 113.18 114.95 38.12 38.01 91.4 
52.15 54.15 52.24 54.23 52.35 54.33 52.47 54.45 52.61 54.59 52.77 54.74 52.95 54.92 53.15 55.11 53.37 55.32 53.6 55.54 2.0 2.83 1.0 2.24 0.0 2.0 1.0 2.24 106.15 107.52 126.02 126.0 43.57 45.28 30.27 28.28 46.17 44.27 73.6 75.21 46.17 48.08 32.28 32.89 92.61 94.43 132.0 131.47 92.02 94.02 58.19 58.87 125.26 125.4 85.0 86.77 32.98 34.93 47.85 46.07 18.6 17.49 27.2 28.43 70.06 70.01 51.89 50.09 78.92 78.64 75.5 77.47 116.36 118.19 135.15 136.97 124.47 125.73 49.04 50.92 114.49 116.28 36.22 36.06 91.83 
52.04 54.04 52.09 54.08 52.15 54.15 52.24 54.23 52.35 54.33 52.47 54.45 52.61 54.59 52.77 54.74 52.95 54.92 53.15 55.11 2.83 2.0 2.24 1.0 2.0 0.0 2.24 1.0 104.8 106.15 126.06 126.02 44.65 46.32 32.25 30.27 48.08 46.17 74.81 76.4 44.27 46.17 30.36 31.02 91.79 93.62 132.56 132.0 90.02 92.02 57.57 58.19 125.14 125.26 84.08 85.87 31.05 32.98 49.66 47.85 19.85 18.6 28.84 30.0 68.07 68.01 53.71 51.89 79.25 78.92 75.93 77.88 117.2 119.01 134.33 136.17 122.92 124.2 49.77 51.62 112.71 114.49 38.21 38.05 90.6 
51.16 53.15 51.24 53.24 51.35 53.34 51.48 53.46 51.62 53.6 51.79 53.76 51.97 53.94 52.17 54.13 52.39 54.34 52.63 54.57 3.0 3.61 2.0 2.83 1.0 2.24 0.0 2.0 105.42 106.79 125.02 125.0 42.72 44.42 30.15 28.16 46.49 44.6 72.8 74.4 45.88 47.8 32.02 32.57 91.71 93.52 131.04 130.51 92.01 94.01 57.25 57.94 124.26 124.4 84.12 85.88 33.24 35.17 47.42 45.62 19.42 18.36 26.63 27.8 70.11 70.03 51.48 49.66 77.93 77.65 74.53 76.49 115.45 117.27 134.24 136.06 123.85 125.1 48.1 49.98 114.04 115.83 36.35 36.12 91.05 
51.04 53.04 51.09 53.08 51.16 53.15 51.24 53.24 51.35 53.34 51.48 53.46 51.62 53.6 51.79 53.76 51.97 53.94 52.17 54.13 3.61 3.0 2.83 2.0 2.24 1.0 2.0 0.0 104.06 105.42 125.06 125.02 43.83 45.49 32.14 30.15 48.38 46.49 74.03 75.6 43.97 45.88 30.08 30.68 90.87 92.7 131.61 131.04 90.01 92.01 56.61 57.25 124.15 124.26 83.19 84.97 31.32 33.24 49.24 47.42 20.62 19.42 28.3 29.41 68.12 68.03 53.31 51.48 78.26 77.93 74.95 76.9 116.3 118.11 133.42 135.25 122.29 123.56 48.85 50.7 112.25 114.04 38.33 38.12 89.81 
72.8 72.11 71.87 71.17 70.94 70.23 70.01 69.29 69.08 68.35 68.15 67.42 67.23 66.48 66.31 65.55 65.39 64.62 64.47 63.69 107.63 106.3 106.89 105.55 106.15 104.8 105.42 104.06 0.0 2.0 88.2 86.53 103.47 102.69 126.02 124.4 148.05 146.49 117.55 117.24 69.86 69.08 80.26 78.55 33.54 33.96 118.6 116.78 78.59 79.12 57.78 55.95 79.4 77.8 32.14 32.02 94.85 94.02 128.35 126.56 124.65 123.33 112.61 111.52 81.02 79.03 131.52 129.71 84.0 82.0 87.09 87.02 123.22 123.69 47.76 49.65 25.0 25.08 94.58 93.92 39.7 41.23 135.6 134.4 16.16 
74.67 74.0 73.74 73.05 72.8 72.11 71.87 71.17 70.94 70.23 70.01 69.29 69.08 68.35 68.15 67.42 67.23 66.48 66.31 65.55 108.98 107.63 108.25 106.89 107.52 106.15 106.79 105.42 2.0 0.0 89.89 88.2 105.31 104.55 127.64 126.02 149.63 148.05 119.52 119.22 70.68 69.86 81.3 79.61 35.51 35.9 120.42 118.6 78.1 78.59 59.62 57.78 81.02 79.4 34.13 34.01 95.71 94.85 130.15 128.35 125.99 124.65 114.28 113.21 81.1 79.1 133.33 131.52 86.0 84.0 89.09 89.02 125.17 125.63 48.47 50.33 23.0 23.09 96.46 95.82 38.21 39.7 137.2 136.01 18.03 
74.24 72.25 74.33 72.34 74.43 72.44 74.55 72.56 74.67 72.69 74.81 72.84 74.97 72.99 75.13 73.16 75.31 73.35 75.5 73.55 128.02 128.06 127.02 127.06 126.02 126.06 125.02 125.06 88.2 89.89 0.0 2.0 91.44 89.5 125.17 124.74 146.16 145.6 79.08 77.39 121.08 121.85 121.56 119.64 58.69 57.28 34.01 32.02 155.6 156.82 74.04 74.63 10.05 12.04 66.07 64.54 138.25 138.75 112.72 112.01 141.29 141.17 111.8 109.84 147.73 145.99 113.32 112.54 49.03 48.66 53.6 51.66 50.16 49.4 58.08 58.01 110.02 109.17 81.39 79.43 127.64 129.27 134.37 132.44 79.98 
74.11 72.11 74.17 72.17 74.24 72.25 74.33 72.34 74.43 72.44 74.55 72.56 74.67 72.69 74.81 72.84 74.97 72.99 75.13 73.16 128.0 128.02 127.0 127.02 126.0 126.02 125.0 125.02 86.53 88.2 2.0 0.0 91.92 89.99 125.63 125.17 146.75 146.16 80.16 78.49 120.33 121.08 121.04 119.1 57.31 55.87 36.01 34.01 154.4 155.6 73.5 74.04 8.06 10.05 64.82 63.25 137.77 138.25 113.46 112.72 141.43 141.29 112.18 110.22 146.77 145.01 114.13 113.32 49.48 49.03 54.12 52.2 52.0 51.26 56.08 56.01 108.23 107.35 81.79 79.83 126.02 127.64 134.89 132.97 78.52 
30.89 31.91 31.76 32.76 32.65 33.62 33.54 34.48 34.44 35.36 35.34 36.24 36.25 37.12 37.16 38.01 38.08 38.91 39.0 39.81 45.28 46.32 44.42 45.49 43.57 44.65 42.72 43.83 103.47 105.31 91.44 91.92 0.0 2.0 33.73 33.38 55.15 54.42 30.41 31.89 70.84 72.73 60.83 59.93 77.8 79.03 90.93 90.67 120.21 122.12 45.69 47.54 93.3 93.98 73.57 74.63 71.06 72.62 25.61 24.08 53.37 53.85 21.02 19.03 101.24 100.46 28.3 26.63 42.45 43.01 37.85 39.81 73.39 75.27 116.78 118.26 126.81 127.47 10.82 12.53 125.9 127.88 43.01 41.11 87.32 
29.97 30.89 30.87 31.76 31.78 32.65 32.7 33.54 33.62 34.44 34.54 35.34 35.47 36.25 36.4 37.16 37.34 38.08 38.28 39.0 47.01 48.02 46.14 47.17 45.28 46.32 44.42 45.49 102.69 104.55 89.5 89.99 2.0 0.0 35.69 35.36 57.01 56.3 29.0 30.41 71.51 73.39 61.77 60.83 76.61 77.8 88.96 88.68 120.81 122.71 44.94 46.82 91.42 92.11 72.56 73.57 72.35 73.88 26.91 25.46 55.32 55.79 23.02 21.02 102.04 101.24 29.41 27.8 40.52 41.11 35.9 37.85 71.51 73.39 115.31 116.78 126.18 126.81 9.22 10.82 125.67 127.66 44.92 43.01 86.54 
58.82 60.46 59.41 61.03 60.0 61.61 60.61 62.2 61.22 62.8 61.85 63.41 62.48 64.03 63.13 64.66 63.78 65.3 64.44 65.95 30.59 32.56 30.41 32.39 30.27 32.25 30.15 32.14 126.02 127.64 125.17 125.63 33.73 35.69 0.0 2.0 22.8 21.63 56.75 58.69 74.67 76.66 61.2 61.4 105.65 107.17 123.15 123.07 122.02 124.02 70.72 72.12 126.83 127.44 99.7 101.14 63.15 65.12 21.4 20.25 26.87 28.32 14.42 16.12 100.24 100.12 24.76 23.43 76.16 76.66 71.59 73.55 103.58 105.55 146.82 148.45 146.99 148.0 43.97 45.88 140.46 142.34 10.0 8.49 110.42 
57.69 59.36 58.25 59.91 58.82 60.46 59.41 61.03 60.0 61.61 60.61 62.2 61.22 62.8 61.85 63.41 62.48 64.03 63.13 64.66 28.64 30.59 28.44 30.41 28.28 30.27 28.16 30.15 124.4 126.02 124.74 125.17 33.38 35.36 2.0 0.0 24.08 22.8 57.28 59.2 72.69 74.67 59.21 59.41 104.35 105.89 123.26 123.15 120.02 122.02 69.35 70.72 126.24 126.83 98.31 99.76 61.19 63.15 22.67 21.4 25.5 26.87 13.42 15.23 98.25 98.13 26.17 24.76 75.71 76.16 71.2 73.16 103.94 105.91 145.66 147.3 145.26 146.29 43.42 45.35 138.58 140.46 11.31 10.0 108.85 
81.61 83.23 82.2 83.82 82.8 84.4 83.41 85.0 84.02 85.6 84.65 86.21 85.28 86.83 85.91 87.46 86.56 88.09 87.21 88.73 45.61 47.54 45.88 47.8 46.17 48.08 46.49 48.38 148.05 149.63 146.16 146.75 55.15 57.01 22.8 24.08 0.0 2.0 73.0 75.0 92.35 94.25 78.45 79.06 128.43 129.96 141.23 141.35 136.94 138.92 93.43 94.79 148.41 149.12 122.38 123.84 76.24 78.23 35.01 35.13 33.02 35.01 37.2 38.83 114.53 114.74 36.12 36.01 97.41 98.08 92.66 94.56 120.07 122.07 169.61 171.23 168.36 169.46 65.8 67.62 160.22 162.05 12.81 14.42 132.65 
80.45 82.1 81.02 82.66 81.61 83.23 82.2 83.82 82.8 84.4 83.41 85.0 84.02 85.6 84.65 86.21 85.28 86.83 85.91 87.46 43.68 45.61 43.97 45.88 44.27 46.17 44.6 46.49 146.49 148.05 145.6 146.16 54.42 56.3 21.63 22.8 2.0 0.0 73.03 75.03 90.44 92.35 76.54 77.16 127.14 128.69 141.13 141.23 134.95 136.94 92.1 93.43 147.72 148.41 121.02 122.49 74.24 76.24 35.01 35.01 31.02 33.02 36.06 37.74 112.54 112.75 36.35 36.12 96.77 97.41 92.05 93.96 120.15 122.15 168.44 170.07 166.69 167.8 65.0 66.85 158.4 160.22 11.66 13.42 131.14 
48.51 48.26 49.5 49.25 50.49 50.25 51.48 51.24 52.47 52.24 53.46 53.24 54.45 54.23 55.44 55.23 56.44 56.22 57.43 57.22 75.21 76.4 74.4 75.6 73.6 74.81 72.8 74.03 117.55 119.52 79.08 80.16 30.41 29.0 56.75 57.28 73.0 73.03 0.0 2.0 98.84 100.62 90.14 89.04 86.68 87.28 68.47 68.73 147.46 149.31 63.13 65.12 84.02 85.28 85.51 85.91 101.32 102.83 38.01 38.12 81.02 81.86 48.3 46.53 129.77 128.83 37.12 37.01 37.22 38.95 32.65 33.62 47.17 49.16 118.73 119.82 142.27 142.56 29.97 29.15 146.17 148.17 63.51 61.52 101.83 
48.84 48.51 49.82 49.5 50.8 50.49 51.79 51.48 52.77 52.47 53.76 53.46 54.74 54.45 55.73 55.44 56.72 56.44 57.71 57.43 76.84 78.01 76.03 77.2 75.21 76.4 74.4 75.6 117.24 119.22 77.39 78.49 31.89 30.41 58.69 59.2 75.0 75.03 2.0 0.0 99.76 101.53 91.26 90.14 86.13 86.68 66.48 66.75 148.25 150.08 63.29 65.28 82.46 83.74 85.16 85.51 102.65 104.14 40.01 40.11 82.86 83.67 50.09 48.3 130.74 129.77 39.12 39.01 36.24 38.01 31.78 32.65 45.18 47.17 117.66 118.73 142.02 142.27 30.89 29.97 146.28 148.27 65.49 63.51 101.6 
55.17 56.57 54.45 55.87 53.74 55.17 53.04 54.49 52.35 53.81 51.66 53.15 50.99 52.5 50.33 51.86 49.68 51.22 49.04 50.61 46.82 44.94 46.49 44.6 46.17 44.27 45.88 43.97 69.86 70.68 121.08 120.33 70.84 71.51 74.67 72.69 92.35 90.44 98.84 99.76 0.0 2.0 13.93 13.34 70.18 72.17 138.45 137.31 49.48 51.42 48.02 47.01 116.69 116.09 61.13 63.13 25.06 24.17 87.28 85.29 62.18 60.42 66.03 66.12 31.06 30.02 91.35 89.36 85.04 83.74 84.15 85.59 130.11 131.53 109.66 111.65 83.1 84.65 68.88 69.84 69.34 71.02 82.0 81.58 59.44 
56.64 58.0 55.9 57.28 55.17 56.57 54.45 55.87 53.74 55.17 53.04 54.49 52.35 53.81 51.66 53.15 50.99 52.5 50.33 51.86 48.7 46.82 48.38 46.49 48.08 46.17 47.8 45.88 69.08 69.86 121.85 121.08 72.73 73.39 76.66 74.67 94.25 92.35 100.62 101.53 2.0 0.0 15.81 15.3 70.35 72.34 139.62 138.45 47.54 49.48 49.09 48.02 117.32 116.69 61.29 63.29 26.08 25.06 89.27 87.28 63.95 62.18 68.03 68.12 29.41 28.3 93.34 91.35 86.37 85.04 85.56 86.98 131.53 132.94 109.46 111.45 81.84 83.41 70.66 71.59 67.68 69.34 83.95 83.55 59.03 
50.77 52.48 50.25 51.97 49.74 51.48 49.24 51.0 48.76 50.54 48.3 50.09 47.85 49.66 47.42 49.24 47.01 48.85 46.62 48.47 32.89 31.02 32.57 30.68 32.28 30.36 32.02 30.08 80.26 81.3 121.56 121.04 60.83 61.77 61.2 59.21 78.45 76.54 90.14 91.26 13.93 15.81 0.0 2.0 75.43 77.41 135.69 134.72 61.4 63.39 47.54 47.07 118.26 117.89 66.61 68.59 17.03 17.26 74.97 72.99 48.37 46.65 53.46 53.76 40.8 40.26 79.08 77.1 81.3 80.26 79.63 81.27 125.1 126.66 116.71 118.66 95.48 96.94 60.61 61.85 83.01 84.72 68.25 67.9 68.15 
49.09 50.77 48.55 50.25 48.02 49.74 47.51 49.24 47.01 48.76 46.53 48.3 46.07 47.85 45.62 47.42 45.19 47.01 44.78 46.62 33.62 31.78 33.24 31.38 32.89 31.02 32.57 30.68 78.55 79.61 119.64 119.1 59.93 60.83 61.4 59.41 79.06 77.16 89.04 90.14 13.34 15.3 2.0 0.0 73.44 75.43 133.96 132.97 61.66 63.64 45.61 45.12 116.3 115.92 64.63 66.61 19.03 19.24 74.67 72.69 49.4 47.71 53.24 53.46 41.44 40.8 78.77 76.79 79.61 78.55 78.01 79.63 123.56 125.1 114.76 116.71 94.05 95.48 59.41 60.61 81.99 83.73 68.66 68.25 66.31 
47.42 46.1 46.69 45.34 45.97 44.6 45.25 43.86 44.55 43.14 43.86 42.43 43.19 41.73 42.52 41.04 41.87 40.36 41.23 39.7 94.43 93.62 93.52 92.7 92.61 91.79 91.71 90.87 33.54 35.51 58.69 57.31 77.8 76.61 105.65 104.35 128.43 127.14 86.68 86.13 70.18 70.35 75.43 73.44 0.0 2.0 86.45 84.72 97.64 98.74 35.23 34.13 51.4 50.22 9.06 7.07 92.27 92.14 103.41 101.83 110.91 110.02 91.35 89.87 92.36 90.48 106.02 104.4 51.35 49.37 54.92 54.59 89.74 90.25 42.54 44.38 58.31 58.14 67.68 66.57 70.66 72.45 115.62 114.11 21.63 
48.8 47.42 48.08 46.69 47.38 45.97 46.69 45.25 46.01 44.55 45.34 43.86 44.69 43.19 44.05 42.52 43.42 41.87 42.8 41.23 96.25 95.46 95.34 94.54 94.43 93.62 93.52 92.7 33.96 35.9 57.28 55.87 79.03 77.8 107.17 105.89 129.96 128.69 87.28 86.68 72.17 72.34 77.41 75.43 2.0 0.0 85.48 83.73 99.32 100.4 36.89 35.85 49.82 48.6 11.05 9.06 94.26 94.13 104.64 103.08 112.7 111.83 92.85 91.35 94.24 92.36 107.2 105.6 51.62 49.65 55.32 54.92 89.27 89.74 40.72 42.54 58.55 58.31 68.82 67.68 71.59 73.36 117.15 115.62 22.8 
85.0 83.24 85.48 83.73 85.96 84.22 86.45 84.72 86.95 85.23 87.46 85.76 87.98 86.28 88.51 86.82 89.04 87.37 89.59 87.92 133.93 134.48 132.97 133.52 132.0 132.56 131.04 131.61 118.6 120.42 34.01 36.01 90.93 88.96 123.15 123.26 141.23 141.13 68.47 66.48 138.45 139.62 135.69 133.96 86.45 85.48 0.0 2.0 178.91 180.35 90.6 91.83 44.05 46.04 92.09 90.97 151.16 152.07 106.23 106.12 144.18 144.54 111.88 109.9 167.74 166.19 105.57 105.39 54.56 55.47 57.01 55.15 24.19 22.47 92.09 92.02 141.74 141.06 83.2 81.25 157.06 158.82 131.0 129.0 108.05 
84.08 82.3 84.53 82.76 85.0 83.24 85.48 83.73 85.96 84.22 86.45 84.72 86.95 85.23 87.46 85.76 87.98 86.28 88.51 86.82 133.41 133.93 132.44 132.97 131.47 132.0 130.51 131.04 116.78 118.6 32.02 34.01 90.67 88.68 123.07 123.15 141.35 141.23 68.73 66.75 137.31 138.45 134.72 132.97 84.72 83.73 2.0 0.0 177.49 178.91 89.4 90.6 42.05 44.05 90.44 89.31 150.27 151.16 106.38 106.23 143.85 144.18 111.65 109.66 166.48 164.92 105.8 105.57 53.71 54.56 56.3 54.42 25.24 23.6 90.09 90.02 139.86 139.18 82.76 80.81 155.31 157.06 131.02 129.02 106.33 
101.21 102.22 100.34 101.36 99.48 100.5 98.62 99.64 97.75 98.79 96.9 97.94 96.04 97.1 95.19 96.25 94.34 95.41 93.49 94.58 92.09 90.09 92.05 90.05 92.02 90.02 92.01 90.01 78.59 78.1 155.6 154.4 120.21 120.81 122.02 120.02 136.94 134.95 147.46 148.25 49.48 47.54 61.4 61.66 97.64 99.32 178.91 177.49 0.0 2.0 90.21 88.6 148.95 147.83 89.63 91.26 60.83 58.86 136.33 134.35 104.39 102.42 114.86 115.12 22.56 22.2 140.43 138.45 128.81 127.2 128.97 130.1 174.4 175.6 126.24 128.16 76.16 78.16 117.55 118.31 50.99 51.42 128.14 128.06 78.26 
102.96 103.94 102.08 103.08 101.21 102.22 100.34 101.36 99.48 100.5 98.62 99.64 97.75 98.79 96.9 97.94 96.04 97.1 95.19 96.25 94.09 92.09 94.05 92.05 94.02 92.02 94.01 92.01 79.12 78.59 156.82 155.6 122.12 122.71 124.02 122.02 138.92 136.94 149.31 150.08 51.42 49.48 63.39 63.64 98.74 100.4 180.35 178.91 2.0 0.0 91.84 90.21 150.08 148.95 90.8 92.42 62.8 60.83 138.31 136.33 106.37 104.39 116.84 117.1 24.52 24.19 142.41 140.43 130.43 128.81 130.63 131.75 176.01 177.2 126.83 128.74 76.06 78.06 119.4 120.15 50.64 50.99 130.14 130.06 79.18 
15.3 15.03 14.32 14.04 13.34 13.04 12.37 12.04 11.4 11.05 10.44 10.05 9.49 9.06 8.54 8.06 7.62 7.07 6.71 6.08 60.08 59.48 59.14 58.52 58.19 57.57 57.25 56.61 57.78 59.62 74.04 73.5 45.69 44.94 70.72 69.35 93.43 92.1 63.13 63.29 48.02 49.09 47.54 45.61 35.23 36.89 90.6 89.4 90.21 91.84 0.0 2.0 70.86 70.58 29.0 30.41 64.33 64.76 70.71 68.96 76.16 75.39 56.59 55.23 77.23 75.74 73.79 72.01 38.6 37.01 38.95 39.96 84.2 85.43 77.41 79.18 81.32 81.91 37.11 36.67 83.05 85.05 80.66 79.21 41.63 
17.26 17.03 16.28 16.03 15.3 15.03 14.32 14.04 13.34 13.04 12.37 12.04 11.4 11.05 10.44 10.05 9.49 9.06 8.54 8.06 60.75 60.08 59.81 59.14 58.87 58.19 57.94 57.25 55.95 57.78 74.63 74.04 47.54 46.82 72.12 70.72 94.79 93.43 65.12 65.28 47.01 48.02 47.07 45.12 34.13 35.85 91.83 90.6 88.6 90.21 2.0 0.0 71.2 70.86 27.59 29.07 63.95 64.33 72.47 70.71 76.97 76.16 58.05 56.73 75.93 74.41 75.58 73.79 40.22 38.6 40.71 41.68 85.8 87.01 76.48 78.26 79.4 80.01 39.05 38.64 81.06 83.05 82.04 80.61 39.81 
73.11 71.11 73.06 71.06 73.03 71.03 73.01 71.01 73.0 71.0 73.01 71.01 73.03 71.03 73.06 71.06 73.11 71.11 73.17 71.18 127.25 127.14 126.25 126.14 125.26 125.14 124.26 124.15 79.4 81.02 10.05 8.06 93.3 91.42 126.83 126.24 148.41 147.72 84.02 82.46 116.69 117.32 118.26 116.3 51.4 49.82 44.05 42.05 148.95 150.08 70.86 71.2 0.0 2.0 59.36 57.69 135.15 135.52 115.83 114.97 141.28 141.03 113.05 111.13 142.23 140.43 116.76 115.84 51.08 50.33 55.95 54.13 59.14 58.52 48.04 48.0 100.65 99.73 82.86 80.96 119.02 120.6 136.3 134.41 72.18 
73.25 71.25 73.17 71.18 73.11 71.11 73.06 71.06 73.03 71.03 73.01 71.01 73.0 71.0 73.01 71.01 73.03 71.03 73.06 71.06 127.39 127.25 126.4 126.25 125.4 125.26 124.4 124.26 77.8 79.4 12.04 10.05 93.98 92.11 127.44 126.83 149.12 148.41 85.28 83.74 116.09 116.69 117.89 115.92 50.22 48.6 46.04 44.05 147.83 148.95 70.58 70.86 2.0 0.0 58.31 56.6 134.81 135.15 116.73 115.83 141.57 141.28 113.6 111.68 141.36 139.56 117.72 116.76 51.89 51.08 56.8 55.01 61.03 60.44 46.04 46.0 98.88 97.95 83.49 81.6 117.44 119.02 136.96 135.07 70.84 
42.72 41.68 41.88 40.82 41.05 39.96 40.22 39.12 39.41 38.28 38.6 37.44 37.8 36.62 37.01 35.81 36.24 35.0 35.47 34.21 86.77 85.87 85.88 84.97 85.0 84.08 84.12 83.19 32.14 34.13 66.07 64.82 73.57 72.56 99.7 98.31 122.38 121.02 85.51 85.16 61.13 61.29 66.61 64.63 9.06 11.05 92.09 90.44 89.63 90.8 29.0 27.59 59.36 58.31 0.0 2.0 83.38 83.22 99.02 97.35 103.45 102.47 85.59 84.22 83.57 81.71 101.87 100.17 52.09 50.09 55.01 55.01 93.3 93.98 50.6 52.5 57.08 57.22 63.95 63.07 66.13 68.01 109.62 108.19 17.26 
43.83 42.72 43.01 41.88 42.2 41.05 41.4 40.22 40.61 39.41 39.82 38.6 39.05 37.8 38.29 37.01 37.54 36.24 36.8 35.47 88.55 87.66 87.66 86.76 86.77 85.87 85.88 84.97 32.02 34.01 64.54 63.25 74.63 73.57 101.14 99.76 123.84 122.49 85.91 85.51 63.13 63.29 68.59 66.61 7.07 9.06 90.97 89.31 91.26 92.42 30.41 29.07 57.69 56.6 2.0 0.0 85.38 85.21 100.12 98.47 105.19 104.24 86.98 85.59 85.44 83.57 102.93 101.24 52.01 50.01 55.08 55.01 92.66 93.3 48.7 50.6 57.01 57.08 64.88 63.95 66.85 68.71 111.07 109.62 17.72 
66.21 68.03 65.8 67.62 65.39 67.23 65.0 66.85 64.62 66.48 64.26 66.13 63.91 65.79 63.57 65.46 63.25 65.15 62.94 64.85 32.56 30.59 32.76 30.81 32.98 31.05 33.24 31.32 94.85 95.71 138.25 137.77 71.06 72.35 63.15 61.19 76.24 74.24 101.32 102.65 25.06 26.08 17.03 19.03 92.27 94.26 151.16 150.27 60.83 62.8 64.33 63.95 135.15 134.81 83.38 85.38 0.0 2.0 80.41 78.55 43.57 41.59 59.09 59.93 38.33 38.64 84.5 82.64 96.6 95.71 94.51 96.25 139.27 140.91 133.18 135.15 107.8 109.4 72.92 74.41 92.2 93.72 68.12 68.26 83.82 
67.08 68.88 66.64 68.45 66.21 68.03 65.8 67.62 65.39 67.23 65.0 66.85 64.62 66.48 64.26 66.13 63.91 65.79 63.57 65.46 34.53 32.56 34.71 32.76 34.93 32.98 35.17 33.24 94.02 94.85 138.75 138.25 72.62 73.88 65.12 63.15 78.23 76.24 102.83 104.14 24.17 25.06 17.26 19.24 92.14 94.13 152.07 151.16 58.86 60.83 64.76 64.33 135.52 135.15 83.22 85.21 2.0 0.0 82.28 80.41 45.54 43.57 60.93 61.74 36.35 36.67 86.38 84.5 97.53 96.6 95.52 97.25 140.43 142.06 132.83 134.81 106.61 108.23 74.28 75.74 90.69 92.2 70.11 70.26 83.24 
56.3 57.43 57.14 58.25 57.98 59.08 58.83 59.91 59.68 60.75 60.54 61.59 61.4 62.43 62.27 63.29 63.13 64.14 64.01 65.0 48.76 50.54 48.3 50.09 47.85 49.66 47.42 49.24 128.35 130.15 112.72 113.46 25.61 26.91 21.4 22.67 35.01 35.01 38.01 40.01 87.28 89.27 74.97 74.67 103.41 104.64 106.23 106.38 136.33 138.31 70.71 72.47 115.83 116.73 99.02 100.12 80.41 82.28 0.0 2.0 48.17 49.52 21.59 21.21 115.52 115.12 4.12 2.24 64.88 65.86 59.94 61.72 85.15 87.14 142.14 143.59 151.16 151.92 36.07 37.48 148.28 150.23 25.96 24.04 112.25 
54.64 55.8 55.47 56.61 56.3 57.43 57.14 58.25 57.98 59.08 58.83 59.91 59.68 60.75 60.54 61.59 61.4 62.43 62.27 63.29 47.01 48.76 46.53 48.3 46.07 47.85 45.62 47.42 126.56 128.35 112.01 112.72 24.08 25.46 20.25 21.4 35.13 35.01 38.12 40.11 85.29 87.28 72.99 72.69 101.83 103.08 106.12 106.23 134.35 136.33 68.96 70.71 114.97 115.83 97.35 98.47 78.55 80.41 2.0 0.0 46.86 48.17 19.65 19.24 113.56 113.16 6.08 4.12 63.95 64.88 59.03 60.84 85.29 87.28 140.76 142.21 149.31 150.08 34.66 36.12 146.32 148.28 25.5 23.54 110.48 
68.66 70.61 68.88 70.83 69.12 71.06 69.38 71.31 69.64 71.57 69.92 71.84 70.21 72.12 70.52 72.42 70.84 72.73 71.17 73.05 17.03 18.38 17.8 19.1 18.6 19.85 19.42 20.62 124.65 125.99 141.29 141.43 53.37 55.32 26.87 25.5 33.02 31.02 81.02 82.86 62.18 63.95 48.37 49.4 110.91 112.7 144.18 143.85 104.39 106.37 76.16 76.97 141.28 141.57 103.45 105.19 43.57 45.54 48.17 46.86 0.0 2.0 32.89 34.79 81.88 82.2 51.62 50.25 93.01 93.01 89.09 91.09 126.53 128.44 153.4 155.21 142.52 143.84 61.29 63.29 131.37 133.09 27.31 28.18 110.42 
68.25 70.21 68.45 70.41 68.66 70.61 68.88 70.83 69.12 71.06 69.38 71.31 69.64 71.57 69.92 71.84 70.21 72.12 70.52 72.42 15.81 17.03 16.64 17.8 17.49 18.6 18.36 19.42 123.33 124.65 141.17 141.29 53.85 55.79 28.32 26.87 35.01 33.02 81.86 83.67 60.42 62.18 46.65 47.71 110.02 111.83 144.54 144.18 102.42 104.39 75.39 76.16 141.03 141.28 102.47 104.24 41.59 43.57 49.52 48.17 2.0 0.0 33.62 35.47 79.91 80.23 53.04 51.62 93.05 93.01 89.2 91.2 127.13 129.03 152.54 154.35 141.01 142.34 61.52 63.51 129.65 131.37 29.15 29.97 109.2 
44.41 46.04 45.0 46.62 45.61 47.2 46.23 47.8 46.86 48.41 47.51 49.04 48.17 49.68 48.84 50.33 49.52 50.99 50.21 51.66 28.43 30.0 27.8 29.41 27.2 28.84 26.63 28.3 112.61 114.28 111.8 112.18 21.02 23.02 14.42 13.42 37.2 36.06 48.3 50.09 66.03 68.03 53.46 53.24 91.35 92.85 111.88 111.65 114.86 116.84 56.59 58.05 113.05 113.6 85.59 86.98 59.09 60.93 21.59 19.65 32.89 33.62 0.0 2.0 93.94 93.56 25.71 23.77 62.8 63.15 58.42 60.41 93.68 95.6 132.41 134.03 134.18 135.12 30.41 32.39 129.12 131.04 24.41 22.8 96.83 
42.8 44.41 43.42 45.0 44.05 45.61 44.69 46.23 45.34 46.86 46.01 47.51 46.69 48.17 47.38 48.84 48.08 49.52 48.8 50.21 29.73 31.24 29.07 30.61 28.43 30.0 27.8 29.41 111.52 113.21 109.84 110.22 19.03 21.02 16.12 15.23 38.83 37.74 46.53 48.3 66.12 68.12 53.76 53.46 89.87 91.35 109.9 109.66 115.12 117.1 55.23 56.73 111.13 111.68 84.22 85.59 59.93 61.74 21.21 19.24 34.79 35.47 2.0 0.0 94.37 93.94 25.32 23.35 60.83 61.19 56.44 58.42 91.76 93.68 130.8 132.41 133.27 134.18 28.44 30.41 128.58 130.51 26.08 24.41 95.69 
85.91 87.21 85.15 86.45 84.39 85.7 83.63 84.96 82.88 84.22 82.13 83.49 81.39 82.76 80.66 82.04 79.93 81.32 79.21 80.61 70.01 68.01 70.03 68.03 70.06 68.07 70.11 68.12 81.02 81.1 147.73 146.77 101.24 102.04 100.24 98.25 114.53 112.54 129.77 130.74 31.06 29.41 40.8 41.44 92.36 94.24 167.74 166.48 22.56 24.52 77.23 75.93 142.23 141.36 83.57 85.44 38.33 36.35 115.52 113.56 81.88 79.91 93.94 94.37 0.0 2.0 119.64 117.69 115.26 113.85 114.69 116.04 160.64 162.0 126.78 128.76 85.38 87.28 99.85 100.85 63.63 64.66 106.0 106.0 76.12 
84.65 85.91 83.87 85.15 83.1 84.39 82.33 83.63 81.57 82.88 80.81 82.13 80.06 81.39 79.31 80.66 78.57 79.93 77.83 79.21 70.01 68.01 70.0 68.0 70.01 68.01 70.03 68.03 79.03 79.1 145.99 145.01 100.46 101.24 100.12 98.13 114.74 112.75 128.83 129.77 30.02 28.3 40.26 40.8 90.48 92.36 166.19 164.92 22.2 24.19 75.74 74.41 140.43 139.56 81.71 83.57 38.64 36.67 115.12 113.16 82.2 80.23 93.56 93.94 2.0 0.0 119.24 117.28 113.86 112.43 113.36 114.69 159.29 160.64 124.79 126.78 83.49 85.38 98.88 99.85 61.91 62.97 106.04 106.0 74.15 
59.17 60.21 60.03 61.06 60.9 61.91 61.77 62.77 62.65 63.63 63.53 64.5 64.41 65.37 65.3 66.24 66.19 67.12 67.08 68.0 52.77 54.56 52.33 54.13 51.89 53.71 51.48 53.31 131.52 133.33 113.32 114.13 28.3 29.41 24.76 26.17 36.12 36.35 37.12 39.12 91.35 93.34 79.08 78.77 106.02 107.2 105.57 105.8 140.43 142.41 73.79 75.58 116.76 117.72 101.87 102.93 84.5 86.38 4.12 6.08 51.62 53.04 25.71 25.32 119.64 119.24 0.0 2.0 66.04 67.12 61.06 62.77 84.01 86.01 144.26 145.66 154.51 155.24 38.42 39.7 151.99 153.95 28.23 26.4 115.39 
57.45 58.52 58.31 59.36 59.17 60.21 60.03 61.06 60.9 61.91 61.77 62.77 62.65 63.63 63.53 64.5 64.41 65.37 65.3 66.24 51.0 52.77 50.54 52.33 50.09 51.89 49.66 51.48 129.71 131.52 112.54 113.32 26.63 27.8 23.43 24.76 36.01 36.12 37.01 39.01 89.36 91.35 77.1 76.79 104.4 105.6 105.39 105.57 138.45 140.43 72.01 73.79 115.84 116.76 100.17 101.24 82.64 84.5 2.24 4.12 50.25 51.62 23.77 23.35 117.69 117.28 2.0 0.0 65.0 66.04 60.03 61.77 84.05 86.05 142.84 144.26 152.64 153.39 36.88 38.21 150.03 151.99 27.51 25.63 113.6 
30.53 28.84 31.06 29.41 31.62 30.0 32.2 30.61 32.8 31.24 33.42 31.89 34.06 32.56 34.71 33.24 35.38 33.94 36.07 34.66 80.89 81.22 79.91 80.23 78.92 79.25 77.93 78.26 84.0 86.0 49.03 49.48 42.45 40.52 76.16 75.71 97.41 96.77 37.22 36.24 85.04 86.37 81.3 79.61 51.35 51.62 54.56 53.71 128.81 130.43 38.6 40.22 51.08 51.89 52.09 52.01 96.6 97.53 64.88 63.95 93.01 93.05 62.8 60.83 115.26 113.86 66.04 65.0 0.0 2.0 5.0 3.61 45.61 46.86 81.54 82.66 109.0 109.02 32.39 30.41 116.93 118.88 85.44 83.52 69.26 
29.53 27.78 30.02 28.3 30.53 28.84 31.06 29.41 31.62 30.0 32.2 30.61 32.8 31.24 33.42 31.89 34.06 32.56 34.71 33.24 80.62 80.89 79.63 79.91 78.64 78.92 77.65 77.93 82.0 84.0 48.66 49.03 43.01 41.11 76.66 76.16 98.08 97.41 38.95 38.01 83.74 85.04 80.26 78.55 49.37 49.65 55.47 54.56 127.2 128.81 37.01 38.6 50.33 51.08 50.09 50.01 95.71 96.6 65.86 64.88 93.01 93.01 63.15 61.19 113.85 112.43 67.12 66.04 2.0 0.0 6.4 5.39 47.2 48.41 79.88 81.02 107.0 107.02 32.76 30.81 114.98 116.93 86.02 84.12 67.27 
29.07 27.59 29.73 28.28 30.41 29.0 31.11 29.73 31.83 30.48 32.56 31.24 33.3 32.02 34.06 32.8 34.83 33.6 35.61 34.41 77.47 77.88 76.49 76.9 75.5 75.93 74.53 74.95 87.09 89.09 53.6 54.12 37.85 35.9 71.59 71.2 92.66 92.05 32.65 31.78 84.15 85.56 79.63 78.01 54.92 55.32 57.01 56.3 128.97 130.63 38.95 40.71 55.95 56.8 55.01 55.08 94.51 95.52 59.94 59.03 89.09 89.2 58.42 56.44 114.69 113.36 61.06 60.03 5.0 6.4 0.0 2.0 45.97 47.38 86.27 87.42 112.07 112.16 28.07 26.08 119.05 121.02 80.78 78.85 72.03 
30.61 29.07 31.24 29.73 31.89 30.41 32.56 31.11 33.24 31.83 33.94 32.56 34.66 33.3 35.38 34.06 36.12 34.83 36.88 35.61 79.43 79.83 78.45 78.85 77.47 77.88 76.49 76.9 87.02 89.02 51.66 52.2 39.81 37.85 73.55 73.16 94.56 93.96 33.62 32.65 85.59 86.98 81.27 79.63 54.59 54.92 55.15 54.42 130.1 131.75 39.96 41.68 54.13 55.01 55.01 55.01 96.25 97.25 61.72 60.84 91.09 91.2 60.41 58.42 116.04 114.69 62.77 61.77 3.61 5.39 2.0 0.0 44.6 45.97 85.15 86.27 112.02 112.07 30.07 28.07 119.44 121.4 82.71 80.78 72.11 
74.97 73.54 75.66 74.25 76.37 74.97 77.08 75.69 77.79 76.42 78.52 77.16 79.25 77.9 79.98 78.64 80.72 79.4 81.47 80.16 118.19 119.01 117.27 118.11 116.36 117.2 115.45 116.3 123.22 125.17 50.16 52.0 73.39 71.51 103.58 103.94 120.07 120.15 47.17 45.18 130.11 131.53 125.1 123.56 89.74 89.27 24.19 25.24 174.4 176.01 84.2 85.8 59.14 61.03 93.3 92.66 139.27 140.43 85.15 85.29 126.53 127.13 93.68 91.76 160.64 159.29 84.01 84.05 45.61 47.2 45.97 44.6 0.0 2.0 105.38 105.72 147.68 147.31 67.54 65.76 159.42 161.31 110.65 108.66 110.37 
76.42 74.97 77.1 75.66 77.79 76.37 78.49 77.08 79.2 77.79 79.91 78.52 80.62 79.25 81.34 79.98 82.07 80.72 82.81 81.47 120.02 120.83 119.1 119.92 118.19 119.01 117.27 118.11 123.69 125.63 49.4 51.26 75.27 73.39 105.55 105.91 122.07 122.15 49.16 47.17 131.53 132.94 126.66 125.1 90.25 89.74 22.47 23.6 175.6 177.2 85.43 87.01 58.52 60.44 93.98 93.3 140.91 142.06 87.14 87.28 128.44 129.03 95.6 93.68 162.0 160.64 86.01 86.05 46.86 48.41 47.38 45.97 2.0 0.0 105.08 105.38 148.07 147.68 69.32 67.54 160.11 161.99 112.64 110.65 111.0 
88.01 86.4 87.42 85.8 86.84 85.21 86.27 84.63 85.7 84.05 85.15 83.49 84.6 82.93 84.06 82.38 83.53 81.84 83.01 81.3 136.97 136.17 136.06 135.25 135.15 134.33 134.24 133.42 47.76 48.47 58.08 56.08 116.78 115.31 146.82 145.66 169.61 168.44 118.73 117.66 109.66 109.46 116.71 114.76 42.54 40.72 92.09 90.09 126.24 126.83 77.41 76.48 48.04 46.04 50.6 48.7 133.18 132.83 142.14 140.76 153.4 152.54 132.41 130.8 126.78 124.79 144.26 142.84 81.54 79.88 86.27 85.15 105.38 105.08 0.0 2.0 60.88 59.41 106.1 104.66 84.6 85.7 156.82 155.21 51.01 
89.63 88.01 89.05 87.42 88.48 86.84 87.92 86.27 87.37 85.7 86.82 85.15 86.28 84.6 85.76 84.06 85.23 83.53 84.72 83.01 138.8 138.0 137.88 137.08 136.97 136.17 136.06 135.25 49.65 50.33 58.01 56.01 118.26 116.78 148.45 147.3 171.23 170.07 119.82 118.73 111.65 111.45 118.66 116.71 44.38 42.54 92.02 90.02 128.16 128.74 79.18 78.26 48.0 46.0 52.5 50.6 135.15 134.81 143.59 142.21 155.21 154.35 134.03 132.41 128.76 126.78 145.66 144.26 82.66 81.02 87.42 86.27 105.72 105.38 2.0 0.0 62.37 60.88 107.56 106.1 86.28 87.37 158.45 156.82 53.01 
96.57 96.05 95.6 95.08 94.64 94.11 93.68 93.15 92.72 92.18 91.76 91.21 90.8 90.25 89.84 89.29 88.89 88.32 87.93 87.36 125.73 124.2 125.1 123.56 124.47 122.92 123.85 122.29 25.0 23.0 110.02 108.23 126.81 126.18 146.99 145.26 168.36 166.69 142.27 142.02 83.1 81.84 95.48 94.05 58.31 58.55 141.74 139.86 76.16 76.06 81.32 79.4 100.65 98.88 57.08 57.01 107.8 106.61 151.16 149.31 142.52 141.01 134.18 133.27 85.38 83.49 154.51 152.64 109.0 107.0 112.07 112.02 147.68 148.07 60.88 62.37 0.0 2.0 118.41 117.88 26.48 26.93 156.25 155.21 40.45 
97.12 96.57 96.17 95.6 95.21 94.64 94.25 93.68 93.3 92.72 92.35 91.76 91.39 90.8 90.44 89.84 89.49 88.89 88.54 87.93 127.02 125.5 126.37 124.84 125.73 124.2 125.1 123.56 25.08 23.09 109.17 107.35 127.47 126.81 148.0 146.29 169.46 167.8 142.56 142.27 84.65 83.41 96.94 95.48 58.14 58.31 141.06 139.18 78.16 78.06 81.91 80.01 99.73 97.95 57.22 57.08 109.4 108.23 151.92 150.08 143.84 142.34 135.12 134.18 87.28 85.38 155.24 153.39 109.02 107.02 112.16 112.07 147.31 147.68 59.41 60.88 2.0 0.0 118.96 118.41 28.44 28.86 157.31 156.25 40.79 
21.84 22.47 22.8 23.41 23.77 24.35 24.74 25.3 25.71 26.25 26.68 27.2 27.66 28.16 28.64 29.12 29.61 30.08 30.59 31.05 50.92 51.62 49.98 50.7 49.04 49.77 48.1 48.85 94.58 96.46 81.39 81.79 10.82 9.22 43.97 43.42 65.8 65.0 29.97 30.89 68.88 70.66 60.61 59.41 67.68 68.82 83.2 82.76 117.55 119.4 37.11 39.05 82.86 83.49 63.95 64.88 72.92 74.28 36.07 34.66 61.29 61.52 30.41 28.44 99.85 98.88 38.42 36.88 32.39 32.76 28.07 30.07 67.54 69.32 106.1 107.56 118.41 118.96 0.0 2.0 119.15 121.15 53.49 51.62 78.43 
