70
0.0 2.0 1.0 2.24 2.0 2.83 66.49 64.54 66.29 64.33 32.2 30.61 44.91 42.95 11.18 11.0 44.78 42.95 32.31 31.62 59.82 58.6 40.26 39.81 31.78 31.02 72.95 71.87 40.02 38.08 72.01 70.24 33.24 31.26 62.64 62.1 48.37 46.39 69.97 68.26 44.64 44.15 63.95 63.07 24.7 23.71 39.12 39.01 33.02 31.91 20.62 19.42 60.42 59.48 46.53 45.62 48.26 47.17 26.91 25.46 66.85 66.13 52.0 52.04 45.04 45.0 29.02 27.02 9.85 9.22 
2.0 0.0 2.24 1.0 2.83 2.0 68.45 66.49 68.25 66.29 33.84 32.2 46.87 44.91 11.7 11.18 45.62 43.83 34.18 33.53 61.4 60.22 42.2 41.77 33.62 32.89 74.63 73.57 40.52 38.6 73.79 72.01 33.06 31.06 64.56 64.03 50.36 48.37 71.69 69.97 46.57 46.1 65.74 64.88 26.42 25.5 41.11 41.01 34.67 33.62 22.2 21.1 62.18 61.27 47.51 46.53 49.41 48.26 28.43 26.91 68.71 68.01 54.0 54.04 47.04 47.0 29.15 27.17 10.82 9.85 
1.0 2.24 0.0 2.0 1.0 2.24 66.71 64.76 66.49 64.54 32.8 31.24 45.12 43.17 12.17 12.0 45.69 43.86 32.7 31.95 60.44 59.2 40.52 40.02 32.2 31.38 73.5 72.4 41.0 39.05 72.47 70.71 34.23 32.25 62.94 62.36 48.51 46.53 70.49 68.8 44.92 44.38 64.41 63.51 25.24 24.19 39.2 39.05 33.6 32.45 21.26 20.0 60.9 59.94 47.41 46.52 49.09 48.02 27.59 26.17 67.23 66.48 52.01 52.01 45.1 45.01 30.02 28.02 10.77 10.2 
2.24 1.0 2.0 0.0 2.24 1.0 68.66 66.71 68.45 66.49 34.41 32.8 47.07 45.12 12.65 12.17 46.52 44.72 34.54 33.84 62.01 60.8 42.45 41.98 34.01 33.24 75.17 74.09 41.48 39.56 74.24 72.47 34.06 32.06 64.85 64.29 50.49 48.51 72.2 70.49 46.84 46.32 66.19 65.31 26.93 25.94 41.19 41.05 35.23 34.13 22.8 21.63 62.65 61.72 48.37 47.41 50.22 49.09 29.07 27.59 69.08 68.35 54.01 54.01 47.1 47.01 30.15 28.16 11.66 10.77 
2.0 2.83 1.0 2.24 0.0 2.0 66.94 65.0 66.71 64.76 33.42 31.89 45.35 43.42 13.15 13.0 46.62 44.78 33.11 32.31 61.07 59.82 40.8 40.26 32.65 31.78 74.06 72.95 41.98 40.02 72.95 71.2 35.23 33.24 63.25 62.64 48.66 46.69 71.02 69.34 45.22 44.64 64.88 63.95 25.81 24.7 39.32 39.12 34.21 33.02 21.93 20.62 61.4 60.42 48.3 47.42 49.93 48.88 28.28 26.91 67.62 66.85 52.04 52.0 45.18 45.04 31.02 29.02 11.7 11.18 
2.83 2.0 2.24 1.0 2.0 0.0 68.88 66.94 68.66 66.71 35.0 33.42 47.3 45.35 13.6 13.15 47.42 45.62 34.93 34.18 62.63 61.4 42.72 42.2 34.44 33.62 75.72 74.63 42.45 40.52 74.71 72.95 35.06 33.06 65.15 64.56 50.64 48.66 72.72 71.02 47.13 46.57 66.65 65.74 27.46 26.42 41.3 41.11 35.81 34.67 23.43 22.2 63.13 62.18 49.24 48.3 51.04 49.93 29.73 28.28 69.46 68.71 54.04 54.0 47.17 47.04 31.14 29.15 12.53 11.7 
66.49 68.45 66.71 68.66 66.94 68.88 0.0 2.0 1.0 2.24 39.32 41.3 21.59 23.54 63.07 65.07 54.2 53.24 35.06 35.23 29.21 27.66 26.31 26.68 36.01 36.12 26.31 24.33 61.33 60.54 19.03 19.24 71.57 71.06 6.4 5.39 18.79 20.62 22.56 23.09 22.09 22.36 17.0 15.26 44.01 44.1 28.23 29.07 38.33 38.12 49.01 49.09 19.21 17.69 50.77 52.48 46.04 47.71 45.18 47.17 11.4 9.49 19.1 20.62 23.32 24.41 65.73 65.31 61.2 63.2 
64.54 66.49 64.76 66.71 65.0 66.94 2.0 0.0 2.24 1.0 37.34 39.32 19.65 21.59 61.07 63.07 52.48 51.48 33.06 33.24 28.02 26.4 24.33 24.74 34.01 34.13 26.08 24.08 59.51 58.69 19.03 19.03 69.64 69.12 5.0 3.61 17.0 18.79 22.2 22.56 20.1 20.4 16.16 14.32 42.01 42.11 26.4 27.29 36.35 36.12 47.01 47.1 18.03 16.4 49.09 50.77 44.41 46.04 43.19 45.18 11.05 9.06 17.8 19.42 21.63 22.8 63.79 63.35 59.21 61.2 
66.29 68.25 66.49 68.45 66.71 68.66 1.0 2.24 0.0 2.0 39.46 41.44 21.38 23.35 63.03 65.03 54.71 53.71 35.01 35.13 30.0 28.43 26.17 26.48 36.0 36.06 27.29 25.32 61.74 60.93 20.02 20.22 71.84 71.31 7.07 5.83 18.38 20.25 23.54 24.04 22.02 22.2 17.89 16.12 44.0 44.05 27.86 28.64 38.47 38.21 49.0 49.04 20.0 18.44 51.31 53.0 46.62 48.26 45.28 47.27 12.37 10.44 18.38 19.85 22.83 23.85 65.97 65.51 61.13 63.13 
64.33 66.29 64.54 66.49 64.76 66.71 2.24 1.0 2.0 0.0 37.48 39.46 19.42 21.38 61.03 63.03 53.0 51.97 33.02 33.14 28.84 27.2 24.19 24.52 34.0 34.06 27.07 25.08 59.93 59.09 20.02 20.02 69.92 69.38 5.83 4.24 16.55 18.38 23.19 23.54 20.02 20.22 17.09 15.23 42.0 42.05 26.0 26.83 36.5 36.22 47.0 47.04 18.87 17.2 49.65 51.31 45.0 46.62 43.29 45.28 12.04 10.05 17.03 18.6 21.1 22.2 64.03 63.56 59.14 61.13 
32.2 33.84 32.8 34.41 33.42 35.0 39.32 37.34 39.46 37.48 0.0 2.0 20.59 18.87 25.3 27.2 23.41 21.54 8.06 9.85 27.66 26.4 15.81 17.03 6.71 8.54 40.82 39.82 26.25 24.76 40.5 38.63 33.11 32.31 34.01 34.13 25.55 23.85 38.01 36.24 18.38 19.24 32.57 32.02 7.81 9.43 20.62 22.2 1.0 2.24 11.66 12.81 28.79 28.16 22.36 22.8 21.02 21.02 6.08 8.06 36.5 36.22 32.2 33.42 25.5 26.87 26.93 26.25 24.17 26.0 
30.61 32.2 31.24 32.8 31.89 33.42 41.3 39.32 41.44 39.46 2.0 0.0 22.36 20.59 23.41 25.3 22.8 20.88 9.22 10.82 29.21 28.02 17.49 18.6 7.81 9.43 42.54 41.59 25.0 23.43 42.38 40.5 31.3 30.46 36.01 36.12 27.29 25.55 39.81 38.01 20.25 21.02 34.48 33.96 6.71 8.54 21.93 23.43 3.0 3.61 10.0 11.31 30.68 30.08 22.09 22.36 21.21 21.02 4.12 6.08 38.47 38.21 33.84 35.0 27.02 28.32 25.08 24.35 22.36 24.17 
44.91 46.87 45.12 47.07 45.35 47.3 21.59 19.65 21.38 19.42 20.59 22.36 0.0 2.0 42.05 44.05 41.23 39.7 14.32 14.04 28.16 26.17 5.1 5.1 15.52 15.13 35.36 33.62 46.1 44.82 31.24 30.0 53.67 52.8 18.36 17.46 5.0 3.61 31.38 30.41 3.16 1.41 23.85 22.2 23.35 23.09 7.81 9.43 19.72 18.79 28.28 28.07 21.93 20.12 38.83 40.0 35.36 36.36 25.63 27.51 24.08 22.8 12.04 13.6 7.07 9.06 47.42 46.62 40.0 42.0 
42.95 44.91 43.17 45.12 43.42 45.35 23.54 21.59 23.35 21.38 18.87 20.59 2.0 0.0 40.05 42.05 40.0 38.42 12.37 12.04 28.44 26.48 3.16 3.16 13.6 13.15 36.36 34.67 44.6 43.28 32.56 31.24 51.88 50.99 20.12 19.31 6.71 5.0 32.45 31.38 3.16 1.41 25.0 23.43 21.38 21.1 6.71 8.54 18.03 17.0 26.31 26.08 22.83 21.1 37.74 38.83 34.44 35.36 23.77 25.63 25.61 24.41 13.45 14.87 7.62 9.49 45.62 44.78 38.0 40.0 
11.18 11.7 12.17 12.65 13.15 13.6 63.07 61.07 63.03 61.03 25.3 23.41 42.05 40.05 0.0 2.0 34.0 32.25 28.02 28.02 51.97 51.0 37.01 37.12 27.07 27.0 65.74 64.88 28.86 26.93 65.79 63.91 22.8 20.88 58.42 58.22 46.27 44.28 63.16 61.33 41.01 41.01 57.87 57.28 19.1 19.0 37.85 38.33 26.25 25.71 14.14 14.0 54.08 53.45 36.06 34.99 38.29 37.01 19.31 17.46 61.61 61.19 51.2 51.66 43.93 44.38 18.03 16.03 2.83 2.0 
11.0 11.18 12.0 12.17 13.0 13.15 65.07 63.07 65.03 63.03 27.2 25.3 44.05 42.05 2.0 0.0 34.99 33.29 30.02 30.02 53.71 52.77 39.01 39.12 29.07 29.0 67.54 66.71 29.41 27.51 67.68 65.79 22.36 20.4 60.41 60.21 48.26 46.27 65.0 63.16 43.01 43.01 59.77 59.2 21.1 21.0 39.81 40.26 28.16 27.66 16.12 16.0 55.97 55.36 37.2 36.06 39.62 38.29 21.19 19.31 63.56 63.15 53.15 53.6 45.89 46.32 18.03 16.03 4.47 2.83 
44.78 45.62 45.69 46.52 46.62 47.42 54.2 52.48 54.71 53.0 23.41 22.8 41.23 40.0 34.0 34.99 0.0 2.0 31.38 33.24 29.27 29.61 37.44 39.12 30.08 31.95 43.01 43.1 9.22 9.85 46.69 44.72 23.41 24.17 47.89 48.88 46.1 44.82 42.3 40.31 38.29 39.82 40.8 41.44 28.16 30.15 43.42 45.18 23.77 25.63 28.07 30.07 37.0 37.7 4.0 2.0 9.06 7.07 23.09 23.0 46.82 47.54 53.26 54.82 47.43 49.09 20.81 22.02 34.93 35.78 
42.95 43.83 43.86 44.72 44.78 45.62 53.24 51.48 53.71 51.97 21.54 20.88 39.7 38.42 32.25 33.29 2.0 0.0 29.55 31.38 29.07 29.27 35.81 37.44 28.23 30.08 43.01 43.01 9.0 9.22 46.39 44.41 22.8 23.41 46.96 47.89 44.6 43.28 42.11 40.11 36.8 38.29 40.26 40.8 26.17 28.16 41.68 43.42 21.93 23.77 26.08 28.07 36.4 37.0 4.47 2.83 9.06 7.07 21.1 21.0 46.17 46.82 51.74 53.26 45.8 47.43 19.72 20.81 33.11 34.0 
32.31 34.18 32.7 34.54 33.11 34.93 35.06 33.06 35.01 33.02 8.06 9.22 14.32 12.37 28.02 30.02 31.38 29.55 0.0 2.0 30.23 28.6 9.22 9.85 1.41 1.41 41.77 40.46 34.21 32.65 39.96 38.28 39.96 38.95 30.59 30.27 18.97 17.09 38.42 36.88 13.0 13.15 31.91 30.89 9.06 9.06 12.73 14.21 7.62 5.83 14.04 14.04 28.6 27.46 30.08 30.68 28.16 28.44 11.66 13.42 34.54 33.84 25.06 26.08 18.03 19.21 33.62 32.65 26.17 28.16 
31.62 33.53 31.95 33.84 32.31 34.18 35.23 33.24 35.13 33.14 9.85 10.82 14.04 12.04 28.02 30.02 33.24 31.38 2.0 0.0 31.91 30.23 9.0 9.22 3.16 1.41 43.14 41.77 35.81 34.21 41.05 39.41 41.05 39.96 31.05 30.59 18.44 16.49 39.7 38.21 13.15 13.0 33.02 31.91 9.49 9.06 11.4 12.73 9.49 7.62 14.32 14.04 29.83 28.6 32.02 32.57 30.15 30.41 12.81 14.42 35.34 34.54 24.17 25.06 17.0 18.03 34.67 33.62 26.02 28.02 
59.82 61.4 60.44 62.01 61.07 62.63 29.21 28.02 30.0 28.84 27.66 29.21 28.16 28.44 51.97 53.71 29.27 29.07 30.23 31.91 0.0 2.0 28.16 30.08 30.0 31.62 14.32 14.04 38.05 38.0 17.46 15.52 51.16 51.35 23.02 24.7 31.02 31.02 13.04 11.05 25.32 27.29 12.81 14.14 35.38 36.77 34.93 36.88 26.91 28.28 39.2 40.46 10.0 11.66 25.32 27.29 20.22 22.2 33.02 34.67 19.21 20.52 37.34 39.32 35.06 37.05 46.69 47.07 51.31 53.0 
58.6 60.22 59.2 60.8 59.82 61.4 27.66 26.4 28.43 27.2 26.4 28.02 26.17 26.48 51.0 52.77 29.61 29.27 28.6 30.23 2.0 0.0 26.25 28.16 28.43 30.0 14.87 14.32 38.21 38.05 17.12 15.13 51.04 51.16 21.4 23.02 29.02 29.02 13.04 11.05 23.35 25.32 11.66 12.81 34.06 35.38 32.98 34.93 25.61 26.91 38.01 39.2 8.49 10.0 25.71 27.66 20.62 22.56 31.91 33.62 18.03 19.21 35.36 37.34 33.06 35.06 46.39 46.69 50.25 51.97 
40.26 42.2 40.52 42.45 40.8 42.72 26.31 24.33 26.17 24.19 15.81 17.49 5.1 3.16 37.01 39.01 37.44 35.81 9.22 9.0 28.16 26.25 0.0 2.0 10.44 10.05 37.2 35.61 41.73 40.36 33.97 32.53 48.76 47.85 22.47 21.84 9.85 8.06 33.42 32.2 4.47 4.0 26.17 24.76 18.25 18.03 7.0 9.0 15.0 13.89 23.19 23.02 23.6 22.02 35.36 36.36 32.31 33.11 20.62 22.47 27.46 26.42 16.4 17.69 10.0 11.66 42.49 41.63 35.01 37.01 
39.81 41.77 40.02 41.98 40.26 42.2 26.68 24.74 26.48 24.52 17.03 18.6 5.1 3.16 37.12 39.12 39.12 37.44 9.85 9.22 30.08 28.16 2.0 0.0 11.18 10.44 38.83 37.2 43.14 41.73 35.36 33.97 49.74 48.76 23.26 22.47 9.22 7.28 35.0 33.84 5.66 4.47 27.66 26.17 18.68 18.25 5.0 7.0 16.28 15.0 23.54 23.19 25.24 23.6 37.12 38.08 34.18 34.93 21.47 23.26 28.6 27.46 15.26 16.4 8.49 10.0 43.42 42.49 35.01 37.01 
31.78 33.62 32.2 34.01 32.65 34.44 36.01 34.01 36.0 34.0 6.71 7.81 15.52 13.6 27.07 29.07 30.08 28.23 1.41 3.16 30.0 28.43 10.44 11.18 0.0 2.0 41.87 40.61 32.8 31.24 40.31 38.59 38.59 37.59 31.4 31.14 20.25 18.38 38.6 37.01 14.04 14.32 32.25 31.3 8.0 8.25 14.14 15.62 6.32 4.47 13.0 13.15 28.84 27.78 28.86 29.41 27.07 27.29 10.3 12.08 35.11 34.48 26.42 27.46 19.42 20.62 32.25 31.3 25.32 27.29 
31.02 32.89 31.38 33.24 31.78 33.62 36.12 34.13 36.06 34.06 8.54 9.43 15.13 13.15 27.0 29.0 31.95 30.08 1.41 1.41 31.62 30.0 10.05 10.44 2.0 0.0 43.19 41.87 34.41 32.8 41.34 39.66 39.66 38.59 31.78 31.4 19.65 17.72 39.82 38.29 14.04 14.04 33.29 32.25 8.25 8.0 12.81 14.14 8.25 6.32 13.15 13.0 30.0 28.84 30.81 31.32 29.07 29.27 11.4 13.04 35.85 35.11 25.5 26.42 18.36 19.42 33.29 32.25 25.08 27.07 
72.95 74.63 73.5 75.17 74.06 75.72 26.31 26.08 27.29 27.07 40.82 42.54 35.36 36.36 65.74 67.54 43.01 43.01 41.77 43.14 14.32 14.87 37.2 38.83 41.87 43.19 0.0 2.0 52.01 52.09 7.62 7.07 65.38 65.62 22.02 24.02 36.4 37.16 4.12 5.0 33.29 34.99 11.7 13.6 48.26 49.41 43.05 44.78 39.96 41.05 52.48 53.54 13.6 15.26 39.01 41.01 34.0 36.0 46.53 48.3 15.03 17.03 41.0 42.95 41.23 43.08 61.0 61.39 64.88 66.65 
71.87 73.57 72.4 74.09 72.95 74.63 24.33 24.08 25.32 25.08 39.82 41.59 33.62 34.67 64.88 66.71 43.1 43.01 40.46 41.77 14.04 14.32 35.61 37.2 40.61 41.87 2.0 0.0 52.01 52.01 5.83 5.1 65.19 65.38 20.02 22.02 34.54 35.34 2.24 3.61 31.62 33.29 9.85 11.7 47.17 48.26 41.34 43.05 38.95 39.96 51.48 52.48 12.04 13.6 39.12 41.11 34.06 36.06 45.62 47.42 13.04 15.03 39.05 41.0 39.4 41.23 60.67 61.0 63.95 65.74 
40.02 40.52 41.0 41.48 41.98 42.45 61.33 59.51 61.74 59.93 26.25 25.0 46.1 44.6 28.86 29.41 9.22 9.0 34.21 35.81 38.05 38.21 41.73 43.14 32.8 34.41 52.01 52.01 0.0 2.0 55.33 53.34 14.32 15.26 55.15 55.95 51.09 49.58 51.09 49.09 43.42 44.69 49.03 49.48 28.64 30.46 46.86 48.41 26.91 28.43 26.93 28.86 45.12 45.61 13.15 11.18 18.03 16.03 23.71 22.85 54.82 55.36 58.05 59.41 51.62 53.08 12.81 14.42 30.41 30.81 
38.08 38.6 39.05 39.56 40.02 40.52 60.54 58.69 60.93 59.09 24.76 23.43 44.82 43.28 26.93 27.51 9.85 9.22 32.65 34.21 38.0 38.05 40.36 41.73 31.24 32.8 52.09 52.01 2.0 0.0 55.15 53.15 13.6 14.32 54.42 55.15 49.82 48.27 51.01 49.01 42.2 43.42 48.66 49.03 26.83 28.64 45.34 46.86 25.46 26.91 25.0 26.93 44.72 45.12 13.6 11.7 18.25 16.28 21.95 21.02 54.34 54.82 56.73 58.05 50.21 51.62 11.31 12.81 28.44 28.86 
72.01 73.79 72.47 74.24 72.95 74.71 19.03 19.03 20.02 20.02 40.5 42.38 31.24 32.56 65.79 67.68 46.69 46.39 39.96 41.05 17.46 17.12 33.97 35.36 40.31 41.34 7.62 5.83 55.33 55.15 0.0 2.0 68.0 68.03 15.52 17.46 31.38 32.45 5.0 6.71 29.7 31.14 8.06 9.22 47.42 48.3 39.05 40.61 39.56 40.31 52.0 52.8 11.7 12.53 42.76 44.72 37.66 39.62 46.49 48.38 8.25 10.2 35.11 37.0 36.36 38.08 63.13 63.29 64.62 66.48 
70.24 72.01 70.71 72.47 71.2 72.95 19.24 19.03 20.22 20.02 38.63 40.5 30.0 31.24 63.91 65.79 44.72 44.41 38.28 39.41 15.52 15.13 32.53 33.97 38.59 39.66 7.07 5.1 53.34 53.15 2.0 0.0 66.0 66.03 15.13 17.12 30.41 31.38 3.61 5.0 28.32 29.83 6.4 7.81 45.62 46.53 37.8 39.41 37.7 38.48 50.16 50.99 9.85 10.82 40.79 42.76 35.69 37.66 44.6 46.49 8.0 10.0 34.48 36.4 35.36 37.12 61.13 61.29 62.77 64.62 
33.24 33.06 34.23 34.06 35.23 35.06 71.57 69.64 71.84 69.92 33.11 31.3 53.67 51.88 22.8 22.36 23.41 22.8 39.96 41.05 51.16 51.04 48.76 49.74 38.59 39.66 65.38 65.19 14.32 13.6 68.0 66.0 0.0 2.0 65.73 66.22 58.59 56.82 64.07 62.07 51.48 52.33 61.13 61.29 32.02 33.3 52.43 53.6 34.01 34.89 28.28 29.73 57.14 57.31 27.2 25.3 31.78 29.83 28.3 26.63 66.48 66.75 65.0 66.04 57.98 59.08 6.4 7.81 25.3 24.74 
31.26 31.06 32.25 32.06 33.24 33.06 71.06 69.12 71.31 69.38 32.31 30.46 52.8 50.99 20.88 20.4 24.17 23.41 38.95 39.96 51.35 51.16 47.85 48.76 37.59 38.59 65.62 65.38 15.26 14.32 68.03 66.03 2.0 0.0 65.31 65.73 57.7 55.9 64.2 62.2 50.7 51.48 61.03 61.13 30.81 32.02 51.31 52.43 33.24 34.01 26.91 28.28 57.04 57.14 27.86 26.0 32.28 30.36 27.29 25.55 66.27 66.48 64.01 65.0 56.94 57.98 5.39 6.4 23.41 22.8 
62.64 64.56 62.94 64.85 63.25 65.15 6.4 5.0 7.07 5.83 34.01 36.01 18.36 20.12 58.42 60.41 47.89 46.96 30.59 31.05 23.02 21.4 22.47 23.26 31.4 31.78 22.02 20.02 55.15 54.42 15.52 15.13 65.73 65.31 0.0 2.0 16.97 18.44 18.0 18.11 18.03 18.79 11.4 9.49 39.32 39.62 25.81 27.02 33.02 33.02 44.28 44.55 13.04 11.4 44.42 46.14 39.66 41.34 40.0 42.0 7.28 5.39 19.7 21.54 21.93 23.43 60.02 59.68 56.72 58.69 
62.1 64.03 62.36 64.29 62.64 64.56 5.39 3.61 5.83 4.24 34.13 36.12 17.46 19.31 58.22 60.21 48.88 47.89 30.27 30.59 24.7 23.02 21.84 22.47 31.14 31.4 24.02 22.02 55.95 55.15 17.46 17.12 66.22 65.73 2.0 0.0 15.62 17.2 20.0 20.1 17.46 18.03 13.34 11.4 39.12 39.32 24.7 25.81 33.14 33.02 44.1 44.28 14.76 13.04 45.49 47.17 40.8 42.44 40.05 42.05 9.22 7.28 17.89 19.7 20.52 21.93 60.42 60.02 56.44 58.42 
48.37 50.36 48.51 50.49 48.66 50.64 18.79 17.0 18.38 16.55 25.55 27.29 5.0 6.71 46.27 48.26 46.1 44.6 18.97 18.44 31.02 29.02 9.85 9.22 20.25 19.65 36.4 34.54 51.09 49.82 31.38 30.41 58.59 57.7 16.97 15.62 0.0 2.0 32.31 31.62 7.81 6.4 24.7 22.85 27.89 27.46 9.49 10.3 24.7 23.71 32.76 32.39 23.54 21.59 43.6 44.82 39.96 41.05 30.46 32.31 23.6 22.02 7.21 8.94 5.0 6.71 52.33 51.48 44.1 46.1 
46.39 48.37 46.53 48.51 46.69 48.66 20.62 18.79 20.25 18.38 23.85 25.55 3.61 5.0 44.28 46.27 44.82 43.28 17.09 16.49 31.02 29.02 8.06 7.28 18.38 17.72 37.16 35.34 49.58 48.27 32.45 31.38 56.82 55.9 18.44 17.2 2.0 0.0 33.11 32.31 6.71 5.0 25.5 23.71 25.96 25.5 7.62 8.6 23.02 21.95 30.81 30.41 24.04 22.14 42.44 43.6 38.95 39.96 28.64 30.46 24.84 23.35 8.49 10.0 4.12 6.08 50.54 49.66 42.11 44.1 
69.97 71.69 70.49 72.2 71.02 72.72 22.56 22.2 23.54 23.19 38.01 39.81 31.38 32.45 63.16 65.0 42.3 42.11 38.42 39.7 13.04 13.04 33.42 35.0 38.6 39.82 4.12 2.24 51.09 51.01 5.0 3.61 64.07 64.2 18.0 20.0 32.31 33.11 0.0 2.0 29.41 31.06 7.62 9.49 45.28 46.32 39.12 40.82 37.12 38.08 49.65 50.61 9.9 11.4 38.33 40.31 33.24 35.23 43.86 45.69 11.18 13.15 36.88 38.83 37.16 39.0 59.41 59.68 62.17 63.98 
68.26 69.97 68.8 70.49 69.34 71.02 23.09 22.56 24.04 23.54 36.24 38.01 30.41 31.38 61.33 63.16 40.31 40.11 36.88 38.21 11.05 11.05 32.2 33.84 37.01 38.29 5.0 3.61 49.09 49.01 6.71 5.0 62.07 62.2 18.11 20.1 31.62 32.31 2.0 0.0 28.3 30.02 7.07 9.06 43.57 44.65 38.08 39.82 35.36 36.36 47.89 48.88 8.6 10.3 36.35 38.33 31.26 33.24 42.05 43.86 11.7 13.6 36.5 38.47 36.4 38.28 57.43 57.71 60.37 62.17 
44.64 46.57 44.92 46.84 45.22 47.13 22.09 20.1 22.02 20.02 18.38 20.25 3.16 3.16 41.01 43.01 38.29 36.8 13.0 13.15 25.32 23.35 4.47 5.66 14.04 14.04 33.29 31.62 43.42 42.2 29.7 28.32 51.48 50.7 18.03 17.46 7.81 6.71 29.41 28.3 0.0 2.0 22.02 20.52 22.02 22.02 9.85 11.7 17.46 16.76 27.02 27.02 19.72 18.03 35.81 37.01 32.25 33.29 23.77 25.71 23.02 21.95 15.0 16.64 10.2 12.17 45.31 44.6 39.12 41.11 
44.15 46.1 44.38 46.32 44.64 46.57 22.36 20.4 22.2 20.22 19.24 21.02 1.41 1.41 41.01 43.01 39.82 38.29 13.15 13.0 27.29 25.32 4.0 4.47 14.32 14.04 34.99 33.29 44.69 43.42 31.14 29.83 52.33 51.48 18.79 18.03 6.4 5.0 31.06 30.02 2.0 0.0 23.6 22.02 22.2 22.02 8.06 9.85 18.36 17.46 27.17 27.02 21.47 19.72 37.44 38.6 34.0 34.99 24.35 26.25 24.21 23.02 13.45 15.0 8.25 10.2 46.1 45.31 39.01 41.01 
63.95 65.74 64.41 66.19 64.88 66.65 17.0 16.16 17.89 17.09 32.57 34.48 23.85 25.0 57.87 59.77 40.8 40.26 31.91 33.02 12.81 11.66 26.17 27.66 32.25 33.29 11.7 9.85 49.03 48.66 8.06 6.4 61.13 61.03 11.4 13.34 24.7 25.5 7.62 7.07 22.02 23.6 0.0 2.0 39.4 40.25 31.62 33.29 31.62 32.31 44.01 44.78 4.0 4.47 37.0 38.9 31.95 33.84 38.6 40.52 6.4 7.81 29.43 31.4 29.55 31.38 56.0 56.04 56.65 58.52 
63.07 64.88 63.51 65.31 63.95 65.74 15.26 14.32 16.12 15.23 32.02 33.96 22.2 23.43 57.28 59.2 41.44 40.8 30.89 31.91 14.14 12.81 24.76 26.17 31.3 32.25 13.6 11.7 49.48 49.03 9.22 7.81 61.29 61.13 9.49 11.4 22.85 23.71 9.49 9.06 20.52 22.02 2.0 0.0 38.63 39.4 30.0 31.62 31.05 31.62 43.32 44.01 4.47 4.0 37.7 39.56 32.7 34.54 38.08 40.02 5.39 6.4 27.46 29.43 27.73 29.55 56.04 56.0 55.97 57.87 
24.7 26.42 25.24 26.93 25.81 27.46 44.01 42.01 44.0 42.0 7.81 6.71 23.35 21.38 19.1 21.1 28.16 26.17 9.06 9.49 35.38 34.06 18.25 18.68 8.0 8.25 48.26 47.17 28.64 26.83 47.42 45.62 32.02 30.81 39.32 39.12 27.89 25.96 45.28 43.57 22.02 22.2 39.4 38.63 0.0 2.0 20.59 21.63 8.49 7.21 5.0 5.39 35.78 34.93 28.02 28.02 27.66 27.29 5.1 5.83 42.72 42.2 33.62 34.44 26.4 27.29 25.61 24.41 17.46 19.42 
23.71 25.5 24.19 25.94 24.7 26.42 44.1 42.11 44.05 42.05 9.43 8.54 23.09 21.1 19.0 21.0 30.15 28.16 9.06 9.06 36.77 35.38 18.03 18.25 8.25 8.0 49.41 48.26 30.46 28.64 48.3 46.53 33.3 32.02 39.62 39.32 27.46 25.5 46.32 44.65 22.02 22.02 40.25 39.4 2.0 0.0 19.7 20.59 10.0 8.49 5.39 5.0 36.72 35.78 30.02 30.02 29.61 29.27 7.07 7.62 43.32 42.72 32.89 33.62 25.63 26.4 26.91 25.61 17.12 19.1 
39.12 41.11 39.2 41.19 39.32 41.3 28.23 26.4 27.86 26.0 20.62 21.93 7.81 6.71 37.85 39.81 43.42 41.68 12.73 11.4 34.93 32.98 7.0 5.0 14.14 12.81 43.05 41.34 46.86 45.34 39.05 37.8 52.43 51.31 25.81 24.7 9.49 7.62 39.12 38.08 9.85 8.06 31.62 30.0 20.59 19.7 0.0 2.0 20.0 18.44 25.08 24.35 29.53 27.78 41.63 42.49 38.9 39.56 24.21 25.81 31.83 30.48 13.34 13.93 6.08 6.71 46.04 44.94 35.51 37.48 
39.01 41.01 39.05 41.05 39.12 41.11 29.07 27.29 28.64 26.83 22.2 23.43 9.43 8.54 38.33 40.26 45.18 43.42 14.21 12.73 36.88 34.93 9.0 7.0 15.62 14.14 44.78 43.05 48.41 46.86 40.61 39.41 53.6 52.43 27.02 25.81 10.3 8.6 40.82 39.82 11.7 9.85 33.29 31.62 21.63 20.59 2.0 0.0 21.63 20.0 25.94 25.08 31.3 29.53 43.46 44.28 40.8 41.44 25.5 27.02 33.24 31.83 13.04 13.34 6.08 6.08 47.2 46.04 35.9 37.85 
33.02 34.67 33.6 35.23 34.21 35.81 38.33 36.35 38.47 36.5 1.0 3.0 19.72 18.03 26.25 28.16 23.77 21.93 7.62 9.49 26.91 25.61 15.0 16.28 6.32 8.25 39.96 38.95 26.91 25.46 39.56 37.7 34.01 33.24 33.02 33.14 24.7 23.02 37.12 35.36 17.46 18.36 31.62 31.05 8.49 10.0 20.0 21.63 0.0 2.0 12.53 13.6 27.86 27.2 22.56 23.09 21.0 21.1 7.07 9.06 35.51 35.23 31.4 32.65 24.76 26.17 27.86 27.2 25.08 26.93 
31.91 33.62 32.45 34.13 33.02 34.67 38.12 36.12 38.21 36.22 2.24 3.61 18.79 17.0 25.71 27.66 25.63 23.77 5.83 7.62 28.28 26.91 13.89 15.0 4.47 6.32 41.05 39.96 28.43 26.91 40.31 38.48 34.89 34.01 33.02 33.02 23.71 21.95 38.08 36.36 16.76 17.46 32.31 31.62 7.21 8.49 18.44 20.0 2.0 0.0 11.7 12.53 28.64 27.86 24.52 25.0 23.0 23.09 7.07 9.06 35.9 35.51 30.23 31.4 23.43 24.76 28.64 27.86 24.35 26.25 
20.62 22.2 21.26 22.8 21.93 23.43 49.01 47.01 49.0 47.0 11.66 10.0 28.28 26.31 14.14 16.12 28.07 26.08 14.04 14.32 39.2 38.01 23.19 23.54 13.0 13.15 52.48 51.48 26.93 25.0 52.0 50.16 28.28 26.91 44.28 44.1 32.76 30.81 49.65 47.89 27.02 27.17 44.01 43.32 5.0 5.39 25.08 25.94 12.53 11.7 0.0 2.0 40.31 39.56 28.64 28.28 29.15 28.46 6.4 5.39 47.54 47.07 38.28 39.0 31.02 31.78 21.93 20.52 12.65 14.56 
19.42 21.1 20.0 21.63 20.62 22.2 49.09 47.1 49.04 47.04 12.81 11.31 28.07 26.08 14.0 16.0 30.07 28.07 14.04 14.04 40.46 39.2 23.02 23.19 13.15 13.0 53.54 52.48 28.86 26.93 52.8 50.99 29.73 28.28 44.55 44.28 32.39 30.41 50.61 48.88 27.02 27.02 44.78 44.01 5.39 5.0 24.35 25.08 13.6 12.53 2.0 0.0 41.15 40.31 30.59 30.27 31.02 30.36 8.06 7.28 48.08 47.54 37.64 38.28 30.36 31.02 23.43 21.93 12.17 14.14 
60.42 62.18 60.9 62.65 61.4 63.13 19.21 18.03 20.0 18.87 28.79 30.68 21.93 22.83 54.08 55.97 37.0 36.4 28.6 29.83 10.0 8.49 23.6 25.24 28.84 30.0 13.6 12.04 45.12 44.72 11.7 9.85 57.14 57.04 13.04 14.76 23.54 24.04 9.9 8.6 19.72 21.47 4.0 4.47 35.78 36.72 29.53 31.3 27.86 28.64 40.31 41.15 0.0 2.0 33.24 35.11 28.23 30.08 34.79 36.69 9.85 10.82 29.02 31.02 28.16 30.08 52.0 52.04 52.92 54.78 
59.48 61.27 59.94 61.72 60.42 62.18 17.69 16.4 18.44 17.2 28.16 30.08 20.12 21.1 53.45 55.36 37.7 37.0 27.46 28.6 11.66 10.0 22.02 23.6 27.78 28.84 15.26 13.6 45.61 45.12 12.53 10.82 57.31 57.14 11.4 13.04 21.59 22.14 11.4 10.3 18.03 19.72 4.47 4.0 34.93 35.78 27.78 29.53 27.2 27.86 39.56 40.31 2.0 0.0 34.01 35.85 29.07 30.87 34.21 36.14 9.22 9.85 27.02 29.02 26.25 28.16 52.04 52.0 52.2 54.08 
46.53 47.51 47.41 48.37 48.3 49.24 50.77 49.09 51.31 49.65 22.36 22.09 38.83 37.74 36.06 37.2 4.0 4.47 30.08 32.02 25.32 25.71 35.36 37.12 28.86 30.81 39.01 39.12 13.15 13.6 42.76 40.79 27.2 27.86 44.42 45.49 43.6 42.44 38.33 36.35 35.81 37.44 37.0 37.7 28.02 30.02 41.63 43.46 22.56 24.52 28.64 30.59 33.24 34.01 0.0 2.0 5.1 3.16 23.09 23.35 43.08 43.86 50.8 52.43 45.28 47.01 24.19 25.24 36.72 37.74 
45.62 46.53 46.52 47.41 47.42 48.3 52.48 50.77 53.0 51.31 22.8 22.36 40.0 38.83 34.99 36.06 2.0 2.83 30.68 32.57 27.29 27.66 36.36 38.08 29.41 31.32 41.01 41.11 11.18 11.7 44.72 42.76 25.3 26.0 46.14 47.17 44.82 43.6 40.31 38.33 37.01 38.6 38.9 39.56 28.02 30.02 42.49 44.28 23.09 25.0 28.28 30.27 35.11 35.85 2.0 0.0 7.07 5.1 23.0 23.09 44.94 45.69 52.01 53.6 46.32 48.02 22.47 23.6 35.78 36.72 
48.26 49.41 49.09 50.22 49.93 51.04 46.04 44.41 46.62 45.0 21.02 21.21 35.36 34.44 38.29 39.62 9.06 9.06 28.16 30.15 20.22 20.62 32.31 34.18 27.07 29.07 34.0 34.06 18.03 18.25 37.66 35.69 31.78 32.28 39.66 40.8 39.96 38.95 33.24 31.26 32.25 34.0 31.95 32.7 27.66 29.61 38.9 40.8 21.0 23.0 29.15 31.02 28.23 29.07 5.1 7.07 0.0 2.0 23.09 23.77 38.08 38.91 47.17 48.88 42.05 43.86 28.23 29.07 38.6 39.82 
47.17 48.26 48.02 49.09 48.88 49.93 47.71 46.04 48.26 46.62 21.02 21.02 36.36 35.36 37.01 38.29 7.07 7.07 28.44 30.41 22.2 22.56 33.11 34.93 27.29 29.27 36.0 36.06 16.03 16.28 39.62 37.66 29.83 30.36 41.34 42.44 41.05 39.96 35.23 33.24 33.29 34.99 33.84 34.54 27.29 29.27 39.56 41.44 21.1 23.09 28.46 30.36 30.08 30.87 3.16 5.1 2.0 0.0 22.56 23.09 39.92 40.72 48.26 49.93 42.94 44.72 26.4 27.29 37.44 38.6 
26.91 28.43 27.59 29.07 28.28 29.73 45.18 43.19 45.28 43.29 6.08 4.12 25.63 23.77 19.31 21.19 23.09 21.1 11.66 12.81 33.02 31.91 20.62 21.47 10.3 11.4 46.53 45.62 23.71 21.95 46.49 44.6 28.3 27.29 40.0 40.05 30.46 28.64 43.86 42.05 23.77 24.35 38.6 38.08 5.1 7.07 24.21 25.5 7.07 7.07 6.4 8.06 34.79 34.21 23.09 23.0 23.09 22.56 0.0 2.0 42.58 42.3 36.72 37.74 29.68 30.81 21.95 21.02 18.36 20.12 
25.46 26.91 26.17 27.59 26.91 28.28 47.17 45.18 47.27 45.28 8.06 6.08 27.51 25.63 17.46 19.31 23.0 21.0 13.42 14.42 34.67 33.62 22.47 23.26 12.08 13.04 48.3 47.42 22.85 21.02 48.38 46.49 26.63 25.55 42.0 42.05 32.31 30.46 45.69 43.86 25.71 26.25 40.52 40.02 5.83 7.62 25.81 27.02 9.06 9.06 5.39 7.28 36.69 36.14 23.35 23.09 23.77 23.09 2.0 0.0 44.55 44.28 38.47 39.45 31.38 32.45 20.25 19.24 16.64 18.36 
66.85 68.71 67.23 69.08 67.62 69.46 11.4 11.05 12.37 12.04 36.5 38.47 24.08 25.61 61.61 63.56 46.82 46.17 34.54 35.34 19.21 18.03 27.46 28.6 35.11 35.85 15.03 13.04 54.82 54.34 8.25 8.0 66.48 66.27 7.28 9.22 23.6 24.84 11.18 11.7 23.02 24.21 6.4 5.39 42.72 43.32 31.83 33.24 35.51 35.9 47.54 48.08 9.85 9.22 43.08 44.94 38.08 39.92 42.58 44.55 0.0 2.0 26.93 28.79 28.6 30.23 61.13 61.03 60.17 62.1 
66.13 68.01 66.48 68.35 66.85 68.71 9.49 9.06 10.44 10.05 36.22 38.21 22.8 24.41 61.19 63.15 47.54 46.82 33.84 34.54 20.52 19.21 26.42 27.46 34.48 35.11 17.03 15.03 55.36 54.82 10.2 10.0 66.75 66.48 5.39 7.28 22.02 23.35 13.15 13.6 21.95 23.02 7.81 6.4 42.2 42.72 30.48 31.83 35.23 35.51 47.07 47.54 10.82 9.85 43.86 45.69 38.91 40.72 42.3 44.28 2.0 0.0 25.08 26.93 27.02 28.6 61.29 61.13 59.67 61.61 
52.0 54.0 52.01 54.01 52.04 54.04 19.1 17.8 18.38 17.03 32.2 33.84 12.04 13.45 51.2 53.15 53.26 51.74 25.06 24.17 37.34 35.36 16.4 15.26 26.42 25.5 41.0 39.05 58.05 56.73 35.11 34.48 65.0 64.01 19.7 17.89 7.21 8.49 36.88 36.5 15.0 13.45 29.43 27.46 33.62 32.89 13.34 13.04 31.4 30.23 38.28 37.64 29.02 27.02 50.8 52.01 47.17 48.26 36.72 38.47 26.93 25.08 0.0 2.0 7.28 7.0 58.67 57.71 48.84 50.8 
52.04 54.04 52.01 54.01 52.0 54.0 20.62 19.42 19.85 18.6 33.42 35.0 13.6 14.87 51.66 53.6 54.82 53.26 26.08 25.06 39.32 37.34 17.69 16.4 27.46 26.42 42.95 41.0 59.41 58.05 37.0 36.4 66.04 65.0 21.54 19.7 8.94 10.0 38.83 38.47 16.64 15.0 31.4 29.43 34.44 33.62 13.93 13.34 32.65 31.4 39.0 38.28 31.02 29.02 52.43 53.6 48.88 49.93 37.74 39.45 28.79 26.93 2.0 0.0 8.06 7.28 59.68 58.67 49.24 51.2 
45.04 47.04 45.1 47.1 45.18 47.17 23.32 21.63 22.83 21.1 25.5 27.02 7.07 7.62 43.93 45.89 47.43 45.8 18.03 17.0 35.06 33.06 10.0 8.49 19.42 18.36 41.23 39.4 51.62 50.21 36.36 35.36 57.98 56.94 21.93 20.52 5.0 4.12 37.16 36.4 10.2 8.25 29.55 27.73 26.4 25.63 6.08 6.08 24.76 23.43 31.02 30.36 28.16 26.25 45.28 46.32 42.05 42.94 29.68 31.38 28.6 27.02 7.28 8.06 0.0 2.0 51.62 50.61 41.59 43.57 
45.0 47.0 45.01 47.01 45.04 47.04 24.41 22.8 23.85 22.2 26.87 28.32 9.06 9.49 44.38 46.32 49.09 47.43 19.21 18.03 37.05 35.06 11.66 10.0 20.62 19.42 43.08 41.23 53.08 51.62 38.08 37.12 59.08 57.98 23.43 21.93 6.71 6.08 39.0 38.28 12.17 10.2 31.38 29.55 27.29 26.4 6.71 6.08 26.17 24.76 31.78 31.02 30.08 28.16 47.01 48.02 43.86 44.72 30.81 32.45 30.23 28.6 7.0 7.28 2.0 0.0 52.7 51.62 41.98 43.93 
29.02 29.15 30.02 30.15 31.02 31.14 65.73 63.79 65.97 64.03 26.93 25.08 47.42 45.62 18.03 18.03 20.81 19.72 33.62 34.67 46.69 46.39 42.49 43.42 32.25 33.29 61.0 60.67 12.81 11.31 63.13 61.13 6.4 5.39 60.02 60.42 52.33 50.54 59.41 57.43 45.31 46.1 56.0 56.04 25.61 26.91 46.04 47.2 27.86 28.64 21.93 23.43 52.0 52.04 24.19 22.47 28.23 26.4 21.95 20.25 61.13 61.29 58.67 59.68 51.62 52.7 0.0 2.0 20.22 20.02 
27.02 27.17 28.02 28.16 29.02 29.15 65.31 63.35 65.51 63.56 26.25 24.35 46.62 44.78 16.03 16.03 22.02 20.81 32.65 33.62 47.07 46.69 41.63 42.49 31.3 32.25 61.39 61.0 14.42 12.81 63.29 61.29 7.81 6.4 59.68 60.02 51.48 49.66 59.68 57.71 44.6 45.31 56.04 56.0 24.41 25.61 44.94 46.04 27.2 27.86 20.52 21.93 52.04 52.0 25.24 23.6 29.07 27.29 21.02 19.24 61.03 61.13 57.71 58.67 50.61 51.62 2.0 0.0 18.25 18.03 
9.85 10.82 10.77 11.66 11.7 12.53 61.2 59.21 61.13 59.14 24.17 22.36 40.0 38.0 2.83 4.47 34.93 33.11 26.17 26.02 51.31 50.25 35.01 35.01 25.32 25.08 64.88 63.95 30.41 28.44 64.62 62.77 25.3 23.41 56.72 56.44 44.1 42.11 62.17 60.37 39.12 39.01 56.65 55.97 17.46 17.12 35.51 35.9 25.08 24.35 12.65 12.17 52.92 52.2 36.72 35.78 38.6 37.44 18.36 16.64 60.17 59.67 48.84 49.24 41.59 41.98 20.22 18.25 0.0 2.0 
9.22 9.85 10.2 10.77 11.18 11.7 63.2 61.2 63.13 61.13 26.0 24.17 42.0 40.0 2.0 2.83 35.78 34.0 28.16 28.02 53.0 51.97 37.01 37.01 27.29 27.07 66.65 65.74 30.81 28.86 66.48 64.62 24.74 22.8 58.69 58.42 46.1 44.1 63.98 62.17 41.11 41.01 58.52 57.87 19.42 19.1 37.48 37.85 26.93 26.25 14.56 14.14 54.78 54.08 37.74 36.72 39.82 38.6 20.12 18.36 62.1 61.61 50.8 51.2 43.57 43.93 20.02 18.03 2.0 0.0 
