15
0.0 2.0 1.0 2.24 2.0 2.83 3.0 3.61 12.21 13.45 5.0 6.4 13.93 14.76 6.32 
2.0 0.0 2.24 1.0 2.83 2.0 3.61 3.0 10.63 12.04 3.61 5.39 12.08 13.04 8.25 
1.0 2.24 0.0 2.0 1.0 2.24 2.0 2.83 11.66 12.81 4.47 5.66 13.6 14.32 6.08 
2.24 1.0 2.0 0.0 2.24 1.0 2.83 2.0 10.0 11.31 2.83 4.47 11.7 12.53 8.06 
2.0 2.83 1.0 2.24 0.0 2.0 1.0 2.24 11.18 12.21 4.12 5.0 13.34 13.93 6.0 
2.83 2.0 2.24 1.0 2.0 0.0 2.24 1.0 9.43 10.63 2.24 3.61 11.4 12.08 8.0 
3.0 3.61 2.0 2.83 1.0 2.24 0.0 2.0 10.77 11.66 4.0 4.47 13.15 13.6 6.08 
3.61 3.0 2.83 2.0 2.24 1.0 2.0 0.0 8.94 10.0 2.0 2.83 11.18 11.7 8.06 
12.21 10.63 11.66 10.0 11.18 9.43 10.77 8.94 0.0 2.0 7.21 6.32 3.61 3.0 16.76 
13.45 12.04 12.81 11.31 12.21 10.63 11.66 10.0 2.0 0.0 8.49 7.21 5.0 3.61 17.46 
5.0 3.61 4.47 2.83 4.12 2.24 4.0 2.0 7.21 8.49 0.0 2.0 9.22 9.85 10.05 
6.4 5.39 5.66 4.47 5.0 3.61 4.47 2.83 6.32 7.21 2.0 0.0 9.0 9.22 10.44 
13.93 12.08 13.6 11.7 13.34 11.4 13.15 11.18 3.61 5.0 9.22 9.0 0.0 2.0 19.24 
14.76 13.04 14.32 12.53 13.93 12.08 13.6 11.7 3.0 3.61 9.85 9.22 2.0 0.0 19.65 
6.32 8.25 6.08 8.06 6.0 8.0 6.08 8.06 16.76 17.46 10.05 10.44 19.24 19.65 0.0 
