50
0.0 2.0 1.0 2.24 2.0 2.83 3.0 3.61 3.16 3.16 4.12 4.12 5.1 5.1 6.08 6.08 7.07 7.07 8.06 8.06 9.06 9.06 10.05 10.05 11.05 11.05 19.31 18.68 28.43 29.73 27.66 29.0 26.91 28.28 35.36 33.62 35.85 34.13 9.49 10.3 8.54 9.43 21.02 20.25 25.81 24.7 4.47 4.0 29.53 30.53 
2.0 0.0 2.24 1.0 2.83 2.0 3.61 3.0 4.24 3.16 5.0 4.12 5.83 5.1 6.71 6.08 7.62 7.07 8.54 8.06 9.49 9.06 10.44 10.05 11.4 11.05 20.12 19.31 30.0 31.24 29.21 30.48 28.43 29.73 37.12 35.36 37.59 35.85 11.4 12.08 10.44 11.18 21.95 21.02 27.02 25.81 2.83 2.0 31.3 32.25 
1.0 2.24 0.0 2.0 1.0 2.24 2.0 2.83 2.24 2.24 3.16 3.16 4.12 4.12 5.1 5.1 6.08 6.08 7.07 7.07 8.06 8.06 9.06 9.06 10.05 10.05 18.38 17.72 27.8 29.07 27.02 28.32 26.25 27.59 34.89 33.12 35.36 33.62 9.22 9.85 8.25 8.94 21.93 21.19 25.0 23.85 5.0 4.12 29.07 30.02 
2.24 1.0 2.0 0.0 2.24 1.0 2.83 2.0 3.61 2.24 4.24 3.16 5.0 4.12 5.83 5.1 6.71 6.08 7.62 7.07 8.54 8.06 9.49 9.06 10.44 10.05 19.24 18.38 29.41 30.61 28.6 29.83 27.8 29.07 36.67 34.89 37.12 35.36 11.18 11.7 10.2 10.77 22.83 21.93 26.25 25.0 3.61 2.24 30.87 31.76 
2.0 2.83 1.0 2.24 0.0 2.0 1.0 2.24 1.41 1.41 2.24 2.24 3.16 3.16 4.12 4.12 5.1 5.1 6.08 6.08 7.07 7.07 8.06 8.06 9.06 9.06 17.46 16.76 27.2 28.43 26.4 27.66 25.61 26.91 34.44 32.65 34.89 33.12 9.06 9.49 8.06 8.54 22.85 22.14 24.21 23.02 5.66 4.47 28.64 29.53 
2.83 2.0 2.24 1.0 2.0 0.0 2.24 1.0 3.16 1.41 3.61 2.24 4.24 3.16 5.0 4.12 5.83 5.1 6.71 6.08 7.62 7.07 8.54 8.06 9.49 9.06 18.36 17.46 28.84 30.0 28.02 29.21 27.2 28.43 36.25 34.44 36.67 34.89 11.05 11.4 10.05 10.44 23.71 22.85 25.5 24.21 4.47 2.83 30.46 31.3 
3.0 3.61 2.0 2.83 1.0 2.24 0.0 2.0 1.0 1.0 1.41 1.41 2.24 2.24 3.16 3.16 4.12 4.12 5.1 5.1 6.08 6.08 7.07 7.07 8.06 8.06 16.55 15.81 26.63 27.8 25.81 27.02 25.0 26.25 34.01 32.2 34.44 32.65 9.0 9.22 8.0 8.25 23.77 23.09 23.43 22.2 6.4 5.0 28.23 29.07 
3.61 3.0 2.83 2.0 2.24 1.0 2.0 0.0 3.0 1.0 3.16 1.41 3.61 2.24 4.24 3.16 5.0 4.12 5.83 5.1 6.71 6.08 7.62 7.07 8.54 8.06 17.49 16.55 28.3 29.41 27.46 28.6 26.63 27.8 35.85 34.01 36.25 34.44 11.0 11.18 10.0 10.2 24.6 23.77 24.76 23.43 5.39 3.61 30.08 30.87 
3.16 4.24 2.24 3.61 1.41 3.16 1.0 3.0 0.0 2.0 1.0 2.24 2.0 2.83 3.0 3.61 4.0 4.47 5.0 5.39 6.0 6.32 7.0 7.28 8.0 8.25 16.16 15.52 25.81 27.02 25.0 26.25 24.21 25.5 33.11 31.3 33.54 31.76 8.0 8.25 7.0 7.28 23.41 22.8 22.8 21.63 7.07 5.83 27.31 28.18 
3.16 3.16 2.24 2.24 1.41 1.41 1.0 1.0 2.0 0.0 2.24 1.0 2.83 2.0 3.61 3.0 4.47 4.0 5.39 5.0 6.32 6.0 7.28 7.0 8.25 8.0 17.0 16.16 27.46 28.6 26.63 27.8 25.81 27.02 34.93 33.11 35.34 33.54 10.0 10.2 9.0 9.22 24.17 23.41 24.08 22.8 5.83 4.24 29.15 29.97 
4.12 5.0 3.16 4.24 2.24 3.61 1.41 3.16 1.0 2.24 0.0 2.0 1.0 2.24 2.0 2.83 3.0 3.61 4.0 4.47 5.0 5.39 6.0 6.32 7.0 7.28 15.23 14.56 25.24 26.4 24.41 25.61 23.6 24.84 32.7 30.87 33.11 31.3 8.06 8.06 7.07 7.07 24.35 23.77 22.02 20.81 7.81 6.4 26.93 27.73 
4.12 4.12 3.16 3.16 2.24 2.24 1.41 1.41 2.24 1.0 2.0 0.0 2.24 1.0 2.83 2.0 3.61 3.0 4.47 4.0 5.39 5.0 6.32 6.0 7.28 7.0 16.12 15.23 26.93 28.02 26.08 27.2 25.24 26.4 34.54 32.7 34.93 33.11 10.05 10.05 9.06 9.06 25.08 24.35 23.35 22.02 6.71 5.0 28.79 29.55 
5.1 5.83 4.12 5.0 3.16 4.24 2.24 3.61 2.0 2.83 1.0 2.24 0.0 2.0 1.0 2.24 2.0 2.83 3.0 3.61 4.0 4.47 5.0 5.39 6.0 6.32 14.32 13.6 24.7 25.81 23.85 25.0 23.02 24.21 32.31 30.46 32.7 30.87 8.25 8.0 7.28 7.0 25.3 24.74 21.26 20.0 8.6 7.07 26.57 27.31 
5.1 5.1 4.12 4.12 3.16 3.16 2.24 2.24 2.83 2.0 2.24 1.0 2.0 0.0 2.24 1.0 2.83 2.0 3.61 3.0 4.47 4.0 5.39 5.0 6.32 6.0 15.26 14.32 26.42 27.46 25.55 26.63 24.7 25.81 34.18 32.31 34.54 32.7 10.2 10.0 9.22 9.0 26.0 25.3 22.63 21.26 7.62 5.83 28.46 29.15 
6.08 6.71 5.1 5.83 4.12 5.0 3.16 4.24 3.0 3.61 2.0 2.83 1.0 2.24 0.0 2.0 1.0 2.24 2.0 2.83 3.0 3.61 4.0 4.47 5.0 5.39 13.42 12.65 24.19 25.24 23.32 24.41 22.47 23.6 31.95 30.08 32.31 30.46 8.54 8.06 7.62 7.07 26.25 25.71 20.52 19.21 9.43 7.81 26.25 26.93 
6.08 6.08 5.1 5.1 4.12 4.12 3.16 3.16 3.61 3.0 2.83 2.0 2.24 1.0 2.0 0.0 2.24 1.0 2.83 2.0 3.61 3.0 4.47 4.0 5.39 5.0 14.42 13.42 25.94 26.93 25.06 26.08 24.19 25.24 33.84 31.95 34.18 32.31 10.44 10.05 9.49 9.06 26.93 26.25 21.93 20.52 8.54 6.71 28.16 28.79 
7.07 7.62 6.08 6.71 5.1 5.83 4.12 5.0 4.0 4.47 3.0 3.61 2.0 2.83 1.0 2.24 0.0 2.0 1.0 2.24 2.0 2.83 3.0 3.61 4.0 4.47 12.53 11.7 23.71 24.7 22.83 23.85 21.95 23.02 31.62 29.73 31.95 30.08 8.94 8.25 8.06 7.28 27.2 26.68 19.8 18.44 10.3 8.6 25.96 26.57 
7.07 7.07 6.08 6.08 5.1 5.1 4.12 4.12 4.47 4.0 3.61 3.0 2.83 2.0 2.24 1.0 2.0 0.0 2.24 1.0 2.83 2.0 3.61 3.0 4.47 4.0 13.6 12.53 25.5 26.42 24.6 25.55 23.71 24.7 33.53 31.62 33.84 31.95 10.77 10.2 9.85 9.22 27.86 27.2 21.26 19.8 9.49 7.62 27.89 28.46 
8.06 8.54 7.07 7.62 6.08 6.71 5.1 5.83 5.0 5.39 4.0 4.47 3.0 3.61 2.0 2.83 1.0 2.24 0.0 2.0 1.0 2.24 2.0 2.83 3.0 3.61 11.66 10.77 23.26 24.19 22.36 23.32 21.47 22.47 31.32 29.41 31.62 29.73 9.43 8.54 8.6 7.62 28.16 27.66 19.1 17.69 11.18 9.43 25.71 26.25 
8.06 8.06 7.07 7.07 6.08 6.08 5.1 5.1 5.39 5.0 4.47 4.0 3.61 3.0 2.83 2.0 2.24 1.0 2.0 0.0 2.24 1.0 2.83 2.0 3.61 3.0 12.81 11.66 25.08 25.94 24.17 25.06 23.26 24.19 33.24 31.32 33.53 31.62 11.18 10.44 10.3 9.49 28.79 28.16 20.62 19.1 10.44 8.54 27.66 28.16 
9.06 9.49 8.06 8.54 7.07 7.62 6.08 6.71 6.0 6.32 5.0 5.39 4.0 4.47 3.0 3.61 2.0 2.83 1.0 2.24 0.0 2.0 1.0 2.24 2.0 2.83 10.82 9.85 22.85 23.71 21.93 22.83 21.02 21.95 31.05 29.12 31.32 29.41 10.0 8.94 9.22 8.06 29.12 28.64 18.44 16.97 12.08 10.3 25.5 25.96 
9.06 9.06 8.06 8.06 7.07 7.07 6.08 6.08 6.32 6.0 5.39 5.0 4.47 4.0 3.61 3.0 2.83 2.0 2.24 1.0 2.0 0.0 2.24 1.0 2.83 2.0 12.04 10.82 24.7 25.5 23.77 24.6 22.85 23.71 32.98 31.05 33.24 31.32 11.66 10.77 10.82 9.85 29.73 29.12 20.0 18.44 11.4 9.49 27.46 27.89 
10.05 10.44 9.06 9.49 8.06 8.54 7.07 7.62 7.0 7.28 6.0 6.32 5.0 5.39 4.0 4.47 3.0 3.61 2.0 2.83 1.0 2.24 0.0 2.0 1.0 2.24 10.0 8.94 22.47 23.26 21.54 22.36 20.62 21.47 30.81 28.86 31.05 29.12 10.63 9.43 9.9 8.6 30.08 29.61 17.8 16.28 13.0 11.18 25.32 25.71 
10.05 10.05 9.06 9.06 8.06 8.06 7.07 7.07 7.28 7.0 6.32 6.0 5.39 5.0 4.47 4.0 3.61 3.0 2.83 2.0 2.24 1.0 2.0 0.0 2.24 1.0 11.31 10.0 24.35 25.08 23.41 24.17 22.47 23.26 32.76 30.81 32.98 31.05 12.21 11.18 11.4 10.3 30.68 30.08 19.42 17.8 12.37 10.44 27.29 27.66 
11.05 11.4 10.05 10.44 9.06 9.49 8.06 8.54 8.0 8.25 7.0 7.28 6.0 6.32 5.0 5.39 4.0 4.47 3.0 3.61 2.0 2.83 1.0 2.24 0.0 2.0 9.22 8.06 22.14 22.85 21.19 21.93 20.25 21.02 30.59 28.64 30.81 28.86 11.31 10.0 10.63 9.22 31.05 30.59 17.2 15.62 13.93 12.08 25.18 25.5 
11.05 11.05 10.05 10.05 9.06 9.06 8.06 8.06 8.25 8.0 7.28 7.0 6.32 6.0 5.39 5.0 4.47 4.0 3.61 3.0 2.83 2.0 2.24 1.0 2.0 0.0 10.63 9.22 24.04 24.7 23.09 23.77 22.14 22.85 32.56 30.59 32.76 30.81 12.81 11.66 12.04 10.82 31.62 31.05 18.87 17.2 13.34 11.4 27.17 27.46 
19.31 20.12 18.38 19.24 17.46 18.36 16.55 17.49 16.16 17.0 15.23 16.12 14.32 15.26 13.42 14.42 12.53 13.6 11.66 12.81 10.82 12.04 10.0 11.31 9.22 10.63 0.0 2.0 15.0 15.13 14.0 14.14 13.0 13.15 24.02 22.02 24.0 22.0 15.13 13.15 15.03 13.04 37.05 37.0 8.54 6.71 22.83 21.1 19.42 19.1 
18.68 19.31 17.72 18.38 16.76 17.46 15.81 16.55 15.52 16.16 14.56 15.23 13.6 14.32 12.65 13.42 11.7 12.53 10.77 11.66 9.85 10.82 8.94 10.0 8.06 9.22 2.0 0.0 17.0 17.12 16.0 16.12 15.0 15.13 26.02 24.02 26.0 24.0 15.52 13.6 15.3 13.34 37.22 37.05 10.44 8.54 21.93 20.12 21.38 21.1 
28.43 30.0 27.8 29.41 27.2 28.84 26.63 28.3 25.81 27.46 25.24 26.93 24.7 26.42 24.19 25.94 23.71 25.5 23.26 25.08 22.85 24.7 22.47 24.35 22.14 24.04 15.0 17.0 0.0 2.0 1.0 2.24 2.0 2.83 9.06 7.07 9.0 7.0 19.85 18.38 20.52 19.1 39.22 39.92 7.62 9.49 32.8 31.62 5.66 4.47 
29.73 31.24 29.07 30.61 28.43 30.0 27.8 29.41 27.02 28.6 26.4 28.02 25.81 27.46 25.24 26.93 24.7 26.42 24.19 25.94 23.71 25.5 23.26 25.08 22.85 24.7 15.13 17.12 2.0 0.0 2.24 1.0 2.83 2.0 9.49 7.62 9.22 7.28 21.4 19.85 22.02 20.52 41.11 41.79 7.07 9.06 34.06 32.8 7.21 5.66 
27.66 29.21 27.02 28.6 26.4 28.02 25.81 27.46 25.0 26.63 24.41 26.08 23.85 25.55 23.32 25.06 22.83 24.6 22.36 24.17 21.93 23.77 21.54 23.41 21.19 23.09 14.0 16.0 1.0 2.24 0.0 2.0 1.0 2.24 10.05 8.06 10.0 8.0 19.21 17.69 19.85 18.38 38.9 39.56 6.71 8.54 32.02 30.81 6.4 5.39 
29.0 30.48 28.32 29.83 27.66 29.21 27.02 28.6 26.25 27.8 25.61 27.2 25.0 26.63 24.41 26.08 23.85 25.55 23.32 25.06 22.83 24.6 22.36 24.17 21.93 23.77 14.14 16.12 2.24 1.0 2.0 0.0 2.24 1.0 10.44 8.54 10.2 8.25 20.81 19.21 21.4 19.85 40.8 41.44 6.08 8.06 33.3 32.02 7.81 6.4 
26.91 28.43 26.25 27.8 25.61 27.2 25.0 26.63 24.21 25.81 23.6 25.24 23.02 24.7 22.47 24.19 21.95 23.71 21.47 23.26 21.02 22.85 20.62 22.47 20.25 22.14 13.0 15.0 2.0 2.83 1.0 2.24 0.0 2.0 11.05 9.06 11.0 9.0 18.6 17.03 19.21 17.69 38.6 39.22 5.83 7.62 31.24 30.0 7.21 6.32 
28.28 29.73 27.59 29.07 26.91 28.43 26.25 27.8 25.5 27.02 24.84 26.4 24.21 25.81 23.6 25.24 23.02 24.7 22.47 24.19 21.95 23.71 21.47 23.26 21.02 22.85 13.15 15.13 2.83 2.0 2.24 1.0 2.0 0.0 11.4 9.49 11.18 9.22 20.25 18.6 20.81 19.21 40.52 41.11 5.1 7.07 32.56 31.24 8.49 7.21 
35.36 37.12 34.89 36.67 34.44 36.25 34.01 35.85 33.11 34.93 32.7 34.54 32.31 34.18 31.95 33.84 31.62 33.53 31.32 33.24 31.05 32.98 30.81 32.76 30.59 32.56 24.02 26.02 9.06 9.49 10.05 10.44 11.05 11.4 0.0 2.0 1.0 2.24 26.08 25.06 26.93 25.94 42.19 43.27 16.49 18.44 39.82 38.91 5.83 5.1 
33.62 35.36 33.12 34.89 32.65 34.44 32.2 34.01 31.3 33.11 30.87 32.7 30.46 32.31 30.08 31.95 29.73 31.62 29.41 31.32 29.12 31.05 28.86 30.81 28.64 30.59 22.02 24.02 7.07 7.62 8.06 8.54 9.06 9.49 2.0 0.0 2.24 1.0 24.41 23.32 25.24 24.19 41.18 42.19 14.56 16.49 38.08 37.12 4.24 3.16 
35.85 37.59 35.36 37.12 34.89 36.67 34.44 36.25 33.54 35.34 33.11 34.93 32.7 34.54 32.31 34.18 31.95 33.84 31.62 33.53 31.32 33.24 31.05 32.98 30.81 32.76 24.0 26.0 9.0 9.22 10.0 10.2 11.0 11.18 1.0 2.24 0.0 2.0 26.63 25.55 27.46 26.42 43.05 44.1 16.28 18.25 40.31 39.36 6.4 5.39 
34.13 35.85 33.62 35.36 33.12 34.89 32.65 34.44 31.76 33.54 31.3 33.11 30.87 32.7 30.46 32.31 30.08 31.95 29.73 31.62 29.41 31.32 29.12 31.05 28.86 30.81 22.0 24.0 7.0 7.28 8.0 8.25 9.0 9.22 2.24 1.0 2.0 0.0 25.0 23.85 25.81 24.7 42.06 43.05 14.32 16.28 38.59 37.59 5.0 3.61 
9.49 11.4 9.22 11.18 9.06 11.05 9.0 11.0 8.0 10.0 8.06 10.05 8.25 10.2 8.54 10.44 8.94 10.77 9.43 11.18 10.0 11.66 10.63 12.21 11.31 12.81 15.13 15.52 19.85 21.4 19.21 20.81 18.6 20.25 26.08 24.41 26.63 25.0 0.0 2.0 1.0 2.24 22.0 22.09 18.97 18.44 13.93 13.34 20.25 21.4 
10.3 12.08 9.85 11.7 9.49 11.4 9.22 11.18 8.25 10.2 8.06 10.05 8.0 10.0 8.06 10.05 8.25 10.2 8.54 10.44 8.94 10.77 9.43 11.18 10.0 11.66 13.15 13.6 18.38 19.85 17.69 19.21 17.03 18.6 25.06 23.32 25.55 23.85 2.0 0.0 2.24 1.0 24.0 24.08 17.09 16.49 14.76 13.93 19.24 20.25 
8.54 10.44 8.25 10.2 8.06 10.05 8.0 10.0 7.0 9.0 7.07 9.06 7.28 9.22 7.62 9.49 8.06 9.85 8.6 10.3 9.22 10.82 9.9 11.4 10.63 12.04 15.03 15.3 20.52 22.02 19.85 21.4 19.21 20.81 26.93 25.24 27.46 25.81 1.0 2.24 0.0 2.0 22.02 22.02 19.31 18.68 13.0 12.37 21.1 22.2 
9.43 11.18 8.94 10.77 8.54 10.44 8.25 10.2 7.28 9.22 7.07 9.06 7.0 9.0 7.07 9.06 7.28 9.22 7.62 9.49 8.06 9.85 8.6 10.3 9.22 10.82 13.04 13.34 19.1 20.52 18.38 19.85 17.69 19.21 25.94 24.19 26.42 24.7 2.24 1.0 2.0 0.0 24.02 24.02 17.46 16.76 13.89 13.0 20.12 21.1 
21.02 21.95 21.93 22.83 22.85 23.71 23.77 24.6 23.41 24.17 24.35 25.08 25.3 26.0 26.25 26.93 27.2 27.86 28.16 28.79 29.12 29.73 30.08 30.68 31.05 31.62 37.05 37.22 39.22 41.11 38.9 40.8 38.6 40.52 42.19 41.18 43.05 42.06 22.0 24.0 22.02 24.02 0.0 2.0 40.45 40.2 21.4 23.02 37.12 38.91 
20.25 21.02 21.19 21.93 22.14 22.85 23.09 23.77 22.8 23.41 23.77 24.35 24.74 25.3 25.71 26.25 26.68 27.2 27.66 28.16 28.64 29.12 29.61 30.08 30.59 31.05 37.0 37.05 39.92 41.79 39.56 41.44 39.22 41.11 43.27 42.19 44.1 43.05 22.09 24.08 22.02 24.02 2.0 0.0 40.79 40.45 20.25 21.95 38.08 39.82 
25.81 27.02 25.0 26.25 24.21 25.5 23.43 24.76 22.8 24.08 22.02 23.35 21.26 22.63 20.52 21.93 19.8 21.26 19.1 20.62 18.44 20.0 17.8 19.42 17.2 18.87 8.54 10.44 7.62 7.07 6.71 6.08 5.83 5.1 16.49 14.56 16.28 14.32 18.97 17.09 19.31 17.46 40.45 40.79 0.0 2.0 29.83 28.32 13.04 12.08 
24.7 25.81 23.85 25.0 23.02 24.21 22.2 23.43 21.63 22.8 20.81 22.02 20.0 21.26 19.21 20.52 18.44 19.8 17.69 19.1 16.97 18.44 16.28 17.8 15.62 17.2 6.71 8.54 9.49 9.06 8.54 8.06 7.62 7.07 18.44 16.49 18.25 16.28 18.44 16.49 18.68 16.76 40.2 40.45 2.0 0.0 28.6 27.02 14.76 13.93 
4.47 2.83 5.0 3.61 5.66 4.47 6.4 5.39 7.07 5.83 7.81 6.71 8.6 7.62 9.43 8.54 10.3 9.49 11.18 10.44 12.08 11.4 13.0 12.37 13.93 13.34 22.83 21.93 32.8 34.06 32.02 33.3 31.24 32.56 39.82 38.08 40.31 38.59 13.93 14.76 13.0 13.89 21.4 20.25 29.83 28.6 0.0 2.0 34.0 34.99 
4.0 2.0 4.12 2.24 4.47 2.83 5.0 3.61 5.83 4.24 6.4 5.0 7.07 5.83 7.81 6.71 8.6 7.62 9.43 8.54 10.3 9.49 11.18 10.44 12.08 11.4 21.1 20.12 31.62 32.8 30.81 32.02 30.0 31.24 38.91 37.12 39.36 37.59 13.34 13.93 12.37 13.0 23.02 21.95 28.32 27.02 2.0 0.0 33.11 34.0 
29.53 31.3 29.07 30.87 28.64 30.46 28.23 30.08 27.31 29.15 26.93 28.79 26.57 28.46 26.25 28.16 25.96 27.89 25.71 27.66 25.5 27.46 25.32 27.29 25.18 27.17 19.42 21.38 5.66 7.21 6.4 7.81 7.21 8.49 5.83 4.24 6.4 5.0 20.25 19.24 21.1 20.12 37.12 38.08 13.04 14.76 34.0 33.11 0.0 2.0 
30.53 32.25 30.02 31.76 29.53 31.3 29.07 30.87 28.18 29.97 27.73 29.55 27.31 29.15 26.93 28.79 26.57 28.46 26.25 28.16 25.96 27.89 25.71 27.66 25.5 27.46 19.1 21.1 4.47 5.66 5.39 6.4 6.32 7.21 5.1 3.16 5.39 3.61 21.4 20.25 22.2 21.1 38.91 39.82 12.08 13.93 34.99 34.0 2.0 0.0 
