80
0.0 2.0 1.0 2.24 2.0 2.83 3.0 3.61 4.0 4.47 5.0 5.39 6.0 6.32 7.0 7.28 8.0 8.25 9.0 9.22 10.0 10.2 11.0 11.18 12.0 12.17 13.0 13.15 14.0 14.14 15.0 15.13 16.0 16.12 17.0 17.12 67.27 65.31 67.08 65.12 66.91 64.94 66.75 64.78 66.61 64.63 66.48 64.5 66.37 64.38 66.27 64.28 66.19 64.2 27.2 25.3 8.06 6.08 60.88 59.55 75.8 74.79 50.45 48.92 53.74 52.35 51.55 49.65 72.95 71.28 36.77 34.93 71.02 69.97 27.51 25.63 71.18 69.35 37.48 35.51 
2.0 0.0 2.24 1.0 2.83 2.0 3.61 3.0 4.47 4.0 5.39 5.0 6.32 6.0 7.28 7.0 8.25 8.0 9.22 9.0 10.2 10.0 11.18 11.0 12.17 12.0 13.15 13.0 14.14 14.0 15.13 15.0 16.12 16.0 17.12 17.0 69.23 67.27 69.05 67.08 68.88 66.91 68.73 66.75 68.59 66.61 68.47 66.48 68.36 66.37 68.26 66.27 68.18 66.19 29.12 27.2 8.54 6.71 62.37 61.07 77.52 76.54 52.01 50.45 55.17 53.74 53.45 51.55 74.63 72.95 37.58 35.78 72.72 71.69 29.41 27.51 73.01 71.18 39.46 37.48 
1.0 2.24 0.0 2.0 1.0 2.24 2.0 2.83 3.0 3.61 4.0 4.47 5.0 5.39 6.0 6.32 7.0 7.28 8.0 8.25 9.0 9.22 10.0 10.2 11.0 11.18 12.0 12.17 13.0 13.15 14.0 14.14 15.0 15.13 16.0 16.12 67.47 65.51 67.27 65.31 67.08 65.12 66.91 64.94 66.75 64.78 66.61 64.63 66.48 64.5 66.37 64.38 66.27 64.28 27.51 25.63 9.06 7.07 61.55 60.21 76.32 75.29 51.09 49.58 54.45 53.08 51.87 49.98 73.5 71.85 37.7 35.85 71.56 70.49 27.86 26.0 71.59 69.78 37.34 35.36 
2.24 1.0 2.0 0.0 2.24 1.0 2.83 2.0 3.61 3.0 4.47 4.0 5.39 5.0 6.32 6.0 7.28 7.0 8.25 8.0 9.22 9.0 10.2 10.0 11.18 11.0 12.17 12.0 13.15 13.0 14.14 14.0 15.13 15.0 16.12 16.0 69.43 67.47 69.23 67.27 69.05 67.08 68.88 66.91 68.73 66.75 68.59 66.61 68.47 66.48 68.36 66.37 68.26 66.27 29.41 27.51 9.49 7.62 63.03 61.72 78.03 77.03 52.63 51.09 55.87 54.45 53.76 51.87 75.17 73.5 38.48 36.67 73.25 72.2 29.73 27.86 73.41 71.59 39.32 37.34 
2.0 2.83 1.0 2.24 0.0 2.0 1.0 2.24 2.0 2.83 3.0 3.61 4.0 4.47 5.0 5.39 6.0 6.32 7.0 7.28 8.0 8.25 9.0 9.22 10.0 10.2 11.0 11.18 12.0 12.17 13.0 13.15 14.0 14.14 15.0 15.13 67.68 65.73 67.47 65.51 67.27 65.31 67.08 65.12 66.91 64.94 66.75 64.78 66.61 64.63 66.48 64.5 66.37 64.38 27.86 26.0 10.05 8.06 62.24 60.88 76.85 75.8 51.74 50.25 55.17 53.81 52.2 50.33 74.06 72.42 38.63 36.77 72.11 71.02 28.23 26.4 72.01 70.21 37.22 35.23 
2.83 2.0 2.24 1.0 2.0 0.0 2.24 1.0 2.83 2.0 3.61 3.0 4.47 4.0 5.39 5.0 6.32 6.0 7.28 7.0 8.25 8.0 9.22 9.0 10.2 10.0 11.18 11.0 12.17 12.0 13.15 13.0 14.14 14.0 15.13 15.0 69.63 67.68 69.43 67.47 69.23 67.27 69.05 67.08 68.88 66.91 68.73 66.75 68.59 66.61 68.47 66.48 68.36 66.37 29.73 27.86 10.44 8.54 63.7 62.37 78.55 77.52 53.26 51.74 56.57 55.17 54.08 52.2 75.72 74.06 39.4 37.58 73.78 72.72 30.08 28.23 73.82 72.01 39.2 37.22 
3.0 3.61 2.0 2.83 1.0 2.24 0.0 2.0 1.0 2.24 2.0 2.83 3.0 3.61 4.0 4.47 5.0 5.39 6.0 6.32 7.0 7.28 8.0 8.25 9.0 9.22 10.0 10.2 11.0 11.18 12.0 12.17 13.0 13.15 14.0 14.14 67.91 65.97 67.68 65.73 67.47 65.51 67.27 65.31 67.08 65.12 66.91 64.94 66.75 64.78 66.61 64.63 66.48 64.5 28.23 26.4 11.05 9.06 62.94 61.55 77.39 76.32 52.4 50.93 55.9 54.56 52.55 50.7 74.63 73.01 39.56 37.7 72.67 71.56 28.64 26.83 72.45 70.66 37.12 35.13 
3.61 3.0 2.83 2.0 2.24 1.0 2.0 0.0 2.24 1.0 2.83 2.0 3.61 3.0 4.47 4.0 5.39 5.0 6.32 6.0 7.28 7.0 8.25 8.0 9.22 9.0 10.2 10.0 11.18 11.0 12.17 12.0 13.15 13.0 14.14 14.0 69.86 67.91 69.63 67.68 69.43 67.47 69.23 67.27 69.05 67.08 68.88 66.91 68.73 66.75 68.59 66.61 68.47 66.48 30.08 28.23 11.4 9.49 64.38 63.03 79.08 78.03 53.91 52.4 57.28 55.9 54.42 52.55 76.28 74.63 40.31 38.48 74.33 73.25 30.46 28.64 74.25 72.45 39.12 37.12 
4.0 4.47 3.0 3.61 2.0 2.83 1.0 2.24 0.0 2.0 1.0 2.24 2.0 2.83 3.0 3.61 4.0 4.47 5.0 5.39 6.0 6.32 7.0 7.28 8.0 8.25 9.0 9.22 10.0 10.2 11.0 11.18 12.0 12.17 13.0 13.15 68.15 66.22 67.91 65.97 67.68 65.73 67.47 65.51 67.27 65.31 67.08 65.12 66.91 64.94 66.75 64.78 66.61 64.63 28.64 26.83 12.04 10.05 63.64 62.24 77.94 76.85 53.08 51.62 56.64 55.32 52.92 51.08 75.21 73.6 40.5 38.63 73.24 72.11 29.07 27.29 72.9 71.12 37.05 35.06 
4.47 4.0 3.61 3.0 2.83 2.0 2.24 1.0 2.0 0.0 2.24 1.0 2.83 2.0 3.61 3.0 4.47 4.0 5.39 5.0 6.32 6.0 7.28 7.0 8.25 8.0 9.22 9.0 10.2 10.0 11.18 11.0 12.17 12.0 13.15 13.0 70.09 68.15 69.86 67.91 69.63 67.68 69.43 67.47 69.23 67.27 69.05 67.08 68.88 66.91 68.73 66.75 68.59 66.61 30.46 28.64 12.37 10.44 65.07 63.7 79.61 78.55 54.56 53.08 58.0 56.64 54.78 52.92 76.84 75.21 41.23 39.4 74.89 73.78 30.87 29.07 74.69 72.9 39.05 37.05 
5.0 5.39 4.0 4.47 3.0 3.61 2.0 2.83 1.0 2.24 0.0 2.0 1.0 2.24 2.0 2.83 3.0 3.61 4.0 4.47 5.0 5.39 6.0 6.32 7.0 7.28 8.0 8.25 9.0 9.22 10.0 10.2 11.0 11.18 12.0 12.17 68.41 66.48 68.15 66.22 67.91 65.97 67.68 65.73 67.47 65.51 67.27 65.31 67.08 65.12 66.91 64.94 66.75 64.78 29.07 27.29 13.04 11.05 64.35 62.94 78.49 77.39 53.76 52.33 57.38 56.08 53.31 51.48 75.8 74.2 41.44 39.56 73.82 72.67 29.53 27.78 73.36 71.59 37.01 35.01 
5.39 5.0 4.47 4.0 3.61 3.0 2.83 2.0 2.24 1.0 2.0 0.0 2.24 1.0 2.83 2.0 3.61 3.0 4.47 4.0 5.39 5.0 6.32 6.0 7.28 7.0 8.25 8.0 9.22 9.0 10.2 10.0 11.18 11.0 12.17 12.0 70.34 68.41 70.09 68.15 69.86 67.91 69.63 67.68 69.43 67.47 69.23 67.27 69.05 67.08 68.88 66.91 68.73 66.75 30.87 29.07 13.34 11.4 65.76 64.38 80.16 79.08 55.23 53.76 58.73 57.38 55.15 53.31 77.42 75.8 42.15 40.31 75.45 74.33 31.3 29.53 75.13 73.36 39.01 37.01 
6.0 6.32 5.0 5.39 4.0 4.47 3.0 3.61 2.0 2.83 1.0 2.24 0.0 2.0 1.0 2.24 2.0 2.83 3.0 3.61 4.0 4.47 5.0 5.39 6.0 6.32 7.0 7.28 8.0 8.25 9.0 9.22 10.0 10.2 11.0 11.18 68.68 66.76 68.41 66.48 68.15 66.22 67.91 65.97 67.68 65.73 67.47 65.51 67.27 65.31 67.08 65.12 66.91 64.94 29.53 27.78 14.04 12.04 65.07 63.64 79.06 77.94 54.45 53.04 58.14 56.85 53.71 51.89 76.4 74.81 42.38 40.5 74.4 73.24 30.02 28.3 73.82 72.07 37.0 35.0 
6.32 6.0 5.39 5.0 4.47 4.0 3.61 3.0 2.83 2.0 2.24 1.0 2.0 0.0 2.24 1.0 2.83 2.0 3.61 3.0 4.47 4.0 5.39 5.0 6.32 6.0 7.28 7.0 8.25 8.0 9.22 9.0 10.2 10.0 11.18 11.0 70.6 68.68 70.34 68.41 70.09 68.15 69.86 67.91 69.63 67.68 69.43 67.47 69.23 67.27 69.05 67.08 68.88 66.91 31.3 29.53 14.32 12.37 66.47 65.07 80.71 79.61 55.9 54.45 59.46 58.14 55.54 53.71 78.01 76.4 43.08 41.23 76.03 74.89 31.76 30.02 75.59 73.82 39.0 37.0 
7.0 7.28 6.0 6.32 5.0 5.39 4.0 4.47 3.0 3.61 2.0 2.83 1.0 2.24 0.0 2.0 1.0 2.24 2.0 2.83 3.0 3.61 4.0 4.47 5.0 5.39 6.0 6.32 7.0 7.28 8.0 8.25 9.0 9.22 10.0 10.2 68.96 67.05 68.68 66.76 68.41 66.48 68.15 66.22 67.91 65.97 67.68 65.73 67.47 65.51 67.27 65.31 67.08 65.12 30.02 28.3 15.03 13.04 65.8 64.35 79.63 78.49 55.15 53.76 58.9 57.63 54.13 52.33 77.01 75.43 43.32 41.44 75.0 73.82 30.53 28.84 74.3 72.56 37.01 35.01 
7.28 7.0 6.32 6.0 5.39 5.0 4.47 4.0 3.61 3.0 2.83 2.0 2.24 1.0 2.0 0.0 2.24 1.0 2.83 2.0 3.61 3.0 4.47 4.0 5.39 5.0 6.32 6.0 7.28 7.0 8.25 8.0 9.22 9.0 10.2 10.0 70.88 68.96 70.6 68.68 70.34 68.41 70.09 68.15 69.86 67.91 69.63 67.68 69.43 67.47 69.23 67.27 69.05 67.08 31.76 30.02 15.3 13.34 67.18 65.76 81.27 80.16 56.59 55.15 60.21 58.9 55.95 54.13 78.6 77.01 44.01 42.15 76.61 75.45 32.25 30.53 76.06 74.3 39.01 37.01 
8.0 8.25 7.0 7.28 6.0 6.32 5.0 5.39 4.0 4.47 3.0 3.61 2.0 2.83 1.0 2.24 0.0 2.0 1.0 2.24 2.0 2.83 3.0 3.61 4.0 4.47 5.0 5.39 6.0 6.32 7.0 7.28 8.0 8.25 9.0 9.22 69.26 67.36 68.96 67.05 68.68 66.76 68.41 66.48 68.15 66.22 67.91 65.97 67.68 65.73 67.47 65.51 67.27 65.31 30.53 28.84 16.03 14.04 66.53 65.07 80.21 79.06 55.87 54.49 59.67 58.41 54.56 52.77 77.62 76.06 44.27 42.38 75.6 74.4 31.06 29.41 74.79 73.06 37.05 35.06 
8.25 8.0 7.28 7.0 6.32 6.0 5.39 5.0 4.47 4.0 3.61 3.0 2.83 2.0 2.24 1.0 2.0 0.0 2.24 1.0 2.83 2.0 3.61 3.0 4.47 4.0 5.39 5.0 6.32 6.0 7.28 7.0 8.25 8.0 9.22 9.0 71.17 69.26 70.88 68.96 70.6 68.68 70.34 68.41 70.09 68.15 69.86 67.91 69.63 67.68 69.43 67.47 69.23 67.27 32.25 30.53 16.28 14.32 67.9 66.47 81.84 80.71 57.28 55.87 60.96 59.67 56.36 54.56 79.2 77.62 44.94 43.08 77.2 76.03 32.76 31.06 76.54 74.79 39.05 37.05 
9.0 9.22 8.0 8.25 7.0 7.28 6.0 6.32 5.0 5.39 4.0 4.47 3.0 3.61 2.0 2.83 1.0 2.24 0.0 2.0 1.0 2.24 2.0 2.83 3.0 3.61 4.0 4.47 5.0 5.39 6.0 6.32 7.0 7.28 8.0 8.25 69.57 67.68 69.26 67.36 68.96 67.05 68.68 66.76 68.41 66.48 68.15 66.22 67.91 65.97 67.68 65.73 67.47 65.51 31.06 29.41 17.03 15.03 67.27 65.8 80.8 79.63 56.59 55.23 60.44 59.2 55.01 53.24 78.24 76.69 45.22 43.32 76.22 75.0 31.62 30.0 75.29 73.57 37.12 35.13 
9.22 9.0 8.25 8.0 7.28 7.0 6.32 6.0 5.39 5.0 4.47 4.0 3.61 3.0 2.83 2.0 2.24 1.0 2.0 0.0 2.24 1.0 2.83 2.0 3.61 3.0 4.47 4.0 5.39 5.0 6.32 6.0 7.28 7.0 8.25 8.0 71.47 69.57 71.17 69.26 70.88 68.96 70.6 68.68 70.34 68.41 70.09 68.15 69.86 67.91 69.63 67.68 69.43 67.47 32.76 31.06 17.26 15.3 68.62 67.18 82.42 81.27 57.98 56.59 61.72 60.44 56.8 55.01 79.81 78.24 45.88 44.01 77.8 76.61 33.29 31.62 77.03 75.29 39.12 37.12 
10.0 10.2 9.0 9.22 8.0 8.25 7.0 7.28 6.0 6.32 5.0 5.39 4.0 4.47 3.0 3.61 2.0 2.83 1.0 2.24 0.0 2.0 1.0 2.24 2.0 2.83 3.0 3.61 4.0 4.47 5.0 5.39 6.0 6.32 7.0 7.28 69.89 68.01 69.57 67.68 69.26 67.36 68.96 67.05 68.68 66.76 68.41 66.48 68.15 66.22 67.91 65.97 67.68 65.73 31.62 30.0 18.03 16.03 68.01 66.53 81.4 80.21 57.31 55.97 61.22 60.0 55.47 53.71 78.87 77.34 46.17 44.27 76.84 75.6 32.2 30.61 75.8 74.09 37.22 35.23 
10.2 10.0 9.22 9.0 8.25 8.0 7.28 7.0 6.32 6.0 5.39 5.0 4.47 4.0 3.61 3.0 2.83 2.0 2.24 1.0 2.0 0.0 2.24 1.0 2.83 2.0 3.61 3.0 4.47 4.0 5.39 5.0 6.32 6.0 7.28 7.0 71.78 69.89 71.47 69.57 71.17 69.26 70.88 68.96 70.6 68.68 70.34 68.41 70.09 68.15 69.86 67.91 69.63 67.68 33.29 31.62 18.25 16.28 69.35 67.9 83.01 81.84 58.69 57.31 62.48 61.22 57.25 55.47 80.43 78.87 46.82 44.94 78.41 77.2 33.84 32.2 77.52 75.8 39.2 37.22 
11.0 11.18 10.0 10.2 9.0 9.22 8.0 8.25 7.0 7.28 6.0 6.32 5.0 5.39 4.0 4.47 3.0 3.61 2.0 2.83 1.0 2.24 0.0 2.0 1.0 2.24 2.0 2.83 3.0 3.61 4.0 4.47 5.0 5.39 6.0 6.32 70.23 68.35 69.89 68.01 69.57 67.68 69.26 67.36 68.96 67.05 68.68 66.76 68.41 66.48 68.15 66.22 67.91 65.97 32.2 30.61 19.03 17.03 68.77 67.27 82.01 80.8 58.05 56.73 62.01 60.8 55.95 54.2 79.51 77.99 47.13 45.22 77.47 76.22 32.8 31.24 76.32 74.63 37.34 35.36 
11.18 11.0 10.2 10.0 9.22 9.0 8.25 8.0 7.28 7.0 6.32 6.0 5.39 5.0 4.47 4.0 3.61 3.0 2.83 2.0 2.24 1.0 2.0 0.0 2.24 1.0 2.83 2.0 3.61 3.0 4.47 4.0 5.39 5.0 6.32 6.0 72.11 70.23 71.78 69.89 71.47 69.57 71.17 69.26 70.88 68.96 70.6 68.68 70.34 68.41 70.09 68.15 69.86 67.91 33.84 32.2 19.24 17.26 70.09 68.62 83.6 82.42 59.41 58.05 63.25 62.01 57.71 55.95 81.06 79.51 47.76 45.88 79.03 77.8 34.41 32.8 78.03 76.32 39.32 37.34 
12.0 12.17 11.0 11.18 10.0 10.2 9.0 9.22 8.0 8.25 7.0 7.28 6.0 6.32 5.0 5.39 4.0 4.47 3.0 3.61 2.0 2.83 1.0 2.24 0.0 2.0 1.0 2.24 2.0 2.83 3.0 3.61 4.0 4.47 5.0 5.39 70.58 68.71 70.23 68.35 69.89 68.01 69.57 67.68 69.26 67.36 68.96 67.05 68.68 66.76 68.41 66.48 68.15 66.22 32.8 31.24 20.02 18.03 69.53 68.01 82.62 81.4 58.8 57.49 62.8 61.61 56.44 54.71 80.16 78.64 48.08 46.17 78.1 76.84 33.42 31.89 76.85 75.17 37.48 35.51 
12.17 12.0 11.18 11.0 10.2 10.0 9.22 9.0 8.25 8.0 7.28 7.0 6.32 6.0 5.39 5.0 4.47 4.0 3.61 3.0 2.83 2.0 2.24 1.0 2.0 0.0 2.24 1.0 2.83 2.0 3.61 3.0 4.47 4.0 5.39 5.0 72.45 70.58 72.11 70.23 71.78 69.89 71.47 69.57 71.17 69.26 70.88 68.96 70.6 68.68 70.34 68.41 70.09 68.15 34.41 32.8 20.22 18.25 70.84 69.35 84.2 83.01 60.14 58.8 64.03 62.8 58.18 56.44 81.69 80.16 48.7 46.82 79.65 78.41 35.0 33.42 78.55 76.85 39.46 37.48 
13.0 13.15 12.0 12.17 11.0 11.18 10.0 10.2 9.0 9.22 8.0 8.25 7.0 7.28 6.0 6.32 5.0 5.39 4.0 4.47 3.0 3.61 2.0 2.83 1.0 2.24 0.0 2.0 1.0 2.24 2.0 2.83 3.0 3.61 4.0 4.47 70.94 69.08 70.58 68.71 70.23 68.35 69.89 68.01 69.57 67.68 69.26 67.36 68.96 67.05 68.68 66.76 68.41 66.48 33.42 31.89 21.02 19.03 70.29 68.77 83.24 82.01 59.55 58.26 63.6 62.43 56.94 55.23 80.81 79.31 49.04 47.13 78.75 77.47 34.06 32.56 77.39 75.72 37.66 35.69 
13.15 13.0 12.17 12.0 11.18 11.0 10.2 10.0 9.22 9.0 8.25 8.0 7.28 7.0 6.32 6.0 5.39 5.0 4.47 4.0 3.61 3.0 2.83 2.0 2.24 1.0 2.0 0.0 2.24 1.0 2.83 2.0 3.61 3.0 4.47 4.0 72.8 70.94 72.45 70.58 72.11 70.23 71.78 69.89 71.47 69.57 71.17 69.26 70.88 68.96 70.6 68.68 70.34 68.41 35.0 33.42 21.21 19.24 71.59 70.09 84.81 83.6 60.88 59.55 64.82 63.6 58.67 56.94 82.33 80.81 49.65 47.76 80.28 79.03 35.61 34.06 79.08 77.39 39.62 37.66 
14.0 14.14 13.0 13.15 12.0 12.17 11.0 11.18 10.0 10.2 9.0 9.22 8.0 8.25 7.0 7.28 6.0 6.32 5.0 5.39 4.0 4.47 3.0 3.61 2.0 2.83 1.0 2.24 0.0 2.0 1.0 2.24 2.0 2.83 3.0 3.61 71.31 69.46 70.94 69.08 70.58 68.71 70.23 68.35 69.89 68.01 69.57 67.68 69.26 67.36 68.96 67.05 68.68 66.76 34.06 32.56 22.02 20.02 71.06 69.53 83.87 82.62 60.31 59.03 64.4 63.25 57.45 55.76 81.47 79.98 50.0 48.08 79.4 78.1 34.71 33.24 77.94 76.28 37.85 35.9 
14.14 14.0 13.15 13.0 12.17 12.0 11.18 11.0 10.2 10.0 9.22 9.0 8.25 8.0 7.28 7.0 6.32 6.0 5.39 5.0 4.47 4.0 3.61 3.0 2.83 2.0 2.24 1.0 2.0 0.0 2.24 1.0 2.83 2.0 3.61 3.0 73.16 71.31 72.8 70.94 72.45 70.58 72.11 70.23 71.78 69.89 71.47 69.57 71.17 69.26 70.88 68.96 70.6 68.68 35.61 34.06 22.2 20.22 72.35 70.84 85.43 84.2 61.62 60.31 65.6 64.4 59.17 57.45 82.98 81.47 50.6 48.7 80.92 79.65 36.24 34.71 79.61 77.94 39.81 37.85 
15.0 15.13 14.0 14.14 13.0 13.15 12.0 12.17 11.0 11.18 10.0 10.2 9.0 9.22 8.0 8.25 7.0 7.28 6.0 6.32 5.0 5.39 4.0 4.47 3.0 3.61 2.0 2.83 1.0 2.24 0.0 2.0 1.0 2.24 2.0 2.83 71.69 69.86 71.31 69.46 70.94 69.08 70.58 68.71 70.23 68.35 69.89 68.01 69.57 67.68 69.26 67.36 68.96 67.05 34.71 33.24 23.02 21.02 71.84 70.29 84.5 83.24 61.07 59.82 65.22 64.07 57.98 56.3 82.13 80.66 50.96 49.04 80.06 78.75 35.38 33.94 78.49 76.84 38.08 36.14 
15.13 15.0 14.14 14.0 13.15 13.0 12.17 12.0 11.18 11.0 10.2 10.0 9.22 9.0 8.25 8.0 7.28 7.0 6.32 6.0 5.39 5.0 4.47 4.0 3.61 3.0 2.83 2.0 2.24 1.0 2.0 0.0 2.24 1.0 2.83 2.0 73.54 71.69 73.16 71.31 72.8 70.94 72.45 70.58 72.11 70.23 71.78 69.89 71.47 69.57 71.17 69.26 70.88 68.96 36.24 34.71 23.19 21.21 73.11 71.59 86.05 84.81 62.37 61.07 66.4 65.22 59.68 57.98 83.63 82.13 51.55 49.65 81.57 80.28 36.88 35.38 80.16 78.49 40.02 38.08 
16.0 16.12 15.0 15.13 14.0 14.14 13.0 13.15 12.0 12.17 11.0 11.18 10.0 10.2 9.0 9.22 8.0 8.25 7.0 7.28 6.0 6.32 5.0 5.39 4.0 4.47 3.0 3.61 2.0 2.83 1.0 2.24 0.0 2.0 1.0 2.24 72.09 70.26 71.69 69.86 71.31 69.46 70.94 69.08 70.58 68.71 70.23 68.35 69.89 68.01 69.57 67.68 69.26 67.36 35.38 33.94 24.02 22.02 72.62 71.06 85.15 83.87 61.85 60.61 66.03 64.9 58.52 56.86 82.81 81.34 51.92 50.0 80.72 79.4 36.07 34.66 79.06 77.42 38.33 36.4 
16.12 16.0 15.13 15.0 14.14 14.0 13.15 13.0 12.17 12.0 11.18 11.0 10.2 10.0 9.22 9.0 8.25 8.0 7.28 7.0 6.32 6.0 5.39 5.0 4.47 4.0 3.61 3.0 2.83 2.0 2.24 1.0 2.0 0.0 2.24 1.0 73.93 72.09 73.54 71.69 73.16 71.31 72.8 70.94 72.45 70.58 72.11 70.23 71.78 69.89 71.47 69.57 71.17 69.26 36.88 35.38 24.19 22.2 73.88 72.35 86.68 85.43 63.13 61.85 67.2 66.03 60.21 58.52 84.29 82.81 52.5 50.6 82.22 80.92 37.54 36.07 80.71 79.06 40.26 38.33 
17.0 17.12 16.0 16.12 15.0 15.13 14.0 14.14 13.0 13.15 12.0 12.17 11.0 11.18 10.0 10.2 9.0 9.22 8.0 8.25 7.0 7.28 6.0 6.32 5.0 5.39 4.0 4.47 3.0 3.61 2.0 2.83 1.0 2.24 0.0 2.0 72.5 70.68 72.09 70.26 71.69 69.86 71.31 69.46 70.94 69.08 70.58 68.71 70.23 68.35 69.89 68.01 69.57 67.68 36.07 34.66 25.02 23.02 73.41 71.84 85.8 84.5 62.63 61.4 66.85 65.73 59.08 57.43 83.49 82.04 52.89 50.96 81.39 80.06 36.77 35.38 79.63 78.01 38.6 36.69 
17.12 17.0 16.12 16.0 15.13 15.0 14.14 14.0 13.15 13.0 12.17 12.0 11.18 11.0 10.2 10.0 9.22 9.0 8.25 8.0 7.28 7.0 6.32 6.0 5.39 5.0 4.47 4.0 3.61 3.0 2.83 2.0 2.24 1.0 2.0 0.0 74.32 72.5 73.93 72.09 73.54 71.69 73.16 71.31 72.8 70.94 72.45 70.58 72.11 70.23 71.78 69.89 71.47 69.57 37.54 36.07 25.18 23.19 74.65 73.11 87.32 86.05 63.89 62.63 68.01 66.85 60.75 59.08 84.96 83.49 53.45 51.55 82.88 81.57 38.21 36.77 81.27 79.63 40.52 38.6 
67.27 69.23 67.47 69.43 67.68 69.63 67.91 69.86 68.15 70.09 68.41 70.34 68.68 70.6 68.96 70.88 69.26 71.17 69.57 71.47 69.89 71.78 70.23 72.11 70.58 72.45 70.94 72.8 71.31 73.16 71.69 73.54 72.09 73.93 72.5 74.32 0.0 2.0 1.0 2.24 2.0 2.83 3.0 3.61 4.0 4.47 5.0 5.39 6.0 6.32 7.0 7.28 8.0 8.25 40.31 42.3 65.19 65.38 35.0 33.42 26.02 24.02 33.02 34.67 37.54 39.05 17.26 19.24 27.46 27.89 56.08 55.36 25.71 23.77 40.2 42.19 16.03 16.28 34.67 36.36 
65.31 67.27 65.51 67.47 65.73 67.68 65.97 67.91 66.22 68.15 66.48 68.41 66.76 68.68 67.05 68.96 67.36 69.26 67.68 69.57 68.01 69.89 68.35 70.23 68.71 70.58 69.08 70.94 69.46 71.31 69.86 71.69 70.26 72.09 70.68 72.5 2.0 0.0 2.24 1.0 2.83 2.0 3.61 3.0 4.47 4.0 5.39 5.0 6.32 6.0 7.28 7.0 8.25 8.0 38.33 40.31 63.2 63.39 33.84 32.2 26.02 24.02 31.4 33.02 36.07 37.54 15.3 17.26 27.17 27.46 54.23 53.49 25.32 23.35 38.21 40.2 16.03 16.03 33.02 34.67 
67.08 69.05 67.27 69.23 67.47 69.43 67.68 69.63 67.91 69.86 68.15 70.09 68.41 70.34 68.68 70.6 68.96 70.88 69.26 71.17 69.57 71.47 69.89 71.78 70.23 72.11 70.58 72.45 70.94 72.8 71.31 73.16 71.69 73.54 72.09 73.93 1.0 2.24 0.0 2.0 1.0 2.24 2.0 2.83 3.0 3.61 4.0 4.47 5.0 5.39 6.0 6.32 7.0 7.28 40.2 42.19 65.12 65.28 35.81 34.21 27.02 25.02 33.6 35.23 38.21 39.7 17.46 19.42 28.44 28.86 56.46 55.71 26.68 24.74 40.11 42.11 17.03 17.26 34.13 35.85 
65.12 67.08 65.31 67.27 65.51 67.47 65.73 67.68 65.97 67.91 66.22 68.15 66.48 68.41 66.76 68.68 67.05 68.96 67.36 69.26 67.68 69.57 68.01 69.89 68.35 70.23 68.71 70.58 69.08 70.94 69.46 71.31 69.86 71.69 70.26 72.09 2.24 1.0 2.0 0.0 2.24 1.0 2.83 2.0 3.61 3.0 4.47 4.0 5.39 5.0 6.32 6.0 7.28 7.0 38.21 40.2 63.13 63.29 34.67 33.02 27.02 25.02 32.02 33.6 36.77 38.21 15.52 17.46 28.16 28.44 54.63 53.85 26.31 24.33 38.12 40.11 17.03 17.03 32.45 34.13 
66.91 68.88 67.08 69.05 67.27 69.23 67.47 69.43 67.68 69.63 67.91 69.86 68.15 70.09 68.41 70.34 68.68 70.6 68.96 70.88 69.26 71.17 69.57 71.47 69.89 71.78 70.23 72.11 70.58 72.45 70.94 72.8 71.31 73.16 71.69 73.54 2.0 2.83 1.0 2.24 0.0 2.0 1.0 2.24 2.0 2.83 3.0 3.61 4.0 4.47 5.0 5.39 6.0 6.32 40.11 42.11 65.07 65.19 36.62 35.0 28.02 26.02 34.21 35.81 38.9 40.36 17.72 19.65 29.43 29.83 56.86 56.08 27.66 25.71 40.05 42.05 18.03 18.25 33.62 35.36 
64.94 66.91 65.12 67.08 65.31 67.27 65.51 67.47 65.73 67.68 65.97 67.91 66.22 68.15 66.48 68.41 66.76 68.68 67.05 68.96 67.36 69.26 67.68 69.57 68.01 69.89 68.35 70.23 68.71 70.58 69.08 70.94 69.46 71.31 69.86 71.69 2.83 2.0 2.24 1.0 2.0 0.0 2.24 1.0 2.83 2.0 3.61 3.0 4.47 4.0 5.39 5.0 6.32 6.0 38.12 40.11 63.07 63.2 35.51 33.84 28.02 26.02 32.65 34.21 37.48 38.9 15.81 17.72 29.15 29.43 55.04 54.23 27.29 25.32 38.05 40.05 18.03 18.03 31.91 33.62 
66.75 68.73 66.91 68.88 67.08 69.05 67.27 69.23 67.47 69.43 67.68 69.63 67.91 69.86 68.15 70.09 68.41 70.34 68.68 70.6 68.96 70.88 69.26 71.17 69.57 71.47 69.89 71.78 70.23 72.11 70.58 72.45 70.94 72.8 71.31 73.16 3.0 3.61 2.0 2.83 1.0 2.24 0.0 2.0 1.0 2.24 2.0 2.83 3.0 3.61 4.0 4.47 5.0 5.39 40.05 42.05 65.03 65.12 37.44 35.81 29.02 27.02 34.83 36.4 39.6 41.04 18.03 19.92 30.41 30.81 57.27 56.46 28.64 26.68 40.01 42.01 19.03 19.24 33.12 34.89 
64.78 66.75 64.94 66.91 65.12 67.08 65.31 67.27 65.51 67.47 65.73 67.68 65.97 67.91 66.22 68.15 66.48 68.41 66.76 68.68 67.05 68.96 67.36 69.26 67.68 69.57 68.01 69.89 68.35 70.23 68.71 70.58 69.08 70.94 69.46 71.31 3.61 3.0 2.83 2.0 2.24 1.0 2.0 0.0 2.24 1.0 2.83 2.0 3.61 3.0 4.47 4.0 5.39 5.0 38.05 40.05 63.03 63.13 36.36 34.67 29.02 27.02 33.3 34.83 38.21 39.6 16.16 18.03 30.15 30.41 55.46 54.63 28.28 26.31 38.01 40.01 19.03 19.03 31.38 33.12 
66.61 68.59 66.75 68.73 66.91 68.88 67.08 69.05 67.27 69.23 67.47 69.43 67.68 69.63 67.91 69.86 68.15 70.09 68.41 70.34 68.68 70.6 68.96 70.88 69.26 71.17 69.57 71.47 69.89 71.78 70.23 72.11 70.58 72.45 70.94 72.8 4.0 4.47 3.0 3.61 2.0 2.83 1.0 2.24 0.0 2.0 1.0 2.24 2.0 2.83 3.0 3.61 4.0 4.47 40.01 42.01 65.01 65.07 38.28 36.62 30.02 28.02 35.47 37.01 40.31 41.73 18.38 20.25 31.4 31.78 57.7 56.86 29.61 27.66 40.0 42.0 20.02 20.22 32.65 34.44 
64.63 66.61 64.78 66.75 64.94 66.91 65.12 67.08 65.31 67.27 65.51 67.47 65.73 67.68 65.97 67.91 66.22 68.15 66.48 68.41 66.76 68.68 67.05 68.96 67.36 69.26 67.68 69.57 68.01 69.89 68.35 70.23 68.71 70.58 69.08 70.94 4.47 4.0 3.61 3.0 2.83 2.0 2.24 1.0 2.0 0.0 2.24 1.0 2.83 2.0 3.61 3.0 4.47 4.0 38.01 40.01 63.01 63.07 37.22 35.51 30.02 28.02 33.97 35.47 38.95 40.31 16.55 18.38 31.14 31.4 55.9 55.04 29.27 27.29 38.0 40.0 20.02 20.02 30.89 32.65 
66.48 68.47 66.61 68.59 66.75 68.73 66.91 68.88 67.08 69.05 67.27 69.23 67.47 69.43 67.68 69.63 67.91 69.86 68.15 70.09 68.41 70.34 68.68 70.6 68.96 70.88 69.26 71.17 69.57 71.47 69.89 71.78 70.23 72.11 70.58 72.45 5.0 5.39 4.0 4.47 3.0 3.61 2.0 2.83 1.0 2.24 0.0 2.0 1.0 2.24 2.0 2.83 3.0 3.61 40.0 42.0 65.0 65.03 39.12 37.44 31.02 29.02 36.12 37.64 41.04 42.43 18.79 20.62 32.39 32.76 58.14 57.27 30.59 28.64 40.01 42.01 21.02 21.21 32.2 34.01 
64.5 66.48 64.63 66.61 64.78 66.75 64.94 66.91 65.12 67.08 65.31 67.27 65.51 67.47 65.73 67.68 65.97 67.91 66.22 68.15 66.48 68.41 66.76 68.68 67.05 68.96 67.36 69.26 67.68 69.57 68.01 69.89 68.35 70.23 68.71 70.58 5.39 5.0 4.47 4.0 3.61 3.0 2.83 2.0 2.24 1.0 2.0 0.0 2.24 1.0 2.83 2.0 3.61 3.0 38.0 40.0 63.0 63.03 38.08 36.36 31.02 29.02 34.66 36.12 39.7 41.04 17.0 18.79 32.14 32.39 56.36 55.46 30.27 28.28 38.01 40.01 21.02 21.02 30.41 32.2 
66.37 68.36 66.48 68.47 66.61 68.59 66.75 68.73 66.91 68.88 67.08 69.05 67.27 69.23 67.47 69.43 67.68 69.63 67.91 69.86 68.15 70.09 68.41 70.34 68.68 70.6 68.96 70.88 69.26 71.17 69.57 71.47 69.89 71.78 70.23 72.11 6.0 6.32 5.0 5.39 4.0 4.47 3.0 3.61 2.0 2.83 1.0 2.24 0.0 2.0 1.0 2.24 2.0 2.83 40.01 42.01 65.01 65.01 39.96 38.28 32.02 30.02 36.8 38.29 41.77 43.14 19.24 21.02 33.38 33.73 58.59 57.7 31.58 29.61 40.05 42.05 22.02 22.2 31.78 33.62 
64.38 66.37 64.5 66.48 64.63 66.61 64.78 66.75 64.94 66.91 65.12 67.08 65.31 67.27 65.51 67.47 65.73 67.68 65.97 67.91 66.22 68.15 66.48 68.41 66.76 68.68 67.05 68.96 67.36 69.26 67.68 69.57 68.01 69.89 68.35 70.23 6.32 6.0 5.39 5.0 4.47 4.0 3.61 3.0 2.83 2.0 2.24 1.0 2.0 0.0 2.24 1.0 2.83 2.0 38.01 40.01 63.01 63.01 38.95 37.22 32.02 30.02 35.36 36.8 40.46 41.77 17.49 19.24 33.14 33.38 56.82 55.9 31.26 29.27 38.05 40.05 22.02 22.02 29.97 31.78 
66.27 68.26 66.37 68.36 66.48 68.47 66.61 68.59 66.75 68.73 66.91 68.88 67.08 69.05 67.27 69.23 67.47 69.43 67.68 69.63 67.91 69.86 68.15 70.09 68.41 70.34 68.68 70.6 68.96 70.88 69.26 71.17 69.57 71.47 69.89 71.78 7.0 7.28 6.0 6.32 5.0 5.39 4.0 4.47 3.0 3.61 2.0 2.83 1.0 2.24 0.0 2.0 1.0 2.24 40.05 42.05 65.03 65.0 40.82 39.12 33.02 31.02 37.48 38.95 42.52 43.86 19.72 21.47 34.37 34.71 59.06 58.14 32.56 30.59 40.11 42.11 23.02 23.19 31.38 33.24 
64.28 66.27 64.38 66.37 64.5 66.48 64.63 66.61 64.78 66.75 64.94 66.91 65.12 67.08 65.31 67.27 65.51 67.47 65.73 67.68 65.97 67.91 66.22 68.15 66.48 68.41 66.76 68.68 67.05 68.96 67.36 69.26 67.68 69.57 68.01 69.89 7.28 7.0 6.32 6.0 5.39 5.0 4.47 4.0 3.61 3.0 2.83 2.0 2.24 1.0 2.0 0.0 2.24 1.0 38.05 40.05 63.03 63.0 39.82 38.08 33.02 31.02 36.07 37.48 41.23 42.52 18.03 19.72 34.13 34.37 57.31 56.36 32.25 30.27 38.12 40.11 23.02 23.02 29.55 31.38 
66.19 68.18 66.27 68.26 66.37 68.36 66.48 68.47 66.61 68.59 66.75 68.73 66.91 68.88 67.08 69.05 67.27 69.23 67.47 69.43 67.68 69.63 67.91 69.86 68.15 70.09 68.41 70.34 68.68 70.6 68.96 70.88 69.26 71.17 69.57 71.47 8.0 8.25 7.0 7.28 6.0 6.32 5.0 5.39 4.0 4.47 3.0 3.61 2.0 2.83 1.0 2.24 0.0 2.0 40.11 42.11 65.07 65.01 41.68 39.96 34.01 32.02 38.18 39.62 43.28 44.6 20.25 21.95 35.36 35.69 59.54 58.59 33.54 31.58 40.2 42.19 24.02 24.19 31.02 32.89 
64.2 66.19 64.28 66.27 64.38 66.37 64.5 66.48 64.63 66.61 64.78 66.75 64.94 66.91 65.12 67.08 65.31 67.27 65.51 67.47 65.73 67.68 65.97 67.91 66.22 68.15 66.48 68.41 66.76 68.68 67.05 68.96 67.36 69.26 67.68 69.57 8.25 8.0 7.28 7.0 6.32 6.0 5.39 5.0 4.47 4.0 3.61 3.0 2.83 2.0 2.24 1.0 2.0 0.0 38.12 40.11 63.07 63.01 40.71 38.95 34.01 32.02 36.8 38.18 42.01 43.28 18.6 20.25 35.13 35.36 57.8 56.82 33.24 31.26 38.21 40.2 24.02 24.02 29.15 31.02 
27.2 29.12 27.51 29.41 27.86 29.73 28.23 30.08 28.64 30.46 29.07 30.87 29.53 31.3 30.02 31.76 30.53 32.25 31.06 32.76 31.62 33.29 32.2 33.84 32.8 34.41 33.42 35.0 34.06 35.61 34.71 36.24 35.38 36.88 36.07 37.54 40.31 38.33 40.2 38.21 40.11 38.12 40.05 38.05 40.01 38.01 40.0 38.0 40.01 38.01 40.05 38.05 40.11 38.12 0.0 2.0 25.0 25.08 38.08 36.36 49.82 48.6 27.29 26.4 32.31 31.62 24.35 22.47 47.42 45.97 28.64 26.83 45.34 44.05 1.0 2.24 44.29 42.54 17.8 16.64 
25.3 27.2 25.63 27.51 26.0 27.86 26.4 28.23 26.83 28.64 27.29 29.07 27.78 29.53 28.3 30.02 28.84 30.53 29.41 31.06 30.0 31.62 30.61 32.2 31.24 32.8 31.89 33.42 32.56 34.06 33.24 34.71 33.94 35.38 34.66 36.07 42.3 40.31 42.19 40.2 42.11 40.11 42.05 40.05 42.01 40.01 42.0 40.0 42.01 40.01 42.05 40.05 42.11 40.11 2.0 0.0 23.0 23.09 39.12 37.44 51.4 50.22 28.3 27.29 33.11 32.31 26.25 24.35 48.92 47.42 27.86 26.0 46.86 45.61 2.24 1.0 46.07 44.29 19.1 17.8 
8.06 8.54 9.06 9.49 10.05 10.44 11.05 11.4 12.04 12.37 13.04 13.34 14.04 14.32 15.03 15.3 16.03 16.28 17.03 17.26 18.03 18.25 19.03 19.24 20.02 20.22 21.02 21.21 22.02 22.2 23.02 23.19 24.02 24.19 25.02 25.18 65.19 63.2 65.12 63.13 65.07 63.07 65.03 63.03 65.01 63.01 65.0 63.0 65.01 63.01 65.03 63.03 65.07 63.07 25.0 23.0 0.0 2.0 55.0 53.82 71.11 70.26 44.94 43.27 47.63 46.1 48.66 46.69 68.0 66.24 29.07 27.29 66.19 65.31 25.02 23.02 67.36 65.46 38.63 36.77 
6.08 6.71 7.07 7.62 8.06 8.54 9.06 9.49 10.05 10.44 11.05 11.4 12.04 12.37 13.04 13.34 14.04 14.32 15.03 15.3 16.03 16.28 17.03 17.26 18.03 18.25 19.03 19.24 20.02 20.22 21.02 21.21 22.02 22.2 23.02 23.19 65.38 63.39 65.28 63.29 65.19 63.2 65.12 63.13 65.07 63.07 65.03 63.03 65.01 63.01 65.0 63.0 65.01 63.01 25.08 23.09 2.0 0.0 56.22 55.0 72.01 71.11 46.04 44.41 48.92 47.42 49.03 47.07 68.96 67.23 30.87 29.07 67.12 66.19 25.18 23.19 68.01 66.13 37.95 36.06 
60.88 62.37 61.55 63.03 62.24 63.7 62.94 64.38 63.64 65.07 64.35 65.76 65.07 66.47 65.8 67.18 66.53 67.9 67.27 68.62 68.01 69.35 68.77 70.09 69.53 70.84 70.29 71.59 71.06 72.35 71.84 73.11 72.62 73.88 73.41 74.65 35.0 33.84 35.81 34.67 36.62 35.51 37.44 36.36 38.28 37.22 39.12 38.08 39.96 38.95 40.82 39.82 41.68 40.71 38.08 39.12 55.0 56.22 0.0 2.0 20.1 20.4 10.82 12.04 7.62 9.49 25.32 25.08 16.03 14.04 31.78 32.28 15.3 15.81 37.22 38.28 23.32 21.63 47.68 48.05 
59.55 61.07 60.21 61.72 60.88 62.37 61.55 63.03 62.24 63.7 62.94 64.38 63.64 65.07 64.35 65.76 65.07 66.47 65.8 67.18 66.53 67.9 67.27 68.62 68.01 69.35 68.77 70.09 69.53 70.84 70.29 71.59 71.06 72.35 71.84 73.11 33.42 32.2 34.21 33.02 35.0 33.84 35.81 34.67 36.62 35.51 37.44 36.36 38.28 37.22 39.12 38.08 39.96 38.95 36.36 37.44 53.82 55.0 2.0 0.0 20.0 20.1 9.22 10.63 7.07 9.06 23.35 23.09 16.03 14.04 31.4 31.78 15.03 15.3 35.51 36.62 22.36 20.59 45.71 46.1 
75.8 77.52 76.32 78.03 76.85 78.55 77.39 79.08 77.94 79.61 78.49 80.16 79.06 80.71 79.63 81.27 80.21 81.84 80.8 82.42 81.4 83.01 82.01 83.6 82.62 84.2 83.24 84.81 83.87 85.43 84.5 86.05 85.15 86.68 85.8 87.32 26.02 26.02 27.02 27.02 28.02 28.02 29.02 29.02 30.02 30.02 31.02 31.02 32.02 32.02 33.02 33.02 34.01 34.01 49.82 51.4 71.11 72.01 20.1 20.0 0.0 2.0 26.93 28.86 27.02 29.02 28.02 29.21 4.12 6.08 51.24 51.48 5.1 5.83 49.2 50.8 10.0 10.2 53.0 54.08 
74.79 76.54 75.29 77.03 75.8 77.52 76.32 78.03 76.85 78.55 77.39 79.08 77.94 79.61 78.49 80.16 79.06 80.71 79.63 81.27 80.21 81.84 80.8 82.42 81.4 83.01 82.01 83.6 82.62 84.2 83.24 84.81 83.87 85.43 84.5 86.05 24.02 24.02 25.02 25.02 26.02 26.02 27.02 27.02 28.02 28.02 29.02 29.02 30.02 30.02 31.02 31.02 32.02 32.02 48.6 50.22 70.26 71.11 20.4 20.1 2.0 0.0 26.48 28.44 27.02 29.02 26.4 27.66 5.0 6.71 51.09 51.24 5.1 5.1 48.01 49.65 8.0 8.25 51.31 52.43 
50.45 52.01 51.09 52.63 51.74 53.26 52.4 53.91 53.08 54.56 53.76 55.23 54.45 55.9 55.15 56.59 55.87 57.28 56.59 57.98 57.31 58.69 58.05 59.41 58.8 60.14 59.55 60.88 60.31 61.62 61.07 62.37 61.85 63.13 62.63 63.89 33.02 31.4 33.6 32.02 34.21 32.65 34.83 33.3 35.47 33.97 36.12 34.66 36.8 35.36 37.48 36.07 38.18 36.8 27.29 28.3 44.94 46.04 10.82 9.22 26.93 26.48 0.0 2.0 6.08 6.71 18.87 17.89 23.41 21.54 25.08 25.0 21.84 21.38 26.42 27.46 26.17 24.19 38.05 38.21 
48.92 50.45 49.58 51.09 50.25 51.74 50.93 52.4 51.62 53.08 52.33 53.76 53.04 54.45 53.76 55.15 54.49 55.87 55.23 56.59 55.97 57.31 56.73 58.05 57.49 58.8 58.26 59.55 59.03 60.31 59.82 61.07 60.61 61.85 61.4 62.63 34.67 33.02 35.23 33.6 35.81 34.21 36.4 34.83 37.01 35.47 37.64 36.12 38.29 36.8 38.95 37.48 39.62 38.18 26.4 27.29 43.27 44.41 12.04 10.63 28.86 28.44 2.0 0.0 6.08 6.08 20.0 18.87 25.3 23.41 23.09 23.0 23.77 23.35 25.5 26.42 28.16 26.17 38.0 38.05 
53.74 55.17 54.45 55.87 55.17 56.57 55.9 57.28 56.64 58.0 57.38 58.73 58.14 59.46 58.9 60.21 59.67 60.96 60.44 61.72 61.22 62.48 62.01 63.25 62.8 64.03 63.6 64.82 64.4 65.6 65.22 66.4 66.03 67.2 66.85 68.01 37.54 36.07 38.21 36.77 38.9 37.48 39.6 38.21 40.31 38.95 41.04 39.7 41.77 40.46 42.52 41.23 43.28 42.01 32.31 33.11 47.63 48.92 7.62 7.07 27.02 27.02 6.08 6.08 0.0 2.0 24.6 23.77 23.09 21.1 24.33 24.74 22.0 22.09 31.38 32.2 28.46 26.57 44.01 44.1 
52.35 53.74 53.08 54.45 53.81 55.17 54.56 55.9 55.32 56.64 56.08 57.38 56.85 58.14 57.63 58.9 58.41 59.67 59.2 60.44 60.0 61.22 60.8 62.01 61.61 62.8 62.43 63.6 63.25 64.4 64.07 65.22 64.9 66.03 65.73 66.85 39.05 37.54 39.7 38.21 40.36 38.9 41.04 39.6 41.73 40.31 42.43 41.04 43.14 41.77 43.86 42.52 44.6 43.28 31.62 32.31 46.1 47.42 9.49 9.06 29.02 29.02 6.71 6.08 2.0 0.0 25.55 24.6 25.08 23.09 22.36 22.8 24.0 24.08 30.68 31.38 30.36 28.46 44.01 44.01 
51.55 53.45 51.87 53.76 52.2 54.08 52.55 54.42 52.92 54.78 53.31 55.15 53.71 55.54 54.13 55.95 54.56 56.36 55.01 56.8 55.47 57.25 55.95 57.71 56.44 58.18 56.94 58.67 57.45 59.17 57.98 59.68 58.52 60.21 59.08 60.75 17.26 15.3 17.46 15.52 17.72 15.81 18.03 16.16 18.38 16.55 18.79 17.0 19.24 17.49 19.72 18.03 20.25 18.6 24.35 26.25 48.66 49.03 25.32 23.35 28.02 26.4 18.87 20.0 24.6 25.55 0.0 2.0 26.83 26.0 39.36 38.48 24.6 22.83 24.04 25.96 20.62 19.1 25.06 26.08 
49.65 51.55 49.98 51.87 50.33 52.2 50.7 52.55 51.08 52.92 51.48 53.31 51.89 53.71 52.33 54.13 52.77 54.56 53.24 55.01 53.71 55.47 54.2 55.95 54.71 56.44 55.23 56.94 55.76 57.45 56.3 57.98 56.86 58.52 57.43 59.08 19.24 17.26 19.42 17.46 19.65 17.72 19.92 18.03 20.25 18.38 20.62 18.79 21.02 19.24 21.47 19.72 21.95 20.25 22.47 24.35 46.69 47.07 25.08 23.09 29.21 27.66 17.89 18.87 23.77 24.6 2.0 0.0 27.78 26.83 37.59 36.67 25.55 23.85 22.14 24.04 22.2 20.62 24.17 25.06 
72.95 74.63 73.5 75.17 74.06 75.72 74.63 76.28 75.21 76.84 75.8 77.42 76.4 78.01 77.01 78.6 77.62 79.2 78.24 79.81 78.87 80.43 79.51 81.06 80.16 81.69 80.81 82.33 81.47 82.98 82.13 83.63 82.81 84.29 83.49 84.96 27.46 27.17 28.44 28.16 29.43 29.15 30.41 30.15 31.4 31.14 32.39 32.14 33.38 33.14 34.37 34.13 35.36 35.13 47.42 48.92 68.0 68.96 16.03 16.03 4.12 5.0 23.41 25.3 23.09 25.08 26.83 27.78 0.0 2.0 47.38 47.68 2.24 4.12 46.75 48.27 11.7 11.18 51.88 52.84 
71.28 72.95 71.85 73.5 72.42 74.06 73.01 74.63 73.6 75.21 74.2 75.8 74.81 76.4 75.43 77.01 76.06 77.62 76.69 78.24 77.34 78.87 77.99 79.51 78.64 80.16 79.31 80.81 79.98 81.47 80.66 82.13 81.34 82.81 82.04 83.49 27.89 27.46 28.86 28.44 29.83 29.43 30.81 30.41 31.78 31.4 32.76 32.39 33.73 33.38 34.71 34.37 35.69 35.36 45.97 47.42 66.24 67.23 14.04 14.04 6.08 6.71 21.54 23.41 21.1 23.09 26.0 26.83 2.0 0.0 45.4 45.71 2.24 4.12 45.28 46.75 12.53 11.7 50.99 51.88 
36.77 37.58 37.7 38.48 38.63 39.4 39.56 40.31 40.5 41.23 41.44 42.15 42.38 43.08 43.32 44.01 44.27 44.94 45.22 45.88 46.17 46.82 47.13 47.76 48.08 48.7 49.04 49.65 50.0 50.6 50.96 51.55 51.92 52.5 52.89 53.45 56.08 54.23 56.46 54.63 56.86 55.04 57.27 55.46 57.7 55.9 58.14 56.36 58.59 56.82 59.06 57.31 59.54 57.8 28.64 27.86 29.07 30.87 31.78 31.4 51.24 51.09 25.08 23.09 24.33 22.36 39.36 37.59 47.38 45.4 0.0 2.0 46.17 46.04 27.73 26.93 51.24 49.25 46.14 45.18 
34.93 35.78 35.85 36.67 36.77 37.58 37.7 38.48 38.63 39.4 39.56 40.31 40.5 41.23 41.44 42.15 42.38 43.08 43.32 44.01 44.27 44.94 45.22 45.88 46.17 46.82 47.13 47.76 48.08 48.7 49.04 49.65 50.0 50.6 50.96 51.55 55.36 53.49 55.71 53.85 56.08 54.23 56.46 54.63 56.86 55.04 57.27 55.46 57.7 55.9 58.14 56.36 58.59 56.82 26.83 26.0 27.29 29.07 32.28 31.78 51.48 51.24 25.0 23.0 24.74 22.8 38.48 36.67 47.68 45.71 2.0 0.0 46.39 46.17 25.94 25.08 51.09 49.09 44.42 43.42 
71.02 72.72 71.56 73.25 72.11 73.78 72.67 74.33 73.24 74.89 73.82 75.45 74.4 76.03 75.0 76.61 75.6 77.2 76.22 77.8 76.84 78.41 77.47 79.03 78.1 79.65 78.75 80.28 79.4 80.92 80.06 81.57 80.72 82.22 81.39 82.88 25.71 25.32 26.68 26.31 27.66 27.29 28.64 28.28 29.61 29.27 30.59 30.27 31.58 31.26 32.56 32.25 33.54 33.24 45.34 46.86 66.19 67.12 15.3 15.03 5.1 5.1 21.84 23.77 22.0 24.0 24.6 25.55 2.24 2.24 46.17 46.39 0.0 2.0 44.69 46.23 10.3 9.49 49.65 50.61 
69.97 71.69 70.49 72.2 71.02 72.72 71.56 73.25 72.11 73.78 72.67 74.33 73.24 74.89 73.82 75.45 74.4 76.03 75.0 76.61 75.6 77.2 76.22 77.8 76.84 78.41 77.47 79.03 78.1 79.65 78.75 80.28 79.4 80.92 80.06 81.57 23.77 23.35 24.74 24.33 25.71 25.32 26.68 26.31 27.66 27.29 28.64 28.28 29.61 29.27 30.59 30.27 31.58 31.26 44.05 45.61 65.31 66.19 15.81 15.3 5.83 5.1 21.38 23.35 22.09 24.08 22.83 23.85 4.12 4.12 46.04 46.17 2.0 0.0 43.42 45.0 8.6 7.62 47.89 48.88 
27.51 29.41 27.86 29.73 28.23 30.08 28.64 30.46 29.07 30.87 29.53 31.3 30.02 31.76 30.53 32.25 31.06 32.76 31.62 33.29 32.2 33.84 32.8 34.41 33.42 35.0 34.06 35.61 34.71 36.24 35.38 36.88 36.07 37.54 36.77 38.21 40.2 38.21 40.11 38.12 40.05 38.05 40.01 38.01 40.0 38.0 40.01 38.01 40.05 38.05 40.11 38.12 40.2 38.21 1.0 2.24 25.02 25.18 37.22 35.51 49.2 48.01 26.42 25.5 31.38 30.68 24.04 22.14 46.75 45.28 27.73 25.94 44.69 43.42 0.0 2.0 43.83 42.06 18.6 17.49 
25.63 27.51 26.0 27.86 26.4 28.23 26.83 28.64 27.29 29.07 27.78 29.53 28.3 30.02 28.84 30.53 29.41 31.06 30.0 31.62 30.61 32.2 31.24 32.8 31.89 33.42 32.56 34.06 33.24 34.71 33.94 35.38 34.66 36.07 35.38 36.77 42.19 40.2 42.11 40.11 42.05 40.05 42.01 40.01 42.0 40.0 42.01 40.01 42.05 40.05 42.11 40.11 42.19 40.2 2.24 1.0 23.02 23.19 38.28 36.62 50.8 49.65 27.46 26.42 32.2 31.38 25.96 24.04 48.27 46.75 26.93 25.08 46.23 45.0 2.0 0.0 45.62 43.83 19.85 18.6 
71.18 73.01 71.59 73.41 72.01 73.82 72.45 74.25 72.9 74.69 73.36 75.13 73.82 75.59 74.3 76.06 74.79 76.54 75.29 77.03 75.8 77.52 76.32 78.03 76.85 78.55 77.39 79.08 77.94 79.61 78.49 80.16 79.06 80.71 79.63 81.27 16.03 16.03 17.03 17.03 18.03 18.03 19.03 19.03 20.02 20.02 21.02 21.02 22.02 22.02 23.02 23.02 24.02 24.02 44.29 46.07 67.36 68.01 23.32 22.36 10.0 8.0 26.17 28.16 28.46 30.36 20.62 22.2 11.7 12.53 51.24 51.09 10.3 8.6 43.83 45.62 0.0 2.0 44.82 46.1 
69.35 71.18 69.78 71.59 70.21 72.01 70.66 72.45 71.12 72.9 71.59 73.36 72.07 73.82 72.56 74.3 73.06 74.79 73.57 75.29 74.09 75.8 74.63 76.32 75.17 76.85 75.72 77.39 76.28 77.94 76.84 78.49 77.42 79.06 78.01 79.63 16.28 16.03 17.26 17.03 18.25 18.03 19.24 19.03 20.22 20.02 21.21 21.02 22.2 22.02 23.19 23.02 24.19 24.02 42.54 44.29 65.46 66.13 21.63 20.59 10.2 8.25 24.19 26.17 26.57 28.46 19.1 20.62 11.18 11.7 49.25 49.09 9.49 7.62 42.06 43.83 2.0 0.0 43.6 44.82 
37.48 39.46 37.34 39.32 37.22 39.2 37.12 39.12 37.05 39.05 37.01 39.01 37.0 39.0 37.01 39.01 37.05 39.05 37.12 39.12 37.22 39.2 37.34 39.32 37.48 39.46 37.66 39.62 37.85 39.81 38.08 40.02 38.33 40.26 38.6 40.52 34.67 33.02 34.13 32.45 33.62 31.91 33.12 31.38 32.65 30.89 32.2 30.41 31.78 29.97 31.38 29.55 31.02 29.15 17.8 19.1 38.63 37.95 47.68 45.71 53.0 51.31 38.05 38.0 44.01 44.01 25.06 24.17 51.88 50.99 46.14 44.42 49.65 47.89 18.6 19.85 44.82 43.6 0.0 2.0 
35.51 37.48 35.36 37.34 35.23 37.22 35.13 37.12 35.06 37.05 35.01 37.01 35.0 37.0 35.01 37.01 35.06 37.05 35.13 37.12 35.23 37.22 35.36 37.34 35.51 37.48 35.69 37.66 35.9 37.85 36.14 38.08 36.4 38.33 36.69 38.6 36.36 34.67 35.85 34.13 35.36 33.62 34.89 33.12 34.44 32.65 34.01 32.2 33.62 31.78 33.24 31.38 32.89 31.02 16.64 17.8 36.77 36.06 48.05 46.1 54.08 52.43 38.21 38.05 44.1 44.01 26.08 25.06 52.84 51.88 45.18 43.42 50.61 48.88 17.49 18.6 46.1 44.82 2.0 0.0 
