75
0.0 2.0 1.0 2.24 2.0 2.83 3.0 3.61 4.0 4.47 5.0 5.39 6.0 6.32 7.0 7.28 67.36 67.6 79.1 77.1 79.16 77.16 79.23 77.23 79.31 77.32 79.4 77.41 79.51 77.52 79.63 77.65 79.76 77.78 79.91 77.93 80.06 78.09 80.23 78.26 25.71 23.77 25.96 24.04 51.62 49.77 24.84 26.17 25.61 26.91 26.4 27.66 24.84 26.17 74.97 74.67 25.96 24.04 14.32 15.26 102.11 101.83 12.0 14.0 28.32 29.7 52.33 50.54 54.13 52.17 15.0 16.64 102.02 100.02 112.18 
2.0 0.0 2.24 1.0 2.83 2.0 3.61 3.0 4.47 4.0 5.39 5.0 6.32 6.0 7.28 7.0 67.19 67.36 79.03 77.03 79.06 77.06 79.1 77.1 79.16 77.16 79.23 77.23 79.31 77.32 79.4 77.41 79.51 77.52 79.63 77.65 79.76 77.78 79.91 77.93 25.32 23.35 25.5 23.54 50.92 49.04 23.35 24.76 24.08 25.46 24.84 26.17 23.6 24.84 75.31 74.97 26.57 24.7 13.6 14.32 102.42 102.11 12.17 14.14 26.87 28.32 51.48 49.66 54.57 52.63 13.45 15.0 102.0 100.0 111.8 
1.0 2.24 0.0 2.0 1.0 2.24 2.0 2.83 3.0 3.61 4.0 4.47 5.0 5.39 6.0 6.32 68.36 68.59 80.1 78.1 80.16 78.16 80.22 78.23 80.31 78.31 80.4 78.41 80.5 78.52 80.62 78.64 80.75 78.77 80.89 78.92 81.05 79.08 81.22 79.25 26.68 24.74 26.93 25.0 52.55 50.7 24.21 25.5 25.0 26.25 25.81 27.02 24.08 25.46 75.95 75.66 26.93 25.0 13.42 14.42 103.1 102.83 11.0 13.0 27.66 29.0 53.23 51.43 55.11 53.15 15.62 17.2 103.02 101.02 113.16 
2.24 1.0 2.0 0.0 2.24 1.0 2.83 2.0 3.61 3.0 4.47 4.0 5.39 5.0 6.32 6.0 68.18 68.36 80.02 78.03 80.06 78.06 80.1 78.1 80.16 78.16 80.22 78.23 80.31 78.31 80.4 78.41 80.5 78.52 80.62 78.64 80.75 78.77 80.89 78.92 26.31 24.33 26.48 24.52 51.87 49.98 22.67 24.04 23.43 24.76 24.21 25.5 22.8 24.08 76.3 75.95 27.51 25.63 12.65 13.42 103.41 103.1 11.18 13.15 26.17 27.59 52.39 50.57 55.54 53.6 14.14 15.62 103.0 101.0 112.79 
2.0 2.83 1.0 2.24 0.0 2.0 1.0 2.24 2.0 2.83 3.0 3.61 4.0 4.47 5.0 5.39 69.35 69.58 81.1 79.1 81.15 79.16 81.22 79.23 81.3 79.31 81.39 79.4 81.5 79.51 81.61 79.63 81.74 79.76 81.88 79.91 82.04 80.06 82.2 80.23 27.66 25.71 27.89 25.96 53.49 51.62 23.6 24.84 24.41 25.61 25.24 26.4 23.35 24.76 76.94 76.66 27.89 25.96 12.53 13.6 104.09 103.82 10.0 12.0 27.02 28.32 54.13 52.33 56.09 54.13 16.28 17.8 104.02 102.02 114.14 
2.83 2.0 2.24 1.0 2.0 0.0 2.24 1.0 2.83 2.0 3.61 3.0 4.47 4.0 5.39 5.0 69.18 69.35 81.02 79.03 81.06 79.06 81.1 79.1 81.15 79.16 81.22 79.23 81.3 79.31 81.39 79.4 81.5 79.51 81.61 79.63 81.74 79.76 81.88 79.91 27.29 25.32 27.46 25.5 52.81 50.92 22.02 23.35 22.8 24.08 23.6 24.84 22.02 23.35 77.28 76.94 28.46 26.57 11.7 12.53 104.39 104.09 10.2 12.17 25.5 26.87 53.31 51.48 56.52 54.57 14.87 16.28 104.0 102.0 113.77 
3.0 3.61 2.0 2.83 1.0 2.24 0.0 2.0 1.0 2.24 2.0 2.83 3.0 3.61 4.0 4.47 70.35 70.58 82.1 80.1 82.15 80.16 82.22 80.22 82.3 80.31 82.39 80.4 82.49 80.5 82.61 80.62 82.73 80.75 82.87 80.89 83.02 81.05 83.19 81.22 28.64 26.68 28.86 26.93 54.42 52.55 23.02 24.21 23.85 25.0 24.7 25.81 22.63 24.08 77.93 77.65 28.86 26.93 11.66 12.81 105.08 104.81 9.0 11.0 26.4 27.66 55.04 53.23 57.07 55.11 16.97 18.44 105.02 103.02 115.12 
3.61 3.0 2.83 2.0 2.24 1.0 2.0 0.0 2.24 1.0 2.83 2.0 3.61 3.0 4.47 4.0 70.18 70.35 82.02 80.02 82.05 80.06 82.1 80.1 82.15 80.16 82.22 80.22 82.3 80.31 82.39 80.4 82.49 80.5 82.61 80.62 82.73 80.75 82.87 80.89 28.28 26.31 28.44 26.48 53.76 51.87 21.4 22.67 22.2 23.43 23.02 24.21 21.26 22.63 78.26 77.93 29.41 27.51 10.77 11.66 105.38 105.08 9.22 11.18 24.84 26.17 54.23 52.39 57.49 55.54 15.62 16.97 105.0 103.0 114.76 
4.0 4.47 3.0 3.61 2.0 2.83 1.0 2.24 0.0 2.0 1.0 2.24 2.0 2.83 3.0 3.61 71.34 71.57 83.1 81.1 83.15 81.15 83.22 81.22 83.29 81.3 83.38 81.39 83.49 81.5 83.6 81.61 83.73 81.74 83.86 81.88 84.01 82.04 84.17 82.2 29.61 27.66 29.83 27.89 55.36 53.49 22.47 23.6 23.32 24.41 24.19 25.24 21.93 23.43 78.92 78.64 29.83 27.89 10.82 12.04 106.07 105.8 8.0 10.0 25.81 27.02 55.95 54.13 58.05 56.09 17.69 19.1 106.02 104.02 116.1 
4.47 4.0 3.61 3.0 2.83 2.0 2.24 1.0 2.0 0.0 2.24 1.0 2.83 2.0 3.61 3.0 71.18 71.34 83.02 81.02 83.05 81.06 83.1 81.1 83.15 81.15 83.22 81.22 83.29 81.3 83.38 81.39 83.49 81.5 83.6 81.61 83.73 81.74 83.86 81.88 29.27 27.29 29.43 27.46 54.71 52.81 20.81 22.02 21.63 22.8 22.47 23.6 20.52 21.93 79.25 78.92 30.36 28.46 9.85 10.82 106.37 106.07 8.25 10.2 24.21 25.5 55.15 53.31 58.46 56.52 16.4 17.69 106.0 104.0 115.74 
5.0 5.39 4.0 4.47 3.0 3.61 2.0 2.83 1.0 2.24 0.0 2.0 1.0 2.24 2.0 2.83 72.34 72.56 84.1 82.1 84.15 82.15 84.21 82.22 84.29 82.3 84.38 82.39 84.48 82.49 84.59 82.61 84.72 82.73 84.85 82.87 85.0 83.02 85.16 83.19 30.59 28.64 30.81 28.86 56.3 54.42 21.95 23.02 22.83 23.85 23.71 24.7 21.26 22.8 79.91 79.63 30.81 28.86 10.0 11.31 107.06 106.79 7.0 9.0 25.24 26.4 56.86 55.04 59.03 57.07 18.44 19.8 107.02 105.02 117.09 
5.39 5.0 4.47 4.0 3.61 3.0 2.83 2.0 2.24 1.0 2.0 0.0 2.24 1.0 2.83 2.0 72.17 72.34 84.02 82.02 84.05 82.05 84.1 82.1 84.15 82.15 84.21 82.22 84.29 82.3 84.38 82.39 84.48 82.49 84.59 82.61 84.72 82.73 84.85 82.87 30.27 28.28 30.41 28.44 55.66 53.76 20.25 21.4 21.1 22.2 21.95 23.02 19.8 21.26 80.23 79.91 31.32 29.41 8.94 10.0 107.35 107.06 7.28 9.22 23.6 24.84 56.08 54.23 59.44 57.49 17.2 18.44 107.0 105.0 116.73 
6.0 6.32 5.0 5.39 4.0 4.47 3.0 3.61 2.0 2.83 1.0 2.24 0.0 2.0 1.0 2.24 73.33 73.55 85.09 83.1 85.15 83.15 85.21 83.22 85.29 83.29 85.38 83.38 85.48 83.49 85.59 83.6 85.71 83.73 85.84 83.86 85.99 84.01 86.15 84.17 31.58 29.61 31.78 29.83 57.25 55.36 21.47 22.47 22.36 23.32 23.26 24.19 20.62 22.2 80.89 80.62 31.78 29.83 9.22 10.63 108.05 107.79 6.0 8.0 24.7 25.81 57.78 55.95 60.02 58.05 19.21 20.52 108.02 106.02 118.07 
6.32 6.0 5.39 5.0 4.47 4.0 3.61 3.0 2.83 2.0 2.24 1.0 2.0 0.0 2.24 1.0 73.17 73.33 85.02 83.02 85.05 83.05 85.09 83.1 85.15 83.15 85.21 83.22 85.29 83.29 85.38 83.38 85.48 83.49 85.59 83.6 85.71 83.73 85.84 83.86 31.26 29.27 31.4 29.43 56.61 54.71 19.72 20.81 20.59 21.63 21.47 22.47 19.1 20.62 81.22 80.89 32.28 30.36 8.06 9.22 108.34 108.05 6.32 8.25 23.02 24.21 57.01 55.15 60.42 58.46 18.03 19.21 108.0 106.0 117.71 
7.0 7.28 6.0 6.32 5.0 5.39 4.0 4.47 3.0 3.61 2.0 2.83 1.0 2.24 0.0 2.0 74.33 74.55 86.09 84.1 86.15 84.15 86.21 84.21 86.28 84.29 86.37 84.38 86.47 84.48 86.58 84.59 86.7 84.72 86.83 84.85 86.98 85.0 87.13 85.16 32.56 30.59 32.76 30.81 58.19 56.3 21.02 21.95 21.93 22.83 22.85 23.71 20.0 21.63 81.88 81.61 32.76 30.81 8.49 10.0 109.04 108.78 5.0 7.0 24.19 25.24 58.69 56.86 61.0 59.03 20.0 21.26 109.02 107.02 119.05 
7.28 7.0 6.32 6.0 5.39 5.0 4.47 4.0 3.61 3.0 2.83 2.0 2.24 1.0 2.0 0.0 74.17 74.33 86.02 84.02 86.05 84.05 86.09 84.1 86.15 84.15 86.21 84.21 86.28 84.29 86.37 84.38 86.47 84.48 86.58 84.59 86.7 84.72 86.83 84.85 32.25 30.27 32.39 30.41 57.57 55.66 19.24 20.25 20.12 21.1 21.02 21.95 18.44 20.0 82.2 81.88 33.24 31.32 7.21 8.49 109.33 109.04 5.39 7.28 22.47 23.6 57.94 56.08 61.39 59.44 18.87 20.0 109.0 107.0 118.7 
67.36 67.19 68.36 68.18 69.35 69.18 70.35 70.18 71.34 71.18 72.34 72.17 73.33 73.17 74.33 74.17 0.0 2.0 12.37 10.44 12.17 10.2 12.04 10.05 12.0 10.0 12.04 10.05 12.17 10.2 12.37 10.44 12.65 10.77 13.0 11.18 13.42 11.66 13.89 12.21 42.01 44.01 42.0 44.0 22.47 24.19 83.86 85.84 84.01 85.99 84.17 86.15 86.47 86.7 20.25 18.38 44.27 46.17 80.01 80.01 40.5 39.45 79.31 81.3 87.13 89.11 25.61 27.2 22.8 24.08 58.22 58.42 35.36 33.38 45.54 
67.6 67.36 68.59 68.36 69.58 69.35 70.58 70.35 71.57 71.34 72.56 72.34 73.55 73.33 74.55 74.33 2.0 0.0 13.0 11.18 12.65 10.77 12.37 10.44 12.17 10.2 12.04 10.05 12.0 10.0 12.04 10.05 12.17 10.2 12.37 10.44 12.65 10.77 13.0 11.18 42.11 44.1 42.05 44.05 21.47 23.26 83.6 85.59 83.73 85.71 83.86 85.84 86.28 86.47 22.14 20.25 44.94 46.82 80.06 80.01 41.62 40.5 79.51 81.5 86.83 88.81 24.41 26.08 24.41 25.61 58.08 58.22 35.69 33.73 44.92 
79.1 79.03 80.1 80.02 81.1 81.02 82.1 82.02 83.1 83.02 84.1 84.02 85.09 85.02 86.09 86.02 12.37 13.0 0.0 2.0 1.0 2.24 2.0 2.83 3.0 3.61 4.0 4.47 5.0 5.39 6.0 6.32 7.0 7.28 8.0 8.25 9.0 9.22 10.0 10.2 54.04 56.04 54.08 56.08 34.44 36.25 96.18 98.15 96.34 98.31 96.51 98.48 98.73 98.99 16.76 14.87 55.11 57.07 92.02 92.09 29.07 27.8 91.09 93.09 99.46 101.43 37.22 38.95 30.02 31.76 70.46 70.71 23.09 21.1 35.85 
77.1 77.03 78.1 78.03 79.1 79.03 80.1 80.02 81.1 81.02 82.1 82.02 83.1 83.02 84.1 84.02 10.44 11.18 2.0 0.0 2.24 1.0 2.83 2.0 3.61 3.0 4.47 4.0 5.39 5.0 6.32 6.0 7.28 7.0 8.25 8.0 9.22 9.0 10.2 10.0 52.04 54.04 52.09 54.08 32.65 34.44 94.2 96.18 94.37 96.34 94.54 96.51 96.75 97.02 16.28 14.32 53.15 55.11 90.02 90.09 30.61 29.41 89.09 91.09 97.49 99.46 35.51 37.22 28.3 30.02 68.47 68.73 25.08 23.09 37.59 
79.16 79.06 80.16 80.06 81.15 81.06 82.15 82.05 83.15 83.05 84.15 84.05 85.15 85.05 86.15 86.05 12.17 12.65 1.0 2.24 0.0 2.0 1.0 2.24 2.0 2.83 3.0 3.61 4.0 4.47 5.0 5.39 6.0 6.32 7.0 7.28 8.0 8.25 9.0 9.22 54.01 56.01 54.04 56.04 34.01 35.85 96.03 98.01 96.18 98.15 96.34 98.31 98.62 98.86 17.72 15.81 55.32 57.27 92.01 92.05 29.73 28.43 91.14 93.13 99.3 101.27 36.72 38.47 30.53 32.25 70.35 70.58 23.19 21.21 35.36 
77.16 77.06 78.16 78.06 79.16 79.06 80.16 80.06 81.15 81.06 82.15 82.05 83.15 83.05 84.15 84.05 10.2 10.77 2.24 1.0 2.0 0.0 2.24 1.0 2.83 2.0 3.61 3.0 4.47 4.0 5.39 5.0 6.32 6.0 7.28 7.0 8.25 8.0 9.22 9.0 52.01 54.01 52.04 54.04 32.2 34.01 94.05 96.03 94.2 96.18 94.37 96.34 96.63 96.88 17.26 15.3 53.37 55.32 90.01 90.05 31.24 30.0 89.14 91.14 97.32 99.3 34.99 36.72 28.84 30.53 68.36 68.59 25.18 23.19 37.12 
79.23 79.1 80.22 80.1 81.22 81.1 82.22 82.1 83.22 83.1 84.21 84.1 85.21 85.09 86.21 86.09 12.04 12.37 2.0 2.83 1.0 2.24 0.0 2.0 1.0 2.24 2.0 2.83 3.0 3.61 4.0 4.47 5.0 5.39 6.0 6.32 7.0 7.28 8.0 8.25 54.0 56.0 54.01 56.01 33.62 35.47 95.89 97.87 96.03 98.01 96.18 98.15 98.51 98.73 18.68 16.76 55.54 57.49 92.0 92.02 30.41 29.07 91.2 93.19 99.14 101.12 36.24 38.01 31.06 32.76 70.26 70.46 23.35 21.38 34.89 
77.23 77.1 78.23 78.1 79.23 79.1 80.22 80.1 81.22 81.1 82.22 82.1 83.22 83.1 84.21 84.1 10.05 10.44 2.83 2.0 2.24 1.0 2.0 0.0 2.24 1.0 2.83 2.0 3.61 3.0 4.47 4.0 5.39 5.0 6.32 6.0 7.28 7.0 8.25 8.0 52.0 54.0 52.01 54.01 31.78 33.62 93.9 95.89 94.05 96.03 94.2 96.18 96.52 96.75 18.25 16.28 53.6 55.54 90.0 90.02 31.89 30.61 89.2 91.2 97.16 99.14 34.48 36.24 29.41 31.06 68.26 68.47 25.32 23.35 36.67 
79.31 79.16 80.31 80.16 81.3 81.15 82.3 82.15 83.29 83.15 84.29 84.15 85.29 85.15 86.28 86.15 12.0 12.17 3.0 3.61 2.0 2.83 1.0 2.24 0.0 2.0 1.0 2.24 2.0 2.83 3.0 3.61 4.0 4.47 5.0 5.39 6.0 6.32 7.0 7.28 54.01 56.01 54.0 56.0 33.24 35.11 95.75 97.74 95.89 97.87 96.03 98.01 98.41 98.62 19.65 17.72 55.79 57.72 92.01 92.01 31.11 29.73 91.27 93.26 98.99 100.98 35.78 37.58 31.62 33.29 70.18 70.35 23.54 21.59 34.44 
77.32 77.16 78.31 78.16 79.31 79.16 80.31 80.16 81.3 81.15 82.3 82.15 83.29 83.15 84.29 84.15 10.0 10.2 3.61 3.0 2.83 2.0 2.24 1.0 2.0 0.0 2.24 1.0 2.83 2.0 3.61 3.0 4.47 4.0 5.39 5.0 6.32 6.0 7.28 7.0 52.01 54.01 52.0 54.0 31.38 33.24 93.77 95.75 93.9 95.89 94.05 96.03 96.42 96.63 19.24 17.26 53.85 55.79 90.01 90.01 32.56 31.24 89.27 91.27 97.02 98.99 34.0 35.78 30.0 31.62 68.18 68.36 25.5 23.54 36.25 
79.4 79.23 80.4 80.22 81.39 81.22 82.39 82.22 83.38 83.22 84.38 84.21 85.38 85.21 86.37 86.21 12.04 12.04 4.0 4.47 3.0 3.61 2.0 2.83 1.0 2.24 0.0 2.0 1.0 2.24 2.0 2.83 3.0 3.61 4.0 4.47 5.0 5.39 6.0 6.32 54.04 56.04 54.01 56.01 32.89 34.79 95.63 97.62 95.75 97.74 95.89 97.87 98.33 98.51 20.62 18.68 56.04 57.97 92.02 92.0 31.83 30.41 91.35 93.34 98.86 100.84 35.34 37.16 32.2 33.84 70.11 70.26 23.77 21.84 34.01 
77.41 77.23 78.41 78.23 79.4 79.23 80.4 80.22 81.39 81.22 82.39 82.22 83.38 83.22 84.38 84.21 10.05 10.05 4.47 4.0 3.61 3.0 2.83 2.0 2.24 1.0 2.0 0.0 2.24 1.0 2.83 2.0 3.61 3.0 4.47 4.0 5.39 5.0 6.32 6.0 52.04 54.04 52.01 54.01 31.02 32.89 93.65 95.63 93.77 95.75 93.9 95.89 96.33 96.52 20.22 18.25 54.12 56.04 90.02 90.0 33.24 31.89 89.36 91.35 96.88 98.86 33.54 35.34 30.61 32.2 68.12 68.26 25.71 23.77 35.85 
79.51 79.31 80.5 80.31 81.5 81.3 82.49 82.3 83.49 83.29 84.48 84.29 85.48 85.29 86.47 86.28 12.17 12.0 5.0 5.39 4.0 4.47 3.0 3.61 2.0 2.83 1.0 2.24 0.0 2.0 1.0 2.24 2.0 2.83 3.0 3.61 4.0 4.47 5.0 5.39 54.08 56.08 54.04 56.04 32.57 34.48 95.52 97.51 95.63 97.62 95.75 97.74 98.25 98.41 21.59 19.65 56.32 58.24 92.05 92.01 32.56 31.11 91.44 93.43 98.73 100.72 34.93 36.77 32.8 34.41 70.06 70.18 24.04 22.14 33.62 
77.52 77.32 78.52 78.31 79.51 79.31 80.5 80.31 81.5 81.3 82.49 82.3 83.49 83.29 84.48 84.29 10.2 10.0 5.39 5.0 4.47 4.0 3.61 3.0 2.83 2.0 2.24 1.0 2.0 0.0 2.24 1.0 2.83 2.0 3.61 3.0 4.47 4.0 5.39 5.0 52.09 54.08 52.04 54.04 30.68 32.57 93.54 95.52 93.65 95.63 93.77 95.75 96.25 96.42 21.21 19.24 54.41 56.32 90.05 90.01 33.94 32.56 89.45 91.44 96.75 98.73 33.11 34.93 31.24 32.8 68.07 68.18 25.96 24.04 35.47 
79.63 79.4 80.62 80.4 81.61 81.39 82.61 82.39 83.6 83.38 84.59 84.38 85.59 85.38 86.58 86.37 12.37 12.04 6.0 6.32 5.0 5.39 4.0 4.47 3.0 3.61 2.0 2.83 1.0 2.24 0.0 2.0 1.0 2.24 2.0 2.83 3.0 3.61 4.0 4.47 54.15 56.14 54.08 56.08 32.28 34.21 95.43 97.42 95.52 97.51 95.63 97.62 98.18 98.33 22.56 20.62 56.61 58.52 92.09 92.02 33.3 31.83 91.55 93.54 98.62 100.6 34.54 36.4 33.42 35.0 70.03 70.11 24.35 22.47 33.24 
77.65 77.41 78.64 78.41 79.63 79.4 80.62 80.4 81.61 81.39 82.61 82.39 83.6 83.38 84.59 84.38 10.44 10.05 6.32 6.0 5.39 5.0 4.47 4.0 3.61 3.0 2.83 2.0 2.24 1.0 2.0 0.0 2.24 1.0 2.83 2.0 3.61 3.0 4.47 4.0 52.15 54.15 52.09 54.08 30.36 32.28 93.43 95.43 93.54 95.52 93.65 95.63 96.19 96.33 22.2 20.22 54.71 56.61 90.09 90.02 34.66 33.24 89.56 91.55 96.63 98.62 32.7 34.54 31.89 33.42 68.03 68.12 26.25 24.35 35.11 
79.76 79.51 80.75 80.5 81.74 81.5 82.73 82.49 83.73 83.49 84.72 84.48 85.71 85.48 86.7 86.47 12.65 12.17 7.0 7.28 6.0 6.32 5.0 5.39 4.0 4.47 3.0 3.61 2.0 2.83 1.0 2.24 0.0 2.0 1.0 2.24 2.0 2.83 3.0 3.61 54.23 56.22 54.15 56.14 32.02 33.96 95.34 97.33 95.43 97.42 95.52 97.51 98.13 98.25 23.54 21.59 56.92 58.82 92.14 92.05 34.06 32.56 91.66 93.65 98.51 100.5 34.18 36.06 34.06 35.61 70.01 70.06 24.7 22.85 32.89 
77.78 77.52 78.77 78.52 79.76 79.51 80.75 80.5 81.74 81.5 82.73 82.49 83.73 83.49 84.72 84.48 10.77 10.2 7.28 7.0 6.32 6.0 5.39 5.0 4.47 4.0 3.61 3.0 2.83 2.0 2.24 1.0 2.0 0.0 2.24 1.0 2.83 2.0 3.61 3.0 52.24 54.23 52.15 54.15 30.08 32.02 93.34 95.34 93.43 95.43 93.54 95.52 96.13 96.25 23.19 21.21 55.03 56.92 90.14 90.05 35.38 33.94 89.68 91.66 96.52 98.51 32.31 34.18 32.56 34.06 68.01 68.07 26.57 24.7 34.79 
79.91 79.63 80.89 80.62 81.88 81.61 82.87 82.61 83.86 83.6 84.85 84.59 85.84 85.59 86.83 86.58 13.0 12.37 8.0 8.25 7.0 7.28 6.0 6.32 5.0 5.39 4.0 4.47 3.0 3.61 2.0 2.83 1.0 2.24 0.0 2.0 1.0 2.24 2.0 2.83 54.33 56.32 54.23 56.22 31.78 33.73 95.26 97.25 95.34 97.33 95.43 97.42 98.08 98.18 24.52 22.56 57.25 59.14 92.2 92.09 34.83 33.3 91.79 93.77 98.41 100.4 33.84 35.74 34.71 36.24 70.0 70.03 25.08 23.26 32.57 
77.93 77.65 78.92 78.64 79.91 79.63 80.89 80.62 81.88 81.61 82.87 82.61 83.86 83.6 84.85 84.59 11.18 10.44 8.25 8.0 7.28 7.0 6.32 6.0 5.39 5.0 4.47 4.0 3.61 3.0 2.83 2.0 2.24 1.0 2.0 0.0 2.24 1.0 2.83 2.0 52.35 54.33 52.24 54.23 29.83 31.78 93.26 95.26 93.34 95.34 93.43 95.43 96.08 96.19 24.19 22.2 55.36 57.25 90.2 90.09 36.12 34.66 89.81 91.79 96.42 98.41 31.95 33.84 33.24 34.71 68.0 68.03 26.93 25.08 34.48 
80.06 79.76 81.05 80.75 82.04 81.74 83.02 82.73 84.01 83.73 85.0 84.72 85.99 85.71 86.98 86.7 13.42 12.65 9.0 9.22 8.0 8.25 7.0 7.28 6.0 6.32 5.0 5.39 4.0 4.47 3.0 3.61 2.0 2.83 1.0 2.24 0.0 2.0 1.0 2.24 54.45 56.44 54.33 56.32 31.58 33.54 95.19 97.19 95.26 97.25 95.34 97.33 98.05 98.13 25.5 23.54 57.58 59.46 92.27 92.14 35.61 34.06 91.92 93.9 98.33 100.32 33.53 35.44 35.38 36.88 70.01 70.01 25.5 23.71 32.28 
78.09 77.78 79.08 78.77 80.06 79.76 81.05 80.75 82.04 81.74 83.02 82.73 84.01 83.73 85.0 84.72 11.66 10.77 9.22 9.0 8.25 8.0 7.28 7.0 6.32 6.0 5.39 5.0 4.47 4.0 3.61 3.0 2.83 2.0 2.24 1.0 2.0 0.0 2.24 1.0 52.47 54.45 52.35 54.33 29.61 31.58 93.19 95.19 93.26 95.26 93.34 95.34 96.05 96.13 25.18 23.19 55.71 57.58 90.27 90.14 36.88 35.38 89.94 91.92 96.33 98.33 31.62 33.53 33.94 35.38 68.01 68.01 27.31 25.5 34.21 
80.23 79.91 81.22 80.89 82.2 81.88 83.19 82.87 84.17 83.86 85.16 84.85 86.15 85.84 87.13 86.83 13.89 13.0 10.0 10.2 9.0 9.22 8.0 8.25 7.0 7.28 6.0 6.32 5.0 5.39 4.0 4.47 3.0 3.61 2.0 2.83 1.0 2.24 0.0 2.0 54.59 56.57 54.45 56.44 31.4 33.38 95.13 97.13 95.19 97.19 95.26 97.25 98.02 98.08 26.48 24.52 57.94 59.81 92.35 92.2 36.4 34.83 92.07 94.05 98.25 100.24 33.24 35.17 36.07 37.54 70.03 70.0 25.94 24.19 32.02 
78.26 77.93 79.25 78.92 80.23 79.91 81.22 80.89 82.2 81.88 83.19 82.87 84.17 83.86 85.16 84.85 12.21 11.18 10.2 10.0 9.22 9.0 8.25 8.0 7.28 7.0 6.32 6.0 5.39 5.0 4.47 4.0 3.61 3.0 2.83 2.0 2.24 1.0 2.0 0.0 52.61 54.59 52.47 54.45 29.43 31.4 93.13 95.13 93.19 95.19 93.26 95.26 96.02 96.08 26.17 24.19 56.08 57.94 90.35 90.2 37.64 36.12 90.09 92.07 96.25 98.25 31.32 33.24 34.66 36.07 68.03 68.0 27.73 25.94 33.96 
25.71 25.32 26.68 26.31 27.66 27.29 28.64 28.28 29.61 29.27 30.59 30.27 31.58 31.26 32.56 32.25 42.01 42.11 54.04 52.04 54.01 52.01 54.0 52.0 54.01 52.01 54.04 52.04 54.08 52.09 54.15 52.15 54.23 52.24 54.33 52.35 54.45 52.47 54.59 52.61 0.0 2.0 1.0 2.24 26.42 24.7 43.01 44.92 43.32 45.22 43.66 45.54 45.12 45.61 52.2 51.55 13.0 13.15 38.0 38.05 78.85 78.34 37.48 39.46 46.49 48.38 27.8 26.25 32.76 31.06 17.09 17.89 77.1 75.11 86.49 
23.77 23.35 24.74 24.33 25.71 25.32 26.68 26.31 27.66 27.29 28.64 28.28 29.61 29.27 30.59 30.27 44.01 44.1 56.04 54.04 56.01 54.01 56.0 54.0 56.01 54.01 56.04 54.04 56.08 54.08 56.14 54.15 56.22 54.23 56.32 54.33 56.44 54.45 56.57 54.59 2.0 0.0 2.24 1.0 28.18 26.42 41.11 43.01 41.44 43.32 41.79 43.66 43.17 43.68 54.08 53.45 13.15 13.0 36.0 36.06 80.78 80.28 35.51 37.48 44.6 46.49 29.41 27.8 34.48 32.76 15.23 16.12 79.1 77.1 88.46 
25.96 25.5 26.93 26.48 27.89 27.46 28.86 28.44 29.83 29.43 30.81 30.41 31.78 31.4 32.76 32.39 42.0 42.05 54.08 52.09 54.04 52.04 54.01 52.01 54.0 52.0 54.01 52.01 54.04 52.04 54.08 52.09 54.15 52.15 54.23 52.24 54.33 52.35 54.45 52.47 1.0 2.24 0.0 2.0 25.94 24.19 42.72 44.64 43.01 44.92 43.32 45.22 44.91 45.35 52.55 51.87 14.0 14.14 38.01 38.01 79.12 78.59 37.66 39.62 46.17 48.08 27.2 25.61 33.29 31.62 16.76 17.46 77.16 75.17 86.31 
24.04 23.54 25.0 24.52 25.96 25.5 26.93 26.48 27.89 27.46 28.86 28.44 29.83 29.43 30.81 30.41 44.0 44.05 56.08 54.08 56.04 54.04 56.01 54.01 56.0 54.0 56.01 54.01 56.04 54.04 56.08 54.08 56.14 54.15 56.22 54.23 56.32 54.33 56.44 54.45 2.24 1.0 2.0 0.0 27.73 25.94 40.8 42.72 41.11 43.01 41.44 43.32 42.95 43.42 54.42 53.76 14.14 14.0 36.01 36.01 81.04 80.52 35.69 37.66 44.27 46.17 28.84 27.2 34.99 33.29 14.87 15.65 79.16 77.16 88.28 
51.62 50.92 52.55 51.87 53.49 52.81 54.42 53.76 55.36 54.71 56.3 55.66 57.25 56.61 58.19 57.57 22.47 21.47 34.44 32.65 34.01 32.2 33.62 31.78 33.24 31.38 32.89 31.02 32.57 30.68 32.28 30.36 32.02 30.08 31.78 29.83 31.58 29.61 31.4 29.43 26.42 28.18 25.94 27.73 0.0 2.0 64.0 66.0 64.01 66.01 64.03 66.03 67.07 67.01 40.46 38.95 34.71 36.07 62.37 61.98 62.97 61.91 62.94 64.85 67.03 69.03 4.12 5.0 30.41 30.15 39.62 39.32 56.61 54.71 62.07 
49.77 49.04 50.7 49.98 51.62 50.92 52.55 51.87 53.49 52.81 54.42 53.76 55.36 54.71 56.3 55.66 24.19 23.26 36.25 34.44 35.85 34.01 35.47 33.62 35.11 33.24 34.79 32.89 34.48 32.57 34.21 32.28 33.96 32.02 33.73 31.78 33.54 31.58 33.38 31.4 24.7 26.42 24.19 25.94 2.0 0.0 62.0 64.0 62.01 64.01 62.03 64.03 65.07 65.01 41.77 40.31 33.42 34.71 60.42 60.02 64.66 63.63 61.03 62.94 65.03 67.03 4.12 4.12 30.81 30.41 37.66 37.34 58.52 56.61 64.07 
24.84 23.35 24.21 22.67 23.6 22.02 23.02 21.4 22.47 20.81 21.95 20.25 21.47 19.72 21.02 19.24 83.86 83.6 96.18 94.2 96.03 94.05 95.89 93.9 95.75 93.77 95.63 93.65 95.52 93.54 95.43 93.43 95.34 93.34 95.26 93.26 95.19 93.19 95.13 93.13 43.01 41.11 42.72 40.8 64.0 62.0 0.0 2.0 1.0 2.24 2.0 2.83 4.24 3.16 95.19 94.56 48.55 46.87 13.34 11.4 121.84 121.3 19.42 19.1 3.61 5.39 63.13 61.13 75.24 73.41 25.96 25.5 119.22 117.24 126.04 
26.17 24.76 25.5 24.04 24.84 23.35 24.21 22.67 23.6 22.02 23.02 21.4 22.47 20.81 21.95 20.25 85.84 85.59 98.15 96.18 98.01 96.03 97.87 95.89 97.74 95.75 97.62 95.63 97.51 95.52 97.42 95.43 97.33 95.34 97.25 95.26 97.19 95.19 97.13 95.13 44.92 43.01 44.64 42.72 66.0 64.0 2.0 0.0 2.24 1.0 2.83 2.0 3.16 1.41 97.08 96.46 50.25 48.55 13.93 12.08 123.76 123.23 19.92 19.42 2.24 3.61 65.12 63.13 77.08 75.24 27.89 27.46 121.2 119.22 128.04 
25.61 24.08 25.0 23.43 24.41 22.8 23.85 22.2 23.32 21.63 22.83 21.1 22.36 20.59 21.93 20.12 84.01 83.73 96.34 94.37 96.18 94.2 96.03 94.05 95.89 93.9 95.75 93.77 95.63 93.65 95.52 93.54 95.43 93.43 95.34 93.34 95.26 93.26 95.19 93.19 43.32 41.44 43.01 41.11 64.01 62.01 1.0 2.24 0.0 2.0 1.0 2.24 5.0 3.61 95.52 94.87 49.09 47.43 14.32 12.37 122.12 121.56 20.4 20.1 3.16 5.1 63.07 61.07 75.64 73.82 26.25 25.71 119.36 117.39 126.02 
26.91 25.46 26.25 24.76 25.61 24.08 25.0 23.43 24.41 22.8 23.85 22.2 23.32 21.63 22.83 21.1 85.99 85.71 98.31 96.34 98.15 96.18 98.01 96.03 97.87 95.89 97.74 95.75 97.62 95.63 97.51 95.52 97.42 95.43 97.33 95.34 97.25 95.26 97.19 95.19 45.22 43.32 44.92 43.01 66.01 64.01 2.24 1.0 2.0 0.0 2.24 1.0 4.12 2.24 97.41 96.77 50.77 49.09 14.87 13.0 124.04 123.49 20.88 20.4 1.41 3.16 65.07 63.07 77.47 75.64 28.16 27.66 121.34 119.36 128.02 
26.4 24.84 25.81 24.21 25.24 23.6 24.7 23.02 24.19 22.47 23.71 21.95 23.26 21.47 22.85 21.02 84.17 83.86 96.51 94.54 96.34 94.37 96.18 94.2 96.03 94.05 95.89 93.9 95.75 93.77 95.63 93.65 95.52 93.54 95.43 93.43 95.34 93.34 95.26 93.26 43.66 41.79 43.32 41.44 64.03 62.03 2.0 2.83 1.0 2.24 0.0 2.0 5.83 4.24 95.86 95.19 49.65 48.01 15.3 13.34 122.41 121.84 21.38 21.1 3.0 5.0 63.03 61.03 76.06 74.25 26.57 25.96 119.52 117.55 126.0 
27.66 26.17 27.02 25.5 26.4 24.84 25.81 24.21 25.24 23.6 24.7 23.02 24.19 22.47 23.71 21.95 86.15 85.84 98.48 96.51 98.31 96.34 98.15 96.18 98.01 96.03 97.87 95.89 97.74 95.75 97.62 95.63 97.51 95.52 97.42 95.43 97.33 95.34 97.25 95.26 45.54 43.66 45.22 43.32 66.03 64.03 2.83 2.0 2.24 1.0 2.0 0.0 5.1 3.16 97.74 97.08 51.31 49.65 15.81 13.93 124.33 123.76 21.84 21.38 1.0 3.0 65.03 63.03 77.88 76.06 28.46 27.89 121.49 119.52 128.0 
24.84 23.6 24.08 22.8 23.35 22.02 22.63 21.26 21.93 20.52 21.26 19.8 20.62 19.1 20.0 18.44 86.47 86.28 98.73 96.75 98.62 96.63 98.51 96.52 98.41 96.42 98.33 96.33 98.25 96.25 98.18 96.19 98.13 96.13 98.08 96.08 98.05 96.05 98.02 96.02 45.12 43.17 44.91 42.95 67.07 65.07 4.24 3.16 5.0 4.12 5.83 5.1 0.0 2.0 97.12 96.57 49.65 47.89 11.66 10.0 123.94 123.45 17.46 16.76 5.0 5.39 66.37 64.38 76.9 75.03 28.28 28.07 121.81 119.82 129.14 
26.17 24.84 25.46 24.08 24.76 23.35 24.08 22.63 23.43 21.93 22.8 21.26 22.2 20.62 21.63 20.0 86.7 86.47 98.99 97.02 98.86 96.88 98.73 96.75 98.62 96.63 98.51 96.52 98.41 96.42 98.33 96.33 98.25 96.25 98.18 96.19 98.13 96.13 98.08 96.08 45.61 43.68 45.35 43.42 67.01 65.01 3.16 1.41 3.61 2.24 4.24 3.16 2.0 0.0 97.72 97.12 50.61 48.88 13.42 11.66 124.45 123.94 19.31 18.68 3.0 3.61 66.19 64.2 77.62 75.77 28.64 28.28 122.05 120.07 129.06 
74.97 75.31 75.95 76.3 76.94 77.28 77.93 78.26 78.92 79.25 79.91 80.23 80.89 81.22 81.88 82.2 20.25 22.14 16.76 16.28 17.72 17.26 18.68 18.25 19.65 19.24 20.62 20.22 21.59 21.21 22.56 22.2 23.54 23.19 24.52 24.19 25.5 25.18 26.48 26.17 52.2 54.08 52.55 54.42 40.46 41.77 95.19 97.08 95.52 97.41 95.86 97.74 97.12 97.72 0.0 2.0 49.25 51.24 88.84 89.27 27.17 27.02 86.83 88.81 98.68 100.57 44.2 45.45 21.02 23.02 69.29 70.01 31.3 29.53 49.52 
74.67 74.97 75.66 75.95 76.66 76.94 77.65 77.93 78.64 78.92 79.63 79.91 80.62 80.89 81.61 81.88 18.38 20.25 14.87 14.32 15.81 15.3 16.76 16.28 17.72 17.26 18.68 18.25 19.65 19.24 20.62 20.22 21.59 21.21 22.56 22.2 23.54 23.19 24.52 24.19 51.55 53.45 51.87 53.76 38.95 40.31 94.56 96.46 94.87 96.77 95.19 97.08 96.57 97.12 2.0 0.0 49.09 51.09 88.46 88.84 27.46 27.17 86.58 88.57 98.03 99.93 42.64 43.93 21.02 23.02 68.62 69.29 30.46 28.64 48.17 
25.96 26.57 26.93 27.51 27.89 28.46 28.86 29.41 29.83 30.36 30.81 31.32 31.78 32.28 32.76 33.24 44.27 44.94 55.11 53.15 55.32 53.37 55.54 53.6 55.79 53.85 56.04 54.12 56.32 54.41 56.61 54.71 56.92 55.03 57.25 55.36 57.58 55.71 57.94 56.08 13.0 13.15 14.0 14.14 34.71 33.42 48.55 50.25 49.09 50.77 49.65 51.31 49.65 50.61 49.25 49.09 0.0 2.0 40.16 40.85 76.42 76.24 37.66 39.62 52.15 53.85 37.2 36.06 28.28 26.31 24.84 26.4 77.52 75.54 89.81 
24.04 24.7 25.0 25.63 25.96 26.57 26.93 27.51 27.89 28.46 28.86 29.41 29.83 30.36 30.81 31.32 46.17 46.82 57.07 55.11 57.27 55.32 57.49 55.54 57.72 55.79 57.97 56.04 58.24 56.32 58.52 56.61 58.82 56.92 59.14 57.25 59.46 57.58 59.81 57.94 13.15 13.0 14.14 14.0 36.07 34.71 46.87 48.55 47.43 49.09 48.01 49.65 47.89 48.88 51.24 51.09 2.0 0.0 38.28 39.0 78.41 78.23 35.69 37.66 50.48 52.15 38.42 37.2 30.27 28.28 23.6 25.24 79.51 77.52 91.71 
14.32 13.6 13.42 12.65 12.53 11.7 11.66 10.77 10.82 9.85 10.0 8.94 9.22 8.06 8.49 7.21 80.01 80.06 92.02 90.02 92.01 90.01 92.0 90.0 92.01 90.01 92.02 90.02 92.05 90.05 92.09 90.09 92.14 90.14 92.2 90.2 92.27 90.27 92.35 90.35 38.0 36.0 38.01 36.01 62.37 60.42 13.34 13.93 14.32 14.87 15.3 15.81 11.66 13.42 88.84 88.46 40.16 38.28 0.0 2.0 115.92 115.57 6.08 6.08 16.16 17.0 62.36 60.44 68.15 66.22 22.8 23.41 115.07 113.07 124.04 
15.26 14.32 14.42 13.42 13.6 12.53 12.81 11.66 12.04 10.82 11.31 10.0 10.63 9.22 10.0 8.49 80.01 80.01 92.09 90.09 92.05 90.05 92.02 90.02 92.01 90.01 92.0 90.0 92.01 90.01 92.02 90.02 92.05 90.05 92.09 90.09 92.14 90.14 92.2 90.2 38.05 36.06 38.01 36.01 61.98 60.02 11.4 12.08 12.37 13.0 13.34 13.93 10.0 11.66 89.27 88.84 40.85 39.0 2.0 0.0 116.3 115.92 8.06 8.06 14.32 15.26 61.85 59.91 68.68 66.76 22.36 22.8 115.16 113.16 123.79 
102.11 102.42 103.1 103.41 104.09 104.39 105.08 105.38 106.07 106.37 107.06 107.35 108.05 108.34 109.04 109.33 40.5 41.62 29.07 30.61 29.73 31.24 30.41 31.89 31.11 32.56 31.83 33.24 32.56 33.94 33.3 34.66 34.06 35.38 34.83 36.12 35.61 36.88 36.4 37.64 78.85 80.78 79.12 81.04 62.97 64.66 121.84 123.76 122.12 124.04 122.41 124.33 123.94 124.45 27.17 27.46 76.42 78.41 115.92 116.3 0.0 2.0 113.99 115.97 125.28 127.2 66.03 67.68 48.17 50.16 95.88 96.46 17.03 17.03 38.08 
101.83 102.11 102.83 103.1 103.82 104.09 104.81 105.08 105.8 106.07 106.79 107.06 107.79 108.05 108.78 109.04 39.45 40.5 27.8 29.41 28.43 30.0 29.07 30.61 29.73 31.24 30.41 31.89 31.11 32.56 31.83 33.24 32.56 33.94 33.3 34.66 34.06 35.38 34.83 36.12 78.34 80.28 78.59 80.52 61.91 63.63 121.3 123.23 121.56 123.49 121.84 123.76 123.45 123.94 27.02 27.17 76.24 78.23 115.57 115.92 2.0 0.0 113.75 115.73 124.72 126.65 64.9 66.57 48.04 50.04 95.34 95.88 15.03 15.03 36.14 
12.0 12.17 11.0 11.18 10.0 10.2 9.0 9.22 8.0 8.25 7.0 7.28 6.0 6.32 5.0 5.39 79.31 79.51 91.09 89.09 91.14 89.14 91.2 89.2 91.27 89.27 91.35 89.36 91.44 89.45 91.55 89.56 91.66 89.68 91.79 89.81 91.92 89.94 92.07 90.09 37.48 35.51 37.66 35.69 62.94 61.03 19.42 19.92 20.4 20.88 21.38 21.84 17.46 19.31 86.83 86.58 37.66 35.69 6.08 8.06 113.99 113.75 0.0 2.0 22.14 22.85 63.32 61.47 65.92 63.95 24.19 25.24 114.02 112.02 123.97 
14.0 14.14 13.0 13.15 12.0 12.17 11.0 11.18 10.0 10.2 9.0 9.22 8.0 8.25 7.0 7.28 81.3 81.5 93.09 91.09 93.13 91.14 93.19 91.2 93.26 91.27 93.34 91.35 93.43 91.44 93.54 91.55 93.65 91.66 93.77 91.79 93.9 91.92 94.05 92.07 39.46 37.48 39.62 37.66 64.85 62.94 19.1 19.42 20.1 20.4 21.1 21.38 16.76 18.68 88.81 88.57 39.62 37.66 6.08 8.06 115.97 115.73 2.0 0.0 21.59 22.14 65.19 63.32 67.9 65.92 25.94 26.93 116.02 114.02 125.94 
28.32 26.87 27.66 26.17 27.02 25.5 26.4 24.84 25.81 24.21 25.24 23.6 24.7 23.02 24.19 22.47 87.13 86.83 99.46 97.49 99.3 97.32 99.14 97.16 98.99 97.02 98.86 96.88 98.73 96.75 98.62 96.63 98.51 96.52 98.41 96.42 98.33 96.33 98.25 96.25 46.49 44.6 46.17 44.27 67.03 65.03 3.61 2.24 3.16 1.41 3.0 1.0 5.0 3.0 98.68 98.03 52.15 50.48 16.16 14.32 125.28 124.72 22.14 21.59 0.0 2.0 66.03 64.03 78.79 76.97 29.41 28.86 122.48 120.51 129.0 
29.7 28.32 29.0 27.59 28.32 26.87 27.66 26.17 27.02 25.5 26.4 24.84 25.81 24.21 25.24 23.6 89.11 88.81 101.43 99.46 101.27 99.3 101.12 99.14 100.98 98.99 100.84 98.86 100.72 98.73 100.6 98.62 100.5 98.51 100.4 98.41 100.32 98.33 100.24 98.25 48.38 46.49 48.08 46.17 69.03 67.03 5.39 3.61 5.1 3.16 5.0 3.0 5.39 3.61 100.57 99.93 53.85 52.15 17.0 15.26 127.2 126.65 22.85 22.14 2.0 0.0 68.03 66.03 80.62 78.79 31.32 30.81 124.46 122.48 131.0 
52.33 51.48 53.23 52.39 54.13 53.31 55.04 54.23 55.95 55.15 56.86 56.08 57.78 57.01 58.69 57.94 25.61 24.41 37.22 35.51 36.72 34.99 36.24 34.48 35.78 34.0 35.34 33.54 34.93 33.11 34.54 32.7 34.18 32.31 33.84 31.95 33.53 31.62 33.24 31.32 27.8 29.41 27.2 28.84 4.12 4.12 63.13 65.12 63.07 65.07 63.03 65.03 66.37 66.19 44.2 42.64 37.2 38.42 62.36 61.85 66.03 64.9 63.32 65.19 66.03 68.03 0.0 2.0 34.53 34.23 39.56 39.05 58.87 57.01 63.01 
50.54 49.66 51.43 50.57 52.33 51.48 53.23 52.39 54.13 53.31 55.04 54.23 55.95 55.15 56.86 56.08 27.2 26.08 38.95 37.22 38.47 36.72 38.01 36.24 37.58 35.78 37.16 35.34 36.77 34.93 36.4 34.54 36.06 34.18 35.74 33.84 35.44 33.53 35.17 33.24 26.25 27.8 25.61 27.2 5.0 4.12 61.13 63.13 61.07 63.07 61.03 63.03 64.38 64.2 45.45 43.93 36.06 37.2 60.44 59.91 67.68 66.57 61.47 63.32 64.03 66.03 2.0 0.0 34.93 34.53 37.64 37.11 60.75 58.87 65.01 
54.13 54.57 55.11 55.54 56.09 56.52 57.07 57.49 58.05 58.46 59.03 59.44 60.02 60.42 61.0 61.39 22.8 24.41 30.02 28.3 30.53 28.84 31.06 29.41 31.62 30.0 32.2 30.61 32.8 31.24 33.42 31.89 34.06 32.56 34.71 33.24 35.38 33.94 36.07 34.66 32.76 34.48 33.29 34.99 30.41 30.81 75.24 77.08 75.64 77.47 76.06 77.88 76.9 77.62 21.02 21.02 28.28 30.27 68.15 68.68 48.17 48.04 65.92 67.9 78.79 80.62 34.53 34.93 0.0 2.0 49.65 50.61 50.7 48.76 65.86 
52.17 52.63 53.15 53.6 54.13 54.57 55.11 55.54 56.09 56.52 57.07 57.49 58.05 58.46 59.03 59.44 24.08 25.61 31.76 30.02 32.25 30.53 32.76 31.06 33.29 31.62 33.84 32.2 34.41 32.8 35.0 33.42 35.61 34.06 36.24 34.71 36.88 35.38 37.54 36.07 31.06 32.76 31.62 33.29 30.15 30.41 73.41 75.24 73.82 75.64 74.25 76.06 75.03 75.77 23.02 23.02 26.31 28.28 66.22 66.76 50.16 50.04 63.95 65.92 76.97 78.79 34.23 34.53 2.0 0.0 47.89 48.88 52.63 50.7 67.6 
15.0 13.45 15.62 14.14 16.28 14.87 16.97 15.62 17.69 16.4 18.44 17.2 19.21 18.03 20.0 18.87 58.22 58.08 70.46 68.47 70.35 68.36 70.26 68.26 70.18 68.18 70.11 68.12 70.06 68.07 70.03 68.03 70.01 68.01 70.0 68.0 70.01 68.01 70.03 68.03 17.09 15.23 16.76 14.87 39.62 37.66 25.96 27.89 26.25 28.16 26.57 28.46 28.28 28.64 69.29 68.62 24.84 23.6 22.8 22.36 95.88 95.34 24.19 25.94 29.41 31.32 39.56 37.64 49.65 47.89 0.0 2.0 93.54 91.55 101.49 
16.64 15.0 17.2 15.62 17.8 16.28 18.44 16.97 19.1 17.69 19.8 18.44 20.52 19.21 21.26 20.0 58.42 58.22 70.71 68.73 70.58 68.59 70.46 68.47 70.35 68.36 70.26 68.26 70.18 68.18 70.11 68.12 70.06 68.07 70.03 68.03 70.01 68.01 70.0 68.0 17.89 16.12 17.46 15.65 39.32 37.34 25.5 27.46 25.71 27.66 25.96 27.89 28.07 28.28 70.01 69.29 26.4 25.24 23.41 22.8 96.46 95.88 25.24 26.93 28.86 30.81 39.05 37.11 50.61 48.88 2.0 0.0 93.77 91.79 101.32 
102.02 102.0 103.02 103.0 104.02 104.0 105.02 105.0 106.02 106.0 107.02 107.0 108.02 108.0 109.02 109.0 35.36 35.69 23.09 25.08 23.19 25.18 23.35 25.32 23.54 25.5 23.77 25.71 24.04 25.96 24.35 26.25 24.7 26.57 25.08 26.93 25.5 27.31 25.94 27.73 77.1 79.1 77.16 79.16 56.61 58.52 119.22 121.2 119.36 121.34 119.52 121.49 121.81 122.05 31.3 30.46 77.52 79.51 115.07 115.16 17.03 15.03 114.02 116.02 122.48 124.46 58.87 60.75 50.7 52.63 93.54 93.77 0.0 2.0 21.54 
100.02 100.0 101.02 101.0 102.02 102.0 103.02 103.0 104.02 104.0 105.02 105.0 106.02 106.0 107.02 107.0 33.38 33.73 21.1 23.09 21.21 23.19 21.38 23.35 21.59 23.54 21.84 23.77 22.14 24.04 22.47 24.35 22.85 24.7 23.26 25.08 23.71 25.5 24.19 25.94 75.11 77.1 75.17 77.16 54.71 56.61 117.24 119.22 117.39 119.36 117.55 119.52 119.82 120.07 29.53 28.64 75.54 77.52 113.07 113.16 17.03 15.03 112.02 114.02 120.51 122.48 57.01 58.87 48.76 50.7 91.55 91.79 2.0 0.0 22.36 
112.18 111.8 113.16 112.79 114.14 113.77 115.12 114.76 116.1 115.74 117.09 116.73 118.07 117.71 119.05 118.7 45.54 44.92 35.85 37.59 35.36 37.12 34.89 36.67 34.44 36.25 34.01 35.85 33.62 35.47 33.24 35.11 32.89 34.79 32.57 34.48 32.28 34.21 32.02 33.96 86.49 88.46 86.31 88.28 62.07 64.07 126.04 128.04 126.02 128.02 126.0 128.0 129.14 129.06 49.52 48.17 89.81 91.71 124.04 123.79 38.08 36.14 123.97 125.94 129.0 131.0 63.01 65.01 65.86 67.6 101.49 101.32 21.54 22.36 0.0 
