10
0.0 2.0 1.0 2.24 2.0 2.83 5.39 5.0 7.0 9.0 
2.0 0.0 2.24 1.0 2.83 2.0 6.4 5.39 7.28 9.22 
1.0 2.24 0.0 2.0 1.0 2.24 6.32 6.0 6.0 8.0 
2.24 1.0 2.0 0.0 2.24 1.0 7.21 6.32 6.32 8.25 
2.0 2.83 1.0 2.24 0.0 2.0 7.28 7.0 5.0 7.0 
2.83 2.0 2.24 1.0 2.0 0.0 8.06 7.28 5.39 7.28 
5.39 6.4 6.32 7.21 7.28 8.06 0.0 2.0 12.17 14.14 
5.0 5.39 6.0 6.32 7.0 7.28 2.0 0.0 12.0 14.0 
7.0 7.28 6.0 6.32 5.0 5.39 12.17 12.0 0.0 2.0 
9.0 9.22 8.0 8.25 7.0 7.28 14.14 14.0 2.0 0.0 
