40
0.0 2.0 1.0 2.24 2.0 2.83 42.2 40.26 41.98 40.02 41.77 39.81 45.04 45.18 56.32 54.41 18.03 16.16 44.01 43.32 31.26 31.58 48.17 46.17 56.08 54.56 63.78 62.29 45.45 44.2 49.34 47.43 77.2 75.6 41.18 40.25 45.12 43.17 19.31 17.46 
2.0 0.0 2.24 1.0 2.83 2.0 42.72 40.8 42.45 40.52 42.2 40.26 45.0 45.04 58.24 56.32 18.79 17.0 45.88 45.22 31.06 31.26 48.04 46.04 57.38 55.9 65.3 63.78 47.01 45.8 51.24 49.34 78.82 77.2 42.94 42.05 45.61 43.68 20.12 18.36 
1.0 2.24 0.0 2.0 1.0 2.24 43.17 41.23 42.95 41.0 42.76 40.79 46.04 46.17 56.61 54.71 18.97 17.09 44.38 43.66 32.25 32.56 49.16 47.17 56.85 55.32 64.44 62.97 46.1 44.82 49.65 47.76 77.8 76.22 41.68 40.71 46.1 44.15 20.25 18.38 
2.24 1.0 2.0 0.0 2.24 1.0 43.68 41.76 43.42 41.48 43.17 41.23 46.0 46.04 58.52 56.61 19.7 17.89 46.24 45.54 32.06 32.25 49.04 47.04 58.14 56.64 65.95 64.44 47.63 46.4 51.55 49.65 79.4 77.8 43.42 42.49 46.57 44.64 21.02 19.24 
2.0 2.83 1.0 2.24 0.0 2.0 44.15 42.2 43.93 41.98 43.74 41.77 47.04 47.17 56.92 55.03 19.92 18.03 44.78 44.01 33.24 33.54 50.16 48.17 57.63 56.08 65.12 63.66 46.75 45.45 49.98 48.1 78.41 76.84 42.19 41.18 47.07 45.12 21.19 19.31 
2.83 2.0 2.24 1.0 2.0 0.0 44.64 42.72 44.38 42.45 44.15 42.2 47.0 47.04 58.82 56.92 20.62 18.79 46.62 45.88 33.06 33.24 50.04 48.04 58.9 57.38 66.6 65.12 48.27 47.01 51.87 49.98 80.0 78.41 43.91 42.94 47.54 45.61 21.93 20.12 
42.2 42.72 43.17 43.68 44.15 44.64 0.0 2.0 1.0 2.24 2.0 2.83 12.65 14.56 50.61 48.88 24.33 26.31 39.82 41.11 17.2 18.87 15.65 14.87 26.08 26.0 38.01 36.01 27.73 28.65 45.22 43.6 52.24 50.25 33.42 34.71 3.0 1.0 23.19 25.18 
40.26 40.8 41.23 41.76 42.2 42.72 2.0 0.0 2.24 1.0 2.83 2.0 13.42 15.23 49.65 47.89 22.36 24.33 38.6 39.82 16.12 17.89 16.64 15.65 26.31 26.08 38.12 36.12 26.93 27.73 44.1 42.44 52.47 50.49 32.2 33.42 5.0 3.0 21.21 23.19 
41.98 42.45 42.95 43.42 43.93 44.38 1.0 2.24 0.0 2.0 1.0 2.24 11.7 13.6 51.48 49.74 24.19 26.17 40.61 41.87 16.4 18.03 14.76 13.93 27.07 27.0 39.01 37.01 28.64 29.53 46.04 44.41 53.24 51.24 34.21 35.47 3.16 1.41 23.09 25.08 
40.02 40.52 41.0 41.48 41.98 42.45 2.24 1.0 2.0 0.0 2.24 1.0 12.53 14.32 50.54 48.76 22.2 24.19 39.41 40.61 15.26 17.0 15.81 14.76 27.29 27.07 39.12 37.12 27.86 28.64 44.94 43.27 53.46 51.48 33.02 34.21 5.1 3.16 21.1 23.09 
41.77 42.2 42.76 43.17 43.74 44.15 2.0 2.83 1.0 2.24 0.0 2.0 10.77 12.65 52.35 50.61 24.08 26.08 41.4 42.64 15.62 17.2 13.89 13.0 28.07 28.0 40.01 38.01 29.55 30.41 46.87 45.22 54.23 52.24 35.0 36.24 3.61 2.24 23.02 25.02 
39.81 40.26 40.79 41.23 41.77 42.2 2.83 2.0 2.24 1.0 2.0 0.0 11.66 13.42 51.43 49.65 22.09 24.08 40.22 41.4 14.42 16.12 15.0 13.89 28.28 28.07 40.11 38.12 28.79 29.55 45.79 44.1 54.45 52.47 33.84 35.0 5.39 3.61 21.02 23.02 
45.04 45.0 46.04 46.0 47.04 47.0 12.65 13.42 11.7 12.53 10.77 11.66 0.0 2.0 63.06 61.29 29.12 31.05 51.87 53.01 14.14 14.56 3.61 2.24 38.05 38.21 50.09 48.09 40.31 41.15 57.45 55.76 64.01 62.01 45.49 46.62 12.04 12.37 28.46 30.36 
45.18 45.04 46.17 46.04 47.17 47.04 14.56 15.23 13.6 14.32 12.65 13.42 2.0 0.0 64.85 63.06 29.73 31.62 53.54 54.64 14.0 14.14 3.0 1.0 40.05 40.2 52.09 50.09 42.15 42.95 59.17 57.45 66.01 64.01 47.17 48.26 14.04 14.32 29.15 31.02 
56.32 58.24 56.61 58.52 56.92 58.82 50.61 49.65 51.48 50.54 52.35 51.43 63.06 64.85 0.0 2.0 48.01 48.01 13.0 13.15 59.91 61.85 66.24 65.3 32.45 30.81 26.68 27.2 23.02 21.95 7.07 9.06 31.05 30.59 18.44 18.11 52.15 51.11 47.04 47.0 
54.41 56.32 54.71 56.61 55.03 56.92 48.88 47.89 49.74 48.76 50.61 49.65 61.29 63.06 2.0 0.0 46.01 46.01 11.0 11.18 57.97 59.91 64.5 63.53 31.38 29.68 26.31 26.68 21.4 20.25 5.1 7.07 31.62 31.05 16.49 16.12 50.48 49.4 45.04 45.0 
18.03 18.79 18.97 19.7 19.92 20.62 24.33 22.36 24.19 22.2 24.08 22.09 29.12 29.73 48.01 46.01 0.0 2.0 35.01 35.13 17.2 18.44 32.57 30.68 39.7 38.42 48.88 47.17 31.38 30.68 41.05 39.05 63.06 61.29 30.15 30.02 27.29 25.32 1.41 1.41 
16.16 17.0 17.09 17.89 18.03 18.79 26.31 24.33 26.17 24.19 26.08 24.08 31.05 31.62 48.01 46.01 2.0 0.0 35.01 35.01 18.87 20.0 34.48 32.57 41.04 39.7 49.93 48.26 32.2 31.38 41.0 39.0 64.01 62.27 30.41 30.15 29.27 27.29 3.16 1.41 
44.01 45.88 44.38 46.24 44.78 46.62 39.82 38.6 40.61 39.41 41.4 40.22 51.87 53.54 13.0 11.0 35.01 35.01 0.0 2.0 47.43 49.34 55.22 54.08 27.46 25.5 26.93 26.48 14.32 12.53 6.08 4.12 36.62 35.51 6.4 5.39 41.77 40.46 34.06 34.0 
43.32 45.22 43.66 45.54 44.01 45.88 41.11 39.82 41.87 40.61 42.64 41.4 53.01 54.64 13.15 11.18 35.13 35.01 2.0 0.0 48.1 49.98 56.4 55.22 29.43 27.46 28.86 28.44 16.16 14.32 6.08 4.12 38.28 37.22 7.81 6.4 43.14 41.77 34.23 34.06 
31.26 31.06 32.25 32.06 33.24 33.06 17.2 16.12 16.4 15.26 15.62 14.42 14.14 14.0 59.91 57.97 17.2 18.87 47.43 48.1 0.0 2.0 17.0 15.0 41.76 41.23 53.15 51.2 39.05 39.2 53.45 51.55 67.68 65.73 41.48 42.06 19.1 17.8 17.03 18.6 
31.58 31.26 32.56 32.25 33.54 33.24 18.87 17.89 18.03 17.0 17.2 16.12 14.56 14.14 61.85 59.91 18.44 20.0 49.34 49.98 2.0 0.0 17.12 15.13 43.68 43.17 55.11 53.15 41.05 41.19 55.36 53.45 69.63 67.68 43.42 43.97 20.62 19.42 18.38 19.85 
48.17 48.04 49.16 49.04 50.16 50.04 15.65 16.64 14.76 15.81 13.89 15.0 3.61 3.0 66.24 64.5 32.57 34.48 55.22 56.4 17.0 17.12 0.0 2.0 40.31 40.61 52.35 50.36 43.38 44.29 60.75 59.08 66.03 64.03 48.83 50.0 14.56 15.23 31.95 33.84 
46.17 46.04 47.17 47.04 48.17 48.04 14.87 15.65 13.93 14.76 13.0 13.89 2.24 1.0 65.3 63.53 30.68 32.57 54.08 55.22 15.0 15.13 2.0 0.0 40.11 40.31 52.15 50.16 42.54 43.38 59.68 57.98 66.0 64.0 47.71 48.83 14.14 14.56 30.08 31.95 
56.08 57.38 56.85 58.14 57.63 58.9 26.08 26.31 27.07 27.29 28.07 28.28 38.05 40.05 32.45 31.38 39.7 41.04 27.46 29.43 41.76 43.68 40.31 40.11 0.0 2.0 12.04 10.05 14.04 16.03 30.08 29.41 26.17 24.19 23.0 25.0 26.02 26.02 38.29 39.62 
54.56 55.9 55.32 56.64 56.08 57.38 26.0 26.08 27.0 27.07 28.0 28.07 38.21 40.2 30.81 29.68 38.42 39.7 25.5 27.46 41.23 43.17 40.61 40.31 2.0 0.0 12.04 10.05 12.04 14.04 28.23 27.51 26.48 24.52 21.0 23.0 26.17 26.02 37.01 38.29 
63.78 65.3 64.44 65.95 65.12 66.6 38.01 38.12 39.01 39.12 40.01 40.11 50.09 52.09 26.68 26.31 48.88 49.93 26.93 28.86 53.15 55.11 52.35 52.15 12.04 12.04 0.0 2.0 18.38 19.85 27.02 27.17 14.56 12.65 25.06 26.83 38.05 38.0 47.51 48.55 
62.29 63.78 62.97 64.44 63.66 65.12 36.01 36.12 37.01 37.12 38.01 38.12 48.09 50.09 27.2 26.68 47.17 48.26 26.48 28.44 51.2 53.15 50.36 50.16 10.05 10.05 2.0 0.0 17.03 18.6 27.02 27.02 16.49 14.56 24.17 26.0 36.06 36.0 45.79 46.87 
45.45 47.01 46.1 47.63 46.75 48.27 27.73 26.93 28.64 27.86 29.55 28.79 40.31 42.15 23.02 21.4 31.38 32.2 14.32 16.16 39.05 41.05 43.38 42.54 14.04 12.04 18.38 17.03 0.0 2.0 18.44 17.2 31.91 30.23 9.06 11.05 29.15 28.18 30.08 30.87 
44.2 45.8 44.82 46.4 45.45 47.01 28.65 27.73 29.53 28.64 30.41 29.55 41.15 42.95 21.95 20.25 30.68 31.38 12.53 14.32 39.2 41.19 44.29 43.38 16.03 14.04 19.85 18.6 2.0 0.0 16.97 15.62 33.02 31.4 7.07 9.06 30.23 29.15 29.41 30.08 
49.34 51.24 49.65 51.55 49.98 51.87 45.22 44.1 46.04 44.94 46.87 45.79 57.45 59.17 7.07 5.1 41.05 41.0 6.08 6.08 53.45 55.36 60.75 59.68 30.08 28.23 27.02 27.02 18.44 16.97 0.0 2.0 34.44 33.62 12.08 11.4 47.01 45.8 40.11 40.01 
47.43 49.34 47.76 49.65 48.1 49.98 43.6 42.44 44.41 43.27 45.22 44.1 55.76 57.45 9.06 7.07 39.05 39.0 4.12 4.12 51.55 53.45 59.08 57.98 29.41 27.51 27.17 27.02 17.2 15.62 2.0 0.0 35.36 34.44 10.3 9.49 45.45 44.2 38.12 38.01 
77.2 78.82 77.8 79.4 78.41 80.0 52.24 52.47 53.24 53.46 54.23 54.45 64.01 66.01 31.05 31.62 63.06 64.01 36.62 38.28 67.68 69.63 66.03 66.0 26.17 26.48 14.56 16.49 31.91 33.02 34.44 35.36 0.0 2.0 36.77 38.21 52.04 52.15 61.72 62.65 
75.6 77.2 76.22 77.8 76.84 78.41 50.25 50.49 51.24 51.48 52.24 52.47 62.01 64.01 30.59 31.05 61.29 62.27 35.51 37.22 65.73 67.68 64.03 64.0 24.19 24.52 12.65 14.56 30.23 31.4 33.62 34.44 2.0 0.0 35.38 36.88 50.04 50.16 59.94 60.9 
41.18 42.94 41.68 43.42 42.19 43.91 33.42 32.2 34.21 33.02 35.0 33.84 45.49 47.17 18.44 16.49 30.15 30.41 6.4 7.81 41.48 43.42 48.83 47.71 23.0 21.0 25.06 24.17 9.06 7.07 12.08 10.3 36.77 35.38 0.0 2.0 35.38 34.06 29.07 29.27 
40.25 42.05 40.71 42.49 41.18 42.94 34.71 33.42 35.47 34.21 36.24 35.0 46.62 48.26 18.11 16.12 30.02 30.15 5.39 6.4 42.06 43.97 50.0 48.83 25.0 23.0 26.83 26.0 11.05 9.06 11.4 9.49 38.21 36.88 2.0 0.0 36.77 35.38 29.0 29.07 
45.12 45.61 46.1 46.57 47.07 47.54 3.0 5.0 3.16 5.1 3.61 5.39 12.04 14.04 52.15 50.48 27.29 29.27 41.77 43.14 19.1 20.62 14.56 14.14 26.02 26.17 38.05 36.06 29.15 30.23 47.01 45.45 52.04 50.04 35.38 36.77 0.0 2.0 26.17 28.16 
43.17 43.68 44.15 44.64 45.12 45.61 1.0 3.0 1.41 3.16 2.24 3.61 12.37 14.32 51.11 49.4 25.32 27.29 40.46 41.77 17.8 19.42 15.23 14.56 26.02 26.02 38.0 36.0 28.18 29.15 45.8 44.2 52.15 50.16 34.06 35.38 2.0 0.0 24.19 26.17 
19.31 20.12 20.25 21.02 21.19 21.93 23.19 21.21 23.09 21.1 23.02 21.02 28.46 29.15 47.04 45.04 1.41 3.16 34.06 34.23 17.03 18.38 31.95 30.08 38.29 37.01 47.51 45.79 30.08 29.41 40.11 38.12 61.72 59.94 29.07 29.0 26.17 24.19 0.0 2.0 
17.46 18.36 18.38 19.24 19.31 20.12 25.18 23.19 25.08 23.09 25.02 23.02 30.36 31.02 47.0 45.0 1.41 1.41 34.0 34.06 18.6 19.85 33.84 31.95 39.62 38.29 48.55 46.87 30.87 30.08 40.01 38.01 62.65 60.9 29.27 29.07 28.16 26.17 2.0 0.0 
