95
0.0 2.0 162.89 163.86 162.01 162.98 161.14 162.11 119.77 120.54 64.12 64.28 130.0 128.06 80.45 81.61 120.51 122.02 31.0 29.0 106.25 108.16 143.5 141.51 55.23 53.91 80.5 81.41 95.85 95.08 142.06 140.06 140.98 142.04 140.72 141.99 54.23 52.24 62.8 63.15 67.27 65.8 44.1 46.1 82.22 82.87 65.46 64.35 64.38 62.94 26.25 27.8 53.01 51.4 122.0 120.8 87.66 88.39 156.0 156.78 111.02 109.27 36.01 36.12 62.03 61.35 118.11 116.11 176.47 174.84 35.85 37.7 69.64 71.57 150.63 151.01 125.02 123.02 76.55 75.47 115.95 114.13 38.91 38.08 91.05 89.05 128.89 128.57 101.02 99.4 57.49 59.44 85.21 83.6 62.51 
2.0 0.0 161.94 162.89 161.06 162.01 160.18 161.14 119.04 119.77 62.13 62.29 129.52 127.58 79.32 80.45 119.0 120.51 33.0 31.0 104.36 106.25 143.68 141.69 56.73 55.44 79.62 80.5 94.02 93.23 142.01 140.01 139.94 140.98 139.46 140.72 54.08 52.09 60.83 61.19 68.77 67.27 42.11 44.1 80.32 80.99 63.82 62.68 65.86 64.38 24.76 26.25 54.64 53.01 120.42 119.2 85.8 86.54 155.24 156.0 110.06 108.3 34.01 34.13 63.91 63.25 118.04 116.04 175.32 173.68 34.01 35.85 67.72 69.64 150.27 150.63 125.0 123.0 74.89 73.78 116.78 114.97 37.12 36.25 91.01 89.01 129.25 128.89 102.2 100.6 55.54 57.49 86.84 85.21 60.53 
162.89 161.94 0.0 2.0 1.0 2.24 2.0 2.83 45.97 44.55 147.67 149.66 49.04 49.77 83.38 82.64 65.31 65.73 179.81 178.6 112.38 112.81 90.0 90.02 159.36 160.7 82.49 81.49 105.48 107.47 74.01 74.06 23.35 23.09 35.74 36.4 115.11 116.66 153.83 155.82 161.21 159.62 144.07 143.61 169.0 171.0 108.68 110.63 159.46 157.89 138.71 137.88 211.94 210.8 71.57 73.5 174.05 176.05 18.03 16.03 51.88 53.67 150.0 151.92 182.04 183.37 77.16 77.83 24.02 24.02 163.32 162.78 162.37 162.25 50.25 48.26 78.1 78.59 101.97 103.95 130.36 130.94 133.14 135.03 91.26 92.42 101.27 99.3 149.97 150.79 131.85 131.53 173.95 172.26 151.85 
163.86 162.89 2.0 0.0 2.24 1.0 2.83 2.0 47.42 45.97 147.87 149.86 50.92 51.62 84.17 83.38 64.94 65.31 181.02 179.81 111.99 112.38 92.0 92.02 160.86 162.19 83.53 82.49 105.3 107.3 76.01 76.06 23.77 23.35 35.17 35.74 116.39 117.92 154.06 156.04 162.8 161.21 144.55 144.07 169.01 171.01 109.14 111.09 161.03 159.46 139.56 138.71 213.08 211.94 71.06 73.01 174.01 176.01 20.02 18.03 52.84 54.59 150.57 152.49 183.53 184.86 79.06 79.71 22.02 22.02 163.88 163.32 162.52 162.37 52.24 50.25 80.05 80.52 102.26 104.24 132.28 132.85 133.79 135.68 92.91 94.05 103.25 101.27 151.8 152.61 132.2 131.85 175.64 173.95 152.07 
162.01 161.06 1.0 2.24 0.0 2.0 1.0 2.24 45.28 43.84 146.67 148.66 48.7 49.4 82.46 81.71 64.33 64.76 179.01 177.8 111.4 111.83 90.01 90.01 158.7 160.03 81.63 80.62 104.48 106.47 74.0 74.03 22.36 22.09 34.79 35.47 114.34 115.88 152.84 154.83 160.6 159.01 143.1 142.64 168.0 170.0 107.71 109.66 158.84 157.27 137.8 136.97 211.12 209.98 70.6 72.53 173.05 175.05 18.11 16.12 51.0 52.77 149.04 150.96 181.37 182.7 76.84 77.49 24.08 24.0 162.36 161.82 161.38 161.25 50.36 48.37 77.88 78.34 100.98 102.96 130.08 130.65 132.19 134.08 90.7 91.84 101.12 99.14 149.56 150.38 130.86 130.54 173.42 171.72 150.85 
162.98 162.01 2.24 1.0 2.0 0.0 2.24 1.0 46.75 45.28 146.87 148.86 50.6 51.26 83.26 82.46 63.95 64.33 180.24 179.01 111.0 111.4 92.01 92.01 160.21 161.52 82.68 81.63 104.31 106.3 76.0 76.03 22.8 22.36 34.21 34.79 115.62 117.15 153.06 155.05 162.2 160.6 143.59 143.1 168.01 170.01 108.17 110.11 160.42 158.84 138.65 137.8 212.27 211.12 70.09 72.03 173.01 175.01 20.1 18.11 51.97 53.71 149.62 151.53 182.88 184.2 78.75 79.38 22.09 22.0 162.93 162.36 161.52 161.38 52.35 50.36 79.83 80.28 101.27 103.25 132.0 132.56 132.85 134.74 92.36 93.48 103.1 101.12 151.4 152.2 131.21 130.86 175.11 173.42 151.08 
161.14 160.18 2.0 2.83 1.0 2.24 0.0 2.0 44.6 43.14 145.67 147.67 48.38 49.04 81.54 80.78 63.35 63.79 178.22 177.0 110.42 110.86 90.02 90.0 158.04 159.36 80.78 79.76 103.48 105.48 74.01 74.01 21.38 21.1 33.84 34.54 113.57 115.11 151.85 153.83 160.0 158.4 142.13 141.66 167.0 169.0 106.73 108.68 158.22 156.65 136.89 136.06 210.3 209.15 69.64 71.57 172.05 174.05 18.25 16.28 50.12 51.88 148.08 150.0 180.71 182.04 76.54 77.16 24.19 24.02 161.4 160.85 160.38 160.25 50.49 48.51 77.67 78.1 99.98 101.97 129.81 130.36 131.24 133.14 90.14 91.26 100.98 98.99 149.16 149.97 129.88 129.55 172.89 171.19 149.86 
162.11 161.14 2.83 2.0 2.24 1.0 2.0 0.0 46.1 44.6 145.88 147.87 50.29 50.92 82.35 81.54 62.97 63.35 179.45 178.22 110.02 110.42 92.02 92.0 159.55 160.86 81.84 80.78 103.31 105.3 76.01 76.01 21.84 21.38 33.24 33.84 114.87 116.39 152.07 154.06 161.6 160.0 142.62 142.13 167.01 169.01 107.2 109.14 159.81 158.22 137.75 136.89 211.45 210.3 69.12 71.06 172.01 174.01 20.22 18.25 51.11 52.84 148.66 150.57 182.22 183.53 78.45 79.06 22.2 22.02 161.97 161.4 160.53 160.38 52.47 50.49 79.62 80.05 100.28 102.26 131.73 132.28 131.91 133.79 91.81 92.91 102.96 100.98 151.0 151.8 130.23 129.88 174.59 172.89 150.08 
119.77 119.04 45.97 47.42 45.28 46.75 44.6 46.1 0.0 2.0 116.56 118.53 19.85 18.38 45.01 45.1 56.04 57.69 134.53 133.41 96.02 97.2 65.37 64.41 113.45 114.77 40.02 39.62 84.72 86.45 51.4 50.22 30.36 32.28 44.05 46.04 69.63 71.28 122.19 124.17 115.68 114.04 108.0 108.0 140.92 142.86 74.55 76.53 113.81 112.2 97.27 96.77 167.06 166.01 63.82 65.0 146.74 148.68 36.25 37.12 16.64 18.36 112.36 114.35 136.12 137.44 40.61 40.31 65.86 64.88 125.57 125.4 131.85 132.2 40.72 39.92 45.22 44.64 71.57 73.5 92.14 92.27 94.53 96.52 46.52 47.41 68.88 66.94 107.97 108.52 98.62 98.86 129.29 127.53 120.21 
120.54 119.77 44.55 45.97 43.84 45.28 43.14 44.6 2.0 0.0 116.25 118.23 21.21 19.85 45.01 45.01 54.41 56.04 135.67 134.53 94.87 96.02 67.12 66.19 114.98 116.28 40.52 40.02 83.73 85.48 53.01 51.87 28.46 30.36 42.05 44.05 70.8 72.42 121.93 123.91 117.32 115.68 108.04 108.0 140.46 142.41 74.33 76.32 115.43 113.81 97.8 97.27 168.12 167.06 62.2 63.41 146.25 148.19 35.47 36.25 15.65 17.46 112.54 114.53 137.64 138.95 42.58 42.3 64.14 63.13 125.78 125.57 131.53 131.85 41.59 40.72 47.13 46.57 71.06 73.01 94.13 94.26 94.76 96.75 48.33 49.19 70.83 68.88 109.9 110.44 98.41 98.62 131.06 129.29 119.94 
64.12 62.13 147.67 147.87 146.67 146.87 145.67 145.88 116.56 116.25 0.0 2.0 133.88 131.94 72.28 71.81 87.28 87.92 95.08 93.09 52.33 53.76 165.48 163.71 112.72 112.01 80.99 80.32 48.37 46.65 157.85 156.0 124.4 124.58 115.73 116.18 82.73 81.34 6.32 8.25 124.08 122.25 21.19 19.31 26.08 27.78 42.2 40.26 120.93 119.1 48.75 46.96 110.35 108.42 84.69 82.86 32.45 34.13 148.05 148.01 101.49 99.5 28.16 28.02 124.74 124.34 135.52 133.72 152.8 150.86 32.57 30.68 15.3 15.81 156.2 155.76 143.13 141.33 46.0 44.0 156.27 154.87 35.81 34.67 112.9 111.22 156.71 155.62 150.08 148.95 18.79 18.03 143.54 141.69 4.47 
64.28 62.29 149.66 149.86 148.66 148.86 147.67 147.87 118.53 118.23 2.0 0.0 135.82 133.88 74.22 73.76 89.19 89.81 95.19 93.19 53.76 55.15 167.26 165.48 113.46 112.72 82.87 82.22 50.12 48.37 159.7 157.85 126.4 126.57 117.69 118.13 84.15 82.73 4.47 6.32 124.89 123.07 21.93 20.12 24.41 26.08 44.15 42.2 121.74 119.92 49.65 47.89 109.88 107.94 86.54 84.69 30.81 32.45 150.05 150.01 103.48 101.49 28.44 28.16 125.17 124.74 137.32 135.52 154.74 152.8 32.02 30.08 13.34 13.93 158.15 157.71 144.93 143.13 48.0 46.0 157.69 156.27 37.01 35.81 114.59 112.9 158.38 157.31 151.24 150.08 20.62 19.92 144.31 142.47 2.83 
130.0 129.52 49.04 50.92 48.7 50.6 48.38 50.29 19.85 21.21 133.88 135.82 0.0 2.0 61.61 62.1 75.43 77.01 140.87 139.99 115.8 117.0 47.17 46.49 115.11 116.66 54.15 54.33 104.31 106.0 32.25 31.3 42.43 44.41 59.48 61.4 76.9 78.77 139.27 141.22 115.26 113.85 123.58 123.79 158.81 160.72 91.68 93.62 113.86 112.49 109.66 109.46 173.99 173.14 83.24 84.5 164.77 166.68 33.29 34.99 36.4 38.01 127.06 129.06 137.54 139.05 28.16 28.79 72.28 71.81 140.0 140.03 149.16 149.65 22.36 22.09 30.02 30.15 89.89 91.76 81.49 82.01 109.04 111.04 45.45 47.01 54.01 52.01 101.08 101.97 115.52 115.95 126.4 124.81 137.32 
128.06 127.58 49.77 51.62 49.4 51.26 49.04 50.92 18.38 19.85 131.94 133.88 2.0 0.0 59.67 60.17 74.2 75.8 139.09 138.19 114.2 115.42 47.93 47.17 113.57 115.11 52.15 52.35 102.63 104.31 33.29 32.25 42.19 44.18 58.94 60.88 75.03 76.9 137.32 139.27 113.86 112.43 121.59 121.81 156.89 158.81 89.74 91.68 112.43 111.04 107.67 107.47 172.19 171.33 82.01 83.24 162.86 164.77 34.41 36.06 34.83 36.4 125.06 127.06 136.03 137.54 27.66 28.16 72.8 72.28 138.0 138.03 147.22 147.71 24.33 24.08 30.02 30.02 88.02 89.89 81.02 81.49 107.04 109.04 43.93 45.45 54.08 52.09 100.22 101.08 113.56 114.0 125.21 123.6 135.37 
80.45 79.32 83.38 84.17 82.46 83.26 81.54 82.35 45.01 45.01 72.28 74.22 61.61 59.67 0.0 2.0 46.84 48.76 101.41 99.9 64.14 65.86 96.4 94.81 91.71 92.36 11.66 10.0 50.48 51.61 86.83 85.09 60.83 61.77 60.81 62.24 42.72 43.32 77.67 79.62 98.27 96.32 63.03 63.0 97.41 99.3 30.08 32.02 95.57 93.62 55.47 54.56 131.64 130.3 51.62 51.35 103.46 105.34 79.25 79.62 32.02 30.08 67.74 69.72 112.92 113.72 66.22 64.66 96.02 94.4 81.05 80.75 87.56 88.06 83.95 83.55 73.6 72.01 30.0 31.62 101.24 100.46 50.22 52.17 49.74 48.76 91.35 89.87 106.21 105.93 53.94 54.34 116.11 114.13 75.71 
81.61 80.45 82.64 83.38 81.71 82.46 80.78 81.54 45.1 45.01 71.81 73.76 62.1 60.17 2.0 0.0 44.92 46.84 102.94 101.41 62.43 64.14 97.62 96.05 93.61 94.24 13.42 11.66 48.83 50.0 87.82 86.09 59.93 60.83 59.41 60.81 44.64 45.22 77.28 79.25 100.22 98.27 63.13 63.03 96.77 98.67 29.61 31.58 97.51 95.57 56.44 55.47 133.0 131.64 49.65 49.37 102.79 104.68 78.92 79.25 31.58 29.61 68.07 70.04 114.77 115.55 67.48 65.95 94.87 93.23 81.39 81.05 87.1 87.56 84.4 83.95 74.81 73.25 28.84 30.53 103.08 102.32 50.7 52.63 51.48 50.54 92.85 91.35 108.19 107.91 53.6 53.94 118.09 116.11 75.31 
120.51 119.0 65.31 64.94 64.33 63.95 63.35 62.97 56.04 54.41 87.28 89.19 75.43 74.2 46.84 44.92 0.0 2.0 145.34 143.67 47.07 47.54 121.26 120.22 138.52 139.14 55.44 53.46 41.11 43.1 107.42 106.25 44.38 43.66 30.07 30.0 89.56 90.14 93.61 95.51 145.04 143.1 89.36 88.32 105.8 107.79 55.97 57.49 142.37 140.43 94.26 92.76 173.37 171.83 7.81 9.22 110.37 112.36 72.01 71.18 41.15 40.31 97.08 98.74 159.53 160.26 94.43 93.62 65.92 63.95 109.6 108.56 100.9 100.44 93.43 92.1 100.18 99.28 45.8 47.43 140.62 140.25 83.55 85.04 88.81 88.57 122.77 120.93 150.03 150.0 74.71 73.79 162.61 160.64 91.71 
122.02 120.51 65.73 65.31 64.76 64.33 63.79 63.35 57.69 56.04 87.92 89.81 77.01 75.8 48.76 46.84 2.0 0.0 147.03 145.34 46.69 47.07 122.97 121.94 140.43 141.04 57.43 55.44 41.3 43.29 109.04 107.9 45.19 44.38 30.27 30.07 91.48 92.05 94.24 96.14 146.99 145.04 90.43 89.36 106.07 108.05 57.31 58.8 144.31 142.37 95.78 94.26 174.92 173.37 6.4 8.06 110.55 112.54 72.9 72.01 42.95 42.15 98.23 99.86 161.4 162.12 96.25 95.46 65.62 63.64 110.68 109.6 101.39 100.9 94.79 93.43 101.97 101.08 47.01 48.6 142.58 142.21 84.9 86.37 90.8 90.55 124.62 122.77 152.03 152.0 75.66 74.71 164.58 162.61 92.36 
31.0 33.0 179.81 181.02 179.01 180.24 178.22 179.45 134.53 135.67 95.08 95.19 140.87 139.09 101.41 102.94 145.34 147.03 0.0 2.0 136.06 138.0 144.26 142.27 38.33 36.4 98.35 99.72 124.92 124.33 146.25 144.31 159.45 160.78 162.11 163.6 64.9 63.25 93.54 93.77 48.85 48.1 75.06 77.06 112.06 112.54 92.7 91.92 46.82 46.17 53.76 55.66 33.24 32.57 147.85 146.86 117.18 117.72 170.34 171.42 128.97 127.48 67.01 67.07 34.83 33.6 123.37 121.46 196.02 194.56 65.51 67.47 99.82 101.79 159.33 160.08 129.28 127.35 103.87 103.08 107.2 105.22 68.15 67.68 97.14 95.27 127.32 127.48 86.65 84.76 87.97 89.94 62.8 61.61 93.34 
29.0 31.0 178.6 179.81 177.8 179.01 177.0 178.22 133.41 134.53 93.09 93.19 139.99 138.19 99.9 101.41 143.67 145.34 2.0 0.0 134.12 136.06 144.01 142.02 38.9 37.0 97.0 98.35 123.02 122.41 145.78 143.84 158.14 159.45 160.64 162.11 63.81 62.13 91.55 91.79 49.66 48.85 73.06 75.06 110.11 110.6 90.87 90.08 47.54 46.82 51.87 53.76 34.01 33.24 146.12 145.12 115.25 115.8 169.28 170.34 127.66 126.15 65.01 65.07 36.4 35.23 122.8 120.88 194.67 193.2 63.56 65.51 97.86 99.82 158.6 159.33 128.79 126.85 102.04 101.24 107.52 105.55 66.22 65.73 96.46 94.58 127.19 127.32 87.32 85.44 85.99 87.97 64.03 62.8 91.35 
106.25 104.36 112.38 111.99 111.4 111.0 110.42 110.02 96.02 94.87 52.33 53.76 115.8 114.2 64.14 62.43 47.07 46.69 136.06 134.12 0.0 2.0 157.7 156.31 142.06 142.01 75.8 74.09 13.93 13.34 145.91 144.42 91.09 90.52 76.94 76.66 98.27 97.86 58.05 59.55 151.48 149.48 64.41 62.65 63.32 65.19 47.17 47.04 148.41 146.41 82.57 80.6 157.58 155.76 41.19 39.2 66.76 68.68 118.33 117.65 79.4 77.8 73.36 74.3 159.38 159.53 128.22 126.91 111.0 109.0 82.66 81.02 62.13 61.06 136.21 135.15 135.15 133.79 38.08 37.66 165.02 164.15 67.91 68.41 113.88 112.87 154.81 153.22 167.33 166.76 49.24 47.42 170.85 168.86 56.59 
108.16 106.25 112.81 112.38 111.83 111.4 110.86 110.42 97.2 96.02 53.76 55.15 117.0 115.42 65.86 64.14 47.54 47.07 138.0 136.06 2.0 0.0 159.14 157.76 144.06 144.01 77.52 75.8 15.81 15.3 147.25 145.77 91.71 91.09 77.28 76.94 100.22 99.82 59.41 60.88 153.47 151.48 66.19 64.41 64.08 65.92 49.16 49.04 150.4 148.41 84.53 82.57 159.41 157.58 41.44 39.46 67.36 69.26 119.04 118.33 80.6 79.03 75.13 76.06 161.38 161.52 129.73 128.43 111.0 109.0 84.31 82.66 63.25 62.13 137.3 136.21 136.62 135.28 40.02 39.62 166.82 165.95 69.86 70.34 115.6 114.61 156.4 154.81 169.25 168.68 51.08 49.24 172.84 170.85 57.98 
143.5 143.68 90.0 92.0 90.01 92.01 90.02 92.02 65.37 67.12 165.48 167.26 47.17 47.93 96.4 97.62 121.26 122.97 144.26 144.01 157.7 159.14 0.0 2.0 109.9 111.83 85.7 86.84 145.0 146.45 16.03 16.28 89.02 90.96 106.57 108.47 90.61 92.57 169.96 171.76 105.11 104.4 150.78 151.54 191.47 193.24 124.87 126.57 105.0 104.36 130.0 130.51 176.74 176.4 129.0 130.08 197.77 199.53 72.01 74.01 80.45 81.61 151.79 153.69 129.45 131.32 30.23 31.91 114.0 114.0 163.32 163.88 180.24 181.12 40.31 42.3 22.8 24.41 126.4 128.0 50.93 52.4 134.48 136.36 54.12 56.04 18.87 17.89 77.01 78.6 146.71 147.65 109.08 108.05 168.16 
141.51 141.69 90.02 92.02 90.01 92.01 90.0 92.0 64.41 66.19 163.71 165.48 46.49 47.17 94.81 96.05 120.22 121.94 142.27 142.02 156.31 157.76 2.0 0.0 107.97 109.9 84.05 85.21 143.56 145.0 16.03 16.03 88.53 90.47 105.95 107.86 88.65 90.61 168.16 169.96 103.25 102.53 148.93 149.69 189.71 191.47 123.17 124.87 103.12 102.46 128.06 128.58 174.77 174.43 127.95 129.0 196.01 197.77 72.06 74.06 79.32 80.45 149.89 151.79 127.58 129.45 28.6 30.23 114.04 114.0 161.4 161.97 178.44 179.33 40.61 42.58 21.26 22.8 124.81 126.4 49.5 50.93 132.61 134.48 52.2 54.12 17.2 16.12 75.43 77.01 144.94 145.89 107.38 106.33 166.36 
55.23 56.73 159.36 160.86 158.7 160.21 158.04 159.55 113.45 114.98 112.72 113.46 115.11 113.57 91.71 93.61 138.52 140.43 38.33 38.9 142.06 144.06 109.9 107.97 0.0 2.0 84.58 86.41 129.0 129.0 114.24 112.4 141.82 143.45 148.61 150.36 49.04 48.38 113.22 114.06 12.04 10.63 91.55 93.41 134.65 135.59 95.0 95.02 9.22 8.06 64.2 66.1 68.03 68.0 142.87 142.37 140.55 141.52 147.14 148.52 112.36 111.31 85.87 86.77 22.67 24.04 93.15 91.42 178.6 177.41 89.87 91.53 121.66 123.43 130.7 131.76 97.94 96.15 105.12 105.04 69.26 67.27 78.59 79.12 69.66 68.12 91.98 92.42 48.47 46.62 99.92 101.87 30.87 29.07 112.4 
53.91 55.44 160.7 162.19 160.03 161.52 159.36 160.86 114.77 116.28 112.01 112.72 116.66 115.11 92.36 94.24 139.14 141.04 36.4 37.0 142.01 144.01 111.83 109.9 2.0 0.0 85.43 87.24 129.03 129.0 116.08 114.24 143.0 144.62 149.59 151.33 49.77 49.04 112.4 113.22 13.45 12.21 90.82 92.7 133.72 134.65 95.02 95.0 10.82 9.85 63.6 65.52 66.03 66.0 143.41 142.87 139.59 140.55 148.6 149.97 113.44 112.36 85.0 85.87 21.4 22.67 94.89 93.15 179.81 178.6 88.75 90.43 120.75 122.54 132.4 133.45 99.74 97.94 105.23 105.12 71.25 69.26 78.1 78.59 71.22 69.66 93.94 94.37 50.33 48.47 99.46 101.41 31.76 30.02 111.62 
80.5 79.62 82.49 83.53 81.63 82.68 80.78 81.84 40.02 40.52 80.99 82.87 54.15 52.15 11.66 13.42 55.44 57.43 98.35 97.0 75.8 77.52 85.7 84.05 84.58 85.43 0.0 2.0 62.13 63.25 76.97 75.15 61.22 62.48 64.64 66.29 35.85 36.89 86.02 87.93 90.14 88.23 69.46 69.72 106.62 108.46 39.36 41.15 87.6 85.7 57.28 56.75 129.81 128.6 61.03 61.0 112.81 114.63 75.89 76.55 30.81 29.21 73.0 75.0 106.47 107.42 55.47 53.82 97.67 96.21 86.05 86.01 96.14 96.8 76.42 76.24 62.97 61.29 41.04 42.52 89.69 88.96 55.01 57.01 38.08 37.12 79.93 78.49 95.52 95.34 62.3 62.97 107.28 105.32 84.12 
81.41 80.5 81.49 82.49 80.62 81.63 79.76 80.78 39.62 40.02 80.32 82.22 54.33 52.35 10.0 11.66 53.46 55.44 99.72 98.35 74.09 75.8 86.84 85.21 86.41 87.24 2.0 0.0 60.46 61.61 77.82 76.03 60.0 61.22 63.01 64.64 37.59 38.59 85.44 87.36 92.05 90.14 69.26 69.46 105.85 107.7 38.48 40.31 89.49 87.6 57.87 57.28 131.03 129.81 59.03 59.0 112.0 113.85 75.29 75.89 29.68 28.02 73.03 75.03 108.24 109.18 56.61 55.0 96.33 94.85 86.15 86.05 95.51 96.14 76.66 76.42 64.07 62.43 39.7 41.23 91.55 90.82 55.08 57.08 39.82 38.91 81.39 79.93 97.51 97.33 61.68 62.3 109.24 107.28 83.52 
95.85 94.02 105.48 105.3 104.48 104.31 103.48 103.31 84.72 83.73 48.37 50.12 104.31 102.63 50.48 48.83 41.11 41.3 124.92 123.02 13.93 15.81 145.0 143.56 129.0 129.03 62.13 60.46 0.0 2.0 133.69 132.14 83.19 82.87 71.01 71.06 84.53 84.17 54.59 56.36 138.18 136.18 56.22 54.67 64.78 66.75 34.01 34.13 135.13 133.14 71.17 69.26 148.06 146.29 37.11 35.17 69.26 71.25 109.64 109.14 68.1 66.37 65.0 66.22 146.87 147.11 115.28 113.9 106.92 104.94 75.69 74.25 60.75 60.08 125.3 124.35 122.33 120.92 24.33 24.08 151.16 150.27 57.01 57.78 100.17 99.13 141.5 139.95 153.44 152.88 40.61 39.05 157.46 155.46 52.84 
95.08 93.23 107.47 107.3 106.47 106.3 105.48 105.3 86.45 85.48 46.65 48.37 106.0 104.31 51.61 50.0 43.1 43.29 124.33 122.41 13.34 15.3 146.45 145.0 129.0 129.0 63.25 61.61 2.0 0.0 135.25 133.69 85.16 84.85 73.01 73.06 84.93 84.53 52.84 54.59 138.29 136.3 55.0 53.41 62.8 64.78 34.01 34.01 135.24 133.24 70.6 68.68 147.14 145.36 39.05 37.11 67.27 69.26 111.57 111.09 69.84 68.1 63.82 65.0 146.67 146.87 116.67 115.28 108.9 106.92 74.33 72.86 58.87 58.19 127.06 126.13 123.76 122.33 24.74 24.33 152.07 151.16 56.3 57.01 101.24 100.17 142.76 141.23 154.03 153.44 39.41 37.8 157.62 155.63 51.11 
142.06 142.01 74.01 76.01 74.0 76.0 74.01 76.01 51.4 53.01 157.85 159.7 32.25 33.29 86.83 87.82 107.42 109.04 146.25 145.78 145.91 147.25 16.03 16.03 114.24 116.08 76.97 77.82 133.69 135.25 0.0 2.0 73.38 75.29 91.18 93.05 88.01 90.01 162.69 164.56 111.02 110.06 144.64 145.21 183.58 185.41 116.3 118.11 110.48 109.57 126.02 126.29 179.27 178.76 115.21 116.4 189.77 191.6 56.04 58.03 67.27 68.62 146.54 148.49 135.07 136.85 24.02 26.02 98.02 98.0 158.67 159.05 172.89 173.63 24.74 26.68 17.12 19.1 116.62 118.34 62.43 63.6 128.79 130.73 51.01 53.01 30.02 28.3 87.0 88.39 139.09 139.85 117.44 116.21 160.82 
140.06 140.01 74.06 76.06 74.03 76.03 74.01 76.01 50.22 51.87 156.0 157.85 31.3 32.25 85.09 86.09 106.25 107.9 144.31 143.84 144.42 145.77 16.28 16.03 112.4 114.24 75.15 76.03 132.14 133.69 2.0 0.0 72.8 74.73 90.48 92.36 86.01 88.01 160.82 162.69 109.27 108.3 142.72 143.29 181.75 183.58 114.49 116.3 108.71 107.78 124.04 124.31 177.34 176.82 114.04 115.21 187.95 189.77 56.14 58.14 65.95 67.27 144.59 146.54 133.3 135.07 22.02 24.02 98.08 98.02 156.71 157.09 171.03 171.77 25.3 27.2 15.13 17.12 114.91 116.62 61.29 62.43 126.85 128.79 49.01 51.01 29.07 27.29 85.63 87.0 137.23 138.0 115.88 114.63 158.96 
140.98 139.94 23.35 23.77 22.36 22.8 21.38 21.84 30.36 28.46 124.4 126.4 42.43 42.19 60.83 59.93 44.38 45.19 159.45 158.14 91.09 91.71 89.02 88.53 141.82 143.0 61.22 60.0 83.19 85.16 73.38 72.8 0.0 2.0 18.6 20.25 95.48 96.88 130.55 132.54 144.92 143.21 120.78 120.3 146.05 148.05 85.38 87.32 142.89 141.2 116.3 115.38 191.02 189.81 51.43 53.23 151.21 153.21 27.78 26.83 30.48 32.02 126.83 128.74 164.4 165.6 69.03 69.12 36.88 35.61 140.13 139.56 139.18 139.09 53.85 52.15 72.17 72.06 78.64 80.62 121.81 122.05 110.14 112.01 76.69 77.47 96.25 94.26 138.32 138.88 108.5 108.19 159.21 157.42 128.56 
142.04 140.98 23.09 23.35 22.09 22.36 21.1 21.38 32.28 30.36 124.58 126.57 44.41 44.18 61.77 60.83 43.66 44.38 160.78 159.45 90.52 91.09 90.96 90.47 143.45 144.62 62.48 61.22 82.87 84.85 75.29 74.73 2.0 0.0 17.03 18.6 96.94 98.31 130.75 132.74 146.63 144.92 121.3 120.78 146.01 148.01 85.87 87.8 144.59 142.89 117.24 116.3 192.26 191.02 50.57 52.39 151.12 153.12 28.84 27.78 31.83 33.3 127.44 129.34 166.01 167.2 71.03 71.11 35.38 34.06 140.73 140.13 139.29 139.18 55.57 53.85 74.17 74.06 78.92 80.89 123.79 124.04 110.86 112.72 78.55 79.31 98.25 96.25 140.25 140.8 108.85 108.5 161.01 159.21 128.76 
140.72 139.46 35.74 35.17 34.79 34.21 33.84 33.24 44.05 42.05 115.73 117.69 59.48 58.94 60.81 59.41 30.07 30.27 162.11 160.64 76.94 77.28 106.57 105.95 148.61 149.59 64.64 63.01 71.01 73.01 91.18 90.48 18.6 17.03 0.0 2.0 100.4 101.51 122.02 123.98 153.03 151.21 115.16 114.39 135.45 137.44 80.06 81.86 150.73 148.93 115.0 113.81 192.42 191.05 35.9 37.85 140.17 142.17 45.45 44.2 37.0 37.7 122.1 123.91 170.82 171.84 84.48 84.29 37.34 35.47 135.15 134.33 129.88 129.55 72.4 70.72 88.46 88.12 71.51 73.39 136.03 136.09 106.68 108.41 87.86 88.29 112.45 110.48 150.44 150.81 101.51 100.88 168.66 166.78 120.07 
141.99 140.72 36.4 35.74 35.47 34.79 34.54 33.84 46.04 44.05 116.18 118.13 61.4 60.88 62.24 60.81 30.0 30.07 163.6 162.11 76.66 76.94 108.47 107.86 150.36 151.33 66.29 64.64 71.06 73.06 93.05 92.36 20.25 18.6 2.0 0.0 102.08 103.17 122.48 124.43 154.85 153.03 115.95 115.16 135.62 137.62 80.95 82.73 152.54 150.73 116.21 115.0 193.79 192.42 35.51 37.48 140.29 142.28 46.75 45.45 38.9 39.56 122.98 124.78 172.54 173.56 86.47 86.28 36.69 34.79 135.99 135.15 130.23 129.88 74.09 72.4 90.43 90.09 72.24 74.09 138.03 138.09 107.7 109.42 89.82 90.24 114.42 112.45 152.41 152.78 102.18 101.51 170.53 168.66 120.54 
54.23 54.08 115.11 116.39 114.34 115.62 113.57 114.87 69.63 70.8 82.73 84.15 76.9 75.03 42.72 44.64 89.56 91.48 64.9 63.81 98.27 100.22 90.61 88.65 49.04 49.77 35.85 37.59 84.53 84.93 88.01 86.01 95.48 96.94 100.4 102.08 0.0 2.0 85.7 87.21 55.73 53.76 64.2 65.44 108.3 109.79 51.87 52.55 52.95 50.99 39.92 40.72 97.62 96.65 94.15 93.74 114.69 116.18 105.48 106.53 65.19 63.89 63.13 64.88 70.66 71.59 64.0 62.0 132.32 130.97 73.54 74.32 95.78 97.08 96.77 97.27 71.06 69.07 60.21 60.64 73.54 72.14 47.63 49.2 37.05 35.06 77.83 77.16 69.86 69.08 65.44 67.01 74.11 72.11 84.22 
52.24 52.09 116.66 117.92 115.88 117.15 115.11 116.39 71.28 72.42 81.34 82.73 78.77 76.9 43.32 45.22 90.14 92.05 63.25 62.13 97.86 99.82 92.57 90.61 48.38 49.04 36.89 38.59 84.17 84.53 90.01 88.01 96.88 98.31 101.51 103.17 2.0 0.0 84.22 85.7 55.44 53.46 62.63 63.89 106.83 108.3 51.24 51.87 52.61 50.64 38.08 38.91 95.88 94.89 94.59 94.15 113.22 114.69 107.19 108.23 66.53 65.19 61.4 63.13 69.78 70.66 66.0 64.0 133.69 132.32 71.69 72.5 94.26 95.59 98.72 99.2 73.06 71.06 59.84 60.21 74.97 73.54 46.1 47.63 39.05 37.05 79.71 79.06 70.68 69.86 64.2 65.8 74.03 72.03 82.76 
62.8 60.83 153.83 154.06 152.84 153.06 151.85 152.07 122.19 121.93 6.32 4.47 139.27 137.32 77.67 77.28 93.61 94.24 93.54 91.55 58.05 59.41 169.96 168.16 113.22 112.4 86.02 85.44 54.59 52.84 162.69 160.82 130.55 130.75 122.02 122.48 85.7 84.22 0.0 2.0 124.78 122.98 22.2 20.62 22.63 24.08 47.68 45.71 121.64 119.85 49.93 48.26 107.08 105.12 91.0 89.16 29.0 30.48 154.01 154.0 107.3 105.3 27.51 26.93 124.19 123.69 140.12 138.29 159.11 157.18 29.27 27.29 10.3 11.4 161.62 161.21 147.73 145.91 52.04 50.04 159.18 157.72 38.18 36.8 116.97 115.25 160.7 159.67 152.0 150.8 23.77 23.35 144.09 142.27 2.0 
63.15 61.19 155.82 156.04 154.83 155.05 153.83 154.06 124.17 123.91 8.25 6.32 141.22 139.27 79.62 79.25 95.51 96.14 93.77 91.79 59.55 60.88 171.76 169.96 114.06 113.22 87.93 87.36 56.36 54.59 164.56 162.69 132.54 132.74 123.98 124.43 87.21 85.7 2.0 0.0 125.67 123.89 23.43 21.93 21.26 22.63 49.65 47.68 122.54 120.77 51.04 49.41 106.71 104.74 92.85 91.0 27.59 29.0 156.01 156.0 109.29 107.3 28.23 27.51 124.72 124.19 141.95 140.12 161.05 159.11 29.07 27.07 8.6 9.9 163.57 163.17 149.56 147.73 54.04 52.04 160.64 159.18 39.62 38.18 118.7 116.97 162.41 161.38 153.22 152.0 25.71 25.32 144.93 143.13 4.0 
67.27 68.77 161.21 162.8 160.6 162.2 160.0 161.6 115.68 117.32 124.08 124.89 115.26 113.86 98.27 100.22 145.04 146.99 48.85 49.66 151.48 153.47 105.11 103.25 12.04 13.45 90.14 92.05 138.18 138.29 111.02 109.27 144.92 146.63 153.03 154.85 55.73 55.44 124.78 125.67 0.0 2.0 102.96 104.79 146.37 147.35 104.31 104.48 3.16 5.1 75.39 77.25 76.32 76.53 149.83 149.46 152.32 153.32 147.99 149.48 116.28 115.39 97.53 98.49 24.35 26.25 91.4 89.81 181.4 180.31 101.83 103.47 133.36 135.12 129.2 130.42 95.41 93.74 114.04 114.11 61.07 59.08 89.49 90.14 70.18 68.88 86.65 87.32 38.08 36.14 110.72 112.64 19.65 17.72 123.91 
65.8 67.27 159.62 161.21 159.01 160.6 158.4 160.0 114.04 115.68 122.25 123.07 113.85 112.43 96.32 98.27 143.1 145.04 48.1 48.85 149.48 151.48 104.4 102.53 10.63 12.21 88.23 90.14 136.18 136.3 110.06 108.3 143.21 144.92 151.21 153.03 53.76 53.46 122.98 123.89 2.0 0.0 101.13 102.96 144.63 145.62 102.31 102.49 1.41 3.16 73.54 75.39 76.16 76.32 147.87 147.49 150.59 151.6 146.51 147.99 114.49 113.6 95.77 96.75 25.08 26.93 90.21 88.6 179.72 178.63 100.21 101.83 131.61 133.36 128.0 129.2 94.34 92.65 112.04 112.11 61.01 59.01 87.6 88.26 68.68 67.36 86.02 86.65 38.6 36.69 108.81 110.72 21.59 19.65 122.1 
44.1 42.11 144.07 144.55 143.1 143.59 142.13 142.62 108.0 108.04 21.19 21.93 123.58 121.59 63.03 63.13 89.36 90.43 75.06 73.06 64.41 66.19 150.78 148.93 91.55 90.82 69.46 69.26 56.22 55.0 144.64 142.72 120.78 121.3 115.16 115.95 64.2 62.63 22.2 23.43 102.96 101.13 0.0 2.0 44.69 46.01 35.44 33.53 99.81 97.99 27.78 26.08 93.41 91.55 88.6 87.01 50.99 52.35 141.9 142.14 94.53 92.54 8.94 10.0 103.75 103.41 121.43 119.54 152.46 150.62 20.25 19.24 31.83 33.3 145.88 145.67 129.03 127.14 43.83 42.06 137.44 135.95 16.64 15.0 97.08 95.27 140.47 139.54 129.81 128.6 15.62 17.2 122.38 120.54 21.1 
46.1 44.1 143.61 144.07 142.64 143.1 141.66 142.13 108.0 108.0 19.31 20.12 123.79 121.81 63.0 63.03 88.32 89.36 77.06 75.06 62.65 64.41 151.54 149.69 93.41 92.7 69.72 69.46 54.67 53.41 145.21 143.29 120.3 120.78 114.39 115.16 65.44 63.89 20.62 21.93 104.79 102.96 2.0 0.0 43.19 44.55 34.93 32.98 101.64 99.81 29.53 27.78 95.27 93.41 87.42 85.8 49.52 50.91 141.69 141.9 94.34 92.35 10.77 11.66 105.72 105.38 122.09 120.21 151.71 149.86 21.4 20.25 30.41 31.83 146.11 145.88 129.69 127.81 42.95 41.15 138.77 137.3 17.8 16.28 97.94 96.15 141.42 140.47 131.4 130.21 14.14 15.62 124.23 122.38 19.42 
82.22 80.32 169.0 169.01 168.0 168.01 167.0 167.01 140.92 140.46 26.08 24.41 158.81 156.89 97.41 96.77 105.8 106.07 112.06 110.11 63.32 64.08 191.47 189.71 134.65 133.72 106.62 105.85 64.78 62.8 183.58 181.75 146.05 146.01 135.45 135.62 108.3 106.83 22.63 21.26 146.37 144.63 44.69 43.19 0.0 2.0 67.42 65.55 143.27 141.52 72.2 70.6 121.1 119.1 101.79 99.82 6.4 8.06 170.95 170.75 125.32 123.36 48.88 47.89 144.22 143.57 161.45 159.67 171.69 169.71 46.57 44.64 13.04 11.4 181.04 180.5 169.05 167.26 69.43 67.47 181.79 180.35 60.81 59.41 138.97 137.3 182.78 181.69 174.45 173.22 44.78 43.83 165.48 163.71 24.08 
82.87 80.99 171.0 171.01 170.0 170.01 169.0 169.01 142.86 142.41 27.78 26.08 160.72 158.81 99.3 98.67 107.79 108.05 112.54 110.6 65.19 65.92 193.24 191.47 135.59 134.65 108.46 107.7 66.75 64.78 185.41 183.58 148.05 148.01 137.44 137.62 109.79 108.3 24.08 22.63 147.35 145.62 46.01 44.55 2.0 0.0 69.29 67.42 144.25 142.52 73.41 71.84 121.04 119.04 103.75 101.79 5.0 6.4 172.94 172.74 127.28 125.32 49.93 48.88 144.9 144.22 163.23 161.45 173.67 171.69 47.13 45.22 14.21 12.73 182.96 182.43 170.84 169.05 71.39 69.43 183.25 181.79 62.24 60.81 140.66 138.97 184.46 183.38 175.7 174.45 46.53 45.62 166.41 164.65 25.61 
65.46 63.82 108.68 109.14 107.71 108.17 106.73 107.2 74.55 74.33 42.2 44.15 91.68 89.74 30.08 29.61 55.97 57.31 92.7 90.87 47.17 49.16 124.87 123.17 95.0 95.02 39.36 38.48 34.01 34.01 116.3 114.49 85.38 85.87 80.06 80.95 51.87 51.24 47.68 49.65 104.31 102.31 35.44 34.93 67.42 69.29 0.0 2.0 101.24 99.25 39.45 37.74 118.46 116.83 56.73 55.44 73.54 75.39 107.17 107.3 60.0 58.0 42.05 43.86 113.0 113.28 94.67 92.96 117.27 115.45 55.15 54.42 57.49 57.97 114.0 113.56 102.22 100.5 11.18 10.44 122.32 121.2 27.59 29.07 74.28 72.84 117.8 116.52 121.63 120.9 24.08 24.33 123.69 121.7 45.71 
64.35 62.68 110.63 111.09 109.66 110.11 108.68 109.14 76.53 76.32 40.26 42.2 93.62 91.68 32.02 31.58 57.49 58.8 91.92 90.08 47.04 49.04 126.57 124.87 95.02 95.0 41.15 40.31 34.13 34.01 118.11 116.3 87.32 87.8 81.86 82.73 52.55 51.87 45.71 47.68 104.48 102.49 33.53 32.98 65.55 67.42 2.0 0.0 101.4 99.41 38.47 36.72 117.32 115.68 58.05 56.73 71.69 73.54 109.17 109.29 62.0 60.0 40.25 42.05 112.75 113.0 96.38 94.67 119.1 117.27 53.31 52.55 55.54 56.04 115.95 115.52 103.94 102.22 12.21 11.18 123.46 122.32 26.17 27.59 75.74 74.28 119.33 118.07 122.38 121.63 22.09 22.36 123.91 121.93 43.74 
64.38 65.86 159.46 161.03 158.84 160.42 158.22 159.81 113.81 115.43 120.93 121.74 113.86 112.43 95.57 97.51 142.37 144.31 46.82 47.54 148.41 150.4 105.0 103.12 9.22 10.82 87.6 89.49 135.13 135.24 110.48 108.71 142.89 144.59 150.73 152.54 52.95 52.61 121.64 122.54 3.16 1.41 99.81 101.64 143.27 144.25 101.24 101.4 0.0 2.0 72.24 74.09 75.11 75.24 147.09 146.7 149.22 150.23 146.45 147.92 114.06 113.15 94.41 95.38 24.6 26.4 90.44 88.81 179.45 178.34 98.81 100.44 130.25 132.0 128.22 129.4 94.67 92.96 111.02 111.07 62.0 60.0 86.33 86.98 68.62 67.27 86.68 87.28 39.85 37.95 107.56 109.48 22.8 20.88 120.77 
62.94 64.38 157.89 159.46 157.27 158.84 156.65 158.22 112.2 113.81 119.1 119.92 112.49 111.04 93.62 95.57 140.43 142.37 46.17 46.82 146.41 148.41 104.36 102.46 8.06 9.85 85.7 87.6 133.14 133.24 109.57 107.78 141.2 142.89 148.93 150.73 50.99 50.64 119.85 120.77 5.1 3.16 97.99 99.81 141.52 142.52 99.25 99.41 2.0 0.0 70.38 72.24 75.03 75.11 145.13 144.73 147.49 148.52 145.0 146.45 112.29 111.36 92.66 93.65 25.55 27.29 89.31 87.66 177.79 176.67 97.2 98.81 128.5 130.25 127.06 128.22 93.65 91.92 109.02 109.07 62.03 60.03 84.43 85.09 67.18 65.8 86.13 86.68 40.5 38.63 105.65 107.56 24.74 22.8 118.97 
26.25 24.76 138.71 139.56 137.8 138.65 136.89 137.75 97.27 97.8 48.75 49.65 109.66 107.67 55.47 56.44 94.26 95.78 53.76 51.87 82.57 84.53 130.0 128.06 64.2 63.6 57.28 57.87 71.17 70.6 126.02 124.04 116.3 117.24 115.0 116.21 39.92 38.08 49.93 51.04 75.39 73.54 27.78 29.53 72.2 73.41 39.45 38.47 72.24 70.38 0.0 2.0 79.2 77.62 95.8 94.63 78.41 79.65 133.15 133.76 86.93 85.09 24.08 25.61 78.16 78.06 102.11 100.13 151.17 149.5 33.62 34.44 59.2 60.8 131.24 131.38 109.49 107.52 50.61 49.65 111.4 109.81 15.0 15.13 75.93 73.98 117.75 117.05 102.3 101.04 36.22 38.21 94.92 93.05 48.88 
27.8 26.25 137.88 138.71 136.97 137.8 136.06 136.89 96.77 97.27 46.96 47.89 109.46 107.47 54.56 55.47 92.76 94.26 55.66 53.76 80.6 82.57 130.51 128.58 66.1 65.52 56.75 57.28 69.26 68.68 126.29 124.31 115.38 116.3 113.81 115.0 40.72 38.91 48.26 49.41 77.25 75.39 26.08 27.78 70.6 71.84 37.74 36.72 74.09 72.24 2.0 0.0 80.8 79.2 94.2 93.01 76.84 78.1 132.56 133.15 86.16 84.31 22.8 24.41 80.16 80.06 102.42 100.45 150.1 148.41 32.89 33.62 57.63 59.2 131.14 131.24 109.84 107.87 48.88 47.89 112.61 111.04 13.0 13.15 76.4 74.46 118.47 117.75 103.86 102.62 34.23 36.22 96.8 94.92 47.17 
53.01 54.64 211.94 213.08 211.12 212.27 210.3 211.45 167.06 168.12 110.35 109.88 173.99 172.19 131.64 133.0 173.37 174.92 33.24 34.01 157.58 159.41 176.74 174.77 68.03 66.03 129.81 131.03 148.06 147.14 179.27 177.34 191.02 192.26 192.42 193.79 97.62 95.88 107.08 106.71 76.32 76.16 93.41 95.27 121.1 121.04 118.46 117.32 75.11 75.03 79.2 80.8 0.0 2.0 175.0 173.81 125.0 125.02 203.06 204.08 160.6 159.01 84.5 83.82 55.08 53.16 156.54 154.64 227.27 225.73 77.88 79.83 110.65 112.64 192.57 193.31 162.36 160.44 129.53 128.41 137.06 135.06 91.59 90.55 130.38 128.51 159.39 159.67 114.13 112.15 108.34 110.17 85.07 84.48 107.49 
51.4 53.01 210.8 211.94 209.98 211.12 209.15 210.3 166.01 167.06 108.42 107.94 173.14 171.33 130.3 131.64 171.83 173.37 32.57 33.24 155.76 157.58 176.4 174.43 68.0 66.0 128.6 129.81 146.29 145.36 178.76 176.82 189.81 191.02 191.05 192.42 96.65 94.89 105.12 104.74 76.53 76.32 91.55 93.41 119.1 119.04 116.83 115.68 75.24 75.11 77.62 79.2 2.0 0.0 173.4 172.2 123.0 123.02 202.05 203.06 159.4 157.8 82.64 81.93 55.66 53.76 155.94 154.03 226.0 224.45 75.93 77.88 108.66 110.65 191.84 192.57 161.82 159.89 127.88 126.75 137.13 135.13 89.89 88.84 129.69 127.81 159.14 159.39 114.42 112.45 106.51 108.34 85.7 85.07 105.54 
122.0 120.42 71.57 71.06 70.6 70.09 69.64 69.12 63.82 62.2 84.69 86.54 83.24 82.01 51.62 49.65 7.81 6.4 147.85 146.12 41.19 41.44 129.0 127.95 142.87 143.41 61.03 59.03 37.11 39.05 115.21 114.04 51.43 50.57 35.9 35.51 94.15 94.59 91.0 92.85 149.83 147.87 88.6 87.42 101.79 103.75 56.73 58.05 147.09 145.13 95.8 94.2 175.0 173.4 0.0 2.0 106.07 108.05 79.18 78.26 48.76 47.85 96.67 98.23 163.49 164.14 101.98 101.13 70.18 68.18 108.81 107.65 97.72 97.12 101.18 99.82 107.82 106.89 45.97 47.38 147.51 147.09 84.22 85.59 95.52 95.19 130.27 128.44 156.2 156.12 73.5 72.4 167.73 165.75 89.16 
120.8 119.2 73.5 73.01 72.53 72.03 71.57 71.06 65.0 63.41 82.86 84.69 84.5 83.24 51.35 49.37 9.22 8.06 146.86 145.12 39.2 39.46 130.08 129.0 142.37 142.87 61.0 59.0 35.17 37.11 116.4 115.21 53.23 52.39 37.85 37.48 93.74 94.15 89.16 91.0 149.46 147.49 87.01 85.8 99.82 101.79 55.44 56.73 146.7 144.73 94.63 93.01 173.81 172.2 2.0 0.0 104.09 106.07 80.95 80.06 49.74 48.76 95.13 96.67 162.86 163.49 102.86 101.98 72.17 70.18 107.2 106.02 95.82 95.21 102.65 101.32 108.78 107.82 44.6 45.97 147.96 147.51 82.88 84.22 95.9 95.52 131.1 129.28 156.32 156.2 71.85 70.72 167.45 165.47 87.32 
87.66 85.8 174.05 174.01 173.05 173.01 172.05 172.01 146.74 146.25 32.45 30.81 164.77 162.86 103.46 102.79 110.37 110.55 117.18 115.25 66.76 67.36 197.77 196.01 140.55 139.59 112.81 112.0 69.26 67.27 189.77 187.95 151.21 151.12 140.17 140.29 114.69 113.22 29.0 27.59 152.32 150.59 50.99 49.52 6.4 5.0 73.54 71.69 149.22 147.49 78.41 76.84 125.0 123.0 106.07 104.09 0.0 2.0 176.38 176.14 131.03 129.07 54.92 53.85 149.7 149.0 167.72 165.95 176.14 174.15 51.87 49.98 19.21 17.69 186.97 186.4 175.32 173.54 75.19 73.25 188.18 186.72 67.18 65.76 145.34 143.67 189.16 188.06 180.69 179.45 51.11 50.12 171.35 169.59 30.48 
88.39 86.54 176.05 176.01 175.05 175.01 174.05 174.01 148.68 148.19 34.13 32.45 166.68 164.77 105.34 104.68 112.36 112.54 117.72 115.8 68.68 69.26 199.53 197.77 141.52 140.55 114.63 113.85 71.25 69.26 191.6 189.77 153.21 153.12 142.17 142.28 116.18 114.69 30.48 29.0 153.32 151.6 52.35 50.91 8.06 6.4 75.39 73.54 150.23 148.52 79.65 78.1 125.02 123.02 108.05 106.07 2.0 0.0 178.36 178.13 132.98 131.03 56.04 54.92 150.42 149.7 169.5 167.72 178.13 176.14 52.55 50.7 20.52 19.1 188.88 188.32 177.1 175.32 77.13 75.19 189.64 188.18 68.62 67.18 147.03 145.34 190.83 189.75 181.95 180.69 52.84 51.88 172.31 170.56 32.02 
156.0 155.24 18.03 20.02 18.11 20.1 18.25 20.22 36.25 35.47 148.05 150.05 33.29 34.41 79.25 78.92 72.01 72.9 170.34 169.28 118.33 119.04 72.01 72.06 147.14 148.6 75.89 75.29 109.64 111.57 56.04 56.14 27.78 28.84 45.45 46.75 105.48 107.19 154.01 156.01 147.99 146.51 141.9 141.69 170.95 172.94 107.17 109.17 146.45 145.0 133.15 132.56 203.06 202.05 79.18 80.95 176.38 178.36 0.0 2.0 47.38 49.37 146.97 148.95 169.73 171.17 60.84 61.72 42.0 42.05 160.29 159.97 163.15 163.25 32.25 30.27 61.03 61.68 102.08 104.08 113.55 114.23 129.44 131.4 77.83 79.21 83.74 81.79 134.18 135.12 131.06 131.02 159.62 158.0 152.01 
156.78 156.0 16.03 18.03 16.12 18.11 16.28 18.25 37.12 36.25 148.01 150.01 34.99 36.06 79.62 79.25 71.18 72.01 171.42 170.34 117.65 118.33 74.01 74.06 148.52 149.97 76.55 75.89 109.14 111.09 58.03 58.14 26.83 27.78 44.2 45.45 106.53 108.23 154.0 156.0 149.48 147.99 142.14 141.9 170.75 172.74 107.3 109.29 147.92 146.45 133.76 133.15 204.08 203.06 78.26 80.06 176.14 178.13 2.0 0.0 47.68 49.65 147.31 149.28 171.13 172.56 62.65 63.51 40.0 40.05 160.64 160.29 163.08 163.15 34.23 32.25 62.94 63.57 102.02 104.02 115.43 116.11 129.84 131.8 79.31 80.66 85.7 83.74 135.96 136.88 131.14 131.06 161.24 159.62 152.0 
111.02 110.06 51.88 52.84 51.0 51.97 50.12 51.11 16.64 15.65 101.49 103.48 36.4 34.83 32.02 31.58 41.15 42.95 128.97 127.66 79.4 80.6 80.45 79.32 112.36 113.44 30.81 29.68 68.1 69.84 67.27 65.95 30.48 31.83 37.0 38.9 65.19 66.53 107.3 109.29 116.28 114.49 94.53 94.34 125.32 127.28 60.0 62.0 114.06 112.29 86.93 86.16 160.6 159.4 48.76 49.74 131.03 132.98 47.38 47.68 0.0 2.0 99.64 101.61 134.79 135.92 53.31 52.55 67.18 65.8 112.97 112.61 116.73 116.97 57.25 56.36 59.06 58.14 55.9 57.87 101.4 101.24 82.23 84.17 51.35 51.62 81.71 79.85 113.99 114.27 84.02 84.1 131.67 129.81 105.3 
109.27 108.3 53.67 54.59 52.77 53.71 51.88 52.84 18.36 17.46 99.5 101.49 38.01 36.4 30.08 29.61 40.31 42.15 127.48 126.15 77.8 79.03 81.61 80.45 111.31 112.36 29.21 28.02 66.37 68.1 68.62 67.27 32.02 33.3 37.7 39.56 63.89 65.19 105.3 107.3 115.39 113.6 92.54 92.35 123.36 125.32 58.0 60.0 113.15 111.36 85.09 84.31 159.01 157.8 47.85 48.76 129.07 131.03 49.37 49.65 2.0 0.0 97.67 99.64 133.69 134.79 54.13 53.31 68.59 67.18 111.0 110.64 114.74 114.98 59.03 58.18 60.03 59.06 53.94 55.9 101.6 101.4 80.28 82.23 51.16 51.35 82.46 80.62 113.75 113.99 82.02 82.1 130.97 129.1 103.31 
36.01 34.01 150.0 150.57 149.04 149.62 148.08 148.66 112.36 112.54 28.16 28.44 127.06 125.06 67.74 68.07 97.08 98.23 67.01 65.01 73.36 75.13 151.79 149.89 85.87 85.0 73.0 73.03 65.0 63.82 146.54 144.59 126.83 127.44 122.1 122.98 63.13 61.4 27.51 28.23 97.53 95.77 8.94 10.77 48.88 49.93 42.05 40.25 94.41 92.66 24.08 22.8 84.5 82.64 96.67 95.13 54.92 56.04 146.97 147.31 99.64 97.67 0.0 2.0 96.77 96.32 122.97 121.04 159.31 157.5 13.34 13.04 35.85 37.59 149.21 149.12 130.51 128.58 51.31 49.65 135.42 133.84 18.03 16.03 97.74 95.86 140.53 139.71 126.15 124.84 24.41 26.08 116.73 114.93 26.93 
36.12 34.13 151.92 152.49 150.96 151.53 150.0 150.57 114.35 114.53 28.02 28.16 129.06 127.06 69.72 70.04 98.74 99.86 67.07 65.07 74.3 76.06 153.69 151.79 86.77 85.87 75.0 75.03 66.22 65.0 148.49 146.54 128.74 129.34 123.91 124.78 64.88 63.13 26.93 27.51 98.49 96.75 10.0 11.66 47.89 48.88 43.86 42.05 95.38 93.65 25.61 24.41 83.82 81.93 98.23 96.67 53.85 54.92 148.95 149.28 101.61 99.64 2.0 0.0 97.27 96.77 124.91 122.97 161.14 159.31 11.4 11.05 34.89 36.67 151.21 151.12 132.44 130.51 53.0 51.31 137.0 135.42 20.02 18.03 99.62 97.74 142.35 141.55 127.48 126.15 25.61 27.2 117.62 115.84 26.48 
62.03 63.91 182.04 183.53 181.37 182.88 180.71 182.22 136.12 137.64 124.74 125.17 137.54 136.03 112.92 114.77 159.53 161.4 34.83 36.4 159.38 161.38 129.45 127.58 22.67 21.4 106.47 108.24 146.87 146.67 135.07 133.3 164.4 166.01 170.82 172.54 70.66 69.78 124.19 124.72 24.35 25.08 103.75 105.72 144.22 144.9 113.0 112.75 24.6 25.55 78.16 80.16 55.08 55.66 163.49 162.86 149.7 150.42 169.73 171.13 134.79 133.69 96.77 97.27 0.0 2.0 114.83 113.16 201.21 200.0 97.86 99.72 131.55 133.45 152.55 153.69 119.2 117.48 123.63 123.32 84.72 82.73 93.13 93.26 92.1 90.61 111.0 111.66 60.01 58.01 114.35 116.35 30.08 29.41 123.69 
61.35 63.25 183.37 184.86 182.7 184.2 182.04 183.53 137.44 138.95 124.34 124.74 139.05 137.54 113.72 115.55 160.26 162.12 33.6 35.23 159.53 161.52 131.32 129.45 24.04 22.67 107.42 109.18 147.11 146.87 136.85 135.07 165.6 167.2 171.84 173.56 71.59 70.66 123.69 124.19 26.25 26.93 103.41 105.38 143.57 144.22 113.28 113.0 26.4 27.29 78.06 80.06 53.16 53.76 164.14 163.49 149.0 149.7 171.17 172.56 135.92 134.79 96.32 96.77 2.0 0.0 116.5 114.83 202.43 201.21 97.14 99.02 130.94 132.85 154.21 155.33 120.93 119.2 123.97 123.63 86.7 84.72 93.05 93.13 93.61 92.1 112.89 113.55 62.01 60.01 114.21 116.21 31.95 31.32 123.22 
