20
0.0 2.0 3.16 1.41 5.0 3.61 9.22 7.81 9.9 8.6 12.37 10.44 12.17 10.2 23.71 21.95 8.94 8.25 23.0 23.09 
2.0 0.0 4.24 3.16 4.12 2.24 8.06 6.4 8.6 7.07 14.32 12.37 14.14 12.17 25.5 23.71 10.0 8.94 25.0 25.08 
3.16 4.24 0.0 2.0 4.12 4.12 8.06 7.28 8.94 8.25 11.0 9.0 11.05 9.06 21.54 19.7 5.83 5.1 22.2 22.56 
1.41 3.16 2.0 0.0 5.0 4.12 9.22 8.06 10.0 8.94 11.18 9.22 11.05 9.06 22.36 20.59 7.62 7.07 22.02 22.2 
5.0 4.12 4.12 5.0 0.0 2.0 4.24 3.16 5.0 4.12 15.03 13.04 15.13 13.15 25.0 23.09 8.06 6.4 26.31 26.68 
3.61 2.24 4.12 4.12 2.0 0.0 5.83 4.24 6.4 5.0 15.03 13.04 15.0 13.0 25.63 23.77 9.22 7.81 26.08 26.31 
9.22 8.06 8.06 9.22 4.24 5.83 0.0 2.0 1.0 2.24 18.44 16.49 18.68 16.76 27.29 25.32 10.05 8.06 29.83 30.36 
7.81 6.4 7.28 8.06 3.16 4.24 2.0 0.0 2.24 1.0 18.11 16.12 18.25 16.28 27.66 25.71 10.44 8.54 29.43 29.83 
9.9 8.6 8.94 10.0 5.0 6.4 1.0 2.24 0.0 2.0 19.42 17.46 19.65 17.72 28.28 26.31 11.05 9.06 30.81 31.32 
8.6 7.07 8.25 8.94 4.12 5.0 2.24 1.0 2.0 0.0 19.1 17.12 19.24 17.26 28.64 26.68 11.4 9.49 30.41 30.81 
12.37 14.32 11.0 11.18 15.03 15.03 18.44 18.11 19.42 19.1 0.0 2.0 1.0 2.24 12.04 10.63 9.43 11.18 11.4 12.08 
10.44 12.37 9.0 9.22 13.04 13.04 16.49 16.12 17.46 17.12 2.0 0.0 2.24 1.0 13.6 12.04 7.81 9.43 13.34 13.93 
12.17 14.14 11.05 11.05 15.13 15.0 18.68 18.25 19.65 19.24 1.0 2.24 0.0 2.0 12.73 11.4 10.0 11.66 11.18 11.7 
10.2 12.17 9.06 9.06 13.15 13.0 16.76 16.28 17.72 17.26 2.24 1.0 2.0 0.0 14.21 12.73 8.49 10.0 13.15 13.6 
23.71 25.5 21.54 22.36 25.0 25.63 27.29 27.66 28.28 28.64 12.04 13.6 12.73 14.21 0.0 2.0 17.26 19.24 11.18 13.15 
21.95 23.71 19.7 20.59 23.09 23.77 25.32 25.71 26.31 26.68 10.63 12.04 11.4 12.73 2.0 0.0 15.3 17.26 11.7 13.6 
8.94 10.0 5.83 7.62 8.06 9.22 10.05 10.44 11.05 11.4 9.43 7.81 10.0 8.49 17.26 15.3 0.0 2.0 20.62 21.47 
8.25 8.94 5.1 7.07 6.4 7.81 8.06 8.54 9.06 9.49 11.18 9.43 11.66 10.0 19.24 17.26 2.0 0.0 22.47 23.26 
23.0 25.0 22.2 22.02 26.31 26.08 29.83 29.43 30.81 30.41 11.4 13.34 11.18 13.15 11.18 11.7 20.62 22.47 0.0 2.0 
23.09 25.08 22.56 22.2 26.68 26.31 30.36 29.83 31.32 30.81 12.08 13.93 11.7 13.6 13.15 13.6 21.47 23.26 2.0 0.0 
