25
0.0 2.0 1.0 2.24 10.2 8.25 17.09 15.23 17.46 15.65 17.89 16.12 20.22 20.62 20.88 18.97 27.02 27.02 8.6 7.62 10.3 8.6 13.04 11.4 4.12 
2.0 0.0 2.24 1.0 12.17 10.2 18.97 17.09 19.31 17.46 19.7 17.89 22.2 22.56 22.8 20.88 29.02 29.02 9.9 8.6 12.08 10.3 14.76 13.04 5.0 
1.0 2.24 0.0 2.0 10.44 8.54 16.76 14.87 17.09 15.23 17.46 15.65 20.1 20.4 20.62 18.68 27.07 27.0 7.81 6.71 10.82 9.22 12.53 10.82 3.16 
2.24 1.0 2.0 0.0 12.37 10.44 18.68 16.76 18.97 17.09 19.31 17.46 22.09 22.36 22.56 20.62 29.07 29.0 9.22 7.81 12.53 10.82 14.32 12.53 4.24 
10.2 12.17 10.44 12.37 0.0 2.0 10.0 8.94 10.82 9.85 11.66 10.77 11.18 12.21 12.81 11.31 17.03 17.26 10.3 11.4 3.16 4.24 9.06 9.06 10.82 
8.25 10.2 8.54 10.44 2.0 0.0 11.31 10.0 12.04 10.82 12.81 11.66 13.0 13.89 14.42 12.81 19.03 19.24 9.49 10.3 3.16 3.16 9.49 9.06 9.22 
17.09 18.97 16.76 18.68 10.0 11.31 0.0 2.0 1.0 2.24 2.0 2.83 5.0 4.12 4.0 2.0 13.04 12.08 11.05 13.04 13.04 14.21 5.1 7.07 15.13 
15.23 17.09 14.87 16.76 8.94 10.0 2.0 0.0 2.24 1.0 2.83 2.0 6.71 6.08 6.0 4.0 14.76 13.93 9.06 11.05 12.08 13.04 3.16 5.1 13.15 
17.46 19.31 17.09 18.97 10.82 12.04 1.0 2.24 0.0 2.0 1.0 2.24 5.66 4.47 4.12 2.24 13.6 12.53 11.0 13.0 13.89 15.0 5.0 7.0 15.3 
15.65 17.46 15.23 17.09 9.85 10.82 2.24 1.0 2.0 0.0 2.24 1.0 7.21 6.32 6.08 4.12 15.26 14.32 9.0 11.0 13.0 13.89 3.0 5.0 13.34 
17.89 19.7 17.46 19.31 11.66 12.81 2.0 2.83 1.0 2.24 0.0 2.0 6.4 5.0 4.47 2.83 14.21 13.04 11.05 13.04 14.76 15.81 5.1 7.07 15.52 
16.12 17.89 15.65 17.46 10.77 11.66 2.83 2.0 2.24 1.0 2.0 0.0 7.81 6.71 6.32 4.47 15.81 14.76 9.06 11.05 13.93 14.76 3.16 5.1 13.6 
20.22 22.2 20.1 22.09 11.18 13.0 5.0 6.71 5.66 7.21 6.4 7.81 0.0 2.0 3.0 3.61 8.06 7.28 15.52 17.46 13.6 15.26 9.85 11.7 19.03 
20.62 22.56 20.4 22.36 12.21 13.89 4.12 6.08 4.47 6.32 5.0 6.71 2.0 0.0 1.0 2.24 9.22 8.06 15.13 17.12 14.87 16.4 9.22 11.18 19.03 
20.88 22.8 20.62 22.56 12.81 14.42 4.0 6.0 4.12 6.08 4.47 6.32 3.0 1.0 0.0 2.0 9.9 8.6 15.03 17.03 15.56 17.03 9.06 11.05 19.1 
18.97 20.88 18.68 20.62 11.31 12.81 2.0 4.0 2.24 4.12 2.83 4.47 3.61 2.24 2.0 0.0 11.4 10.3 13.04 15.03 14.21 15.56 7.07 9.06 17.12 
27.02 29.02 27.07 29.07 17.03 19.03 13.04 14.76 13.6 15.26 14.21 15.81 8.06 9.22 9.9 11.4 0.0 2.0 23.41 25.3 18.44 20.4 17.89 19.7 26.48 
27.02 29.02 27.0 29.0 17.26 19.24 12.08 13.93 12.53 14.32 13.04 14.76 7.28 8.06 8.6 10.3 2.0 0.0 22.8 24.74 18.97 20.88 17.09 18.97 26.17 
8.6 9.9 7.81 9.22 10.3 9.49 11.05 9.06 11.0 9.0 11.05 9.06 15.52 15.13 15.03 13.04 23.41 22.8 0.0 2.0 12.65 12.17 6.0 4.0 5.0 
7.62 8.6 6.71 7.81 11.4 10.3 13.04 11.05 13.0 11.0 13.04 11.05 17.46 17.12 17.03 15.03 25.3 24.74 2.0 0.0 13.42 12.65 8.0 6.0 3.61 
10.3 12.08 10.82 12.53 3.16 3.16 13.04 12.08 13.89 13.0 14.76 13.93 13.6 14.87 15.56 14.21 18.44 18.97 12.65 13.42 0.0 2.0 12.17 12.0 12.04 
8.6 10.3 9.22 10.82 4.24 3.16 14.21 13.04 15.0 13.89 15.81 14.76 15.26 16.4 17.03 15.56 20.4 20.88 12.17 12.65 2.0 0.0 12.65 12.17 10.82 
13.04 14.76 12.53 14.32 9.06 9.49 5.1 3.16 5.0 3.0 5.1 3.16 9.85 9.22 9.06 7.07 17.89 17.09 6.0 8.0 12.17 12.65 0.0 2.0 10.44 
11.4 13.04 10.82 12.53 9.06 9.06 7.07 5.1 7.0 5.0 7.07 5.1 11.7 11.18 11.05 9.06 19.7 18.97 4.0 6.0 12.0 12.17 2.0 0.0 8.54 
4.12 5.0 3.16 4.24 10.82 9.22 15.13 13.15 15.3 13.34 15.52 13.6 19.03 19.03 19.1 17.12 26.48 26.17 5.0 3.61 12.04 10.82 10.44 8.54 0.0 
