60
0.0 2.0 1.0 2.24 2.0 2.83 3.0 3.61 4.0 4.47 5.0 5.39 6.0 6.32 7.0 7.28 47.17 46.14 46.32 45.28 45.49 44.42 44.65 43.57 43.83 42.72 43.01 41.88 42.2 41.05 41.4 40.22 10.05 8.06 10.0 8.0 10.05 8.06 10.2 8.25 10.44 8.54 18.25 20.22 35.36 33.62 26.02 26.02 41.15 39.36 78.24 76.69 52.35 51.43 36.69 34.79 49.37 51.35 55.47 54.56 
2.0 0.0 2.24 1.0 2.83 2.0 3.61 3.0 4.47 4.0 5.39 5.0 6.32 6.0 7.28 7.0 48.26 47.17 47.43 46.32 46.62 45.49 45.8 44.65 45.0 43.83 44.2 43.01 43.42 42.2 42.64 41.4 12.04 10.05 12.0 10.0 12.04 10.05 12.17 10.2 12.37 10.44 16.28 18.25 37.12 35.36 28.02 28.02 42.95 41.15 77.01 75.43 50.61 49.65 37.34 35.47 47.38 49.37 53.71 52.77 
1.0 2.24 0.0 2.0 1.0 2.24 2.0 2.83 3.0 3.61 4.0 4.47 5.0 5.39 6.0 6.32 48.02 47.01 47.17 46.14 46.32 45.28 45.49 44.42 44.65 43.57 43.83 42.72 43.01 41.88 42.2 41.05 10.2 8.25 10.05 8.06 10.0 8.0 10.05 8.06 10.2 8.25 18.11 20.1 35.85 34.13 26.08 26.0 41.59 39.82 79.03 77.47 52.84 51.88 37.64 35.74 49.25 51.24 55.95 55.01 
2.24 1.0 2.0 0.0 2.24 1.0 2.83 2.0 3.61 3.0 4.47 4.0 5.39 5.0 6.32 6.0 49.09 48.02 48.26 47.17 47.43 46.32 46.62 45.49 45.8 44.65 45.0 43.83 44.2 43.01 43.42 42.2 12.17 10.2 12.04 10.05 12.0 10.0 12.04 10.05 12.17 10.2 16.12 18.11 37.59 35.85 28.07 28.0 43.38 41.59 77.8 76.22 51.11 50.12 38.28 36.4 47.27 49.25 54.2 53.24 
2.0 2.83 1.0 2.24 0.0 2.0 1.0 2.24 2.0 2.83 3.0 3.61 4.0 4.47 5.0 5.39 48.88 47.89 48.02 47.01 47.17 46.14 46.32 45.28 45.49 44.42 44.65 43.57 43.83 42.72 43.01 41.88 10.44 8.54 10.2 8.25 10.05 8.06 10.0 8.0 10.05 8.06 18.03 20.02 36.36 34.67 26.17 26.02 42.06 40.31 79.81 78.24 53.34 52.35 38.6 36.69 49.16 51.16 56.44 55.47 
2.83 2.0 2.24 1.0 2.0 0.0 2.24 1.0 2.83 2.0 3.61 3.0 4.47 4.0 5.39 5.0 49.93 48.88 49.09 48.02 48.26 47.17 47.43 46.32 46.62 45.49 45.8 44.65 45.0 43.83 44.2 43.01 12.37 10.44 12.17 10.2 12.04 10.05 12.0 10.0 12.04 10.05 16.03 18.03 38.08 36.36 28.16 28.02 43.83 42.06 78.6 77.01 51.62 50.61 39.22 37.34 47.17 49.16 54.71 53.71 
3.0 3.61 2.0 2.83 1.0 2.24 0.0 2.0 1.0 2.24 2.0 2.83 3.0 3.61 4.0 4.47 49.74 48.76 48.88 47.89 48.02 47.01 47.17 46.14 46.32 45.28 45.49 44.42 44.65 43.57 43.83 42.72 10.77 8.94 10.44 8.54 10.2 8.25 10.05 8.06 10.0 8.0 18.0 20.0 36.89 35.23 26.31 26.08 42.54 40.82 80.6 79.03 53.85 52.84 39.56 37.64 49.09 51.09 56.94 55.95 
3.61 3.0 2.83 2.0 2.24 1.0 2.0 0.0 2.24 1.0 2.83 2.0 3.61 3.0 4.47 4.0 50.77 49.74 49.93 48.88 49.09 48.02 48.26 47.17 47.43 46.32 46.62 45.49 45.8 44.65 45.0 43.83 12.65 10.77 12.37 10.44 12.17 10.2 12.04 10.05 12.0 10.0 16.0 18.0 38.59 36.89 28.28 28.07 44.29 42.54 79.4 77.8 52.15 51.11 40.16 38.28 47.1 49.09 55.23 54.2 
4.0 4.47 3.0 3.61 2.0 2.83 1.0 2.24 0.0 2.0 1.0 2.24 2.0 2.83 3.0 3.61 50.61 49.65 49.74 48.76 48.88 47.89 48.02 47.01 47.17 46.14 46.32 45.28 45.49 44.42 44.65 43.57 11.18 9.43 10.77 8.94 10.44 8.54 10.2 8.25 10.05 8.06 18.03 20.02 37.44 35.81 26.48 26.17 43.05 41.34 81.4 79.81 54.38 53.34 40.52 38.6 49.04 51.04 57.45 56.44 
4.47 4.0 3.61 3.0 2.83 2.0 2.24 1.0 2.0 0.0 2.24 1.0 2.83 2.0 3.61 3.0 51.62 50.61 50.77 49.74 49.93 48.88 49.09 48.02 48.26 47.17 47.43 46.32 46.62 45.49 45.8 44.65 13.0 11.18 12.65 10.77 12.37 10.44 12.17 10.2 12.04 10.05 16.03 18.03 39.12 37.44 28.44 28.16 44.78 43.05 80.21 78.6 52.7 51.62 41.11 39.22 47.04 49.04 55.76 54.71 
5.0 5.39 4.0 4.47 3.0 3.61 2.0 2.83 1.0 2.24 0.0 2.0 1.0 2.24 2.0 2.83 51.48 50.54 50.61 49.65 49.74 48.76 48.88 47.89 48.02 47.01 47.17 46.14 46.32 45.28 45.49 44.42 11.66 10.0 11.18 9.43 10.77 8.94 10.44 8.54 10.2 8.25 18.11 20.1 38.01 36.4 26.68 26.31 43.57 41.88 82.2 80.6 54.92 53.85 41.48 39.56 49.01 51.01 57.98 56.94 
5.39 5.0 4.47 4.0 3.61 3.0 2.83 2.0 2.24 1.0 2.0 0.0 2.24 1.0 2.83 2.0 52.48 51.48 51.62 50.61 50.77 49.74 49.93 48.88 49.09 48.02 48.26 47.17 47.43 46.32 46.62 45.49 13.42 11.66 13.0 11.18 12.65 10.77 12.37 10.44 12.17 10.2 16.12 18.11 39.66 38.01 28.64 28.28 45.28 43.57 81.02 79.4 53.25 52.15 42.06 40.16 47.01 49.01 56.3 55.23 
6.0 6.32 5.0 5.39 4.0 4.47 3.0 3.61 2.0 2.83 1.0 2.24 0.0 2.0 1.0 2.24 52.35 51.43 51.48 50.54 50.61 49.65 49.74 48.76 48.88 47.89 48.02 47.01 47.17 46.14 46.32 45.28 12.21 10.63 11.66 10.0 11.18 9.43 10.77 8.94 10.44 8.54 18.25 20.22 38.6 37.01 26.93 26.48 44.1 42.44 83.01 81.4 55.47 54.38 42.45 40.52 49.0 51.0 58.52 57.45 
6.32 6.0 5.39 5.0 4.47 4.0 3.61 3.0 2.83 2.0 2.24 1.0 2.0 0.0 2.24 1.0 53.34 52.35 52.48 51.48 51.62 50.61 50.77 49.74 49.93 48.88 49.09 48.02 48.26 47.17 47.43 46.32 13.89 12.21 13.42 11.66 13.0 11.18 12.65 10.77 12.37 10.44 16.28 18.25 40.22 38.6 28.86 28.44 45.79 44.1 81.84 80.21 53.82 52.7 43.01 41.11 47.0 49.0 56.86 55.76 
7.0 7.28 6.0 6.32 5.0 5.39 4.0 4.47 3.0 3.61 2.0 2.83 1.0 2.24 0.0 2.0 53.24 52.33 52.35 51.43 51.48 50.54 50.61 49.65 49.74 48.76 48.88 47.89 48.02 47.01 47.17 46.14 12.81 11.31 12.21 10.63 11.66 10.0 11.18 9.43 10.77 8.94 18.44 20.4 39.2 37.64 27.2 26.68 44.65 43.01 83.82 82.2 56.04 54.92 43.42 41.48 49.01 51.01 59.08 57.98 
7.28 7.0 6.32 6.0 5.39 5.0 4.47 4.0 3.61 3.0 2.83 2.0 2.24 1.0 2.0 0.0 54.2 53.24 53.34 52.35 52.48 51.48 51.62 50.61 50.77 49.74 49.93 48.88 49.09 48.02 48.26 47.17 14.42 12.81 13.89 12.21 13.42 11.66 13.0 11.18 12.65 10.77 16.49 18.44 40.8 39.2 29.12 28.64 46.32 44.65 82.66 81.02 54.41 53.25 43.97 42.06 47.01 49.01 57.43 56.3 
47.17 48.26 48.02 49.09 48.88 49.93 49.74 50.77 50.61 51.62 51.48 52.48 52.35 53.34 53.24 54.2 0.0 2.0 1.0 2.24 2.0 2.83 3.0 3.61 4.0 4.47 5.0 5.39 6.0 6.32 7.0 7.28 41.79 42.54 42.72 43.46 43.66 44.38 44.6 45.31 45.54 46.24 60.81 62.24 23.77 23.35 39.01 41.01 25.06 24.17 76.92 76.4 72.57 73.01 14.87 15.65 87.13 88.84 75.31 75.71 
46.14 47.17 47.01 48.02 47.89 48.88 48.76 49.74 49.65 50.61 50.54 51.48 51.43 52.35 52.33 53.24 2.0 0.0 2.24 1.0 2.83 2.0 3.61 3.0 4.47 4.0 5.39 5.0 6.32 6.0 7.28 7.0 41.11 41.79 42.06 42.72 43.01 43.66 43.97 44.6 44.92 45.54 59.41 60.81 24.35 23.77 39.12 41.11 26.08 25.06 75.0 74.46 70.61 71.06 13.0 13.89 85.44 87.13 73.35 73.76 
46.32 47.43 47.17 48.26 48.02 49.09 48.88 49.93 49.74 50.77 50.61 51.62 51.48 52.48 52.35 53.34 1.0 2.24 0.0 2.0 1.0 2.24 2.0 2.83 3.0 3.61 4.0 4.47 5.0 5.39 6.0 6.32 40.85 41.63 41.79 42.54 42.72 43.46 43.66 44.38 44.6 45.31 60.11 61.55 22.8 22.36 38.01 40.01 24.19 23.26 77.2 76.66 72.37 72.78 14.56 15.23 86.61 88.32 75.13 75.5 
45.28 46.32 46.14 47.17 47.01 48.02 47.89 48.88 48.76 49.74 49.65 50.61 50.54 51.48 51.43 52.35 2.24 1.0 2.0 0.0 2.24 1.0 2.83 2.0 3.61 3.0 4.47 4.0 5.39 5.0 6.32 6.0 40.16 40.85 41.11 41.79 42.06 42.72 43.01 43.66 43.97 44.6 58.69 60.11 23.41 22.8 38.12 40.11 25.24 24.19 75.29 74.73 70.41 70.83 12.65 13.42 84.91 86.61 73.16 73.55 
45.49 46.62 46.32 47.43 47.17 48.26 48.02 49.09 48.88 49.93 49.74 50.77 50.61 51.62 51.48 52.48 2.0 2.83 1.0 2.24 0.0 2.0 1.0 2.24 2.0 2.83 3.0 3.61 4.0 4.47 5.0 5.39 39.92 40.72 40.85 41.63 41.79 42.54 42.72 43.46 43.66 44.38 59.41 60.88 21.84 21.38 37.01 39.01 23.32 22.36 77.49 76.92 72.18 72.57 14.32 14.87 86.09 87.82 74.97 75.31 
44.42 45.49 45.28 46.32 46.14 47.17 47.01 48.02 47.89 48.88 48.76 49.74 49.65 50.61 50.54 51.48 2.83 2.0 2.24 1.0 2.0 0.0 2.24 1.0 2.83 2.0 3.61 3.0 4.47 4.0 5.39 5.0 39.22 39.92 40.16 40.85 41.11 41.79 42.06 42.72 43.01 43.66 57.98 59.41 22.47 21.84 37.12 39.12 24.41 23.32 75.58 75.0 70.21 70.61 12.37 13.0 84.38 86.09 72.99 73.35 
44.65 45.8 45.49 46.62 46.32 47.43 47.17 48.26 48.02 49.09 48.88 49.93 49.74 50.77 50.61 51.62 3.0 3.61 2.0 2.83 1.0 2.24 0.0 2.0 1.0 2.24 2.0 2.83 3.0 3.61 4.0 4.47 39.0 39.81 39.92 40.72 40.85 41.63 41.79 42.54 42.72 43.46 58.73 60.21 20.88 20.4 36.01 38.01 22.47 21.47 77.79 77.2 72.01 72.37 14.14 14.56 85.59 87.32 74.81 75.13 
43.57 44.65 44.42 45.49 45.28 46.32 46.14 47.17 47.01 48.02 47.89 48.88 48.76 49.74 49.65 50.61 3.61 3.0 2.83 2.0 2.24 1.0 2.0 0.0 2.24 1.0 2.83 2.0 3.61 3.0 4.47 4.0 38.28 39.0 39.22 39.92 40.16 40.85 41.11 41.79 42.06 42.72 57.28 58.73 21.54 20.88 36.12 38.12 23.6 22.47 75.89 75.29 70.04 70.41 12.17 12.65 83.86 85.59 72.84 73.16 
43.83 45.0 44.65 45.8 45.49 46.62 46.32 47.43 47.17 48.26 48.02 49.09 48.88 49.93 49.74 50.77 4.0 4.47 3.0 3.61 2.0 2.83 1.0 2.24 0.0 2.0 1.0 2.24 2.0 2.83 3.0 3.61 38.08 38.91 39.0 39.81 39.92 40.72 40.85 41.63 41.79 42.54 58.05 59.55 19.92 19.42 35.01 37.01 21.63 20.59 78.11 77.49 71.85 72.18 14.04 14.32 85.09 86.83 74.67 74.97 
42.72 43.83 43.57 44.65 44.42 45.49 45.28 46.32 46.14 47.17 47.01 48.02 47.89 48.88 48.76 49.74 4.47 4.0 3.61 3.0 2.83 2.0 2.24 1.0 2.0 0.0 2.24 1.0 2.83 2.0 3.61 3.0 37.34 38.08 38.28 39.0 39.22 39.92 40.16 40.85 41.11 41.79 56.59 58.05 20.62 19.92 35.13 37.12 22.8 21.63 76.22 75.58 69.87 70.21 12.04 12.37 83.35 85.09 72.69 72.99 
43.01 44.2 43.83 45.0 44.65 45.8 45.49 46.62 46.32 47.43 47.17 48.26 48.02 49.09 48.88 49.93 5.0 5.39 4.0 4.47 3.0 3.61 2.0 2.83 1.0 2.24 0.0 2.0 1.0 2.24 2.0 2.83 37.16 38.01 38.08 38.91 39.0 39.81 39.92 40.72 40.85 41.63 57.38 58.9 18.97 18.44 34.01 36.01 20.81 19.72 78.43 77.79 71.7 72.01 14.0 14.14 84.6 86.35 74.55 74.81 
41.88 43.01 42.72 43.83 43.57 44.65 44.42 45.49 45.28 46.32 46.14 47.17 47.01 48.02 47.89 48.88 5.39 5.0 4.47 4.0 3.61 3.0 2.83 2.0 2.24 1.0 2.0 0.0 2.24 1.0 2.83 2.0 36.4 37.16 37.34 38.08 38.28 39.0 39.22 39.92 40.16 40.85 55.9 57.38 19.7 18.97 34.13 36.12 22.02 20.81 76.55 75.89 69.72 70.04 12.0 12.17 82.86 84.6 72.56 72.84 
42.2 43.42 43.01 44.2 43.83 45.0 44.65 45.8 45.49 46.62 46.32 47.43 47.17 48.26 48.02 49.09 6.0 6.32 5.0 5.39 4.0 4.47 3.0 3.61 2.0 2.83 1.0 2.24 0.0 2.0 1.0 2.24 36.25 37.12 37.16 38.01 38.08 38.91 39.0 39.81 39.92 40.72 56.73 58.26 18.03 17.46 33.02 35.01 20.0 18.87 78.77 78.11 71.57 71.85 14.04 14.04 84.12 85.88 74.43 74.67 
41.05 42.2 41.88 43.01 42.72 43.83 43.57 44.65 44.42 45.49 45.28 46.32 46.14 47.17 47.01 48.02 6.32 6.0 5.39 5.0 4.47 4.0 3.61 3.0 2.83 2.0 2.24 1.0 2.0 0.0 2.24 1.0 35.47 36.25 36.4 37.16 37.34 38.08 38.28 39.0 39.22 39.92 55.23 56.73 18.79 18.03 33.14 35.13 21.26 20.0 76.9 76.22 69.58 69.87 12.04 12.04 82.37 84.12 72.44 72.69 
41.4 42.64 42.2 43.42 43.01 44.2 43.83 45.0 44.65 45.8 45.49 46.62 46.32 47.43 47.17 48.26 7.0 7.28 6.0 6.32 5.0 5.39 4.0 4.47 3.0 3.61 2.0 2.83 1.0 2.24 0.0 2.0 35.34 36.24 36.25 37.12 37.16 38.01 38.08 38.91 39.0 39.81 56.08 57.63 17.09 16.49 32.02 34.01 19.21 18.03 79.12 78.43 71.45 71.7 14.14 14.0 83.65 85.42 74.33 74.55 
40.22 41.4 41.05 42.2 41.88 43.01 42.72 43.83 43.57 44.65 44.42 45.49 45.28 46.32 46.14 47.17 7.28 7.0 6.32 6.0 5.39 5.0 4.47 4.0 3.61 3.0 2.83 2.0 2.24 1.0 2.0 0.0 34.54 35.34 35.47 36.25 36.4 37.16 37.34 38.08 38.28 39.0 54.56 56.08 17.89 17.09 32.14 34.13 20.52 19.21 77.25 76.55 69.46 69.72 12.17 12.0 81.88 83.65 72.34 72.56 
10.05 12.04 10.2 12.17 10.44 12.37 10.77 12.65 11.18 13.0 11.66 13.42 12.21 13.89 12.81 14.42 41.79 41.11 40.85 40.16 39.92 39.22 39.0 38.28 38.08 37.34 37.16 36.4 36.25 35.47 35.34 34.54 0.0 2.0 1.0 2.24 2.0 2.83 3.0 3.61 4.0 4.47 28.28 30.27 26.4 24.84 16.0 16.12 31.91 30.23 84.15 82.73 60.93 60.17 34.01 32.02 59.41 61.4 64.08 63.32 
8.06 10.05 8.25 10.2 8.54 10.44 8.94 10.77 9.43 11.18 10.0 11.66 10.63 12.21 11.31 12.81 42.54 41.79 41.63 40.85 40.72 39.92 39.81 39.0 38.91 38.08 38.01 37.16 37.12 36.25 36.24 35.34 2.0 0.0 2.24 1.0 2.83 2.0 3.61 3.0 4.47 4.0 26.31 28.28 28.02 26.4 18.0 18.11 33.62 31.91 82.76 81.32 59.09 58.31 34.13 32.14 57.43 59.41 62.24 61.47 
10.0 12.0 10.05 12.04 10.2 12.17 10.44 12.37 10.77 12.65 11.18 13.0 11.66 13.42 12.21 13.89 42.72 42.06 41.79 41.11 40.85 40.16 39.92 39.22 39.0 38.28 38.08 37.34 37.16 36.4 36.25 35.47 1.0 2.24 0.0 2.0 1.0 2.24 2.0 2.83 3.0 3.61 28.16 30.15 27.02 25.5 16.03 16.03 32.45 30.81 84.86 83.44 61.33 60.54 35.01 33.02 59.3 61.29 64.47 63.69 
8.0 10.0 8.06 10.05 8.25 10.2 8.54 10.44 8.94 10.77 9.43 11.18 10.0 11.66 10.63 12.21 43.46 42.72 42.54 41.79 41.63 40.85 40.72 39.92 39.81 39.0 38.91 38.08 38.01 37.16 37.12 36.25 2.24 1.0 2.0 0.0 2.24 1.0 2.83 2.0 3.61 3.0 26.17 28.16 28.6 27.02 18.03 18.03 34.13 32.45 83.49 82.04 59.51 58.69 35.13 33.14 57.31 59.3 62.65 61.85 
10.05 12.04 10.0 12.0 10.05 12.04 10.2 12.17 10.44 12.37 10.77 12.65 11.18 13.0 11.66 13.42 43.66 43.01 42.72 42.06 41.79 41.11 40.85 40.16 39.92 39.22 39.0 38.28 38.08 37.34 37.16 36.4 2.0 2.83 1.0 2.24 0.0 2.0 1.0 2.24 2.0 2.83 28.07 30.07 27.66 26.17 16.12 16.0 33.02 31.4 85.59 84.15 61.74 60.93 36.01 34.01 59.21 61.2 64.88 64.08 
8.06 10.05 8.0 10.0 8.06 10.05 8.25 10.2 8.54 10.44 8.94 10.77 9.43 11.18 10.0 11.66 44.38 43.66 43.46 42.72 42.54 41.79 41.63 40.85 40.72 39.92 39.81 39.0 38.91 38.08 38.01 37.16 2.83 2.0 2.24 1.0 2.0 0.0 2.24 1.0 2.83 2.0 26.08 28.07 29.21 27.66 18.11 18.0 34.67 33.02 84.22 82.76 59.93 59.09 36.12 34.13 57.22 59.21 63.07 62.24 
10.2 12.17 10.05 12.04 10.0 12.0 10.05 12.04 10.2 12.17 10.44 12.37 10.77 12.65 11.18 13.0 44.6 43.97 43.66 43.01 42.72 42.06 41.79 41.11 40.85 40.16 39.92 39.22 39.0 38.28 38.08 37.34 3.0 3.61 2.0 2.83 1.0 2.24 0.0 2.0 1.0 2.24 28.02 30.02 28.32 26.87 16.28 16.03 33.6 32.02 86.31 84.86 62.17 61.33 37.01 35.01 59.14 61.13 65.31 64.47 
8.25 10.2 8.06 10.05 8.0 10.0 8.06 10.05 8.25 10.2 8.54 10.44 8.94 10.77 9.43 11.18 45.31 44.6 44.38 43.66 43.46 42.72 42.54 41.79 41.63 40.85 40.72 39.92 39.81 39.0 38.91 38.08 3.61 3.0 2.83 2.0 2.24 1.0 2.0 0.0 2.24 1.0 26.02 28.02 29.83 28.32 18.25 18.03 35.23 33.6 84.96 83.49 60.37 59.51 37.12 35.13 57.14 59.14 63.51 62.65 
10.44 12.37 10.2 12.17 10.05 12.04 10.0 12.0 10.05 12.04 10.2 12.17 10.44 12.37 10.77 12.65 45.54 44.92 44.6 43.97 43.66 43.01 42.72 42.06 41.79 41.11 40.85 40.16 39.92 39.22 39.0 38.28 4.0 4.47 3.0 3.61 2.0 2.83 1.0 2.24 0.0 2.0 28.0 30.0 29.0 27.59 16.49 16.12 34.21 32.65 87.05 85.59 62.61 61.74 38.01 36.01 59.08 61.07 65.74 64.88 
8.54 10.44 8.25 10.2 8.06 10.05 8.0 10.0 8.06 10.05 8.25 10.2 8.54 10.44 8.94 10.77 46.24 45.54 45.31 44.6 44.38 43.66 43.46 42.72 42.54 41.79 41.63 40.85 40.72 39.92 39.81 39.0 4.47 4.0 3.61 3.0 2.83 2.0 2.24 1.0 2.0 0.0 26.0 28.0 30.48 29.0 18.44 18.11 35.81 34.21 85.7 84.22 60.83 59.93 38.12 36.12 57.08 59.08 63.95 63.07 
18.25 16.28 18.11 16.12 18.03 16.03 18.0 16.0 18.03 16.03 18.11 16.12 18.25 16.28 18.44 16.49 60.81 59.41 60.11 58.69 59.41 57.98 58.73 57.28 58.05 56.59 57.38 55.9 56.73 55.23 56.08 54.56 28.28 26.31 28.16 26.17 28.07 26.08 28.02 26.02 28.0 26.0 0.0 2.0 52.92 51.08 44.18 44.05 58.87 57.01 71.11 69.32 39.6 38.21 47.8 46.23 31.14 33.14 42.45 41.11 
20.22 18.25 20.1 18.11 20.02 18.03 20.0 18.0 20.02 18.03 20.1 18.11 20.22 18.25 20.4 18.44 62.24 60.81 61.55 60.11 60.88 59.41 60.21 58.73 59.55 58.05 58.9 57.38 58.26 56.73 57.63 56.08 30.27 28.28 30.15 28.16 30.07 28.07 30.02 28.02 30.0 28.0 2.0 0.0 54.78 52.92 46.17 46.04 60.75 58.87 70.26 68.45 38.21 36.77 49.04 47.51 29.15 31.14 41.01 39.62 
35.36 37.12 35.85 37.59 36.36 38.08 36.89 38.59 37.44 39.12 38.01 39.66 38.6 40.22 39.2 40.8 23.77 24.35 22.8 23.41 21.84 22.47 20.88 21.54 19.92 20.62 18.97 19.7 18.03 18.79 17.09 17.89 26.4 28.02 27.02 28.6 27.66 29.21 28.32 29.83 29.0 30.48 52.92 54.78 0.0 2.0 16.76 18.68 6.08 4.12 91.3 90.35 77.41 77.23 26.91 25.61 83.24 85.16 80.5 80.31 
33.62 35.36 34.13 35.85 34.67 36.36 35.23 36.89 35.81 37.44 36.4 38.01 37.01 38.6 37.64 39.2 23.35 23.77 22.36 22.8 21.38 21.84 20.4 20.88 19.42 19.92 18.44 18.97 17.46 18.03 16.49 17.09 24.84 26.4 25.5 27.02 26.17 27.66 26.87 28.32 27.59 29.0 51.08 52.92 2.0 0.0 16.28 18.25 8.06 6.08 89.55 88.59 75.43 75.24 25.46 24.08 81.32 83.24 78.52 78.31 
26.02 28.02 26.08 28.07 26.17 28.16 26.31 28.28 26.48 28.44 26.68 28.64 26.93 28.86 27.2 29.12 39.01 39.12 38.01 38.12 37.01 37.12 36.01 36.12 35.01 35.13 34.01 34.13 33.02 33.14 32.02 32.14 16.0 18.0 16.03 18.03 16.12 18.11 16.28 18.25 16.49 18.44 44.18 46.17 16.76 16.28 0.0 2.0 20.25 19.24 96.05 94.81 75.89 75.29 37.16 35.34 75.33 77.32 79.06 78.45 
26.02 28.02 26.0 28.0 26.02 28.02 26.08 28.07 26.17 28.16 26.31 28.28 26.48 28.44 26.68 28.64 41.01 41.11 40.01 40.11 39.01 39.12 38.01 38.12 37.01 37.12 36.01 36.12 35.01 35.13 34.01 34.13 16.12 18.11 16.03 18.03 16.0 18.0 16.03 18.03 16.12 18.11 44.05 46.04 18.68 18.25 2.0 0.0 21.95 21.02 97.31 96.05 76.55 75.89 39.0 37.16 75.17 77.16 79.71 79.06 
41.15 42.95 41.59 43.38 42.06 43.83 42.54 44.29 43.05 44.78 43.57 45.28 44.1 45.79 44.65 46.32 25.06 26.08 24.19 25.24 23.32 24.41 22.47 23.6 21.63 22.8 20.81 22.02 20.0 21.26 19.21 20.52 31.91 33.62 32.45 34.13 33.02 34.67 33.6 35.23 34.21 35.81 58.87 60.75 6.08 8.06 20.25 21.95 0.0 2.0 96.15 95.27 83.29 83.15 31.06 30.02 89.29 91.21 86.37 86.21 
39.36 41.15 39.82 41.59 40.31 42.06 40.82 42.54 41.34 43.05 41.88 43.57 42.44 44.1 43.01 44.65 24.17 25.06 23.26 24.19 22.36 23.32 21.47 22.47 20.59 21.63 19.72 20.81 18.87 20.0 18.03 19.21 30.23 31.91 30.81 32.45 31.4 33.02 32.02 33.6 32.65 34.21 57.01 58.87 4.12 6.08 19.24 21.02 2.0 0.0 94.37 93.47 81.3 81.15 29.41 28.3 87.36 89.29 84.38 84.21 
78.24 77.01 79.03 77.8 79.81 78.6 80.6 79.4 81.4 80.21 82.2 81.02 83.01 81.84 83.82 82.66 76.92 75.0 77.2 75.29 77.49 75.58 77.79 75.89 78.11 76.22 78.43 76.55 78.77 76.9 79.12 77.25 84.15 82.76 84.86 83.49 85.59 84.22 86.31 84.96 87.05 85.7 71.11 70.26 91.3 89.55 96.05 97.31 96.15 94.37 0.0 2.0 36.12 38.12 65.39 66.21 67.0 67.03 35.0 37.0 
76.69 75.43 77.47 76.22 78.24 77.01 79.03 77.8 79.81 78.6 80.6 79.4 81.4 80.21 82.2 81.02 76.4 74.46 76.66 74.73 76.92 75.0 77.2 75.29 77.49 75.58 77.79 75.89 78.11 76.22 78.43 76.55 82.73 81.32 83.44 82.04 84.15 82.76 84.86 83.49 85.59 84.22 69.32 68.45 90.35 88.59 94.81 96.05 95.27 93.47 2.0 0.0 34.13 36.12 64.62 65.39 65.0 65.03 33.0 35.0 
52.35 50.61 52.84 51.11 53.34 51.62 53.85 52.15 54.38 52.7 54.92 53.25 55.47 53.82 56.04 54.41 72.57 70.61 72.37 70.41 72.18 70.21 72.01 70.04 71.85 69.87 71.7 69.72 71.57 69.58 71.45 69.46 60.93 59.09 61.33 59.51 61.74 59.93 62.17 60.37 62.61 60.83 39.6 38.21 77.41 75.43 75.89 76.55 83.29 81.3 36.12 34.13 0.0 2.0 57.87 57.56 31.14 31.4 3.16 3.16 
51.43 49.65 51.88 50.12 52.35 50.61 52.84 51.11 53.34 51.62 53.85 52.15 54.38 52.7 54.92 53.25 73.01 71.06 72.78 70.83 72.57 70.61 72.37 70.41 72.18 70.21 72.01 70.04 71.85 69.87 71.7 69.72 60.17 58.31 60.54 58.69 60.93 59.09 61.33 59.51 61.74 59.93 38.21 36.77 77.23 75.24 75.29 75.89 83.15 81.15 38.12 36.12 2.0 0.0 58.25 57.87 29.15 29.43 4.24 3.16 
36.69 37.34 37.64 38.28 38.6 39.22 39.56 40.16 40.52 41.11 41.48 42.06 42.45 43.01 43.42 43.97 14.87 13.0 14.56 12.65 14.32 12.37 14.14 12.17 14.04 12.04 14.0 12.0 14.04 12.04 14.14 12.17 34.01 34.13 35.01 35.13 36.01 36.12 37.01 37.12 38.01 38.12 47.8 49.04 26.91 25.46 37.16 39.0 31.06 29.41 65.39 64.62 57.87 58.25 0.0 2.0 72.67 74.33 60.67 61.0 
34.79 35.47 35.74 36.4 36.69 37.34 37.64 38.28 38.6 39.22 39.56 40.16 40.52 41.11 41.48 42.06 15.65 13.89 15.23 13.42 14.87 13.0 14.56 12.65 14.32 12.37 14.14 12.17 14.04 12.04 14.0 12.0 32.02 32.14 33.02 33.14 34.01 34.13 35.01 35.13 36.01 36.12 46.23 47.51 25.61 24.08 35.34 37.16 30.02 28.3 66.21 65.39 57.56 57.87 2.0 0.0 71.56 73.25 60.41 60.67 
49.37 47.38 49.25 47.27 49.16 47.17 49.09 47.1 49.04 47.04 49.01 47.01 49.0 47.0 49.01 47.01 87.13 85.44 86.61 84.91 86.09 84.38 85.59 83.86 85.09 83.35 84.6 82.86 84.12 82.37 83.65 81.88 59.41 57.43 59.3 57.31 59.21 57.22 59.14 57.14 59.08 57.08 31.14 29.15 83.24 81.32 75.33 75.17 89.29 87.36 67.0 65.0 31.14 29.15 72.67 71.56 0.0 2.0 32.0 30.0 
51.35 49.37 51.24 49.25 51.16 49.16 51.09 49.09 51.04 49.04 51.01 49.01 51.0 49.0 51.01 49.01 88.84 87.13 88.32 86.61 87.82 86.09 87.32 85.59 86.83 85.09 86.35 84.6 85.88 84.12 85.42 83.65 61.4 59.41 61.29 59.3 61.2 59.21 61.13 59.14 61.07 59.08 33.14 31.14 85.16 83.24 77.32 77.16 91.21 89.29 67.03 65.03 31.4 29.43 74.33 73.25 2.0 0.0 32.06 30.07 
55.47 53.71 55.95 54.2 56.44 54.71 56.94 55.23 57.45 55.76 57.98 56.3 58.52 56.86 59.08 57.43 75.31 73.35 75.13 73.16 74.97 72.99 74.81 72.84 74.67 72.69 74.55 72.56 74.43 72.44 74.33 72.34 64.08 62.24 64.47 62.65 64.88 63.07 65.31 63.51 65.74 63.95 42.45 41.01 80.5 78.52 79.06 79.71 86.37 84.38 35.0 33.0 3.16 4.24 60.67 60.41 32.0 32.06 0.0 2.0 
54.56 52.77 55.01 53.24 55.47 53.71 55.95 54.2 56.44 54.71 56.94 55.23 57.45 55.76 57.98 56.3 75.71 73.76 75.5 73.55 75.31 73.35 75.13 73.16 74.97 72.99 74.81 72.84 74.67 72.69 74.55 72.56 63.32 61.47 63.69 61.85 64.08 62.24 64.47 62.65 64.88 63.07 41.11 39.62 80.31 78.31 78.45 79.06 86.21 84.21 37.0 35.0 3.16 3.16 61.0 60.67 30.0 30.07 2.0 0.0 
