70
0.0 2.0 1.0 2.24 2.0 2.83 4.47 2.83 4.12 2.24 4.0 2.0 46.39 48.37 46.53 48.51 15.62 16.97 23.09 23.77 19.8 18.44 19.1 17.69 45.28 45.1 29.43 29.83 16.76 18.68 50.7 51.24 13.04 13.34 5.83 4.24 24.04 22.14 48.27 50.22 30.59 31.05 10.44 11.18 45.28 47.27 49.48 50.0 14.21 13.04 13.6 12.53 42.95 42.58 9.43 10.63 21.84 23.77 26.0 26.83 24.33 22.36 12.21 13.89 19.21 20.52 13.04 12.08 41.0 40.61 
2.0 0.0 2.24 1.0 2.83 2.0 5.66 4.47 5.0 3.61 4.47 2.83 46.17 48.17 46.27 48.26 14.42 15.62 22.56 23.09 21.26 19.8 20.62 19.1 45.54 45.28 29.15 29.43 16.28 18.25 50.22 50.7 13.04 13.04 5.1 3.16 24.7 22.85 47.85 49.82 30.27 30.59 8.54 9.43 45.1 47.1 49.03 49.48 15.56 14.21 15.26 14.32 43.42 42.95 7.81 9.22 22.47 24.35 25.3 26.0 24.74 22.8 11.18 13.0 18.03 19.21 11.4 10.3 41.48 41.0 
1.0 2.24 0.0 2.0 1.0 2.24 5.39 3.61 5.1 3.16 5.0 3.0 45.4 47.38 45.54 47.52 16.4 17.69 24.04 24.7 20.52 19.21 19.8 18.44 44.28 44.1 28.44 28.86 15.81 17.72 49.73 50.29 12.04 12.37 6.71 5.0 25.0 23.09 47.3 49.24 29.61 30.08 10.2 10.77 44.28 46.27 48.51 49.04 15.0 13.89 14.21 13.04 41.98 41.59 8.94 10.0 20.88 22.8 25.08 25.94 25.32 23.35 11.4 13.04 18.44 19.8 13.6 12.53 40.02 39.62 
2.24 1.0 2.0 0.0 2.24 1.0 6.4 5.0 5.83 4.24 5.39 3.61 45.18 47.17 45.28 47.27 15.26 16.4 23.54 24.04 21.93 20.52 21.26 19.8 44.55 44.28 28.16 28.44 15.3 17.26 49.24 49.73 12.04 12.04 6.08 4.12 25.63 23.77 46.87 48.84 29.27 29.61 8.25 8.94 44.1 46.1 48.05 48.51 16.28 15.0 15.81 14.76 42.45 41.98 7.21 8.49 21.54 23.41 24.35 25.08 25.71 23.77 10.3 12.08 17.2 18.44 12.04 10.82 40.52 40.02 
2.0 2.83 1.0 2.24 0.0 2.0 6.32 4.47 6.08 4.12 6.0 4.0 44.41 46.39 44.55 46.53 17.2 18.44 25.0 25.63 21.26 20.0 20.52 19.21 43.29 43.1 27.46 27.89 14.87 16.76 48.76 49.34 11.05 11.4 7.62 5.83 25.96 24.04 46.32 48.27 28.64 29.12 10.05 10.44 43.29 45.28 47.54 48.08 15.81 14.76 14.87 13.6 41.0 40.61 8.54 9.43 19.92 21.84 24.17 25.06 26.31 24.33 10.63 12.21 17.69 19.1 14.21 13.04 39.05 38.64 
2.83 2.0 2.24 1.0 2.0 0.0 7.21 5.66 6.71 5.0 6.32 4.47 44.18 46.17 44.28 46.27 16.12 17.2 24.52 25.0 22.63 21.26 21.93 20.52 43.57 43.29 27.17 27.46 14.32 16.28 48.27 48.76 11.05 11.05 7.07 5.1 26.57 24.7 45.89 47.85 28.28 28.64 8.06 8.54 43.1 45.1 47.07 47.54 17.03 15.81 16.4 15.26 41.48 41.0 6.71 7.81 20.62 22.47 23.41 24.17 26.68 24.74 9.43 11.18 16.4 17.69 12.73 11.4 39.56 39.05 
4.47 5.66 5.39 6.4 6.32 7.21 0.0 2.0 1.0 2.24 2.0 2.83 50.64 52.61 50.8 52.77 14.42 16.12 20.12 21.1 15.62 14.14 15.0 13.45 49.09 49.01 33.73 34.21 21.19 23.09 55.08 55.66 17.26 17.72 5.1 5.1 19.65 17.72 52.63 54.57 34.93 35.44 13.89 15.0 49.5 51.48 53.85 54.41 9.9 8.6 9.85 9.22 46.53 46.27 13.45 14.87 25.32 27.29 30.46 31.3 20.1 18.11 16.64 18.36 23.6 24.84 13.34 13.04 44.55 44.28 
2.83 4.47 3.61 5.0 4.47 5.66 2.0 0.0 2.24 1.0 2.83 2.0 48.66 50.64 48.84 50.8 15.62 17.2 21.93 22.83 16.97 15.62 16.28 14.87 47.1 47.01 31.78 32.28 19.31 21.19 53.16 53.76 15.3 15.81 5.83 5.1 21.59 19.65 50.7 52.63 32.98 33.53 13.0 13.89 47.52 49.5 51.92 52.5 11.4 10.3 10.82 9.85 44.55 44.28 12.21 13.45 23.35 25.32 28.64 29.53 22.09 20.1 15.0 16.64 22.02 23.35 13.93 13.34 42.58 42.3 
4.12 5.0 5.1 5.83 6.08 6.71 1.0 2.24 0.0 2.0 1.0 2.24 50.49 52.47 50.64 52.61 13.6 15.26 19.7 20.59 16.4 14.87 15.81 14.21 49.16 49.04 33.54 33.96 20.88 22.8 54.82 55.36 17.12 17.46 4.12 4.12 19.92 18.03 52.39 54.34 34.71 35.17 13.04 14.21 49.37 51.35 53.6 54.12 10.63 9.22 10.77 10.2 46.69 46.39 12.73 14.21 25.5 27.46 30.08 30.87 20.22 18.25 16.12 17.89 23.02 24.21 12.37 12.04 44.72 44.41 
2.24 3.61 3.16 4.24 4.12 5.0 2.24 1.0 2.0 0.0 2.24 1.0 48.51 50.49 48.66 50.64 14.87 16.4 21.54 22.36 17.69 16.28 17.03 15.56 47.17 47.04 31.58 32.02 18.97 20.88 52.89 53.45 15.13 15.52 5.0 4.12 21.84 19.92 50.45 52.39 32.76 33.24 12.08 13.04 47.38 49.37 51.66 52.2 12.04 10.82 11.66 10.77 44.72 44.41 11.4 12.73 23.54 25.5 28.23 29.07 22.2 20.22 14.42 16.12 21.4 22.67 13.0 12.37 42.76 42.43 
4.0 4.47 5.0 5.39 6.0 6.32 2.0 2.83 1.0 2.24 0.0 2.0 50.36 52.35 50.49 52.47 12.81 14.42 19.31 20.12 17.2 15.62 16.64 15.0 49.25 49.09 33.38 33.73 20.62 22.56 54.57 55.08 17.03 17.26 3.16 3.16 20.25 18.38 52.17 54.13 34.53 34.93 12.21 13.45 49.25 51.24 53.37 53.85 11.4 9.9 11.7 11.18 46.87 46.53 12.04 13.6 25.71 27.66 29.73 30.46 20.4 18.44 15.65 17.46 22.47 23.6 11.4 11.05 44.91 44.55 
2.0 2.83 3.0 3.61 4.0 4.47 2.83 2.0 2.24 1.0 2.0 0.0 48.37 50.36 48.51 50.49 14.14 15.62 21.19 21.93 18.44 16.97 17.8 16.28 47.27 47.1 31.4 31.78 18.68 20.62 52.63 53.16 15.03 15.3 4.24 3.16 22.14 20.25 50.22 52.17 32.56 32.98 11.18 12.21 47.27 49.25 51.42 51.92 12.73 11.4 12.53 11.7 44.91 44.55 10.63 12.04 23.77 25.71 27.86 28.64 22.36 20.4 13.89 15.65 20.81 22.02 12.08 11.4 42.95 42.58 
46.39 46.17 45.4 45.18 44.41 44.18 50.64 48.66 50.49 48.51 50.36 48.37 0.0 2.0 1.0 2.24 58.14 58.31 68.01 68.07 63.25 62.64 62.3 61.68 11.05 9.06 17.03 17.03 30.02 28.02 7.62 9.49 33.38 33.14 51.09 49.09 70.21 68.25 5.1 5.83 16.0 16.12 43.19 41.19 1.41 1.41 6.32 8.25 58.94 58.46 56.61 54.71 15.52 13.6 41.05 39.05 27.73 25.94 22.36 22.8 70.71 68.73 36.01 34.01 31.58 32.02 53.24 51.24 16.16 14.32 
48.37 48.17 47.38 47.17 46.39 46.17 52.61 50.64 52.47 50.49 52.35 50.36 2.0 0.0 2.24 1.0 60.13 60.3 70.01 70.06 65.15 64.56 64.2 63.6 11.4 9.49 19.03 19.03 32.02 30.02 7.07 9.06 35.36 35.13 53.08 51.09 72.18 70.21 5.1 5.1 18.0 18.11 45.18 43.19 3.16 1.41 6.0 8.0 60.88 60.42 58.52 56.61 16.16 14.32 43.05 41.05 29.55 27.73 24.33 24.74 72.69 70.71 38.01 36.01 33.54 33.96 55.23 53.24 17.0 15.26 
46.53 46.27 45.54 45.28 44.55 44.28 50.8 48.84 50.64 48.66 50.49 48.51 1.0 2.24 0.0 2.0 58.08 58.22 68.0 68.03 63.57 62.94 62.63 61.98 12.04 10.05 17.12 17.0 30.07 28.07 6.71 8.54 33.54 33.24 51.16 49.16 70.41 68.45 4.12 5.0 16.03 16.03 43.1 41.11 2.24 2.24 5.39 7.28 59.2 58.69 56.92 55.03 16.49 14.56 41.01 39.01 28.18 26.42 22.2 22.56 70.86 68.88 36.0 34.0 31.4 31.78 53.15 51.16 17.09 15.23 
48.51 48.26 47.52 47.27 46.53 46.27 52.77 50.8 52.61 50.64 52.47 50.49 2.24 1.0 2.0 0.0 60.07 60.21 70.0 70.03 65.46 64.85 64.51 63.89 12.37 10.44 19.1 19.0 32.06 30.07 6.08 8.06 35.51 35.23 53.15 51.16 72.37 70.41 4.12 4.12 18.03 18.03 45.1 43.1 3.61 2.24 5.0 7.0 61.13 60.64 58.82 56.92 17.09 15.23 43.01 41.01 29.97 28.18 24.19 24.52 72.84 70.86 38.0 36.0 33.38 33.73 55.15 53.15 17.89 16.12 
15.62 14.42 16.4 15.26 17.2 16.12 14.42 15.62 13.6 14.87 12.81 14.14 58.14 60.13 58.08 60.07 0.0 2.0 10.44 10.05 24.08 22.09 24.02 22.02 58.94 58.46 41.3 41.11 28.44 30.41 61.07 61.2 26.57 25.96 9.9 11.4 20.25 19.24 59.01 61.01 42.19 42.05 15.0 17.0 57.22 59.21 60.03 60.13 19.03 17.03 21.38 21.84 57.25 56.61 17.12 19.1 36.67 38.48 36.0 36.06 18.44 17.2 22.2 24.19 27.07 27.29 5.1 7.07 55.36 54.71 
16.97 15.62 17.69 16.4 18.44 17.2 16.12 17.2 15.26 16.4 14.42 15.62 58.31 60.3 58.22 60.21 2.0 0.0 11.18 10.44 26.08 24.08 26.02 24.02 59.48 58.94 41.59 41.3 28.86 30.81 61.01 61.07 27.31 26.57 11.4 12.73 21.95 21.02 59.01 61.01 42.43 42.19 15.13 17.12 57.43 59.41 60.0 60.03 21.02 19.03 23.35 23.77 57.94 57.25 17.46 19.42 37.59 39.36 36.06 36.0 20.0 18.87 22.56 24.52 27.0 27.07 5.1 7.07 56.08 55.36 
23.09 22.56 24.04 23.54 25.0 24.52 20.12 21.93 19.7 21.54 19.31 21.19 68.01 70.01 68.0 70.0 10.44 11.18 0.0 2.0 22.47 20.62 22.85 21.02 68.07 67.74 51.04 51.0 38.05 40.05 71.25 71.45 35.51 35.23 17.46 19.42 14.04 14.04 69.12 71.11 52.01 52.01 25.18 27.17 67.03 69.03 70.18 70.35 19.42 17.8 22.8 24.08 65.97 65.51 27.02 29.02 44.92 46.84 46.1 46.27 11.18 11.0 32.0 34.0 37.34 37.66 15.52 17.46 64.03 63.56 
23.77 23.09 24.7 24.04 25.63 25.0 21.1 22.83 20.59 22.36 20.12 21.93 68.07 70.06 68.03 70.03 10.05 10.44 2.0 0.0 24.35 22.47 24.7 22.85 68.45 68.07 51.16 51.04 38.21 40.2 71.11 71.25 35.9 35.51 18.03 19.92 16.03 16.03 69.03 71.03 52.09 52.01 25.02 27.02 67.12 69.12 70.06 70.18 21.1 19.42 24.41 25.61 66.48 65.97 27.02 29.02 45.54 47.43 46.01 46.1 13.15 13.0 32.06 34.06 37.12 37.34 15.13 17.12 64.56 64.03 
19.8 21.26 20.52 21.93 21.26 22.63 15.62 16.97 16.4 17.69 17.2 18.44 63.25 65.15 63.57 65.46 24.08 26.08 22.47 24.35 0.0 2.0 1.0 2.24 59.68 60.02 47.01 47.85 35.51 37.22 68.54 69.35 30.89 31.91 19.24 20.25 11.4 9.9 65.92 67.78 48.33 49.19 29.41 30.61 61.98 63.89 67.23 68.03 5.83 7.62 6.71 8.54 56.22 56.44 29.07 30.41 35.9 37.85 44.94 46.04 14.14 12.81 31.89 33.42 38.95 40.31 25.96 26.57 54.23 54.45 
18.44 19.8 19.21 20.52 20.0 21.26 14.14 15.62 14.87 16.28 15.62 16.97 62.64 64.56 62.94 64.85 22.09 24.08 20.62 22.47 2.0 0.0 2.24 1.0 59.41 59.68 46.24 47.01 34.48 36.24 67.78 68.54 29.97 30.89 17.49 18.6 10.3 8.6 65.19 67.07 47.54 48.33 27.8 29.07 61.4 63.32 66.48 67.23 4.24 5.83 6.08 8.06 56.08 56.22 27.59 29.0 35.51 37.48 43.91 44.94 12.81 11.31 30.61 32.2 37.64 38.95 24.04 24.7 54.08 54.23 
19.1 20.62 19.8 21.26 20.52 21.93 15.0 16.28 15.81 17.03 16.64 17.8 62.3 64.2 62.63 64.51 24.02 26.02 22.85 24.7 1.0 2.24 0.0 2.0 58.69 59.03 46.1 46.96 34.67 36.36 67.62 68.45 30.02 31.06 18.79 19.72 12.21 10.63 65.0 66.85 47.42 48.3 28.84 30.0 61.03 62.94 66.31 67.12 5.39 7.28 5.83 7.62 55.23 55.44 28.43 29.73 34.93 36.88 44.1 45.22 14.87 13.45 31.14 32.65 38.21 39.6 25.71 26.25 53.24 53.46 
17.69 19.1 18.44 19.8 19.21 20.52 13.45 14.87 14.21 15.56 15.0 16.28 61.68 63.6 61.98 63.89 22.02 24.02 21.02 22.85 2.24 1.0 2.0 0.0 58.42 58.69 45.31 46.1 33.62 35.36 66.85 67.62 29.07 30.02 17.0 18.03 11.18 9.43 64.26 66.13 46.62 47.42 27.2 28.43 60.44 62.36 65.55 66.31 3.61 5.39 5.1 7.07 55.08 55.23 26.91 28.28 34.53 36.5 43.05 44.1 13.6 12.04 29.83 31.4 36.88 38.21 23.77 24.35 53.08 53.24 
45.28 45.54 44.28 44.55 43.29 43.57 49.09 47.1 49.16 47.17 49.25 47.27 11.05 11.4 12.04 12.37 58.94 59.48 68.07 68.45 59.68 59.41 58.69 58.42 0.0 2.0 18.87 20.0 30.68 28.79 18.44 20.4 32.56 32.98 50.64 48.66 68.03 66.03 16.12 16.49 18.6 19.85 44.6 42.72 10.0 10.2 17.26 19.24 56.14 56.04 53.34 51.35 5.0 3.61 42.06 40.16 24.02 22.02 25.81 27.02 69.01 67.01 37.0 35.11 34.48 35.51 54.41 52.5 6.4 5.39 
45.1 45.28 44.1 44.28 43.1 43.29 49.01 47.01 49.04 47.04 49.09 47.1 9.06 9.49 10.05 10.44 58.46 58.94 67.74 68.07 60.02 59.68 59.03 58.69 2.0 0.0 17.89 18.87 30.08 28.16 16.49 18.44 32.25 32.56 50.36 48.37 68.12 66.12 14.14 14.56 17.49 18.6 43.97 42.06 8.0 8.25 15.3 17.26 56.32 56.14 53.6 51.62 6.71 5.0 41.48 39.56 24.19 22.2 24.7 25.81 69.01 67.01 36.4 34.48 33.54 34.48 53.85 51.92 7.81 6.4 
29.43 29.15 28.44 28.16 27.46 27.17 33.73 31.78 33.54 31.58 33.38 31.4 17.03 19.03 17.12 19.1 41.3 41.59 51.04 51.16 47.01 46.24 46.1 45.31 18.87 17.89 0.0 2.0 13.0 11.0 21.54 22.36 16.49 16.12 34.06 32.06 53.37 51.42 18.97 20.88 1.41 3.16 26.48 24.52 16.0 18.0 20.25 21.02 42.38 41.76 40.31 38.48 19.1 17.69 24.19 22.2 13.6 12.53 7.07 8.6 53.76 51.79 19.1 17.12 15.65 16.64 36.5 34.53 17.8 16.28 
29.83 29.43 28.86 28.44 27.89 27.46 34.21 32.28 33.96 32.02 33.73 31.78 17.03 19.03 17.0 19.0 41.11 41.3 51.0 51.04 47.85 47.01 46.96 46.1 20.0 18.87 2.0 0.0 13.15 11.18 20.88 21.54 17.09 16.49 34.23 32.25 53.85 51.92 18.44 20.4 1.41 1.41 26.17 24.19 16.12 18.11 19.65 20.25 43.08 42.38 41.15 39.36 20.62 19.1 24.02 22.02 15.26 14.32 5.83 7.07 54.13 52.17 19.0 17.0 14.87 15.65 36.22 34.23 19.42 17.8 
16.76 16.28 15.81 15.3 14.87 14.32 21.19 19.31 20.88 18.97 20.62 18.68 30.02 32.02 30.07 32.06 28.44 28.86 38.05 38.21 35.51 34.48 34.67 33.62 30.68 30.08 13.0 13.15 0.0 2.0 33.96 34.48 5.0 3.61 21.1 19.1 40.8 38.9 31.58 33.54 14.04 14.32 13.93 12.08 29.0 31.0 32.76 33.24 30.41 29.55 28.84 27.2 29.53 28.64 11.4 9.49 12.08 13.04 9.43 10.63 41.0 39.05 6.32 4.47 7.07 9.06 23.77 21.84 27.78 26.83 
18.68 18.25 17.72 17.26 16.76 16.28 23.09 21.19 22.8 20.88 22.56 20.62 28.02 30.02 28.07 30.07 30.41 30.81 40.05 40.2 37.22 36.24 36.36 35.36 28.79 28.16 11.0 11.18 2.0 0.0 32.02 32.57 6.4 5.39 23.09 21.1 42.72 40.8 29.61 31.58 12.04 12.37 15.81 13.93 27.0 29.0 30.81 31.32 32.2 31.38 30.53 28.84 27.78 26.83 13.34 11.4 11.4 12.08 7.81 9.22 42.95 41.0 8.25 6.32 7.62 9.49 25.71 23.77 26.08 25.06 
50.7 50.22 49.73 49.24 48.76 48.27 55.08 53.16 54.82 52.89 54.57 52.63 7.62 7.07 6.71 6.08 61.07 61.01 71.25 71.11 68.54 67.78 67.62 66.85 18.44 16.49 21.54 20.88 33.96 32.02 0.0 2.0 37.95 37.36 54.92 52.95 74.73 72.8 2.83 2.0 20.25 19.65 46.1 44.1 8.94 8.25 1.41 1.41 63.91 63.25 61.85 60.01 23.09 21.19 44.28 42.3 33.84 32.2 25.18 25.02 74.95 73.01 39.46 37.48 34.01 34.01 56.04 54.04 23.77 21.93 
51.24 50.7 50.29 49.73 49.34 48.76 55.66 53.76 55.36 53.45 55.08 53.16 9.49 9.06 8.54 8.06 61.2 61.07 71.45 71.25 69.35 68.54 68.45 67.62 20.4 18.44 22.36 21.54 34.48 32.57 2.0 0.0 38.63 37.95 55.32 53.37 75.29 73.38 4.47 4.0 21.02 20.25 46.27 44.28 10.77 10.2 3.16 1.41 64.62 63.91 62.65 60.84 25.0 23.09 44.55 42.58 35.0 33.42 25.5 25.18 75.43 73.5 39.81 37.85 34.13 34.01 56.14 54.15 25.63 23.77 
13.04 13.04 12.04 12.04 11.05 11.05 17.26 15.3 17.12 15.13 17.03 15.03 33.38 35.36 33.54 35.51 26.57 27.31 35.51 35.9 30.89 29.97 30.02 29.07 32.56 32.25 16.49 17.09 5.0 6.4 37.95 38.63 0.0 2.0 18.11 16.12 36.88 34.93 35.44 37.36 17.72 18.38 13.45 12.04 32.25 34.23 36.69 37.34 26.0 25.3 24.19 22.47 30.68 30.08 10.63 9.22 10.63 12.21 14.21 15.56 37.34 35.36 6.71 6.08 11.18 13.15 22.36 20.59 28.79 28.16 
13.34 13.04 12.37 12.04 11.4 11.05 17.72 15.81 17.46 15.52 17.26 15.3 33.14 35.13 33.24 35.23 25.96 26.57 35.23 35.51 31.91 30.89 31.06 30.02 32.98 32.56 16.12 16.49 3.61 5.39 37.36 37.95 2.0 0.0 18.0 16.0 37.36 35.44 34.93 36.88 17.26 17.72 12.21 10.63 32.06 34.06 36.14 36.69 26.83 26.0 25.24 23.6 31.38 30.68 9.43 7.81 12.04 13.45 13.04 14.21 37.66 35.69 5.0 4.12 9.22 11.18 21.54 19.7 29.55 28.79 
5.83 5.1 6.71 6.08 7.62 7.07 5.1 5.83 4.12 5.0 3.16 4.24 51.09 53.08 51.16 53.15 9.9 11.4 17.46 18.03 19.24 17.49 18.79 17.0 50.64 50.36 34.06 34.23 21.1 23.09 54.92 55.32 18.11 18.0 0.0 2.0 20.59 18.87 52.61 54.59 35.13 35.36 10.63 12.21 50.04 52.04 53.76 54.13 13.42 11.66 14.32 14.04 48.51 48.05 11.18 13.0 27.51 29.41 29.83 30.36 20.25 18.38 15.52 17.46 21.93 22.83 8.25 8.0 46.57 46.1 
4.24 3.16 5.0 4.12 5.83 5.1 5.1 5.1 4.12 4.12 3.16 3.16 49.09 51.09 49.16 51.16 11.4 12.73 19.42 19.92 20.25 18.6 19.72 18.03 48.66 48.37 32.06 32.25 19.1 21.1 52.95 53.37 16.12 16.0 2.0 0.0 22.36 20.59 50.64 52.61 33.14 33.38 9.22 10.63 48.04 50.04 51.79 52.17 14.42 12.81 14.87 14.32 46.57 46.1 9.43 11.18 25.63 27.51 27.89 28.46 22.14 20.25 13.6 15.52 20.12 21.1 8.94 8.25 44.64 44.15 
24.04 24.7 25.0 25.63 25.96 26.57 19.65 21.59 19.92 21.84 20.25 22.14 70.21 72.18 70.41 72.37 20.25 21.95 14.04 16.03 11.4 10.3 12.21 11.18 68.03 68.12 53.37 53.85 40.8 42.72 74.73 75.29 36.88 37.36 20.59 22.36 0.0 2.0 72.28 74.22 54.57 55.08 31.06 32.76 69.05 71.02 73.5 74.04 12.17 12.0 15.52 17.46 65.03 65.0 31.76 33.54 44.01 46.01 49.98 50.7 3.16 3.16 35.85 37.7 42.49 43.42 24.08 25.46 63.03 63.0 
22.14 22.85 23.09 23.77 24.04 24.7 17.72 19.65 18.03 19.92 18.38 20.25 68.25 70.21 68.45 70.41 19.24 21.02 14.04 16.03 9.9 8.6 10.63 9.43 66.03 66.12 51.42 51.92 38.9 40.8 72.8 73.38 34.93 35.44 18.87 20.59 2.0 0.0 70.34 72.28 52.63 53.16 29.41 31.06 67.08 69.05 71.57 72.12 10.2 10.0 13.6 15.52 63.03 63.0 30.02 31.76 42.01 44.01 48.1 48.85 4.24 3.16 34.01 35.85 40.71 41.68 22.8 24.08 61.03 61.0 
48.27 47.85 47.3 46.87 46.32 45.89 52.63 50.7 52.39 50.45 52.17 50.22 5.1 5.1 4.12 4.12 59.01 59.01 69.12 69.03 65.92 65.19 65.0 64.26 16.12 14.14 18.97 18.44 31.58 29.61 2.83 4.47 35.44 34.93 52.61 50.64 72.28 70.34 0.0 2.0 17.72 17.26 44.01 42.01 6.32 6.0 1.41 3.16 61.35 60.73 59.24 57.38 20.62 18.68 42.11 40.11 31.06 29.41 23.02 23.02 72.57 70.61 37.22 35.23 32.02 32.14 54.0 52.0 21.19 19.31 
50.22 49.82 49.24 48.84 48.27 47.85 54.57 52.63 54.34 52.39 54.13 52.17 5.83 5.1 5.0 4.12 61.01 61.01 71.11 71.03 67.78 67.07 66.85 66.13 16.49 14.56 20.88 20.4 33.54 31.58 2.0 4.0 37.36 36.88 54.59 52.61 74.22 72.28 2.0 0.0 19.65 19.24 46.01 44.01 7.21 6.32 1.41 3.16 63.25 62.64 61.1 59.24 21.19 19.31 44.1 42.11 32.76 31.06 25.02 25.02 74.53 72.57 39.2 37.22 34.01 34.13 56.0 54.0 21.93 20.12 
30.59 30.27 29.61 29.27 28.64 28.28 34.93 32.98 34.71 32.76 34.53 32.56 16.0 18.0 16.03 18.03 42.19 42.43 52.01 52.09 48.33 47.54 47.42 46.62 18.6 17.49 1.41 1.41 14.04 12.04 20.25 21.02 17.72 17.26 35.13 33.14 54.57 52.63 17.72 19.65 0.0 2.0 27.29 25.32 15.03 17.03 18.97 19.7 43.66 43.01 41.63 39.81 19.21 17.69 25.08 23.09 15.0 13.89 7.21 8.49 54.92 52.95 20.02 18.03 16.16 17.0 37.34 35.36 18.03 16.4 
31.05 30.59 30.08 29.61 29.12 28.64 35.44 33.53 35.17 33.24 34.93 32.98 16.12 18.11 16.03 18.03 42.05 42.19 52.01 52.01 49.19 48.33 48.3 47.42 19.85 18.6 3.16 1.41 14.32 12.37 19.65 20.25 18.38 17.72 35.36 33.38 55.08 53.16 17.26 19.24 2.0 0.0 27.07 25.08 15.3 17.26 18.44 18.97 44.38 43.66 42.49 40.71 20.81 19.21 25.0 23.0 16.64 15.65 6.32 7.21 55.32 53.37 20.02 18.03 15.52 16.16 37.12 35.13 19.72 18.03 
10.44 8.54 10.2 8.25 10.05 8.06 13.89 13.0 13.04 12.08 12.21 11.18 43.19 45.18 43.1 45.1 15.0 15.13 25.18 25.02 29.41 27.8 28.84 27.2 44.6 43.97 26.48 26.17 13.93 15.81 46.1 46.27 13.45 12.21 10.63 9.22 31.06 29.41 44.01 46.01 27.29 27.07 0.0 2.0 42.3 44.28 45.04 45.18 23.6 22.02 23.71 22.85 43.38 42.54 2.83 4.47 24.08 25.61 21.0 21.1 30.41 28.65 7.62 9.49 12.17 12.65 10.05 8.06 41.59 40.72 
11.18 9.43 10.77 8.94 10.44 8.54 15.0 13.89 14.21 13.04 13.45 12.21 41.19 43.19 41.11 43.1 17.0 17.12 27.17 27.02 30.61 29.07 30.0 28.43 42.72 42.06 24.52 24.19 12.08 13.93 44.1 44.28 12.04 10.63 12.21 10.63 32.76 31.06 42.01 44.01 25.32 25.08 2.0 0.0 40.31 42.3 43.05 43.19 24.84 23.35 24.7 23.71 41.59 40.72 2.0 2.83 22.63 24.08 19.0 19.1 32.2 30.41 5.83 7.62 10.2 10.77 12.04 10.05 39.82 38.91 
45.28 45.1 44.28 44.1 43.29 43.1 49.5 47.52 49.37 47.38 49.25 47.27 1.41 3.16 2.24 3.61 57.22 57.43 67.03 67.12 61.98 61.4 61.03 60.44 10.0 8.0 16.0 16.12 29.0 27.0 8.94 10.77 32.25 32.06 50.04 48.04 69.05 67.08 6.32 7.21 15.03 15.3 42.3 40.31 0.0 2.0 7.62 9.49 57.72 57.27 55.36 53.45 14.32 12.37 40.11 38.12 26.4 24.6 21.59 22.14 69.58 67.6 35.06 33.06 30.81 31.32 52.35 50.36 14.87 13.0 
47.27 47.1 46.27 46.1 45.28 45.1 51.48 49.5 51.35 49.37 51.24 49.25 1.41 1.41 2.24 2.24 59.21 59.41 69.03 69.12 63.89 63.32 62.94 62.36 10.2 8.25 18.0 18.11 31.0 29.0 8.25 10.2 34.23 34.06 52.04 50.04 71.02 69.05 6.0 6.32 17.03 17.26 44.28 42.3 2.0 0.0 7.07 9.06 59.67 59.23 57.28 55.36 14.87 13.0 42.11 40.11 28.23 26.4 23.54 24.04 71.57 69.58 37.05 35.06 32.76 33.24 54.33 52.35 15.65 13.89 
49.48 49.03 48.51 48.05 47.54 47.07 53.85 51.92 53.6 51.66 53.37 51.42 6.32 6.0 5.39 5.0 60.03 60.0 70.18 70.06 67.23 66.48 66.31 65.55 17.26 15.3 20.25 19.65 32.76 30.81 1.41 3.16 36.69 36.14 53.76 51.79 73.5 71.57 1.41 1.41 18.97 18.44 45.04 43.05 7.62 7.07 0.0 2.0 62.63 61.98 60.54 58.69 21.84 19.92 43.19 41.19 32.45 30.81 24.08 24.0 73.76 71.81 38.33 36.35 33.0 33.06 55.01 53.01 22.47 20.62 
50.0 49.48 49.04 48.51 48.08 47.54 54.41 52.5 54.12 52.2 53.85 51.92 8.25 8.0 7.28 7.0 60.13 60.03 70.35 70.18 68.03 67.23 67.12 66.31 19.24 17.26 21.02 20.25 33.24 31.32 1.41 1.41 37.34 36.69 54.13 52.17 74.04 72.12 3.16 3.16 19.7 18.97 45.18 43.19 9.49 9.06 2.0 0.0 63.32 62.63 61.33 59.51 23.77 21.84 43.42 41.44 33.6 32.02 24.33 24.08 74.22 72.28 38.64 36.67 33.06 33.0 55.08 53.08 24.35 22.47 
14.21 15.56 15.0 16.28 15.81 17.03 9.9 11.4 10.63 12.04 11.4 12.73 58.94 60.88 59.2 61.13 19.03 21.02 19.42 21.1 5.83 4.24 5.39 3.61 56.14 56.32 42.38 43.08 30.41 32.2 63.91 64.62 26.0 26.83 13.42 14.42 12.17 10.2 61.35 63.25 43.66 44.38 23.6 24.84 57.72 59.67 62.63 63.32 0.0 2.0 3.61 5.39 53.0 53.04 23.35 24.76 32.14 34.13 39.82 40.82 13.93 12.08 26.4 28.02 33.42 34.71 20.4 20.88 51.0 51.04 
13.04 14.21 13.89 15.0 14.76 15.81 8.6 10.3 9.22 10.82 9.9 11.4 58.46 60.42 58.69 60.64 17.03 19.03 17.8 19.42 7.62 5.83 7.28 5.39 56.04 56.14 41.76 42.38 29.55 31.38 63.25 63.91 25.3 26.0 11.66 12.81 12.0 10.0 60.73 62.64 43.01 43.66 22.02 23.35 57.27 59.23 61.98 62.63 2.0 0.0 5.0 6.4 53.04 53.0 21.93 23.43 32.02 34.01 38.91 39.82 13.34 11.4 25.24 26.93 32.2 33.42 18.44 18.97 51.04 51.0 
13.6 15.26 14.21 15.81 14.87 16.4 9.85 10.82 10.77 11.66 11.7 12.53 56.61 58.52 56.92 58.82 21.38 23.35 22.8 24.41 6.71 6.08 5.83 5.1 53.34 53.6 40.31 41.15 28.84 30.53 61.85 62.65 24.19 25.24 14.32 14.87 15.52 13.6 59.24 61.1 41.63 42.49 23.71 24.7 55.36 57.28 60.54 61.33 3.61 5.0 0.0 2.0 50.04 50.16 23.02 24.21 29.43 31.4 38.28 39.41 17.46 15.65 25.46 26.91 32.53 33.97 22.02 22.2 48.04 48.17 
12.53 14.32 13.04 14.76 13.6 15.26 9.22 9.85 10.2 10.77 11.18 11.7 54.71 56.61 55.03 56.92 21.84 23.77 24.08 25.61 8.54 8.06 7.62 7.07 51.35 51.62 38.48 39.36 27.2 28.84 60.01 60.84 22.47 23.6 14.04 14.32 17.46 15.52 57.38 59.24 39.81 40.71 22.85 23.71 53.45 55.36 58.69 59.51 5.39 6.4 2.0 0.0 48.04 48.17 21.95 23.02 27.46 29.43 36.62 37.8 19.31 17.46 24.08 25.46 31.14 32.65 22.02 22.02 46.04 46.17 
42.95 43.42 41.98 42.45 41.0 41.48 46.53 44.55 46.69 44.72 46.87 44.91 15.52 16.16 16.49 17.09 57.25 57.94 65.97 66.48 56.22 56.08 55.23 55.08 5.0 6.71 19.1 20.62 29.53 27.78 23.09 25.0 30.68 31.38 48.51 46.57 65.03 63.03 20.62 21.19 19.21 20.81 43.38 41.59 14.32 14.87 21.84 23.77 53.0 53.04 50.04 48.04 0.0 2.0 40.72 38.91 21.21 19.24 26.17 27.66 66.19 64.2 35.78 34.0 34.21 35.47 52.92 51.08 2.0 2.83 
42.58 42.95 41.59 41.98 40.61 41.0 46.27 44.28 46.39 44.41 46.53 44.55 13.6 14.32 14.56 15.23 56.61 57.25 65.51 65.97 56.44 56.22 55.44 55.23 3.61 5.0 17.69 19.1 28.64 26.83 21.19 23.09 30.08 30.68 48.05 46.1 65.0 63.0 18.68 19.31 17.69 19.21 42.54 40.72 12.37 13.0 19.92 21.84 53.04 53.0 50.16 48.17 2.0 0.0 39.92 38.08 21.02 19.03 24.76 26.17 66.07 64.07 34.93 33.11 33.02 34.21 52.2 50.33 2.83 2.0 
9.43 7.81 8.94 7.21 8.54 6.71 13.45 12.21 12.73 11.4 12.04 10.63 41.05 43.05 41.01 43.01 17.12 17.46 27.02 27.02 29.07 27.59 28.43 26.91 42.06 41.48 24.19 24.02 11.4 13.34 44.28 44.55 10.63 9.43 11.18 9.43 31.76 30.02 42.11 44.1 25.08 25.0 2.83 2.0 40.11 42.11 43.19 43.42 23.35 21.93 23.02 21.95 40.72 39.92 0.0 2.0 21.26 22.8 19.1 19.42 31.38 29.55 5.1 7.07 10.77 11.66 12.37 10.44 38.91 38.08 
10.63 9.22 10.0 8.49 9.43 7.81 14.87 13.45 14.21 12.73 13.6 12.04 39.05 41.05 39.01 41.01 19.1 19.42 29.02 29.02 30.41 29.0 29.73 28.28 40.16 39.56 22.2 22.02 9.49 11.4 42.3 42.58 9.22 7.81 13.0 11.18 33.54 31.76 40.11 42.11 23.09 23.0 4.47 2.83 38.12 40.11 41.19 41.44 24.76 23.43 24.21 23.02 38.91 38.08 2.0 0.0 19.8 21.26 17.12 17.46 33.24 31.38 3.16 5.1 8.94 10.0 14.32 12.37 37.12 36.25 
21.84 22.47 20.88 21.54 19.92 20.62 25.32 23.35 25.5 23.54 25.71 23.77 27.73 29.55 28.18 29.97 36.67 37.59 44.92 45.54 35.9 35.51 34.93 34.53 24.02 24.19 13.6 15.26 12.08 11.4 33.84 35.0 10.63 12.04 27.51 25.63 44.01 42.01 31.06 32.76 15.0 16.64 24.08 22.63 26.4 28.23 32.45 33.6 32.14 32.02 29.43 27.46 21.21 21.02 21.26 19.8 0.0 2.0 16.28 18.25 45.04 43.05 17.03 15.81 18.97 20.88 32.76 31.06 19.24 19.03 
23.77 24.35 22.8 23.41 21.84 22.47 27.29 25.32 27.46 25.5 27.66 25.71 25.94 27.73 26.42 28.18 38.48 39.36 46.84 47.43 37.85 37.48 36.88 36.5 22.02 22.2 12.53 14.32 13.04 12.08 32.2 33.42 12.21 13.45 29.41 27.51 46.01 44.01 29.41 31.06 13.89 15.65 25.61 24.08 24.6 26.4 30.81 32.02 34.13 34.01 31.4 29.43 19.24 19.03 22.8 21.26 2.0 0.0 16.03 18.03 47.04 45.04 18.38 17.03 19.7 21.54 34.48 32.76 17.26 17.03 
26.0 25.3 25.08 24.35 24.17 23.41 30.46 28.64 30.08 28.23 29.73 27.86 22.36 24.33 22.2 24.19 36.0 36.06 46.1 46.01 44.94 43.91 44.1 43.05 25.81 24.7 7.07 5.83 9.43 7.81 25.18 25.5 14.21 13.04 29.83 27.89 49.98 48.1 23.02 25.02 7.21 6.32 21.0 19.0 21.59 23.54 24.08 24.33 39.82 38.91 38.28 36.62 26.17 24.76 19.1 17.12 16.28 16.03 0.0 2.0 50.0 48.08 14.32 12.37 9.22 9.85 31.02 29.02 24.84 23.35 
26.83 26.0 25.94 25.08 25.06 24.17 31.3 29.53 30.87 29.07 30.46 28.64 22.8 24.74 22.56 24.52 36.06 36.0 46.27 46.1 46.04 44.94 45.22 44.1 27.02 25.81 8.6 7.07 10.63 9.22 25.02 25.18 15.56 14.21 30.36 28.46 50.7 48.85 23.02 25.02 8.49 7.21 21.1 19.1 22.14 24.04 24.0 24.08 40.82 39.82 39.41 37.8 27.66 26.17 19.42 17.46 18.25 18.03 2.0 0.0 50.6 48.7 14.87 13.0 9.0 9.22 31.02 29.02 26.4 24.84 
24.33 24.74 25.32 25.71 26.31 26.68 20.1 22.09 20.22 22.2 20.4 22.36 70.71 72.69 70.86 72.84 18.44 20.0 11.18 13.15 14.14 12.81 14.87 13.6 69.01 69.01 53.76 54.13 41.0 42.95 74.95 75.43 37.34 37.66 20.25 22.14 3.16 4.24 72.57 74.53 54.92 55.32 30.41 32.2 69.58 71.57 73.76 74.22 13.93 13.34 17.46 19.31 66.19 66.07 31.38 33.24 45.04 47.04 50.0 50.6 0.0 2.0 35.74 37.64 42.15 42.95 22.67 24.21 64.2 64.07 
22.36 22.8 23.35 23.77 24.33 24.74 18.11 20.1 18.25 20.22 18.44 20.4 68.73 70.71 68.88 70.86 17.2 18.87 11.0 13.0 12.81 11.31 13.45 12.04 67.01 67.01 51.79 52.17 39.05 41.0 73.01 73.5 35.36 35.69 18.38 20.25 3.16 3.16 70.61 72.57 52.95 53.37 28.65 30.41 67.6 69.58 71.81 72.28 12.08 11.4 15.65 17.46 64.2 64.07 29.55 31.38 43.05 45.04 48.08 48.7 2.0 0.0 33.84 35.74 40.31 41.15 21.21 22.67 62.2 62.07 
12.21 11.18 11.4 10.3 10.63 9.43 16.64 15.0 16.12 14.42 15.65 13.89 36.01 38.01 36.0 38.0 22.2 22.56 32.0 32.06 31.89 30.61 31.14 29.83 37.0 36.4 19.1 19.0 6.32 8.25 39.46 39.81 6.71 5.0 15.52 13.6 35.85 34.01 37.22 39.2 20.02 20.02 7.62 5.83 35.06 37.05 38.33 38.64 26.4 25.24 25.46 24.08 35.78 34.93 5.1 3.16 17.03 18.38 14.32 14.87 35.74 33.84 0.0 2.0 7.07 8.6 17.46 15.52 34.0 33.11 
13.89 13.0 13.04 12.08 12.21 11.18 18.36 16.64 17.89 16.12 17.46 15.65 34.01 36.01 34.0 36.0 24.19 24.52 34.0 34.06 33.42 32.2 32.65 31.4 35.11 34.48 17.12 17.0 4.47 6.32 37.48 37.85 6.08 4.12 17.46 15.52 37.7 35.85 35.23 37.22 18.03 18.03 9.49 7.62 33.06 35.06 36.35 36.67 28.02 26.93 26.91 25.46 34.0 33.11 7.07 5.1 15.81 17.03 12.37 13.0 37.64 35.74 2.0 0.0 5.83 7.62 19.42 17.46 32.25 31.3 
19.21 18.03 18.44 17.2 17.69 16.4 23.6 22.02 23.02 21.4 22.47 20.81 31.58 33.54 31.4 33.38 27.07 27.0 37.34 37.12 38.95 37.64 38.21 36.88 34.48 33.54 15.65 14.87 7.07 7.62 34.01 34.13 11.18 9.22 21.93 20.12 42.49 40.71 32.02 34.01 16.16 15.52 12.17 10.2 30.81 32.76 33.0 33.06 33.42 32.2 32.53 31.14 34.21 33.02 10.77 8.94 18.97 19.7 9.22 9.0 42.15 40.31 7.07 5.83 0.0 2.0 22.02 20.02 32.65 31.4 
20.52 19.21 19.8 18.44 19.1 17.69 24.84 23.35 24.21 22.67 23.6 22.02 32.02 33.96 31.78 33.73 27.29 27.07 37.66 37.34 40.31 38.95 39.6 38.21 35.51 34.48 16.64 15.65 9.06 9.49 34.01 34.01 13.15 11.18 22.83 21.1 43.42 41.68 32.14 34.13 17.0 16.16 12.65 10.77 31.32 33.24 33.06 33.0 34.71 33.42 33.97 32.65 35.47 34.21 11.66 10.0 20.88 21.54 9.85 9.22 42.95 41.15 8.6 7.62 2.0 0.0 22.2 20.22 33.97 32.65 
13.04 11.4 13.6 12.04 14.21 12.73 13.34 13.93 12.37 13.0 11.4 12.08 53.24 55.23 53.15 55.15 5.1 5.1 15.52 15.13 25.96 24.04 25.71 23.77 54.41 53.85 36.5 36.22 23.77 25.71 56.04 56.14 22.36 21.54 8.25 8.94 24.08 22.8 54.0 56.0 37.34 37.12 10.05 12.04 52.35 54.33 55.01 55.08 20.4 18.44 22.02 22.02 52.92 52.2 12.37 14.32 32.76 34.48 31.02 31.02 22.67 21.21 17.46 19.42 22.02 22.2 0.0 2.0 51.08 50.33 
12.08 10.3 12.53 10.82 13.04 11.4 13.04 13.34 12.04 12.37 11.05 11.4 51.24 53.24 51.16 53.15 7.07 7.07 17.46 17.12 26.57 24.7 26.25 24.35 52.5 51.92 34.53 34.23 21.84 23.77 54.04 54.15 20.59 19.7 8.0 8.25 25.46 24.08 52.0 54.0 35.36 35.13 8.06 10.05 50.36 52.35 53.01 53.08 20.88 18.97 22.2 22.02 51.08 50.33 10.44 12.37 31.06 32.76 29.02 29.02 24.21 22.67 15.52 17.46 20.02 20.22 2.0 0.0 49.24 48.47 
41.0 41.48 40.02 40.52 39.05 39.56 44.55 42.58 44.72 42.76 44.91 42.95 16.16 17.0 17.09 17.89 55.36 56.08 64.03 64.56 54.23 54.08 53.24 53.08 6.4 7.81 17.8 19.42 27.78 26.08 23.77 25.63 28.79 29.55 46.57 44.64 63.03 61.03 21.19 21.93 18.03 19.72 41.59 39.82 14.87 15.65 22.47 24.35 51.0 51.04 48.04 46.04 2.0 2.83 38.91 37.12 19.24 17.26 24.84 26.4 64.2 62.2 34.0 32.25 32.65 33.97 51.08 49.24 0.0 2.0 
40.61 41.0 39.62 40.02 38.64 39.05 44.28 42.3 44.41 42.43 44.55 42.58 14.32 15.26 15.23 16.12 54.71 55.36 63.56 64.03 54.45 54.23 53.46 53.24 5.39 6.4 16.28 17.8 26.83 25.06 21.93 23.77 28.16 28.79 46.1 44.15 63.0 61.0 19.31 20.12 16.4 18.03 40.72 38.91 13.0 13.89 20.62 22.47 51.04 51.0 48.17 46.17 2.83 2.0 38.08 36.25 19.03 17.03 23.35 24.84 64.07 62.07 33.11 31.3 31.4 32.65 50.33 48.47 2.0 0.0 
