55
0.0 2.0 1.0 2.24 2.0 2.83 3.0 3.61 4.0 4.47 5.0 5.39 28.07 30.07 28.02 30.02 28.0 30.0 28.02 30.02 28.07 30.07 15.13 15.52 14.14 14.56 13.15 13.6 12.17 12.65 11.18 11.7 37.95 36.06 23.35 21.38 55.47 53.71 30.41 28.44 59.62 60.42 64.51 62.63 40.31 38.33 29.53 27.78 19.03 19.24 42.19 40.2 59.21 57.22 24.0 
2.0 0.0 2.24 1.0 2.83 2.0 3.61 3.0 4.47 4.0 5.39 5.0 26.08 28.07 26.02 28.02 26.0 28.0 26.02 28.02 26.08 28.07 15.0 15.13 14.0 14.14 13.0 13.15 12.0 12.17 11.0 11.18 37.36 35.44 23.09 21.1 54.56 52.77 30.15 28.16 58.87 59.62 63.89 61.98 40.11 38.12 28.64 26.83 19.03 19.03 42.43 40.45 59.41 57.43 24.08 
1.0 2.24 0.0 2.0 1.0 2.24 2.0 2.83 3.0 3.61 4.0 4.47 28.16 30.15 28.07 30.07 28.02 30.02 28.0 30.0 28.02 30.02 16.12 16.49 15.13 15.52 14.14 14.56 13.15 13.6 12.17 12.65 38.9 37.0 24.33 22.36 56.36 54.59 31.4 29.43 60.54 61.33 65.46 63.57 41.3 39.32 30.41 28.65 20.02 20.22 43.19 41.19 60.21 58.22 25.0 
2.24 1.0 2.0 0.0 2.24 1.0 2.83 2.0 3.61 3.0 4.47 4.0 26.17 28.16 26.08 28.07 26.02 28.02 26.0 28.0 26.02 28.02 16.0 16.12 15.0 15.13 14.0 14.14 13.0 13.15 12.0 12.17 38.33 36.4 24.08 22.09 55.46 53.67 31.14 29.15 59.81 60.54 64.85 62.94 41.11 39.12 29.55 27.73 20.02 20.02 43.42 41.44 60.41 58.42 25.08 
2.0 2.83 1.0 2.24 0.0 2.0 1.0 2.24 2.0 2.83 3.0 3.61 28.28 30.27 28.16 30.15 28.07 30.07 28.02 30.02 28.0 30.0 17.12 17.46 16.12 16.49 15.13 15.52 14.14 14.56 13.15 13.6 39.85 37.95 25.32 23.35 57.25 55.47 32.39 30.41 61.47 62.24 66.41 64.51 42.3 40.31 31.3 29.53 21.02 21.21 44.18 42.19 61.2 59.21 26.0 
2.83 2.0 2.24 1.0 2.0 0.0 2.24 1.0 2.83 2.0 3.61 3.0 26.31 28.28 26.17 28.16 26.08 28.07 26.02 28.02 26.0 28.0 17.0 17.12 16.0 16.12 15.0 15.13 14.0 14.14 13.0 13.15 39.29 37.36 25.08 23.09 56.36 54.56 32.14 30.15 60.75 61.47 65.8 63.89 42.11 40.11 30.46 28.64 21.02 21.02 44.41 42.43 61.4 59.41 26.08 
3.0 3.61 2.0 2.83 1.0 2.24 0.0 2.0 1.0 2.24 2.0 2.83 28.44 30.41 28.28 30.27 28.16 30.15 28.07 30.07 28.02 30.02 18.11 18.44 17.12 17.46 16.12 16.49 15.13 15.52 14.14 14.56 40.8 38.9 26.31 24.33 58.14 56.36 33.38 31.4 62.39 63.16 67.36 65.46 43.29 41.3 32.2 30.41 22.02 22.2 45.18 43.19 62.2 60.21 27.0 
3.61 3.0 2.83 2.0 2.24 1.0 2.0 0.0 2.24 1.0 2.83 2.0 26.48 28.44 26.31 28.28 26.17 28.16 26.08 28.07 26.02 28.02 18.0 18.11 17.0 17.12 16.0 16.12 15.0 15.13 14.0 14.14 40.26 38.33 26.08 24.08 57.27 55.46 33.14 31.14 61.68 62.39 66.76 64.85 43.1 41.11 31.38 29.55 22.02 22.02 45.4 43.42 62.39 60.41 27.07 
4.0 4.47 3.0 3.61 2.0 2.83 1.0 2.24 0.0 2.0 1.0 2.24 28.64 30.59 28.44 30.41 28.28 30.27 28.16 30.15 28.07 30.07 19.1 19.42 18.11 18.44 17.12 17.46 16.12 16.49 15.13 15.52 41.76 39.85 27.29 25.32 59.03 57.25 34.37 32.39 63.32 64.08 68.31 66.41 44.28 42.3 33.11 31.3 23.02 23.19 46.17 44.18 63.2 61.2 28.0 
4.47 4.0 3.61 3.0 2.83 2.0 2.24 1.0 2.0 0.0 2.24 1.0 26.68 28.64 26.48 28.44 26.31 28.28 26.17 28.16 26.08 28.07 19.0 19.1 18.0 18.11 17.0 17.12 16.0 16.12 15.0 15.13 41.23 39.29 27.07 25.08 58.18 56.36 34.13 32.14 62.63 63.32 67.72 65.8 44.1 42.11 32.31 30.46 23.02 23.02 46.39 44.41 63.39 61.4 28.07 
5.0 5.39 4.0 4.47 3.0 3.61 2.0 2.83 1.0 2.24 0.0 2.0 28.86 30.81 28.64 30.59 28.44 30.41 28.28 30.27 28.16 30.15 20.1 20.4 19.1 19.42 18.11 18.44 17.12 17.46 16.12 16.49 42.72 40.8 28.28 26.31 59.93 58.14 35.36 33.38 64.26 65.0 69.26 67.36 45.28 43.29 34.01 32.2 24.02 24.19 47.17 45.18 64.2 62.2 29.0 
5.39 5.0 4.47 4.0 3.61 3.0 2.83 2.0 2.24 1.0 2.0 0.0 26.93 28.86 26.68 28.64 26.48 28.44 26.31 28.28 26.17 28.16 20.0 20.1 19.0 19.1 18.0 18.11 17.0 17.12 16.0 16.12 42.2 40.26 28.07 26.08 59.09 57.27 35.13 33.14 63.57 64.26 68.68 66.76 45.1 43.1 33.24 31.38 24.02 24.02 47.38 45.4 64.38 62.39 29.07 
28.07 26.08 28.16 26.17 28.28 26.31 28.44 26.48 28.64 26.68 28.86 26.93 0.0 2.0 1.0 2.24 2.0 2.83 3.0 3.61 4.0 4.47 29.07 27.29 28.64 26.83 28.23 26.4 27.86 26.0 27.51 25.63 37.58 35.78 31.89 30.61 47.04 45.04 36.24 34.71 53.24 53.08 59.41 57.43 44.42 42.72 27.78 26.08 31.91 30.23 51.22 49.68 65.86 64.14 35.61 
30.07 28.07 30.15 28.16 30.27 28.28 30.41 28.44 30.59 28.64 30.81 28.86 2.0 0.0 2.24 1.0 2.83 2.0 3.61 3.0 4.47 4.0 30.87 29.07 30.46 28.64 30.08 28.23 29.73 27.86 29.41 27.51 38.47 36.72 33.42 32.2 47.17 45.18 37.54 36.07 53.46 53.24 59.68 57.71 45.49 43.83 28.84 27.2 33.62 31.91 52.5 50.99 66.89 65.19 37.2 
28.02 26.02 28.07 26.08 28.16 26.17 28.28 26.31 28.44 26.48 28.64 26.68 1.0 2.24 0.0 2.0 1.0 2.24 2.0 2.83 3.0 3.61 29.53 27.78 29.07 27.29 28.64 26.83 28.23 26.4 27.86 26.0 38.48 36.67 32.56 31.24 48.04 46.04 37.01 35.47 54.23 54.08 60.41 58.42 45.28 43.57 28.65 26.93 32.45 30.81 52.01 50.45 66.73 65.0 36.24 
30.02 28.02 30.07 28.07 30.15 28.16 30.27 28.28 30.41 28.44 30.59 28.64 2.24 1.0 2.0 0.0 2.24 1.0 2.83 2.0 3.61 3.0 31.3 29.53 30.87 29.07 30.46 28.64 30.08 28.23 29.73 27.86 39.36 37.59 34.06 32.8 48.17 46.17 38.29 36.8 54.45 54.23 60.67 58.69 46.32 44.65 29.68 28.02 34.13 32.45 53.26 51.74 67.74 66.04 37.8 
28.0 26.0 28.02 26.02 28.07 26.08 28.16 26.17 28.28 26.31 28.44 26.48 2.0 2.83 1.0 2.24 0.0 2.0 1.0 2.24 2.0 2.83 30.02 28.3 29.53 27.78 29.07 27.29 28.64 26.83 28.23 26.4 39.4 37.58 33.24 31.89 49.04 47.04 37.8 36.24 55.23 55.08 61.4 59.41 46.14 44.42 29.53 27.78 33.02 31.4 52.8 51.22 67.6 65.86 36.88 
30.0 28.0 30.02 28.02 30.07 28.07 30.15 28.16 30.27 28.28 30.41 28.44 2.83 2.0 2.24 1.0 2.0 0.0 2.24 1.0 2.83 2.0 31.76 30.02 31.3 29.53 30.87 29.07 30.46 28.64 30.08 28.23 40.25 38.47 34.71 33.42 49.16 47.17 39.05 37.54 55.44 55.23 61.66 59.68 47.17 45.49 30.53 28.84 34.67 33.02 54.04 52.5 68.6 66.89 38.42 
28.02 26.02 28.0 26.0 28.02 26.02 28.07 26.08 28.16 26.17 28.28 26.31 3.0 3.61 2.0 2.83 1.0 2.24 0.0 2.0 1.0 2.24 30.53 28.84 30.02 28.3 29.53 27.78 29.07 27.29 28.64 26.83 40.31 38.48 33.94 32.56 50.04 48.04 38.6 37.01 56.22 56.08 62.39 60.41 47.01 45.28 30.41 28.65 33.6 32.02 53.6 52.01 68.48 66.73 37.54 
30.02 28.02 30.0 28.0 30.02 28.02 30.07 28.07 30.15 28.16 30.27 28.28 3.61 3.0 2.83 2.0 2.24 1.0 2.0 0.0 2.24 1.0 32.25 30.53 31.76 30.02 31.3 29.53 30.87 29.07 30.46 28.64 41.15 39.36 35.38 34.06 50.16 48.17 39.82 38.29 56.44 56.22 62.65 60.67 48.02 46.32 31.38 29.68 35.23 33.6 54.82 53.26 69.46 67.74 39.05 
28.07 26.08 28.02 26.02 28.0 26.0 28.02 26.02 28.07 26.08 28.16 26.17 4.0 4.47 3.0 3.61 2.0 2.83 1.0 2.24 0.0 2.0 31.06 29.41 30.53 28.84 30.02 28.3 29.53 27.78 29.07 27.29 41.23 39.4 34.66 33.24 51.04 49.04 39.41 37.8 57.22 57.08 63.39 61.4 47.89 46.14 31.3 29.53 34.21 32.65 54.41 52.8 69.35 67.6 38.21 
30.07 28.07 30.02 28.02 30.0 28.0 30.02 28.02 30.07 28.07 30.15 28.16 4.47 4.0 3.61 3.0 2.83 2.0 2.24 1.0 2.0 0.0 32.76 31.06 32.25 30.53 31.76 30.02 31.3 29.53 30.87 29.07 42.05 40.25 36.07 34.71 51.16 49.16 40.61 39.05 57.43 57.22 63.64 61.66 48.88 47.17 32.25 30.53 35.81 34.21 55.61 54.04 70.33 68.6 39.7 
15.13 15.0 16.12 16.0 17.12 17.0 18.11 18.0 19.1 19.0 20.1 20.0 29.07 30.87 29.53 31.3 30.02 31.76 30.53 32.25 31.06 32.76 0.0 2.0 1.0 2.24 2.0 2.83 3.0 3.61 4.0 4.47 23.26 21.47 8.25 6.32 41.62 40.0 15.3 13.34 45.18 46.14 49.77 47.93 25.18 23.19 16.28 15.0 4.12 4.12 27.66 25.71 44.55 42.58 9.22 
15.52 15.13 16.49 16.12 17.46 17.12 18.44 18.11 19.42 19.1 20.4 20.1 27.29 29.07 27.78 29.53 28.3 30.02 28.84 30.53 29.41 31.06 2.0 0.0 2.24 1.0 2.83 2.0 3.61 3.0 4.47 4.0 22.47 20.62 8.0 6.0 40.5 38.83 15.03 13.04 44.28 45.18 49.04 47.17 25.02 23.02 14.87 13.45 5.0 4.12 28.16 26.25 44.91 42.95 9.85 
14.14 14.0 15.13 15.0 16.12 16.0 17.12 17.0 18.11 18.0 19.1 19.0 28.64 30.46 29.07 30.87 29.53 31.3 30.02 31.76 30.53 32.25 1.0 2.24 0.0 2.0 1.0 2.24 2.0 2.83 3.0 3.61 24.17 22.36 9.22 7.28 42.44 40.8 16.28 14.32 46.07 47.01 50.7 48.85 26.17 24.19 16.97 15.62 5.1 5.1 28.64 26.68 45.54 43.57 10.2 
14.56 14.14 15.52 15.13 16.49 16.12 17.46 17.12 18.44 18.11 19.42 19.1 26.83 28.64 27.29 29.07 27.78 29.53 28.3 30.02 28.84 30.53 2.24 1.0 2.0 0.0 2.24 1.0 2.83 2.0 3.61 3.0 23.41 21.54 9.0 7.0 41.34 39.66 16.03 14.04 45.19 46.07 49.98 48.1 26.02 24.02 15.62 14.14 5.83 5.1 29.12 27.2 45.89 43.93 10.77 
13.15 13.0 14.14 14.0 15.13 15.0 16.12 16.0 17.12 17.0 18.11 18.0 28.23 30.08 28.64 30.46 29.07 30.87 29.53 31.3 30.02 31.76 2.0 2.83 1.0 2.24 0.0 2.0 1.0 2.24 2.0 2.83 25.08 23.26 10.2 8.25 43.27 41.62 17.26 15.3 46.96 47.89 51.62 49.77 27.17 25.18 17.69 16.28 6.08 6.08 29.61 27.66 46.53 44.55 11.18 
13.6 13.15 14.56 14.14 15.52 15.13 16.49 16.12 17.46 17.12 18.44 18.11 26.4 28.23 26.83 28.64 27.29 29.07 27.78 29.53 28.3 30.02 2.83 2.0 2.24 1.0 2.0 0.0 2.24 1.0 2.83 2.0 24.35 22.47 10.0 8.0 42.19 40.5 17.03 15.03 46.1 46.96 50.92 49.04 27.02 25.02 16.4 14.87 6.71 6.08 30.08 28.16 46.87 44.91 11.7 
12.17 12.0 13.15 13.0 14.14 14.0 15.13 15.0 16.12 16.0 17.12 17.0 27.86 29.73 28.23 30.08 28.64 30.46 29.07 30.87 29.53 31.3 3.0 3.61 2.0 2.83 1.0 2.24 0.0 2.0 1.0 2.24 26.0 24.17 11.18 9.22 44.1 42.44 18.25 16.28 47.85 48.76 52.55 50.7 28.16 26.17 18.44 16.97 7.07 7.07 30.59 28.64 47.52 45.54 12.17 
12.65 12.17 13.6 13.15 14.56 14.14 15.52 15.13 16.49 16.12 17.46 17.12 26.0 27.86 26.4 28.23 26.83 28.64 27.29 29.07 27.78 29.53 3.61 3.0 2.83 2.0 2.24 1.0 2.0 0.0 2.24 1.0 25.3 23.41 11.0 9.0 43.05 41.34 18.03 16.03 47.01 47.85 51.87 49.98 28.02 26.02 17.2 15.62 7.62 7.07 31.05 29.12 47.85 45.89 12.65 
11.18 11.0 12.17 12.0 13.15 13.0 14.14 14.0 15.13 15.0 16.12 16.0 27.51 29.41 27.86 29.73 28.23 30.08 28.64 30.46 29.07 30.87 4.0 4.47 3.0 3.61 2.0 2.83 1.0 2.24 0.0 2.0 26.93 25.08 12.17 10.2 44.94 43.27 19.24 17.26 48.75 49.65 53.49 51.62 29.15 27.17 19.21 17.69 8.06 8.06 31.58 29.61 48.51 46.53 13.15 
11.7 11.18 12.65 12.17 13.6 13.15 14.56 14.14 15.52 15.13 16.49 16.12 25.63 27.51 26.0 27.86 26.4 28.23 26.83 28.64 27.29 29.07 4.47 4.0 3.61 3.0 2.83 2.0 2.24 1.0 2.0 0.0 26.25 24.35 12.0 10.0 43.91 42.19 19.03 17.03 47.93 48.75 52.81 50.92 29.02 27.02 18.03 16.4 8.54 8.06 32.02 30.08 48.84 46.87 13.6 
37.95 37.36 38.9 38.33 39.85 39.29 40.8 40.26 41.76 41.23 42.72 42.2 37.58 38.47 38.48 39.36 39.4 40.25 40.31 41.15 41.23 42.05 23.26 22.47 24.17 23.41 25.08 24.35 26.0 25.3 26.93 26.25 0.0 2.0 15.26 17.0 19.1 17.8 9.22 10.63 21.95 23.02 26.57 24.7 8.06 7.28 10.2 12.17 20.25 19.24 17.09 16.49 28.6 27.02 16.97 
36.06 35.44 37.0 36.4 37.95 37.36 38.9 38.33 39.85 39.29 40.8 40.26 35.78 36.72 36.67 37.59 37.58 38.47 38.48 39.36 39.4 40.25 21.47 20.62 22.36 21.54 23.26 22.47 24.17 23.41 25.08 24.35 2.0 0.0 13.6 15.26 20.52 19.1 8.06 9.22 23.71 24.7 28.46 26.57 9.22 8.06 8.25 10.2 18.6 17.49 17.89 17.09 30.23 28.6 15.62 
23.35 23.09 24.33 24.08 25.32 25.08 26.31 26.08 27.29 27.07 28.28 28.07 31.89 33.42 32.56 34.06 33.24 34.71 33.94 35.38 34.66 36.07 8.25 8.0 9.22 9.0 10.2 10.0 11.18 11.0 12.17 12.0 15.26 13.6 0.0 2.0 34.06 32.56 7.07 5.1 37.22 38.28 41.63 39.81 17.03 15.03 10.44 10.05 5.0 4.12 20.62 18.79 37.11 35.17 4.12 
21.38 21.1 22.36 22.09 23.35 23.09 24.33 24.08 25.32 25.08 26.31 26.08 30.61 32.2 31.24 32.8 31.89 33.42 32.56 34.06 33.24 34.71 6.32 6.0 7.28 7.0 8.25 8.0 9.22 9.0 10.2 10.0 17.0 15.26 2.0 0.0 35.61 34.06 9.06 7.07 38.95 39.96 43.46 41.63 19.03 17.03 11.18 10.44 3.61 2.24 22.47 20.62 39.05 37.11 5.0 
55.47 54.56 56.36 55.46 57.25 56.36 58.14 57.27 59.03 58.18 59.93 59.09 47.04 47.17 48.04 48.17 49.04 49.16 50.04 50.16 51.04 51.16 41.62 40.5 42.44 41.34 43.27 42.19 44.1 43.05 44.94 43.91 19.1 20.52 34.06 35.61 0.0 2.0 28.32 29.7 6.71 6.08 13.0 11.18 22.85 23.71 25.94 27.73 39.05 37.8 30.81 31.32 32.57 32.02 36.07 
53.71 52.77 54.59 53.67 55.47 54.56 56.36 55.46 57.25 56.36 58.14 57.27 45.04 45.18 46.04 46.17 47.04 47.17 48.04 48.17 49.04 49.16 40.0 38.83 40.8 39.66 41.62 40.5 42.44 41.34 43.27 42.19 17.8 19.1 32.56 34.06 2.0 0.0 27.02 28.32 8.54 8.06 14.87 13.0 22.14 22.85 24.19 25.94 37.54 36.24 30.41 30.81 33.24 32.57 34.71 
30.41 30.15 31.4 31.14 32.39 32.14 33.38 33.14 34.37 34.13 35.36 35.13 36.24 37.54 37.01 38.29 37.8 39.05 38.6 39.82 39.41 40.61 15.3 15.03 16.28 16.03 17.26 17.03 18.25 18.03 19.24 19.03 9.22 8.06 7.07 9.06 28.32 27.02 0.0 2.0 30.81 32.02 34.89 33.12 10.0 8.0 9.85 10.82 11.7 11.18 15.0 13.45 30.68 28.79 7.81 
28.44 28.16 29.43 29.15 30.41 30.15 31.4 31.14 32.39 32.14 33.38 33.14 34.71 36.07 35.47 36.8 36.24 37.54 37.01 38.29 37.8 39.05 13.34 13.04 14.32 14.04 15.3 15.03 16.28 16.03 17.26 17.03 10.63 9.22 5.1 7.07 29.7 28.32 2.0 0.0 32.45 33.6 36.67 34.89 12.0 10.0 9.22 9.85 9.85 9.22 16.64 15.0 32.57 30.68 6.4 
59.62 58.87 60.54 59.81 61.47 60.75 62.39 61.68 63.32 62.63 64.26 63.57 53.24 53.46 54.23 54.45 55.23 55.44 56.22 56.44 57.22 57.43 45.18 44.28 46.07 45.19 46.96 46.1 47.85 47.01 48.75 47.93 21.95 23.71 37.22 38.95 6.71 8.54 30.81 32.45 0.0 2.0 6.32 4.47 23.43 24.76 30.36 32.28 42.19 41.18 29.97 30.89 28.28 28.07 38.6 
60.42 59.62 61.33 60.54 62.24 61.47 63.16 62.39 64.08 63.32 65.0 64.26 53.08 53.24 54.08 54.23 55.08 55.23 56.08 56.22 57.08 57.22 46.14 45.18 47.01 46.07 47.89 46.96 48.76 47.85 49.65 48.75 23.02 24.7 38.28 39.96 6.08 8.06 32.02 33.6 2.0 0.0 7.21 5.66 25.0 26.25 31.02 32.89 43.27 42.19 31.78 32.65 30.27 30.07 39.82 
64.51 63.89 65.46 64.85 66.41 65.8 67.36 66.76 68.31 67.72 69.26 68.68 59.41 59.68 60.41 60.67 61.4 61.66 62.39 62.65 63.39 63.64 49.77 49.04 50.7 49.98 51.62 50.92 52.55 51.87 53.49 52.81 26.57 28.46 41.63 43.46 13.0 14.87 34.89 36.67 6.32 7.21 0.0 2.0 26.4 28.02 35.69 37.66 46.52 45.69 31.4 32.65 26.08 26.31 42.54 
62.63 61.98 63.57 62.94 64.51 63.89 65.46 64.85 66.41 65.8 67.36 66.76 57.43 57.71 58.42 58.69 59.41 59.68 60.41 60.67 61.4 61.66 47.93 47.17 48.85 48.1 49.77 49.04 50.7 49.98 51.62 50.92 24.7 26.57 39.81 41.63 11.18 13.0 33.12 34.89 4.47 5.66 2.0 0.0 24.84 26.4 33.73 35.69 44.72 43.86 30.23 31.4 26.0 26.08 40.82 
40.31 40.11 41.3 41.11 42.3 42.11 43.29 43.1 44.28 44.1 45.28 45.1 44.42 45.49 45.28 46.32 46.14 47.17 47.01 48.02 47.89 48.88 25.18 25.02 26.17 26.02 27.17 27.02 28.16 28.02 29.15 29.02 8.06 9.22 17.03 19.03 22.85 22.14 10.0 12.0 23.43 25.0 26.4 24.84 0.0 2.0 16.64 18.36 21.38 21.1 9.22 9.0 21.47 19.72 16.76 
38.33 38.12 39.32 39.12 40.31 40.11 41.3 41.11 42.3 42.11 43.29 43.1 42.72 43.83 43.57 44.65 44.42 45.49 45.28 46.32 46.14 47.17 23.19 23.02 24.19 24.02 25.18 25.02 26.17 26.02 27.17 27.02 7.28 8.06 15.03 17.03 23.71 22.85 8.0 10.0 24.76 26.25 28.02 26.4 2.0 0.0 15.0 16.64 19.42 19.1 9.85 9.22 23.26 21.47 14.87 
29.53 28.64 30.41 29.55 31.3 30.46 32.2 31.38 33.11 32.31 34.01 33.24 27.78 28.84 28.65 29.68 29.53 30.53 30.41 31.38 31.3 32.25 16.28 14.87 16.97 15.62 17.69 16.4 18.44 17.2 19.21 18.03 10.2 8.25 10.44 11.18 25.94 24.19 9.85 9.22 30.36 31.02 35.69 33.73 16.64 15.0 0.0 2.0 14.76 13.04 24.08 22.8 38.08 36.36 14.14 
27.78 26.83 28.65 27.73 29.53 28.64 30.41 29.55 31.3 30.46 32.2 31.38 26.08 27.2 26.93 28.02 27.78 28.84 28.65 29.68 29.53 30.53 15.0 13.45 15.62 14.14 16.28 14.87 16.97 15.62 17.69 16.4 12.17 10.2 10.05 10.44 27.73 25.94 10.82 9.85 32.28 32.89 37.66 35.69 18.36 16.64 2.0 0.0 13.93 12.08 25.46 24.08 39.82 38.08 14.0 
19.03 19.03 20.02 20.02 21.02 21.02 22.02 22.02 23.02 23.02 24.02 24.02 31.91 33.62 32.45 34.13 33.02 34.67 33.6 35.23 34.21 35.81 4.12 5.0 5.1 5.83 6.08 6.71 7.07 7.62 8.06 8.54 20.25 18.6 5.0 3.61 39.05 37.54 11.7 9.85 42.19 43.27 46.52 44.72 21.38 19.42 14.76 13.93 0.0 2.0 23.54 21.59 40.45 38.47 5.1 
19.24 19.03 20.22 20.02 21.21 21.02 22.2 22.02 23.19 23.02 24.19 24.02 30.23 31.91 30.81 32.45 31.4 33.02 32.02 33.6 32.65 34.21 4.12 4.12 5.1 5.1 6.08 6.08 7.07 7.07 8.06 8.06 19.24 17.49 4.12 2.24 37.8 36.24 11.18 9.22 41.18 42.19 45.69 43.86 21.1 19.1 13.04 12.08 2.0 0.0 24.04 22.14 40.79 38.83 5.83 
42.19 42.43 43.19 43.42 44.18 44.41 45.18 45.4 46.17 46.39 47.17 47.38 51.22 52.5 52.01 53.26 52.8 54.04 53.6 54.82 54.41 55.61 27.66 28.16 28.64 29.12 29.61 30.08 30.59 31.05 31.58 32.02 17.09 17.89 20.62 22.47 30.81 30.41 15.0 16.64 29.97 31.78 31.4 30.23 9.22 9.85 24.08 25.46 23.54 24.04 0.0 2.0 17.03 15.03 18.44 
40.2 40.45 41.19 41.44 42.19 42.43 43.19 43.42 44.18 44.41 45.18 45.4 49.68 50.99 50.45 51.74 51.22 52.5 52.01 53.26 52.8 54.04 25.71 26.25 26.68 27.2 27.66 28.16 28.64 29.12 29.61 30.08 16.49 17.09 18.79 20.62 31.32 30.81 13.45 15.0 30.89 32.65 32.65 31.4 9.0 9.22 22.8 24.08 21.59 22.14 2.0 0.0 19.03 17.03 16.49 
59.21 59.41 60.21 60.41 61.2 61.4 62.2 62.39 63.2 63.39 64.2 64.38 65.86 66.89 66.73 67.74 67.6 68.6 68.48 69.46 69.35 70.33 44.55 44.91 45.54 45.89 46.53 46.87 47.52 47.85 48.51 48.84 28.6 30.23 37.11 39.05 32.57 33.24 30.68 32.57 28.28 30.27 26.08 26.0 21.47 23.26 38.08 39.82 40.45 40.79 17.03 19.03 0.0 2.0 35.36 
57.22 57.43 58.22 58.42 59.21 59.41 60.21 60.41 61.2 61.4 62.2 62.39 64.14 65.19 65.0 66.04 65.86 66.89 66.73 67.74 67.6 68.6 42.58 42.95 43.57 43.93 44.55 44.91 45.54 45.89 46.53 46.87 27.02 28.6 35.17 37.11 32.02 32.57 28.79 30.68 28.07 30.07 26.31 26.08 19.72 21.47 36.36 38.08 38.47 38.83 15.03 17.03 2.0 0.0 33.38 
24.0 24.08 25.0 25.08 26.0 26.08 27.0 27.07 28.0 28.07 29.0 29.07 35.61 37.2 36.24 37.8 36.88 38.42 37.54 39.05 38.21 39.7 9.22 9.85 10.2 10.77 11.18 11.7 12.17 12.65 13.15 13.6 16.97 15.62 4.12 5.0 36.07 34.71 7.81 6.4 38.6 39.82 42.54 40.82 16.76 14.87 14.14 14.0 5.1 5.83 18.44 16.49 35.36 33.38 0.0 
