65
0.0 2.0 51.35 49.37 51.48 49.5 7.07 8.6 5.39 6.4 66.12 64.12 73.01 73.5 38.33 36.4 108.12 108.23 5.66 4.47 38.48 36.67 41.77 42.2 66.48 67.05 14.76 13.93 63.03 63.0 45.01 45.01 87.05 87.14 51.04 51.0 19.7 20.59 6.32 8.25 43.19 41.19 49.34 47.43 69.46 69.72 41.59 39.62 61.85 59.91 34.93 35.78 7.0 9.0 76.3 76.69 78.1 76.11 7.0 7.28 101.4 101.6 7.21 8.94 102.02 
2.0 0.0 51.16 49.16 51.24 49.25 5.83 7.07 5.0 5.39 66.27 64.28 72.57 73.01 37.85 35.9 108.04 108.12 7.21 5.66 37.7 35.85 41.44 41.77 65.97 66.48 13.04 12.08 63.13 63.03 45.1 45.01 87.01 87.05 51.16 51.04 17.89 18.87 4.47 6.32 43.05 41.05 48.76 46.84 69.26 69.46 41.3 39.32 61.39 59.44 34.18 34.93 7.28 9.22 75.95 76.3 78.23 76.24 7.28 7.0 101.24 101.4 6.32 8.25 102.0 
51.35 51.16 0.0 2.0 1.0 2.24 46.01 46.01 56.14 56.04 18.03 16.4 22.83 23.85 14.56 16.49 57.01 57.01 48.05 47.68 18.87 20.59 10.2 10.77 17.69 19.1 44.55 46.53 14.42 13.42 9.22 7.81 36.12 36.01 8.0 6.0 60.21 62.17 53.0 53.04 8.25 10.2 9.85 10.82 18.11 18.44 10.05 12.04 12.73 11.4 20.62 21.47 58.31 60.3 25.3 26.0 28.79 26.93 44.41 44.18 50.09 50.25 57.04 59.03 51.16 
49.37 49.16 2.0 0.0 2.24 1.0 44.01 44.01 54.15 54.04 19.72 18.03 24.6 25.55 12.65 14.56 59.01 59.01 46.1 45.71 17.2 18.87 8.25 8.94 19.21 20.52 42.58 44.55 16.12 15.23 8.06 6.4 38.12 38.01 8.25 6.32 58.25 60.21 51.0 51.04 6.32 8.25 9.22 9.85 20.1 20.4 8.06 10.05 14.21 12.73 18.79 19.72 56.32 58.31 27.2 27.86 30.68 28.79 42.43 42.19 52.09 52.24 55.04 57.04 53.15 
51.48 51.24 1.0 2.24 0.0 2.0 46.04 46.0 56.22 56.08 18.6 17.03 22.36 23.32 14.32 16.28 57.04 57.0 48.27 47.85 18.36 20.12 10.05 10.44 17.03 18.38 44.41 46.39 15.0 13.89 10.0 8.49 36.22 36.06 9.0 7.0 60.02 61.98 53.01 53.01 8.54 10.44 8.94 10.0 18.03 18.25 10.0 12.0 12.04 10.63 20.25 21.02 58.42 60.41 25.0 25.63 29.15 27.31 44.55 44.28 50.04 50.16 57.08 59.08 51.24 
49.5 49.25 2.24 1.0 2.0 0.0 44.05 44.0 54.23 54.08 20.25 18.6 24.17 25.06 12.37 14.32 59.03 59.0 46.32 45.89 16.64 18.36 8.06 8.54 18.6 19.85 42.43 44.41 16.64 15.65 8.94 7.21 38.21 38.05 9.22 7.28 58.05 60.02 51.01 51.01 6.71 8.54 8.25 8.94 20.02 20.22 8.0 10.0 13.6 12.04 18.38 19.24 56.44 58.42 26.93 27.51 31.02 29.15 42.58 42.3 52.04 52.15 55.08 57.08 53.24 
7.07 5.83 46.01 44.01 46.04 44.05 0.0 2.0 10.44 10.05 61.66 59.68 67.08 67.47 32.39 30.41 103.0 103.02 9.06 7.07 31.95 30.08 36.12 36.35 60.42 60.88 8.25 8.0 58.42 58.22 40.45 40.2 82.02 82.0 46.53 46.27 18.38 19.85 7.07 7.62 38.01 36.01 43.17 41.23 64.07 64.2 36.06 34.06 55.9 53.94 28.46 29.15 13.0 14.87 70.58 70.86 73.55 71.57 5.39 3.61 96.08 96.19 11.05 13.04 97.05 
8.6 7.07 46.01 44.01 46.0 44.0 2.0 0.0 11.18 10.44 61.98 60.02 66.75 67.08 32.14 30.15 103.02 103.0 11.05 9.06 31.32 29.41 36.01 36.12 60.02 60.42 6.32 6.0 58.69 58.42 40.79 40.45 82.1 82.02 46.87 46.53 17.03 18.6 7.07 7.07 38.12 36.12 42.76 40.79 64.01 64.07 36.0 34.0 55.58 53.6 27.89 28.46 13.89 15.65 70.35 70.58 73.82 71.85 7.28 5.39 96.02 96.08 11.4 13.34 97.13 
5.39 5.0 56.14 54.15 56.22 54.23 10.44 11.18 0.0 2.0 71.25 69.26 77.47 77.88 42.76 40.79 113.04 113.11 10.82 9.85 42.38 40.5 46.39 46.69 70.83 71.31 16.28 14.87 68.12 68.03 50.09 50.01 92.01 92.05 56.14 56.04 16.28 16.76 5.0 6.71 48.04 46.04 53.6 51.66 74.24 74.43 46.27 44.28 66.29 64.33 38.9 39.56 2.83 4.47 80.89 81.22 83.22 81.22 12.17 12.0 106.23 106.38 2.24 3.61 107.0 
6.4 5.39 56.04 54.04 56.08 54.08 10.05 10.44 2.0 0.0 71.45 69.46 77.1 77.47 42.43 40.45 113.0 113.04 12.04 10.82 41.76 39.85 46.17 46.39 70.41 70.83 15.0 13.45 68.26 68.12 50.25 50.09 92.01 92.01 56.32 56.14 14.32 14.87 3.61 5.0 48.0 46.0 53.15 51.2 74.11 74.24 46.1 44.1 65.92 63.95 38.33 38.9 4.47 5.66 80.62 80.89 83.38 81.39 12.65 12.17 106.12 106.23 1.0 3.0 107.02 
66.12 66.27 18.03 19.72 18.6 20.25 61.66 61.98 71.25 71.45 0.0 2.0 21.59 23.54 32.2 34.01 42.95 43.42 62.0 62.03 36.89 38.59 27.73 28.65 22.09 24.08 61.4 63.32 3.61 5.0 21.21 21.59 22.14 22.85 15.13 15.52 77.2 79.12 68.73 69.05 24.35 26.25 26.87 28.32 12.37 14.32 27.31 29.15 19.92 20.62 38.47 39.45 73.11 75.11 20.12 21.93 12.0 10.0 59.14 59.3 37.34 38.08 72.44 74.43 36.5 
64.12 64.28 16.4 18.03 17.03 18.6 59.68 60.02 69.26 69.46 2.0 0.0 22.14 24.04 30.41 32.2 44.91 45.35 60.0 60.03 35.23 36.89 25.94 26.93 22.0 24.0 59.48 61.4 2.24 4.12 19.24 19.65 24.04 24.7 13.15 13.6 75.29 77.2 66.75 67.08 22.47 24.35 25.5 26.87 13.0 14.87 25.5 27.31 19.42 19.92 36.72 37.74 71.11 73.11 21.1 22.83 14.0 12.0 57.14 57.31 39.22 39.92 70.46 72.44 38.47 
73.01 72.57 22.83 24.6 22.36 24.17 67.08 66.75 77.47 77.1 21.59 22.14 0.0 2.0 34.71 36.67 38.9 38.33 70.21 69.64 36.01 38.01 31.32 30.81 7.07 7.62 64.12 66.12 20.62 18.79 31.62 30.53 21.26 20.0 27.59 26.25 79.01 81.01 73.82 73.55 30.87 32.7 24.08 26.08 9.22 7.28 31.62 33.53 11.18 13.15 39.12 39.01 79.83 81.79 5.0 4.12 22.14 21.59 66.22 65.73 31.05 30.59 78.09 80.06 34.44 
73.5 73.01 23.85 25.55 23.32 25.06 67.47 67.08 77.88 77.47 23.54 24.04 2.0 0.0 35.17 37.11 39.56 38.9 70.84 70.21 36.12 38.12 31.95 31.32 7.07 7.07 64.28 66.27 22.47 20.62 32.8 31.62 22.63 21.26 29.0 27.59 79.01 81.01 74.15 73.82 31.76 33.54 24.33 26.31 11.18 9.22 32.31 34.18 11.7 13.6 39.32 39.12 80.28 82.23 6.4 5.0 24.04 23.54 66.76 66.22 31.62 31.05 78.45 80.41 35.36 
38.33 37.85 14.56 12.65 14.32 12.37 32.39 32.14 42.76 42.43 32.2 30.41 34.71 35.17 0.0 2.0 71.18 71.06 35.85 35.11 6.32 7.21 4.47 4.0 28.16 28.79 30.15 32.14 28.64 27.86 13.6 12.04 50.49 50.25 18.44 17.2 45.71 47.68 39.2 39.05 8.49 7.21 11.18 9.43 32.06 32.0 5.0 3.61 23.54 21.59 6.4 7.81 45.12 47.07 38.21 38.47 43.32 41.44 31.62 31.05 64.01 64.01 43.42 45.4 65.49 
36.4 35.9 16.49 14.56 16.28 14.32 30.41 30.15 40.79 40.45 34.01 32.2 36.67 37.11 2.0 0.0 73.17 73.06 34.01 33.24 6.0 6.32 6.32 6.0 30.08 30.68 28.16 30.15 30.46 29.73 14.87 13.45 52.47 52.24 20.0 18.87 43.74 45.71 37.22 37.05 10.0 8.49 13.0 11.18 34.06 34.0 6.71 5.0 25.5 23.54 5.0 6.71 43.17 45.12 40.2 40.45 45.22 43.32 29.73 29.12 66.01 66.01 41.44 43.42 67.48 
108.12 108.04 57.01 59.01 57.04 59.03 103.0 103.02 113.04 113.0 42.95 44.91 38.9 39.56 71.18 73.17 0.0 2.0 104.39 104.24 73.82 75.8 67.07 67.19 45.88 46.49 101.32 103.31 45.54 45.28 63.29 63.13 21.1 21.0 57.43 57.22 116.73 118.71 110.0 110.04 65.01 67.01 61.81 63.79 39.12 39.32 67.03 69.03 49.03 50.99 76.53 76.79 115.11 117.11 34.21 34.79 31.32 33.24 101.12 101.04 8.06 9.22 114.0 116.0 6.71 
108.23 108.12 57.01 59.01 57.0 59.0 103.02 103.0 113.11 113.04 43.42 45.35 38.33 38.9 71.06 73.06 2.0 0.0 104.58 104.39 73.55 75.54 67.01 67.07 45.35 45.88 101.18 103.17 45.89 45.54 63.51 63.29 21.38 21.1 57.71 57.43 116.52 118.51 110.0 110.0 65.07 67.07 61.52 63.51 39.01 39.12 67.0 69.0 48.66 50.64 76.32 76.53 115.21 117.21 33.73 34.21 31.95 33.84 101.24 101.12 7.28 8.06 114.04 116.04 7.81 
5.66 7.21 48.05 46.1 48.27 46.32 9.06 11.05 10.82 12.04 62.0 60.0 70.21 70.84 35.85 34.01 104.39 104.58 0.0 2.0 36.89 35.23 38.9 39.56 63.91 64.62 17.26 17.03 59.03 59.14 41.11 41.3 83.29 83.49 47.04 47.17 25.06 26.08 11.66 13.42 39.81 37.85 47.01 45.19 66.1 66.49 38.6 36.69 59.14 57.25 33.29 34.41 11.7 13.6 73.25 73.76 74.0 72.0 5.0 6.71 97.87 98.15 12.81 14.42 98.18 
4.47 5.66 47.68 45.71 47.85 45.89 7.07 9.06 9.85 10.82 62.03 60.03 69.64 70.21 35.11 33.24 104.24 104.39 2.0 0.0 35.85 34.13 38.33 38.9 63.25 63.91 15.3 15.03 59.0 59.03 41.01 41.11 83.15 83.29 47.0 47.04 23.32 24.41 10.0 11.66 39.46 37.48 46.24 44.38 65.76 66.1 38.08 36.14 58.52 56.61 32.25 33.29 11.18 13.15 72.78 73.25 74.03 72.03 3.61 5.0 97.62 97.87 11.66 13.42 98.08 
38.48 37.7 18.87 17.2 18.36 16.64 31.95 31.32 42.38 41.76 36.89 35.23 36.01 36.12 6.32 6.0 73.82 73.55 36.89 35.85 0.0 2.0 10.0 8.49 29.07 29.27 28.16 30.15 33.29 32.25 19.72 18.03 53.6 53.15 24.08 22.63 43.05 45.04 38.33 37.85 14.42 13.42 12.04 10.05 34.93 34.53 10.82 9.85 25.02 23.02 3.61 3.0 44.94 46.82 40.05 40.0 47.42 45.62 32.25 31.3 66.37 66.19 42.72 44.64 68.45 
36.67 35.85 20.59 18.87 20.12 18.36 30.08 29.41 40.5 39.85 38.59 36.89 38.01 38.12 7.21 6.32 75.8 75.54 35.23 34.13 2.0 0.0 11.31 10.0 31.06 31.26 26.17 28.16 34.99 34.0 20.81 19.21 55.54 55.11 25.46 24.08 41.05 43.05 36.4 35.9 15.62 14.42 14.04 12.04 36.88 36.5 12.04 10.82 27.02 25.02 2.24 1.0 43.08 44.94 42.05 42.0 49.24 47.42 30.53 29.53 68.36 68.18 40.8 42.72 70.41 
41.77 41.44 10.2 8.25 10.05 8.06 36.12 36.01 46.39 46.17 27.73 25.94 31.32 31.95 4.47 6.32 67.07 67.01 38.9 38.33 10.0 11.31 0.0 2.0 25.08 25.94 34.37 36.35 24.17 23.41 9.85 8.06 46.27 46.1 14.14 12.81 50.01 51.97 43.05 43.0 4.47 4.0 9.22 8.06 28.0 28.07 1.0 2.24 20.25 18.38 10.82 12.04 48.66 50.64 34.53 34.93 38.9 37.0 34.93 34.53 60.01 60.07 47.17 49.16 61.29 
42.2 41.77 10.77 8.94 10.44 8.54 36.35 36.12 46.69 46.39 28.65 26.93 30.81 31.32 4.0 6.0 67.19 67.07 39.56 38.9 8.49 10.0 2.0 0.0 24.35 25.08 34.13 36.12 25.06 24.17 11.7 9.85 46.53 46.27 15.62 14.14 49.65 51.62 43.19 43.05 6.32 6.0 7.81 6.4 28.07 28.0 3.0 3.61 19.65 17.72 9.85 10.82 49.03 50.99 34.23 34.53 39.56 37.7 35.44 34.93 60.01 60.01 47.38 49.37 61.52 
66.48 65.97 17.69 19.21 17.03 18.6 60.42 60.02 70.83 70.41 22.09 22.0 7.07 7.07 28.16 30.08 45.88 45.35 63.91 63.25 29.07 31.06 25.08 24.35 0.0 2.0 57.22 59.21 20.02 18.03 26.87 25.5 27.46 26.42 23.85 22.2 72.0 74.0 67.08 66.75 25.24 26.93 17.26 19.24 11.18 9.43 25.5 27.31 5.0 6.71 32.25 32.06 73.25 75.19 11.7 11.18 26.08 25.06 59.77 59.2 38.08 37.66 71.39 73.35 41.23 
67.05 66.48 19.1 20.52 18.38 19.85 60.88 60.42 71.31 70.83 24.08 24.0 7.62 7.07 28.79 30.68 46.49 45.88 64.62 63.91 29.27 31.26 25.94 25.08 2.0 0.0 57.43 59.41 22.02 20.02 28.32 26.87 28.6 27.46 25.55 23.85 72.03 74.03 67.47 67.08 26.4 28.02 17.72 19.65 13.0 11.18 26.42 28.18 6.4 7.81 32.56 32.25 73.76 75.69 12.53 11.7 27.78 26.83 60.41 59.77 38.6 38.08 71.81 73.76 42.05 
14.76 13.04 44.55 42.58 44.41 42.43 8.25 6.32 16.28 15.0 61.4 59.48 64.12 64.28 30.15 28.16 101.32 101.18 17.26 15.3 28.16 26.17 34.37 34.13 57.22 57.43 0.0 2.0 57.97 57.49 40.5 39.85 80.62 80.4 46.49 45.88 15.81 17.72 11.4 10.3 37.11 35.17 40.05 38.05 62.2 62.07 34.53 32.56 53.04 51.04 25.02 25.18 19.1 20.62 68.01 68.07 73.01 71.06 13.0 11.0 94.09 94.02 15.81 17.49 95.63 
13.93 12.08 46.53 44.55 46.39 44.41 8.0 6.0 14.87 13.45 63.32 61.4 66.12 66.27 32.14 30.15 103.31 103.17 17.03 15.03 30.15 28.16 36.35 36.12 59.21 59.41 2.0 0.0 59.91 59.44 42.38 41.76 82.61 82.39 48.38 47.8 13.93 15.81 9.9 8.6 39.05 37.11 42.05 40.05 64.2 64.07 36.5 34.53 55.04 53.04 27.02 27.17 17.69 19.1 70.01 70.06 74.95 73.01 13.15 11.18 96.08 96.02 14.21 15.81 97.62 
63.03 63.13 14.42 16.12 15.0 16.64 58.42 58.69 68.12 68.26 3.61 2.24 20.62 22.47 28.64 30.46 45.54 45.89 59.03 59.0 33.29 34.99 24.17 25.06 20.02 22.02 57.97 59.91 0.0 2.0 18.03 18.25 24.52 25.0 12.0 12.17 73.76 75.69 65.49 65.76 20.88 22.8 23.35 24.76 11.66 13.42 23.77 25.63 17.26 17.72 34.89 35.85 70.03 72.03 20.0 21.63 15.13 13.15 56.04 56.14 39.56 40.16 69.26 71.25 39.2 
63.0 63.03 13.42 15.23 13.89 15.65 58.22 58.42 68.03 68.12 5.0 4.12 18.79 20.62 27.86 29.73 45.28 45.54 59.14 59.03 32.25 34.0 23.41 24.17 18.03 20.02 57.49 59.44 2.0 0.0 18.03 18.03 24.19 24.52 12.17 12.0 73.25 75.19 65.28 65.49 20.4 22.36 21.93 23.43 10.0 11.66 23.09 25.0 15.3 15.81 34.01 34.89 70.0 72.0 18.44 20.0 15.52 13.6 56.0 56.04 39.05 39.56 69.12 71.11 39.05 
45.01 45.1 9.22 8.06 10.0 8.94 40.45 40.79 50.09 50.25 21.21 19.24 31.62 32.8 13.6 14.87 63.29 63.51 41.11 41.01 19.72 20.81 9.85 11.7 26.87 28.32 40.5 42.38 18.03 18.03 0.0 2.0 42.19 42.43 6.08 6.08 56.3 58.19 47.52 47.85 5.39 6.4 16.12 16.0 25.63 26.4 8.94 10.0 21.93 20.62 19.85 21.4 52.01 54.01 33.54 34.48 33.14 31.14 38.01 38.12 56.89 57.27 51.24 53.24 57.08 
45.01 45.01 7.81 6.4 8.49 7.21 40.2 40.45 50.01 50.09 21.59 19.65 30.53 31.62 12.04 13.45 63.13 63.29 41.3 41.11 18.03 19.21 8.06 9.85 25.5 26.87 39.85 41.76 18.25 18.03 2.0 0.0 42.05 42.19 6.71 6.08 55.66 57.57 47.27 47.52 3.61 5.0 14.14 14.0 25.0 25.63 7.21 8.49 20.52 19.1 18.38 19.85 52.01 54.01 32.7 33.54 33.38 31.4 38.01 38.01 56.57 56.89 51.09 53.08 57.01 
87.05 87.01 36.12 38.12 36.22 38.21 82.02 82.1 92.01 92.01 22.14 24.04 21.26 22.63 50.49 52.47 21.1 21.38 83.29 83.15 53.6 55.54 46.27 46.53 27.46 28.6 80.62 82.61 24.52 24.19 42.19 42.05 0.0 2.0 36.35 36.12 96.18 98.15 89.05 89.14 44.01 46.01 41.76 43.68 18.68 19.31 46.17 48.17 29.55 31.38 56.09 56.52 94.05 96.05 16.28 17.69 11.4 13.04 80.06 80.01 15.23 16.12 93.01 95.01 15.03 
87.14 87.05 36.01 38.01 36.06 38.05 82.0 82.02 92.05 92.01 22.85 24.7 20.0 21.26 50.25 52.24 21.0 21.1 83.49 83.29 53.15 55.11 46.1 46.27 26.42 27.46 80.4 82.39 25.0 24.52 42.43 42.19 2.0 0.0 36.67 36.35 95.89 97.87 89.01 89.05 44.01 46.01 41.23 43.17 18.25 18.68 46.04 48.04 28.79 30.68 55.73 56.09 94.13 96.13 15.0 16.28 12.73 14.21 80.16 80.06 14.56 15.23 93.01 95.01 15.3 
51.04 51.16 8.0 8.25 9.0 9.22 46.53 46.87 56.14 56.32 15.13 13.15 27.59 29.0 18.44 20.0 57.43 57.71 47.04 47.0 24.08 25.46 14.14 15.62 23.85 25.55 46.49 48.38 12.0 12.17 6.08 6.71 36.35 36.67 0.0 2.0 62.3 64.2 53.6 53.94 10.0 11.66 17.46 18.03 20.59 21.63 13.45 15.0 19.24 18.38 24.84 26.17 58.03 60.03 28.84 30.0 27.07 25.08 44.05 44.18 51.2 51.66 57.31 59.3 51.16 
51.0 51.04 6.0 6.32 7.0 7.28 46.27 46.53 56.04 56.14 15.52 13.6 26.25 27.59 17.2 18.87 57.22 57.43 47.17 47.04 22.63 24.08 12.81 14.14 22.2 23.85 45.88 47.8 12.17 12.0 6.08 6.08 36.12 36.35 2.0 0.0 61.68 63.6 53.34 53.6 8.94 10.77 15.52 16.16 19.7 20.59 12.21 13.89 17.49 16.55 23.6 24.84 58.0 60.0 27.78 28.84 27.29 25.32 44.0 44.05 50.8 51.2 57.14 59.14 51.04 
19.7 17.89 60.21 58.25 60.02 58.05 18.38 17.03 16.28 14.32 77.2 75.29 79.01 79.01 45.71 43.74 116.73 116.52 25.06 23.32 43.05 41.05 50.01 49.65 72.0 72.03 15.81 13.93 73.76 73.25 56.3 55.66 96.18 95.89 62.3 61.68 0.0 2.0 13.42 11.66 52.89 50.96 55.08 53.08 77.65 77.41 50.22 48.27 68.07 66.07 40.2 40.05 18.03 18.03 83.1 83.02 88.77 86.83 23.43 21.93 109.37 109.22 14.14 14.0 111.16 
20.59 18.87 62.17 60.21 61.98 60.02 19.85 18.6 16.76 14.87 79.12 77.2 81.01 81.01 47.68 45.71 118.71 118.51 26.08 24.41 45.04 43.05 51.97 51.62 74.0 74.03 17.72 15.81 75.69 75.19 58.19 57.57 98.15 97.87 64.2 63.6 2.0 0.0 14.42 12.81 54.82 52.89 57.08 55.08 79.63 79.4 52.17 50.22 70.06 68.07 42.19 42.05 18.25 18.03 85.09 85.02 90.71 88.77 24.76 23.35 111.36 111.22 14.56 14.14 113.14 
6.32 4.47 53.0 51.0 53.01 51.01 7.07 7.07 5.0 3.61 68.73 66.75 73.82 74.15 39.2 37.22 110.0 110.0 11.66 10.0 38.33 36.4 43.05 43.19 67.08 67.47 11.4 9.9 65.49 65.28 47.52 47.27 89.05 89.01 53.6 53.34 13.42 14.42 0.0 2.0 45.04 43.05 49.82 47.85 71.03 71.11 43.01 41.01 62.65 60.67 34.93 35.44 7.81 9.22 77.41 77.65 80.62 78.64 10.82 9.85 103.04 103.12 4.47 6.32 104.08 
8.25 6.32 53.04 51.04 53.01 51.01 7.62 7.07 6.71 5.0 69.05 67.08 73.55 73.82 39.05 37.05 110.04 110.0 13.42 11.66 37.85 35.9 43.0 43.05 66.75 67.08 10.3 8.6 65.76 65.49 47.85 47.52 89.14 89.05 53.94 53.6 11.66 12.81 2.0 0.0 45.18 43.19 49.5 47.52 71.0 71.03 43.01 41.01 62.39 60.41 34.53 34.93 9.43 10.63 77.23 77.41 80.89 78.92 12.04 10.82 103.0 103.04 5.66 7.21 104.17 
43.19 43.05 8.25 6.32 8.54 6.71 38.01 38.12 48.04 48.0 24.35 22.47 30.87 31.76 8.49 10.0 65.01 65.07 39.81 39.46 14.42 15.62 4.47 6.32 25.24 26.4 37.11 39.05 20.88 20.4 5.39 3.61 44.01 44.01 10.0 8.94 52.89 54.82 45.04 45.18 0.0 2.0 11.7 11.18 26.31 26.68 3.61 5.0 20.25 18.6 14.87 16.28 50.16 52.15 33.53 34.18 35.9 33.96 36.22 36.06 58.22 58.42 49.0 51.0 59.03 
41.19 41.05 10.2 8.25 10.44 8.54 36.01 36.12 46.04 46.0 26.25 24.35 32.7 33.54 7.21 8.49 67.01 67.07 37.85 37.48 13.42 14.42 4.0 6.0 26.93 28.02 35.17 37.11 22.8 22.36 6.4 5.0 46.01 46.01 11.66 10.77 50.96 52.89 43.05 43.19 2.0 0.0 12.53 11.7 28.28 28.64 3.0 3.61 21.95 20.25 13.45 15.0 48.17 50.16 35.44 36.06 37.85 35.9 34.23 34.06 60.21 60.41 47.0 49.0 61.03 
49.34 48.76 9.85 9.22 8.94 8.25 43.17 42.76 53.6 53.15 26.87 25.5 24.08 24.33 11.18 13.0 61.81 61.52 47.01 46.24 12.04 14.04 9.22 7.81 17.26 17.72 40.05 42.05 23.35 21.93 16.12 14.14 41.76 41.23 17.46 15.52 55.08 57.08 49.82 49.5 11.7 12.53 0.0 2.0 23.09 22.56 10.0 11.31 13.0 11.0 15.03 15.03 56.04 57.97 28.02 28.02 36.36 34.67 42.72 42.06 54.33 54.15 54.13 56.09 56.52 
47.43 46.84 10.82 9.85 10.0 8.94 41.23 40.79 51.66 51.2 28.32 26.87 26.08 26.31 9.43 11.18 63.79 63.51 45.19 44.38 10.05 12.04 8.06 6.4 19.24 19.65 38.05 40.05 24.76 23.43 16.0 14.0 43.68 43.17 18.03 16.16 53.08 55.08 47.85 47.52 11.18 11.7 2.0 0.0 25.0 24.52 8.94 10.0 15.0 13.0 13.04 13.04 54.12 56.04 30.02 30.02 38.08 36.36 40.85 40.16 56.32 56.14 52.17 54.13 58.46 
69.46 69.26 18.11 20.1 18.03 20.02 64.07 64.01 74.24 74.11 12.37 13.0 9.22 11.18 32.06 34.06 39.12 39.01 66.1 65.76 34.93 36.88 28.0 28.07 11.18 13.0 62.2 64.2 11.66 10.0 25.63 25.0 18.68 18.25 20.59 19.7 77.65 79.63 71.03 71.0 26.31 28.28 23.09 25.0 0.0 2.0 28.02 30.02 11.4 13.04 37.48 37.85 76.42 78.41 8.49 10.0 15.0 13.89 62.51 62.29 32.02 32.14 75.11 77.1 33.54 
69.72 69.46 18.44 20.4 18.25 20.22 64.2 64.07 74.43 74.24 14.32 14.87 7.28 9.22 32.0 34.0 39.32 39.12 66.49 66.1 34.53 36.5 28.07 28.0 9.43 11.18 62.07 64.07 13.42 11.66 26.4 25.63 19.31 18.68 21.63 20.59 77.41 79.4 71.11 71.03 26.68 28.64 22.56 24.52 2.0 0.0 28.16 30.15 10.3 12.08 37.22 37.48 76.66 78.64 7.21 8.49 16.64 15.65 62.8 62.51 32.02 32.02 75.24 77.23 33.96 
41.59 41.3 10.05 8.06 10.0 8.0 36.06 36.0 46.27 46.1 27.31 25.5 31.62 32.31 5.0 6.71 67.03 67.0 38.6 38.08 10.82 12.04 1.0 3.0 25.5 26.42 34.53 36.5 23.77 23.09 8.94 7.21 46.17 46.04 13.45 12.21 50.22 52.17 43.01 43.01 3.61 3.0 10.0 8.94 28.02 28.16 0.0 2.0 20.62 18.79 11.4 12.73 48.51 50.49 34.71 35.17 38.6 36.69 34.71 34.37 60.03 60.13 47.1 49.09 61.2 
39.62 39.32 12.04 10.05 12.0 10.0 34.06 34.0 44.28 44.1 29.15 27.31 33.53 34.18 3.61 5.0 69.03 69.0 36.69 36.14 9.85 10.82 2.24 3.61 27.31 28.18 32.56 34.53 25.63 25.0 10.0 8.49 48.17 48.04 15.0 13.89 48.27 50.22 41.01 41.01 5.0 3.61 11.31 10.0 30.02 30.15 2.0 0.0 22.47 20.62 9.9 11.4 46.53 48.51 36.67 37.11 40.52 38.6 32.76 32.39 62.03 62.13 45.1 47.1 63.2 
61.85 61.39 12.73 14.21 12.04 13.6 55.9 55.58 66.29 65.92 19.92 19.42 11.18 11.7 23.54 25.5 49.03 48.66 59.14 58.52 25.02 27.02 20.25 19.65 5.0 6.4 53.04 55.04 17.26 15.3 21.93 20.52 29.55 28.79 19.24 17.49 68.07 70.06 62.65 62.39 20.25 21.95 13.0 15.0 11.4 10.3 20.62 22.47 0.0 2.0 28.02 28.02 68.66 70.61 15.03 15.03 26.17 24.84 55.08 54.57 41.44 41.19 66.91 68.88 43.97 
59.91 59.44 11.4 12.73 10.63 12.04 53.94 53.6 64.33 63.95 20.62 19.92 13.15 13.6 21.59 23.54 50.99 50.64 57.25 56.61 23.02 25.02 18.38 17.72 6.71 7.81 51.04 53.04 17.72 15.81 20.62 19.1 31.38 30.68 18.38 16.55 66.07 68.07 60.67 60.41 18.6 20.25 11.0 13.0 13.04 12.08 18.79 20.62 2.0 0.0 26.02 26.02 66.71 68.66 17.03 17.03 27.59 26.17 53.16 52.63 43.42 43.19 64.94 66.91 45.88 
34.93 34.18 20.62 18.79 20.25 18.38 28.46 27.89 38.9 38.33 38.47 36.72 39.12 39.32 6.4 5.0 76.53 76.32 33.29 32.25 3.61 2.24 10.82 9.85 32.25 32.56 25.02 27.02 34.89 34.01 19.85 18.38 56.09 55.73 24.84 23.6 40.2 42.19 34.93 34.53 14.87 13.45 15.03 13.04 37.48 37.22 11.4 9.9 28.02 26.02 0.0 2.0 41.44 43.32 43.0 43.05 49.4 47.54 28.65 27.73 69.18 69.07 39.29 41.23 71.02 
35.78 34.93 21.47 19.72 21.02 19.24 29.15 28.46 39.56 38.9 39.45 37.74 39.01 39.12 7.81 6.71 76.79 76.53 34.41 33.29 3.0 1.0 12.04 10.82 32.06 32.25 25.18 27.17 35.85 34.89 21.4 19.85 56.52 56.09 26.17 24.84 40.05 42.05 35.44 34.93 16.28 15.0 15.03 13.04 37.85 37.48 12.73 11.4 28.02 26.02 2.0 0.0 42.15 44.01 43.05 43.0 50.16 48.33 29.68 28.65 69.35 69.18 39.85 41.76 71.39 
7.0 7.28 58.31 56.32 58.42 56.44 13.0 13.89 2.83 4.47 73.11 71.11 79.83 80.28 45.12 43.17 115.11 115.21 11.7 11.18 44.94 43.08 48.66 49.03 73.25 73.76 19.1 17.69 70.03 70.0 52.01 52.01 94.05 94.13 58.03 58.0 18.03 18.25 7.81 9.43 50.16 48.17 56.04 54.12 76.42 76.66 48.51 46.53 68.66 66.71 41.44 42.15 0.0 2.0 83.19 83.55 85.09 83.1 14.0 14.14 108.37 108.56 4.12 4.12 109.02 
9.0 9.22 60.3 58.31 60.41 58.42 14.87 15.65 4.47 5.66 75.11 73.11 81.79 82.23 47.07 45.12 117.11 117.21 13.6 13.15 46.82 44.94 50.64 50.99 75.19 75.69 20.62 19.1 72.03 72.0 54.01 54.01 96.05 96.13 60.03 60.0 18.03 18.03 9.22 10.63 52.15 50.16 57.97 56.04 78.41 78.64 50.49 48.51 70.61 68.66 43.32 44.01 2.0 0.0 85.16 85.51 87.09 85.09 16.0 16.12 110.37 110.55 5.0 4.12 111.02 
76.3 75.95 25.3 27.2 25.0 26.93 70.58 70.35 80.89 80.62 20.12 21.1 5.0 6.4 38.21 40.2 34.21 33.73 73.25 72.78 40.05 42.05 34.53 34.23 11.7 12.53 68.01 70.01 20.0 18.44 33.54 32.7 16.28 15.0 28.84 27.78 83.1 85.09 77.41 77.23 33.53 35.44 28.02 30.02 8.49 7.21 34.71 36.67 15.03 17.03 43.0 43.05 83.19 85.16 0.0 2.0 18.25 18.03 69.43 69.05 26.48 26.17 81.61 83.6 29.55 
76.69 76.3 26.0 27.86 25.63 27.51 70.86 70.58 81.22 80.89 21.93 22.83 4.12 5.0 38.47 40.45 34.79 34.21 73.76 73.25 40.0 42.0 34.93 34.53 11.18 11.7 68.07 70.06 21.63 20.0 34.48 33.54 17.69 16.28 30.0 28.84 83.02 85.02 77.65 77.41 34.18 36.06 28.02 30.02 10.0 8.49 35.17 37.11 15.03 17.03 43.05 43.0 83.55 85.51 2.0 0.0 20.22 20.02 69.86 69.43 26.93 26.48 81.88 83.86 30.41 
78.1 78.23 28.79 30.68 29.15 31.02 73.55 73.82 83.22 83.38 12.0 14.0 22.14 24.04 43.32 45.22 31.32 31.95 74.0 74.03 47.42 49.24 38.9 39.56 26.08 27.78 73.01 74.95 15.13 15.52 33.14 33.38 11.4 12.73 27.07 27.29 88.77 90.71 80.62 80.89 35.9 37.85 36.36 38.08 15.0 16.64 38.6 40.52 26.17 27.59 49.4 50.16 85.09 87.09 18.25 20.22 0.0 2.0 71.11 71.25 26.42 27.46 84.38 86.37 24.74 
76.11 76.24 26.93 28.79 27.31 29.15 71.57 71.85 81.22 81.39 10.0 12.0 21.59 23.54 41.44 43.32 33.24 33.84 72.0 72.03 45.62 47.42 37.0 37.7 25.06 26.83 71.06 73.01 13.15 13.6 31.14 31.4 13.04 14.21 25.08 25.32 86.83 88.77 78.64 78.92 33.96 35.9 34.67 36.36 13.89 15.65 36.69 38.6 24.84 26.17 47.54 48.33 83.1 85.09 18.03 20.02 2.0 0.0 69.12 69.26 28.18 29.15 82.39 84.38 26.68 
7.0 7.28 44.41 42.43 44.55 42.58 5.39 7.28 12.17 12.65 59.14 57.14 66.22 66.76 31.62 29.73 101.12 101.24 5.0 3.61 32.25 30.53 34.93 35.44 59.77 60.41 13.0 13.15 56.04 56.0 38.01 38.01 80.06 80.16 44.05 44.0 23.43 24.76 10.82 12.04 36.22 34.23 42.72 40.85 62.51 62.8 34.71 32.76 55.08 53.16 28.65 29.68 14.0 16.0 69.43 69.86 71.11 69.12 0.0 2.0 94.43 94.64 13.6 15.52 95.02 
7.28 7.0 44.18 42.19 44.28 42.3 3.61 5.39 12.0 12.17 59.3 57.31 65.73 66.22 31.05 29.12 101.04 101.12 6.71 5.0 31.3 29.53 34.53 34.93 59.2 59.77 11.0 11.18 56.14 56.04 38.12 38.01 80.01 80.06 44.18 44.05 21.93 23.35 9.85 10.82 36.06 34.06 42.06 40.16 62.29 62.51 34.37 32.39 54.57 52.63 27.73 28.65 14.14 16.12 69.05 69.43 71.25 69.26 2.0 0.0 94.26 94.43 13.15 15.13 95.0 
101.4 101.24 50.09 52.09 50.04 52.04 96.08 96.02 106.23 106.12 37.34 39.22 31.05 31.62 64.01 66.01 8.06 7.28 97.87 97.62 66.37 68.36 60.01 60.01 38.08 38.6 94.09 96.08 39.56 39.05 56.89 56.57 15.23 14.56 51.2 50.8 109.37 111.36 103.04 103.0 58.22 60.21 54.33 56.32 32.02 32.02 60.03 62.03 41.44 43.42 69.18 69.35 108.37 110.37 26.48 26.93 26.42 28.18 94.43 94.26 0.0 2.0 107.12 109.11 7.07 
101.6 101.4 50.25 52.24 50.16 52.15 96.19 96.08 106.38 106.23 38.08 39.92 30.59 31.05 64.01 66.01 9.22 8.06 98.15 97.87 66.19 68.18 60.07 60.01 37.66 38.08 94.02 96.02 40.16 39.56 57.27 56.89 16.12 15.23 51.66 51.2 109.22 111.22 103.12 103.04 58.42 60.41 54.15 56.14 32.14 32.02 60.13 62.13 41.19 43.19 69.07 69.18 108.56 110.55 26.17 26.48 27.46 29.15 94.64 94.43 2.0 0.0 107.23 109.22 9.06 
7.21 6.32 57.04 55.04 57.08 55.08 11.05 11.4 2.24 1.0 72.44 70.46 78.09 78.45 43.42 41.44 114.0 114.04 12.81 11.66 42.72 40.8 47.17 47.38 71.39 71.81 15.81 14.21 69.26 69.12 51.24 51.09 93.01 93.01 57.31 57.14 14.14 14.56 4.47 5.66 49.0 47.0 54.13 52.17 75.11 75.24 47.1 45.1 66.91 64.94 39.29 39.85 4.12 5.0 81.61 81.88 84.38 82.39 13.6 13.15 107.12 107.23 0.0 2.0 108.02 
8.94 8.25 59.03 57.04 59.08 57.08 13.04 13.34 3.61 3.0 74.43 72.44 80.06 80.41 45.4 43.42 116.0 116.04 14.42 13.42 44.64 42.72 49.16 49.37 73.35 73.76 17.49 15.81 71.25 71.11 53.24 53.08 95.01 95.01 59.3 59.14 14.0 14.14 6.32 7.21 51.0 49.0 56.09 54.13 77.1 77.23 49.09 47.1 68.88 66.91 41.23 41.76 4.12 4.12 83.6 83.86 86.37 84.38 15.52 15.13 109.11 109.22 2.0 0.0 110.02 
102.02 102.0 51.16 53.15 51.24 53.24 97.05 97.13 107.0 107.02 36.5 38.47 34.44 35.36 65.49 67.48 6.71 7.81 98.18 98.08 68.45 70.41 61.29 61.52 41.23 42.05 95.63 97.62 39.2 39.05 57.08 57.01 15.03 15.3 51.16 51.04 111.16 113.14 104.08 104.17 59.03 61.03 56.52 58.46 33.54 33.96 61.2 63.2 43.97 45.88 71.02 71.39 109.02 111.02 29.55 30.41 24.74 26.68 95.02 95.0 7.07 9.06 108.02 110.02 0.0 
