65
0.0 2.0 1.0 2.24 2.0 2.83 3.0 3.61 4.0 4.47 5.0 5.39 6.0 6.32 7.0 7.28 8.0 8.25 9.0 9.22 10.0 10.2 11.0 11.18 12.0 12.17 13.0 13.15 14.0 14.14 15.0 15.13 16.0 16.12 17.0 17.12 18.0 18.11 19.0 19.1 20.0 20.1 21.0 21.1 51.04 53.04 51.01 53.01 28.3 29.41 27.46 28.6 58.55 60.53 30.15 30.41 32.39 32.76 35.0 36.62 38.83 36.88 60.13 58.14 57.56 
2.0 0.0 2.24 1.0 2.83 2.0 3.61 3.0 4.47 4.0 5.39 5.0 6.32 6.0 7.28 7.0 8.25 8.0 9.22 9.0 10.2 10.0 11.18 11.0 12.17 12.0 13.15 13.0 14.14 14.0 15.13 15.0 16.12 16.0 17.12 17.0 18.11 18.0 19.1 19.0 20.1 20.0 21.1 21.0 51.16 53.15 51.09 53.08 27.29 28.3 26.42 27.46 58.31 60.3 30.02 30.15 32.14 32.39 33.42 35.0 39.29 37.36 60.03 58.03 57.87 
1.0 2.24 0.0 2.0 1.0 2.24 2.0 2.83 3.0 3.61 4.0 4.47 5.0 5.39 6.0 6.32 7.0 7.28 8.0 8.25 9.0 9.22 10.0 10.2 11.0 11.18 12.0 12.17 13.0 13.15 14.0 14.14 15.0 15.13 16.0 16.12 17.0 17.12 18.0 18.11 19.0 19.1 20.0 20.1 50.04 52.04 50.01 52.01 29.15 30.23 28.3 29.41 57.56 59.54 29.15 29.43 31.4 31.78 34.41 36.06 39.81 37.85 61.13 59.14 56.57 
2.24 1.0 2.0 0.0 2.24 1.0 2.83 2.0 3.61 3.0 4.47 4.0 5.39 5.0 6.32 6.0 7.28 7.0 8.25 8.0 9.22 9.0 10.2 10.0 11.18 11.0 12.17 12.0 13.15 13.0 14.14 14.0 15.13 15.0 16.12 16.0 17.12 17.0 18.11 18.0 19.1 19.0 20.1 20.0 50.16 52.15 50.09 52.09 28.18 29.15 27.29 28.3 57.31 59.3 29.02 29.15 31.14 31.4 32.8 34.41 40.26 38.33 61.03 59.03 56.89 
2.0 2.83 1.0 2.24 0.0 2.0 1.0 2.24 2.0 2.83 3.0 3.61 4.0 4.47 5.0 5.39 6.0 6.32 7.0 7.28 8.0 8.25 9.0 9.22 10.0 10.2 11.0 11.18 12.0 12.17 13.0 13.15 14.0 14.14 15.0 15.13 16.0 16.12 17.0 17.12 18.0 18.11 19.0 19.1 49.04 51.04 49.01 51.01 30.02 31.06 29.15 30.23 56.57 58.55 28.16 28.44 30.41 30.81 33.84 35.51 40.79 38.83 62.13 60.13 55.58 
2.83 2.0 2.24 1.0 2.0 0.0 2.24 1.0 2.83 2.0 3.61 3.0 4.47 4.0 5.39 5.0 6.32 6.0 7.28 7.0 8.25 8.0 9.22 9.0 10.2 10.0 11.18 11.0 12.17 12.0 13.15 13.0 14.14 14.0 15.13 15.0 16.12 16.0 17.12 17.0 18.11 18.0 19.1 19.0 49.16 51.16 49.09 51.09 29.07 30.02 28.18 29.15 56.32 58.31 28.02 28.16 30.15 30.41 32.2 33.84 41.23 39.29 62.03 60.03 55.9 
3.0 3.61 2.0 2.83 1.0 2.24 0.0 2.0 1.0 2.24 2.0 2.83 3.0 3.61 4.0 4.47 5.0 5.39 6.0 6.32 7.0 7.28 8.0 8.25 9.0 9.22 10.0 10.2 11.0 11.18 12.0 12.17 13.0 13.15 14.0 14.14 15.0 15.13 16.0 16.12 17.0 17.12 18.0 18.11 48.04 50.04 48.01 50.01 30.89 31.91 30.02 31.06 55.58 57.56 27.17 27.46 29.43 29.83 33.29 34.99 41.77 39.81 63.13 61.13 54.59 
3.61 3.0 2.83 2.0 2.24 1.0 2.0 0.0 2.24 1.0 2.83 2.0 3.61 3.0 4.47 4.0 5.39 5.0 6.32 6.0 7.28 7.0 8.25 8.0 9.22 9.0 10.2 10.0 11.18 11.0 12.17 12.0 13.15 13.0 14.14 14.0 15.13 15.0 16.12 16.0 17.12 17.0 18.11 18.0 48.17 50.16 48.09 50.09 29.97 30.89 29.07 30.02 55.33 57.31 27.02 27.17 29.15 29.43 31.62 33.29 42.2 40.26 63.03 61.03 54.92 
4.0 4.47 3.0 3.61 2.0 2.83 1.0 2.24 0.0 2.0 1.0 2.24 2.0 2.83 3.0 3.61 4.0 4.47 5.0 5.39 6.0 6.32 7.0 7.28 8.0 8.25 9.0 9.22 10.0 10.2 11.0 11.18 12.0 12.17 13.0 13.15 14.0 14.14 15.0 15.13 16.0 16.12 17.0 17.12 47.04 49.04 47.01 49.01 31.76 32.76 30.89 31.91 54.59 56.57 26.17 26.48 28.44 28.86 32.76 34.48 42.76 40.79 64.12 62.13 53.6 
4.47 4.0 3.61 3.0 2.83 2.0 2.24 1.0 2.0 0.0 2.24 1.0 2.83 2.0 3.61 3.0 4.47 4.0 5.39 5.0 6.32 6.0 7.28 7.0 8.25 8.0 9.22 9.0 10.2 10.0 11.18 11.0 12.17 12.0 13.15 13.0 14.14 14.0 15.13 15.0 16.12 16.0 17.12 17.0 47.17 49.16 47.1 49.09 30.87 31.76 29.97 30.89 54.33 56.32 26.02 26.17 28.16 28.44 31.06 32.76 43.17 41.23 64.03 62.03 53.94 
5.0 5.39 4.0 4.47 3.0 3.61 2.0 2.83 1.0 2.24 0.0 2.0 1.0 2.24 2.0 2.83 3.0 3.61 4.0 4.47 5.0 5.39 6.0 6.32 7.0 7.28 8.0 8.25 9.0 9.22 10.0 10.2 11.0 11.18 12.0 12.17 13.0 13.15 14.0 14.14 15.0 15.13 16.0 16.12 46.04 48.04 46.01 48.01 32.65 33.62 31.76 32.76 53.6 55.58 25.18 25.5 27.46 27.89 32.25 34.0 43.74 41.77 65.12 63.13 52.61 
5.39 5.0 4.47 4.0 3.61 3.0 2.83 2.0 2.24 1.0 2.0 0.0 2.24 1.0 2.83 2.0 3.61 3.0 4.47 4.0 5.39 5.0 6.32 6.0 7.28 7.0 8.25 8.0 9.22 9.0 10.2 10.0 11.18 11.0 12.17 12.0 13.15 13.0 14.14 14.0 15.13 15.0 16.12 16.0 46.17 48.17 46.1 48.09 31.78 32.65 30.87 31.76 53.34 55.33 25.02 25.18 27.17 27.46 30.53 32.25 44.15 42.2 65.03 63.03 52.95 
6.0 6.32 5.0 5.39 4.0 4.47 3.0 3.61 2.0 2.83 1.0 2.24 0.0 2.0 1.0 2.24 2.0 2.83 3.0 3.61 4.0 4.47 5.0 5.39 6.0 6.32 7.0 7.28 8.0 8.25 9.0 9.22 10.0 10.2 11.0 11.18 12.0 12.17 13.0 13.15 14.0 14.14 15.0 15.13 45.04 47.04 45.01 47.01 33.54 34.48 32.65 33.62 52.61 54.59 24.19 24.52 26.48 26.93 31.76 33.54 44.72 42.76 66.12 64.12 51.62 
6.32 6.0 5.39 5.0 4.47 4.0 3.61 3.0 2.83 2.0 2.24 1.0 2.0 0.0 2.24 1.0 2.83 2.0 3.61 3.0 4.47 4.0 5.39 5.0 6.32 6.0 7.28 7.0 8.25 8.0 9.22 9.0 10.2 10.0 11.18 11.0 12.17 12.0 13.15 13.0 14.14 14.0 15.13 15.0 45.18 47.17 45.1 47.1 32.7 33.54 31.78 32.65 52.35 54.33 24.02 24.19 26.17 26.48 30.02 31.76 45.12 43.17 66.03 64.03 51.97 
7.0 7.28 6.0 6.32 5.0 5.39 4.0 4.47 3.0 3.61 2.0 2.83 1.0 2.24 0.0 2.0 1.0 2.24 2.0 2.83 3.0 3.61 4.0 4.47 5.0 5.39 6.0 6.32 7.0 7.28 8.0 8.25 9.0 9.22 10.0 10.2 11.0 11.18 12.0 12.17 13.0 13.15 14.0 14.14 44.05 46.04 44.01 46.01 34.44 35.36 33.54 34.48 51.62 53.6 23.19 23.54 25.5 25.96 31.3 33.11 45.71 43.74 67.12 65.12 50.64 
7.28 7.0 6.32 6.0 5.39 5.0 4.47 4.0 3.61 3.0 2.83 2.0 2.24 1.0 2.0 0.0 2.24 1.0 2.83 2.0 3.61 3.0 4.47 4.0 5.39 5.0 6.32 6.0 7.28 7.0 8.25 8.0 9.22 9.0 10.2 10.0 11.18 11.0 12.17 12.0 13.15 13.0 14.14 14.0 44.18 46.17 44.1 46.1 33.62 34.44 32.7 33.54 51.35 53.34 23.02 23.19 25.18 25.5 29.53 31.3 46.1 44.15 67.03 65.03 50.99 
8.0 8.25 7.0 7.28 6.0 6.32 5.0 5.39 4.0 4.47 3.0 3.61 2.0 2.83 1.0 2.24 0.0 2.0 1.0 2.24 2.0 2.83 3.0 3.61 4.0 4.47 5.0 5.39 6.0 6.32 7.0 7.28 8.0 8.25 9.0 9.22 10.0 10.2 11.0 11.18 12.0 12.17 13.0 13.15 43.05 45.04 43.01 45.01 35.34 36.24 34.44 35.36 50.64 52.61 22.2 22.56 24.52 25.0 30.87 32.7 46.69 44.72 68.12 66.12 49.65 
8.25 8.0 7.28 7.0 6.32 6.0 5.39 5.0 4.47 4.0 3.61 3.0 2.83 2.0 2.24 1.0 2.0 0.0 2.24 1.0 2.83 2.0 3.61 3.0 4.47 4.0 5.39 5.0 6.32 6.0 7.28 7.0 8.25 8.0 9.22 9.0 10.2 10.0 11.18 11.0 12.17 12.0 13.15 13.0 43.19 45.18 43.1 45.1 34.54 35.34 33.62 34.44 50.36 52.35 22.02 22.2 24.19 24.52 29.07 30.87 47.07 45.12 68.03 66.03 50.01 
9.0 9.22 8.0 8.25 7.0 7.28 6.0 6.32 5.0 5.39 4.0 4.47 3.0 3.61 2.0 2.83 1.0 2.24 0.0 2.0 1.0 2.24 2.0 2.83 3.0 3.61 4.0 4.47 5.0 5.39 6.0 6.32 7.0 7.28 8.0 8.25 9.0 9.22 10.0 10.2 11.0 11.18 12.0 12.17 42.05 44.05 42.01 44.01 36.25 37.12 35.34 36.24 49.65 51.62 21.21 21.59 23.54 24.04 30.46 32.31 47.68 45.71 69.12 67.12 48.66 
9.22 9.0 8.25 8.0 7.28 7.0 6.32 6.0 5.39 5.0 4.47 4.0 3.61 3.0 2.83 2.0 2.24 1.0 2.0 0.0 2.24 1.0 2.83 2.0 3.61 3.0 4.47 4.0 5.39 5.0 6.32 6.0 7.28 7.0 8.25 8.0 9.22 9.0 10.2 10.0 11.18 11.0 12.17 12.0 42.19 44.18 42.11 44.1 35.47 36.25 34.54 35.34 49.37 51.35 21.02 21.21 23.19 23.54 28.64 30.46 48.05 46.1 69.03 67.03 49.03 
10.0 10.2 9.0 9.22 8.0 8.25 7.0 7.28 6.0 6.32 5.0 5.39 4.0 4.47 3.0 3.61 2.0 2.83 1.0 2.24 0.0 2.0 1.0 2.24 2.0 2.83 3.0 3.61 4.0 4.47 5.0 5.39 6.0 6.32 7.0 7.28 8.0 8.25 9.0 9.22 10.0 10.2 11.0 11.18 41.05 43.05 41.01 43.01 37.16 38.01 36.25 37.12 48.66 50.64 20.22 20.62 22.56 23.09 30.08 31.95 48.66 46.69 70.11 68.12 47.68 
10.2 10.0 9.22 9.0 8.25 8.0 7.28 7.0 6.32 6.0 5.39 5.0 4.47 4.0 3.61 3.0 2.83 2.0 2.24 1.0 2.0 0.0 2.24 1.0 2.83 2.0 3.61 3.0 4.47 4.0 5.39 5.0 6.32 6.0 7.28 7.0 8.25 8.0 9.22 9.0 10.2 10.0 11.18 11.0 41.19 43.19 41.11 43.1 36.4 37.16 35.47 36.25 48.37 50.36 20.02 20.22 22.2 22.56 28.23 30.08 49.03 47.07 70.03 68.03 48.05 
11.0 11.18 10.0 10.2 9.0 9.22 8.0 8.25 7.0 7.28 6.0 6.32 5.0 5.39 4.0 4.47 3.0 3.61 2.0 2.83 1.0 2.24 0.0 2.0 1.0 2.24 2.0 2.83 3.0 3.61 4.0 4.47 5.0 5.39 6.0 6.32 7.0 7.28 8.0 8.25 9.0 9.22 10.0 10.2 40.05 42.05 40.01 42.01 38.08 38.91 37.16 38.01 47.68 49.65 19.24 19.65 21.59 22.14 29.73 31.62 49.65 47.68 71.11 69.12 46.69 
11.18 11.0 10.2 10.0 9.22 9.0 8.25 8.0 7.28 7.0 6.32 6.0 5.39 5.0 4.47 4.0 3.61 3.0 2.83 2.0 2.24 1.0 2.0 0.0 2.24 1.0 2.83 2.0 3.61 3.0 4.47 4.0 5.39 5.0 6.32 6.0 7.28 7.0 8.25 8.0 9.22 9.0 10.2 10.0 40.2 42.19 40.11 42.11 37.34 38.08 36.4 37.16 47.38 49.37 19.03 19.24 21.21 21.59 27.86 29.73 50.01 48.05 71.03 69.03 47.07 
12.0 12.17 11.0 11.18 10.0 10.2 9.0 9.22 8.0 8.25 7.0 7.28 6.0 6.32 5.0 5.39 4.0 4.47 3.0 3.61 2.0 2.83 1.0 2.24 0.0 2.0 1.0 2.24 2.0 2.83 3.0 3.61 4.0 4.47 5.0 5.39 6.0 6.32 7.0 7.28 8.0 8.25 9.0 9.22 39.05 41.05 39.01 41.01 39.0 39.81 38.08 38.91 46.69 48.66 18.25 18.68 20.62 21.19 29.41 31.32 50.64 48.66 72.11 70.11 45.71 
12.17 12.0 11.18 11.0 10.2 10.0 9.22 9.0 8.25 8.0 7.28 7.0 6.32 6.0 5.39 5.0 4.47 4.0 3.61 3.0 2.83 2.0 2.24 1.0 2.0 0.0 2.24 1.0 2.83 2.0 3.61 3.0 4.47 4.0 5.39 5.0 6.32 6.0 7.28 7.0 8.25 8.0 9.22 9.0 39.2 41.19 39.12 41.11 38.28 39.0 37.34 38.08 46.39 48.37 18.03 18.25 20.22 20.62 27.51 29.41 50.99 49.03 72.03 70.03 46.1 
13.0 13.15 12.0 12.17 11.0 11.18 10.0 10.2 9.0 9.22 8.0 8.25 7.0 7.28 6.0 6.32 5.0 5.39 4.0 4.47 3.0 3.61 2.0 2.83 1.0 2.24 0.0 2.0 1.0 2.24 2.0 2.83 3.0 3.61 4.0 4.47 5.0 5.39 6.0 6.32 7.0 7.28 8.0 8.25 38.05 40.05 38.01 40.01 39.92 40.72 39.0 39.81 45.71 47.68 17.26 17.72 19.65 20.25 29.12 31.05 51.62 49.65 73.11 71.11 44.72 
13.15 13.0 12.17 12.0 11.18 11.0 10.2 10.0 9.22 9.0 8.25 8.0 7.28 7.0 6.32 6.0 5.39 5.0 4.47 4.0 3.61 3.0 2.83 2.0 2.24 1.0 2.0 0.0 2.24 1.0 2.83 2.0 3.61 3.0 4.47 4.0 5.39 5.0 6.32 6.0 7.28 7.0 8.25 8.0 38.21 40.2 38.12 40.11 39.22 39.92 38.28 39.0 45.4 47.38 17.03 17.26 19.24 19.65 27.2 29.12 51.97 50.01 73.03 71.03 45.12 
14.0 14.14 13.0 13.15 12.0 12.17 11.0 11.18 10.0 10.2 9.0 9.22 8.0 8.25 7.0 7.28 6.0 6.32 5.0 5.39 4.0 4.47 3.0 3.61 2.0 2.83 1.0 2.24 0.0 2.0 1.0 2.24 2.0 2.83 3.0 3.61 4.0 4.47 5.0 5.39 6.0 6.32 7.0 7.28 37.05 39.05 37.01 39.01 40.85 41.63 39.92 40.72 44.72 46.69 16.28 16.76 18.68 19.31 28.86 30.81 52.61 50.64 74.11 72.11 43.74 
14.14 14.0 13.15 13.0 12.17 12.0 11.18 11.0 10.2 10.0 9.22 9.0 8.25 8.0 7.28 7.0 6.32 6.0 5.39 5.0 4.47 4.0 3.61 3.0 2.83 2.0 2.24 1.0 2.0 0.0 2.24 1.0 2.83 2.0 3.61 3.0 4.47 4.0 5.39 5.0 6.32 6.0 7.28 7.0 37.22 39.2 37.12 39.12 40.16 40.85 39.22 39.92 44.41 46.39 16.03 16.28 18.25 18.68 26.93 28.86 52.95 50.99 74.03 72.03 44.15 
15.0 15.13 14.0 14.14 13.0 13.15 12.0 12.17 11.0 11.18 10.0 10.2 9.0 9.22 8.0 8.25 7.0 7.28 6.0 6.32 5.0 5.39 4.0 4.47 3.0 3.61 2.0 2.83 1.0 2.24 0.0 2.0 1.0 2.24 2.0 2.83 3.0 3.61 4.0 4.47 5.0 5.39 6.0 6.32 36.06 38.05 36.01 38.01 41.79 42.54 40.85 41.63 43.74 45.71 15.3 15.81 17.72 18.38 28.64 30.59 53.6 51.62 75.11 73.11 42.76 
15.13 15.0 14.14 14.0 13.15 13.0 12.17 12.0 11.18 11.0 10.2 10.0 9.22 9.0 8.25 8.0 7.28 7.0 6.32 6.0 5.39 5.0 4.47 4.0 3.61 3.0 2.83 2.0 2.24 1.0 2.0 0.0 2.24 1.0 2.83 2.0 3.61 3.0 4.47 4.0 5.39 5.0 6.32 6.0 36.22 38.21 36.12 38.12 41.11 41.79 40.16 40.85 43.42 45.4 15.03 15.3 17.26 17.72 26.68 28.64 53.94 51.97 75.03 73.03 43.17 
16.0 16.12 15.0 15.13 14.0 14.14 13.0 13.15 12.0 12.17 11.0 11.18 10.0 10.2 9.0 9.22 8.0 8.25 7.0 7.28 6.0 6.32 5.0 5.39 4.0 4.47 3.0 3.61 2.0 2.83 1.0 2.24 0.0 2.0 1.0 2.24 2.0 2.83 3.0 3.61 4.0 4.47 5.0 5.39 35.06 37.05 35.01 37.01 42.72 43.46 41.79 42.54 42.76 44.72 14.32 14.87 16.76 17.46 28.44 30.41 54.59 52.61 76.11 74.11 41.77 
16.12 16.0 15.13 15.0 14.14 14.0 13.15 13.0 12.17 12.0 11.18 11.0 10.2 10.0 9.22 9.0 8.25 8.0 7.28 7.0 6.32 6.0 5.39 5.0 4.47 4.0 3.61 3.0 2.83 2.0 2.24 1.0 2.0 0.0 2.24 1.0 2.83 2.0 3.61 3.0 4.47 4.0 5.39 5.0 35.23 37.22 35.13 37.12 42.06 42.72 41.11 41.79 42.43 44.41 14.04 14.32 16.28 16.76 26.48 28.44 54.92 52.95 76.03 74.03 42.2 
17.0 17.12 16.0 16.12 15.0 15.13 14.0 14.14 13.0 13.15 12.0 12.17 11.0 11.18 10.0 10.2 9.0 9.22 8.0 8.25 7.0 7.28 6.0 6.32 5.0 5.39 4.0 4.47 3.0 3.61 2.0 2.83 1.0 2.24 0.0 2.0 1.0 2.24 2.0 2.83 3.0 3.61 4.0 4.47 34.06 36.06 34.01 36.01 43.66 44.38 42.72 43.46 41.77 43.74 13.34 13.93 15.81 16.55 28.28 30.27 55.58 53.6 77.1 75.11 40.79 
17.12 17.0 16.12 16.0 15.13 15.0 14.14 14.0 13.15 13.0 12.17 12.0 11.18 11.0 10.2 10.0 9.22 9.0 8.25 8.0 7.28 7.0 6.32 6.0 5.39 5.0 4.47 4.0 3.61 3.0 2.83 2.0 2.24 1.0 2.0 0.0 2.24 1.0 2.83 2.0 3.61 3.0 4.47 4.0 34.23 36.22 34.13 36.12 43.01 43.66 42.06 42.72 41.44 43.42 13.04 13.34 15.3 15.81 26.31 28.28 55.9 53.94 77.03 75.03 41.23 
18.0 18.11 17.0 17.12 16.0 16.12 15.0 15.13 14.0 14.14 13.0 13.15 12.0 12.17 11.0 11.18 10.0 10.2 9.0 9.22 8.0 8.25 7.0 7.28 6.0 6.32 5.0 5.39 4.0 4.47 3.0 3.61 2.0 2.83 1.0 2.24 0.0 2.0 1.0 2.24 2.0 2.83 3.0 3.61 33.06 35.06 33.02 35.01 44.6 45.31 43.66 44.38 40.79 42.76 12.37 13.0 14.87 15.65 28.16 30.15 56.57 54.59 78.1 76.11 39.81 
18.11 18.0 17.12 17.0 16.12 16.0 15.13 15.0 14.14 14.0 13.15 13.0 12.17 12.0 11.18 11.0 10.2 10.0 9.22 9.0 8.25 8.0 7.28 7.0 6.32 6.0 5.39 5.0 4.47 4.0 3.61 3.0 2.83 2.0 2.24 1.0 2.0 0.0 2.24 1.0 2.83 2.0 3.61 3.0 33.24 35.23 33.14 35.13 43.97 44.6 43.01 43.66 40.45 42.43 12.04 12.37 14.32 14.87 26.17 28.16 56.89 54.92 78.03 76.03 40.26 
19.0 19.1 18.0 18.11 17.0 17.12 16.0 16.12 15.0 15.13 14.0 14.14 13.0 13.15 12.0 12.17 11.0 11.18 10.0 10.2 9.0 9.22 8.0 8.25 7.0 7.28 6.0 6.32 5.0 5.39 4.0 4.47 3.0 3.61 2.0 2.83 1.0 2.24 0.0 2.0 1.0 2.24 2.0 2.83 32.06 34.06 32.02 34.01 45.54 46.24 44.6 45.31 39.81 41.77 11.4 12.08 13.93 14.76 28.07 30.07 57.56 55.58 79.1 77.1 38.83 
19.1 19.0 18.11 18.0 17.12 17.0 16.12 16.0 15.13 15.0 14.14 14.0 13.15 13.0 12.17 12.0 11.18 11.0 10.2 10.0 9.22 9.0 8.25 8.0 7.28 7.0 6.32 6.0 5.39 5.0 4.47 4.0 3.61 3.0 2.83 2.0 2.24 1.0 2.0 0.0 2.24 1.0 2.83 2.0 32.25 34.23 32.14 34.13 44.92 45.54 43.97 44.6 39.46 41.44 11.05 11.4 13.34 13.93 26.08 28.07 57.87 55.9 79.03 77.03 39.29 
20.0 20.1 19.0 19.1 18.0 18.11 17.0 17.12 16.0 16.12 15.0 15.13 14.0 14.14 13.0 13.15 12.0 12.17 11.0 11.18 10.0 10.2 9.0 9.22 8.0 8.25 7.0 7.28 6.0 6.32 5.0 5.39 4.0 4.47 3.0 3.61 2.0 2.83 1.0 2.24 0.0 2.0 1.0 2.24 31.06 33.06 31.02 33.02 46.49 47.17 45.54 46.24 38.83 40.79 10.44 11.18 13.0 13.89 28.02 30.02 58.55 56.57 80.1 78.1 37.85 
20.1 20.0 19.1 19.0 18.11 18.0 17.12 17.0 16.12 16.0 15.13 15.0 14.14 14.0 13.15 13.0 12.17 12.0 11.18 11.0 10.2 10.0 9.22 9.0 8.25 8.0 7.28 7.0 6.32 6.0 5.39 5.0 4.47 4.0 3.61 3.0 2.83 2.0 2.24 1.0 2.0 0.0 2.24 1.0 31.26 33.24 31.14 33.14 45.88 46.49 44.92 45.54 38.47 40.45 10.05 10.44 12.37 13.0 26.02 28.02 58.86 56.89 80.02 78.03 38.33 
21.0 21.1 20.0 20.1 19.0 19.1 18.0 18.11 17.0 17.12 16.0 16.12 15.0 15.13 14.0 14.14 13.0 13.15 12.0 12.17 11.0 11.18 10.0 10.2 9.0 9.22 8.0 8.25 7.0 7.28 6.0 6.32 5.0 5.39 4.0 4.47 3.0 3.61 2.0 2.83 1.0 2.24 0.0 2.0 30.07 32.06 30.02 32.02 47.43 48.1 46.49 47.17 37.85 39.81 9.49 10.3 12.08 13.04 28.0 30.0 59.54 57.56 81.1 79.1 36.88 
21.1 21.0 20.1 20.0 19.1 19.0 18.11 18.0 17.12 17.0 16.12 16.0 15.13 15.0 14.14 14.0 13.15 13.0 12.17 12.0 11.18 11.0 10.2 10.0 9.22 9.0 8.25 8.0 7.28 7.0 6.32 6.0 5.39 5.0 4.47 4.0 3.61 3.0 2.83 2.0 2.24 1.0 2.0 0.0 30.27 32.25 30.15 32.14 46.84 47.43 45.88 46.49 37.48 39.46 9.06 9.49 11.4 12.08 26.0 28.0 59.84 57.87 81.02 79.03 37.36 
51.04 51.16 50.04 50.16 49.04 49.16 48.04 48.17 47.04 47.17 46.04 46.17 45.04 45.18 44.05 44.18 43.05 43.19 42.05 42.19 41.05 41.19 40.05 40.2 39.05 39.2 38.05 38.21 37.05 37.22 36.06 36.22 35.06 35.23 34.06 34.23 33.06 33.24 32.06 32.25 31.06 31.26 30.07 30.27 0.0 2.0 1.0 2.24 76.9 77.37 75.93 76.4 12.21 13.45 21.59 22.14 20.25 21.02 42.43 43.86 89.2 87.21 111.16 109.17 8.49 
53.04 53.15 52.04 52.15 51.04 51.16 50.04 50.16 49.04 49.16 48.04 48.17 47.04 47.17 46.04 46.17 45.04 45.18 44.05 44.18 43.05 43.19 42.05 42.19 41.05 41.19 40.05 40.2 39.05 39.2 38.05 38.21 37.05 37.22 36.06 36.22 35.06 35.23 34.06 34.23 33.06 33.24 32.06 32.25 2.0 0.0 2.24 1.0 78.85 79.31 77.88 78.34 11.18 12.21 23.54 24.04 22.14 22.85 43.86 45.25 91.2 89.2 113.16 111.16 7.21 
51.01 51.09 50.01 50.09 49.01 49.09 48.01 48.09 47.01 47.1 46.01 46.1 45.01 45.1 44.01 44.1 43.01 43.1 42.01 42.11 41.01 41.11 40.01 40.11 39.01 39.12 38.01 38.12 37.01 37.12 36.01 36.12 35.01 35.13 34.01 34.13 33.02 33.14 32.02 32.14 31.02 31.14 30.02 30.15 1.0 2.24 0.0 2.0 76.69 77.13 75.71 76.16 11.4 12.73 21.38 21.84 19.92 20.62 41.73 43.14 89.27 87.28 111.11 109.11 9.22 
53.01 53.08 52.01 52.09 51.01 51.09 50.01 50.09 49.01 49.09 48.01 48.09 47.01 47.1 46.01 46.1 45.01 45.1 44.01 44.1 43.01 43.1 42.01 42.11 41.01 41.11 40.01 40.11 39.01 39.12 38.01 38.12 37.01 37.12 36.01 36.12 35.01 35.13 34.01 34.13 33.02 33.14 32.02 32.14 2.24 1.0 2.0 0.0 78.64 79.08 77.67 78.1 10.3 11.4 23.35 23.77 21.84 22.47 43.19 44.55 91.27 89.27 113.11 111.11 8.06 
28.3 27.29 29.15 28.18 30.02 29.07 30.89 29.97 31.76 30.87 32.65 31.78 33.54 32.7 34.44 33.62 35.34 34.54 36.25 35.47 37.16 36.4 38.08 37.34 39.0 38.28 39.92 39.22 40.85 40.16 41.79 41.11 42.72 42.06 43.66 43.01 44.6 43.97 45.54 44.92 46.49 45.88 47.43 46.84 76.9 78.85 76.69 78.64 0.0 2.0 1.0 2.24 82.3 84.29 55.32 54.92 56.89 56.57 46.84 47.43 26.93 25.94 37.64 35.74 84.2 
29.41 28.3 30.23 29.15 31.06 30.02 31.91 30.89 32.76 31.76 33.62 32.65 34.48 33.54 35.36 34.44 36.24 35.34 37.12 36.25 38.01 37.16 38.91 38.08 39.81 39.0 40.72 39.92 41.63 40.85 42.54 41.79 43.46 42.72 44.38 43.66 45.31 44.6 46.24 45.54 47.17 46.49 48.1 47.43 77.37 79.31 77.13 79.08 2.0 0.0 2.24 1.0 82.49 84.48 55.79 55.32 57.27 56.89 46.32 46.84 28.65 27.73 38.28 36.4 84.77 
27.46 26.42 28.3 27.29 29.15 28.18 30.02 29.07 30.89 29.97 31.76 30.87 32.65 31.78 33.54 32.7 34.44 33.62 35.34 34.54 36.25 35.47 37.16 36.4 38.08 37.34 39.0 38.28 39.92 39.22 40.85 40.16 41.79 41.11 42.72 42.06 43.66 43.01 44.6 43.97 45.54 44.92 46.49 45.88 75.93 77.88 75.71 77.67 1.0 2.24 0.0 2.0 81.3 83.29 54.34 53.94 55.9 55.58 45.88 46.49 27.46 26.42 38.6 36.69 83.24 
28.6 27.46 29.41 28.3 30.23 29.15 31.06 30.02 31.91 30.89 32.76 31.76 33.62 32.65 34.48 33.54 35.36 34.44 36.24 35.34 37.12 36.25 38.01 37.16 38.91 38.08 39.81 39.0 40.72 39.92 41.63 40.85 42.54 41.79 43.46 42.72 44.38 43.66 45.31 44.6 46.24 45.54 47.17 46.49 76.4 78.34 76.16 78.1 2.24 1.0 2.0 0.0 81.5 83.49 54.82 54.34 56.29 55.9 45.35 45.88 29.15 28.18 39.22 37.34 83.82 
58.55 58.31 57.56 57.31 56.57 56.32 55.58 55.33 54.59 54.33 53.6 53.34 52.61 52.35 51.62 51.35 50.64 50.36 49.65 49.37 48.66 48.37 47.68 47.38 46.69 46.39 45.71 45.4 44.72 44.41 43.74 43.42 42.76 42.43 41.77 41.44 40.79 40.45 39.81 39.46 38.83 38.47 37.85 37.48 12.21 11.18 11.4 10.3 82.3 82.49 81.3 81.5 0.0 2.0 28.44 28.16 26.17 26.02 42.06 43.05 97.32 95.35 118.07 116.07 16.03 
60.53 60.3 59.54 59.3 58.55 58.31 57.56 57.31 56.57 56.32 55.58 55.33 54.59 54.33 53.6 53.34 52.61 52.35 51.62 51.35 50.64 50.36 49.65 49.37 48.66 48.37 47.68 47.38 46.69 46.39 45.71 45.4 44.72 44.41 43.74 43.42 42.76 42.43 41.77 41.44 40.79 40.45 39.81 39.46 13.45 12.21 12.73 11.4 84.29 84.48 83.29 83.49 2.0 0.0 30.41 30.15 28.16 28.02 43.83 44.78 99.3 97.32 120.07 118.07 16.28 
30.15 30.02 29.15 29.02 28.16 28.02 27.17 27.02 26.17 26.02 25.18 25.02 24.19 24.02 23.19 23.02 22.2 22.02 21.21 21.02 20.22 20.02 19.24 19.03 18.25 18.03 17.26 17.03 16.28 16.03 15.3 15.03 14.32 14.04 13.34 13.04 12.37 12.04 11.4 11.05 10.44 10.05 9.49 9.06 21.59 23.54 21.38 23.35 55.32 55.79 54.34 54.82 28.44 30.41 0.0 2.0 2.83 4.47 26.57 28.46 68.88 66.91 90.01 88.01 29.15 
30.41 30.15 29.43 29.15 28.44 28.16 27.46 27.17 26.48 26.17 25.5 25.18 24.52 24.19 23.54 23.19 22.56 22.2 21.59 21.21 20.62 20.22 19.65 19.24 18.68 18.25 17.72 17.26 16.76 16.28 15.81 15.3 14.87 14.32 13.93 13.34 13.0 12.37 12.08 11.4 11.18 10.44 10.3 9.49 22.14 24.04 21.84 23.77 54.92 55.32 53.94 54.34 28.16 30.15 2.0 0.0 2.0 2.83 24.7 26.57 69.23 67.27 90.01 88.01 29.97 
32.39 32.14 31.4 31.14 30.41 30.15 29.43 29.15 28.44 28.16 27.46 27.17 26.48 26.17 25.5 25.18 24.52 24.19 23.54 23.19 22.56 22.2 21.59 21.21 20.62 20.22 19.65 19.24 18.68 18.25 17.72 17.26 16.76 16.28 15.81 15.3 14.87 14.32 13.93 13.34 13.0 12.37 12.08 11.4 20.25 22.14 19.92 21.84 56.89 57.27 55.9 56.29 26.17 28.16 2.83 2.0 0.0 2.0 25.5 27.31 71.2 69.23 92.01 90.01 28.18 
32.76 32.39 31.78 31.4 30.81 30.41 29.83 29.43 28.86 28.44 27.89 27.46 26.93 26.48 25.96 25.5 25.0 24.52 24.04 23.54 23.09 22.56 22.14 21.59 21.19 20.62 20.25 19.65 19.31 18.68 18.38 17.72 17.46 16.76 16.55 15.81 15.65 14.87 14.76 13.93 13.89 13.0 13.04 12.08 21.02 22.85 20.62 22.47 56.57 56.89 55.58 55.9 26.02 28.02 4.47 2.83 2.0 0.0 23.71 25.5 71.59 69.63 92.05 90.05 29.15 
35.0 33.42 34.41 32.8 33.84 32.2 33.29 31.62 32.76 31.06 32.25 30.53 31.76 30.02 31.3 29.53 30.87 29.07 30.46 28.64 30.08 28.23 29.73 27.86 29.41 27.51 29.12 27.2 28.86 26.93 28.64 26.68 28.44 26.48 28.28 26.31 28.16 26.17 28.07 26.08 28.02 26.02 28.0 26.0 42.43 43.86 41.73 43.19 46.84 46.32 45.88 45.35 42.06 43.83 26.57 24.7 25.5 23.71 0.0 2.0 69.12 67.42 84.48 82.57 50.91 
36.62 35.0 36.06 34.41 35.51 33.84 34.99 33.29 34.48 32.76 34.0 32.25 33.54 31.76 33.11 31.3 32.7 30.87 32.31 30.46 31.95 30.08 31.62 29.73 31.32 29.41 31.05 29.12 30.81 28.86 30.59 28.64 30.41 28.44 30.27 28.28 30.15 28.16 30.07 28.07 30.02 28.02 30.0 28.0 43.86 45.25 43.14 44.55 47.43 46.84 46.49 45.88 43.05 44.78 28.46 26.57 27.31 25.5 2.0 0.0 70.18 68.51 85.07 83.17 52.35 
38.83 39.29 39.81 40.26 40.79 41.23 41.77 42.2 42.76 43.17 43.74 44.15 44.72 45.12 45.71 46.1 46.69 47.07 47.68 48.05 48.66 49.03 49.65 50.01 50.64 50.99 51.62 51.97 52.61 52.95 53.6 53.94 54.59 54.92 55.58 55.9 56.57 56.89 57.56 57.87 58.55 58.86 59.54 59.84 89.2 91.2 89.27 91.27 26.93 28.65 27.46 29.15 97.32 99.3 68.88 69.23 71.2 71.59 69.12 70.18 0.0 2.0 25.06 23.32 95.0 
36.88 37.36 37.85 38.33 38.83 39.29 39.81 40.26 40.79 41.23 41.77 42.2 42.76 43.17 43.74 44.15 44.72 45.12 45.71 46.1 46.69 47.07 47.68 48.05 48.66 49.03 49.65 50.01 50.64 50.99 51.62 51.97 52.61 52.95 53.6 53.94 54.59 54.92 55.58 55.9 56.57 56.89 57.56 57.87 87.21 89.2 87.28 89.27 25.94 27.73 26.42 28.18 95.35 97.32 66.91 67.27 69.23 69.63 67.42 68.51 2.0 0.0 26.83 25.06 93.0 
60.13 60.03 61.13 61.03 62.13 62.03 63.13 63.03 64.12 64.03 65.12 65.03 66.12 66.03 67.12 67.03 68.12 68.03 69.12 69.03 70.11 70.03 71.11 71.03 72.11 72.03 73.11 73.03 74.11 74.03 75.11 75.03 76.11 76.03 77.1 77.03 78.1 78.03 79.1 79.03 80.1 80.02 81.1 81.02 111.16 113.16 111.11 113.11 37.64 38.28 38.6 39.22 118.07 120.07 90.01 90.01 92.01 92.05 84.48 85.07 25.06 26.83 0.0 2.0 117.61 
58.14 58.03 59.14 59.03 60.13 60.03 61.13 61.03 62.13 62.03 63.13 63.03 64.12 64.03 65.12 65.03 66.12 66.03 67.12 67.03 68.12 68.03 69.12 69.03 70.11 70.03 71.11 71.03 72.11 72.03 73.11 73.03 74.11 74.03 75.11 75.03 76.11 76.03 77.1 77.03 78.1 78.03 79.1 79.03 109.17 111.16 109.11 111.11 35.74 36.4 36.69 37.34 116.07 118.07 88.01 88.01 90.01 90.05 82.57 83.17 23.32 25.06 2.0 0.0 115.62 
57.56 57.87 56.57 56.89 55.58 55.9 54.59 54.92 53.6 53.94 52.61 52.95 51.62 51.97 50.64 50.99 49.65 50.01 48.66 49.03 47.68 48.05 46.69 47.07 45.71 46.1 44.72 45.12 43.74 44.15 42.76 43.17 41.77 42.2 40.79 41.23 39.81 40.26 38.83 39.29 37.85 38.33 36.88 37.36 8.49 7.21 9.22 8.06 84.2 84.77 83.24 83.82 16.03 16.28 29.15 29.97 28.18 29.15 50.91 52.35 95.0 93.0 117.61 115.62 0.0 
