55
0.0 2.0 1.0 2.24 2.0 2.83 3.0 3.61 17.8 16.28 18.44 16.97 5.0 4.12 54.45 56.44 6.08 6.08 11.05 11.05 5.0 5.39 6.4 7.81 21.38 21.1 12.04 10.63 37.05 39.05 21.47 22.47 25.18 25.02 12.08 10.3 31.4 33.38 5.83 7.62 15.26 16.4 16.76 16.28 44.38 43.93 21.02 21.95 9.49 10.3 8.54 9.43 10.0 8.49 17.89 
2.0 0.0 2.24 1.0 2.83 2.0 3.61 3.0 19.42 17.8 20.0 18.44 3.61 2.24 54.23 56.22 4.12 4.12 13.04 13.04 7.0 7.28 5.0 6.71 21.84 21.38 10.82 9.22 37.22 39.2 20.62 21.47 25.5 25.18 13.93 12.08 31.14 33.14 7.07 8.6 13.6 14.87 17.46 16.76 44.92 44.38 20.25 21.02 9.06 9.49 6.71 7.81 11.31 10.0 18.87 
1.0 2.24 0.0 2.0 1.0 2.24 2.0 2.83 17.2 15.62 17.8 16.28 5.66 4.47 53.46 55.44 6.32 6.0 11.18 11.0 5.1 5.1 5.83 7.07 20.4 20.1 12.81 11.31 36.06 38.05 22.36 23.32 24.19 24.02 11.7 9.85 30.41 32.39 5.0 6.71 14.76 15.81 17.72 17.26 43.42 42.95 21.93 22.83 8.54 9.43 8.25 8.94 10.82 9.22 18.79 
2.24 1.0 2.0 0.0 2.24 1.0 2.83 2.0 18.87 17.2 19.42 17.8 4.47 2.83 53.24 55.23 4.47 4.0 13.15 13.0 7.07 7.07 4.24 5.83 20.88 20.4 11.66 10.0 36.22 38.21 21.54 22.36 24.52 24.19 13.6 11.7 30.15 32.14 6.4 7.81 13.04 14.21 18.38 17.72 43.97 43.42 21.19 21.93 8.06 8.54 6.32 7.21 12.04 10.63 19.72 
2.0 2.83 1.0 2.24 0.0 2.0 1.0 2.24 16.64 15.0 17.2 15.62 6.4 5.0 52.47 54.45 6.71 6.08 11.4 11.05 5.39 5.0 5.39 6.4 19.42 19.1 13.6 12.04 35.06 37.05 23.26 24.19 23.19 23.02 11.4 9.49 29.43 31.4 4.24 5.83 14.32 15.26 18.68 18.25 42.45 41.98 22.85 23.71 7.62 8.6 8.06 8.54 11.66 10.0 19.7 
2.83 2.0 2.24 1.0 2.0 0.0 2.24 1.0 18.36 16.64 18.87 17.2 5.39 3.61 52.24 54.23 5.0 4.12 13.34 13.04 7.28 7.0 3.61 5.0 19.92 19.42 12.53 10.82 35.23 37.22 22.47 23.26 23.54 23.19 13.34 11.4 29.15 31.14 5.83 7.07 12.53 13.6 19.31 18.68 43.01 42.45 22.14 22.85 7.07 7.62 6.08 6.71 12.81 11.31 20.59 
3.0 3.61 2.0 2.83 1.0 2.24 0.0 2.0 16.12 14.42 16.64 15.0 7.21 5.66 51.48 53.46 7.21 6.32 11.7 11.18 5.83 5.1 5.1 5.83 18.44 18.11 14.42 12.81 34.06 36.06 24.17 25.06 22.2 22.02 11.18 9.22 28.44 30.41 3.61 5.0 13.93 14.76 19.65 19.24 41.48 41.0 23.77 24.6 6.71 7.81 8.0 8.25 12.53 10.82 20.62 
3.61 3.0 2.83 2.0 2.24 1.0 2.0 0.0 17.89 16.12 18.36 16.64 6.32 4.47 51.24 53.24 5.66 4.47 13.6 13.15 7.62 7.07 3.16 4.24 18.97 18.44 13.42 11.66 34.23 36.22 23.41 24.17 22.56 22.2 13.15 11.18 28.16 30.15 5.39 6.4 12.08 13.04 20.25 19.65 42.06 41.48 23.09 23.77 6.08 6.71 6.0 6.32 13.6 12.04 21.47 
17.8 19.42 17.2 18.87 16.64 18.36 16.12 17.89 0.0 2.0 1.0 2.24 22.8 21.63 47.85 49.66 23.32 22.36 12.37 10.44 14.21 12.73 20.25 19.65 14.14 15.62 29.73 28.43 28.64 30.46 38.42 39.7 17.8 19.1 6.71 7.81 27.59 29.07 12.53 11.7 27.17 27.02 28.46 29.15 32.14 32.39 37.8 39.05 17.12 19.1 23.41 22.8 20.62 18.79 27.66 
16.28 17.8 15.62 17.2 15.0 16.64 14.42 16.12 2.0 0.0 2.24 1.0 21.26 20.0 47.01 48.85 21.63 20.59 12.04 10.05 13.04 11.4 18.38 17.72 12.81 14.14 28.28 26.91 27.86 29.73 37.2 38.42 16.64 17.8 6.08 6.71 26.25 27.8 10.82 9.85 25.18 25.02 27.89 28.46 32.02 32.14 36.62 37.8 15.13 17.12 21.54 20.88 19.92 18.03 27.29 
18.44 20.0 17.8 19.42 17.2 18.87 16.64 18.36 1.0 2.24 0.0 2.0 23.43 22.2 46.96 48.75 23.85 22.83 13.34 11.4 15.0 13.45 20.62 19.92 13.45 15.0 30.41 29.07 27.73 29.55 39.2 40.46 17.03 18.38 7.62 8.6 26.87 28.32 13.04 12.08 27.29 27.07 29.41 30.08 31.14 31.4 38.6 39.82 17.26 19.24 23.77 23.09 21.54 19.7 28.64 
16.97 18.44 16.28 17.8 15.62 17.2 15.0 16.64 2.24 1.0 2.0 0.0 21.93 20.62 46.1 47.93 22.2 21.1 13.04 11.05 13.89 12.21 18.79 18.03 12.04 13.45 29.0 27.59 26.93 28.79 38.01 39.2 15.81 17.03 7.07 7.62 25.5 27.02 11.4 10.3 25.32 25.08 28.86 29.41 31.02 31.14 37.44 38.6 15.3 17.26 21.93 21.19 20.88 18.97 28.28 
5.0 3.61 5.66 4.47 6.4 5.39 7.21 6.32 22.8 21.26 23.43 21.93 0.0 2.0 57.08 59.08 2.83 4.47 15.13 15.52 9.49 10.3 7.07 9.06 25.3 24.74 7.21 5.66 40.45 42.43 17.09 17.89 28.86 28.44 17.0 15.26 34.01 36.01 10.63 12.21 14.21 15.81 15.81 14.76 48.38 47.8 16.76 17.46 12.04 12.04 7.21 8.94 11.18 10.44 17.69 
4.12 2.24 4.47 2.83 5.0 3.61 5.66 4.47 21.63 20.0 22.2 20.62 2.0 0.0 55.08 57.08 2.0 2.83 15.0 15.13 9.06 9.49 5.1 7.07 23.41 22.8 8.94 7.21 38.47 40.45 18.97 19.7 26.93 26.48 16.16 14.32 32.02 34.01 9.22 10.63 12.73 14.21 17.49 16.55 46.49 45.88 18.68 19.31 10.05 10.05 5.66 7.21 12.21 11.18 19.21 
54.45 54.23 53.46 53.24 52.47 52.24 51.48 51.24 47.85 47.01 46.96 46.1 57.08 55.08 0.0 2.0 55.01 53.01 57.87 55.97 55.32 53.37 50.04 48.04 34.79 34.21 63.01 61.01 19.24 17.49 73.06 73.17 30.68 30.08 52.2 51.55 23.09 21.1 50.01 48.05 46.39 44.41 71.02 70.71 21.1 19.42 73.03 73.11 45.18 45.04 51.01 49.01 63.35 61.39 71.59 
56.44 56.22 55.44 55.23 54.45 54.23 53.46 53.24 49.66 48.85 48.75 47.93 59.08 57.08 2.0 0.0 57.01 55.01 59.77 57.87 57.27 55.32 52.04 50.04 36.69 36.14 65.01 63.01 21.02 19.24 75.06 75.17 32.57 32.02 54.08 53.45 25.08 23.09 51.97 50.01 48.37 46.39 72.99 72.69 22.2 20.62 75.03 75.11 47.17 47.04 53.01 51.01 65.31 63.35 73.55 
6.08 4.12 6.32 4.47 6.71 5.0 7.21 5.66 23.32 21.63 23.85 22.2 2.83 2.0 55.01 57.01 0.0 2.0 17.0 17.12 11.05 11.4 5.1 7.07 24.17 23.41 8.25 6.32 38.83 40.79 18.44 18.97 27.51 26.93 18.03 16.16 32.02 34.01 10.82 12.04 11.4 13.04 18.6 17.49 47.17 46.49 18.25 18.68 10.44 10.05 4.47 6.32 13.89 13.0 20.52 
6.08 4.12 6.0 4.0 6.08 4.12 6.32 4.47 22.36 20.59 22.83 21.1 4.47 2.83 53.01 55.01 2.0 0.0 17.12 17.0 11.05 11.05 3.16 5.1 22.36 21.54 10.2 8.25 36.88 38.83 20.4 20.88 25.63 25.0 17.46 15.52 30.02 32.02 9.85 10.82 9.9 11.4 20.25 19.24 45.31 44.6 20.22 20.62 8.54 8.06 2.83 4.47 15.0 13.89 22.02 
11.05 13.04 11.18 13.15 11.4 13.34 11.7 13.6 12.37 12.04 13.34 13.04 15.13 15.0 57.87 59.77 17.0 17.12 0.0 2.0 6.08 6.71 16.76 17.46 23.09 23.77 20.62 19.92 39.05 41.0 27.66 29.21 27.2 27.86 6.0 6.32 35.78 37.58 10.0 11.31 25.63 26.4 16.16 17.0 44.0 44.05 26.91 28.43 17.2 18.87 19.42 19.92 8.6 7.07 15.3 
11.05 13.04 11.0 13.0 11.05 13.04 11.18 13.15 10.44 10.05 11.4 11.05 15.52 15.13 55.97 57.87 17.12 17.0 2.0 0.0 6.08 6.08 16.28 16.76 21.19 21.93 21.47 20.62 37.11 39.05 29.0 30.48 25.3 26.0 4.0 4.47 34.0 35.78 8.94 10.0 25.0 25.63 18.03 18.79 42.0 42.05 28.28 29.73 16.12 17.89 19.1 19.42 10.3 8.6 17.26 
5.0 7.0 5.1 7.07 5.39 7.28 5.83 7.62 14.21 13.04 15.0 13.89 9.49 9.06 55.32 57.27 11.05 11.05 6.08 6.08 0.0 2.0 10.77 11.66 21.02 21.21 15.81 14.76 37.12 39.12 24.21 25.5 25.08 25.32 7.81 6.4 32.57 34.48 5.39 7.28 19.7 20.59 16.0 16.12 43.42 43.19 23.6 24.84 12.04 13.45 13.34 13.93 8.06 6.08 16.28 
5.39 7.28 5.1 7.07 5.0 7.0 5.1 7.07 12.73 11.4 13.45 12.21 10.3 9.49 53.37 55.32 11.4 11.05 6.71 6.08 2.0 0.0 10.2 10.77 19.03 19.24 17.03 15.81 35.13 37.12 25.81 27.02 23.09 23.35 6.71 5.0 30.68 32.57 3.61 5.39 18.97 19.7 18.0 18.11 41.44 41.19 25.24 26.4 10.63 12.21 13.04 13.34 10.05 8.06 18.25 
6.4 5.0 5.83 4.24 5.39 3.61 5.1 3.16 20.25 18.38 20.62 18.79 7.07 5.1 50.04 52.04 5.1 3.16 16.76 16.28 10.77 10.2 0.0 2.0 19.24 18.38 13.34 11.4 33.73 35.69 23.54 24.04 22.47 21.84 16.03 14.04 27.0 29.0 8.06 8.54 8.94 10.0 22.36 21.54 42.15 41.44 23.35 23.77 5.39 5.0 3.16 3.16 16.28 14.87 23.85 
7.81 6.71 7.07 5.83 6.4 5.0 5.83 4.24 19.65 17.72 19.92 18.03 9.06 7.07 48.04 50.04 7.07 5.1 17.46 16.76 11.66 10.77 2.0 0.0 17.49 16.55 15.3 13.34 31.78 33.73 25.5 25.96 20.62 19.92 16.03 14.04 25.0 27.0 8.06 8.06 8.25 8.94 24.17 23.41 40.31 39.56 25.32 25.71 3.61 3.0 4.24 3.16 17.8 16.28 25.55 
21.38 21.84 20.4 20.88 19.42 19.92 18.44 18.97 14.14 12.81 13.45 12.04 25.3 23.41 34.79 36.69 24.17 22.36 23.09 21.19 21.02 19.03 19.24 17.49 0.0 2.0 32.31 30.46 16.12 18.11 42.38 43.08 4.12 5.0 17.46 16.76 13.45 15.0 16.03 14.04 21.4 20.25 37.01 37.01 23.09 22.56 42.06 42.72 13.89 15.0 21.63 20.0 29.07 27.07 37.22 
21.1 21.38 20.1 20.4 19.1 19.42 18.11 18.44 15.62 14.14 15.0 13.45 24.74 22.8 34.21 36.14 23.41 21.54 23.77 21.93 21.21 19.24 18.38 16.55 2.0 0.0 31.62 29.73 16.0 18.0 41.76 42.38 4.12 4.12 18.36 17.46 12.21 13.89 16.03 14.04 19.85 18.6 37.12 37.01 23.77 23.09 41.48 42.06 13.0 13.89 20.59 18.87 29.27 27.29 37.48 
12.04 10.82 12.81 11.66 13.6 12.53 14.42 13.42 29.73 28.28 30.41 29.0 7.21 8.94 63.01 65.01 8.25 10.2 20.62 21.47 15.81 17.03 13.34 15.3 32.31 31.62 0.0 2.0 47.07 49.03 10.2 10.77 35.74 35.17 23.6 22.02 40.11 42.11 17.8 19.42 17.72 19.65 14.76 13.04 55.36 54.71 10.05 10.44 18.68 18.25 12.0 14.0 14.04 14.32 17.46 
10.63 9.22 11.31 10.0 12.04 10.82 12.81 11.66 28.43 26.91 29.07 27.59 5.66 7.21 61.01 63.01 6.32 8.25 19.92 20.62 14.76 15.81 11.4 13.34 30.46 29.73 2.0 0.0 45.12 47.07 12.17 12.65 33.84 33.24 22.47 20.81 38.12 40.11 16.28 17.8 15.81 17.72 15.81 14.21 53.49 52.81 12.04 12.37 16.76 16.28 10.0 12.0 14.04 14.04 18.36 
37.05 37.22 36.06 36.22 35.06 35.23 34.06 34.23 28.64 27.86 27.73 26.93 40.45 38.47 19.24 21.02 38.83 36.88 39.05 37.11 37.12 35.13 33.73 31.78 16.12 16.0 47.07 45.12 0.0 2.0 57.27 57.72 12.04 12.04 33.24 32.76 9.22 8.06 32.02 30.02 32.65 30.89 53.08 53.01 10.82 9.22 57.07 57.49 28.44 28.86 35.44 33.53 45.18 43.19 53.34 
39.05 39.2 38.05 38.21 37.05 37.22 36.06 36.22 30.46 29.73 29.55 28.79 42.43 40.45 17.49 19.24 40.79 38.83 41.0 39.05 39.12 37.12 35.69 33.73 18.11 18.0 49.03 47.07 2.0 0.0 59.23 59.67 14.04 14.04 35.17 34.71 10.63 9.22 34.01 32.02 34.44 32.65 55.08 55.01 9.85 8.06 59.03 59.44 30.41 30.81 37.36 35.44 47.17 45.18 55.33 
21.47 20.62 22.36 21.54 23.26 22.47 24.17 23.41 38.42 37.2 39.2 38.01 17.09 18.97 73.06 75.06 18.44 20.4 27.66 29.0 24.21 25.81 23.54 25.5 42.38 41.76 10.2 12.17 57.27 59.23 0.0 2.0 45.88 45.35 31.89 30.61 50.25 52.24 27.29 29.07 27.17 29.15 15.3 13.34 65.46 64.85 1.0 1.0 28.86 28.44 22.09 24.08 19.42 20.62 18.25 
22.47 21.47 23.32 22.36 24.19 23.26 25.06 24.17 39.7 38.42 40.46 39.2 17.89 19.7 73.17 75.17 18.97 20.88 29.21 30.48 25.5 27.02 24.04 25.96 43.08 42.38 10.77 12.65 57.72 59.67 2.0 0.0 46.49 45.88 33.24 31.89 50.49 52.47 28.3 30.02 27.02 29.02 17.26 15.3 66.13 65.46 3.0 1.0 29.41 28.86 22.36 24.33 21.1 22.2 20.22 
25.18 25.5 24.19 24.52 23.19 23.54 22.2 22.56 17.8 16.64 17.03 15.81 28.86 26.93 30.68 32.57 27.51 25.63 27.2 25.3 25.08 23.09 22.47 20.62 4.12 4.12 35.74 33.84 12.04 14.04 45.88 46.49 0.0 2.0 21.54 20.88 10.0 11.31 20.0 18.0 23.35 21.93 41.05 41.0 19.7 18.97 45.61 46.17 17.09 17.89 24.6 22.83 33.14 31.14 41.3 
25.02 25.18 24.02 24.19 23.02 23.19 22.02 22.2 19.1 17.8 18.38 17.03 28.44 26.48 30.08 32.02 26.93 25.0 27.86 26.0 25.32 23.35 21.84 19.92 5.0 4.12 35.17 33.24 12.04 14.04 45.35 45.88 2.0 0.0 22.36 21.54 8.49 10.0 20.1 18.11 22.02 20.52 41.19 41.05 20.59 19.7 45.12 45.61 16.49 17.09 23.77 21.93 33.38 31.4 41.59 
12.08 13.93 11.7 13.6 11.4 13.34 11.18 13.15 6.71 6.08 7.62 7.07 17.0 16.16 52.2 54.08 18.03 17.46 6.0 4.0 7.81 6.71 16.03 16.03 17.46 18.36 23.6 22.47 33.24 35.17 31.89 33.24 21.54 22.36 0.0 2.0 30.53 32.25 8.0 8.25 24.19 24.52 21.84 22.47 38.0 38.05 31.24 32.56 14.56 16.49 19.1 19.0 13.93 12.08 21.21 
10.3 12.08 9.85 11.7 9.49 11.4 9.22 11.18 7.81 6.71 8.6 7.62 15.26 14.32 51.55 53.45 16.16 15.52 6.32 4.47 6.4 5.0 14.04 14.04 16.76 17.46 22.02 20.81 32.76 34.71 30.61 31.89 20.88 21.54 2.0 0.0 29.53 31.3 6.0 6.32 22.2 22.56 21.38 21.84 38.05 38.0 30.0 31.24 12.65 14.56 17.12 17.0 13.34 11.4 21.02 
31.4 31.14 30.41 30.15 29.43 29.15 28.44 28.16 27.59 26.25 26.87 25.5 34.01 32.02 23.09 25.08 32.02 30.02 35.78 34.0 32.57 30.68 27.0 25.0 13.45 12.21 40.11 38.12 9.22 10.63 50.25 50.49 10.0 8.49 30.53 29.53 0.0 2.0 27.2 25.3 24.35 22.47 48.05 47.68 20.0 18.44 50.16 50.36 22.09 22.0 28.16 26.17 40.52 38.6 48.76 
33.38 33.14 32.39 32.14 31.4 31.14 30.41 30.15 29.07 27.8 28.32 27.02 36.01 34.01 21.1 23.09 34.01 32.02 37.58 35.78 34.48 32.57 29.0 27.0 15.0 13.89 42.11 40.11 8.06 9.22 52.24 52.47 11.31 10.0 32.25 31.3 2.0 0.0 29.12 27.2 26.25 24.35 50.01 49.65 18.87 17.2 52.15 52.35 24.08 24.0 30.15 28.16 42.45 40.52 50.7 
5.83 7.07 5.0 6.4 4.24 5.83 3.61 5.39 12.53 10.82 13.04 11.4 10.63 9.22 50.01 51.97 10.82 9.85 10.0 8.94 5.39 3.61 8.06 8.06 16.03 16.03 17.8 16.28 32.02 34.01 27.29 28.3 20.0 20.1 8.0 6.0 27.2 29.12 0.0 2.0 16.28 16.76 21.1 21.0 38.83 38.47 26.83 27.78 7.21 8.94 11.18 11.0 13.34 11.4 21.59 
7.62 8.6 6.71 7.81 5.83 7.07 5.0 6.4 11.7 9.85 12.08 10.3 12.21 10.63 48.05 50.01 12.04 10.82 11.31 10.0 7.28 5.39 8.54 8.06 14.04 14.04 19.42 17.8 30.02 32.02 29.07 30.02 18.0 18.11 8.25 6.32 25.3 27.2 2.0 0.0 16.03 16.28 23.09 23.0 36.88 36.5 28.64 29.53 6.32 8.25 11.7 11.18 15.3 13.34 23.54 
15.26 13.6 14.76 13.04 14.32 12.53 13.93 12.08 27.17 25.18 27.29 25.32 14.21 12.73 46.39 48.37 11.4 9.9 25.63 25.0 19.7 18.97 8.94 8.25 21.4 19.85 17.72 15.81 32.65 34.44 27.17 27.02 23.35 22.02 24.19 22.2 24.35 26.25 16.28 16.03 0.0 2.0 30.0 28.84 42.44 41.34 27.29 27.07 10.05 8.06 7.07 5.83 24.84 23.6 31.89 
16.4 14.87 15.81 14.21 15.26 13.6 14.76 13.04 27.02 25.02 27.07 25.08 15.81 14.21 44.41 46.39 13.04 11.4 26.4 25.63 20.59 19.7 10.0 8.94 20.25 18.6 19.65 17.72 30.89 32.65 29.15 29.02 21.93 20.52 24.52 22.56 22.47 24.35 16.76 16.28 2.0 0.0 31.62 30.53 40.8 39.66 29.27 29.07 10.05 8.06 8.6 7.07 26.17 24.84 33.42 
16.76 17.46 17.72 18.38 18.68 19.31 19.65 20.25 28.46 27.89 29.41 28.86 15.81 17.49 71.02 72.99 18.6 20.25 16.16 18.03 16.0 18.0 22.36 24.17 37.01 37.12 14.76 15.81 53.08 55.08 15.3 17.26 41.05 41.19 21.84 21.38 48.05 50.01 21.1 23.09 30.0 31.62 0.0 2.0 59.3 59.14 14.32 16.28 26.25 26.93 23.02 24.7 8.06 10.05 3.0 
16.28 16.76 17.26 17.72 18.25 18.68 19.24 19.65 29.15 28.46 30.08 29.41 14.76 16.55 70.71 72.69 17.49 19.24 17.0 18.79 16.12 18.11 21.54 23.41 37.01 37.01 13.04 14.21 53.01 55.01 13.34 15.3 41.0 41.05 22.47 21.84 47.68 49.65 21.0 23.0 28.84 30.53 2.0 0.0 59.54 59.3 12.37 14.32 25.71 26.25 21.95 23.71 8.54 10.44 5.0 
44.38 44.92 43.42 43.97 42.45 43.01 41.48 42.06 32.14 32.02 31.14 31.02 48.38 46.49 21.1 22.2 47.17 45.31 44.0 42.0 43.42 41.44 42.15 40.31 23.09 23.77 55.36 53.49 10.82 9.85 65.46 66.13 19.7 20.59 38.0 38.05 20.0 18.87 38.83 36.88 42.44 40.8 59.3 59.54 0.0 2.0 65.15 65.79 36.77 37.58 44.28 42.49 51.24 49.25 59.08 
43.93 44.38 42.95 43.42 41.98 42.45 41.0 41.48 32.39 32.14 31.4 31.14 47.8 45.88 19.42 20.62 46.49 44.6 44.05 42.05 43.19 41.19 41.44 39.56 22.56 23.09 54.71 52.81 9.22 8.06 64.85 65.46 18.97 19.7 38.05 38.0 18.44 17.2 38.47 36.5 41.34 39.66 59.14 59.3 2.0 0.0 64.56 65.15 36.06 36.77 43.46 41.63 51.09 49.09 59.01 
21.02 20.25 21.93 21.19 22.85 22.14 23.77 23.09 37.8 36.62 38.6 37.44 16.76 18.68 73.03 75.03 18.25 20.22 26.91 28.28 23.6 25.24 23.35 25.32 42.06 41.48 10.05 12.04 57.07 59.03 1.0 3.0 45.61 45.12 31.24 30.0 50.16 52.15 26.83 28.64 27.29 29.27 14.32 12.37 65.15 64.56 0.0 2.0 28.64 28.28 22.02 24.02 18.6 19.85 17.26 
21.95 21.02 22.83 21.93 23.71 22.85 24.6 23.77 39.05 37.8 39.82 38.6 17.46 19.31 73.11 75.11 18.68 20.62 28.43 29.73 24.84 26.4 23.77 25.71 42.72 42.06 10.44 12.37 57.49 59.44 1.0 1.0 46.17 45.61 32.56 31.24 50.36 52.35 27.78 29.53 27.07 29.07 16.28 14.32 65.79 65.15 2.0 0.0 29.12 28.64 22.2 24.19 20.25 21.4 19.24 
9.49 9.06 8.54 8.06 7.62 7.07 6.71 6.08 17.12 15.13 17.26 15.3 12.04 10.05 45.18 47.17 10.44 8.54 17.2 16.12 12.04 10.63 5.39 3.61 13.89 13.0 18.68 16.76 28.44 30.41 28.86 29.41 17.09 16.49 14.56 12.65 22.09 24.08 7.21 6.32 10.05 10.05 26.25 25.71 36.77 36.06 28.64 29.12 0.0 2.0 7.81 6.4 19.24 17.49 27.31 
10.3 9.49 9.43 8.54 8.6 7.62 7.81 6.71 19.1 17.12 19.24 17.26 12.04 10.05 45.04 47.04 10.05 8.06 18.87 17.89 13.45 12.21 5.0 3.0 15.0 13.89 18.25 16.28 28.86 30.81 28.44 28.86 17.89 17.09 16.49 14.56 22.0 24.0 8.94 8.25 8.06 8.06 26.93 26.25 37.58 36.77 28.28 28.64 2.0 0.0 6.71 5.0 20.25 18.6 28.18 
8.54 6.71 8.25 6.32 8.06 6.08 8.0 6.0 23.41 21.54 23.77 21.93 7.21 5.66 51.01 53.01 4.47 2.83 19.42 19.1 13.34 13.04 3.16 4.24 21.63 20.59 12.0 10.0 35.44 37.36 22.09 22.36 24.6 23.77 19.1 17.12 28.16 30.15 11.18 11.7 7.07 8.6 23.02 21.95 44.28 43.46 22.02 22.2 7.81 6.71 0.0 2.0 17.8 16.64 24.84 
9.43 7.81 8.94 7.21 8.54 6.71 8.25 6.32 22.8 20.88 23.09 21.19 8.94 7.21 49.01 51.01 6.32 4.47 19.92 19.42 13.93 13.34 3.16 3.16 20.0 18.87 14.0 12.0 33.53 35.44 24.08 24.33 22.83 21.93 19.0 17.0 26.17 28.16 11.0 11.18 5.83 7.07 24.7 23.71 42.49 41.63 24.02 24.19 6.4 5.0 2.0 0.0 19.1 17.8 26.4 
10.0 11.31 10.82 12.04 11.66 12.81 12.53 13.6 20.62 19.92 21.54 20.88 11.18 12.21 63.35 65.31 13.89 15.0 8.6 10.3 8.06 10.05 16.28 17.8 29.07 29.27 14.04 14.04 45.18 47.17 19.42 21.1 33.14 33.38 13.93 13.34 40.52 42.45 13.34 15.3 24.84 26.17 8.06 8.54 51.24 51.09 18.6 20.25 19.24 20.25 17.8 19.1 0.0 2.0 8.25 
8.49 10.0 9.22 10.63 10.0 11.31 10.82 12.04 18.79 18.03 19.7 18.97 10.44 11.18 61.39 63.35 13.0 13.89 7.07 8.6 6.08 8.06 14.87 16.28 27.07 27.29 14.32 14.04 43.19 45.18 20.62 22.2 31.14 31.4 12.08 11.4 38.6 40.52 11.4 13.34 23.6 24.84 10.05 10.44 49.25 49.09 19.85 21.4 17.49 18.6 16.64 17.8 2.0 0.0 10.2 
17.89 18.87 18.79 19.72 19.7 20.59 20.62 21.47 27.66 27.29 28.64 28.28 17.69 19.21 71.59 73.55 20.52 22.02 15.3 17.26 16.28 18.25 23.85 25.55 37.22 37.48 17.46 18.36 53.34 55.33 18.25 20.22 41.3 41.59 21.21 21.02 48.76 50.7 21.59 23.54 31.89 33.42 3.0 5.0 59.08 59.01 17.26 19.24 27.31 28.18 24.84 26.4 8.25 10.2 0.0 
