120
0.0 2.0 17.8 16.28 45.12 43.17 21.1 22.2 18.38 16.55 18.79 17.0 56.08 56.22 41.23 40.0 14.76 13.04 19.31 17.46 60.88 59.41 65.19 66.71 11.05 13.04 31.83 30.41 38.95 37.48 56.89 57.27 20.62 21.47 8.54 10.44 65.86 64.38 37.12 35.36 77.94 76.85 19.21 17.69 10.0 11.31 72.62 73.88 51.62 50.61 26.57 24.7 12.37 10.44 74.03 72.47 50.22 49.82 53.14 53.85 56.3 55.66 79.91 78.52 26.93 27.51 75.29 74.73 50.48 49.4 54.0 52.0 39.41 38.28 27.66 26.17 48.8 47.42 72.17 72.06 63.16 63.98 52.77 50.8 53.74 55.17 3.61 2.24 40.01 40.11 62.23 60.83 68.0 66.24 34.71 34.37 67.42 65.8 5.1 5.83 44.05 42.05 31.62 32.8 60.54 58.69 60.93 62.77 56.09 54.13 10.2 8.25 53.54 54.64 32.14 32.02 60.3 60.13 9.49 11.4 
2.0 0.0 19.42 17.8 47.07 45.12 22.83 23.85 17.72 15.81 18.03 16.16 56.01 56.08 42.8 41.62 16.55 14.76 18.68 16.76 62.24 60.81 66.53 68.01 11.4 13.34 33.24 31.89 40.46 38.95 58.86 59.23 19.92 20.62 6.71 8.54 67.36 65.86 38.08 36.36 79.06 77.94 20.81 19.21 11.66 12.81 74.2 75.43 53.34 52.35 27.31 25.5 12.04 10.05 75.6 74.03 50.7 50.22 55.03 55.71 57.01 56.3 81.34 79.98 26.48 26.93 75.89 75.29 51.61 50.48 54.04 52.04 40.61 39.41 29.0 27.59 50.21 48.8 72.34 72.17 65.0 65.8 54.74 52.77 55.17 56.57 5.0 4.12 40.01 40.01 63.66 62.23 69.77 68.0 35.17 34.71 69.07 67.42 3.16 4.24 46.04 44.05 33.29 34.41 62.39 60.54 61.74 63.56 58.05 56.09 10.0 8.0 55.23 56.3 32.39 32.14 62.29 62.13 10.3 12.08 
17.8 19.42 0.0 2.0 30.02 28.02 4.0 4.47 35.0 33.42 35.61 34.06 48.1 48.85 41.15 39.36 4.12 5.0 35.81 34.21 62.17 60.37 47.8 49.41 13.0 13.15 34.93 32.98 21.21 19.85 42.01 42.01 23.41 25.3 23.41 25.3 48.1 46.67 44.1 42.11 61.29 60.37 23.02 23.02 7.81 6.71 54.82 56.08 48.41 46.86 36.35 34.37 28.6 27.02 56.22 54.67 60.07 60.21 36.67 37.11 64.2 64.07 79.61 77.94 25.81 27.46 61.52 61.29 34.01 33.24 66.49 64.54 43.93 43.57 32.25 30.27 50.16 49.4 61.66 61.98 46.17 46.82 42.94 41.18 36.12 37.64 18.44 16.97 53.16 53.76 44.6 43.28 50.57 48.75 45.54 45.89 49.65 48.01 21.47 20.62 32.7 30.87 13.89 15.0 43.68 41.76 46.1 48.05 46.53 44.78 26.4 24.84 35.85 36.89 44.38 44.92 49.04 48.38 11.18 11.0 
16.28 17.8 2.0 0.0 32.02 30.02 6.0 6.32 33.84 32.2 34.41 32.8 47.43 48.1 42.06 40.31 4.12 4.12 34.67 33.02 63.06 61.29 49.04 50.61 11.0 11.18 35.44 33.53 22.67 21.21 44.01 44.01 21.54 23.41 21.54 23.41 49.58 48.1 44.28 42.3 62.27 61.29 23.19 23.02 6.4 5.0 56.4 57.63 49.68 48.17 36.12 34.13 27.46 25.81 57.8 56.22 60.01 60.07 38.64 39.05 64.38 64.2 80.71 79.06 24.21 25.81 61.81 61.52 34.89 34.01 66.1 64.13 44.38 43.93 32.56 30.59 50.99 50.16 61.4 61.66 48.08 48.7 44.72 42.94 37.48 38.95 17.2 15.62 52.63 53.16 45.97 44.6 52.39 50.57 45.28 45.54 51.31 49.65 19.72 18.79 34.54 32.7 15.65 16.64 45.61 43.68 46.57 48.51 48.3 46.53 25.24 23.6 37.59 38.59 43.93 44.38 50.92 50.29 9.22 9.0 
45.12 47.07 30.02 32.02 0.0 2.0 26.02 26.17 57.71 56.8 58.59 57.7 65.76 67.21 37.95 36.06 31.14 33.14 58.18 57.25 55.08 53.08 39.01 41.01 43.01 43.1 39.66 38.01 21.93 23.35 12.0 12.17 52.77 54.74 52.47 54.45 34.37 34.13 50.77 49.09 55.01 55.08 36.4 38.01 36.22 36.06 37.34 39.22 37.0 35.0 49.5 48.1 51.89 51.08 38.63 37.95 67.6 68.6 10.0 11.66 67.78 68.54 67.27 65.31 53.45 55.36 65.79 66.48 35.78 36.72 77.67 76.03 46.96 47.89 40.46 38.95 46.1 46.57 73.25 74.33 20.52 22.02 20.62 19.92 28.64 30.59 43.97 43.42 67.27 68.62 34.0 34.06 27.2 26.08 57.49 58.8 31.02 30.36 49.82 49.5 12.0 12.17 19.7 20.59 17.69 16.4 50.16 52.0 23.71 22.85 50.16 49.4 19.03 21.02 58.69 60.11 22.63 21.26 41.01 41.01 
43.17 45.12 28.02 30.02 2.0 0.0 24.02 24.19 55.95 55.01 56.82 55.9 64.35 65.76 37.36 35.44 29.15 31.14 56.44 55.47 55.01 53.01 39.01 41.01 41.01 41.11 38.59 36.89 20.62 21.93 14.0 14.14 50.8 52.77 50.49 52.47 34.71 34.37 49.74 48.02 55.01 55.01 34.83 36.4 34.23 34.06 38.08 39.92 37.05 35.06 48.1 46.67 50.09 49.24 39.4 38.63 66.65 67.6 11.31 12.81 67.07 67.78 67.68 65.73 51.55 53.45 65.15 65.79 34.93 35.78 76.55 74.89 46.1 46.96 39.2 37.64 45.71 46.1 72.2 73.25 21.93 23.35 21.47 20.62 28.28 30.27 42.06 41.48 65.95 67.27 34.06 34.0 28.43 27.2 56.22 57.49 31.78 31.02 47.85 47.52 12.17 12.0 17.89 18.87 19.1 17.69 49.4 51.26 24.7 23.71 48.33 47.54 19.24 21.21 57.31 58.69 24.08 22.8 39.01 39.01 
21.1 22.83 4.0 6.0 26.02 24.02 0.0 2.0 37.54 36.07 38.21 36.77 49.66 50.54 39.56 37.7 6.4 8.06 38.29 36.8 60.54 58.69 45.49 47.17 17.0 17.12 34.23 32.25 18.6 17.49 38.01 38.01 27.2 29.12 27.2 29.12 45.28 43.93 44.01 42.01 59.51 58.69 23.19 23.54 11.18 10.44 51.74 53.08 46.04 44.41 37.11 35.17 31.14 29.7 53.15 51.66 60.41 60.67 32.76 33.24 64.01 64.01 77.52 75.8 29.15 30.89 61.13 61.03 32.57 32.02 67.45 65.52 43.29 43.1 32.0 30.0 48.7 48.08 62.37 62.82 42.38 43.08 39.45 37.74 33.6 35.23 21.26 20.0 54.42 55.15 42.01 40.8 46.96 45.18 46.32 46.84 46.4 44.82 25.08 24.35 29.07 27.29 10.63 12.04 39.85 37.95 45.4 47.38 43.05 41.34 29.0 27.59 32.45 33.6 45.54 46.24 45.31 44.6 15.13 15.0 
22.2 23.85 4.47 6.32 26.17 24.19 2.0 0.0 39.05 37.54 39.7 38.21 47.85 48.76 41.44 39.56 7.81 9.22 39.82 38.29 62.39 60.54 43.83 45.49 17.12 17.0 36.22 34.23 17.03 15.81 38.12 38.01 26.68 28.64 27.86 29.73 43.84 42.45 46.01 44.01 57.7 56.86 25.18 25.5 12.21 11.18 50.45 51.74 47.71 46.04 39.05 37.11 32.65 31.14 51.86 50.33 62.39 62.65 32.39 32.76 66.01 66.01 79.26 77.52 28.18 29.97 59.14 59.03 30.68 30.08 69.38 67.45 45.28 45.1 34.0 32.0 50.6 50.0 60.42 60.88 41.76 42.38 40.5 38.83 32.02 33.6 22.63 21.26 56.3 57.01 40.46 39.2 46.1 44.28 48.27 48.76 45.22 43.6 25.94 25.08 30.02 28.3 9.43 10.63 39.29 37.36 43.42 45.4 44.1 42.44 30.48 29.0 31.38 32.45 47.43 48.1 46.1 45.31 15.52 15.13 
18.38 17.72 35.0 33.84 57.71 55.95 37.54 39.05 0.0 2.0 1.0 2.24 73.11 73.03 40.02 39.62 31.24 30.0 1.0 1.0 55.57 54.59 82.8 84.4 29.12 31.05 29.61 29.27 56.08 54.82 68.54 69.35 36.01 36.12 20.02 20.22 82.81 81.47 28.84 27.78 96.04 95.02 22.56 20.62 27.46 29.15 89.11 90.51 51.97 51.62 17.89 17.09 6.4 8.06 90.52 89.1 36.72 35.78 66.89 67.96 44.41 43.27 74.95 73.93 43.0 43.05 93.61 93.01 68.6 67.6 37.66 35.69 33.54 31.76 25.32 25.08 44.78 42.95 89.81 89.56 77.39 78.49 59.54 57.56 71.06 72.62 16.64 18.36 23.77 23.35 79.51 78.24 83.01 81.4 22.02 20.81 83.55 82.07 18.11 20.1 53.16 51.24 48.1 49.58 74.63 72.95 79.31 81.15 62.29 60.3 8.6 10.3 69.43 70.77 18.03 17.0 67.9 68.25 27.86 29.73 
16.55 15.81 33.42 32.2 56.8 55.01 36.07 37.54 2.0 0.0 2.24 1.0 71.11 71.03 40.52 40.02 29.73 28.43 3.0 1.0 56.6 55.57 81.22 82.8 27.2 29.12 30.08 29.61 54.56 53.26 67.78 68.54 34.01 34.13 18.03 18.25 81.34 79.98 30.0 28.84 94.34 93.3 22.2 20.22 25.81 27.46 87.73 89.11 52.39 51.97 18.87 17.89 5.0 6.4 89.14 87.69 38.47 37.58 65.86 66.89 46.04 44.94 76.01 74.95 41.0 41.05 91.71 91.09 66.89 65.86 39.62 37.66 34.48 32.76 25.71 25.32 45.62 43.83 87.82 87.57 76.32 77.39 59.3 57.31 69.53 71.06 15.0 16.64 25.71 25.32 77.99 76.69 81.84 80.21 23.6 22.47 82.22 80.72 16.12 18.11 52.63 50.7 46.67 48.1 73.57 71.87 77.47 79.31 62.13 60.13 7.07 8.6 68.12 69.43 19.72 18.79 67.6 67.9 26.0 27.86 
18.79 18.03 35.61 34.41 58.59 56.82 38.21 39.7 1.0 2.24 0.0 2.0 73.17 73.06 41.0 40.61 31.89 30.61 1.41 1.41 56.44 55.47 83.41 85.0 29.41 31.32 30.59 30.27 56.73 55.44 69.46 70.26 36.0 36.06 20.0 20.1 83.49 82.13 29.68 28.65 96.57 95.52 23.54 21.59 28.02 29.68 89.83 91.22 52.95 52.61 18.79 18.03 7.07 8.6 91.24 89.81 37.22 36.24 67.74 68.8 45.0 43.83 75.8 74.79 43.01 43.01 93.92 93.3 69.12 68.1 37.85 35.9 34.44 32.65 26.31 26.08 45.69 43.86 89.94 89.68 78.23 79.32 60.53 58.55 71.7 73.25 17.2 18.87 24.04 23.54 80.16 78.87 83.82 82.2 22.67 21.4 84.29 82.81 18.25 20.22 54.12 52.2 48.8 50.25 75.47 73.78 79.71 81.54 63.29 61.29 9.22 10.82 70.18 71.51 18.6 17.49 68.88 69.23 28.23 30.08 
17.0 16.16 34.06 32.8 57.7 55.9 36.77 38.21 2.24 1.0 2.0 0.0 71.18 71.06 41.48 41.0 30.41 29.07 3.16 1.41 57.45 56.44 81.84 83.41 27.51 29.41 31.05 30.59 55.23 53.91 68.71 69.46 34.0 34.06 18.0 18.11 82.04 80.66 30.81 29.68 94.87 93.81 23.19 21.21 26.4 28.02 88.46 89.83 53.37 52.95 19.72 18.79 5.83 7.07 89.87 88.41 38.95 38.01 66.73 67.74 46.62 45.49 76.85 75.8 41.01 41.01 92.03 91.39 67.42 66.37 39.81 37.85 35.36 33.62 26.68 26.31 46.52 44.72 87.97 87.69 77.18 78.23 60.3 58.31 70.18 71.7 15.62 17.2 25.96 25.5 78.64 77.34 82.66 81.02 24.21 23.02 82.98 81.47 16.28 18.25 53.6 51.66 47.38 48.8 74.43 72.72 77.88 79.71 63.13 61.13 7.81 9.22 68.88 70.18 20.25 19.24 68.59 68.88 26.4 28.23 
56.08 56.01 48.1 47.43 65.76 64.35 49.66 47.85 73.11 71.11 73.17 71.18 0.0 2.0 89.16 87.32 51.55 50.96 74.11 72.11 110.17 108.34 46.53 46.27 45.18 43.19 82.86 80.96 43.86 42.43 74.81 73.6 37.34 37.66 53.24 53.46 53.37 51.42 91.22 89.27 46.87 44.91 70.34 69.86 51.2 49.24 61.0 60.67 95.38 93.65 81.88 79.91 68.0 66.0 61.81 59.84 105.93 105.68 65.22 64.07 111.2 110.82 127.06 125.3 30.27 30.59 29.68 28.02 34.01 32.2 110.04 108.04 91.76 91.21 79.81 77.88 98.23 97.5 17.89 17.09 68.43 67.54 85.15 83.87 44.78 44.01 59.21 57.22 96.02 96.0 48.51 46.57 67.42 65.55 90.55 90.35 60.44 58.52 55.04 53.04 74.65 73.41 47.8 46.23 67.6 65.86 27.0 27.07 88.62 87.32 66.01 64.01 55.07 54.12 88.2 88.09 88.39 87.0 47.38 45.4 
56.22 56.08 48.85 48.1 67.21 65.76 50.54 48.76 73.03 71.03 73.06 71.06 2.0 0.0 89.96 88.14 52.2 51.55 74.03 72.03 110.98 109.17 48.51 48.26 45.4 43.42 83.49 81.6 45.34 43.86 76.4 75.21 37.12 37.34 53.08 53.24 55.32 53.37 91.68 89.74 48.84 46.87 70.88 70.34 51.66 49.73 62.97 62.65 96.38 94.67 82.2 80.23 68.03 66.03 63.79 61.81 106.21 105.93 66.85 65.73 111.61 111.2 128.02 126.27 30.07 30.27 31.38 29.68 35.85 34.01 110.11 108.12 92.35 91.76 80.36 78.45 99.01 98.23 18.87 17.89 70.21 69.35 86.45 85.15 46.62 45.88 59.41 57.43 96.08 96.02 50.45 48.51 69.29 67.42 90.8 90.55 62.36 60.44 55.0 53.0 75.93 74.65 49.04 47.51 69.35 67.6 29.0 29.07 89.94 88.62 66.07 64.07 56.82 55.9 88.36 88.2 89.83 88.46 47.68 45.71 
41.23 42.8 41.15 42.06 37.95 37.36 39.56 41.44 40.02 40.52 41.0 41.48 89.16 89.96 0.0 2.0 38.08 39.12 39.81 40.26 21.02 19.24 75.8 77.78 48.27 49.82 10.44 11.18 52.09 52.24 43.27 44.94 60.21 61.55 49.41 51.04 72.03 71.59 16.55 15.81 91.66 91.44 22.02 23.6 40.0 41.62 75.27 77.16 12.04 12.04 23.02 23.19 37.7 38.48 76.55 75.89 31.14 32.53 47.54 49.4 29.97 30.89 39.05 37.54 65.0 66.22 98.51 98.73 68.12 68.26 42.52 41.23 10.82 12.53 14.87 15.65 9.22 9.0 101.65 102.2 57.25 59.03 26.25 24.76 64.28 66.27 37.8 39.05 35.85 37.7 71.02 70.71 64.4 63.56 26.25 28.16 68.95 68.31 45.8 47.01 26.83 26.0 44.41 46.39 54.56 53.71 82.39 84.38 27.46 25.81 37.58 38.47 56.52 58.46 29.61 31.58 34.41 35.61 45.45 47.01 
40.0 41.62 39.36 40.31 36.06 35.44 37.7 39.56 39.62 40.02 40.61 41.0 87.32 88.14 2.0 0.0 36.36 37.44 39.46 39.81 22.85 21.02 73.82 75.8 46.75 48.27 10.05 10.44 50.09 50.25 41.62 43.27 58.73 60.11 48.26 49.93 70.09 69.63 17.49 16.55 89.68 89.45 20.81 22.47 38.42 40.0 73.39 75.27 12.37 12.04 23.02 23.02 37.0 37.7 74.67 74.0 32.65 33.97 45.69 47.54 31.78 32.65 40.61 39.05 63.41 64.66 96.52 96.75 66.12 66.27 43.86 42.52 12.04 13.6 14.32 14.87 11.18 11.0 99.72 100.28 55.47 57.25 25.0 23.43 62.29 64.28 36.62 37.8 36.67 38.48 69.05 68.73 62.61 61.74 26.93 28.79 67.07 66.41 44.65 45.8 25.06 24.17 42.43 44.41 52.77 51.89 80.4 82.39 26.42 24.7 36.77 37.58 54.57 56.52 30.08 32.02 33.29 34.41 43.93 45.45 
14.76 16.55 4.12 4.12 31.14 29.15 6.4 7.81 31.24 29.73 31.89 30.41 51.55 52.2 38.08 36.36 0.0 2.0 32.02 30.48 59.06 57.31 51.61 53.25 12.65 13.42 31.32 29.41 24.84 23.6 43.1 43.29 24.19 25.94 21.38 23.35 51.62 50.25 40.2 38.21 65.3 64.4 19.1 19.0 5.1 5.1 58.14 59.46 46.01 44.55 32.25 30.27 24.84 23.35 59.55 58.05 56.04 56.14 38.6 39.22 60.3 60.13 76.84 75.21 27.59 29.07 65.62 65.38 38.08 37.34 62.37 60.42 40.26 39.81 28.44 26.48 46.96 46.1 65.49 65.76 48.47 49.24 42.15 40.31 39.82 41.4 14.87 13.6 49.04 49.65 48.27 47.01 53.24 51.48 41.44 41.77 52.8 51.22 18.97 18.44 32.28 30.36 17.03 18.38 45.88 44.01 50.22 52.17 45.69 43.86 22.67 21.21 38.83 40.0 40.26 40.8 48.76 48.27 10.2 10.77 
13.04 14.76 5.0 4.12 33.14 31.14 8.06 9.22 30.0 28.43 30.61 29.07 50.96 51.55 39.12 37.44 2.0 0.0 30.81 29.21 60.03 58.31 52.8 54.41 10.77 11.66 31.95 30.08 26.17 24.84 45.1 45.28 22.47 24.19 19.42 21.38 53.04 51.62 40.45 38.47 66.24 65.3 19.42 19.1 3.16 3.16 59.67 60.96 47.38 45.97 32.06 30.07 23.6 22.02 61.07 59.55 56.0 56.04 40.52 41.11 60.53 60.3 78.01 76.4 26.17 27.59 65.92 65.62 38.91 38.08 61.98 60.02 40.8 40.26 28.86 26.93 47.89 46.96 65.28 65.49 50.33 51.08 44.01 42.15 41.11 42.64 13.45 12.04 48.51 49.04 49.58 48.27 55.01 53.24 41.19 41.44 54.41 52.8 17.09 16.49 34.21 32.28 18.6 19.85 47.76 45.88 50.7 52.63 47.54 45.69 21.4 19.85 40.5 41.62 39.81 40.26 50.7 50.22 8.25 8.94 
19.31 18.68 35.81 34.67 58.18 56.44 38.29 39.82 1.0 3.0 1.41 3.16 74.11 74.03 39.81 39.46 32.02 30.81 0.0 2.0 55.07 54.12 83.6 85.21 30.08 32.02 29.43 29.15 56.85 55.61 68.94 69.78 37.01 37.12 21.02 21.21 83.55 82.22 28.3 27.29 96.9 95.88 22.8 20.88 28.3 30.02 89.81 91.22 51.79 51.48 17.46 16.76 7.21 8.94 91.22 89.81 35.85 34.89 67.42 68.51 43.6 42.44 74.43 73.43 44.0 44.05 94.56 93.96 69.46 68.48 36.67 34.71 33.11 31.3 25.18 25.02 44.38 42.54 90.8 90.55 77.94 79.06 59.68 57.71 71.84 73.41 17.49 19.24 22.8 22.36 80.28 79.03 83.6 82.01 21.26 20.0 84.22 82.76 19.1 21.1 53.45 51.55 48.84 50.33 75.17 73.5 80.23 82.08 62.39 60.41 9.43 11.18 70.09 71.45 17.2 16.12 68.07 68.45 28.79 30.68 
17.46 16.76 34.21 33.02 57.25 55.47 36.8 38.29 1.0 1.0 1.41 1.41 72.11 72.03 40.26 39.81 30.48 29.21 2.0 0.0 56.08 55.07 82.01 83.6 28.16 30.08 29.83 29.43 55.32 54.04 68.15 68.94 35.01 35.13 19.03 19.24 82.07 80.72 29.41 28.3 95.19 94.15 22.36 20.4 26.63 28.3 88.41 89.81 52.17 51.79 18.36 17.46 5.66 7.21 89.83 88.39 37.59 36.67 66.37 67.42 45.22 44.1 75.47 74.43 42.0 42.05 92.66 92.05 67.74 66.73 38.64 36.67 34.0 32.25 25.5 25.18 45.19 43.38 88.81 88.57 76.85 77.94 59.41 57.43 70.29 71.84 15.81 17.49 24.74 24.33 78.75 77.47 82.42 80.8 22.8 21.63 82.88 81.39 17.12 19.1 52.89 50.96 47.38 48.84 74.09 72.4 78.39 80.23 62.2 60.21 7.81 9.43 68.77 70.09 18.87 17.89 67.74 68.07 26.93 28.79 
60.88 62.24 62.17 63.06 55.08 55.01 60.54 62.39 55.57 56.6 56.44 57.45 110.17 110.98 21.02 22.85 59.06 60.03 55.07 56.08 0.0 2.0 94.02 96.02 68.82 70.46 29.07 30.61 72.01 72.37 57.01 58.94 80.6 81.84 68.59 70.04 89.36 89.2 26.83 27.78 110.02 110.0 42.01 43.28 60.75 62.43 91.41 93.38 18.25 20.22 37.74 38.83 55.0 56.22 92.57 92.23 30.27 32.25 63.64 65.62 23.41 25.3 19.42 18.36 85.7 86.84 118.53 118.87 87.97 88.28 41.98 41.59 22.2 23.85 33.24 34.71 12.21 13.45 122.41 123.02 72.03 73.98 37.64 37.11 83.05 85.05 57.31 58.8 42.3 44.28 89.05 89.01 79.31 78.85 35.74 37.64 85.16 84.85 65.05 66.48 43.1 43.01 64.76 66.71 69.63 69.23 102.42 104.39 36.77 36.06 55.44 56.73 74.11 76.11 40.16 42.06 43.38 45.19 66.03 67.68 
59.41 60.81 60.37 61.29 53.08 53.01 58.69 60.54 54.59 55.57 55.47 56.44 108.34 109.17 19.24 21.02 57.31 58.31 54.12 55.07 2.0 0.0 92.02 94.02 67.2 68.82 27.59 29.07 70.04 70.41 55.08 57.01 79.03 80.28 67.21 68.68 87.37 87.21 26.0 26.83 108.02 108.0 40.46 41.77 59.08 60.75 89.44 91.41 16.28 18.25 36.72 37.74 53.82 55.0 90.61 90.26 30.59 32.56 61.66 63.64 24.17 26.0 20.62 19.42 84.05 85.21 116.56 116.9 85.99 86.31 42.45 41.98 21.1 22.83 31.83 33.24 10.63 12.04 120.5 121.12 70.09 72.03 35.74 35.17 81.06 83.05 55.87 57.31 42.11 44.1 87.05 87.01 77.37 76.9 35.17 37.11 83.19 82.87 63.66 65.05 41.11 41.01 62.82 64.76 67.68 67.27 100.45 102.42 34.93 34.18 54.2 55.44 72.11 74.11 39.56 41.48 41.59 43.38 64.4 66.03 
65.19 66.53 47.8 49.04 39.01 39.01 45.49 43.83 82.8 81.22 83.41 81.84 46.53 48.51 75.8 73.82 51.61 52.8 83.6 82.01 94.02 92.02 0.0 2.0 56.64 55.32 75.0 73.08 26.93 28.02 41.11 39.22 59.17 60.9 68.68 70.18 7.81 6.4 86.02 84.12 16.0 16.12 67.12 67.98 55.44 53.91 14.56 14.14 76.01 74.01 81.44 79.62 76.4 74.81 15.3 13.34 103.09 103.73 31.78 29.83 104.79 105.26 105.93 103.95 55.04 56.86 31.14 32.53 16.55 18.38 111.62 109.77 83.43 83.93 74.33 72.45 84.48 84.72 44.42 46.14 28.3 26.63 58.69 58.42 12.08 10.3 66.22 64.66 99.28 100.18 5.1 5.1 24.04 22.67 90.47 91.29 15.62 14.14 67.88 66.48 51.01 51.01 35.36 33.62 29.07 28.23 20.25 21.02 61.19 60.83 74.2 72.62 20.1 18.11 90.34 91.24 57.57 55.66 56.57 55.17 
66.71 68.01 49.41 50.61 41.01 41.01 47.17 45.49 84.4 82.8 85.0 83.41 46.27 48.26 77.78 75.8 53.25 54.41 85.21 83.6 96.02 94.02 2.0 0.0 58.0 56.64 76.92 75.0 28.65 29.68 43.01 41.11 60.21 61.91 70.04 71.51 9.22 8.06 87.93 86.02 14.0 14.14 68.94 69.78 57.01 55.44 15.23 14.56 78.01 76.01 83.26 81.44 78.01 76.4 15.81 13.93 105.0 105.62 33.73 31.78 106.73 107.2 107.91 105.93 55.9 57.7 29.7 31.14 17.49 19.24 113.46 111.62 85.38 85.87 76.22 74.33 86.47 86.7 43.42 45.18 30.02 28.3 60.67 60.41 13.93 12.08 67.8 66.22 101.08 101.97 7.07 7.07 25.5 24.21 92.31 93.11 16.97 15.62 69.31 67.88 53.01 53.01 37.12 35.36 30.87 30.08 19.65 20.25 63.15 62.8 75.8 74.2 22.09 20.1 92.14 93.02 59.48 57.57 58.0 56.57 
11.05 11.4 13.0 11.0 43.01 41.01 17.0 17.12 29.12 27.2 29.41 27.51 45.18 45.4 48.27 46.75 12.65 10.77 30.08 28.16 68.82 67.2 56.64 58.0 0.0 2.0 39.96 38.28 31.76 30.02 55.01 55.01 12.04 13.6 12.04 13.6 58.25 56.61 46.82 44.94 68.41 67.2 26.93 25.94 8.6 7.62 65.51 66.57 57.38 56.08 36.88 34.93 23.35 21.38 66.89 65.19 60.83 60.53 49.5 49.82 66.48 65.97 87.32 85.8 17.0 18.03 64.51 63.89 41.11 39.82 65.01 63.01 48.3 47.42 36.24 34.48 56.61 55.47 61.13 61.03 58.69 59.2 54.78 52.92 45.8 47.01 14.04 12.04 51.04 51.16 54.2 52.63 62.63 60.75 45.4 45.18 60.83 59.06 11.66 10.0 44.92 43.01 25.96 26.57 56.29 54.34 50.54 52.33 58.31 56.46 21.21 19.24 47.54 48.33 43.05 43.0 61.4 60.88 2.83 2.0 
13.04 13.34 13.15 11.18 43.1 41.11 17.12 17.0 31.05 29.12 31.32 29.41 43.19 43.42 49.82 48.27 13.42 11.66 32.02 30.08 70.46 68.82 55.32 56.64 2.0 0.0 41.68 39.96 30.87 29.07 55.08 55.01 10.82 12.53 13.45 14.87 57.14 55.47 48.7 46.82 66.84 65.6 28.65 27.73 9.9 8.6 64.5 65.51 58.73 57.38 38.83 36.88 25.32 23.35 65.86 64.14 62.8 62.51 49.25 49.5 68.41 67.91 88.87 87.32 15.26 16.4 62.63 61.98 39.62 38.29 67.01 65.01 50.09 49.24 38.01 36.24 58.25 57.14 59.14 59.03 58.25 58.69 55.54 53.71 44.65 45.8 16.03 14.04 53.04 53.15 53.01 51.4 61.98 60.08 47.38 47.17 59.93 58.14 13.42 11.66 45.54 43.66 25.5 25.96 55.9 53.94 48.76 50.54 59.09 57.27 23.19 21.21 46.82 47.54 45.04 45.0 61.98 61.4 4.47 2.83 
31.83 33.24 34.93 35.44 39.66 38.59 34.23 36.22 29.61 30.08 30.59 31.05 82.86 83.49 10.44 10.05 31.32 31.95 29.43 29.83 29.07 27.59 75.0 76.92 39.96 41.68 0.0 2.0 49.5 49.25 47.38 48.8 51.61 52.8 39.7 41.23 72.24 71.51 11.18 9.43 90.47 90.03 13.04 14.21 32.2 34.01 76.48 78.26 22.36 22.09 13.15 13.0 27.31 28.18 77.83 76.92 28.23 29.07 49.65 51.31 30.15 30.41 48.1 46.75 56.94 57.98 95.0 95.02 65.28 65.12 38.01 36.4 9.06 9.06 4.47 5.66 16.97 15.62 96.51 96.88 60.0 61.61 33.11 31.3 63.06 65.0 28.28 29.73 28.6 30.23 70.52 69.92 66.85 65.73 18.6 20.25 70.24 69.32 36.12 37.48 30.41 29.0 41.19 43.19 57.2 56.04 79.03 81.02 35.11 33.24 27.29 28.3 56.86 58.69 21.02 22.85 41.63 42.49 37.22 38.95 
30.41 31.89 32.98 33.53 38.01 36.89 32.25 34.23 29.27 29.61 30.27 30.59 80.96 81.6 11.18 10.44 29.41 30.08 29.15 29.43 30.61 29.07 73.08 75.0 38.28 39.96 2.0 0.0 47.52 47.27 46.01 47.38 50.0 51.22 38.42 40.0 70.38 69.64 13.0 11.18 88.53 88.07 11.4 12.73 30.41 32.2 74.71 76.48 22.8 22.36 13.6 13.15 26.57 27.31 76.06 75.13 30.08 30.87 48.01 49.65 32.14 32.39 49.5 48.1 55.23 56.3 93.0 93.02 63.29 63.13 39.66 38.01 11.05 11.05 4.0 4.47 18.44 17.2 94.54 94.92 58.41 60.0 32.31 30.46 61.13 63.06 26.91 28.28 29.83 31.4 68.62 68.01 65.22 64.07 19.85 21.4 68.48 67.54 34.83 36.12 29.07 27.59 39.2 41.19 55.61 54.41 77.03 79.03 34.48 32.57 26.4 27.29 55.04 56.86 21.95 23.71 40.85 41.63 35.51 37.22 
38.95 40.46 21.21 22.67 21.93 20.62 18.6 17.03 56.08 54.56 56.73 55.23 43.86 45.34 52.09 50.09 24.84 26.17 56.85 55.32 72.01 70.04 26.93 28.65 31.76 30.87 49.5 47.52 0.0 2.0 31.38 30.41 37.66 39.62 43.57 45.28 26.91 25.46 60.21 58.25 41.44 40.8 40.5 41.23 29.0 27.66 33.84 35.0 55.08 53.16 54.78 52.92 49.68 48.17 35.23 33.6 77.13 77.62 22.47 21.84 79.63 79.91 86.65 84.76 36.0 38.0 46.53 46.87 16.03 16.28 85.09 83.22 58.31 58.55 48.27 46.32 61.2 61.07 51.88 52.84 29.02 29.02 41.88 40.82 15.0 16.64 39.62 38.18 72.5 73.35 23.43 22.2 31.58 29.61 63.91 64.62 29.07 27.29 42.2 41.05 31.76 30.87 8.54 6.71 27.17 25.18 30.41 32.39 45.22 44.1 47.51 46.01 16.28 16.76 63.56 64.4 44.55 43.14 31.06 30.02 
37.48 38.95 19.85 21.21 23.35 21.93 17.49 15.81 54.82 53.26 55.44 53.91 42.43 43.86 52.24 50.25 23.6 24.84 55.61 54.04 72.37 70.41 28.02 29.68 30.02 29.07 49.25 47.27 2.0 0.0 33.12 32.2 35.69 37.66 41.88 43.57 28.43 26.91 59.84 57.87 42.15 41.44 39.85 40.5 27.59 26.17 35.51 36.62 55.66 53.76 54.08 52.2 48.41 46.86 36.89 35.23 76.69 77.13 24.35 23.77 79.4 79.63 87.32 85.44 34.0 36.0 46.27 46.53 16.03 16.03 84.43 82.54 58.14 58.31 47.85 45.89 61.4 61.2 50.99 51.88 31.02 31.02 43.01 41.88 16.28 17.8 38.29 36.8 71.69 72.5 24.76 23.43 33.54 31.58 63.25 63.91 30.87 29.07 40.61 39.41 32.76 31.76 8.06 6.08 29.15 27.17 30.15 32.14 46.4 45.22 46.23 44.69 18.25 18.68 62.77 63.56 45.97 44.6 29.41 28.3 
56.89 58.86 42.01 44.01 12.0 14.0 38.01 38.12 68.54 67.78 69.46 68.71 74.81 76.4 43.27 41.62 43.1 45.1 68.94 68.15 57.01 55.08 41.11 43.01 55.01 55.08 47.38 46.01 31.38 33.12 0.0 2.0 64.63 66.61 64.38 66.37 34.71 35.17 58.05 56.59 56.52 57.01 46.53 48.3 48.17 48.04 35.01 37.01 38.9 37.0 58.6 57.43 62.97 62.3 36.06 36.0 74.2 75.43 10.0 11.66 73.06 74.09 66.01 64.01 65.0 66.94 70.71 71.69 42.52 43.86 85.04 83.55 53.41 54.67 49.04 47.8 50.09 51.0 80.28 81.57 15.13 17.12 19.42 19.92 33.29 34.99 55.54 55.11 75.82 77.34 36.06 36.77 22.36 22.09 65.86 67.36 29.02 29.15 61.66 61.4 16.97 18.44 31.05 31.62 13.0 13.15 56.04 57.69 21.02 21.21 61.35 60.73 21.95 23.71 67.62 69.2 16.49 14.56 53.01 53.01 
57.27 59.23 42.01 44.01 12.17 14.14 38.01 38.01 69.35 68.54 70.26 69.46 73.6 75.21 44.94 43.27 43.29 45.28 69.78 68.94 58.94 57.01 39.22 41.11 55.01 55.01 48.8 47.38 30.41 32.2 2.0 0.0 64.38 66.37 64.63 66.61 32.76 33.24 59.55 58.05 54.57 55.08 47.51 49.24 48.37 48.17 33.02 35.01 40.8 38.9 59.82 58.6 63.69 62.97 34.06 34.0 75.8 77.01 8.49 10.0 74.79 75.8 68.01 66.01 64.54 66.49 68.96 69.97 41.04 42.43 86.56 85.04 55.0 56.22 50.33 49.04 51.89 52.77 78.75 80.06 13.15 15.13 21.38 21.84 31.62 33.29 56.04 55.54 77.16 78.64 34.18 34.93 20.4 20.1 67.21 68.68 27.02 27.17 61.98 61.66 18.44 19.8 30.59 31.05 11.0 11.18 54.41 56.04 23.02 23.19 62.03 61.35 20.25 21.95 68.88 70.43 18.44 16.49 53.08 53.01 
20.62 19.92 23.41 21.54 52.77 50.8 27.2 26.68 36.01 34.01 36.0 34.0 37.34 37.12 60.21 58.73 24.19 22.47 37.01 35.01 80.6 79.03 59.17 60.21 12.04 10.82 51.61 50.0 37.66 35.69 64.63 64.38 0.0 2.0 16.0 16.12 62.24 60.42 57.7 55.9 68.68 67.21 38.6 37.44 20.62 19.42 70.01 70.77 69.43 68.12 47.17 45.31 31.4 29.43 71.31 69.46 70.6 70.09 58.01 58.01 76.9 76.22 99.25 97.74 7.07 7.07 60.9 59.94 42.72 41.05 73.44 71.45 59.68 58.67 47.71 46.04 68.41 67.2 54.57 54.13 66.27 66.48 66.21 64.4 49.77 50.57 24.17 22.36 59.41 59.21 57.7 55.9 69.23 67.27 55.08 54.57 66.1 64.2 18.25 16.28 56.08 54.23 34.01 34.01 64.12 62.13 48.92 50.45 69.78 67.98 29.61 27.66 53.94 54.34 52.17 51.79 72.45 71.78 14.87 13.6 
21.47 20.62 25.3 23.41 54.74 52.77 29.12 28.64 36.12 34.13 36.06 34.06 37.66 37.34 61.55 60.11 25.94 24.19 37.12 35.13 81.84 80.28 60.9 61.91 13.6 12.53 52.8 51.22 39.62 37.66 66.61 66.37 2.0 0.0 16.12 16.0 64.08 62.24 58.59 56.82 70.18 68.68 39.82 38.6 22.2 21.1 71.87 72.62 70.94 69.66 47.93 46.1 31.78 29.83 73.16 71.31 71.17 70.6 60.01 60.01 77.62 76.9 100.57 99.09 7.62 7.07 61.91 60.9 44.42 42.72 73.68 71.7 60.75 59.68 48.83 47.2 69.66 68.41 55.08 54.57 68.26 68.47 68.03 66.21 51.62 52.39 25.06 23.32 59.68 59.41 59.51 57.7 71.2 69.23 55.66 55.08 68.01 66.1 18.68 16.76 57.94 56.08 36.01 36.01 66.12 64.12 50.25 51.74 71.59 69.78 30.08 28.16 55.9 56.29 52.63 52.17 74.33 73.68 16.4 15.26 
8.54 6.71 23.41 21.54 52.47 50.49 27.2 27.86 20.02 18.03 20.0 18.0 53.24 53.08 49.41 48.26 21.38 19.42 21.02 19.03 68.59 67.21 68.68 70.04 12.04 13.45 39.7 38.42 43.57 41.88 64.38 64.63 16.0 16.12 0.0 2.0 70.21 68.6 43.83 42.2 80.28 79.03 27.46 25.81 16.28 16.76 77.39 78.49 60.03 59.06 32.76 31.06 15.81 13.93 78.77 77.1 55.36 54.71 59.91 60.44 62.17 61.33 87.78 86.45 23.02 23.02 75.24 74.46 53.08 51.74 57.56 55.58 46.75 45.45 35.38 34.06 56.64 55.17 70.21 69.87 69.57 70.23 61.19 59.23 57.8 59.03 11.66 10.77 43.57 43.29 66.22 64.66 73.93 72.09 39.92 39.22 72.56 70.83 3.61 3.0 52.24 50.25 37.16 38.01 67.05 65.15 61.91 63.63 64.54 62.59 14.32 12.53 59.03 59.94 36.69 36.14 68.59 68.36 12.53 13.6 
10.44 8.54 25.3 23.41 54.45 52.47 29.12 29.73 20.22 18.25 20.1 18.11 53.46 53.24 51.04 49.93 23.35 21.38 21.21 19.24 70.04 68.68 70.18 71.51 13.6 14.87 41.23 40.0 45.28 43.57 66.37 66.61 16.12 16.0 2.0 0.0 71.85 70.21 45.0 43.42 81.57 80.28 29.15 27.46 18.25 18.68 79.08 80.16 61.77 60.83 33.84 32.2 16.55 14.76 80.45 78.77 56.08 55.36 61.85 62.36 63.06 62.17 89.27 87.97 23.19 23.02 76.06 75.24 54.45 53.08 57.87 55.9 48.1 46.75 36.88 35.61 58.14 56.64 70.61 70.21 71.47 72.11 63.15 61.19 59.41 60.61 13.42 12.65 43.93 43.57 67.8 66.22 75.77 73.93 40.72 39.92 74.3 72.56 5.39 5.0 54.23 52.24 39.0 39.81 68.96 67.05 62.97 64.66 66.49 64.54 15.26 13.6 60.84 61.72 37.34 36.69 70.58 70.35 14.32 15.26 
65.86 67.36 48.1 49.58 34.37 34.71 45.28 43.84 82.81 81.34 83.49 82.04 53.37 55.32 72.03 70.09 51.62 53.04 83.55 82.07 89.36 87.37 7.81 9.22 58.25 57.14 72.24 70.38 26.91 28.43 34.71 32.76 62.24 64.08 70.21 71.85 0.0 2.0 83.38 81.54 21.84 22.47 65.51 66.57 55.9 54.56 8.06 8.54 71.18 69.18 79.76 78.03 76.42 74.97 9.22 7.28 100.46 101.24 26.02 24.02 101.53 102.14 100.32 98.33 58.82 60.73 38.9 40.31 21.1 23.09 109.57 107.78 80.32 80.99 72.01 70.21 80.41 80.81 52.15 53.85 21.02 19.24 53.08 53.01 12.53 11.7 66.47 65.07 97.75 98.79 5.0 7.0 16.28 15.0 88.59 89.55 7.81 6.4 69.03 67.8 46.27 46.53 34.71 33.24 22.14 21.59 27.73 28.65 55.33 55.15 74.28 72.84 15.52 13.6 88.84 89.89 51.2 49.24 57.8 56.61 
64.38 65.86 46.67 48.1 34.13 34.37 43.93 42.45 81.47 79.98 82.13 80.66 51.42 53.37 71.59 69.63 50.25 51.62 82.22 80.72 89.2 87.21 6.4 8.06 56.61 55.47 71.51 69.64 25.46 26.91 35.17 33.24 60.42 62.24 68.6 70.21 2.0 0.0 82.64 80.78 21.38 21.84 64.5 65.51 54.45 53.08 10.05 10.44 71.06 69.07 78.77 77.03 75.07 73.59 11.18 9.22 99.72 100.46 26.17 24.19 100.96 101.53 100.5 98.51 56.92 58.82 37.54 38.9 19.1 21.1 108.69 106.89 79.7 80.32 71.18 69.35 80.06 80.41 50.48 52.15 21.95 20.25 53.24 53.08 10.82 9.85 65.07 63.64 96.75 97.75 3.0 5.0 17.69 16.28 87.66 88.59 9.43 7.81 67.48 66.22 46.1 46.27 33.42 31.89 22.85 22.14 25.94 26.93 55.58 55.33 72.92 71.45 15.13 13.15 87.82 88.84 51.66 49.73 56.22 55.0 
37.12 38.08 44.1 44.28 50.77 49.74 44.01 46.01 28.84 30.0 29.68 30.81 91.22 91.68 16.55 17.49 40.2 40.45 28.3 29.41 26.83 26.0 86.02 87.93 46.82 48.7 11.18 13.0 60.21 59.84 58.05 59.55 57.7 58.59 43.83 45.0 83.38 82.64 0.0 2.0 101.39 100.9 21.1 21.38 40.02 41.98 87.66 89.44 27.66 28.16 11.31 12.81 29.0 30.48 89.01 88.1 17.09 17.89 60.75 62.43 20.1 20.0 46.14 45.18 63.69 64.47 105.12 105.04 75.8 75.54 27.02 25.5 6.08 4.12 12.04 14.04 17.12 15.13 105.68 105.93 71.03 72.67 42.44 40.8 74.04 75.96 33.54 35.34 19.31 21.19 81.6 80.96 77.94 76.85 10.05 12.04 81.41 80.5 40.5 42.19 41.11 39.82 51.79 53.76 68.24 67.12 89.27 91.27 43.91 42.19 29.83 31.4 68.03 69.86 14.04 16.03 50.77 51.87 44.27 46.17 
35.36 36.36 42.11 42.3 49.09 48.02 42.01 44.01 27.78 28.84 28.65 29.68 89.27 89.74 15.81 16.55 38.21 38.47 27.29 28.3 27.78 26.83 84.12 86.02 44.94 46.82 9.43 11.18 58.25 57.87 56.59 58.05 55.9 56.82 42.2 43.42 81.54 80.78 2.0 0.0 99.46 98.95 19.1 19.42 38.08 40.02 85.88 87.66 27.29 27.66 10.0 11.31 27.59 29.0 87.24 86.31 18.97 19.7 59.08 60.75 22.09 22.0 47.17 46.14 61.85 62.65 103.12 103.04 73.82 73.55 28.6 27.02 6.08 4.12 10.05 12.04 17.46 15.52 103.7 103.95 69.4 71.03 41.34 39.66 72.12 74.04 31.76 33.54 20.12 21.93 79.71 79.06 76.28 75.17 10.44 12.37 79.65 78.71 38.83 40.5 39.62 38.29 49.82 51.79 66.61 65.46 87.28 89.27 42.94 41.18 28.32 29.83 66.21 68.03 14.04 16.03 49.74 50.77 42.38 44.27 
77.94 79.06 61.29 62.27 55.01 55.01 59.51 57.7 96.04 94.34 96.57 94.87 46.87 48.84 91.66 89.68 65.3 66.24 96.9 95.19 110.02 108.02 16.0 14.0 68.41 66.84 90.47 88.53 41.44 42.15 56.52 54.57 68.68 70.18 80.28 81.57 21.84 21.38 101.39 99.46 0.0 2.0 81.93 82.64 68.6 66.89 24.41 22.8 92.01 90.01 96.21 94.34 89.69 87.98 24.21 23.02 118.41 118.96 47.52 45.54 120.42 120.83 121.81 119.82 63.41 65.0 22.14 24.04 27.46 28.6 126.53 124.65 99.04 99.46 89.56 87.64 100.4 100.6 38.64 40.61 42.72 40.85 74.55 74.33 27.46 25.5 79.4 77.7 113.85 114.63 21.02 21.02 37.12 36.25 105.34 106.04 28.64 27.86 80.0 78.41 67.01 67.01 49.98 48.1 43.97 43.42 21.02 20.25 76.94 76.66 87.46 85.76 36.06 34.06 104.92 105.7 73.01 71.06 68.82 67.2 
76.85 77.94 60.37 61.29 55.08 55.01 58.69 56.86 95.02 93.3 95.52 93.81 44.91 46.87 91.44 89.45 64.4 65.3 95.88 94.15 110.0 108.0 16.12 14.14 67.2 65.6 90.03 88.07 40.8 41.44 57.01 55.08 67.21 68.68 79.03 80.28 22.47 21.84 100.9 98.95 2.0 0.0 81.27 81.93 67.6 65.86 25.61 24.08 92.05 90.05 95.52 93.64 88.68 86.95 25.5 24.21 117.88 118.41 47.85 45.89 120.03 120.42 122.05 120.07 61.85 63.41 20.25 22.14 26.42 27.46 125.87 123.98 98.66 99.04 89.02 87.09 100.24 100.4 36.67 38.64 43.46 41.63 74.81 74.55 27.17 25.18 78.39 76.66 113.09 113.85 21.21 21.02 38.08 37.12 104.68 105.34 29.53 28.64 78.82 77.2 67.07 67.01 49.34 47.43 44.6 43.97 19.24 18.38 77.28 76.94 86.45 84.72 36.22 34.23 104.18 104.92 73.5 71.57 67.68 66.03 
19.21 20.81 23.02 23.19 36.4 34.83 23.19 25.18 22.56 22.2 23.54 23.19 70.34 70.88 22.02 20.81 19.1 19.42 22.8 22.36 42.01 40.46 67.12 68.94 26.93 28.65 13.04 11.4 40.5 39.85 46.53 47.51 38.6 39.82 27.46 29.15 65.51 64.5 21.1 19.1 81.93 81.27 0.0 2.0 19.31 21.19 70.8 72.42 32.65 31.78 14.32 12.53 18.0 18.11 72.2 71.03 37.22 37.48 46.1 47.42 41.19 41.05 60.83 59.4 43.91 44.94 84.29 84.15 55.54 55.11 44.6 42.72 21.54 20.88 9.49 7.62 29.83 28.6 84.59 84.85 56.73 58.05 37.12 35.13 55.04 56.86 15.81 17.03 32.25 33.29 63.06 62.17 62.94 61.52 23.41 24.17 64.82 63.6 23.85 25.0 30.68 28.79 31.95 33.84 53.91 52.4 68.59 70.58 40.01 38.01 17.12 17.46 50.8 52.43 23.32 24.41 45.4 45.71 24.19 25.94 
17.69 19.21 23.02 23.02 38.01 36.4 23.54 25.5 20.62 20.22 21.59 21.21 69.86 70.34 23.6 22.47 19.0 19.1 20.88 20.4 43.28 41.77 67.98 69.78 25.94 27.73 14.21 12.73 41.23 40.5 48.3 49.24 37.44 38.6 25.81 27.46 66.57 65.51 21.38 19.42 82.64 81.93 2.0 0.0 18.68 20.62 72.01 73.6 34.44 33.62 13.6 11.7 16.0 16.12 73.41 72.2 37.05 37.22 47.63 48.92 41.44 41.19 62.23 60.83 42.94 43.91 84.48 84.29 56.04 55.54 43.97 42.06 22.36 21.54 10.3 8.6 31.14 29.83 84.38 84.59 58.26 59.55 39.12 37.12 55.9 57.7 14.21 15.56 31.3 32.25 64.01 63.06 64.38 62.94 22.8 23.41 66.07 64.82 22.2 23.43 32.57 30.68 32.7 34.54 55.44 53.91 68.88 70.86 42.01 40.01 15.13 15.52 52.01 53.6 22.36 23.32 47.38 47.68 23.26 25.08 
10.0 11.66 7.81 6.4 36.22 34.23 11.18 12.21 27.46 25.81 28.02 26.4 51.2 51.66 40.0 38.42 5.1 3.16 28.3 26.63 60.75 59.08 55.44 57.01 8.6 9.9 32.2 30.41 29.0 27.59 48.17 48.37 20.62 22.2 16.28 18.25 55.9 54.45 40.02 38.08 68.6 67.6 19.31 18.68 0.0 2.0 62.63 63.89 48.84 47.51 31.02 29.02 21.1 19.42 64.03 62.48 55.08 55.01 43.68 44.27 60.02 59.68 79.03 77.47 25.0 26.25 67.47 67.08 41.18 40.25 60.53 58.55 40.85 40.16 28.79 26.93 48.55 47.51 66.07 66.19 53.49 54.23 46.49 44.6 43.86 45.34 10.82 9.22 46.87 47.3 52.35 50.99 58.14 56.36 40.01 40.11 57.43 55.8 13.93 13.34 36.88 34.93 21.63 22.8 50.92 49.04 52.5 54.41 49.98 48.1 18.87 17.2 43.57 44.65 38.33 38.64 53.37 52.95 5.83 7.07 
11.31 12.81 6.71 5.0 36.06 34.06 10.44 11.18 29.15 27.46 29.68 28.02 49.24 49.73 41.62 40.0 5.1 3.16 30.02 28.3 62.43 60.75 53.91 55.44 7.62 8.6 34.01 32.2 27.66 26.17 48.04 48.17 19.42 21.1 16.76 18.68 54.56 53.08 41.98 40.02 66.89 65.86 21.19 20.62 2.0 0.0 61.4 62.63 50.21 48.84 33.02 31.02 22.83 21.1 62.8 61.22 57.08 57.01 43.17 43.68 61.98 61.66 80.6 79.03 23.43 24.76 65.51 65.12 39.45 38.47 62.51 60.53 42.72 42.06 30.68 28.79 50.25 49.24 64.07 64.2 52.81 53.49 47.17 45.31 42.43 43.86 12.53 10.82 48.84 49.24 50.91 49.52 57.27 55.46 42.01 42.11 56.3 54.64 14.76 13.93 37.36 35.44 20.59 21.63 50.29 48.38 50.6 52.5 50.7 48.85 20.59 18.87 42.54 43.57 40.31 40.61 53.85 53.37 5.1 5.83 
72.62 74.2 54.82 56.4 37.34 38.08 51.74 50.45 89.11 87.73 89.83 88.46 61.0 62.97 75.27 73.39 58.14 59.67 89.81 88.41 91.41 89.44 14.56 15.23 65.51 64.5 76.48 74.71 33.84 35.51 35.01 33.02 70.01 71.87 77.39 79.08 8.06 10.05 87.66 85.88 24.41 25.61 70.8 72.01 62.63 61.4 0.0 2.0 73.16 71.2 84.88 83.23 82.76 81.39 1.41 1.41 104.65 105.55 27.89 25.96 105.11 105.85 101.0 99.0 66.76 68.68 44.2 45.8 29.15 31.14 114.24 112.51 84.17 85.0 76.66 74.95 83.24 83.82 58.59 60.37 20.02 18.03 54.23 54.45 20.25 19.65 73.0 71.7 102.9 104.04 13.04 15.03 13.34 13.04 93.49 94.58 6.32 7.21 76.03 74.89 48.76 49.34 41.11 39.82 22.02 22.2 34.79 35.47 56.04 56.14 80.66 79.31 20.0 18.44 94.05 95.21 51.09 49.09 64.9 63.81 
73.88 75.43 56.08 57.63 39.22 39.92 53.08 51.74 90.51 89.11 91.22 89.83 60.67 62.65 77.16 75.27 59.46 60.96 91.22 89.81 93.38 91.41 14.14 14.56 66.57 65.51 78.26 76.48 35.0 36.62 37.01 35.01 70.77 72.62 78.49 80.16 8.54 10.44 89.44 87.66 22.8 24.08 72.42 73.6 63.89 62.63 2.0 0.0 75.13 73.16 86.53 84.88 84.15 82.76 1.41 1.41 106.45 107.33 29.83 27.89 106.98 107.7 103.0 101.0 67.36 69.26 43.01 44.65 29.43 31.4 115.97 114.24 86.01 86.82 78.39 76.66 85.16 85.73 57.7 59.51 22.02 20.02 56.22 56.44 21.02 20.25 74.33 73.0 104.56 105.68 13.34 15.3 15.3 15.03 95.19 96.25 8.25 8.94 77.2 76.03 50.7 51.24 42.45 41.11 24.02 24.19 34.21 34.79 58.03 58.14 82.04 80.66 21.63 20.0 95.69 96.83 53.08 51.09 66.03 64.9 
51.62 53.34 48.41 49.68 37.0 37.05 46.04 47.71 51.97 52.39 52.95 53.37 95.38 96.38 12.04 12.37 46.01 47.38 51.79 52.17 18.25 16.28 76.01 78.01 57.38 58.73 22.36 22.8 55.08 55.66 38.9 40.8 69.43 70.94 60.03 61.77 71.18 71.06 27.66 27.29 92.01 92.05 32.65 34.44 48.84 50.21 73.16 75.13 0.0 2.0 35.06 35.23 49.34 49.98 74.33 73.98 39.66 41.34 45.4 47.38 36.07 37.48 31.78 29.97 73.55 74.95 101.41 101.87 70.83 71.31 51.62 50.61 21.59 23.54 26.68 27.2 12.81 14.42 106.4 107.15 53.85 55.79 19.7 18.97 65.28 67.27 48.37 49.4 46.84 48.76 71.0 71.03 61.13 60.64 37.66 39.62 66.91 66.61 56.44 57.45 25.0 25.08 48.47 50.33 51.42 50.99 85.38 87.32 19.42 18.36 49.04 49.77 56.01 58.01 41.3 43.29 26.4 28.02 54.56 55.9 
50.61 52.35 46.86 48.17 35.0 35.06 44.41 46.04 51.62 51.97 52.61 52.95 93.65 94.67 12.04 12.04 44.55 45.97 51.48 51.79 20.22 18.25 74.01 76.01 56.08 57.38 22.09 22.36 53.16 53.76 37.0 38.9 68.12 69.66 59.06 60.83 69.18 69.07 28.16 27.66 90.01 90.05 31.78 33.62 47.51 48.84 71.2 73.16 2.0 0.0 35.0 35.06 48.76 49.34 72.37 72.01 40.8 42.44 43.42 45.4 37.54 38.9 33.62 31.78 72.12 73.55 99.46 99.92 68.88 69.38 52.7 51.62 22.14 24.04 26.31 26.68 14.14 15.62 104.55 105.31 51.92 53.85 17.89 17.09 63.29 65.28 47.41 48.37 47.43 49.34 69.0 69.03 59.2 58.69 38.08 40.02 64.94 64.63 55.47 56.44 23.0 23.09 46.62 48.47 49.48 49.03 83.43 85.38 17.8 16.64 48.38 49.04 54.01 56.01 41.59 43.57 24.84 26.4 53.26 54.56 
26.57 27.31 36.35 36.12 49.5 48.1 37.11 39.05 17.89 18.87 18.79 19.72 81.88 82.2 23.02 23.02 32.25 32.06 17.46 18.36 37.74 36.72 81.44 83.26 36.88 38.83 13.15 13.6 54.78 54.08 58.6 59.82 47.17 47.93 32.76 33.84 79.76 78.77 11.31 10.0 96.21 95.52 14.32 13.6 31.02 33.02 84.88 86.53 35.06 35.0 0.0 2.0 17.69 19.21 86.27 85.15 24.08 24.0 59.41 60.88 29.73 29.12 57.14 56.08 53.45 54.08 97.87 97.62 69.64 69.12 30.36 28.46 15.65 13.89 9.85 10.82 26.93 25.08 97.08 97.19 70.01 71.45 45.88 44.01 69.35 71.18 23.09 25.0 18.03 19.21 77.37 76.49 76.49 75.17 9.22 9.85 78.82 77.67 29.53 31.3 41.88 40.22 46.24 48.1 67.18 65.8 82.38 84.34 48.08 46.17 18.6 20.25 64.9 66.57 9.22 10.63 54.42 55.15 34.53 36.5 
24.7 25.5 34.37 34.13 48.1 46.67 35.17 37.11 17.09 17.89 18.03 18.79 79.91 80.23 23.19 23.02 30.27 30.07 16.76 17.46 38.83 37.74 79.62 81.44 34.93 36.88 13.0 13.15 52.92 52.2 57.43 58.6 45.31 46.1 31.06 32.2 78.03 77.03 12.81 11.31 94.34 93.64 12.53 11.7 29.02 31.02 83.23 84.88 35.23 35.06 2.0 0.0 16.28 17.69 84.63 83.49 26.08 26.0 57.98 59.41 31.62 31.05 58.25 57.14 51.55 52.2 95.89 95.63 67.72 67.19 32.28 30.36 16.64 15.0 9.22 9.85 27.73 25.94 95.08 95.19 68.59 70.01 45.22 43.32 67.54 69.35 21.19 23.09 19.72 20.81 75.59 74.69 75.01 73.66 11.18 11.7 77.2 76.03 27.78 29.53 40.82 39.12 44.38 46.24 65.76 64.35 80.41 82.38 47.54 45.61 17.03 18.6 63.25 64.9 10.82 12.04 53.76 54.42 32.56 34.53 
12.37 12.04 28.6 27.46 51.89 50.09 31.14 32.65 6.4 5.0 7.07 5.83 68.0 68.03 37.7 37.0 24.84 23.6 7.21 5.66 55.0 53.82 76.4 78.01 23.35 25.32 27.31 26.57 49.68 48.41 62.97 63.69 31.4 31.78 15.81 16.55 76.42 75.07 29.0 27.59 89.69 88.68 18.0 16.0 21.1 22.83 82.76 84.15 49.34 48.76 17.69 16.28 0.0 2.0 84.17 82.73 39.56 38.9 60.9 61.91 46.53 45.62 74.4 73.24 38.21 38.47 87.64 87.09 62.27 61.29 42.11 40.11 32.8 31.24 22.85 22.14 43.57 41.88 84.38 84.21 71.34 72.4 55.08 53.08 64.66 66.22 10.3 12.08 28.07 28.0 73.11 71.84 76.84 75.21 24.17 23.41 77.23 75.74 13.15 15.13 48.05 46.1 41.73 43.19 68.6 66.89 73.16 75.03 58.01 56.01 2.24 4.12 63.13 64.44 20.88 20.4 63.29 63.51 21.84 23.77 
10.44 10.05 27.02 25.81 51.08 49.24 29.7 31.14 8.06 6.4 8.6 7.07 66.0 66.03 38.48 37.7 23.35 22.02 8.94 7.21 56.22 55.0 74.81 76.4 21.38 23.35 28.18 27.31 48.17 46.86 62.3 62.97 29.43 29.83 13.93 14.76 74.97 73.59 30.48 29.0 87.98 86.95 18.11 16.12 19.42 21.1 81.39 82.76 49.98 49.34 19.21 17.69 2.0 0.0 82.81 81.34 41.44 40.8 59.94 60.9 48.3 47.42 75.6 74.4 36.22 36.5 85.73 85.16 60.54 59.54 44.1 42.11 34.06 32.56 23.71 22.85 44.65 43.01 82.39 82.22 70.33 71.34 55.01 53.01 63.13 64.66 8.6 10.3 30.07 30.0 71.59 70.29 75.72 74.06 26.0 25.3 75.93 74.41 11.18 13.15 47.68 45.71 40.31 41.73 67.6 65.86 71.31 73.16 58.01 56.01 1.0 2.24 61.85 63.13 22.8 22.36 63.13 63.29 19.92 21.84 
74.03 75.6 56.22 57.8 38.63 39.4 53.15 51.86 90.52 89.14 91.24 89.87 61.81 63.79 76.55 74.67 59.55 61.07 91.22 89.83 92.57 90.61 15.3 15.81 66.89 65.86 77.83 76.06 35.23 36.89 36.06 34.06 71.31 73.16 78.77 80.45 9.22 11.18 89.01 87.24 24.21 25.5 72.2 73.41 64.03 62.8 1.41 1.41 74.33 72.37 86.27 84.63 84.17 82.81 0.0 2.0 105.99 106.89 29.12 27.2 106.4 107.15 102.0 100.0 68.01 69.92 44.41 46.04 30.27 32.25 115.6 113.88 85.49 86.33 78.03 76.32 84.48 85.07 59.03 60.84 21.0 19.0 55.33 55.58 21.54 20.88 74.41 73.11 104.29 105.44 14.14 16.12 14.14 14.0 94.87 95.96 7.62 8.6 77.42 76.28 50.0 50.6 42.52 41.23 23.09 23.35 35.44 36.06 57.08 57.22 82.07 80.72 21.4 19.85 95.44 96.61 52.04 50.04 66.29 65.19 
72.47 74.03 54.67 56.22 37.95 38.63 51.66 50.33 89.1 87.69 89.81 88.41 59.84 61.81 75.89 74.0 58.05 59.55 89.81 88.39 92.23 90.26 13.34 13.93 65.19 64.14 76.92 75.13 33.6 35.23 36.0 34.0 69.46 71.31 77.1 78.77 7.28 9.22 88.1 86.31 23.02 24.21 71.03 72.2 62.48 61.22 1.41 1.41 73.98 72.01 85.15 83.49 82.73 81.34 2.0 0.0 105.12 105.99 28.64 26.68 105.69 106.4 102.0 100.0 66.1 68.01 42.8 44.41 28.28 30.27 114.61 112.87 84.69 85.49 77.03 75.29 83.93 84.48 57.25 59.03 21.1 19.1 55.15 55.33 19.7 18.97 72.92 71.59 103.17 104.29 12.17 14.14 14.56 14.14 93.81 94.87 7.07 7.62 75.8 74.63 49.48 50.0 41.04 39.7 23.0 23.09 33.53 34.18 57.01 57.08 80.62 79.25 20.25 18.6 94.3 95.44 52.15 50.16 64.64 63.51 
50.22 50.7 60.07 60.01 67.6 66.65 60.41 62.39 36.72 38.47 37.22 38.95 105.93 106.21 31.14 32.65 56.04 56.0 35.85 37.59 30.27 30.59 103.09 105.0 60.83 62.8 28.23 30.08 77.13 76.69 74.2 75.8 70.6 71.17 55.36 56.08 100.46 99.72 17.09 18.97 118.41 117.88 37.22 37.05 55.08 57.08 104.65 106.45 39.66 40.8 24.08 26.08 39.56 41.44 105.99 105.12 0.0 2.0 77.52 79.26 8.94 7.21 46.53 46.27 77.13 77.62 121.5 121.33 92.57 92.23 12.08 11.4 20.81 19.72 28.86 30.81 26.93 25.24 121.15 121.26 87.66 89.36 57.28 55.87 91.09 93.01 46.87 48.84 15.0 16.64 98.68 98.03 94.67 93.65 15.52 16.16 98.39 97.51 52.5 54.41 57.43 56.3 68.66 70.61 84.91 83.86 105.8 107.79 58.14 56.64 41.11 43.01 85.09 86.93 18.79 19.72 65.19 66.53 58.55 60.53 
