60
0.0 2.0 59.44 59.91 60.42 60.88 35.69 37.66 35.51 37.48 43.97 45.88 43.68 45.61 43.42 45.35 70.11 72.11 70.18 72.17 87.09 88.96 95.6 96.17 107.84 108.69 1.41 3.16 9.22 10.82 86.68 87.28 102.04 103.87 67.54 68.48 81.84 82.93 92.76 94.73 49.73 51.66 53.0 55.0 47.41 49.19 97.86 98.62 44.41 44.18 91.92 92.96 68.24 69.4 38.47 40.45 12.81 14.14 17.03 18.6 
2.0 0.0 57.49 57.97 58.46 58.94 33.73 35.69 33.54 35.51 42.06 43.97 41.76 43.68 41.48 43.42 68.12 70.11 68.18 70.18 85.23 87.09 93.68 94.25 106.02 106.89 1.41 1.41 7.81 9.22 84.77 85.38 100.22 102.04 65.76 66.73 80.16 81.27 90.8 92.76 47.8 49.73 51.0 53.0 46.52 48.33 96.01 96.77 42.43 42.19 90.21 91.27 66.61 67.8 38.21 40.2 11.31 12.81 15.56 17.03 
59.44 57.49 0.0 2.0 1.0 2.24 30.48 29.0 29.83 28.32 30.53 29.53 29.68 28.65 28.84 27.78 15.0 16.64 14.42 16.12 29.83 31.4 36.4 37.16 51.22 52.5 58.25 56.29 54.42 52.55 27.73 28.65 45.45 47.01 18.11 20.1 32.89 34.79 33.38 35.36 27.86 27.2 13.93 13.34 46.23 47.51 40.22 41.4 23.6 22.02 39.96 41.68 26.08 28.07 57.7 58.59 48.26 48.09 51.0 49.24 
59.91 57.97 2.0 0.0 2.24 1.0 31.83 30.41 31.14 29.7 32.25 31.3 31.38 30.41 30.53 29.53 16.28 17.8 15.62 17.2 28.6 30.23 35.74 36.4 50.0 51.22 58.69 56.75 55.15 53.31 26.93 27.73 44.2 45.8 16.12 18.11 31.02 32.89 33.14 35.13 29.73 29.12 15.81 15.3 45.0 46.23 39.12 40.22 25.24 23.6 38.28 39.96 24.08 26.08 56.86 57.7 48.51 48.26 51.97 50.25 
60.42 58.46 1.0 2.24 0.0 2.0 31.24 29.73 30.61 29.07 31.06 30.02 30.23 29.15 29.41 28.3 14.21 15.81 13.6 15.26 29.07 30.61 35.47 36.25 50.45 51.74 59.23 57.27 55.36 53.49 26.83 27.78 44.69 46.23 18.03 20.02 32.57 34.48 32.39 34.37 28.23 27.51 14.32 13.6 47.01 48.27 39.41 40.61 24.21 22.67 39.45 41.18 26.17 28.16 58.6 59.48 49.25 49.09 51.88 50.12 
60.88 58.94 2.24 1.0 2.0 0.0 32.56 31.11 31.89 30.41 32.76 31.76 31.91 30.89 31.06 30.02 15.56 17.03 14.87 16.4 27.8 29.41 34.79 35.47 49.2 50.45 59.67 57.72 56.08 54.23 26.0 26.83 43.42 45.0 16.03 18.03 30.68 32.57 32.14 34.13 30.08 29.41 16.16 15.52 45.8 47.01 38.28 39.41 25.81 24.21 37.74 39.45 24.19 26.17 57.78 58.6 49.5 49.25 52.84 51.11 
35.69 33.73 30.48 31.83 31.24 32.56 0.0 2.0 1.0 2.24 9.22 10.82 8.6 10.3 8.06 9.85 36.69 38.6 37.0 38.9 60.31 61.85 65.86 66.89 81.69 82.98 34.93 32.98 28.02 26.02 57.69 58.82 75.93 77.47 45.49 47.17 61.29 62.97 61.33 63.16 14.32 16.16 19.31 21.19 50.7 52.63 70.6 71.84 9.06 9.49 69.66 71.22 50.57 52.39 53.54 55.23 29.15 30.23 22.36 20.4 
37.66 35.69 29.0 30.41 29.73 31.11 2.0 0.0 2.24 1.0 7.81 9.22 7.07 8.6 6.4 8.06 34.79 36.69 35.11 37.0 58.8 60.31 64.14 65.19 80.16 81.47 36.88 34.93 30.02 28.02 56.04 57.2 74.41 75.93 44.42 46.14 60.21 61.91 59.51 61.33 12.53 14.32 17.46 19.31 51.24 53.16 69.03 70.29 7.07 7.62 68.41 70.0 49.77 51.62 54.64 56.3 30.89 31.91 24.33 22.36 
35.51 33.54 29.83 31.14 30.61 31.89 1.0 2.24 0.0 2.0 9.9 11.4 9.22 10.82 8.6 10.3 36.4 38.33 36.69 38.6 59.67 61.22 65.37 66.37 81.06 82.33 34.71 32.76 28.0 26.0 57.14 58.25 75.29 76.84 44.65 46.32 60.46 62.13 60.93 62.77 14.76 16.55 18.97 20.88 49.73 51.66 70.0 71.22 9.0 9.22 68.88 70.43 49.66 51.48 52.7 54.38 28.65 29.68 22.56 20.62 
37.48 35.51 28.32 29.7 29.07 30.41 2.24 1.0 2.0 0.0 8.6 9.9 7.81 9.22 7.07 8.6 34.48 36.4 34.79 36.69 58.14 59.67 63.63 64.66 79.51 80.81 36.67 34.71 30.0 28.0 55.47 56.61 73.76 75.29 43.57 45.28 59.36 61.06 59.09 60.93 13.04 14.76 17.09 18.97 50.29 52.2 68.41 69.66 7.0 7.28 67.62 69.2 48.85 50.7 53.82 55.47 30.41 31.38 24.52 22.56 
43.97 42.06 30.53 32.25 31.06 32.76 9.22 7.81 9.9 8.6 0.0 2.0 1.0 2.24 2.0 2.83 32.76 34.48 33.29 34.99 59.55 60.88 63.41 64.66 80.62 82.07 43.32 41.44 35.69 33.73 55.9 57.28 75.01 76.38 47.54 49.4 63.07 64.88 57.98 59.68 6.0 8.0 17.03 18.38 58.52 60.41 69.3 70.72 7.28 9.22 70.49 72.2 53.85 55.79 62.43 64.07 38.28 39.41 29.07 27.07 
45.88 43.97 29.53 31.3 30.02 31.76 10.82 9.22 11.4 9.9 2.0 0.0 2.24 1.0 2.83 2.0 31.06 32.76 31.62 33.29 58.26 59.55 61.85 63.13 79.25 80.72 45.22 43.32 37.66 35.69 54.45 55.87 73.66 75.01 46.82 48.7 62.24 64.08 56.3 57.98 4.0 6.0 15.81 17.03 59.24 61.1 67.9 69.35 7.0 9.0 69.46 71.2 53.37 55.32 63.6 65.22 39.96 41.05 31.06 29.07 
43.68 41.76 29.68 31.38 30.23 31.91 8.6 7.07 9.22 7.81 1.0 2.24 0.0 2.0 1.0 2.24 32.25 34.0 32.76 34.48 58.8 60.14 62.8 64.03 79.91 81.34 43.01 41.11 35.51 33.54 55.23 56.59 74.28 75.66 46.62 48.47 62.17 63.98 57.45 59.17 6.08 8.06 16.28 17.69 57.58 59.46 68.59 70.01 6.32 8.25 69.64 71.34 52.89 54.82 61.61 63.25 37.74 38.83 29.02 27.02 
45.61 43.68 28.65 30.41 29.15 30.89 10.3 8.6 10.82 9.22 2.24 1.0 2.0 0.0 2.24 1.0 30.53 32.25 31.06 32.76 57.49 58.8 61.22 62.48 78.52 79.98 44.92 43.01 37.48 35.51 53.76 55.15 72.92 74.28 45.88 47.76 61.33 63.16 55.76 57.45 4.12 6.08 15.0 16.28 58.31 60.17 67.18 68.62 6.0 8.0 68.6 70.33 52.39 54.34 62.8 64.4 39.45 40.5 31.02 29.02 
43.42 41.48 28.84 30.53 29.41 31.06 8.06 6.4 8.6 7.07 2.0 2.83 1.0 2.24 0.0 2.0 31.76 33.54 32.25 34.0 58.05 59.41 62.2 63.41 79.2 80.62 42.72 40.8 35.36 33.38 54.56 55.9 73.55 74.95 45.69 47.54 61.27 63.07 56.94 58.67 6.32 8.25 15.56 17.03 56.65 58.52 67.9 69.3 5.39 7.28 68.8 70.49 51.92 53.85 60.8 62.43 37.22 38.28 29.0 27.0 
45.35 43.42 27.78 29.53 28.3 30.02 9.85 8.06 10.3 8.6 2.83 2.0 2.24 1.0 2.0 0.0 30.02 31.76 30.53 32.25 56.73 58.05 60.61 61.85 77.79 79.25 44.64 42.72 37.34 35.36 53.08 54.45 72.18 73.55 44.94 46.82 60.42 62.24 55.23 56.94 4.47 6.32 14.21 15.56 57.38 59.24 66.47 67.9 5.0 7.0 67.74 69.46 51.42 53.37 62.01 63.6 38.95 39.96 31.0 29.0 
70.11 68.12 15.0 16.28 14.21 15.56 36.69 34.79 36.4 34.48 32.76 31.06 32.25 30.53 31.76 30.02 0.0 2.0 1.0 2.24 30.08 30.87 31.11 32.56 49.65 51.31 69.07 67.07 63.79 61.81 24.7 26.42 44.42 45.49 28.79 30.68 40.01 42.01 25.24 26.93 27.8 26.25 17.46 15.52 61.22 62.48 38.28 39.96 27.86 27.2 43.93 45.89 37.7 39.56 72.47 73.43 60.13 60.3 58.94 57.01 
72.11 70.11 16.64 17.8 15.81 17.03 38.6 36.69 38.33 36.4 34.48 32.76 34.0 32.25 33.54 31.76 2.0 0.0 2.24 1.0 29.41 30.08 29.73 31.24 48.55 50.25 71.06 69.07 65.76 63.79 23.71 25.5 43.42 44.42 29.55 31.38 40.11 42.11 23.6 25.24 29.41 27.8 19.42 17.46 62.8 64.03 37.22 38.95 29.73 29.12 43.57 45.54 38.48 40.31 74.24 75.18 62.13 62.29 60.88 58.94 
70.18 68.18 14.42 15.62 13.6 14.87 37.0 35.11 36.69 34.79 33.29 31.62 32.76 31.06 32.25 30.53 1.0 2.24 0.0 2.0 29.15 29.97 30.41 31.83 48.83 50.48 69.12 67.12 63.95 61.98 23.85 25.55 43.57 44.65 27.86 29.73 39.01 41.01 24.7 26.42 28.43 26.91 17.72 15.81 60.61 61.85 37.44 39.12 28.23 27.51 42.95 44.91 36.77 38.63 72.01 72.95 60.07 60.21 59.2 57.28 
72.17 70.18 16.12 17.2 15.26 16.4 38.9 37.0 38.6 36.69 34.99 33.29 34.48 32.76 34.0 32.25 2.24 1.0 2.0 0.0 28.46 29.15 29.0 30.48 47.71 49.4 71.11 69.12 65.92 63.95 22.83 24.6 42.54 43.57 28.64 30.46 39.12 41.11 23.02 24.7 30.0 28.43 19.65 17.72 62.2 63.41 36.36 38.08 30.08 29.41 42.58 44.55 37.58 39.4 73.79 74.71 62.07 62.2 61.13 59.2 
87.09 85.23 29.83 28.6 29.07 27.8 60.31 58.8 59.67 58.14 59.55 58.26 58.8 57.49 58.05 56.73 30.08 29.41 29.15 28.46 0.0 2.0 12.53 11.7 21.4 22.67 85.8 83.93 83.19 81.41 7.28 5.39 15.62 17.2 21.02 21.02 16.97 18.44 17.2 18.44 55.8 54.64 42.52 41.23 59.84 60.21 10.77 11.66 53.04 51.62 15.13 17.12 25.96 26.57 75.24 75.43 74.95 74.33 80.45 78.77 
88.96 87.09 31.4 30.23 30.61 29.41 61.85 60.31 61.22 59.67 60.88 59.55 60.14 58.8 59.41 58.05 30.87 30.08 29.97 29.15 2.0 0.0 10.82 9.85 19.85 21.21 87.66 85.8 84.97 83.19 7.0 5.0 14.14 15.62 23.02 23.02 18.44 19.8 16.12 17.2 57.01 55.8 43.86 42.52 61.81 62.17 8.94 10.0 54.45 53.08 15.52 17.46 27.89 28.46 77.23 77.41 76.84 76.24 82.15 80.45 
95.6 93.68 36.4 35.74 35.47 34.79 65.86 64.14 65.37 63.63 63.41 61.85 62.8 61.22 62.2 60.61 31.11 29.73 30.41 29.0 12.53 10.82 0.0 2.0 19.92 21.84 94.37 92.44 90.82 88.96 9.06 9.06 16.03 16.28 32.39 32.76 29.21 30.48 8.06 8.06 58.8 57.31 46.87 45.22 71.81 72.28 10.05 12.04 57.69 56.6 24.7 26.42 38.28 39.0 86.83 87.13 83.95 83.55 87.24 85.43 
96.17 94.25 37.16 36.4 36.25 35.47 66.89 65.19 66.37 64.66 64.66 63.13 64.03 62.48 63.41 61.85 32.56 31.24 31.83 30.48 11.7 9.85 2.0 0.0 18.03 19.92 94.92 93.01 91.55 89.69 9.49 9.06 14.04 14.32 32.14 32.39 28.02 29.21 10.05 10.05 60.14 58.69 48.01 46.4 71.39 71.81 8.06 10.05 58.82 57.69 23.02 24.7 37.64 38.28 86.58 86.83 84.4 83.95 88.1 86.31 
107.84 106.02 51.22 50.0 50.45 49.2 81.69 80.16 81.06 79.51 80.62 79.25 79.91 78.52 79.2 77.79 49.65 48.55 48.83 47.71 21.4 19.85 19.92 18.03 0.0 2.0 106.51 104.69 104.32 102.58 25.0 23.43 5.83 4.24 40.5 39.85 29.02 29.02 27.89 27.46 76.58 75.29 63.64 62.24 76.06 76.01 11.4 9.9 74.28 72.92 19.1 19.42 42.43 42.19 92.27 92.14 95.46 94.7 101.79 100.12 
108.69 106.89 52.5 51.22 51.74 50.45 82.98 81.47 82.33 80.81 82.07 80.72 81.34 79.98 80.62 79.25 51.31 50.25 50.48 49.4 22.67 21.21 21.84 19.92 2.0 0.0 107.35 105.55 105.31 103.59 26.63 25.0 7.07 5.83 41.23 40.5 29.15 29.02 29.83 29.43 78.1 76.84 65.07 63.7 76.16 76.06 13.04 11.4 75.66 74.28 19.0 19.1 42.76 42.43 92.44 92.27 96.25 95.46 102.9 101.26 
1.41 1.41 58.25 58.69 59.23 59.67 34.93 36.88 34.71 36.67 43.32 45.22 43.01 44.92 42.72 44.64 69.07 71.06 69.12 71.11 85.8 87.66 94.37 94.92 106.51 107.35 0.0 2.0 9.22 10.63 85.44 86.02 100.72 102.55 66.19 67.12 80.45 81.54 91.59 93.56 49.04 50.96 52.01 54.01 46.07 47.85 96.57 97.31 43.57 43.29 90.55 91.59 66.85 68.01 37.34 39.32 11.4 12.73 16.97 18.44 
3.16 1.41 56.29 56.75 57.27 57.72 32.98 34.93 32.76 34.71 41.44 43.32 41.11 43.01 40.8 42.72 67.07 69.07 67.12 69.12 83.93 85.8 92.44 93.01 104.69 105.55 2.0 0.0 8.06 9.22 83.52 84.12 98.9 100.72 64.41 65.37 78.77 79.88 89.63 91.59 47.13 49.04 50.01 52.01 45.19 47.01 94.7 95.46 41.59 41.3 88.84 89.89 65.22 66.4 37.12 39.12 9.9 11.4 15.62 16.97 
9.22 7.81 54.42 55.15 55.36 56.08 28.02 30.02 28.0 30.0 35.69 37.66 35.51 37.48 35.36 37.34 63.79 65.76 63.95 65.92 83.19 84.97 90.82 91.55 104.32 105.31 9.22 8.06 0.0 2.0 82.08 82.86 98.49 100.24 64.64 65.8 79.65 80.92 87.36 89.29 41.59 43.57 46.39 48.37 50.29 52.2 93.91 94.83 37.0 37.05 89.4 90.6 66.53 67.9 44.01 46.01 14.32 16.28 7.81 9.43 
10.82 9.22 52.55 53.31 53.49 54.23 26.02 28.02 26.0 28.0 33.73 35.69 33.54 35.51 33.38 35.36 61.81 63.79 61.98 63.95 81.41 83.19 88.96 89.69 102.58 103.59 10.63 9.22 2.0 0.0 80.23 81.02 96.75 98.49 63.01 64.2 78.1 79.4 85.44 87.36 39.62 41.59 44.41 46.39 49.73 51.66 92.13 93.06 35.0 35.06 87.8 89.02 65.07 66.47 44.1 46.1 14.04 16.03 6.4 7.81 
86.68 84.77 27.73 26.93 26.83 26.0 57.69 56.04 57.14 55.47 55.9 54.45 55.23 53.76 54.56 53.08 24.7 23.71 23.85 22.83 7.28 7.0 9.06 9.49 25.0 26.63 85.44 83.52 82.08 80.23 0.0 2.0 19.72 20.81 23.77 24.35 23.6 25.24 10.63 12.21 51.66 50.33 39.05 37.54 63.32 63.89 13.6 15.26 49.82 48.6 22.36 24.33 30.41 31.38 78.09 78.45 74.95 74.53 78.71 76.94 
87.28 85.38 28.65 27.73 27.78 26.83 58.82 57.2 58.25 56.61 57.28 55.87 56.59 55.15 55.9 54.45 26.42 25.5 25.55 24.6 5.39 5.0 9.06 9.06 23.43 25.0 86.02 84.12 82.86 81.02 2.0 0.0 18.03 19.21 23.35 23.77 22.02 23.6 12.04 13.45 53.15 51.86 40.36 38.9 62.82 63.32 12.04 13.6 51.09 49.82 20.4 22.36 29.55 30.41 77.78 78.09 75.43 74.95 79.65 77.9 
102.04 100.22 45.45 44.2 44.69 43.42 75.93 74.41 75.29 73.76 75.01 73.66 74.28 72.92 73.55 72.18 44.42 43.42 43.57 42.54 15.62 14.14 16.03 14.04 5.83 7.07 100.72 98.9 98.49 96.75 19.72 18.03 0.0 2.0 34.79 34.21 24.08 24.33 24.08 24.0 71.06 69.81 58.0 56.64 71.0 71.03 6.32 4.47 68.59 67.21 14.87 15.65 37.12 37.01 87.09 87.02 89.69 88.96 95.96 94.3 
103.87 102.04 47.01 45.8 46.23 45.0 77.47 75.93 76.84 75.29 76.38 75.01 75.66 74.28 74.95 73.55 45.49 44.42 44.65 43.57 17.2 15.62 16.28 14.32 4.24 5.83 102.55 100.72 100.24 98.49 20.81 19.21 2.0 0.0 36.69 36.14 26.08 26.31 24.33 24.08 72.35 71.06 59.4 58.0 73.0 73.03 7.21 5.66 70.04 68.68 16.76 17.46 39.12 39.01 89.09 89.02 91.55 90.82 97.64 95.96 
67.54 65.76 18.11 16.12 18.03 16.03 45.49 44.42 44.65 43.57 47.54 46.82 46.62 45.88 45.69 44.94 28.79 29.55 27.86 28.64 21.02 23.02 32.39 32.14 40.5 41.23 66.19 64.41 64.64 63.01 23.77 23.35 34.79 36.69 0.0 2.0 15.81 17.49 33.62 35.47 45.61 45.12 31.78 31.4 39.56 40.16 31.4 31.78 40.31 38.48 24.84 26.17 8.94 10.77 54.45 54.74 55.04 54.23 63.03 61.55 
68.48 66.73 20.1 18.11 20.02 18.03 47.17 46.14 46.32 45.28 49.4 48.7 48.47 47.76 47.54 46.82 30.68 31.38 29.73 30.46 21.02 23.02 32.76 32.39 39.85 40.5 67.12 65.37 65.8 64.2 24.35 23.77 34.21 36.14 2.0 0.0 14.21 15.81 34.44 36.25 47.54 47.07 33.73 33.38 39.05 39.56 31.14 31.4 42.15 40.31 23.6 24.84 7.21 8.94 54.23 54.45 55.9 55.04 64.38 62.94 
81.84 80.16 32.89 31.02 32.57 30.68 61.29 60.21 60.46 59.36 63.07 62.24 62.17 61.33 61.27 60.42 40.01 40.11 39.01 39.12 16.97 18.44 29.21 28.02 29.02 29.15 80.45 78.77 79.65 78.1 23.6 22.02 24.08 26.08 15.81 14.21 0.0 2.0 34.06 35.38 60.75 60.08 46.82 46.17 47.04 47.0 23.41 22.8 55.9 54.12 10.44 11.18 13.93 13.34 63.29 63.13 69.12 68.1 78.49 77.08 
82.93 81.27 34.79 32.89 34.48 32.57 62.97 61.91 62.13 61.06 64.88 64.08 63.98 63.16 63.07 62.24 42.01 42.11 41.01 41.11 18.44 19.8 30.48 29.21 29.02 29.02 81.54 79.88 80.92 79.4 25.24 23.6 24.33 26.31 17.49 15.81 2.0 0.0 35.61 36.88 62.63 61.98 48.7 48.08 47.17 47.04 24.17 23.41 57.7 55.9 10.05 10.44 14.76 13.93 63.51 63.29 70.18 69.12 79.91 78.52 
92.76 90.8 33.38 33.14 32.39 32.14 61.33 59.51 60.93 59.09 57.98 56.3 57.45 55.76 56.94 55.23 25.24 23.6 24.7 23.02 17.2 16.12 8.06 10.05 27.89 29.83 91.59 89.63 87.36 85.44 10.63 12.04 24.08 24.33 33.62 34.44 34.06 35.61 0.0 2.0 53.01 51.4 42.05 40.25 73.05 73.74 18.0 20.0 52.77 51.89 31.38 33.24 40.82 41.88 87.32 87.8 81.61 81.39 83.22 81.34 
94.73 92.76 35.36 35.13 34.37 34.13 63.16 61.33 62.77 60.93 59.68 57.98 59.17 57.45 58.67 56.94 26.93 25.24 26.42 24.7 18.44 17.2 8.06 10.05 27.46 29.43 93.56 91.59 89.29 87.36 12.21 13.45 24.0 24.08 35.47 36.25 35.38 36.88 2.0 0.0 54.64 53.01 43.86 42.05 74.95 75.61 18.11 20.1 54.56 53.71 32.2 34.01 42.54 43.57 89.27 89.74 83.6 83.38 85.09 83.22 
49.73 47.8 27.86 29.73 28.23 30.08 14.32 12.53 14.76 13.04 6.0 4.0 6.08 4.12 6.32 4.47 27.8 29.41 28.43 30.0 55.8 57.01 58.8 60.14 76.58 78.1 49.04 47.13 41.59 39.62 51.66 53.15 71.06 72.35 45.61 47.54 60.75 62.63 53.01 54.64 0.0 2.0 13.93 14.76 60.84 62.65 65.19 66.71 8.06 9.85 67.54 69.32 52.61 54.59 66.07 67.62 43.42 44.42 35.06 33.06 
51.66 49.73 27.2 29.12 27.51 29.41 16.16 14.32 16.55 14.76 8.0 6.0 8.06 6.08 8.25 6.32 26.25 27.8 26.91 28.43 54.64 55.8 57.31 58.69 75.29 76.84 50.96 49.04 43.57 41.59 50.33 51.86 69.81 71.06 45.12 47.07 60.08 61.98 51.4 53.01 2.0 0.0 13.34 13.93 61.72 63.51 63.89 65.44 9.22 10.82 66.64 68.45 52.35 54.33 67.36 68.88 45.18 46.14 37.05 35.06 
53.0 51.0 13.93 15.81 14.32 16.16 19.31 17.46 18.97 17.09 17.03 15.81 16.28 15.0 15.56 14.21 17.46 19.42 17.72 19.65 42.52 43.86 46.87 48.01 63.64 65.07 52.01 50.01 46.39 44.41 39.05 40.36 58.0 59.4 31.78 33.73 46.82 48.7 42.05 43.86 13.93 13.34 0.0 2.0 52.2 53.82 52.35 53.74 10.82 9.85 53.71 55.47 39.12 41.11 60.44 61.72 43.74 44.15 41.48 39.56 
55.0 53.0 13.34 15.3 13.6 15.52 21.19 19.31 20.88 18.97 18.38 17.03 17.69 16.28 17.03 15.56 15.52 17.46 15.81 17.72 41.23 42.52 45.22 46.4 62.24 63.7 54.01 52.01 48.37 46.39 37.54 38.9 56.64 58.0 31.4 33.38 46.17 48.08 40.25 42.05 14.76 13.93 2.0 0.0 53.41 55.0 50.91 52.35 12.53 11.7 52.77 54.56 39.01 41.01 62.01 63.25 45.71 46.1 43.42 41.48 
47.41 46.52 46.23 45.0 47.01 45.8 50.7 51.24 49.73 50.29 58.52 59.24 57.58 58.31 56.65 57.38 61.22 62.8 60.61 62.2 59.84 61.81 71.81 71.39 76.06 76.16 46.07 45.19 50.29 49.73 63.32 62.82 71.0 73.0 39.56 39.05 47.04 47.17 73.05 74.95 60.84 61.72 52.2 53.41 0.0 2.0 69.26 69.12 52.8 50.99 57.22 57.43 34.13 34.01 16.49 16.12 36.06 34.18 53.76 53.46 
49.19 48.33 47.51 46.23 48.27 47.01 52.63 53.16 51.66 52.2 60.41 61.1 59.46 60.17 58.52 59.24 62.48 64.03 61.85 63.41 60.21 62.17 72.28 71.81 76.01 76.06 47.85 47.01 52.2 51.66 63.89 63.32 71.03 73.03 40.16 39.56 47.0 47.04 73.74 75.61 62.65 63.51 53.82 55.0 2.0 0.0 69.46 69.26 54.63 52.8 57.08 57.22 34.37 34.13 17.09 16.49 37.95 36.06 55.73 55.44 
97.86 96.01 40.22 39.12 39.41 38.28 70.6 69.03 70.0 68.41 69.3 67.9 68.59 67.18 67.9 66.47 38.28 37.22 37.44 36.36 10.77 8.94 10.05 8.06 11.4 13.04 96.57 94.7 93.91 92.13 13.6 12.04 6.32 7.21 31.4 31.14 23.41 24.17 18.0 18.11 65.19 63.89 52.35 50.91 69.26 69.46 0.0 2.0 63.03 61.72 16.28 17.69 35.13 35.36 85.02 85.09 85.7 85.07 91.07 89.36 
98.62 96.77 41.4 40.22 40.61 39.41 71.84 70.29 71.22 69.66 70.72 69.35 70.01 68.62 69.3 67.9 39.96 38.95 39.12 38.08 11.66 10.0 12.04 10.05 9.9 11.4 97.31 95.46 94.83 93.06 15.26 13.6 4.47 5.66 31.78 31.4 22.8 23.41 20.0 20.1 66.71 65.44 53.74 52.35 69.12 69.26 2.0 0.0 64.38 63.03 15.0 16.28 35.01 35.13 85.0 85.02 86.38 85.7 92.11 90.43 
44.41 42.43 23.6 25.24 24.21 25.81 9.06 7.07 9.0 7.0 7.28 7.0 6.32 6.0 5.39 5.0 27.86 29.73 28.23 30.08 53.04 54.45 57.69 58.82 74.28 75.66 43.57 41.59 37.0 35.0 49.82 51.09 68.59 70.04 40.31 42.15 55.9 57.7 52.77 54.56 8.06 9.22 10.82 12.53 52.8 54.63 63.03 64.38 0.0 2.0 63.51 65.19 46.57 48.51 58.14 59.67 36.77 37.58 31.4 29.43 
44.18 42.19 22.02 23.6 22.67 24.21 9.49 7.62 9.22 7.28 9.22 9.0 8.25 8.0 7.28 7.0 27.2 29.12 27.51 29.41 51.62 53.08 56.6 57.69 72.92 74.28 43.29 41.3 37.05 35.06 48.6 49.82 67.21 68.68 38.48 40.31 54.12 55.9 51.89 53.71 9.85 10.82 9.85 11.7 50.99 52.8 61.72 63.03 2.0 0.0 61.85 63.51 44.64 46.57 56.64 58.14 36.06 36.77 31.78 29.83 
91.92 90.21 39.96 38.28 39.45 37.74 69.66 68.41 68.88 67.62 70.49 69.46 69.64 68.6 68.8 67.74 43.93 43.57 42.95 42.58 15.13 15.52 24.7 23.02 19.1 19.0 90.55 88.84 89.4 87.8 22.36 20.4 14.87 16.76 24.84 23.6 10.44 10.05 31.38 32.2 67.54 66.64 53.71 52.77 57.22 57.08 16.28 15.0 63.51 61.85 0.0 2.0 24.35 23.77 73.55 73.33 79.26 78.29 87.86 86.37 
92.96 91.27 41.68 39.96 41.18 39.45 71.22 70.0 70.43 69.2 72.2 71.2 71.34 70.33 70.49 69.46 45.89 45.54 44.91 44.55 17.12 17.46 26.42 24.7 19.42 19.1 91.59 89.89 90.6 89.02 24.33 22.36 15.65 17.46 26.17 24.84 11.18 10.44 33.24 34.01 69.32 68.45 55.47 54.56 57.43 57.22 17.69 16.28 65.19 63.51 2.0 0.0 25.08 24.35 73.82 73.55 80.26 79.26 89.2 87.73 
68.24 66.61 26.08 24.08 26.17 24.19 50.57 49.77 49.66 48.85 53.85 53.37 52.89 52.39 51.92 51.42 37.7 38.48 36.77 37.58 25.96 27.89 38.28 37.64 42.43 42.76 66.85 65.22 66.53 65.07 30.41 29.55 37.12 39.12 8.94 7.21 13.93 14.76 40.82 42.54 52.61 52.35 39.12 39.01 34.13 34.37 35.13 35.01 46.57 44.64 24.35 25.08 0.0 2.0 50.01 50.01 55.47 54.38 65.95 64.66 
69.4 67.8 28.07 26.08 28.16 26.17 52.39 51.62 51.48 50.7 55.79 55.32 54.82 54.34 53.85 53.37 39.56 40.31 38.63 39.4 26.57 28.46 39.0 38.28 42.19 42.43 68.01 66.4 67.9 66.47 31.38 30.41 37.01 39.01 10.77 8.94 13.34 13.93 41.88 43.57 54.59 54.33 41.11 41.01 34.01 34.13 35.36 35.13 48.51 46.57 23.77 24.35 2.0 0.0 50.09 50.01 56.61 55.47 67.48 66.22 
38.47 38.21 57.7 56.86 58.6 57.78 53.54 54.64 52.7 53.82 62.43 63.6 61.61 62.8 60.8 62.01 72.47 74.24 72.01 73.79 75.24 77.23 86.83 86.58 92.27 92.44 37.34 37.12 44.01 44.1 78.09 77.78 87.09 89.09 54.45 54.23 63.29 63.51 87.32 89.27 66.07 67.36 60.44 62.01 16.49 17.09 85.02 85.0 58.14 56.64 73.55 73.82 50.01 50.09 0.0 2.0 30.27 28.28 49.5 49.82 
40.45 40.2 58.59 57.7 59.48 58.6 55.23 56.3 54.38 55.47 64.07 65.22 63.25 64.4 62.43 63.6 73.43 75.18 72.95 74.71 75.43 77.41 87.13 86.83 92.14 92.27 39.32 39.12 46.01 46.1 78.45 78.09 87.02 89.02 54.74 54.45 63.13 63.29 87.8 89.74 67.62 68.88 61.72 63.25 16.12 16.49 85.09 85.02 59.67 58.14 73.33 73.55 50.01 50.01 2.0 0.0 32.25 30.27 51.48 51.79 
12.81 11.31 48.26 48.51 49.25 49.5 29.15 30.89 28.65 30.41 38.28 39.96 37.74 39.45 37.22 38.95 60.13 62.13 60.07 62.07 74.95 76.84 83.95 84.4 95.46 96.25 11.4 9.9 14.32 14.04 74.95 75.43 89.69 91.55 55.04 55.9 69.12 70.18 81.61 83.6 43.42 45.18 43.74 45.71 36.06 37.95 85.7 86.38 36.77 36.06 79.26 80.26 55.47 56.61 30.27 32.25 0.0 2.0 19.24 19.65 
14.14 12.81 48.09 48.26 49.09 49.25 30.23 31.91 29.68 31.38 39.41 41.05 38.83 40.5 38.28 39.96 60.3 62.29 60.21 62.2 74.33 76.24 83.55 83.95 94.7 95.46 12.73 11.4 16.28 16.03 74.53 74.95 88.96 90.82 54.23 55.04 68.1 69.12 81.39 83.38 44.42 46.14 44.15 46.1 34.18 36.06 85.07 85.7 37.58 36.77 78.29 79.26 54.38 55.47 28.28 30.27 2.0 0.0 21.21 21.59 
17.03 15.56 51.0 51.97 51.88 52.84 22.36 24.33 22.56 24.52 29.07 31.06 29.02 31.02 29.0 31.0 58.94 60.88 59.2 61.13 80.45 82.15 87.24 88.1 101.79 102.9 16.97 15.62 7.81 6.4 78.71 79.65 95.96 97.64 63.03 64.38 78.49 79.91 83.22 85.09 35.06 37.05 41.48 43.42 53.76 55.73 91.07 92.11 31.4 31.78 87.86 89.2 65.95 67.48 49.5 51.48 19.24 21.21 0.0 2.0 
18.6 17.03 49.24 50.25 50.12 51.11 20.4 22.36 20.62 22.56 27.07 29.07 27.02 29.02 27.0 29.0 57.01 58.94 57.28 59.2 78.77 80.45 85.43 86.31 100.12 101.26 18.44 16.97 9.43 7.81 76.94 77.9 94.3 95.96 61.55 62.94 77.08 78.52 81.34 83.22 33.06 35.06 39.56 41.48 53.46 55.44 89.36 90.43 29.43 29.83 86.37 87.73 64.66 66.22 49.82 51.79 19.65 21.59 2.0 0.0 
