20
0.0 2.0 1.0 2.24 1.0 2.24 8.06 9.22 7.21 8.49 13.42 14.42 16.28 16.76 19.1 19.42 5.0 3.61 18.79 19.72 
2.0 0.0 2.24 1.0 2.24 1.0 9.85 10.82 8.94 10.0 11.66 12.81 14.32 14.87 17.12 17.46 6.71 5.0 17.0 18.03 
1.0 2.24 0.0 2.0 2.0 2.83 7.62 8.6 6.71 7.81 13.0 13.89 16.12 16.49 19.03 19.24 4.47 2.83 18.38 19.24 
2.24 1.0 2.0 0.0 2.83 2.0 9.49 10.3 8.54 9.43 11.18 12.21 14.14 14.56 17.03 17.26 6.32 4.47 16.55 17.49 
1.0 2.24 2.0 2.83 0.0 2.0 8.6 9.9 7.81 9.22 13.89 15.0 16.49 17.09 19.24 19.65 5.66 4.47 19.24 20.25 
2.24 1.0 2.83 2.0 2.0 0.0 10.3 11.4 9.43 10.63 12.21 13.45 14.56 15.23 17.26 17.72 7.21 5.66 17.49 18.6 
8.06 9.85 7.62 9.49 8.6 10.3 0.0 2.0 1.0 2.24 19.1 19.42 23.02 23.02 26.08 26.0 3.16 5.1 24.33 24.74 
9.22 10.82 8.6 10.3 9.9 11.4 2.0 0.0 2.24 1.0 19.0 19.1 23.19 23.02 26.31 26.08 4.24 5.83 24.08 24.33 
7.21 8.94 6.71 8.54 7.81 9.43 1.0 2.24 0.0 2.0 18.11 18.44 22.02 22.02 25.08 25.0 2.24 4.12 23.35 23.77 
8.49 10.0 7.81 9.43 9.22 10.63 2.24 1.0 2.0 0.0 18.0 18.11 22.2 22.02 25.32 25.08 3.61 5.0 23.09 23.35 
13.42 11.66 13.0 11.18 13.89 12.21 19.1 19.0 18.11 18.0 0.0 2.0 5.0 4.12 8.06 7.28 16.28 14.32 5.39 6.4 
14.42 12.81 13.89 12.21 15.0 13.45 19.42 19.1 18.44 18.11 2.0 0.0 6.4 5.0 9.22 8.06 16.76 14.87 5.0 5.39 
16.28 14.32 16.12 14.14 16.49 14.56 23.02 23.19 22.02 22.2 5.0 6.4 0.0 2.0 3.16 3.16 20.0 18.0 5.1 7.07 
16.76 14.87 16.49 14.56 17.09 15.23 23.02 23.02 22.02 22.02 4.12 5.0 2.0 0.0 4.24 3.16 20.1 18.11 3.16 5.1 
19.1 17.12 19.03 17.03 19.24 17.26 26.08 26.31 25.08 25.32 8.06 9.22 3.16 4.24 0.0 2.0 23.02 21.02 6.32 8.25 
19.42 17.46 19.24 17.26 19.65 17.72 26.0 26.08 25.0 25.08 7.28 8.06 3.16 3.16 2.0 0.0 23.02 21.02 4.47 6.32 
5.0 6.71 4.47 6.32 5.66 7.21 3.16 4.24 2.24 3.61 16.28 16.76 20.0 20.1 23.02 23.02 0.0 2.0 21.59 22.14 
3.61 5.0 2.83 4.47 4.47 5.66 5.1 5.83 4.12 5.0 14.32 14.87 18.0 18.11 21.02 21.02 2.0 0.0 19.65 20.25 
18.79 17.0 18.38 16.55 19.24 17.49 24.33 24.08 23.35 23.09 5.39 5.0 5.1 3.16 6.32 4.47 21.59 19.65 0.0 2.0 
19.72 18.03 19.24 17.49 20.25 18.6 24.74 24.33 23.77 23.35 6.4 5.39 7.07 5.1 8.25 6.32 22.14 20.25 2.0 0.0 
