50
0.0 2.0 1.0 2.24 2.0 2.83 3.0 3.61 35.9 36.4 14.76 13.93 6.08 6.71 18.68 19.31 47.54 48.33 36.77 36.06 45.01 45.01 10.3 8.6 11.7 9.85 16.12 17.89 58.22 60.21 21.1 20.12 10.0 8.49 55.33 57.31 67.01 69.01 62.37 61.98 51.62 53.49 27.8 29.07 12.73 11.4 14.76 13.04 10.63 9.22 
2.0 0.0 2.24 1.0 2.83 2.0 3.61 3.0 35.51 35.9 15.81 14.76 8.06 8.54 16.76 17.46 46.82 47.54 37.58 36.77 45.1 45.01 12.08 10.3 13.6 11.7 14.42 16.12 58.08 60.07 22.2 21.1 11.31 10.0 55.15 57.14 67.07 69.07 62.82 62.37 50.92 52.81 26.63 27.8 11.4 9.9 16.55 14.76 12.04 10.82 
1.0 2.24 0.0 2.0 1.0 2.24 2.0 2.83 34.93 35.44 13.89 13.0 6.0 6.32 18.44 18.97 46.62 47.42 35.85 35.11 44.01 44.01 9.85 8.06 11.4 9.49 15.65 17.46 57.22 59.21 21.95 21.02 10.82 9.22 54.33 56.32 66.01 68.01 61.39 61.0 50.7 52.55 27.02 28.32 13.45 12.04 15.26 13.6 11.4 9.9 
2.24 1.0 2.0 0.0 2.24 1.0 2.83 2.0 34.53 34.93 15.0 13.89 8.0 8.25 16.49 17.09 45.88 46.62 36.67 35.85 44.1 44.01 11.7 9.85 13.34 11.4 13.89 15.65 57.08 59.08 23.02 21.95 12.04 10.63 54.15 56.14 66.07 68.07 61.85 61.39 49.98 51.87 25.81 27.02 12.21 10.63 17.0 15.26 12.73 11.4 
2.0 2.83 1.0 2.24 0.0 2.0 1.0 2.24 33.96 34.48 13.04 12.08 6.08 6.08 18.25 18.68 45.69 46.52 34.93 34.18 43.01 43.01 9.49 7.62 11.18 9.22 15.23 17.09 56.22 58.22 22.83 21.93 11.66 10.0 53.34 55.33 65.01 67.01 60.42 60.02 49.77 51.62 26.25 27.59 14.21 12.73 15.81 14.21 12.21 10.63 
2.83 2.0 2.24 1.0 2.0 0.0 2.24 1.0 33.54 33.96 14.21 13.04 8.06 8.06 16.28 16.76 44.94 45.69 35.78 34.93 43.1 43.01 11.4 9.49 13.15 11.18 13.42 15.23 56.08 58.08 23.85 22.83 12.81 11.31 53.15 55.15 65.07 67.07 60.88 60.42 49.04 50.92 25.0 26.25 13.04 11.4 17.49 15.81 13.45 12.04 
3.0 3.61 2.0 2.83 1.0 2.24 0.0 2.0 32.98 33.53 12.21 11.18 6.32 6.0 18.11 18.44 44.78 45.62 34.01 33.24 42.01 42.01 9.22 7.28 11.05 9.06 14.87 16.76 55.23 57.22 23.71 22.85 12.53 10.82 52.35 54.33 64.01 66.01 59.44 59.03 48.85 50.7 25.5 26.87 15.0 13.45 16.4 14.87 13.04 11.4 
3.61 3.0 2.83 2.0 2.24 1.0 2.0 0.0 32.56 32.98 13.45 12.21 8.25 8.0 16.12 16.49 44.01 44.78 34.89 34.01 42.11 42.01 11.18 9.22 13.04 11.05 13.0 14.87 55.08 57.08 24.7 23.71 13.6 12.04 52.15 54.15 64.07 66.07 59.91 59.44 48.1 49.98 24.21 25.5 13.89 12.21 18.03 16.4 14.21 12.73 
35.9 35.51 34.93 34.53 33.96 33.54 32.98 32.56 0.0 2.0 26.63 25.55 36.77 34.93 31.62 29.73 13.45 15.0 22.02 20.02 13.45 12.21 34.48 33.54 36.36 35.36 27.66 28.16 23.19 25.18 56.3 55.66 45.22 43.32 20.1 22.09 33.24 35.17 33.42 32.2 17.03 18.6 15.81 17.03 44.01 42.01 46.96 46.1 45.54 43.66 
36.4 35.9 35.44 34.93 34.48 33.96 33.53 32.98 2.0 0.0 27.8 26.63 37.58 35.78 31.05 29.12 12.04 13.45 24.02 22.02 14.87 13.45 35.51 34.48 37.44 36.36 27.29 27.66 23.54 25.5 57.01 56.3 45.88 44.01 20.4 22.36 33.84 35.74 34.71 33.42 15.81 17.49 14.76 15.81 44.01 42.01 47.89 46.96 46.24 44.38 
14.76 15.81 13.89 15.0 13.04 14.21 12.21 13.45 26.63 27.8 0.0 2.0 12.04 10.05 26.25 25.71 39.82 41.11 22.14 21.59 32.56 32.98 8.25 8.0 9.85 9.22 21.59 23.54 46.57 48.51 31.26 31.06 21.02 19.03 43.97 45.88 54.33 56.32 48.37 48.17 43.6 45.22 25.63 27.51 27.2 25.61 20.88 20.4 21.0 19.0 
13.93 14.76 13.0 13.89 12.08 13.04 11.18 12.21 25.55 26.63 2.0 0.0 12.04 10.05 24.35 23.77 38.6 39.82 22.85 22.14 32.25 32.56 8.94 8.25 10.82 9.85 19.65 21.59 46.1 48.05 31.58 31.26 21.02 19.03 43.42 45.35 54.15 56.14 48.66 48.37 42.44 44.1 23.77 25.63 26.08 24.41 21.54 20.88 21.1 19.1 
6.08 8.06 6.0 8.0 6.08 8.06 6.32 8.25 36.77 37.58 12.04 12.04 0.0 2.0 24.33 24.74 49.24 50.25 33.96 33.54 44.28 44.55 5.0 4.12 5.83 4.24 21.19 23.09 58.05 60.02 19.65 19.24 9.0 7.0 55.32 57.27 66.19 68.18 60.41 60.21 53.24 55.01 31.14 32.65 18.03 17.0 10.63 9.43 9.06 7.07 
6.71 8.54 6.32 8.25 6.08 8.06 6.0 8.0 34.93 35.78 10.05 10.05 2.0 0.0 24.08 24.33 47.51 48.55 32.02 31.58 42.3 42.58 3.61 2.24 5.1 3.16 20.62 22.56 56.09 58.05 21.59 21.21 11.0 9.0 53.37 55.32 64.2 66.19 58.42 58.22 51.48 53.24 29.83 31.4 19.21 18.03 12.21 11.18 11.05 9.06 
18.68 16.76 18.44 16.49 18.25 16.28 18.11 16.12 31.62 31.05 26.25 24.35 24.33 24.08 0.0 2.0 39.0 39.05 43.19 41.73 44.28 43.46 27.0 25.0 29.02 27.02 5.0 3.61 54.57 56.52 37.01 35.47 27.29 26.4 51.42 53.37 64.85 66.76 64.01 63.06 43.01 45.01 17.03 17.03 16.64 15.0 33.24 31.38 28.18 27.31 
19.31 17.46 18.97 17.09 18.68 16.76 18.44 16.49 29.73 29.12 25.71 23.77 24.74 24.33 2.0 0.0 37.0 37.05 41.87 40.36 42.49 41.63 27.07 25.08 29.15 27.17 4.12 2.24 52.63 54.57 38.29 36.8 28.3 27.29 49.48 51.42 62.94 64.85 62.27 61.29 41.01 43.01 15.03 15.03 18.36 16.64 34.01 32.2 29.15 28.18 
47.54 46.82 46.62 45.88 45.69 44.94 44.78 44.01 13.45 12.04 39.82 38.6 49.24 47.51 39.0 37.0 0.0 2.0 33.53 31.62 19.03 17.03 47.43 46.32 49.41 48.26 36.22 36.06 19.1 20.62 68.45 67.62 57.27 55.46 16.28 17.69 29.83 31.4 35.36 33.62 4.12 6.08 22.02 22.02 53.76 51.79 59.68 58.67 57.7 55.9 
48.33 47.54 47.42 46.62 46.52 45.69 45.62 44.78 15.0 13.45 41.11 39.82 50.25 48.55 39.05 37.05 2.0 0.0 35.44 33.53 21.02 19.03 48.6 47.43 50.61 49.41 36.5 36.22 20.52 21.93 69.32 68.45 58.14 56.36 17.8 19.1 31.14 32.65 37.12 35.36 4.12 6.08 22.2 22.02 54.13 52.17 60.75 59.68 58.59 56.82 
36.77 37.58 35.85 36.67 34.93 35.78 34.01 34.89 22.02 24.02 22.14 22.85 33.96 32.02 43.19 41.87 33.53 35.44 0.0 2.0 17.03 18.6 29.43 29.83 30.15 30.41 38.21 39.7 30.61 32.2 52.09 52.24 42.76 40.79 29.0 30.48 35.47 37.34 27.02 27.17 35.85 36.67 33.24 35.11 48.76 47.01 41.01 41.11 42.58 40.61 
36.06 36.77 35.11 35.85 34.18 34.93 33.24 34.01 20.02 22.02 21.59 22.14 33.54 31.58 41.73 40.36 31.62 33.53 2.0 0.0 15.56 17.03 29.15 29.43 30.02 30.15 36.77 38.21 29.41 31.06 52.01 52.09 42.43 40.45 27.66 29.21 34.79 36.69 27.02 27.02 34.01 34.89 31.38 33.24 47.85 46.07 41.01 41.01 42.3 40.31 
45.01 45.1 44.01 44.1 43.01 43.1 42.01 42.11 13.45 14.87 32.56 32.25 44.28 42.3 44.28 42.49 19.03 21.02 17.03 15.56 0.0 2.0 40.79 40.45 42.2 41.77 39.92 40.72 14.32 16.16 63.79 63.51 53.24 51.24 12.21 13.89 22.0 24.0 20.0 18.87 20.22 20.62 29.21 30.48 54.92 52.95 53.37 52.95 53.34 51.35 
45.01 45.01 44.01 44.01 43.01 43.01 42.01 42.01 12.21 13.45 32.98 32.56 44.55 42.58 43.46 41.63 17.03 19.03 18.6 17.03 2.0 0.0 41.23 40.79 42.72 42.2 39.22 39.92 13.6 15.52 64.13 63.79 53.46 51.48 11.18 13.0 22.09 24.08 21.26 20.0 18.25 18.68 28.02 29.21 54.59 52.61 53.85 53.37 53.6 51.62 
10.3 12.08 9.85 11.7 9.49 11.4 9.22 11.18 34.48 35.51 8.25 8.94 5.0 3.61 27.0 27.07 47.43 48.6 29.43 29.15 40.79 41.23 0.0 2.0 2.24 1.0 23.19 25.18 54.82 56.75 23.09 23.0 13.34 11.4 52.2 54.12 62.51 64.5 56.14 56.04 51.31 53.0 31.06 32.76 22.8 21.63 12.65 12.17 13.15 11.18 
8.6 10.3 8.06 9.85 7.62 9.49 7.28 9.22 33.54 34.48 8.0 8.25 4.12 2.24 25.0 25.08 46.32 47.43 29.83 29.43 40.45 40.79 2.0 0.0 4.12 2.24 21.21 23.19 54.34 56.29 23.35 23.09 13.04 11.05 51.66 53.6 62.29 64.28 56.32 56.14 50.25 51.97 29.41 31.06 21.26 20.0 13.42 12.65 13.0 11.0 
11.7 13.6 11.4 13.34 11.18 13.15 11.05 13.04 36.36 37.44 9.85 10.82 5.83 5.1 29.02 29.15 49.41 50.61 30.15 30.02 42.2 42.72 2.24 4.12 0.0 2.0 25.32 27.29 56.32 58.24 22.0 22.09 13.0 11.18 53.76 55.66 63.79 65.76 57.04 57.0 53.25 54.92 33.29 34.99 23.85 22.83 11.18 11.0 12.65 10.77 
9.85 11.7 9.49 11.4 9.22 11.18 9.06 11.05 35.36 36.36 9.22 9.85 4.24 3.16 27.02 27.17 48.26 49.41 30.41 30.15 41.77 42.2 1.0 2.24 2.0 0.0 23.35 25.32 55.79 57.72 22.09 22.0 12.37 10.44 53.16 55.08 63.51 65.49 57.14 57.04 52.15 53.85 31.62 33.29 22.2 21.1 11.7 11.18 12.17 10.2 
16.12 14.42 15.65 13.89 15.23 13.42 14.87 13.0 27.66 27.29 21.59 19.65 21.19 20.62 5.0 4.12 36.22 36.5 38.21 36.77 39.92 39.22 23.19 21.21 25.32 23.35 0.0 2.0 50.8 52.77 36.07 34.71 25.61 24.41 47.68 49.65 60.88 62.82 59.48 58.6 40.31 42.3 14.32 14.87 17.72 15.81 30.89 29.15 26.4 25.24 
17.89 16.12 17.46 15.65 17.09 15.23 16.76 14.87 28.16 27.66 23.54 21.59 23.09 22.56 3.61 2.24 36.06 36.22 39.7 38.21 40.72 39.92 25.18 23.19 27.29 25.32 2.0 0.0 51.2 53.15 37.48 36.07 27.2 26.08 48.05 50.01 61.4 63.32 60.42 59.48 40.11 42.11 14.04 14.32 18.38 16.55 32.65 30.89 28.02 26.93 
58.22 58.08 57.22 57.08 56.22 56.08 55.23 55.08 23.19 23.54 46.57 46.1 58.05 56.09 54.57 52.63 19.1 20.52 30.61 29.41 14.32 13.6 54.82 54.34 56.32 55.79 50.8 51.2 0.0 2.0 77.67 77.28 66.91 64.94 3.16 1.41 10.82 12.53 18.25 16.28 17.2 16.12 37.95 38.63 67.12 65.12 67.45 66.94 67.08 65.12 
60.21 60.07 59.21 59.08 58.22 58.08 57.22 57.08 25.18 25.5 48.51 48.05 60.02 58.05 56.52 54.57 20.62 21.93 32.2 31.06 16.16 15.52 56.75 56.29 58.24 57.72 52.77 53.15 2.0 0.0 79.62 79.25 68.88 66.91 5.1 3.16 9.22 10.82 18.03 16.03 18.44 17.2 39.85 40.5 69.12 67.12 69.38 68.88 69.05 67.08 
21.1 22.2 21.95 23.02 22.83 23.85 23.71 24.7 56.3 57.01 31.26 31.58 19.65 21.59 37.01 38.29 68.45 69.32 52.09 52.01 63.79 64.13 23.09 23.35 22.0 22.09 36.07 37.48 77.67 79.62 0.0 2.0 11.18 13.0 74.95 76.9 85.59 87.57 79.03 79.0 72.5 74.32 48.83 50.0 21.93 22.83 11.18 11.0 10.77 12.65 
20.12 21.1 21.02 21.95 21.93 22.83 22.85 23.71 55.66 56.3 31.06 31.26 19.24 21.21 35.47 36.8 67.62 68.45 52.24 52.09 63.51 63.79 23.0 23.09 22.09 22.0 34.71 36.07 77.28 79.25 2.0 0.0 10.44 12.37 74.53 76.49 85.38 87.37 79.1 79.03 71.69 73.54 47.71 48.83 20.12 21.1 11.7 11.18 10.2 12.17 
10.0 11.31 10.82 12.04 11.66 12.81 12.53 13.6 45.22 45.88 21.02 21.02 9.0 11.0 27.29 28.3 57.27 58.14 42.76 42.43 53.24 53.46 13.34 13.04 13.0 12.37 25.61 27.2 66.91 68.88 11.18 10.44 0.0 2.0 64.13 66.1 75.17 77.16 69.35 69.18 61.33 63.16 37.8 39.05 15.03 15.03 7.07 5.1 1.0 2.24 
8.49 10.0 9.22 10.63 10.0 11.31 10.82 12.04 43.32 44.01 19.03 19.03 7.0 9.0 26.4 27.29 55.46 56.36 40.79 40.45 51.24 51.48 11.4 11.05 11.18 10.44 24.41 26.08 64.94 66.91 13.0 12.37 2.0 0.0 62.17 64.13 73.17 75.17 67.36 67.19 59.51 61.33 36.24 37.54 15.3 15.03 7.07 5.1 2.24 1.0 
55.33 55.15 54.33 54.15 53.34 53.15 52.35 52.15 20.1 20.4 43.97 43.42 55.32 53.37 51.42 49.48 16.28 17.8 29.0 27.66 12.21 11.18 52.2 51.66 53.76 53.16 47.68 48.05 3.16 5.1 74.95 74.53 64.13 62.17 0.0 2.0 13.89 15.65 19.92 18.03 14.76 13.93 34.79 35.47 64.07 62.07 64.85 64.29 64.33 62.37 
57.31 57.14 56.32 56.14 55.33 55.15 54.33 54.15 22.09 22.36 45.88 45.35 57.27 55.32 53.37 51.42 17.69 19.1 30.48 29.21 13.89 13.0 54.12 53.6 55.66 55.08 49.65 50.01 1.41 3.16 76.9 76.49 66.1 64.13 2.0 0.0 12.21 13.89 19.42 17.46 15.81 14.76 36.69 37.34 66.07 64.07 66.76 66.22 66.29 64.33 
67.01 67.07 66.01 66.07 65.01 65.07 64.01 64.07 33.24 33.84 54.33 54.15 66.19 64.2 64.85 62.94 29.83 31.14 35.47 34.79 22.0 22.09 62.51 62.29 63.79 63.51 60.88 61.4 10.82 9.22 85.59 85.38 75.17 73.17 13.89 12.21 0.0 2.0 13.42 11.66 27.59 26.25 48.47 49.24 76.66 74.67 74.97 74.67 75.24 73.25 
69.01 69.07 68.01 68.07 67.01 67.07 66.01 66.07 35.17 35.74 56.32 56.14 68.18 66.19 66.76 64.85 31.4 32.65 37.34 36.69 24.0 24.08 64.5 64.28 65.76 65.49 62.82 63.32 12.53 10.82 87.57 87.37 77.16 75.17 15.65 13.89 2.0 0.0 14.42 12.81 29.0 27.59 50.33 51.08 78.64 76.66 76.94 76.66 77.23 75.24 
62.37 62.82 61.39 61.85 60.42 60.88 59.44 59.91 33.42 34.71 48.37 48.66 60.41 58.42 64.01 62.27 35.36 37.12 27.02 27.02 20.0 21.26 56.14 56.32 57.04 57.14 59.48 60.42 18.25 18.03 79.03 79.1 69.35 67.36 19.92 19.42 13.42 14.42 0.0 2.0 34.54 33.84 49.2 50.45 73.38 71.47 68.0 68.03 69.26 67.27 
61.98 62.37 61.0 61.39 60.02 60.42 59.03 59.44 32.2 33.42 48.17 48.37 60.21 58.22 63.06 61.29 33.62 35.36 27.17 27.02 18.87 20.0 56.04 56.14 57.0 57.04 58.6 59.48 16.28 16.03 79.0 79.03 69.18 67.19 18.03 17.46 11.66 12.81 2.0 0.0 32.7 31.95 48.01 49.2 72.8 70.88 68.03 68.0 69.12 67.12 
51.62 50.92 50.7 49.98 49.77 49.04 48.85 48.1 17.03 15.81 43.6 42.44 53.24 51.48 43.01 41.01 4.12 4.12 35.85 34.01 20.22 18.25 51.31 50.25 53.25 52.15 40.31 40.11 17.2 18.44 72.5 71.69 61.33 59.51 14.76 15.81 27.59 29.0 34.54 32.7 0.0 2.0 26.08 26.0 57.87 55.9 63.63 62.65 61.74 59.93 
53.49 52.81 52.55 51.87 51.62 50.92 50.7 49.98 18.6 17.49 45.22 44.1 55.01 53.24 45.01 43.01 6.08 6.08 36.67 34.89 20.62 18.68 53.0 51.97 54.92 53.85 42.3 42.11 16.12 17.2 74.32 73.54 63.16 61.33 13.93 14.76 26.25 27.59 33.84 31.95 2.0 0.0 28.07 28.0 59.84 57.87 65.37 64.41 63.56 61.74 
27.8 26.63 27.02 25.81 26.25 25.0 25.5 24.21 15.81 14.76 25.63 23.77 31.14 29.83 17.03 15.03 22.02 22.2 33.24 31.38 29.21 28.02 31.06 29.41 33.29 31.62 14.32 14.04 37.95 39.85 48.83 47.71 37.8 36.24 34.79 36.69 48.47 50.33 49.2 48.01 26.08 28.07 0.0 2.0 32.02 30.08 41.73 40.31 38.42 36.88 
29.07 27.8 28.32 27.02 27.59 26.25 26.87 25.5 17.03 15.81 27.51 25.63 32.65 31.4 17.03 15.03 22.02 22.02 35.11 33.24 30.48 29.21 32.76 31.06 34.99 33.29 14.87 14.32 38.63 40.5 50.0 48.83 39.05 37.54 35.47 37.34 49.24 51.08 50.45 49.2 26.0 28.0 2.0 0.0 32.57 30.68 43.19 41.73 39.7 38.21 
12.73 11.4 13.45 12.21 14.21 13.04 15.0 13.89 44.01 44.01 27.2 26.08 18.03 19.21 16.64 18.36 53.76 54.13 48.76 47.85 54.92 54.59 22.8 21.26 23.85 22.2 17.72 18.38 67.12 69.12 21.93 20.12 15.03 15.3 64.07 66.07 76.66 78.64 73.38 72.8 57.87 59.84 32.02 32.57 0.0 2.0 22.09 20.1 16.03 16.28 
11.4 9.9 12.04 10.63 12.73 11.4 13.45 12.21 42.01 42.01 25.61 24.41 17.0 18.03 15.0 16.64 51.79 52.17 47.01 46.07 52.95 52.61 21.63 20.0 22.83 21.1 15.81 16.55 65.12 67.12 22.83 21.1 15.03 15.03 62.07 64.07 74.67 76.66 71.47 70.88 55.9 57.87 30.08 30.68 2.0 0.0 22.0 20.0 16.03 16.03 
14.76 16.55 15.26 17.0 15.81 17.49 16.4 18.03 46.96 47.89 20.88 21.54 10.63 12.21 33.24 34.01 59.68 60.75 41.01 41.01 53.37 53.85 12.65 13.42 11.18 11.7 30.89 32.65 67.45 69.38 11.18 11.7 7.07 7.07 64.85 66.76 74.97 76.94 68.0 68.03 63.63 65.37 41.73 43.19 22.09 22.0 0.0 2.0 6.08 6.08 
13.04 14.76 13.6 15.26 14.21 15.81 14.87 16.4 46.1 46.96 20.4 20.88 9.43 11.18 31.38 32.2 58.67 59.68 41.11 41.01 52.95 53.37 12.17 12.65 11.0 11.18 29.15 30.89 66.94 68.88 11.0 11.18 5.1 5.1 64.29 66.22 74.67 76.66 68.03 68.0 62.65 64.41 40.31 41.73 20.1 20.0 2.0 0.0 4.12 4.12 
10.63 12.04 11.4 12.73 12.21 13.45 13.04 14.21 45.54 46.24 21.0 21.1 9.06 11.05 28.18 29.15 57.7 58.59 42.58 42.3 53.34 53.6 13.15 13.0 12.65 12.17 26.4 28.02 67.08 69.05 10.77 10.2 1.0 2.24 64.33 66.29 75.24 77.23 69.26 69.12 61.74 63.56 38.42 39.7 16.03 16.03 6.08 4.12 0.0 2.0 
9.22 10.82 9.9 11.4 10.63 12.04 11.4 12.73 43.66 44.38 19.0 19.1 7.07 9.06 27.31 28.18 55.9 56.82 40.61 40.31 51.35 51.62 11.18 11.0 10.77 10.2 25.24 26.93 65.12 67.08 12.65 12.17 2.24 1.0 62.37 64.33 73.25 75.24 67.27 67.12 59.93 61.74 36.88 38.21 16.28 16.03 6.08 4.12 2.0 0.0 
