35
0.0 2.0 1.0 2.24 17.72 15.81 38.9 37.48 39.6 38.21 38.12 38.33 46.82 47.54 31.26 29.27 34.01 34.89 50.22 48.6 41.01 39.62 47.01 45.45 45.01 45.1 9.85 9.22 41.88 43.01 29.21 30.81 7.07 5.1 3.16 
2.0 0.0 2.24 1.0 17.26 15.3 37.54 36.07 38.21 36.77 38.01 38.12 46.17 46.82 31.06 29.07 33.24 34.01 49.09 47.43 39.62 38.18 45.8 44.2 45.01 45.01 8.06 7.28 40.82 41.88 27.66 29.21 7.07 5.1 3.16 
1.0 2.24 0.0 2.0 18.68 16.76 39.62 38.18 40.31 38.9 39.12 39.32 47.76 48.47 32.25 30.27 34.93 35.78 51.04 49.41 41.73 40.31 47.8 46.23 46.01 46.1 10.3 9.49 42.72 43.83 29.83 31.4 8.06 6.08 4.12 
2.24 1.0 2.0 0.0 18.25 16.28 38.29 36.8 38.95 37.48 39.01 39.12 47.13 47.76 32.06 30.07 34.18 34.93 49.93 48.26 40.36 38.9 46.62 45.0 46.01 46.01 8.6 7.62 41.68 42.72 28.32 29.83 8.06 6.08 4.12 
17.72 17.26 18.68 18.25 0.0 2.0 24.6 23.77 25.5 24.7 21.1 21.0 29.15 29.97 14.04 12.04 16.64 17.8 33.94 32.56 26.83 26.0 31.24 30.0 28.28 28.07 13.6 15.52 25.46 26.91 18.03 20.02 10.77 12.65 14.56 
15.81 15.3 16.76 16.28 2.0 0.0 25.55 24.6 26.42 25.5 23.09 23.0 31.02 31.78 16.03 14.04 18.36 19.42 35.38 33.94 27.78 26.83 32.56 31.24 30.27 30.07 11.7 13.6 26.91 28.28 18.25 20.22 8.94 10.77 12.65 
38.9 37.54 39.62 38.29 24.6 25.55 0.0 2.0 1.0 2.24 26.0 24.17 19.42 18.36 23.19 23.02 13.34 11.4 13.15 11.18 2.24 2.24 9.22 7.28 31.06 29.41 30.0 31.62 8.06 7.28 10.77 10.2 33.42 34.71 36.07 
37.48 36.07 38.18 36.8 23.77 24.6 2.0 0.0 2.24 1.0 26.83 25.06 21.1 20.12 23.54 23.19 13.93 12.08 15.13 13.15 3.61 2.24 11.18 9.22 32.2 30.61 28.43 30.0 9.85 9.22 8.94 8.25 32.2 33.42 34.71 
39.6 38.21 40.31 38.95 25.5 26.42 1.0 2.24 0.0 2.0 26.93 25.08 20.0 18.87 24.19 24.02 14.32 12.37 13.04 11.05 1.41 1.41 9.06 7.07 31.91 30.23 30.61 32.2 8.6 7.62 11.18 10.44 34.21 35.47 36.8 
38.21 36.77 38.9 37.48 24.7 25.5 2.24 1.0 2.0 0.0 27.73 25.94 21.63 20.59 24.52 24.19 14.87 13.0 15.03 13.04 3.16 1.41 11.05 9.06 33.02 31.4 29.07 30.61 10.3 9.49 9.43 8.54 33.02 34.21 35.47 
38.12 38.01 39.12 39.01 21.1 23.09 26.0 26.83 26.93 27.73 0.0 2.0 14.32 16.16 7.07 9.06 13.04 14.76 26.17 26.02 27.51 28.23 26.02 26.17 7.28 7.0 34.53 36.5 20.22 22.2 28.28 29.73 31.06 33.06 35.06 
38.33 38.12 39.32 39.12 21.0 23.0 24.17 25.06 25.08 25.94 2.0 0.0 12.53 14.32 7.07 9.06 11.4 13.04 24.19 24.02 25.63 26.4 24.02 24.19 8.06 7.28 34.23 36.22 18.25 20.22 26.91 28.28 31.26 33.24 35.23 
46.82 46.17 47.76 47.13 29.15 31.02 19.42 21.1 20.0 21.63 14.32 12.53 0.0 2.0 17.69 19.21 13.15 13.0 13.34 13.93 19.85 21.4 14.76 15.81 15.03 13.04 40.61 42.58 11.4 12.73 26.93 27.51 39.92 41.79 43.66 
47.54 46.82 48.47 47.76 29.97 31.78 18.36 20.12 18.87 20.59 16.16 14.32 2.0 0.0 19.1 20.52 13.6 13.15 11.4 12.08 18.6 20.25 13.04 14.21 17.03 15.03 41.0 42.95 10.3 11.4 26.48 26.93 40.72 42.54 44.38 
31.26 31.06 32.25 32.06 14.04 16.03 23.19 23.54 24.19 24.52 7.07 7.07 17.69 19.1 0.0 2.0 10.0 12.0 26.93 26.25 25.08 25.32 25.71 25.32 14.32 14.04 27.46 29.43 19.42 21.38 23.02 24.7 24.19 26.17 28.16 
29.27 29.07 30.27 30.07 12.04 14.04 23.02 23.19 24.02 24.19 9.06 9.06 19.21 20.52 2.0 0.0 10.2 12.17 27.73 26.93 25.0 25.08 26.25 25.71 16.28 16.03 25.5 27.46 19.92 21.84 21.95 23.71 22.2 24.19 26.17 
34.01 33.24 34.93 34.18 16.64 18.36 13.34 13.93 14.32 14.87 13.04 11.4 13.15 13.6 10.0 10.2 0.0 2.0 18.03 17.0 15.13 15.52 16.16 15.52 19.1 17.8 27.46 29.43 9.85 11.7 15.81 17.03 27.29 29.07 30.87 
34.89 34.01 35.78 34.93 17.8 19.42 11.4 12.08 12.37 13.0 14.76 13.04 13.0 13.15 12.0 12.17 2.0 0.0 16.4 15.26 13.15 13.6 14.32 13.6 20.52 19.1 27.89 29.83 8.06 9.85 14.76 15.81 28.3 30.02 31.76 
50.22 49.09 51.04 49.93 33.94 35.38 13.15 15.13 13.04 15.03 26.17 24.19 13.34 11.4 26.93 27.73 18.03 16.4 0.0 2.0 12.0 14.0 4.0 6.0 28.28 26.31 42.06 43.83 8.49 7.21 23.77 23.35 44.05 45.61 47.2 
48.6 47.43 49.41 48.26 32.56 33.94 11.18 13.15 11.05 13.04 26.02 24.02 13.93 12.08 26.25 26.93 17.0 15.26 2.0 0.0 10.0 12.0 2.0 4.0 28.64 26.68 40.31 42.06 7.21 5.66 21.84 21.38 42.52 44.05 45.61 
41.01 39.62 41.73 40.36 26.83 27.78 2.24 3.61 1.41 3.16 27.51 25.63 19.85 18.6 25.08 25.0 15.13 13.15 12.0 10.0 0.0 2.0 8.0 6.0 32.25 30.53 32.02 33.6 8.49 7.21 12.53 11.7 35.61 36.88 38.21 
39.62 38.18 40.31 38.9 26.0 26.83 2.24 2.24 1.41 1.41 28.23 26.4 21.4 20.25 25.32 25.08 15.52 13.6 14.0 12.0 2.0 0.0 10.0 8.0 33.29 31.62 30.48 32.02 10.0 8.94 10.82 9.85 34.41 35.61 36.88 
47.01 45.8 47.8 46.62 31.24 32.56 9.22 11.18 9.06 11.05 26.02 24.02 14.76 13.04 25.71 26.25 16.16 14.32 4.0 2.0 8.0 10.0 0.0 2.0 29.12 27.2 38.59 40.31 6.32 4.47 19.92 19.42 41.04 42.52 44.05 
45.45 44.2 46.23 45.0 30.0 31.24 7.28 9.22 7.07 9.06 26.17 24.19 15.81 14.21 25.32 25.71 15.52 13.6 6.0 4.0 6.0 8.0 2.0 0.0 29.73 27.86 36.89 38.59 6.0 4.0 18.03 17.46 39.6 41.04 42.52 
45.01 45.01 46.01 46.01 28.28 30.27 31.06 32.2 31.91 33.02 7.28 8.06 15.03 17.03 14.32 16.28 19.1 20.52 28.28 28.64 32.25 33.29 29.12 29.73 0.0 2.0 41.77 43.74 24.17 26.0 34.83 36.12 38.0 40.0 42.0 
45.1 45.01 46.1 46.01 28.07 30.07 29.41 30.61 30.23 31.4 7.0 7.28 13.04 15.03 14.04 16.03 17.8 19.1 26.31 26.68 30.53 31.62 27.2 27.86 2.0 0.0 41.44 43.42 22.36 24.17 33.6 34.83 38.05 40.05 42.05 
9.85 8.06 10.3 8.6 13.6 11.7 30.0 28.43 30.61 29.07 34.53 34.23 40.61 41.0 27.46 25.5 27.46 27.89 42.06 40.31 32.02 30.48 38.59 36.89 41.77 41.44 0.0 2.0 34.01 34.89 19.8 21.26 8.54 8.06 8.06 
9.22 7.28 9.49 7.62 15.52 13.6 31.62 30.0 32.2 30.61 36.5 36.22 42.58 42.95 29.43 27.46 29.43 29.83 43.83 42.06 33.6 32.02 40.31 38.59 43.74 43.42 2.0 0.0 35.85 36.67 21.26 22.63 9.43 8.54 8.06 
41.88 40.82 42.72 41.68 25.46 26.91 8.06 9.85 8.6 10.3 20.22 18.25 11.4 10.3 19.42 19.92 9.85 8.06 8.49 7.21 8.49 10.0 6.32 6.0 24.17 22.36 34.01 35.85 0.0 2.0 17.0 17.12 35.61 37.2 38.83 
43.01 41.88 43.83 42.72 26.91 28.28 7.28 9.22 7.62 9.49 22.2 20.22 12.73 11.4 21.38 21.84 11.7 9.85 7.21 5.66 7.21 8.94 4.47 4.0 26.0 24.17 34.89 36.67 2.0 0.0 17.12 17.0 36.88 38.42 40.0 
29.21 27.66 29.83 28.32 18.03 18.25 10.77 8.94 11.18 9.43 28.28 26.91 26.93 26.48 23.02 21.95 15.81 14.76 23.77 21.84 12.53 10.82 19.92 18.03 34.83 33.6 19.8 21.26 17.0 17.12 0.0 2.0 24.6 25.55 26.63 
30.81 29.21 31.4 29.83 20.02 20.22 10.2 8.25 10.44 8.54 29.73 28.28 27.51 26.93 24.7 23.71 17.03 15.81 23.35 21.38 11.7 9.85 19.42 17.46 36.12 34.83 21.26 22.63 17.12 17.0 2.0 0.0 26.4 27.29 28.3 
7.07 7.07 8.06 8.06 10.77 8.94 33.42 32.2 34.21 33.02 31.06 31.26 39.92 40.72 24.19 22.2 27.29 28.3 44.05 42.52 35.61 34.41 41.04 39.6 38.0 38.05 8.54 9.43 35.61 36.88 24.6 26.4 0.0 2.0 4.0 
5.1 5.1 6.08 6.08 12.65 10.77 34.71 33.42 35.47 34.21 33.06 33.24 41.79 42.54 26.17 24.19 29.07 30.02 45.61 44.05 36.88 35.61 42.52 41.04 40.0 40.05 8.06 8.54 37.2 38.42 25.55 27.29 2.0 0.0 2.0 
3.16 3.16 4.12 4.12 14.56 12.65 36.07 34.71 36.8 35.47 35.06 35.23 43.66 44.38 28.16 26.17 30.87 31.76 47.2 45.61 38.21 36.88 44.05 42.52 42.0 42.05 8.06 8.06 38.83 40.0 26.63 28.3 4.0 2.0 0.0 
