75
0.0 2.0 1.0 2.24 2.0 2.83 3.0 3.61 4.0 4.47 5.0 5.39 48.17 48.04 49.16 49.04 50.16 50.04 51.16 51.04 18.03 16.4 19.21 20.52 32.8 34.06 64.29 64.85 20.1 18.11 16.16 14.32 23.6 22.47 15.0 16.64 19.31 20.12 48.84 50.8 21.93 21.19 38.05 38.21 21.19 23.09 22.47 24.35 20.02 20.22 8.25 8.94 54.42 55.15 64.33 63.95 52.39 54.23 31.78 31.4 25.61 24.08 47.01 48.85 7.28 8.06 19.7 21.54 24.52 25.0 24.21 23.02 41.05 42.72 11.18 
2.0 0.0 2.24 1.0 2.83 2.0 3.61 3.0 4.47 4.0 5.39 5.0 48.37 48.17 49.37 49.16 50.36 50.16 51.35 51.16 17.0 15.26 17.69 19.1 31.24 32.56 63.79 64.29 22.09 20.1 18.03 16.16 25.24 24.19 13.89 15.65 18.68 19.31 49.24 51.2 23.77 23.09 38.0 38.05 20.62 22.56 21.84 23.77 20.02 20.02 10.2 10.77 53.76 54.42 64.76 64.33 53.23 55.04 32.28 31.78 27.2 25.61 46.24 48.1 5.39 6.4 20.59 22.36 22.56 23.09 25.5 24.21 42.2 43.83 12.21 
1.0 2.24 0.0 2.0 1.0 2.24 2.0 2.83 3.0 3.61 4.0 4.47 47.17 47.04 48.17 48.04 49.16 49.04 50.16 50.04 18.87 17.2 18.6 19.85 32.2 33.42 63.32 63.89 20.22 18.25 15.81 13.93 24.21 23.02 14.21 15.81 18.38 19.24 47.85 49.82 22.36 21.54 37.05 37.22 20.25 22.14 21.54 23.41 19.03 19.24 8.06 8.54 53.49 54.23 63.35 62.97 51.48 53.31 30.81 30.41 26.25 24.76 46.1 47.93 7.07 7.62 18.79 20.62 24.33 24.74 23.43 22.2 40.22 41.88 12.08 
2.24 1.0 2.0 0.0 2.24 1.0 2.83 2.0 3.61 3.0 4.47 4.0 47.38 47.17 48.37 48.17 49.37 49.16 50.36 50.16 17.89 16.12 17.03 18.38 30.61 31.89 62.82 63.32 22.2 20.22 17.72 15.81 25.81 24.7 13.04 14.76 17.72 18.38 48.27 50.22 24.17 23.41 37.0 37.05 19.65 21.59 20.88 22.8 19.03 19.03 10.05 10.44 52.81 53.49 63.79 63.35 52.33 54.13 31.32 30.81 27.8 26.25 45.31 47.17 5.1 5.83 19.72 21.47 22.36 22.8 24.76 23.43 41.4 43.01 13.04 
2.0 2.83 1.0 2.24 0.0 2.0 1.0 2.24 2.0 2.83 3.0 3.61 46.17 46.04 47.17 47.04 48.17 48.04 49.16 49.04 19.72 18.03 18.03 19.21 31.62 32.8 62.36 62.94 20.4 18.44 15.52 13.6 24.84 23.6 13.45 15.0 17.46 18.36 46.87 48.84 22.83 21.93 36.06 36.22 19.31 21.19 20.62 22.47 18.03 18.25 8.0 8.25 52.55 53.31 62.37 61.98 50.57 52.39 29.83 29.43 26.91 25.46 45.19 47.01 7.0 7.28 17.89 19.7 24.19 24.52 22.67 21.4 39.41 41.05 13.0 
2.83 2.0 2.24 1.0 2.0 0.0 2.24 1.0 2.83 2.0 3.61 3.0 46.39 46.17 47.38 47.17 48.37 48.17 49.37 49.16 18.79 17.0 16.4 17.69 30.0 31.24 61.85 62.36 22.36 20.4 17.46 15.52 26.4 25.24 12.21 13.89 16.76 17.46 47.3 49.24 24.6 23.77 36.0 36.06 18.68 20.62 19.92 21.84 18.03 18.03 10.0 10.2 51.87 52.55 62.82 62.37 51.43 53.23 30.36 29.83 28.43 26.91 44.38 46.24 5.0 5.39 18.87 20.59 22.2 22.56 24.04 22.67 40.61 42.2 13.89 
3.0 3.61 2.0 2.83 1.0 2.24 0.0 2.0 1.0 2.24 2.0 2.83 45.18 45.04 46.17 46.04 47.17 47.04 48.17 48.04 20.59 18.87 17.49 18.6 31.06 32.2 61.4 61.98 20.62 18.68 15.3 13.34 25.5 24.21 12.73 14.21 16.55 17.49 45.89 47.85 23.32 22.36 35.06 35.23 18.38 20.25 19.7 21.54 17.03 17.26 8.06 8.06 51.62 52.39 61.39 61.0 49.66 51.48 28.86 28.44 27.59 26.17 44.28 46.1 7.07 7.07 17.0 18.79 24.08 24.33 21.93 20.62 38.6 40.22 13.93 
3.61 3.0 2.83 2.0 2.24 1.0 2.0 0.0 2.24 1.0 2.83 2.0 45.4 45.18 46.39 46.17 47.38 47.17 48.37 48.17 19.7 17.89 15.81 17.03 29.41 30.61 60.88 61.4 22.56 20.62 17.26 15.3 27.02 25.81 11.4 13.04 15.81 16.55 46.32 48.27 25.06 24.17 35.0 35.06 17.72 19.65 18.97 20.88 17.03 17.03 10.05 10.05 50.92 51.62 61.85 61.39 50.54 52.33 29.41 28.86 29.07 27.59 43.46 45.31 5.1 5.1 18.03 19.72 22.09 22.36 23.35 21.93 39.82 41.4 14.76 
4.0 4.47 3.0 3.61 2.0 2.83 1.0 2.24 0.0 2.0 1.0 2.24 44.18 44.05 45.18 45.04 46.17 46.04 47.17 47.04 21.47 19.72 17.0 18.03 30.53 31.62 60.44 61.03 20.88 18.97 15.13 13.15 26.17 24.84 12.04 13.45 15.65 16.64 44.91 46.87 23.85 22.83 34.06 34.23 17.46 19.31 18.79 20.62 16.03 16.28 8.25 8.0 50.7 51.48 60.42 60.02 48.75 50.57 27.89 27.46 28.28 26.91 43.38 45.19 7.28 7.0 16.12 17.89 24.02 24.19 21.21 19.85 37.8 39.41 14.87 
4.47 4.0 3.61 3.0 2.83 2.0 2.24 1.0 2.0 0.0 2.24 1.0 44.41 44.18 45.4 45.18 46.39 46.17 47.38 47.17 20.62 18.79 15.26 16.4 28.84 30.0 59.91 60.44 22.8 20.88 17.12 15.13 27.66 26.4 10.63 12.21 14.87 15.65 45.35 47.3 25.55 24.6 34.0 34.06 16.76 18.68 18.03 19.92 16.03 16.03 10.2 10.0 49.98 50.7 60.88 60.42 49.65 51.43 28.46 27.89 29.73 28.28 42.54 44.38 5.39 5.0 17.2 18.87 22.02 22.2 22.67 21.21 39.05 40.61 15.65 
5.0 5.39 4.0 4.47 3.0 3.61 2.0 2.83 1.0 2.24 0.0 2.0 43.19 43.05 44.18 44.05 45.18 45.04 46.17 46.04 22.36 20.59 16.55 17.49 30.02 31.06 59.48 60.08 21.19 19.31 15.03 13.04 26.87 25.5 11.4 12.73 14.76 15.81 43.93 45.89 24.41 23.32 33.06 33.24 16.55 18.38 17.89 19.7 15.03 15.3 8.54 8.06 49.77 50.57 59.44 59.03 47.85 49.66 26.93 26.48 29.0 27.66 42.49 44.28 7.62 7.07 15.26 17.0 24.0 24.08 20.52 19.1 37.01 38.6 15.81 
5.39 5.0 4.47 4.0 3.61 3.0 2.83 2.0 2.24 1.0 2.0 0.0 43.42 43.19 44.41 44.18 45.4 45.18 46.39 46.17 21.54 19.7 14.76 15.81 28.3 29.41 58.94 59.48 23.09 21.19 17.03 15.03 28.32 27.02 9.9 11.4 13.93 14.76 44.38 46.32 26.08 25.06 33.0 33.06 15.81 17.72 17.09 18.97 15.03 15.03 10.44 10.05 49.04 49.77 59.91 59.44 48.76 50.54 27.51 26.93 30.41 29.0 41.63 43.46 5.83 5.1 16.4 18.03 22.0 22.09 22.02 20.52 38.29 39.82 16.55 
48.17 48.37 47.17 47.38 46.17 46.39 45.18 45.4 44.18 44.41 43.19 43.42 0.0 2.0 1.0 2.24 2.0 2.83 3.0 3.61 64.54 62.59 40.71 38.95 41.04 39.7 25.24 26.93 52.5 51.92 43.42 42.95 63.79 61.85 38.28 36.4 31.95 32.7 5.0 5.39 59.2 57.28 11.66 12.81 30.08 28.23 29.55 27.73 28.44 28.86 46.17 44.18 23.19 25.18 17.49 16.55 17.0 17.12 17.26 17.03 65.97 65.51 23.54 23.19 47.3 45.35 30.27 28.28 51.31 49.65 31.02 30.36 23.6 22.47 58.01 
48.04 48.17 47.04 47.17 46.04 46.17 45.04 45.18 44.05 44.18 43.05 43.19 2.0 0.0 2.24 1.0 2.83 2.0 3.61 3.0 64.13 62.17 39.81 38.01 39.6 38.21 23.6 25.24 53.14 52.5 43.97 43.42 64.29 62.36 37.64 35.74 31.32 31.95 7.0 7.28 59.77 57.87 10.77 11.66 29.41 27.51 28.79 26.93 28.16 28.44 46.39 44.41 21.21 23.19 18.6 17.49 19.0 19.1 17.72 17.26 66.48 65.97 21.59 21.21 46.87 44.91 30.59 28.64 50.25 48.55 31.78 31.02 25.24 24.19 58.08 
49.16 49.37 48.17 48.37 47.17 47.38 46.17 46.39 45.18 45.4 44.18 44.41 1.0 2.24 0.0 2.0 1.0 2.24 2.0 2.83 65.51 63.56 41.59 39.82 41.73 40.36 24.7 26.42 53.45 52.89 44.38 43.93 64.76 62.82 39.22 37.34 32.89 33.62 5.1 5.1 60.17 58.24 12.53 13.6 31.02 29.15 30.46 28.64 29.43 29.83 47.17 45.18 23.09 25.08 16.64 15.65 17.03 17.03 18.25 18.03 66.94 66.49 23.77 23.35 48.27 46.32 31.26 29.27 52.15 50.48 31.95 31.32 24.21 23.02 59.01 
49.04 49.16 48.04 48.17 47.04 47.17 46.04 46.17 45.04 45.18 44.05 44.18 2.24 1.0 2.0 0.0 2.24 1.0 2.83 2.0 65.12 63.15 40.72 38.91 40.31 38.9 23.02 24.7 54.08 53.45 44.92 44.38 65.25 63.32 38.6 36.69 32.28 32.89 7.07 7.07 60.73 58.82 11.7 12.53 30.36 28.46 29.73 27.86 29.15 29.43 47.38 45.4 21.1 23.09 17.8 16.64 19.03 19.03 18.68 18.25 67.45 66.94 21.84 21.38 47.85 45.89 31.58 29.61 51.11 49.4 32.7 31.95 25.81 24.7 59.08 
50.16 50.36 49.16 49.37 48.17 48.37 47.17 47.38 46.17 46.39 45.18 45.4 2.0 2.83 1.0 2.24 0.0 2.0 1.0 2.24 66.49 64.54 42.49 40.71 42.43 41.04 24.19 25.94 54.41 53.85 45.35 44.91 65.73 63.79 40.16 38.28 33.84 34.54 5.39 5.0 61.13 59.2 13.42 14.42 31.95 30.08 31.38 29.55 30.41 30.81 48.17 46.17 23.02 25.02 15.81 14.76 17.12 17.0 19.24 19.03 67.91 67.47 24.04 23.54 49.24 47.3 32.25 30.27 53.0 51.31 32.89 32.28 24.84 23.6 60.01 
50.04 50.16 49.04 49.16 48.04 48.17 47.04 47.17 46.04 46.17 45.04 45.18 2.83 2.0 2.24 1.0 2.0 0.0 2.24 1.0 66.1 64.13 41.63 39.81 41.04 39.6 22.47 24.19 55.03 54.41 45.88 45.35 66.22 64.29 39.56 37.64 33.24 33.84 7.28 7.0 61.68 59.77 12.65 13.42 31.32 29.41 30.68 28.79 30.15 30.41 48.37 46.39 21.02 23.02 17.03 15.81 19.1 19.0 19.65 19.24 68.41 67.91 22.14 21.59 48.84 46.87 32.56 30.59 51.97 50.25 33.62 32.89 26.4 25.24 60.07 
51.16 51.35 50.16 50.36 49.16 49.37 48.17 48.37 47.17 47.38 46.17 46.39 3.0 3.61 2.0 2.83 1.0 2.24 0.0 2.0 67.47 65.51 43.38 41.59 43.14 41.73 23.71 25.5 55.36 54.82 46.32 45.89 66.71 64.76 41.11 39.22 34.79 35.47 5.83 5.1 62.1 60.17 14.32 15.26 32.89 31.02 32.31 30.46 31.4 31.78 49.16 47.17 23.0 25.0 15.0 13.89 17.26 17.03 20.22 20.02 68.88 68.45 24.35 23.77 50.22 48.27 33.24 31.26 53.85 52.15 33.84 33.24 25.5 24.21 61.01 
51.04 51.16 50.04 50.16 49.04 49.16 48.04 48.17 47.04 47.17 46.04 46.17 3.61 3.0 2.83 2.0 2.24 1.0 2.0 0.0 67.08 65.12 42.54 40.72 41.77 40.31 21.95 23.71 55.97 55.36 46.84 46.32 67.19 65.25 40.52 38.6 34.21 34.79 7.62 7.07 62.64 60.73 13.6 14.32 32.28 30.36 31.62 29.73 31.14 31.4 49.37 47.38 21.0 23.0 16.28 15.0 19.24 19.03 20.62 20.22 69.38 68.88 22.47 21.84 49.82 47.85 33.54 31.58 52.84 51.11 34.54 33.84 27.02 25.81 61.07 
18.03 17.0 18.87 17.89 19.72 18.79 20.59 19.7 21.47 20.62 22.36 21.54 64.54 64.13 65.51 65.12 66.49 66.1 67.47 67.08 0.0 2.0 27.46 29.43 38.48 40.31 77.32 77.52 32.7 30.87 32.65 31.14 29.02 29.15 27.02 29.02 33.14 33.02 65.8 67.72 30.59 31.05 53.6 53.34 35.13 37.12 36.06 38.05 36.14 35.69 24.76 26.17 66.61 66.91 81.32 80.78 70.21 72.01 49.04 48.38 30.02 28.02 58.69 60.67 17.26 19.24 37.59 39.36 24.41 26.08 42.2 41.05 59.08 60.75 15.81 
16.4 15.26 17.2 16.12 18.03 17.0 18.87 17.89 19.72 18.79 20.59 19.7 62.59 62.17 63.56 63.15 64.54 64.13 65.51 65.12 2.0 0.0 25.5 27.46 36.67 38.48 75.33 75.54 31.95 30.08 31.4 29.83 29.02 29.02 25.02 27.02 31.14 31.02 63.89 65.8 30.27 30.59 51.62 51.35 33.14 35.13 34.06 36.06 34.21 33.73 23.43 24.76 64.63 64.94 79.4 78.85 68.43 70.21 47.17 46.49 30.15 28.16 56.72 58.69 15.3 17.26 35.85 37.59 22.8 24.41 40.61 39.41 57.43 59.08 15.3 
19.21 17.69 18.6 17.03 18.03 16.4 17.49 15.81 17.0 15.26 16.55 14.76 40.71 39.81 41.59 40.72 42.49 41.63 43.38 42.54 27.46 25.5 0.0 2.0 13.6 14.87 50.04 50.16 37.7 35.85 30.59 28.64 42.8 41.62 6.0 6.32 10.0 8.49 43.27 44.94 40.82 39.82 29.07 28.23 11.31 12.81 11.4 13.04 16.12 14.42 25.08 24.35 39.2 39.46 58.18 57.25 50.91 52.35 29.07 27.59 44.82 43.28 31.26 33.24 12.81 11.31 23.77 24.35 11.4 10.3 30.81 28.86 43.91 44.94 29.73 
20.52 19.1 19.85 18.38 19.21 17.69 18.6 17.03 18.03 16.4 17.49 15.81 38.95 38.01 39.82 38.91 40.71 39.81 41.59 40.72 29.43 27.46 2.0 0.0 12.53 13.6 48.04 48.17 38.48 36.67 31.05 29.12 44.05 42.8 6.32 6.0 8.94 7.21 41.62 43.27 41.88 40.82 27.29 26.4 10.0 11.31 9.9 11.4 15.23 13.42 25.94 25.08 37.22 37.48 56.44 55.47 49.52 50.91 27.8 26.25 46.1 44.6 29.27 31.26 14.42 12.81 23.35 23.77 12.73 11.4 30.41 28.44 42.94 43.91 31.24 
32.8 31.24 32.2 30.61 31.62 30.0 31.06 29.41 30.53 28.84 30.02 28.3 41.04 39.6 41.73 40.31 42.43 41.04 43.14 41.77 38.48 36.67 13.6 12.53 0.0 2.0 42.95 42.58 50.99 49.19 43.32 41.44 56.4 55.22 18.79 18.03 19.1 17.12 44.82 46.1 54.38 53.34 30.0 28.43 19.0 19.1 18.03 18.25 25.0 23.0 38.47 37.58 31.78 31.4 58.05 56.73 54.71 55.76 34.79 32.89 58.41 56.85 24.04 25.96 26.17 24.84 34.06 34.0 15.13 13.15 41.01 39.01 50.96 51.55 43.14 
34.06 32.56 33.42 31.89 32.8 31.24 32.2 30.61 31.62 30.0 31.06 29.41 39.7 38.21 40.36 38.9 41.04 39.6 41.73 40.31 40.31 38.48 14.87 13.6 2.0 0.0 41.0 40.61 51.88 50.12 44.01 42.15 57.63 56.4 19.72 18.79 19.42 17.46 43.6 44.82 55.47 54.38 28.84 27.2 19.1 19.0 18.03 18.03 25.08 23.09 39.45 38.47 29.83 29.43 56.59 55.23 53.71 54.71 34.21 32.28 59.67 58.14 22.14 24.04 27.59 26.17 34.23 34.06 17.12 15.13 41.11 39.12 50.45 50.96 44.55 
64.29 63.79 63.32 62.82 62.36 61.85 61.4 60.88 60.44 59.91 59.48 58.94 25.24 23.6 24.7 23.02 24.19 22.47 23.71 21.95 77.32 75.33 50.04 48.04 42.95 41.0 0.0 2.0 73.93 72.95 64.5 63.53 84.1 82.29 50.64 48.66 45.12 44.72 29.53 28.64 80.06 78.29 28.3 27.29 43.17 41.23 41.98 40.02 44.94 44.27 65.0 63.16 11.18 11.7 30.02 28.02 40.5 39.85 39.2 38.01 86.33 85.49 19.1 17.12 60.83 58.86 50.61 48.88 57.43 55.44 53.6 52.43 48.83 47.71 75.29 
64.85 64.29 63.89 63.32 62.94 62.36 61.98 61.4 61.03 60.44 60.08 59.48 26.93 25.24 26.42 24.7 25.94 24.19 25.5 23.71 77.52 75.54 50.16 48.17 42.58 40.61 2.0 0.0 74.95 73.93 65.51 64.5 84.97 83.19 50.99 49.03 45.61 45.12 31.3 30.46 81.01 79.26 29.41 28.3 43.68 41.76 42.45 40.52 45.69 44.94 65.8 63.98 11.0 11.18 32.02 30.02 42.38 41.76 40.46 39.2 87.21 86.33 19.0 17.0 61.19 59.23 51.62 49.93 57.22 55.23 54.82 53.6 50.48 49.4 75.89 
20.1 22.09 20.22 22.2 20.4 22.36 20.62 22.56 20.88 22.8 21.19 23.09 52.5 53.14 53.45 54.08 54.41 55.03 55.36 55.97 32.7 31.95 37.7 38.48 50.99 51.88 73.93 74.95 0.0 2.0 9.43 10.63 12.04 10.05 32.2 33.12 33.6 35.23 51.2 53.15 7.0 5.0 45.65 46.65 34.83 36.12 36.24 37.54 30.41 31.83 12.65 13.42 65.8 67.01 65.38 65.62 50.01 52.01 35.47 36.25 14.0 14.14 59.55 61.07 27.29 27.66 23.32 25.06 44.55 44.91 21.59 22.14 36.12 38.12 17.0 
18.11 20.1 18.25 20.22 18.44 20.4 18.68 20.62 18.97 20.88 19.31 21.19 51.92 52.5 52.89 53.45 53.85 54.41 54.82 55.36 30.87 30.08 35.85 36.67 49.19 50.12 72.95 73.93 2.0 0.0 8.54 9.43 12.04 10.05 30.41 31.38 32.02 33.6 50.8 52.77 7.28 5.39 44.72 45.65 33.3 34.66 34.71 36.07 29.07 30.41 10.77 11.66 64.64 65.8 65.19 65.38 50.09 52.09 34.79 35.47 14.14 14.0 58.26 59.82 25.32 25.71 22.36 24.17 42.58 42.95 21.21 21.59 36.35 38.33 15.26 
16.16 18.03 15.81 17.72 15.52 17.46 15.3 17.26 15.13 17.12 15.03 17.03 43.42 43.97 44.38 44.92 45.35 45.88 46.32 46.84 32.65 31.4 30.59 31.05 43.32 44.01 64.5 65.51 9.43 8.54 0.0 2.0 20.4 18.44 24.74 25.3 25.06 26.83 42.43 44.41 15.81 13.93 36.24 37.22 26.08 27.2 27.46 28.6 21.26 22.8 8.06 7.28 56.4 57.63 57.04 57.14 42.43 44.41 26.25 26.93 22.56 22.2 50.25 51.74 22.36 22.09 13.89 15.65 39.01 39.01 13.0 13.15 29.12 31.05 18.87 
14.32 16.16 13.93 15.81 13.6 15.52 13.34 15.3 13.15 15.13 13.04 15.03 42.95 43.42 43.93 44.38 44.91 45.35 45.89 46.32 31.14 29.83 28.64 29.12 41.44 42.15 63.53 64.5 10.63 9.43 2.0 0.0 20.88 18.97 22.8 23.41 23.32 25.06 42.19 44.18 16.55 14.76 35.34 36.24 24.41 25.61 25.81 27.02 19.8 21.26 6.4 5.39 55.22 56.4 57.0 57.04 42.76 44.72 25.71 26.25 23.09 22.56 48.92 50.45 20.4 20.1 13.0 14.87 37.01 37.01 13.15 13.0 29.73 31.62 17.89 
23.6 25.24 24.21 25.81 24.84 26.4 25.5 27.02 26.17 27.66 26.87 28.32 63.79 64.29 64.76 65.25 65.73 66.22 66.71 67.19 29.02 29.02 42.8 44.05 56.4 57.63 84.1 84.97 12.04 12.04 20.4 20.88 0.0 2.0 38.21 39.6 41.23 42.52 62.8 64.78 5.1 7.07 56.08 56.86 42.8 44.41 44.2 45.8 39.45 40.5 19.42 21.1 75.29 76.32 77.23 77.41 62.03 64.03 46.57 47.13 2.24 2.24 68.51 70.18 30.53 31.62 33.84 35.74 47.01 47.85 33.24 33.54 48.17 50.16 14.56 
22.47 24.19 23.02 24.7 23.6 25.24 24.21 25.81 24.84 26.4 25.5 27.02 61.85 62.36 62.82 63.32 63.79 64.29 64.76 65.25 29.15 29.02 41.62 42.8 55.22 56.4 82.29 83.19 10.05 10.05 18.44 18.97 2.0 0.0 36.88 38.21 39.7 41.04 60.83 62.8 3.16 5.1 54.23 55.04 41.23 42.8 42.64 44.2 37.74 38.83 17.8 19.42 73.57 74.63 75.24 75.43 60.03 62.03 44.64 45.22 4.12 4.12 66.85 68.51 29.53 30.53 31.95 33.84 46.24 47.01 31.26 31.58 46.17 48.17 14.14 
15.0 13.89 14.21 13.04 13.45 12.21 12.73 11.4 12.04 10.63 11.4 9.9 38.28 37.64 39.22 38.6 40.16 39.56 41.11 40.52 27.02 25.02 6.0 6.32 18.79 19.72 50.64 50.99 32.2 30.41 24.74 22.8 38.21 36.88 0.0 2.0 6.32 6.0 40.25 42.05 35.81 34.67 26.93 26.48 8.25 10.2 9.06 11.05 11.31 10.0 19.72 18.79 40.26 40.8 55.54 54.78 46.86 48.41 24.84 23.6 40.31 38.9 32.57 34.48 10.2 8.25 18.03 18.79 16.55 15.81 25.0 23.09 38.83 40.0 26.08 
16.64 15.65 15.81 14.76 15.0 13.89 14.21 13.04 13.45 12.21 12.73 11.4 36.4 35.74 37.34 36.69 38.28 37.64 39.22 38.6 29.02 27.02 6.32 6.0 18.03 18.79 48.66 49.03 33.12 31.38 25.3 23.41 39.6 38.21 2.0 0.0 4.47 4.0 38.47 40.25 37.01 35.81 25.0 24.52 6.32 8.25 7.07 9.06 10.0 8.49 20.81 19.72 38.33 38.9 53.71 52.92 45.34 46.86 23.35 22.02 41.73 40.36 30.68 32.57 12.17 10.2 17.46 18.03 17.49 16.55 24.52 22.56 37.74 38.83 27.78 
19.31 18.68 18.38 17.72 17.46 16.76 16.55 15.81 15.65 14.87 14.76 13.93 31.95 31.32 32.89 32.28 33.84 33.24 34.79 34.21 33.14 31.14 10.0 8.94 19.1 19.42 45.12 45.61 33.6 32.02 25.06 23.32 41.23 39.7 6.32 4.47 0.0 2.0 34.0 35.78 38.18 36.8 20.62 20.22 2.0 4.0 3.16 5.1 6.32 4.47 21.93 20.52 35.11 35.85 49.24 48.47 41.04 42.52 19.1 17.69 43.42 42.2 27.73 29.55 16.0 14.0 15.0 15.13 21.4 20.25 22.02 20.02 34.0 34.99 30.46 
20.12 19.31 19.24 18.38 18.36 17.46 17.49 16.55 16.64 15.65 15.81 14.76 32.7 31.95 33.62 32.89 34.54 33.84 35.47 34.79 33.02 31.02 8.49 7.21 17.12 17.46 44.72 45.12 35.23 33.6 26.83 25.06 42.52 41.04 6.0 4.0 2.0 0.0 34.99 36.72 39.62 38.29 21.19 20.62 2.83 4.47 3.16 5.1 8.25 6.32 23.35 22.02 34.48 35.11 50.09 49.24 42.43 43.86 20.62 19.1 44.69 43.42 26.93 28.79 16.12 14.14 17.0 17.12 19.85 18.6 24.02 22.02 35.78 36.72 31.3 
48.84 49.24 47.85 48.27 46.87 47.3 45.89 46.32 44.91 45.35 43.93 44.38 5.0 7.0 5.1 7.07 5.39 7.28 5.83 7.62 65.8 63.89 43.27 41.62 44.82 43.6 29.53 31.3 51.2 50.8 42.43 42.19 62.8 60.83 40.25 38.47 34.0 34.99 0.0 2.0 58.05 56.09 14.87 16.4 32.25 30.53 31.91 30.23 29.73 30.46 46.01 44.01 28.16 30.15 15.52 15.13 12.0 12.17 17.12 17.46 64.94 64.63 28.44 28.16 48.7 46.82 30.02 28.02 54.2 52.63 29.61 29.27 19.8 18.44 58.14 
50.8 51.2 49.82 50.22 48.84 49.24 47.85 48.27 46.87 47.3 45.89 46.32 5.39 7.28 5.1 7.07 5.0 7.0 5.1 7.07 67.72 65.8 44.94 43.27 46.1 44.82 28.64 30.46 53.15 52.77 44.41 44.18 64.78 62.8 42.05 40.25 35.78 36.72 2.0 0.0 60.02 58.05 16.28 17.69 34.0 32.25 33.62 31.91 31.62 32.31 48.01 46.01 28.02 30.02 13.6 13.15 12.17 12.0 19.1 19.42 66.91 66.61 28.86 28.44 50.6 48.7 32.02 30.02 55.8 54.2 31.58 31.26 21.26 19.8 60.13 
21.93 23.77 22.36 24.17 22.83 24.6 23.32 25.06 23.85 25.55 24.41 26.08 59.2 59.77 60.17 60.73 61.13 61.68 62.1 62.64 30.59 30.27 40.82 41.88 54.38 55.47 80.06 81.01 7.0 7.28 15.81 16.55 5.1 3.16 35.81 37.01 38.18 39.62 58.05 60.02 0.0 2.0 51.89 52.77 39.62 41.11 41.04 42.52 35.81 37.01 16.28 17.69 71.56 72.67 72.34 72.56 57.01 59.01 42.06 42.72 7.0 7.28 65.0 66.61 29.15 29.97 29.55 31.38 46.17 46.82 28.44 28.86 43.1 45.1 15.03 
21.19 23.09 21.54 23.41 21.93 23.77 22.36 24.17 22.83 24.6 23.32 25.06 57.28 57.87 58.24 58.82 59.2 59.77 60.17 60.73 31.05 30.59 39.82 40.82 53.34 54.38 78.29 79.26 5.0 5.39 13.93 14.76 7.07 5.1 34.67 35.81 36.8 38.29 56.09 58.05 2.0 0.0 50.09 51.0 38.18 39.62 39.6 41.04 34.21 35.47 15.0 16.28 69.89 71.03 70.35 70.58 55.01 57.01 40.16 40.85 9.0 9.22 63.41 65.0 28.46 29.15 27.73 29.55 45.61 46.17 26.48 26.93 41.11 43.1 15.3 
38.05 38.0 37.05 37.0 36.06 36.0 35.06 35.0 34.06 34.0 33.06 33.0 11.66 10.77 12.53 11.7 13.42 12.65 14.32 13.6 53.6 51.62 29.07 27.29 30.0 28.84 28.3 29.41 45.65 44.72 36.24 35.34 56.08 54.23 26.93 25.0 20.62 21.19 14.87 16.28 51.89 50.09 0.0 2.0 18.68 16.76 18.03 16.16 18.03 18.03 37.36 35.44 21.4 23.02 29.15 28.18 25.08 25.94 11.4 9.9 58.31 57.58 17.72 18.38 36.35 34.37 22.36 20.59 39.66 38.01 25.5 24.21 25.32 25.08 48.51 
38.21 38.05 37.22 37.05 36.22 36.06 35.23 35.06 34.23 34.06 33.24 33.06 12.81 11.66 13.6 12.53 14.42 13.42 15.26 14.32 53.34 51.35 28.23 26.4 28.43 27.2 27.29 28.3 46.65 45.65 37.22 36.24 56.86 55.04 26.48 24.52 20.22 20.62 16.4 17.69 52.77 51.0 2.0 0.0 18.25 16.28 17.46 15.52 18.25 18.03 37.95 36.06 19.85 21.4 30.23 29.15 26.93 27.73 13.04 11.4 59.09 58.31 15.81 16.55 36.12 34.13 23.32 21.63 38.59 36.89 26.87 25.5 27.29 27.07 48.84 
21.19 20.62 20.25 19.65 19.31 18.68 18.38 17.72 17.46 16.76 16.55 15.81 30.08 29.41 31.02 30.36 31.95 31.32 32.89 32.28 35.13 33.14 11.31 10.0 19.0 19.1 43.17 43.68 34.83 33.3 26.08 24.41 42.8 41.23 8.25 6.32 2.0 2.83 32.25 34.0 39.62 38.18 18.68 18.25 0.0 2.0 1.41 3.16 6.0 4.0 23.43 21.93 33.24 34.01 47.42 46.62 39.6 41.04 17.8 16.28 45.0 43.83 25.94 27.73 18.0 16.0 15.13 15.0 22.67 21.4 22.02 20.02 33.11 34.0 32.31 
23.09 22.56 22.14 21.59 21.19 20.62 20.25 19.65 19.31 18.68 18.38 17.72 28.23 27.51 29.15 28.46 30.08 29.41 31.02 30.36 37.12 35.13 12.81 11.31 19.1 19.0 41.23 41.76 36.12 34.66 27.2 25.61 44.41 42.8 10.2 8.25 4.0 4.47 30.53 32.25 41.11 39.62 16.76 16.28 2.0 0.0 1.41 1.41 6.32 4.47 25.0 23.43 31.38 32.2 45.62 44.78 38.21 39.6 16.64 15.0 46.62 45.49 24.19 25.94 20.0 18.0 15.52 15.13 24.04 22.67 22.2 20.22 32.31 33.11 34.18 
22.47 21.84 21.54 20.88 20.62 19.92 19.7 18.97 18.79 18.03 17.89 17.09 29.55 28.79 30.46 29.73 31.38 30.68 32.31 31.62 36.06 34.06 11.4 9.9 18.03 18.03 41.98 42.45 36.24 34.71 27.46 25.81 44.2 42.64 9.06 7.07 3.16 3.16 31.91 33.62 41.04 39.6 18.03 17.46 1.41 1.41 0.0 2.0 7.07 5.1 24.84 23.35 31.95 32.7 46.96 46.1 39.62 41.01 18.03 16.4 46.4 45.22 24.6 26.4 19.03 17.03 16.28 16.03 22.63 21.26 23.09 21.1 33.62 34.44 33.62 
24.35 23.77 23.41 22.8 22.47 21.84 21.54 20.88 20.62 19.92 19.7 18.97 27.73 26.93 28.64 27.86 29.55 28.79 30.46 29.73 38.05 36.06 13.04 11.4 18.25 18.03 40.02 40.52 37.54 36.07 28.6 27.02 45.8 44.2 11.05 9.06 5.1 5.1 30.23 31.91 42.52 41.04 16.16 15.52 3.16 1.41 2.0 0.0 7.62 5.83 26.4 24.84 30.08 30.87 45.18 44.28 38.29 39.62 17.0 15.26 48.01 46.87 22.83 24.6 21.02 19.03 16.76 16.28 24.08 22.63 23.35 21.38 32.89 33.62 35.47 
20.02 20.02 19.03 19.03 18.03 18.03 17.03 17.03 16.03 16.03 15.03 15.03 28.44 28.16 29.43 29.15 30.41 30.15 31.4 31.14 36.14 34.21 16.12 15.23 25.0 25.08 44.94 45.69 30.41 29.07 21.26 19.8 39.45 37.74 11.31 10.0 6.32 8.25 29.73 31.62 35.81 34.21 18.03 18.25 6.0 6.32 7.07 7.62 0.0 2.0 20.12 18.36 35.85 36.89 45.22 44.64 35.61 37.2 13.6 12.53 41.68 40.71 29.21 30.81 18.97 17.09 9.22 9.0 27.46 26.42 16.03 14.04 27.78 28.84 30.59 
20.22 20.02 19.24 19.03 18.25 18.03 17.26 17.03 16.28 16.03 15.3 15.03 28.86 28.44 29.83 29.43 30.81 30.41 31.78 31.4 35.69 33.73 14.42 13.42 23.0 23.09 44.27 44.94 31.83 30.41 22.8 21.26 40.5 38.83 10.0 8.49 4.47 6.32 30.46 32.31 37.01 35.47 18.03 18.03 4.0 4.47 5.1 5.83 2.0 0.0 21.1 19.42 34.89 35.85 45.88 45.22 36.88 38.42 14.87 13.6 42.72 41.68 28.02 29.68 18.44 16.49 11.18 11.0 25.81 24.7 18.03 16.03 29.53 30.53 31.05 
8.25 10.2 8.06 10.05 8.0 10.0 8.06 10.05 8.25 10.2 8.54 10.44 46.17 46.39 47.17 47.38 48.17 48.37 49.16 49.37 24.76 23.43 25.08 25.94 38.47 39.45 65.0 65.8 12.65 10.77 8.06 6.4 19.42 17.8 19.72 20.81 21.93 23.35 46.01 48.01 16.28 15.0 37.36 37.95 23.43 25.0 24.84 26.4 20.12 21.1 0.0 2.0 55.95 56.94 61.2 61.07 47.8 49.73 29.02 29.15 21.63 20.59 49.09 50.77 15.0 15.13 16.0 18.0 32.14 32.39 18.38 17.72 35.34 37.16 12.37 
8.94 10.77 8.54 10.44 8.25 10.2 8.06 10.05 8.0 10.0 8.06 10.05 44.18 44.41 45.18 45.4 46.17 46.39 47.17 47.38 26.17 24.76 24.35 25.08 37.58 38.47 63.16 63.98 13.42 11.66 7.28 5.39 21.1 19.42 18.79 19.72 20.52 22.02 44.01 46.01 17.69 16.28 35.44 36.06 21.93 23.43 23.35 24.84 18.36 19.42 2.0 0.0 54.2 55.23 59.21 59.08 45.88 47.8 27.02 27.17 23.32 22.36 47.43 49.09 15.13 15.0 14.0 16.0 32.02 32.14 16.55 15.81 33.54 35.34 14.32 
54.42 53.76 53.49 52.81 52.55 51.87 51.62 50.92 50.7 49.98 49.77 49.04 23.19 21.21 23.09 21.1 23.02 21.02 23.0 21.0 66.61 64.63 39.2 37.22 31.78 29.83 11.18 11.0 65.8 64.64 56.4 55.22 75.29 73.57 40.26 38.33 35.11 34.48 28.16 28.02 71.56 69.89 21.4 19.85 33.24 31.38 31.95 30.08 35.85 34.89 55.95 54.2 0.0 2.0 34.18 32.31 40.11 40.01 32.8 31.24 77.52 76.54 8.0 6.0 50.45 48.51 42.64 41.11 46.27 44.28 46.69 45.25 45.31 44.6 65.55 
55.15 54.42 54.23 53.49 53.31 52.55 52.39 51.62 51.48 50.7 50.57 49.77 25.18 23.19 25.08 23.09 25.02 23.02 25.0 23.0 66.91 64.94 39.46 37.48 31.4 29.43 11.7 11.18 67.01 65.8 57.63 56.4 76.32 74.63 40.8 38.9 35.85 35.11 30.15 30.02 72.67 71.03 23.02 21.4 34.01 32.2 32.7 30.87 36.89 35.85 56.94 55.23 2.0 0.0 36.06 34.18 42.11 42.01 34.41 32.8 78.55 77.52 8.25 6.32 50.96 49.04 43.93 42.45 46.1 44.1 48.17 46.69 47.17 46.49 66.31 
64.33 64.76 63.35 63.79 62.37 62.82 61.39 61.85 60.42 60.88 59.44 59.91 17.49 18.6 16.64 17.8 15.81 17.03 15.0 16.28 81.32 79.4 58.18 56.44 58.05 56.59 30.02 32.02 65.38 65.19 57.04 57.0 77.23 75.24 55.54 53.71 49.24 50.09 15.52 13.6 72.34 70.35 29.15 30.23 47.42 45.62 46.96 45.18 45.22 45.88 61.2 59.21 34.18 36.06 0.0 2.0 17.0 15.26 32.56 32.98 79.31 79.16 37.74 36.72 64.2 62.3 45.28 43.29 68.8 67.12 44.05 44.0 30.68 28.79 73.44 
63.95 64.33 62.97 63.35 61.98 62.37 61.0 61.39 60.02 60.42 59.03 59.44 16.55 17.49 15.65 16.64 14.76 15.81 13.89 15.0 80.78 78.85 57.25 55.47 56.73 55.23 28.02 30.02 65.62 65.38 57.14 57.04 77.41 75.43 54.78 52.92 48.47 49.24 15.13 13.15 72.56 70.58 28.18 29.15 46.62 44.78 46.1 44.28 44.64 45.22 61.07 59.08 32.31 34.18 2.0 0.0 18.03 16.4 32.25 32.56 79.51 79.31 36.06 34.99 63.6 61.68 45.1 43.1 67.74 66.04 44.18 44.05 31.38 29.55 73.25 
52.39 53.23 51.48 52.33 50.57 51.43 49.66 50.54 48.75 49.65 47.85 48.76 17.0 19.0 17.03 19.03 17.12 19.1 17.26 19.24 70.21 68.43 50.91 49.52 54.71 53.71 40.5 42.38 50.01 50.09 42.43 42.76 62.03 60.03 46.86 45.34 41.04 42.43 12.0 12.17 57.01 55.01 25.08 26.93 39.6 38.21 39.62 38.29 35.61 36.88 47.8 45.88 40.11 42.11 17.0 18.03 0.0 2.0 22.02 23.35 64.01 64.07 40.31 40.11 53.85 52.15 32.7 30.87 62.24 60.88 29.61 30.08 14.14 12.17 60.17 
54.23 55.04 53.31 54.13 52.39 53.23 51.48 52.33 50.57 51.43 49.66 50.54 17.12 19.1 17.03 19.03 17.0 19.0 17.03 19.03 72.01 70.21 52.35 50.91 55.76 54.71 39.85 41.76 52.01 52.09 44.41 44.72 64.03 62.03 48.41 46.86 42.52 43.86 12.17 12.0 59.01 57.01 25.94 27.73 41.04 39.6 41.01 39.62 37.2 38.42 49.73 47.8 40.01 42.01 15.26 16.4 2.0 0.0 23.6 24.84 66.01 66.07 40.61 40.31 55.57 53.85 34.54 32.7 63.64 62.24 31.58 32.02 16.12 14.14 62.1 
31.78 32.28 30.81 31.32 29.83 30.36 28.86 29.41 27.89 28.46 26.93 27.51 17.26 17.72 18.25 18.68 19.24 19.65 20.22 20.62 49.04 47.17 29.07 27.8 34.79 34.21 39.2 40.46 35.47 34.79 26.25 25.71 46.57 44.64 24.84 23.35 19.1 20.62 17.12 19.1 42.06 40.16 11.4 13.04 17.8 16.64 18.03 17.0 13.6 14.87 29.02 27.02 32.8 34.41 32.56 32.25 22.02 23.6 0.0 2.0 48.76 48.27 28.64 29.53 32.2 30.41 13.04 11.05 40.46 39.2 14.42 13.42 16.28 16.76 41.05 
31.4 31.78 30.41 30.81 29.43 29.83 28.44 28.86 27.46 27.89 26.48 26.93 17.03 17.26 18.03 18.25 19.03 19.24 20.02 20.22 48.38 46.49 27.59 26.25 32.89 32.28 38.01 39.2 36.25 35.47 26.93 26.25 47.13 45.22 23.6 22.02 17.69 19.1 17.46 19.42 42.72 40.85 9.9 11.4 16.28 15.0 16.4 15.26 12.53 13.6 29.15 27.17 31.24 32.8 32.98 32.56 23.35 24.84 2.0 0.0 49.34 48.76 26.83 27.78 31.38 29.55 13.34 11.4 38.95 37.64 15.62 14.42 18.25 18.68 41.0 
25.61 27.2 26.25 27.8 26.91 28.43 27.59 29.07 28.28 29.73 29.0 30.41 65.97 66.48 66.94 67.45 67.91 68.41 68.88 69.38 30.02 30.15 44.82 46.1 58.41 59.67 86.33 87.21 14.0 14.14 22.56 23.09 2.24 4.12 40.31 41.73 43.42 44.69 64.94 66.91 7.0 9.0 58.31 59.09 45.0 46.62 46.4 48.01 41.68 42.72 21.63 23.32 77.52 78.55 79.31 79.51 64.01 66.01 48.76 49.34 0.0 2.0 70.72 72.4 32.45 33.6 36.06 37.95 48.75 49.65 35.36 35.69 50.09 52.09 16.16 
24.08 25.61 24.76 26.25 25.46 26.91 26.17 27.59 26.91 28.28 27.66 29.0 65.51 65.97 66.49 66.94 67.47 67.91 68.45 68.88 28.02 28.16 43.28 44.6 56.85 58.14 85.49 86.33 14.14 14.0 22.2 22.56 2.24 4.12 38.9 40.36 42.2 43.42 64.63 66.61 7.28 9.22 57.58 58.31 43.83 45.49 45.22 46.87 40.71 41.68 20.59 22.36 76.54 77.52 79.16 79.31 64.07 66.07 48.27 48.76 2.0 0.0 69.64 71.34 30.81 32.02 35.44 37.36 46.96 47.89 35.13 35.36 50.25 52.24 14.32 
47.01 46.24 46.1 45.31 45.19 44.38 44.28 43.46 43.38 42.54 42.49 41.63 23.54 21.59 23.77 21.84 24.04 22.14 24.35 22.47 58.69 56.72 31.26 29.27 24.04 22.14 19.1 19.0 59.55 58.26 50.25 48.92 68.51 66.85 32.57 30.68 27.73 26.93 28.44 28.86 65.0 63.41 17.72 15.81 25.94 24.19 24.6 22.83 29.21 28.02 49.09 47.43 8.0 8.25 37.74 36.06 40.31 40.61 28.64 26.83 70.72 69.64 0.0 2.0 42.72 40.8 36.8 35.47 38.33 36.35 41.62 40.0 42.95 42.58 58.18 
48.85 48.1 47.93 47.17 47.01 46.24 46.1 45.31 45.19 44.38 44.28 43.46 23.19 21.21 23.35 21.38 23.54 21.59 23.77 21.84 60.67 58.69 33.24 31.26 25.96 24.04 17.12 17.0 61.07 59.82 51.74 50.45 70.18 68.51 34.48 32.57 29.55 28.79 28.16 28.44 66.61 65.0 18.38 16.55 27.73 25.94 26.4 24.6 30.81 29.68 50.77 49.09 6.0 6.32 36.72 34.99 40.11 40.31 29.53 27.78 72.4 71.34 2.0 0.0 44.64 42.72 38.18 36.8 40.31 38.33 42.8 41.23 43.42 42.95 60.01 
7.28 5.39 7.07 5.1 7.0 5.0 7.07 5.1 7.28 5.39 7.62 5.83 47.3 46.87 48.27 47.85 49.24 48.84 50.22 49.82 17.26 15.3 12.81 14.42 26.17 27.59 60.83 61.19 27.29 25.32 22.36 20.4 30.53 29.53 10.2 12.17 16.0 16.12 48.7 50.6 29.15 28.46 36.35 36.12 18.0 20.0 19.03 21.02 18.97 18.44 15.0 15.13 50.45 50.96 64.2 63.6 53.85 55.57 32.2 31.38 32.45 30.81 42.72 44.64 0.0 2.0 21.93 23.43 17.26 17.72 27.8 26.25 43.86 45.34 16.97 
8.06 6.4 7.62 5.83 7.28 5.39 7.07 5.1 7.0 5.0 7.07 5.1 45.35 44.91 46.32 45.89 47.3 46.87 48.27 47.85 19.24 17.26 11.31 12.81 24.84 26.17 58.86 59.23 27.66 25.71 22.09 20.1 31.62 30.53 8.25 10.2 14.0 14.14 46.82 48.7 29.97 29.15 34.37 34.13 16.0 18.0 17.03 19.03 17.09 16.49 15.13 15.0 48.51 49.04 62.3 61.68 52.15 53.85 30.41 29.55 33.6 32.02 40.8 42.72 2.0 0.0 20.52 21.93 17.03 17.26 26.63 25.0 42.43 43.86 18.44 
19.7 20.59 18.79 19.72 17.89 18.87 17.0 18.03 16.12 17.2 15.26 16.4 30.27 30.59 31.26 31.58 32.25 32.56 33.24 33.54 37.59 35.85 23.77 23.35 34.06 34.23 50.61 51.62 23.32 22.36 13.89 13.0 33.84 31.95 18.03 17.46 15.0 17.0 30.02 32.02 29.55 27.73 22.36 23.32 15.13 15.52 16.28 16.76 9.22 11.18 16.0 14.0 42.64 43.93 45.28 45.1 32.7 34.54 13.04 13.34 36.06 35.44 36.8 38.18 21.93 20.52 0.0 2.0 34.54 33.84 7.07 5.1 21.93 23.43 28.16 
21.54 22.36 20.62 21.47 19.7 20.59 18.79 19.72 17.89 18.87 17.0 18.03 28.28 28.64 29.27 29.61 30.27 30.59 31.26 31.58 39.36 37.59 24.35 23.77 34.0 34.06 48.88 49.93 25.06 24.17 15.65 14.87 35.74 33.84 18.79 18.03 15.13 17.12 28.02 30.02 31.38 29.55 20.59 21.63 15.0 15.13 16.03 16.28 9.0 11.0 18.0 16.0 41.11 42.45 43.29 43.1 30.87 32.7 11.05 11.4 37.95 37.36 35.47 36.8 23.43 21.93 2.0 0.0 35.34 34.54 7.07 5.1 20.52 21.93 30.15 
24.52 22.56 24.33 22.36 24.19 22.2 24.08 22.09 24.02 22.02 24.0 22.0 51.31 50.25 52.15 51.11 53.0 51.97 53.85 52.84 24.41 22.8 11.4 12.73 15.13 17.12 57.43 57.22 44.55 42.58 39.01 37.01 47.01 46.24 16.55 17.49 21.4 19.85 54.2 55.8 46.17 45.61 39.66 38.59 22.67 24.04 22.63 24.08 27.46 25.81 32.14 32.02 46.27 46.1 68.8 67.74 62.24 63.64 40.46 38.95 48.75 46.96 38.33 40.31 17.26 17.03 34.54 35.34 0.0 2.0 41.44 39.56 55.23 56.3 32.65 
25.0 23.09 24.74 22.8 24.52 22.56 24.33 22.36 24.19 22.2 24.08 22.09 49.65 48.55 50.48 49.4 51.31 50.25 52.15 51.11 26.08 24.41 10.3 11.4 13.15 15.13 55.44 55.23 44.91 42.95 39.01 37.01 47.85 47.01 15.81 16.55 20.25 18.6 52.63 54.2 46.82 46.17 38.01 36.89 21.4 22.67 21.26 22.63 26.42 24.7 32.39 32.14 44.28 44.1 67.12 66.04 60.88 62.24 39.2 37.64 49.65 47.89 36.35 38.33 17.72 17.26 33.84 34.54 2.0 0.0 40.8 38.9 54.2 55.23 33.62 
24.21 25.5 23.43 24.76 22.67 24.04 21.93 23.35 21.21 22.67 20.52 22.02 31.02 31.78 31.95 32.7 32.89 33.62 33.84 34.54 42.2 40.61 30.81 30.41 41.01 41.11 53.6 54.82 21.59 21.21 13.0 13.15 33.24 31.26 25.0 24.52 22.02 24.02 29.61 31.58 28.44 26.48 25.5 26.87 22.02 22.2 23.09 23.35 16.03 18.03 18.38 16.55 46.69 48.17 44.05 44.18 29.61 31.58 14.42 15.62 35.36 35.13 41.62 42.8 27.8 26.63 7.07 7.07 41.44 40.8 0.0 2.0 17.0 18.79 30.68 
23.02 24.21 22.2 23.43 21.4 22.67 20.62 21.93 19.85 21.21 19.1 20.52 30.36 31.02 31.32 31.95 32.28 32.89 33.24 33.84 41.05 39.41 28.86 28.44 39.01 39.12 52.43 53.6 22.14 21.59 13.15 13.0 33.54 31.58 23.09 22.56 20.02 22.02 29.27 31.26 28.86 26.93 24.21 25.5 20.02 20.22 21.1 21.38 14.04 16.03 17.72 15.81 45.25 46.69 44.0 44.05 30.08 32.02 13.42 14.42 35.69 35.36 40.0 41.23 26.25 25.0 5.1 5.1 39.56 38.9 2.0 0.0 18.03 19.72 30.08 
41.05 42.2 40.22 41.4 39.41 40.61 38.6 39.82 37.8 39.05 37.01 38.29 23.6 25.24 24.21 25.81 24.84 26.4 25.5 27.02 59.08 57.43 43.91 42.94 50.96 50.45 48.83 50.48 36.12 36.35 29.12 29.73 48.17 46.17 38.83 37.74 34.0 35.78 19.8 21.26 43.1 41.11 25.32 27.29 33.11 32.31 33.62 32.89 27.78 29.53 35.34 33.54 45.31 47.17 30.68 31.38 14.14 16.12 16.28 18.25 50.09 50.25 42.95 43.42 43.86 42.43 21.93 20.52 55.23 54.2 17.0 18.03 0.0 2.0 47.54 
42.72 43.83 41.88 43.01 41.05 42.2 40.22 41.4 39.41 40.61 38.6 39.82 22.47 24.19 23.02 24.7 23.6 25.24 24.21 25.81 60.75 59.08 44.94 43.91 51.55 50.96 47.71 49.4 38.12 38.33 31.05 31.62 50.16 48.17 40.0 38.83 34.99 36.72 18.44 19.8 45.1 43.1 25.08 27.07 34.0 33.11 34.44 33.62 28.84 30.53 37.16 35.34 44.6 46.49 28.79 29.55 12.17 14.14 16.76 18.68 52.09 52.24 42.58 42.95 45.34 43.86 23.43 21.93 56.3 55.23 18.79 19.72 2.0 0.0 49.4 
11.18 12.21 12.08 13.04 13.0 13.89 13.93 14.76 14.87 15.65 15.81 16.55 58.01 58.08 59.01 59.08 60.01 60.07 61.01 61.07 15.81 15.3 29.73 31.24 43.14 44.55 75.29 75.89 17.0 15.26 18.87 17.89 14.56 14.14 26.08 27.78 30.46 31.3 58.14 60.13 15.03 15.3 48.51 48.84 32.31 34.18 33.62 35.47 30.59 31.05 12.37 14.32 65.55 66.31 73.44 73.25 60.17 62.1 41.05 41.0 16.16 14.32 58.18 60.01 16.97 18.44 28.16 30.15 32.65 33.62 30.68 30.08 47.54 49.4 0.0 
