45
0.0 2.0 1.0 2.24 10.2 10.0 13.34 13.04 12.37 14.32 12.65 14.56 13.0 14.87 13.42 15.23 37.12 38.08 38.01 38.95 3.0 5.0 3.16 5.1 3.61 5.39 4.24 5.83 5.0 6.4 30.0 31.24 27.51 29.41 17.03 17.03 20.25 22.14 21.26 22.8 25.0 25.63 26.93 28.02 21.47 
2.0 0.0 2.24 1.0 10.77 10.2 11.4 11.05 10.44 12.37 10.77 12.65 11.18 13.0 11.66 13.42 35.36 36.36 36.24 37.22 1.0 3.0 1.41 3.16 2.24 3.61 3.16 4.24 4.12 5.0 28.43 29.73 25.63 27.51 17.26 17.03 18.38 20.25 20.0 21.63 23.09 23.77 25.24 26.4 20.62 
1.0 2.24 0.0 2.0 9.22 9.0 13.6 13.15 12.17 14.14 12.37 14.32 12.65 14.56 13.0 14.87 36.67 37.59 37.58 38.47 3.16 5.1 3.0 5.0 3.16 5.1 3.61 5.39 4.24 5.83 29.41 30.61 27.2 29.12 16.03 16.03 19.92 21.84 20.52 22.02 24.74 25.3 26.42 27.46 20.59 
2.24 1.0 2.0 0.0 9.85 9.22 11.7 11.18 10.2 12.17 10.44 12.37 10.77 12.65 11.18 13.0 34.89 35.85 35.78 36.72 1.41 3.16 1.0 3.0 1.41 3.16 2.24 3.61 3.16 4.24 27.8 29.07 25.3 27.2 16.28 16.03 18.03 19.92 19.21 20.81 22.8 23.41 24.7 25.81 19.7 
10.2 10.77 9.22 9.85 0.0 2.0 19.85 18.6 15.65 17.46 15.23 17.09 14.87 16.76 14.56 16.49 35.69 36.14 36.67 37.11 11.18 12.21 10.3 11.4 9.43 10.63 8.6 9.9 7.81 9.22 27.2 27.86 28.02 30.02 7.07 7.62 21.21 23.19 17.09 17.89 26.17 26.02 25.32 25.71 15.0 
10.0 10.2 9.0 9.22 2.0 0.0 18.38 17.03 13.89 15.65 13.42 15.23 13.0 14.87 12.65 14.56 33.73 34.21 34.71 35.17 10.44 11.18 9.49 10.3 8.54 9.43 7.62 8.6 6.71 7.81 25.3 26.0 26.02 28.02 7.07 7.07 19.24 21.21 15.23 16.12 24.19 24.02 23.35 23.77 13.45 
13.34 11.4 13.6 11.7 19.85 18.38 0.0 2.0 6.08 6.08 7.07 7.07 8.06 8.06 9.06 9.06 28.28 29.73 29.0 30.41 10.44 8.54 10.77 8.94 11.18 9.43 11.66 10.0 12.21 10.63 23.71 25.5 17.69 19.21 24.41 23.32 11.66 12.81 19.03 21.02 14.87 16.28 19.72 21.47 22.2 
13.04 11.05 13.15 11.18 18.6 17.03 2.0 0.0 4.12 4.12 5.1 5.1 6.08 6.08 7.07 7.07 26.91 28.28 27.66 29.0 10.05 8.06 10.2 8.25 10.44 8.54 10.77 8.94 11.18 9.43 21.95 23.71 16.4 18.03 22.8 21.63 10.0 11.31 17.03 19.03 13.6 14.87 18.03 19.72 20.22 
12.37 10.44 12.17 10.2 15.65 13.89 6.08 4.12 0.0 2.0 1.0 2.24 2.0 2.83 3.0 3.61 25.24 26.4 26.08 27.2 9.49 7.62 9.22 7.28 9.06 7.07 9.0 7.0 9.06 7.07 19.21 20.81 15.23 17.09 19.1 17.8 8.06 9.85 13.15 15.13 12.65 13.42 15.56 17.03 16.12 
14.32 12.37 14.14 12.17 17.46 15.65 6.08 4.12 2.0 0.0 2.24 1.0 2.83 2.0 3.61 3.0 23.6 24.84 24.41 25.61 11.4 9.49 11.18 9.22 11.05 9.06 11.0 9.0 11.05 9.06 18.03 19.72 13.42 15.23 20.52 19.1 6.4 8.06 13.0 15.0 10.77 11.66 14.21 15.81 16.49 
12.65 10.77 12.37 10.44 15.23 13.42 7.07 5.1 1.0 2.24 0.0 2.0 1.0 2.24 2.0 2.83 24.7 25.81 25.55 26.63 9.85 8.06 9.49 7.62 9.22 7.28 9.06 7.07 9.0 7.0 18.44 20.0 14.87 16.76 18.38 17.03 7.62 9.49 12.17 14.14 12.37 13.0 14.87 16.28 15.13 
14.56 12.65 14.32 12.37 17.09 15.23 7.07 5.1 2.24 1.0 2.0 0.0 2.24 1.0 2.83 2.0 23.02 24.21 23.85 25.0 11.7 9.85 11.4 9.49 11.18 9.22 11.05 9.06 11.0 9.0 17.2 18.87 13.0 14.87 19.85 18.38 5.83 7.62 12.0 14.0 10.44 11.18 13.45 15.0 15.52 
13.0 11.18 12.65 10.77 14.87 13.0 8.06 6.08 2.0 2.83 1.0 2.24 0.0 2.0 1.0 2.24 24.19 25.24 25.06 26.08 10.3 8.6 9.85 8.06 9.49 7.62 9.22 7.28 9.06 7.07 17.69 19.21 14.56 16.49 17.69 16.28 7.28 9.22 11.18 13.15 12.17 12.65 14.21 15.56 14.14 
14.87 13.0 14.56 12.65 16.76 14.87 8.06 6.08 2.83 2.0 2.24 1.0 2.0 0.0 2.24 1.0 22.47 23.6 23.32 24.41 12.08 10.3 11.7 9.85 11.4 9.49 11.18 9.22 11.05 9.06 16.4 18.03 12.65 14.56 19.21 17.69 5.39 7.28 11.0 13.0 10.2 10.77 12.73 14.21 14.56 
13.42 11.66 13.0 11.18 14.56 12.65 9.06 7.07 3.0 3.61 2.0 2.83 1.0 2.24 0.0 2.0 23.71 24.7 24.6 25.55 10.82 9.22 10.3 8.6 9.85 8.06 9.49 7.62 9.22 7.28 16.97 18.44 14.32 16.28 17.03 15.56 7.07 9.06 10.2 12.17 12.04 12.37 13.6 14.87 13.15 
15.23 13.42 14.87 13.0 16.49 14.56 9.06 7.07 3.61 3.0 2.83 2.0 2.24 1.0 2.0 0.0 21.95 23.02 22.83 23.85 12.53 10.82 12.08 10.3 11.7 9.85 11.4 9.49 11.18 9.22 15.62 17.2 12.37 14.32 18.6 17.03 5.1 7.07 10.0 12.0 10.05 10.44 12.04 13.45 13.6 
37.12 35.36 36.67 34.89 35.69 33.73 28.28 26.91 25.24 23.6 24.7 23.02 24.19 22.47 23.71 21.95 0.0 2.0 1.0 2.24 34.48 32.76 34.0 32.25 33.54 31.76 33.11 31.3 32.7 30.87 9.06 9.49 10.63 9.43 34.0 32.0 17.2 15.62 19.03 19.03 13.45 12.04 10.44 10.05 23.09 
38.08 36.36 37.59 35.85 36.14 34.21 29.73 28.28 26.4 24.84 25.81 24.21 25.24 23.6 24.7 23.02 2.0 0.0 2.24 1.0 35.51 33.84 34.99 33.29 34.48 32.76 34.0 32.25 33.54 31.76 9.06 9.06 12.21 11.18 34.06 32.06 18.44 16.97 19.24 19.03 15.0 13.45 11.18 10.44 23.0 
38.01 36.24 37.58 35.78 36.67 34.71 29.0 27.66 26.08 24.41 25.55 23.85 25.06 23.32 24.6 22.83 1.0 2.24 0.0 2.0 35.36 33.62 34.89 33.12 34.44 32.65 34.01 32.2 33.62 31.78 10.05 10.44 11.31 10.0 35.0 33.0 18.03 16.4 20.02 20.02 14.14 12.81 11.4 11.05 24.08 
38.95 37.22 38.47 36.72 37.11 35.17 30.41 29.0 27.2 25.61 26.63 25.0 26.08 24.41 25.55 23.85 2.24 1.0 2.0 0.0 36.36 34.67 35.85 34.13 35.36 33.62 34.89 33.12 34.44 32.65 10.05 10.05 12.81 11.66 35.06 33.06 19.21 17.69 20.22 20.02 15.62 14.14 12.08 11.4 24.0 
3.0 1.0 3.16 1.41 11.18 10.44 10.44 10.05 9.49 11.4 9.85 11.7 10.3 12.08 10.82 12.53 34.48 35.51 35.36 36.36 0.0 2.0 1.0 2.24 2.0 2.83 3.0 3.61 4.0 4.47 27.66 29.0 24.7 26.57 17.46 17.12 17.46 19.31 19.42 21.1 22.14 22.85 24.41 25.61 20.25 
5.0 3.0 5.1 3.16 12.21 11.18 8.54 8.06 7.62 9.49 8.06 9.85 8.6 10.3 9.22 10.82 32.76 33.84 33.62 34.67 2.0 0.0 2.24 1.0 2.83 2.0 3.61 3.0 4.47 4.0 26.17 27.59 22.85 24.7 18.03 17.46 15.65 17.46 18.36 20.12 20.25 21.02 22.8 24.08 19.65 
3.16 1.41 3.0 1.0 10.3 9.49 10.77 10.2 9.22 11.18 9.49 11.4 9.85 11.7 10.3 12.08 34.0 34.99 34.89 35.85 1.0 2.24 0.0 2.0 1.0 2.24 2.0 2.83 3.0 3.61 27.02 28.32 24.35 26.25 16.49 16.12 17.09 18.97 18.6 20.25 21.84 22.47 23.85 25.0 19.31 
5.1 3.16 5.0 3.0 11.4 10.3 8.94 8.25 7.28 9.22 7.62 9.49 8.06 9.85 8.6 10.3 32.25 33.29 33.12 34.13 2.24 1.0 2.0 0.0 2.24 1.0 2.83 2.0 3.61 3.0 25.5 26.87 22.47 24.35 17.09 16.49 15.23 17.09 17.49 19.24 19.92 20.62 22.2 23.43 18.68 
3.61 2.24 3.16 1.41 9.43 8.54 11.18 10.44 9.06 11.05 9.22 11.18 9.49 11.4 9.85 11.7 33.54 34.48 34.44 35.36 2.0 2.83 1.0 2.24 0.0 2.0 1.0 2.24 2.0 2.83 26.4 27.66 24.04 25.96 15.52 15.13 16.76 18.68 17.8 19.42 21.59 22.14 23.32 24.41 18.38 
5.39 3.61 5.1 3.16 10.63 9.43 9.43 8.54 7.07 9.06 7.28 9.22 7.62 9.49 8.06 9.85 31.76 32.76 32.65 33.62 2.83 2.0 2.24 1.0 2.0 0.0 2.24 1.0 2.83 2.0 24.84 26.17 22.14 24.04 16.16 15.52 14.87 16.76 16.64 18.36 19.65 20.25 21.63 22.8 17.72 
4.24 3.16 3.61 2.24 8.6 7.62 11.66 10.77 9.0 11.0 9.06 11.05 9.22 11.18 9.49 11.4 33.11 34.0 34.01 34.89 3.0 3.61 2.0 2.83 1.0 2.24 0.0 2.0 1.0 2.24 25.81 27.02 23.77 25.71 14.56 14.14 16.49 18.44 17.03 18.6 21.38 21.84 22.83 23.85 17.46 
5.83 4.24 5.39 3.61 9.9 8.6 10.0 8.94 7.0 9.0 7.07 9.06 7.28 9.22 7.62 9.49 31.3 32.25 32.2 33.12 3.61 3.0 2.83 2.0 2.24 1.0 2.0 0.0 2.24 1.0 24.21 25.5 21.84 23.77 15.23 14.56 14.56 16.49 15.81 17.49 19.42 19.92 21.1 22.2 16.76 
5.0 4.12 4.24 3.16 7.81 6.71 12.21 11.18 9.06 11.05 9.0 11.0 9.06 11.05 9.22 11.18 32.7 33.54 33.62 34.44 4.0 4.47 3.0 3.61 2.0 2.83 1.0 2.24 0.0 2.0 25.24 26.4 23.54 25.5 13.6 13.15 16.28 18.25 16.28 17.8 21.21 21.59 22.36 23.32 16.55 
6.4 5.0 5.83 4.24 9.22 7.81 10.63 9.43 7.07 9.06 7.0 9.0 7.07 9.06 7.28 9.22 30.87 31.76 31.78 32.65 4.47 4.0 3.61 3.0 2.83 2.0 2.24 1.0 2.0 0.0 23.6 24.84 21.59 23.54 14.32 13.6 14.32 16.28 15.0 16.64 19.24 19.65 20.59 21.63 15.81 
30.0 28.43 29.41 27.8 27.2 25.3 23.71 21.95 19.21 18.03 18.44 17.2 17.69 16.4 16.97 15.62 9.06 9.06 10.05 10.05 27.66 26.17 27.02 25.5 26.4 24.84 25.81 24.21 25.24 23.6 0.0 2.0 9.22 9.85 25.02 23.02 12.08 11.4 10.2 10.0 11.0 9.0 4.12 2.24 14.04 
31.24 29.73 30.61 29.07 27.86 26.0 25.5 23.71 20.81 19.72 20.0 18.87 19.21 18.03 18.44 17.2 9.49 9.06 10.44 10.05 29.0 27.59 28.32 26.87 27.66 26.17 27.02 25.5 26.4 24.84 2.0 0.0 11.18 11.7 25.18 23.19 13.93 13.34 10.77 10.2 13.0 11.0 6.08 4.12 14.04 
27.51 25.63 27.2 25.3 28.02 26.02 17.69 16.4 15.23 13.42 14.87 13.0 14.56 12.65 14.32 12.37 10.63 12.21 11.31 12.81 24.7 22.85 24.35 22.47 24.04 22.14 23.77 21.84 23.54 21.59 9.22 11.18 0.0 2.0 28.16 26.25 7.28 5.39 13.89 15.0 2.83 2.0 5.83 7.62 18.87 
29.41 27.51 29.12 27.2 30.02 28.02 19.21 18.03 17.09 15.23 16.76 14.87 16.49 14.56 16.28 14.32 9.43 11.18 10.0 11.66 26.57 24.7 26.25 24.35 25.96 24.04 25.71 23.77 25.5 23.54 9.85 11.7 2.0 0.0 30.08 28.16 9.22 7.28 15.65 16.64 4.47 4.0 7.07 8.6 20.59 
17.03 17.26 16.03 16.28 7.07 7.07 24.41 22.8 19.1 20.52 18.38 19.85 17.69 19.21 17.03 18.6 34.0 34.06 35.0 35.06 17.46 18.03 16.49 17.09 15.52 16.16 14.56 15.23 13.6 14.32 25.02 25.18 28.16 30.08 0.0 2.0 22.36 24.17 15.03 15.03 26.93 26.25 24.19 24.02 11.18 
17.03 17.03 16.03 16.03 7.62 7.07 23.32 21.63 17.8 19.1 17.03 18.38 16.28 17.69 15.56 17.03 32.0 32.06 33.0 33.06 17.12 17.46 16.12 16.49 15.13 15.52 14.14 14.56 13.15 13.6 23.02 23.19 26.25 28.16 2.0 0.0 20.59 22.36 13.04 13.04 25.08 24.35 22.2 22.02 9.22 
20.25 18.38 19.92 18.03 21.21 19.24 11.66 10.0 8.06 6.4 7.62 5.83 7.28 5.39 7.07 5.1 17.2 18.44 18.03 19.21 17.46 15.65 17.09 15.23 16.76 14.87 16.49 14.56 16.28 14.32 12.08 13.93 7.28 9.22 22.36 20.59 0.0 2.0 10.3 12.08 5.0 5.39 8.06 9.85 15.0 
22.14 20.25 21.84 19.92 23.19 21.21 12.81 11.31 9.85 8.06 9.49 7.62 9.22 7.28 9.06 7.07 15.62 16.97 16.4 17.69 19.31 17.46 18.97 17.09 18.68 16.76 18.44 16.49 18.25 16.28 11.4 13.34 5.39 7.28 24.17 22.36 2.0 0.0 11.4 13.04 3.0 3.61 7.28 9.22 16.28 
21.26 20.0 20.52 19.21 17.09 15.23 19.03 17.03 13.15 13.0 12.17 12.0 11.18 11.0 10.2 10.0 19.03 19.24 20.02 20.22 19.42 18.36 18.6 17.49 17.8 16.64 17.03 15.81 16.28 15.0 10.2 10.77 13.89 15.65 15.03 13.04 10.3 11.4 0.0 2.0 13.45 12.21 9.22 9.0 5.0 
22.8 21.63 22.02 20.81 17.89 16.12 21.02 19.03 15.13 15.0 14.14 14.0 13.15 13.0 12.17 12.0 19.03 19.03 20.02 20.02 21.1 20.12 20.25 19.24 19.42 18.36 18.6 17.49 17.8 16.64 10.0 10.2 15.0 16.64 15.03 13.04 12.08 13.04 2.0 0.0 14.87 13.45 9.85 9.22 4.12 
25.0 23.09 24.74 22.8 26.17 24.19 14.87 13.6 12.65 10.77 12.37 10.44 12.17 10.2 12.04 10.05 13.45 15.0 14.14 15.62 22.14 20.25 21.84 19.92 21.59 19.65 21.38 19.42 21.21 19.24 11.0 13.0 2.83 4.47 26.93 25.08 5.0 3.0 13.45 14.87 0.0 2.0 7.07 9.06 18.44 
25.63 23.77 25.3 23.41 26.02 24.02 16.28 14.87 13.42 11.66 13.0 11.18 12.65 10.77 12.37 10.44 12.04 13.45 12.81 14.14 22.85 21.02 22.47 20.62 22.14 20.25 21.84 19.92 21.59 19.65 9.0 11.0 2.0 4.0 26.25 24.35 5.39 3.61 12.21 13.45 2.0 0.0 5.1 7.07 17.2 
26.93 25.24 26.42 24.7 25.32 23.35 19.72 18.03 15.56 14.21 14.87 13.45 14.21 12.73 13.6 12.04 10.44 11.18 11.4 12.08 24.41 22.8 23.85 22.2 23.32 21.63 22.83 21.1 22.36 20.59 4.12 6.08 5.83 7.07 24.19 22.2 8.06 7.28 9.22 9.85 7.07 5.1 0.0 2.0 13.93 
28.02 26.4 27.46 25.81 25.71 23.77 21.47 19.72 17.03 15.81 16.28 15.0 15.56 14.21 14.87 13.45 10.05 10.44 11.05 11.4 25.61 24.08 25.0 23.43 24.41 22.8 23.85 22.2 23.32 21.63 2.24 4.12 7.62 8.6 24.02 22.02 9.85 9.22 9.0 9.22 9.06 7.07 2.0 0.0 13.34 
21.47 20.62 20.59 19.7 15.0 13.45 22.2 20.22 16.12 16.49 15.13 15.52 14.14 14.56 13.15 13.6 23.09 23.0 24.08 24.0 20.25 19.65 19.31 18.68 18.38 17.72 17.46 16.76 16.55 15.81 14.04 14.04 18.87 20.59 11.18 9.22 15.0 16.28 5.0 4.12 18.44 17.2 13.93 13.34 0.0 
