100
0.0 2.0 1.0 2.24 2.0 2.83 3.0 3.61 4.0 4.47 5.0 5.39 24.19 22.2 148.98 149.83 106.9 106.32 124.63 126.21 125.25 126.82 51.79 52.17 162.86 164.03 128.75 129.45 58.82 60.46 132.06 133.7 104.4 106.32 48.3 49.24 71.06 69.53 135.65 134.85 117.2 119.01 56.08 56.01 43.93 44.38 56.92 58.82 140.25 141.82 27.29 25.55 104.65 106.45 144.26 145.69 150.57 150.0 31.62 33.53 85.76 87.46 89.0 89.02 72.84 73.16 84.53 84.17 34.13 36.12 168.72 168.44 42.05 42.0 63.89 62.63 26.08 26.31 41.05 41.19 97.08 98.98 29.15 29.97 77.49 78.19 147.9 149.16 145.07 145.6 89.19 90.92 96.63 96.42 135.09 136.74 36.89 35.85 142.01 144.01 
2.0 0.0 2.24 1.0 2.83 2.0 3.61 3.0 4.47 4.0 5.39 5.0 24.52 22.56 147.17 148.03 105.0 104.4 123.07 124.63 123.69 125.25 51.48 51.79 161.24 162.41 126.87 127.58 57.2 58.82 130.43 132.06 103.85 105.77 46.53 47.51 69.81 68.25 133.82 133.02 115.39 117.2 56.22 56.08 41.98 42.45 55.03 56.92 138.68 140.25 26.4 24.6 102.86 104.65 142.86 144.31 148.66 148.08 29.73 31.62 84.06 85.76 87.0 87.02 70.86 71.2 82.57 82.2 34.37 36.35 166.74 166.46 42.19 42.05 62.37 61.07 26.0 26.08 41.0 41.05 95.19 97.08 28.46 29.15 76.84 77.49 146.35 147.63 143.14 143.68 87.46 89.19 94.64 94.43 133.45 135.09 35.23 34.13 140.01 142.01 
1.0 2.24 0.0 2.0 1.0 2.24 2.0 2.83 3.0 3.61 4.0 4.47 25.18 23.19 148.56 149.4 107.21 106.61 124.02 125.6 124.63 126.21 52.77 53.15 162.29 163.44 128.41 129.1 59.41 61.03 131.49 133.14 103.45 105.36 47.85 48.76 71.84 70.29 136.06 135.25 117.63 119.44 55.08 55.01 43.74 44.15 57.25 59.14 139.63 141.21 28.18 26.42 104.22 106.02 143.54 144.97 150.87 150.28 31.32 33.24 86.28 87.98 89.01 89.01 72.69 72.99 84.72 84.34 33.14 35.13 168.86 168.58 43.05 43.0 64.54 63.25 27.07 27.29 42.05 42.19 96.77 98.67 28.23 29.07 76.55 77.25 147.27 148.53 144.81 145.33 88.68 90.43 96.75 96.52 134.53 136.18 37.44 36.36 142.0 144.0 
2.24 1.0 2.0 0.0 2.24 1.0 2.83 2.0 3.61 3.0 4.47 4.0 25.5 23.54 146.74 147.6 105.3 104.69 122.44 124.02 123.07 124.63 52.47 52.77 160.65 161.82 126.53 127.22 57.8 59.41 129.85 131.49 102.88 104.81 46.07 47.01 70.6 69.03 134.24 133.42 115.83 117.63 55.23 55.08 41.77 42.2 55.36 57.25 138.06 139.63 27.31 25.5 102.42 104.22 142.14 143.59 148.96 148.37 29.41 31.32 84.6 86.28 87.01 87.01 70.71 71.02 82.76 82.38 33.38 35.36 166.88 166.6 43.19 43.05 63.03 61.72 27.0 27.07 42.0 42.05 94.87 96.77 27.51 28.23 75.89 76.55 145.72 146.99 142.87 143.41 86.95 88.68 94.76 94.53 132.88 134.53 35.81 34.67 140.0 142.0 
2.0 2.83 1.0 2.24 0.0 2.0 1.0 2.24 2.0 2.83 3.0 3.61 26.17 24.19 148.14 148.98 107.52 106.9 123.41 125.0 124.02 125.6 53.76 54.13 161.72 162.86 128.08 128.75 60.0 61.61 130.92 132.57 102.49 104.4 47.42 48.3 72.62 71.06 136.47 135.65 118.07 119.87 54.08 54.01 43.57 43.93 57.58 59.46 139.01 140.6 29.07 27.29 103.79 105.6 142.84 144.26 151.17 150.57 31.05 32.98 86.82 88.51 89.02 89.0 72.56 72.84 84.93 84.53 32.14 34.13 169.01 168.72 44.05 44.0 65.19 63.89 28.07 28.28 43.05 43.19 96.46 98.37 27.31 28.18 75.61 76.32 146.65 147.9 144.55 145.07 88.19 89.94 96.88 96.63 133.96 135.62 38.01 36.89 142.0 144.0 
2.83 2.0 2.24 1.0 2.0 0.0 2.24 1.0 2.83 2.0 3.61 3.0 26.48 24.52 146.32 147.17 105.62 105.0 121.82 123.41 122.44 124.02 53.46 53.76 160.08 161.24 126.19 126.87 58.41 60.0 129.27 130.92 101.92 103.85 45.62 46.53 71.4 69.81 134.66 133.82 116.28 118.07 54.23 54.08 41.59 41.98 55.71 57.58 137.44 139.01 28.23 26.4 101.98 103.79 141.43 142.86 149.26 148.66 29.12 31.05 85.15 86.82 87.02 87.0 70.58 70.86 82.98 82.57 32.39 34.37 167.04 166.74 44.18 44.05 63.7 62.37 28.0 28.07 43.0 43.05 94.56 96.46 26.57 27.31 74.95 75.61 145.09 146.35 142.62 143.14 86.45 88.19 94.89 94.64 132.31 133.96 36.4 35.23 140.0 142.0 
3.0 3.61 2.0 2.83 1.0 2.24 0.0 2.0 1.0 2.24 2.0 2.83 27.17 25.18 147.73 148.56 107.84 107.21 122.8 124.4 123.41 125.0 54.74 55.11 161.15 162.29 127.76 128.41 60.61 62.2 130.36 132.02 101.53 103.45 47.01 47.85 73.41 71.84 136.89 136.06 118.51 120.3 53.08 53.01 43.42 43.74 57.94 59.81 138.41 140.0 29.97 28.18 103.37 105.19 142.13 143.54 151.48 150.87 30.81 32.76 87.37 89.04 89.05 89.01 72.44 72.69 85.15 84.72 31.14 33.14 169.17 168.86 45.04 45.0 65.86 64.54 29.07 29.27 44.05 44.18 96.17 98.08 26.4 27.29 74.67 75.39 146.03 147.27 144.31 144.81 87.71 89.47 97.02 96.75 133.41 135.07 38.6 37.44 142.0 144.0 
3.61 3.0 2.83 2.0 2.24 1.0 2.0 0.0 2.24 1.0 2.83 2.0 27.46 25.5 145.91 146.74 105.95 105.3 121.21 122.8 121.82 123.41 54.45 54.74 159.51 160.65 125.87 126.53 59.03 60.61 128.71 130.36 100.96 102.88 45.19 46.07 72.2 70.6 135.09 134.24 116.73 118.51 53.24 53.08 41.44 41.77 56.08 57.94 136.82 138.41 29.15 27.31 101.55 103.37 140.72 142.14 149.58 148.96 28.86 30.81 85.7 87.37 87.05 87.01 70.46 70.71 83.2 82.76 31.4 33.38 167.19 166.88 45.18 45.04 64.38 63.03 29.0 29.07 44.0 44.05 94.25 96.17 25.63 26.4 74.0 74.67 144.46 145.72 142.37 142.87 85.96 87.71 95.04 94.76 131.75 133.41 37.01 35.81 140.0 142.0 
4.0 4.47 3.0 3.61 2.0 2.83 1.0 2.24 0.0 2.0 1.0 2.24 28.16 26.17 147.33 148.14 108.17 107.52 122.2 123.81 122.8 124.4 55.73 56.09 160.59 161.72 127.44 128.08 61.22 62.8 129.8 131.47 100.58 102.49 46.62 47.42 74.2 72.62 137.32 136.47 118.96 120.75 52.09 52.01 43.29 43.57 58.31 60.17 137.8 139.4 30.87 29.07 102.96 104.79 141.43 142.84 151.79 151.17 30.59 32.56 87.92 89.59 89.09 89.02 72.34 72.56 85.38 84.93 30.15 32.14 169.33 169.01 46.04 46.0 66.53 65.19 30.07 30.27 45.04 45.18 95.88 97.8 25.5 26.42 73.74 74.46 145.42 146.65 144.07 144.55 87.24 89.01 97.16 96.88 132.85 134.53 39.2 38.01 142.01 144.01 
4.47 4.0 3.61 3.0 2.83 2.0 2.24 1.0 2.0 0.0 2.24 1.0 28.44 26.48 145.5 146.32 106.28 105.62 120.6 122.2 121.21 122.8 55.44 55.73 158.94 160.08 125.54 126.19 59.67 61.22 128.14 129.8 100.0 101.92 44.78 45.62 73.01 71.4 135.52 134.66 117.18 118.96 52.24 52.09 41.3 41.59 56.46 58.31 136.21 137.8 30.08 28.23 101.13 102.96 140.01 141.43 149.89 149.26 28.64 30.59 86.27 87.92 87.09 87.02 70.35 70.58 83.43 82.98 30.41 32.39 167.36 167.04 46.17 46.04 65.07 63.7 30.0 30.07 45.0 45.04 93.96 95.88 24.7 25.5 73.05 73.74 143.84 145.09 142.13 142.62 85.48 87.24 95.19 94.89 131.19 132.85 37.64 36.4 140.01 142.01 
5.0 5.39 4.0 4.47 3.0 3.61 2.0 2.83 1.0 2.24 0.0 2.0 29.15 27.17 146.93 147.73 108.5 107.84 121.61 123.22 122.2 123.81 56.72 57.07 160.03 161.15 127.13 127.76 61.85 63.41 129.25 130.92 99.62 101.53 46.24 47.01 75.0 73.41 137.75 136.89 119.42 121.2 51.09 51.01 43.19 43.42 58.69 60.54 137.2 138.81 31.78 29.97 102.55 104.39 140.73 142.13 152.11 151.48 30.41 32.39 88.48 90.14 89.14 89.05 72.25 72.44 85.62 85.15 29.15 31.14 169.5 169.17 47.04 47.0 67.21 65.86 31.06 31.26 46.04 46.17 95.6 97.53 24.6 25.55 72.8 73.54 144.81 146.03 143.84 144.31 86.77 88.55 97.32 97.02 132.31 133.99 39.82 38.6 142.03 144.03 
5.39 5.0 4.47 4.0 3.61 3.0 2.83 2.0 2.24 1.0 2.0 0.0 29.43 27.46 145.1 145.91 106.63 105.95 120.0 121.61 120.6 122.2 56.44 56.72 158.37 159.51 125.23 125.87 60.31 61.85 127.58 129.25 99.04 100.96 44.38 45.19 73.82 72.2 135.96 135.09 117.65 119.42 51.24 51.09 41.19 41.44 56.86 58.69 135.6 137.2 31.02 29.15 100.72 102.55 139.3 140.72 150.22 149.58 28.44 30.41 86.84 88.48 87.14 87.05 70.26 70.46 83.68 83.2 29.43 31.4 167.53 167.19 47.17 47.04 65.76 64.38 31.0 31.06 46.0 46.04 93.68 95.6 23.77 24.6 72.11 72.8 143.22 144.46 141.89 142.37 85.0 86.77 95.35 95.04 130.63 132.31 38.29 37.01 140.03 142.03 
24.19 24.52 25.18 25.5 26.17 26.48 27.17 27.46 28.16 28.44 29.15 29.43 0.0 2.0 163.13 164.21 105.3 105.17 142.84 144.26 143.54 144.96 29.55 30.41 180.06 181.37 141.42 142.39 51.97 53.94 149.4 150.89 128.32 130.25 65.05 66.48 57.14 56.08 130.73 130.27 112.06 114.0 80.0 80.02 56.61 57.8 57.31 59.3 158.4 159.83 16.0 16.12 119.62 121.25 164.15 165.7 148.35 148.1 47.38 48.8 78.85 80.78 95.08 95.6 82.76 83.63 86.37 86.58 58.0 60.0 170.0 170.01 18.03 18.25 54.71 54.12 5.39 7.28 17.72 18.38 109.77 111.51 52.89 53.45 101.24 101.83 166.17 167.59 155.86 156.67 105.65 107.17 99.85 100.13 152.31 153.81 34.23 34.53 147.31 149.28 
22.2 22.56 23.19 23.54 24.19 24.52 25.18 25.5 26.17 26.48 27.17 27.46 2.0 0.0 162.08 163.13 105.48 105.3 141.43 142.86 142.13 143.56 31.38 32.2 178.75 180.06 140.47 141.42 52.39 54.34 148.07 149.58 126.38 128.32 63.66 65.05 58.25 57.14 131.22 130.73 112.54 114.48 78.0 78.03 55.47 56.61 57.14 59.14 157.0 158.45 16.12 16.0 118.46 120.1 162.61 164.15 148.64 148.35 45.97 47.42 79.4 81.32 94.59 95.08 81.94 82.76 86.21 86.37 56.0 58.0 170.01 170.0 20.02 20.22 55.36 54.71 6.4 8.06 19.65 20.25 108.78 110.54 50.96 51.55 99.33 99.93 164.77 166.17 155.08 155.86 104.35 105.89 99.61 99.85 150.99 152.5 34.06 34.23 146.97 148.95 
148.98 147.17 148.56 146.74 148.14 146.32 147.73 145.91 147.33 145.5 146.93 145.1 163.13 162.08 0.0 2.0 100.57 98.68 39.56 37.7 39.92 38.08 169.92 168.44 31.06 33.06 23.6 22.02 130.3 128.97 29.97 28.18 111.33 112.01 100.72 99.92 148.4 146.82 118.51 116.52 116.66 116.18 138.18 136.18 106.68 105.68 114.55 113.15 34.66 33.24 149.84 148.69 44.38 42.54 52.5 54.04 107.38 105.39 117.62 115.84 124.53 123.55 78.01 76.4 81.69 80.43 94.58 92.91 141.01 140.62 92.7 90.82 172.61 171.03 134.95 133.42 160.03 158.37 168.83 167.26 53.6 52.01 129.12 127.2 109.46 107.47 36.06 37.74 25.5 23.54 60.73 58.82 83.65 81.88 27.78 26.08 133.06 131.82 61.4 61.66 
149.83 148.03 149.4 147.6 148.98 147.17 148.56 146.74 148.14 146.32 147.73 145.91 164.21 163.13 2.0 0.0 102.46 100.57 38.9 37.0 39.22 37.34 171.27 169.8 29.07 31.06 25.24 23.6 131.8 130.48 29.15 27.31 110.68 111.33 101.55 100.72 150.0 148.4 120.5 118.51 118.6 118.13 138.29 136.3 107.7 106.68 115.97 114.59 33.3 31.83 151.01 149.84 45.19 43.38 50.99 52.5 109.37 107.38 118.53 116.76 126.27 125.3 79.63 78.01 82.98 81.69 96.25 94.58 141.44 141.01 94.58 92.7 173.83 172.26 136.5 134.95 161.15 159.51 170.07 168.51 54.82 53.26 129.69 127.78 109.29 107.3 34.41 36.06 27.46 25.5 61.35 59.46 85.42 83.65 26.83 25.06 134.32 133.06 63.39 63.64 
106.9 105.0 107.21 105.3 107.52 105.62 107.84 105.95 108.17 106.28 108.5 106.63 105.3 105.48 100.57 102.46 0.0 2.0 109.07 109.02 110.07 110.02 94.92 92.96 129.76 131.7 78.34 80.28 54.04 52.04 108.17 108.3 150.36 152.12 79.98 81.34 61.47 60.75 31.83 30.41 18.44 18.97 137.0 135.47 71.85 73.01 50.0 48.08 119.27 119.42 89.36 89.56 78.41 78.23 135.0 137.0 43.68 43.17 83.35 81.63 31.78 29.97 34.54 36.4 52.43 54.08 24.84 26.17 124.02 125.1 65.49 65.76 104.48 102.49 53.76 53.46 100.18 98.18 100.4 98.41 63.79 63.51 108.45 106.78 129.62 128.46 125.67 127.66 79.65 81.41 80.96 80.36 21.84 23.77 109.37 109.55 72.01 72.37 52.5 54.04 
106.32 104.4 106.61 104.69 106.9 105.0 107.21 105.3 107.52 105.62 107.84 105.95 105.17 105.3 98.68 100.57 2.0 0.0 107.07 107.02 108.07 108.02 95.34 93.39 127.82 129.76 76.4 78.34 54.15 52.15 106.17 106.3 148.61 150.36 78.64 79.98 62.24 61.47 33.3 31.83 20.4 20.88 135.72 134.18 70.72 71.85 49.48 47.54 117.27 117.43 89.2 89.36 76.42 76.24 133.0 135.0 44.27 43.68 82.37 80.62 32.65 30.89 32.7 34.54 50.8 52.43 23.6 24.84 122.97 124.02 65.28 65.49 104.69 102.7 54.13 53.76 100.08 98.08 100.6 98.62 61.81 61.52 107.38 105.69 128.0 126.83 123.69 125.67 77.9 79.65 79.06 78.45 19.92 21.84 107.38 107.56 71.7 72.01 51.22 52.8 
124.63 123.07 124.02 122.44 123.41 121.82 122.8 121.21 122.2 120.6 121.61 120.0 142.84 141.43 39.56 38.9 109.07 107.07 0.0 2.0 1.0 2.24 155.9 154.77 38.91 39.82 40.22 38.6 121.74 120.93 10.05 12.04 71.78 72.45 77.78 76.38 142.24 140.39 134.54 132.57 127.25 127.39 103.16 101.2 87.46 85.91 104.69 103.87 15.62 17.2 132.01 130.48 31.26 31.06 26.17 28.16 129.45 127.58 95.46 94.05 124.54 124.15 77.52 75.54 70.94 69.08 94.2 92.23 109.77 109.0 122.32 120.67 155.44 154.16 127.77 125.92 140.8 139.45 152.12 150.86 46.39 46.17 100.34 98.62 72.11 70.11 23.35 24.76 57.31 55.97 38.28 37.22 88.02 86.02 13.0 15.0 117.89 116.25 86.95 87.98 
126.21 124.63 125.6 124.02 125.0 123.41 124.4 122.8 123.81 122.2 123.22 121.61 144.26 142.86 37.7 37.0 109.02 107.02 2.0 0.0 2.24 1.0 157.05 155.9 37.12 38.08 39.12 37.44 122.58 121.74 8.06 10.05 73.68 74.33 79.21 77.83 143.0 141.16 134.16 132.2 127.14 127.25 105.12 103.16 88.73 87.21 105.55 104.69 14.14 15.62 133.3 131.8 31.58 31.26 26.02 28.02 128.75 126.87 96.9 95.46 124.95 124.54 77.78 75.8 71.69 69.86 94.54 92.57 111.62 110.86 121.2 119.54 156.73 155.44 128.55 126.72 142.17 140.8 153.39 152.12 46.69 46.39 102.08 100.34 74.11 72.11 21.93 23.43 55.87 54.49 39.41 38.28 88.09 86.09 11.0 13.0 119.04 117.41 85.96 86.95 
125.25 123.69 124.63 123.07 124.02 122.44 123.41 121.82 122.8 121.21 122.2 120.6 143.54 142.13 39.92 39.22 110.07 108.07 1.0 2.24 0.0 2.0 156.72 155.6 38.48 39.36 41.05 39.41 122.65 121.85 10.2 12.17 71.47 72.11 78.49 77.08 143.17 141.32 135.52 133.56 128.25 128.39 103.37 101.41 88.24 86.68 105.6 104.79 15.0 16.64 132.77 131.24 32.25 32.06 25.18 27.17 130.38 128.51 96.17 94.76 125.51 125.13 78.52 76.53 71.87 70.01 95.19 93.21 110.17 109.38 123.15 121.49 156.2 154.93 128.69 126.85 141.53 140.19 152.9 151.65 47.38 47.17 100.85 99.13 72.17 70.18 22.67 24.04 58.0 56.64 39.12 38.08 89.02 87.02 13.04 15.03 118.71 117.07 87.82 88.84 
126.82 125.25 126.21 124.63 125.6 124.02 125.0 123.41 124.4 122.8 123.81 122.2 144.96 143.56 38.08 37.34 110.02 108.02 2.24 1.0 2.0 0.0 157.87 156.72 36.67 37.59 39.96 38.28 123.48 122.65 8.25 10.2 73.38 74.0 79.91 78.52 143.92 142.08 135.15 133.18 128.14 128.25 105.32 103.37 89.5 87.97 106.45 105.6 13.45 15.0 134.06 132.55 32.56 32.25 25.02 27.02 129.69 127.81 97.59 96.17 125.93 125.51 78.77 76.79 72.62 70.77 95.52 93.56 112.0 111.23 122.04 120.37 157.49 156.2 129.47 127.63 142.9 141.53 154.16 152.9 47.68 47.38 102.58 100.85 74.17 72.17 21.21 22.67 56.57 55.17 40.22 39.12 89.09 87.09 11.05 13.04 119.85 118.22 86.83 87.82 
51.79 51.48 52.77 52.47 53.76 53.46 54.74 54.45 55.73 55.44 56.72 56.44 29.55 31.38 169.92 171.27 94.92 95.34 155.9 157.05 156.72 157.87 0.0 2.0 190.79 192.31 146.86 148.17 42.54 44.38 161.03 162.27 152.45 154.43 80.53 82.35 36.22 36.06 115.07 115.02 97.01 99.01 107.67 107.47 68.96 70.71 55.8 57.43 171.01 172.2 27.29 29.27 128.97 130.3 179.39 181.11 135.18 135.3 64.51 65.19 64.28 66.27 94.87 95.96 88.39 89.81 81.86 82.73 85.84 87.82 160.29 160.64 14.21 12.73 41.23 41.76 25.96 25.5 12.21 11.18 116.67 118.11 78.03 78.1 125.16 125.45 178.81 180.42 158.37 159.51 117.64 118.81 95.75 96.61 163.67 164.92 38.01 39.66 143.17 145.03 
52.17 51.79 53.15 52.77 54.13 53.76 55.11 54.74 56.09 55.73 57.07 56.72 30.41 32.2 168.44 169.8 92.96 93.39 154.77 155.9 155.6 156.72 2.0 0.0 189.5 191.03 145.34 146.66 40.72 42.54 159.81 161.03 152.19 154.18 79.71 81.54 34.23 34.06 113.07 113.02 95.01 97.01 107.91 107.67 68.0 69.77 54.2 55.8 169.84 171.01 27.07 29.07 127.66 128.97 178.37 180.1 133.18 133.3 63.89 64.51 62.29 64.28 93.19 94.3 86.98 88.41 80.06 80.95 86.15 88.12 158.32 158.67 15.81 14.21 39.29 39.85 26.57 25.96 13.45 12.21 115.26 116.67 78.0 78.03 124.9 125.16 177.63 179.25 156.72 157.87 116.5 117.64 93.94 94.81 162.43 163.67 36.89 38.59 141.32 143.17 
162.86 161.24 162.29 160.65 161.72 160.08 161.15 159.51 160.59 158.94 160.03 158.37 180.06 178.75 31.06 29.07 129.76 127.82 38.91 37.12 38.48 36.67 190.79 189.5 0.0 2.0 51.42 49.48 153.65 152.55 30.81 29.21 103.17 103.31 115.26 114.02 173.05 171.33 149.27 147.28 146.51 146.15 141.21 139.28 123.79 122.43 137.06 135.92 24.04 22.14 168.3 166.9 61.85 60.61 33.24 33.84 138.44 136.44 132.91 131.37 151.4 150.62 103.79 101.98 103.0 101.4 120.83 119.01 148.65 147.85 122.8 120.88 191.63 190.22 159.0 157.31 177.65 176.18 188.11 186.72 75.17 74.09 139.19 137.44 109.04 107.08 18.03 18.03 56.44 54.45 74.41 72.92 111.33 109.44 27.8 26.25 152.97 151.49 92.44 92.66 
164.03 162.41 163.44 161.82 162.86 161.24 162.29 160.65 161.72 160.08 161.15 159.51 181.37 180.06 33.06 31.06 131.7 129.76 39.82 38.08 39.36 37.59 192.31 191.03 2.0 0.0 53.37 51.42 155.32 154.24 32.02 30.48 103.08 103.17 116.52 115.26 174.77 173.05 151.27 149.27 148.48 148.12 141.76 139.84 125.18 123.79 138.7 137.57 24.7 22.85 169.71 168.3 63.41 62.2 32.76 33.24 140.43 138.44 134.18 132.65 153.24 152.46 105.6 103.79 104.62 103.0 122.65 120.83 149.47 148.65 124.72 122.8 193.05 191.66 160.7 159.0 179.01 177.55 189.55 188.18 76.85 75.8 140.16 138.42 109.44 107.49 18.25 18.03 58.42 56.44 75.74 74.28 113.22 111.33 29.07 27.59 154.47 152.97 94.43 94.64 
128.75 126.87 128.41 126.53 128.08 126.19 127.76 125.87 127.44 125.54 127.13 125.23 141.42 140.47 23.6 25.24 78.34 76.4 40.22 39.12 41.05 39.96 146.86 145.34 51.42 53.37 0.0 2.0 106.83 105.48 34.54 33.84 106.85 107.91 81.04 80.52 124.81 123.23 99.05 97.05 95.19 94.89 124.58 122.59 85.49 84.69 91.29 89.83 44.38 43.93 127.62 126.57 27.07 25.08 62.3 64.2 90.96 89.02 97.14 95.27 101.12 100.18 54.41 52.8 59.08 57.98 71.02 69.34 124.4 124.26 82.1 80.45 150.08 148.45 111.4 109.88 138.06 136.34 146.24 144.62 31.78 29.97 111.31 109.33 99.33 97.42 49.37 51.35 19.92 19.42 44.01 42.01 60.42 58.6 34.48 33.96 110.44 109.29 46.96 47.89 
129.45 127.58 129.1 127.22 128.75 126.87 128.41 126.53 128.08 126.19 127.76 125.87 142.39 141.42 22.02 23.6 80.28 78.34 38.6 37.44 39.41 38.28 148.17 146.66 49.48 51.42 2.0 0.0 108.3 106.96 32.7 31.95 105.82 106.85 81.61 81.04 126.4 124.81 101.04 99.05 97.16 96.88 124.4 122.41 86.33 85.49 92.66 91.22 42.45 41.98 128.7 127.62 27.0 25.0 60.41 62.3 92.89 90.96 97.86 96.01 102.88 101.97 56.04 54.41 60.22 59.08 72.72 71.02 124.58 124.4 83.76 82.1 151.24 149.62 112.93 111.4 139.09 137.38 147.41 145.8 32.65 30.89 111.63 109.66 98.76 96.84 47.38 49.37 20.62 19.92 44.01 42.01 62.24 60.42 32.57 32.02 111.61 110.44 48.75 49.65 
58.82 57.2 59.41 57.8 60.0 58.41 60.61 59.03 61.22 59.67 61.85 60.31 51.97 52.39 130.3 131.8 54.04 54.15 121.74 122.58 122.65 123.48 42.54 40.72 153.65 155.32 106.83 108.3 0.0 2.0 125.3 126.27 135.2 137.19 56.22 58.22 21.21 19.24 78.85 78.34 60.17 62.1 103.45 102.47 43.29 45.28 17.09 17.89 135.96 136.88 36.4 37.0 92.28 93.3 146.89 148.76 96.52 96.33 47.54 46.82 27.31 29.15 53.26 54.56 51.0 52.77 39.36 40.31 85.0 86.61 119.42 119.6 50.64 48.66 7.07 5.1 46.69 44.72 46.53 44.55 78.49 79.63 71.34 70.33 109.24 108.85 143.59 145.36 116.82 118.07 84.15 84.86 53.23 54.12 127.63 128.63 22.02 23.35 100.66 102.53 
60.46 58.82 61.03 59.41 61.61 60.0 62.2 60.61 62.8 61.22 63.41 61.85 53.94 54.34 128.97 130.48 52.04 52.15 120.93 121.74 121.85 122.65 44.38 42.54 152.55 154.24 105.48 106.96 2.0 0.0 124.35 125.3 135.48 137.46 56.44 58.42 21.59 19.65 76.92 76.4 58.24 60.17 104.45 103.45 43.57 45.54 16.49 17.09 135.06 135.96 38.33 38.9 91.3 92.28 146.18 148.06 94.53 94.34 48.33 47.54 25.5 27.31 51.74 53.08 50.09 51.89 37.59 38.59 86.21 87.8 117.43 117.61 52.61 50.64 7.07 5.1 48.66 46.69 48.51 46.53 77.39 78.49 72.4 71.34 109.66 109.24 142.67 144.45 115.26 116.52 83.49 84.15 51.43 52.35 126.66 127.63 23.6 24.84 98.79 100.66 
132.06 130.43 131.49 129.85 130.92 129.27 130.36 128.71 129.8 128.14 129.25 127.58 149.4 148.07 29.97 29.15 108.17 106.17 10.05 8.06 10.2 8.25 161.03 159.81 30.81 32.02 34.54 32.7 125.3 124.35 0.0 2.0 81.61 82.22 84.5 83.24 145.36 143.56 131.97 129.99 126.02 126.0 112.79 110.82 93.35 91.92 108.41 107.42 11.18 11.7 137.93 136.49 33.11 32.31 27.89 29.83 125.28 123.37 102.18 100.66 125.96 125.42 78.34 76.4 74.3 72.56 95.34 93.41 118.68 117.99 116.11 114.39 161.32 159.96 131.03 129.25 147.11 145.67 157.88 156.54 47.76 47.13 108.67 106.89 82.05 80.06 18.38 20.25 49.68 48.17 43.84 42.45 87.82 85.84 3.16 5.1 123.07 121.51 81.44 82.29 
133.7 132.06 133.14 131.49 132.57 130.92 132.02 130.36 131.47 129.8 130.92 129.25 150.89 149.58 28.18 27.31 108.3 106.3 12.04 10.05 12.17 10.2 162.27 161.03 29.21 30.48 33.84 31.95 126.27 125.3 2.0 0.0 83.52 84.12 86.05 84.81 146.24 144.45 131.75 129.76 126.06 126.02 114.76 112.79 94.75 93.35 109.42 108.41 11.0 11.18 139.32 137.89 34.0 33.11 28.46 30.36 124.72 122.8 103.71 102.18 126.53 125.96 78.85 76.92 75.29 73.57 95.88 93.96 120.55 119.87 115.1 113.37 162.69 161.32 131.95 130.18 148.55 147.11 159.23 157.88 48.47 47.76 110.46 108.67 84.05 82.05 17.72 19.65 48.41 46.86 45.28 43.84 88.12 86.15 1.41 3.16 124.33 122.79 80.62 81.44 
104.4 103.85 103.45 102.88 102.49 101.92 101.53 100.96 100.58 100.0 99.62 99.04 128.32 126.38 111.33 110.68 150.36 148.61 71.78 73.68 71.47 73.38 152.45 152.19 103.17 103.08 106.85 105.82 135.2 135.48 81.61 83.52 0.0 2.0 79.08 77.1 155.72 153.73 181.28 179.57 168.15 169.07 55.0 53.82 91.92 89.94 120.42 120.83 81.05 83.02 125.16 123.18 83.74 85.28 71.06 71.18 183.66 182.1 90.0 90.02 151.24 151.82 116.11 114.39 98.41 96.61 127.53 125.72 73.79 72.01 184.78 183.45 145.56 145.13 142.27 140.29 129.07 128.65 143.75 143.38 92.76 94.11 75.43 74.95 27.29 27.07 85.29 85.15 126.27 125.3 72.35 73.66 129.14 127.42 84.2 86.13 120.0 118.0 148.82 150.33 
106.32 105.77 105.36 104.81 104.4 103.85 103.45 102.88 102.49 101.92 101.53 100.96 130.25 128.32 112.01 111.33 152.12 150.36 72.45 74.33 72.11 74.0 154.43 154.18 103.31 103.17 107.91 106.85 137.19 137.46 82.22 84.12 2.0 0.0 81.05 79.08 157.71 155.72 182.99 181.28 169.94 170.84 56.61 55.47 93.9 91.92 122.38 122.78 81.39 83.36 127.14 125.16 85.04 86.56 71.01 71.06 185.23 183.66 92.0 92.02 153.16 153.73 117.83 116.11 100.22 98.41 129.36 127.53 75.58 73.79 186.13 184.78 147.51 147.09 144.26 142.27 131.03 130.61 145.72 145.34 94.26 95.59 77.37 76.9 29.27 29.07 85.48 85.29 127.26 126.27 73.88 75.17 130.86 129.14 84.77 86.68 122.0 120.0 150.15 151.64 
48.3 46.53 47.85 46.07 47.42 45.62 47.01 45.19 46.62 44.78 46.24 44.38 65.05 63.66 100.72 101.55 79.98 78.64 77.78 79.21 78.49 79.91 80.53 79.71 115.26 116.52 81.04 81.61 56.22 56.44 84.5 86.05 79.08 81.05 0.0 2.0 77.03 75.03 111.76 110.39 95.67 97.0 57.2 55.61 13.0 11.0 41.48 42.06 93.35 94.79 54.92 53.25 56.36 58.18 99.62 101.26 120.65 119.57 17.69 16.28 73.41 74.25 50.99 50.16 31.02 30.36 55.17 53.81 47.54 48.08 132.26 131.58 78.24 77.1 63.29 61.29 63.13 61.85 75.17 74.09 49.82 51.79 32.39 30.41 53.76 53.16 101.12 102.53 98.31 98.66 41.05 42.72 62.43 61.4 87.46 89.02 43.68 41.76 101.0 102.96 
49.24 47.51 48.76 47.01 48.3 46.53 47.85 46.07 47.42 45.62 47.01 45.19 66.48 65.05 99.92 100.72 81.34 79.98 76.38 77.83 77.08 78.52 82.35 81.54 114.02 115.26 80.52 81.04 58.22 58.42 83.24 84.81 77.1 79.08 2.0 0.0 79.03 77.03 113.15 111.76 97.19 98.49 56.04 54.41 15.0 13.0 43.42 43.97 91.97 93.43 56.6 54.92 55.54 57.38 98.01 99.62 121.76 120.65 19.1 17.8 75.24 76.06 51.88 50.99 31.78 31.02 56.57 55.17 47.07 47.54 132.97 132.26 79.88 78.77 65.28 63.29 64.66 63.41 76.85 75.8 49.5 51.48 32.14 30.15 51.87 51.24 99.72 101.12 98.01 98.31 39.96 41.68 63.51 62.43 86.21 87.8 45.61 43.68 101.41 103.37 
71.06 69.81 71.84 70.6 72.62 71.4 73.41 72.2 74.2 73.01 75.0 73.82 57.14 58.25 148.4 150.0 61.47 62.24 142.24 143.0 143.17 143.92 36.22 34.23 173.05 174.77 124.81 126.4 21.21 21.59 145.36 146.24 155.72 157.71 77.03 79.03 0.0 2.0 79.0 79.03 61.2 63.2 120.93 120.15 64.03 66.03 38.08 38.6 156.17 157.01 44.55 45.97 112.26 113.15 167.63 169.52 99.61 99.85 66.71 66.29 29.73 31.62 70.43 72.01 71.31 73.16 54.45 55.9 101.12 102.88 125.88 126.38 48.76 46.84 14.56 16.49 51.87 50.22 45.22 43.32 98.01 98.98 88.77 88.02 129.4 129.12 163.72 165.53 132.94 134.35 105.0 105.62 67.36 68.68 147.58 148.49 37.7 39.56 112.51 114.24 
69.53 68.25 70.29 69.03 71.06 69.81 71.84 70.6 72.62 71.4 73.41 72.2 56.08 57.14 146.82 148.4 60.75 61.47 140.39 141.16 141.32 142.08 36.06 34.06 171.33 173.05 123.23 124.81 19.24 19.65 143.56 144.45 153.73 155.72 75.03 77.03 2.0 0.0 79.03 79.0 61.07 63.07 119.1 118.31 62.03 64.03 36.14 36.69 154.35 155.21 43.19 44.55 110.46 111.36 165.75 167.63 99.41 99.61 64.76 64.33 29.12 31.05 68.88 70.43 69.46 71.31 53.04 54.45 99.36 101.12 125.4 125.88 48.27 46.32 12.65 14.56 50.77 49.09 44.64 42.72 96.25 97.25 86.93 86.16 127.42 127.14 161.91 163.72 131.55 132.94 103.09 103.73 66.07 67.36 145.79 146.71 35.85 37.7 111.51 113.25 
135.65 133.82 136.06 134.24 136.47 134.66 136.89 135.09 137.32 135.52 137.75 135.96 130.73 131.22 118.51 120.5 31.83 33.3 134.54 134.16 135.52 135.15 115.07 113.07 149.27 151.27 99.05 101.04 78.85 76.92 131.97 131.75 181.28 182.99 111.76 113.15 79.0 79.03 0.0 2.0 18.68 16.76 168.67 167.17 103.23 104.48 79.18 77.41 142.69 142.51 115.25 115.8 105.36 104.81 159.67 161.64 22.83 23.85 114.28 112.65 51.97 50.01 65.19 66.89 84.02 85.6 56.59 57.98 155.08 156.24 53.01 54.2 126.67 124.68 76.3 76.69 125.4 123.45 122.8 120.81 91.76 91.08 139.62 138.0 161.21 160.0 148.27 150.27 94.37 96.34 110.49 109.66 52.15 53.85 132.64 132.46 99.37 100.09 59.77 60.41 
134.85 133.02 135.25 133.42 135.65 133.82 136.06 134.24 136.47 134.66 136.89 135.09 130.27 130.73 116.52 118.51 30.41 31.83 132.57 132.2 133.56 133.18 115.02 113.02 147.28 149.27 97.05 99.05 78.34 76.4 129.99 129.76 179.57 181.28 110.39 111.76 79.03 79.0 2.0 0.0 18.25 16.28 167.36 165.85 102.0 103.23 78.26 76.48 140.7 140.51 114.73 115.25 103.45 102.88 157.69 159.67 21.93 22.83 113.16 111.5 51.62 49.65 63.51 65.19 82.46 84.02 55.23 56.59 153.94 155.08 51.87 53.01 126.48 124.49 75.95 76.3 124.95 123.0 122.59 120.6 89.89 89.2 138.45 136.82 159.62 158.4 146.28 148.27 92.4 94.37 108.69 107.84 50.48 52.15 130.65 130.46 98.68 99.37 57.87 58.52 
117.2 115.39 117.63 115.83 118.07 116.28 118.51 116.73 118.96 117.18 119.42 117.65 112.06 112.54 116.66 118.6 18.44 20.4 127.25 127.14 128.25 128.14 97.01 95.01 146.51 148.48 95.19 97.16 60.17 58.24 126.02 126.06 168.15 169.94 95.67 97.19 61.2 61.07 18.68 18.25 0.0 2.0 152.04 150.62 86.31 87.69 61.06 59.36 137.06 137.13 96.57 97.12 96.75 96.52 153.08 155.08 38.47 38.83 96.83 95.27 33.38 31.4 52.81 54.71 69.84 71.59 41.05 42.72 137.61 138.84 66.31 67.12 108.3 106.3 57.71 58.05 106.73 104.79 104.39 102.4 82.2 81.88 122.29 120.74 146.73 145.65 143.28 145.28 94.34 96.21 99.33 98.76 40.26 42.2 127.1 127.19 80.78 81.54 63.25 64.4 
119.01 117.2 119.44 117.63 119.87 118.07 120.3 118.51 120.75 118.96 121.2 119.42 114.0 114.48 116.18 118.13 18.97 20.88 127.39 127.25 128.39 128.25 99.01 97.01 146.15 148.12 94.89 96.88 62.1 60.17 126.0 126.02 169.07 170.84 97.0 98.49 63.2 63.07 16.76 16.28 2.0 0.0 153.48 152.04 87.78 89.14 62.77 61.06 137.01 137.06 98.49 99.04 97.02 96.75 153.16 155.16 36.5 36.88 98.41 96.83 35.36 33.38 53.49 55.36 70.83 72.56 42.2 43.83 139.2 140.42 64.47 65.31 110.29 108.3 59.68 60.02 108.68 106.73 106.38 104.39 82.57 82.2 123.85 122.29 147.83 146.73 143.17 145.17 93.64 95.52 99.93 99.33 40.8 42.72 127.04 127.1 82.64 83.38 62.13 63.25 
56.08 56.22 55.08 55.23 54.08 54.23 53.08 53.24 52.09 52.24 51.09 51.24 80.0 78.0 138.18 138.29 137.0 135.72 103.16 105.12 103.37 105.32 107.67 107.91 141.21 141.76 124.58 124.4 103.45 104.45 112.79 114.76 55.0 56.61 57.2 56.04 120.93 119.1 168.67 167.36 152.04 153.48 0.0 2.0 65.76 64.35 93.41 94.64 117.18 119.1 81.58 79.62 97.51 99.5 114.13 114.97 177.79 176.67 56.61 57.8 126.4 127.61 107.7 106.68 87.46 86.45 112.16 110.89 22.0 20.0 187.88 187.04 98.01 98.05 110.06 108.3 82.15 82.3 97.13 97.25 98.23 100.17 32.2 33.12 33.62 35.36 123.66 124.28 144.13 143.89 80.75 82.73 119.54 118.43 115.92 117.89 83.26 81.44 154.73 156.6 
56.01 56.08 55.01 55.08 54.01 54.08 53.01 53.08 52.01 52.09 51.01 51.09 80.02 78.03 136.18 136.3 135.47 134.18 101.2 103.16 101.41 103.37 107.47 107.67 139.28 139.84 122.59 122.41 102.47 103.45 110.82 112.79 53.82 55.47 55.61 54.41 120.15 118.31 167.17 165.85 150.62 152.04 2.0 0.0 64.38 62.94 92.2 93.41 115.25 117.18 81.22 79.25 95.52 97.51 112.31 113.16 176.14 175.01 55.47 56.61 125.21 126.4 106.0 104.96 85.76 84.72 110.63 109.34 22.09 20.1 186.08 185.22 98.01 98.01 109.13 107.35 82.05 82.15 97.05 97.13 96.3 98.23 31.38 32.2 31.91 33.62 121.76 122.38 142.14 141.9 78.77 80.75 117.89 116.76 113.95 115.92 82.46 80.62 152.86 154.73 
43.93 41.98 43.74 41.77 43.57 41.59 43.42 41.44 43.29 41.3 43.19 41.19 56.61 55.47 106.68 107.7 71.85 70.72 87.46 88.73 88.24 89.5 68.96 68.0 123.79 125.18 85.49 86.33 43.29 43.57 93.35 94.75 91.92 93.9 13.0 15.0 64.03 62.03 103.23 102.0 86.31 87.78 65.76 64.38 0.0 2.0 29.15 29.97 102.83 104.14 44.6 43.14 63.01 64.64 110.45 112.16 114.06 113.15 13.04 11.05 61.77 62.77 46.87 46.53 29.07 29.27 47.17 46.14 52.35 53.34 128.32 127.82 68.01 66.71 50.36 48.37 53.91 52.4 64.66 63.41 53.71 55.54 36.72 34.99 66.22 65.73 110.63 112.16 101.24 101.83 49.52 50.91 56.65 55.97 96.17 97.59 31.38 29.55 99.25 101.24 
44.38 42.45 44.15 42.2 43.93 41.98 43.74 41.77 43.57 41.59 43.42 41.44 57.8 56.61 105.68 106.68 73.01 71.85 85.91 87.21 86.68 87.97 70.71 69.77 122.43 123.79 84.69 85.49 45.28 45.54 91.92 93.35 89.94 91.92 11.0 13.0 66.03 64.03 104.48 103.23 87.69 89.14 64.35 62.94 2.0 0.0 31.02 31.78 101.32 102.65 46.1 44.6 61.85 63.51 108.76 110.45 115.0 114.06 13.04 11.05 63.53 64.5 47.3 46.87 29.0 29.07 48.26 47.17 51.43 52.35 128.84 128.32 69.53 68.25 52.35 50.36 55.23 53.76 66.22 65.0 52.92 54.78 35.78 34.0 64.29 63.79 109.12 110.63 100.69 101.24 48.08 49.52 57.38 56.65 94.76 96.21 33.24 31.38 99.41 101.4 
56.92 55.03 57.25 55.36 57.58 55.71 57.94 56.08 58.31 56.46 58.69 56.86 57.31 57.14 114.55 115.97 50.0 49.48 104.69 105.55 105.6 106.45 55.8 54.2 137.06 138.7 91.29 92.66 17.09 16.49 108.41 109.42 120.42 122.38 41.48 43.42 38.08 36.14 79.18 78.26 61.06 62.77 93.41 92.2 29.15 31.02 0.0 2.0 119.0 119.95 41.44 41.19 75.47 76.55 129.81 131.67 93.68 93.15 36.88 35.61 33.02 34.21 39.36 40.31 34.13 35.85 29.07 29.27 77.16 78.52 113.16 113.07 60.93 59.09 23.54 21.59 52.61 50.64 56.86 55.04 62.01 63.25 62.24 60.88 95.21 94.64 126.66 128.41 102.63 103.73 67.07 67.78 42.58 42.95 110.79 111.83 23.09 23.0 90.24 92.2 
58.82 56.92 59.14 57.25 59.46 57.58 59.81 57.94 60.17 58.31 60.54 58.69 59.3 59.14 113.15 114.59 48.08 47.54 103.87 104.69 104.79 105.6 57.43 55.8 135.92 137.57 89.83 91.22 17.89 17.09 107.42 108.41 120.83 122.78 42.06 43.97 38.6 36.69 77.41 76.48 59.36 61.06 94.64 93.41 29.97 31.78 2.0 0.0 118.07 119.0 43.42 43.19 74.43 75.47 129.1 130.97 91.76 91.21 38.21 36.88 31.91 33.02 37.59 38.59 33.12 34.89 27.07 27.29 78.64 79.98 111.16 111.07 62.77 60.93 24.04 22.14 54.59 52.61 58.69 56.86 60.8 62.01 63.64 62.24 95.82 95.21 125.71 127.48 100.96 102.08 66.41 67.07 40.61 41.0 109.77 110.79 25.08 25.0 88.29 90.24 
140.25 138.68 139.63 138.06 139.01 137.44 138.41 136.82 137.8 136.21 137.2 135.6 158.4 157.0 34.66 33.3 119.27 117.27 15.62 14.14 15.0 13.45 171.01 169.84 24.04 24.7 44.38 42.45 135.96 135.06 11.18 11.0 81.05 81.39 93.35 91.97 156.17 154.35 142.69 140.7 137.06 137.01 117.18 115.25 102.83 101.32 119.0 118.07 0.0 2.0 147.41 145.91 44.01 43.32 18.36 20.12 135.34 133.41 111.04 109.6 137.09 136.56 89.5 87.56 84.97 83.19 106.48 104.55 124.81 123.98 124.78 123.0 170.84 169.53 141.79 139.99 156.31 154.94 167.48 166.19 58.82 58.24 115.76 114.06 85.16 83.19 7.81 9.43 57.45 55.76 53.41 52.2 98.99 97.02 10.05 10.44 133.0 131.4 90.82 91.55 
141.82 140.25 141.21 139.63 140.6 139.01 140.0 138.41 139.4 137.8 138.81 137.2 159.83 158.45 33.24 31.83 119.42 117.43 17.2 15.62 16.64 15.0 172.2 171.01 22.14 22.85 43.93 41.98 136.88 135.96 11.7 11.18 83.02 83.36 94.79 93.43 157.01 155.21 142.51 140.51 137.13 137.06 119.1 117.18 104.14 102.65 119.95 119.0 2.0 0.0 148.73 147.25 44.78 44.01 19.42 21.1 134.85 132.91 112.49 111.04 137.64 137.09 89.99 88.06 85.88 84.12 107.0 105.08 126.63 125.8 123.88 122.09 172.15 170.84 142.66 140.87 157.7 156.31 168.77 167.48 59.46 58.82 117.48 115.76 87.13 85.16 6.71 8.54 56.44 54.71 54.67 53.41 99.3 97.32 10.05 10.05 134.2 132.61 90.14 90.82 
27.29 26.4 28.18 27.31 29.07 28.23 29.97 29.15 30.87 30.08 31.78 31.02 16.0 16.12 149.84 151.01 89.36 89.2 132.01 133.3 132.77 134.06 27.29 27.07 168.3 169.71 127.62 128.7 36.4 38.33 137.93 139.32 125.16 127.14 54.92 56.6 44.55 43.19 115.25 114.73 96.57 98.49 81.58 81.22 44.6 46.1 41.44 43.42 147.41 148.73 0.0 2.0 107.06 108.58 154.51 156.16 132.52 132.23 38.01 38.95 63.57 65.46 79.7 80.32 68.6 69.64 70.46 70.71 60.17 62.1 154.0 154.01 23.43 22.2 39.81 39.0 11.18 9.22 20.25 19.24 96.26 97.91 51.04 51.0 97.87 98.15 155.22 156.73 141.33 142.21 94.11 95.48 84.01 84.34 140.73 142.13 18.44 18.97 131.59 133.56 
25.55 24.6 26.42 25.5 27.29 26.4 28.18 27.31 29.07 28.23 29.97 29.15 16.12 16.0 148.69 149.84 89.56 89.36 130.48 131.8 131.24 132.55 29.27 29.07 166.9 168.3 126.57 127.62 37.0 38.9 136.49 137.89 123.18 125.16 53.25 54.92 45.97 44.55 115.8 115.25 97.12 99.04 79.62 79.25 43.14 44.6 41.19 43.19 145.91 147.25 2.0 0.0 105.76 107.3 152.87 154.51 132.83 132.52 36.24 37.22 64.26 66.13 79.12 79.7 67.6 68.6 70.26 70.46 58.24 60.17 154.01 154.0 25.0 23.85 40.71 39.81 11.7 9.85 21.95 21.02 95.13 96.8 49.04 49.0 95.89 96.18 153.72 155.22 140.46 141.33 92.66 94.05 83.73 84.01 139.3 140.72 18.11 18.44 131.21 133.18 
104.65 102.86 104.22 102.42 103.79 101.98 103.37 101.55 102.96 101.13 102.55 100.72 119.62 118.46 44.38 45.19 78.41 76.42 31.26 31.58 32.25 32.56 128.97 127.66 61.85 63.41 27.07 27.0 92.28 91.3 33.11 34.0 83.74 85.04 56.36 55.54 112.26 110.46 105.36 103.45 96.75 97.02 97.51 95.52 63.01 61.85 75.47 74.43 44.01 44.78 107.06 105.76 0.0 2.0 57.43 59.41 102.96 101.21 73.43 71.69 93.39 92.96 46.27 44.28 41.34 39.66 62.97 61.0 97.74 97.51 101.14 99.76 130.23 128.76 97.95 96.18 116.82 115.26 126.62 125.18 15.13 15.0 85.15 83.2 73.16 71.31 51.48 53.31 46.69 46.39 17.03 15.03 57.04 55.04 35.36 36.36 91.24 89.81 65.12 66.6 
106.45 104.65 106.02 104.22 105.6 103.79 105.19 103.37 104.79 102.96 104.39 102.55 121.25 120.1 42.54 43.38 78.23 76.24 31.06 31.26 32.06 32.25 130.3 128.97 60.61 62.2 25.08 25.0 93.3 92.28 32.31 33.11 85.28 86.56 58.18 57.38 113.15 111.36 104.81 102.88 96.52 96.75 99.5 97.51 64.64 63.51 76.55 75.47 43.32 44.01 108.58 107.3 2.0 0.0 57.22 59.21 102.0 100.24 75.18 73.43 93.86 93.39 46.53 44.55 42.44 40.8 63.35 61.39 99.72 99.5 99.7 98.31 131.71 130.23 98.88 97.13 118.41 116.82 128.08 126.62 15.52 15.13 87.1 85.15 75.03 73.16 50.7 52.55 44.72 44.41 19.03 17.03 57.0 55.0 34.44 35.36 92.63 91.22 63.66 65.12 
144.26 142.86 143.54 142.14 142.84 141.43 142.13 140.72 141.43 140.01 140.73 139.3 164.15 162.61 52.5 50.99 135.0 133.0 26.17 26.02 25.18 25.02 179.39 178.37 33.24 32.76 62.3 60.41 146.89 146.18 27.89 28.46 71.06 71.01 99.62 98.01 167.63 165.75 159.67 157.69 153.08 153.16 114.13 112.31 110.45 108.76 129.81 129.1 18.36 19.42 154.51 152.87 57.43 57.22 0.0 2.0 153.16 151.24 117.0 115.8 150.63 150.27 103.7 101.71 96.46 94.56 120.35 118.38 124.81 123.71 143.13 141.35 177.86 176.71 153.1 151.22 162.61 161.4 174.75 173.62 72.56 72.34 117.8 116.28 80.78 78.92 17.2 16.12 75.8 74.09 62.77 62.03 114.11 112.11 27.86 28.64 141.52 139.79 109.0 109.77 
145.69 144.31 144.97 143.59 144.26 142.86 143.54 142.14 142.84 141.43 142.13 140.72 165.7 164.15 54.04 52.5 137.0 135.0 28.16 28.02 27.17 27.02 181.11 180.1 33.84 33.24 64.2 62.3 148.76 148.06 29.83 30.36 71.18 71.06 101.26 99.62 169.52 167.63 161.64 159.67 155.08 155.16 114.97 113.16 112.16 110.45 131.67 130.97 20.12 21.1 156.16 154.51 59.41 59.21 2.0 0.0 155.08 153.16 118.6 117.41 152.59 152.24 105.68 103.7 98.37 96.46 122.33 120.35 125.92 124.81 144.9 143.13 179.49 178.35 154.98 153.1 164.2 163.0 176.4 175.29 74.55 74.33 119.1 117.59 81.54 79.71 18.44 17.2 77.52 75.8 64.62 63.91 116.11 114.11 29.73 30.46 143.27 141.52 110.86 111.62 
150.57 148.66 150.87 148.96 151.17 149.26 151.48 149.58 151.79 149.89 152.11 150.22 148.35 148.64 107.38 109.37 43.68 44.27 129.45 128.75 130.38 129.69 135.18 133.18 138.44 140.43 90.96 92.89 96.52 94.53 125.28 124.72 183.66 185.23 120.65 121.76 99.61 99.41 22.83 21.93 38.47 36.5 177.79 176.14 114.06 115.0 93.68 91.76 135.34 134.85 132.52 132.83 102.96 102.0 153.16 155.08 0.0 2.0 126.14 124.34 71.01 69.01 70.43 71.7 90.6 91.83 67.12 67.98 166.41 167.36 30.48 31.83 146.01 144.01 95.05 95.13 143.14 141.15 142.03 140.03 91.26 90.14 150.76 149.0 166.17 164.76 140.04 141.99 82.1 84.1 111.4 110.21 58.25 59.41 125.42 124.91 115.52 115.95 46.04 46.0 
150.0 148.08 150.28 148.37 150.57 148.66 150.87 148.96 151.17 149.26 151.48 149.58 148.1 148.35 105.39 107.38 43.17 43.68 127.58 126.87 128.51 127.81 135.3 133.3 136.44 138.44 89.02 90.96 96.33 94.34 123.37 122.8 182.1 183.66 119.57 120.65 99.85 99.61 23.85 22.83 38.83 36.88 176.67 175.01 113.15 114.06 93.15 91.21 133.41 132.91 132.23 132.52 101.21 100.24 151.24 153.16 2.0 0.0 125.3 123.48 71.06 69.07 69.2 70.43 89.4 90.6 66.31 67.12 165.48 166.41 29.21 30.48 146.0 144.0 95.01 95.05 142.9 140.91 142.0 140.0 89.63 88.48 149.83 148.06 164.77 163.34 138.08 140.04 80.1 82.1 109.81 108.6 57.14 58.25 123.49 122.97 115.12 115.52 44.05 44.0 
31.62 29.73 31.32 29.41 31.05 29.12 30.81 28.86 30.59 28.64 30.41 28.44 47.38 45.97 117.62 118.53 83.35 82.37 95.46 96.9 96.17 97.59 64.51 63.89 132.91 134.18 97.14 97.86 47.54 48.33 102.18 103.71 90.0 92.0 17.69 19.1 66.71 64.76 114.28 113.16 96.83 98.41 56.61 55.47 13.04 13.04 36.88 38.21 111.04 112.49 38.01 36.24 73.43 75.18 117.0 118.6 126.14 125.3 0.0 2.0 69.81 71.06 59.84 59.54 42.01 42.11 59.03 58.18 40.8 42.01 141.16 140.69 61.06 60.03 54.42 52.55 45.61 44.41 58.18 57.25 65.46 67.36 25.5 24.04 63.13 63.03 118.8 120.21 113.51 114.02 58.6 60.22 69.26 68.68 105.12 106.67 30.02 28.02 112.29 114.28 
33.53 31.62 33.24 31.32 32.98 31.05 32.76 30.81 32.56 30.59 32.39 30.41 48.8 47.42 115.84 116.76 81.63 80.62 94.05 95.46 94.76 96.17 65.19 64.51 131.37 132.65 95.27 96.01 46.82 47.54 100.66 102.18 90.02 92.02 16.28 17.8 66.29 64.33 112.65 111.5 95.27 96.83 57.8 56.61 11.05 11.05 35.61 36.88 109.6 111.04 38.95 37.22 71.69 73.43 115.8 117.41 124.34 123.48 2.0 0.0 68.6 69.81 57.87 57.56 40.01 40.11 57.25 56.36 42.44 43.6 139.22 138.74 62.13 61.06 53.76 51.87 46.86 45.61 59.17 58.18 63.57 65.46 27.02 25.5 63.29 63.13 117.38 118.8 111.57 112.09 57.01 58.6 67.36 66.76 103.59 105.12 30.02 28.02 110.29 112.29 
85.76 84.06 86.28 84.6 86.82 85.15 87.37 85.7 87.92 86.27 88.48 86.84 78.85 79.4 124.53 126.27 31.78 32.65 124.54 124.95 125.51 125.93 64.28 62.29 151.4 153.24 101.12 102.88 27.31 25.5 125.96 126.53 151.24 153.16 73.41 75.24 29.73 29.12 51.97 51.62 33.38 35.36 126.4 125.21 61.77 63.53 33.02 31.91 137.09 137.64 63.57 64.26 93.39 93.86 150.63 152.59 71.01 71.06 69.81 68.6 0.0 2.0 47.76 49.65 56.01 58.01 30.68 32.57 109.62 111.07 96.32 96.77 75.06 73.06 24.33 24.74 73.5 71.57 71.11 69.12 78.34 78.85 95.02 93.72 127.02 126.29 144.25 146.16 106.67 108.23 90.09 90.2 41.05 42.72 127.78 128.39 48.88 49.93 83.49 85.15 
87.46 85.76 87.98 86.28 88.51 86.82 89.04 87.37 89.59 87.92 90.14 88.48 80.78 81.32 123.55 125.3 29.97 30.89 124.15 124.54 125.13 125.51 66.27 64.28 150.62 152.46 100.18 101.97 29.15 27.31 125.42 125.96 151.82 153.73 74.25 76.06 31.62 31.05 50.01 49.65 31.4 33.38 127.61 126.4 62.77 64.5 34.21 33.02 136.56 137.09 65.46 66.13 92.96 93.39 150.27 152.24 69.01 69.07 71.06 69.81 2.0 0.0 47.13 49.04 56.08 58.08 30.08 32.02 111.02 112.45 94.37 94.83 77.06 75.06 26.31 26.68 75.43 73.5 73.11 71.11 77.88 78.34 96.33 95.02 127.77 127.02 143.68 145.6 105.42 107.0 90.02 90.09 39.96 41.68 127.2 127.78 50.61 51.62 81.84 83.49 
89.0 87.0 89.01 87.01 89.02 87.02 89.05 87.05 89.09 87.09 89.14 87.14 95.08 94.59 78.01 79.63 34.54 32.7 77.52 77.78 78.52 78.77 94.87 93.19 103.79 105.6 54.41 56.04 53.26 51.74 78.34 78.85 116.11 117.83 50.99 51.88 70.43 68.88 65.19 63.51 52.81 53.49 107.7 106.0 46.87 47.3 39.36 37.59 89.5 89.99 79.7 79.12 46.27 46.53 103.7 105.68 70.43 69.2 59.84 57.87 47.76 47.13 0.0 2.0 20.25 21.4 17.09 15.23 98.08 98.79 81.61 81.04 100.22 98.41 57.28 55.87 90.8 88.89 96.18 94.37 31.14 31.4 82.54 80.65 96.43 95.13 96.57 98.49 63.6 64.82 46.57 46.1 13.04 11.4 80.08 80.65 61.35 60.73 53.04 55.04 
89.02 87.02 89.01 87.01 89.0 87.0 89.01 87.01 89.02 87.02 89.05 87.05 95.6 95.08 76.4 78.01 36.4 34.54 75.54 75.8 76.53 76.79 95.96 94.3 101.98 103.79 52.8 54.41 54.56 53.08 76.4 76.92 114.39 116.11 50.16 50.99 72.01 70.43 66.89 65.19 54.71 55.36 106.68 104.96 46.53 46.87 40.31 38.59 87.56 88.06 80.32 79.7 44.28 44.55 101.71 103.7 71.7 70.43 59.54 57.56 49.65 49.04 2.0 0.0 19.24 20.25 18.97 17.09 97.41 98.08 82.22 81.61 101.08 99.28 58.73 57.28 91.39 89.49 97.05 95.26 29.15 29.43 81.91 80.01 94.92 93.61 94.64 96.57 62.43 63.6 44.64 44.15 14.76 13.04 78.16 78.75 62.03 61.35 53.0 55.0 
