20
0.0 2.0 1.0 2.24 2.0 2.83 3.61 5.39 4.24 5.83 13.0 14.87 4.12 6.08 4.47 6.32 15.65 17.46 8.06 9.85 
2.0 0.0 2.24 1.0 2.83 2.0 3.0 5.0 3.16 5.1 11.18 13.0 2.24 4.12 2.83 4.47 13.89 15.65 6.4 8.06 
1.0 2.24 0.0 2.0 1.0 2.24 2.83 4.47 3.61 5.0 13.42 15.23 4.0 6.0 4.12 6.08 15.23 17.09 8.6 10.3 
2.24 1.0 2.0 0.0 2.24 1.0 2.0 4.0 2.24 4.12 11.66 13.42 2.0 4.0 2.24 4.12 13.42 15.23 7.07 8.6 
2.0 2.83 1.0 2.24 0.0 2.0 2.24 3.61 3.16 4.24 13.89 15.65 4.12 6.08 4.0 6.0 14.87 16.76 9.22 10.82 
2.83 2.0 2.24 1.0 2.0 0.0 1.0 3.0 1.41 3.16 12.21 13.89 2.24 4.12 2.0 4.0 13.0 14.87 7.81 9.22 
3.61 3.0 2.83 2.0 2.24 1.0 0.0 2.0 1.0 2.24 12.81 14.42 2.83 4.47 2.24 4.12 12.65 14.56 8.6 9.9 
5.39 5.0 4.47 4.0 3.61 3.0 2.0 0.0 2.24 1.0 14.14 15.62 4.47 5.66 3.61 5.0 12.17 14.14 10.3 11.4 
4.24 3.16 3.61 2.24 3.16 1.41 1.0 2.24 0.0 2.0 12.04 13.6 2.24 3.61 1.41 3.16 11.7 13.6 8.06 9.22 
5.83 5.1 5.0 4.12 4.24 3.16 2.24 1.0 2.0 0.0 13.45 14.87 4.12 5.0 3.16 4.24 11.18 13.15 9.85 10.82 
13.0 11.18 13.42 11.66 13.89 12.21 12.81 14.14 12.04 13.45 0.0 2.0 10.0 8.49 10.63 9.22 12.17 12.65 5.1 3.16 
14.87 13.0 15.23 13.42 15.65 13.89 14.42 15.62 13.6 14.87 2.0 0.0 11.66 10.0 12.21 10.63 12.0 12.17 7.07 5.1 
4.12 2.24 4.0 2.0 4.12 2.24 2.83 4.47 2.24 4.12 10.0 11.66 0.0 2.0 1.0 2.24 11.66 13.42 5.83 7.07 
6.08 4.12 6.0 4.0 6.08 4.12 4.47 5.66 3.61 5.0 8.49 10.0 2.0 0.0 2.24 1.0 10.0 11.66 5.1 5.83 
4.47 2.83 4.12 2.24 4.0 2.0 2.24 3.61 1.41 3.16 10.63 12.21 1.0 2.24 0.0 2.0 11.18 13.0 6.71 7.81 
6.32 4.47 6.08 4.12 6.0 4.0 4.12 5.0 3.16 4.24 9.22 10.63 2.24 1.0 2.0 0.0 9.43 11.18 6.08 6.71 
15.65 13.89 15.23 13.42 14.87 13.0 12.65 12.17 11.7 11.18 12.17 12.0 11.66 10.0 11.18 9.43 0.0 2.0 13.04 12.08 
17.46 15.65 17.09 15.23 16.76 14.87 14.56 14.14 13.6 13.15 12.65 12.17 13.42 11.66 13.0 11.18 2.0 0.0 14.21 13.04 
8.06 6.4 8.6 7.07 9.22 7.81 8.6 10.3 8.06 9.85 5.1 7.07 5.83 5.1 6.71 6.08 13.04 14.21 0.0 2.0 
9.85 8.06 10.3 8.6 10.82 9.22 9.9 11.4 9.22 10.82 3.16 5.1 7.07 5.83 7.81 6.71 12.08 13.04 2.0 0.0 
