55
0.0 2.0 7.81 9.43 43.29 41.3 43.19 41.19 22.47 20.62 22.85 21.02 23.26 21.47 23.71 21.95 24.19 22.47 24.7 23.02 25.24 23.6 25.81 24.21 52.47 52.77 53.46 53.76 20.12 18.36 21.1 21.38 26.57 25.96 27.51 26.93 40.31 42.15 24.02 26.02 18.44 18.97 50.09 52.09 20.12 21.93 14.87 16.4 24.17 26.0 47.27 47.1 16.03 16.03 58.31 
2.0 0.0 9.22 10.63 43.57 41.59 43.42 41.44 21.84 19.92 22.14 20.25 22.47 20.62 22.85 21.02 23.26 21.47 23.71 21.95 24.19 22.47 24.7 23.02 52.24 52.47 53.24 53.46 19.31 17.46 21.0 21.1 27.31 26.57 28.23 27.51 39.56 41.44 24.02 26.02 16.49 17.09 50.01 52.01 18.36 20.12 13.45 14.87 22.36 24.17 47.52 47.27 16.28 16.03 58.55 
7.81 9.22 0.0 2.0 49.0 47.0 49.01 47.01 29.97 28.18 30.41 28.65 30.89 29.15 31.38 29.68 31.91 30.23 32.45 30.81 33.02 31.4 33.6 32.02 47.54 48.08 48.51 49.04 27.78 26.08 27.89 28.46 19.42 19.1 20.4 20.1 37.44 39.12 18.97 20.88 23.09 23.0 44.72 46.69 23.19 25.18 22.63 24.08 31.38 33.12 41.0 41.05 22.36 22.8 52.01 
9.43 10.63 2.0 0.0 51.0 49.0 51.01 49.01 31.78 29.97 32.2 30.41 32.65 30.89 33.12 31.38 33.62 31.91 34.13 32.45 34.67 33.02 35.23 33.6 45.61 46.17 46.57 47.13 29.53 27.78 29.83 30.36 17.46 17.12 18.44 18.11 35.81 37.44 17.09 18.97 23.35 23.09 42.76 44.72 23.02 25.02 24.08 25.46 32.45 34.13 39.0 39.05 24.33 24.74 50.01 
43.29 43.57 49.0 51.0 0.0 2.0 1.0 2.24 25.55 27.29 26.08 27.78 26.63 28.3 27.2 28.84 27.8 29.41 28.43 30.0 29.07 30.61 29.73 31.24 95.75 96.03 96.75 97.02 28.65 30.41 23.09 23.77 68.12 68.03 69.12 69.03 82.71 84.65 67.27 69.26 52.33 54.13 93.34 95.34 56.86 57.7 36.67 37.59 42.64 43.93 90.0 90.02 27.29 27.66 101.0 
41.3 41.59 47.0 49.0 2.0 0.0 2.24 1.0 23.85 25.55 24.41 26.08 25.0 26.63 25.61 27.2 26.25 27.8 26.91 28.43 27.59 29.07 28.28 29.73 93.77 94.05 94.76 95.04 26.93 28.65 21.19 21.93 66.12 66.03 67.12 67.03 80.78 82.71 65.28 67.27 50.54 52.33 91.35 93.34 55.04 55.9 34.89 35.85 41.11 42.45 88.0 88.02 25.32 25.71 99.01 
43.19 43.42 49.01 51.01 1.0 2.24 0.0 2.0 25.06 26.83 25.55 27.29 26.08 27.78 26.63 28.3 27.2 28.84 27.8 29.41 28.43 30.0 29.07 30.61 95.63 95.89 96.63 96.88 28.18 29.97 22.8 23.41 68.18 68.07 69.18 69.07 82.46 84.4 67.19 69.18 51.89 53.71 93.26 95.26 56.46 57.27 36.25 37.12 42.01 43.28 90.01 90.01 27.17 27.46 101.02 
41.19 41.44 47.01 49.01 2.24 1.0 2.0 0.0 23.32 25.06 23.85 25.55 24.41 26.08 25.0 26.63 25.61 27.2 26.25 27.8 26.91 28.43 27.59 29.07 93.65 93.9 94.64 94.89 26.42 28.18 20.88 21.54 66.19 66.07 67.19 67.07 80.52 82.46 65.19 67.19 50.09 51.89 91.27 93.26 54.63 55.46 34.44 35.36 40.46 41.77 88.01 88.01 25.18 25.5 99.02 
22.47 21.84 29.97 31.78 25.55 23.85 25.06 23.32 0.0 2.0 1.0 2.24 2.0 2.83 3.0 3.61 4.0 4.47 5.0 5.39 6.0 6.32 7.0 7.28 73.01 73.01 74.01 74.01 3.16 5.1 6.0 4.0 49.04 48.38 49.98 49.34 58.55 60.53 45.54 47.52 26.93 28.79 71.18 73.17 31.62 32.31 11.4 12.08 17.8 19.42 69.23 68.88 10.3 8.6 80.23 
20.62 19.92 28.18 29.97 27.29 25.55 26.83 25.06 2.0 0.0 2.24 1.0 2.83 2.0 3.61 3.0 4.47 4.0 5.39 5.0 6.32 6.0 7.28 7.0 71.01 71.01 72.01 72.01 1.41 3.16 6.32 4.47 47.17 46.49 48.1 47.43 56.57 58.55 43.57 45.54 25.08 26.93 69.18 71.18 29.73 30.46 9.49 10.3 16.64 18.36 67.27 66.91 9.49 7.62 78.26 
22.85 22.14 30.41 32.2 26.08 24.41 25.55 23.85 1.0 2.24 0.0 2.0 1.0 2.24 2.0 2.83 3.0 3.61 4.0 4.47 5.0 5.39 6.0 6.32 73.03 73.0 74.03 74.0 3.0 5.0 7.0 5.0 49.4 48.7 50.33 49.65 58.42 60.41 45.71 47.68 26.57 28.46 71.25 73.25 31.32 31.95 11.18 11.7 17.03 18.6 69.43 69.05 11.18 9.43 80.41 
21.02 20.25 28.65 30.41 27.78 26.08 27.29 25.55 2.24 1.0 2.0 0.0 2.24 1.0 2.83 2.0 3.61 3.0 4.47 4.0 5.39 5.0 6.32 6.0 71.03 71.0 72.03 72.0 1.0 3.0 7.28 5.39 47.54 46.82 48.47 47.76 56.44 58.42 43.74 45.71 24.7 26.57 69.26 71.25 29.41 30.08 9.22 9.85 15.81 17.49 67.47 67.08 10.44 8.54 78.45 
23.26 22.47 30.89 32.65 26.63 25.0 26.08 24.41 2.0 2.83 1.0 2.24 0.0 2.0 1.0 2.24 2.0 2.83 3.0 3.61 4.0 4.47 5.0 5.39 73.06 73.01 74.06 74.01 3.16 5.1 8.0 6.0 49.77 49.04 50.7 49.98 58.31 60.3 45.89 47.85 26.25 28.16 71.34 73.33 31.05 31.62 11.05 11.4 16.28 17.8 69.63 69.23 12.08 10.3 80.6 
21.47 20.62 29.15 30.89 28.3 26.63 27.78 26.08 2.83 2.0 2.24 1.0 2.0 0.0 2.24 1.0 2.83 2.0 3.61 3.0 4.47 4.0 5.39 5.0 71.06 71.01 72.06 72.01 1.41 3.16 8.25 6.32 47.93 47.17 48.85 48.1 56.32 58.31 43.93 45.89 24.35 26.25 69.35 71.34 29.12 29.73 9.06 9.49 15.0 16.64 67.68 67.27 11.4 9.49 78.64 
23.71 22.85 31.38 33.12 27.2 25.61 26.63 25.0 3.0 3.61 2.0 2.83 1.0 2.24 0.0 2.0 1.0 2.24 2.0 2.83 3.0 3.61 4.0 4.47 73.11 73.03 74.11 74.03 3.61 5.39 9.0 7.0 50.16 49.4 51.08 50.33 58.22 60.21 46.1 48.05 25.96 27.89 71.45 73.44 30.81 31.32 11.0 11.18 15.56 17.03 69.86 69.43 13.0 11.18 80.81 
21.95 21.02 29.68 31.38 28.84 27.2 28.3 26.63 3.61 3.0 2.83 2.0 2.24 1.0 2.0 0.0 2.24 1.0 2.83 2.0 3.61 3.0 4.47 4.0 71.11 71.03 72.11 72.03 2.24 3.61 9.22 7.28 48.33 47.54 49.24 48.47 56.22 58.22 44.15 46.1 24.04 25.96 69.46 71.45 28.86 29.41 9.0 9.22 14.21 15.81 67.91 67.47 12.37 10.44 78.85 
24.19 23.26 31.91 33.62 27.8 26.25 27.2 25.61 4.0 4.47 3.0 3.61 2.0 2.83 1.0 2.24 0.0 2.0 1.0 2.24 2.0 2.83 3.0 3.61 73.17 73.06 74.17 74.06 4.24 5.83 10.0 8.0 50.57 49.77 51.48 50.7 58.14 60.13 46.32 48.27 25.71 27.66 71.57 73.55 30.59 31.05 11.05 11.05 14.87 16.28 70.09 69.63 13.93 12.08 81.02 
22.47 21.47 30.23 31.91 29.41 27.8 28.84 27.2 4.47 4.0 3.61 3.0 2.83 2.0 2.24 1.0 2.0 0.0 2.24 1.0 2.83 2.0 3.61 3.0 71.18 71.06 72.17 72.06 3.16 4.24 10.2 8.25 48.75 47.93 49.66 48.85 56.14 58.14 44.38 46.32 23.77 25.71 69.58 71.57 28.64 29.12 9.06 9.06 13.45 15.0 68.15 67.68 13.34 11.4 79.08 
24.7 23.71 32.45 34.13 28.43 26.91 27.8 26.25 5.0 5.39 4.0 4.47 3.0 3.61 2.0 2.83 1.0 2.24 0.0 2.0 1.0 2.24 2.0 2.83 73.25 73.11 74.24 74.11 5.0 6.4 11.0 9.0 50.99 50.16 51.89 51.08 58.08 60.07 46.57 48.51 25.5 27.46 71.7 73.68 30.41 30.81 11.18 11.0 14.21 15.56 70.34 69.86 14.87 13.0 81.25 
23.02 21.95 30.81 32.45 30.0 28.43 29.41 27.8 5.39 5.0 4.47 4.0 3.61 3.0 2.83 2.0 2.24 1.0 2.0 0.0 2.24 1.0 2.83 2.0 71.25 71.11 72.25 72.11 4.12 5.0 11.18 9.22 49.19 48.33 50.09 49.24 56.08 58.08 44.64 46.57 23.54 25.5 69.72 71.7 28.44 28.86 9.22 9.0 12.73 14.21 68.41 67.91 14.32 12.37 79.31 
25.24 24.19 33.02 34.67 29.07 27.59 28.43 26.91 6.0 6.32 5.0 5.39 4.0 4.47 3.0 3.61 2.0 2.83 1.0 2.24 0.0 2.0 1.0 2.24 73.33 73.17 74.33 74.17 5.83 7.07 12.0 10.0 51.43 50.57 52.33 51.48 58.03 60.03 46.84 48.76 25.32 27.29 71.85 73.82 30.27 30.59 11.4 11.05 13.6 14.87 70.6 70.09 15.81 13.93 81.49 
23.6 22.47 31.4 33.02 30.61 29.07 30.0 28.43 6.32 6.0 5.39 5.0 4.47 4.0 3.61 3.0 2.83 2.0 2.24 1.0 2.0 0.0 2.24 1.0 71.34 71.18 72.34 72.17 5.1 5.83 12.17 10.2 49.65 48.75 50.54 49.66 56.04 58.03 44.92 46.84 23.35 25.32 69.87 71.85 28.28 28.64 9.49 9.06 12.04 13.45 68.68 68.15 15.3 13.34 79.56 
25.81 24.7 33.6 35.23 29.73 28.28 29.07 27.59 7.0 7.28 6.0 6.32 5.0 5.39 4.0 4.47 3.0 3.61 2.0 2.83 1.0 2.24 0.0 2.0 73.44 73.25 74.43 74.24 6.71 7.81 13.0 11.0 51.88 50.99 52.77 51.89 58.01 60.01 47.13 49.04 25.18 27.17 72.01 73.98 30.15 30.41 11.7 11.18 13.04 14.21 70.88 70.34 16.76 14.87 81.74 
24.21 23.02 32.02 33.6 31.24 29.73 30.61 29.07 7.28 7.0 6.32 6.0 5.39 5.0 4.47 4.0 3.61 3.0 2.83 2.0 2.24 1.0 2.0 0.0 71.45 71.25 72.44 72.25 6.08 6.71 13.15 11.18 50.12 49.19 51.0 50.09 56.01 58.01 45.22 47.13 23.19 25.18 70.04 72.01 28.16 28.44 9.85 9.22 11.4 12.73 68.96 68.41 16.28 14.32 79.81 
52.47 52.24 47.54 45.61 95.75 93.77 95.63 93.65 73.01 71.01 73.03 71.03 73.06 71.06 73.11 71.11 73.17 71.18 73.25 71.25 73.33 71.34 73.44 71.45 0.0 2.0 1.0 2.24 70.03 68.03 73.17 73.06 31.38 30.41 30.53 29.53 17.49 15.81 28.64 26.68 49.24 47.3 4.47 4.0 44.38 44.92 62.13 62.29 63.79 64.29 13.0 11.18 68.47 68.26 14.32 
52.77 52.47 48.08 46.17 96.03 94.05 95.89 93.9 73.01 71.01 73.0 71.0 73.01 71.01 73.03 71.03 73.06 71.06 73.11 71.11 73.17 71.18 73.25 71.25 2.0 0.0 2.24 1.0 70.0 68.0 73.33 73.17 32.45 31.38 31.62 30.53 16.55 14.76 29.12 27.2 48.84 46.87 6.32 6.0 43.93 44.38 62.03 62.13 63.35 63.79 14.87 13.0 68.73 68.47 16.16 
53.46 53.24 48.51 46.57 96.75 94.76 96.63 94.64 74.01 72.01 74.03 72.03 74.06 72.06 74.11 72.11 74.17 72.17 74.24 72.25 74.33 72.34 74.43 72.44 1.0 2.24 0.0 2.0 71.03 69.03 74.17 74.06 32.25 31.3 31.38 30.41 18.36 16.64 29.61 27.66 50.22 48.27 5.0 4.12 45.35 45.88 63.13 63.29 64.76 65.25 13.42 11.66 69.46 69.26 13.93 
53.76 53.46 49.04 47.13 97.02 95.04 96.88 94.89 74.01 72.01 74.0 72.0 74.01 72.01 74.03 72.03 74.06 72.06 74.11 72.11 74.17 72.17 74.24 72.25 2.24 1.0 2.0 0.0 71.0 69.0 74.33 74.17 33.29 32.25 32.45 31.38 17.46 15.65 30.08 28.16 49.82 47.85 6.71 6.08 44.91 45.35 63.03 63.13 64.33 64.76 15.23 13.42 69.72 69.46 15.81 
20.12 19.31 27.78 29.53 28.65 26.93 28.18 26.42 3.16 1.41 3.0 1.0 3.16 1.41 3.61 2.24 4.24 3.16 5.0 4.12 5.83 5.1 6.71 6.08 70.03 70.0 71.03 71.0 0.0 2.0 7.62 5.83 46.62 45.88 47.54 46.82 55.44 57.43 42.76 44.72 23.77 25.63 68.26 70.26 28.46 29.15 8.25 8.94 15.26 17.0 66.49 66.1 10.2 8.25 77.47 
18.36 17.46 26.08 27.78 30.41 28.65 29.97 28.18 5.1 3.16 5.0 3.0 5.1 3.16 5.39 3.61 5.83 4.24 6.4 5.0 7.07 5.83 7.81 6.71 68.03 68.0 69.03 69.0 2.0 0.0 8.6 7.07 44.78 44.01 45.69 44.94 53.46 55.44 40.79 42.76 21.93 23.77 66.27 68.26 26.57 27.31 6.32 7.21 14.32 16.16 64.54 64.13 10.0 8.0 75.5 
21.1 21.0 27.89 29.83 23.09 21.19 22.8 20.88 6.0 6.32 7.0 7.28 8.0 8.25 9.0 9.22 10.0 10.2 11.0 11.18 12.0 12.17 13.0 13.15 73.17 73.33 74.17 74.33 7.62 8.6 0.0 2.0 47.3 46.87 48.27 47.85 59.67 61.61 45.01 47.01 29.68 31.38 71.01 73.01 34.0 34.99 14.21 15.56 22.83 24.6 68.36 68.18 5.83 5.1 79.4 
21.38 21.1 28.46 30.36 23.77 21.93 23.41 21.54 4.0 4.47 5.0 5.39 6.0 6.32 7.0 7.28 8.0 8.25 9.0 9.22 10.0 10.2 11.0 11.18 73.06 73.17 74.06 74.17 5.83 7.07 2.0 0.0 47.8 47.3 48.76 48.27 59.23 61.19 45.1 47.1 28.65 30.41 71.01 73.01 33.11 34.0 13.04 14.21 21.1 22.83 68.59 68.36 7.07 5.83 79.63 
26.57 27.31 19.42 17.46 68.12 66.12 68.18 66.19 49.04 47.17 49.4 47.54 49.77 47.93 50.16 48.33 50.57 48.75 50.99 49.19 51.43 49.65 51.88 50.12 31.38 32.45 32.25 33.29 46.62 44.78 47.3 47.8 0.0 2.0 1.0 2.24 27.73 28.65 10.05 10.05 34.21 33.02 27.73 29.55 31.38 33.12 40.31 41.34 46.75 48.1 22.36 22.8 41.77 42.2 33.14 
25.96 26.57 19.1 17.12 68.03 66.03 68.07 66.07 48.38 46.49 48.7 46.82 49.04 47.17 49.4 47.54 49.77 47.93 50.16 48.33 50.57 48.75 50.99 49.19 30.41 31.38 31.3 32.25 45.88 44.01 46.87 47.3 2.0 0.0 2.24 1.0 25.94 26.93 8.06 8.06 32.65 31.4 26.93 28.79 29.68 31.38 39.36 40.31 45.45 46.75 22.09 22.36 41.44 41.77 33.02 
27.51 28.23 20.4 18.44 69.12 67.12 69.18 67.19 49.98 48.1 50.33 48.47 50.7 48.85 51.08 49.24 51.48 49.66 51.89 50.09 52.33 50.54 52.77 51.0 30.53 31.62 31.38 32.45 47.54 45.69 48.27 48.76 1.0 2.24 0.0 2.0 27.31 28.18 10.2 10.0 34.83 33.6 26.83 28.64 31.91 33.62 41.18 42.19 47.51 48.84 21.38 21.84 42.76 43.17 32.14 
26.93 27.51 20.1 18.11 69.03 67.03 69.07 67.07 49.34 47.43 49.65 47.76 49.98 48.1 50.33 48.47 50.7 48.85 51.08 49.24 51.48 49.66 51.89 50.09 29.53 30.53 30.41 31.38 46.82 44.94 47.85 48.27 2.24 1.0 2.0 0.0 25.5 26.42 8.25 8.0 33.3 32.02 26.0 27.86 30.23 31.91 40.25 41.18 46.23 47.51 21.1 21.38 42.43 42.76 32.02 
40.31 39.56 37.44 35.81 82.71 80.78 82.46 80.52 58.55 56.57 58.42 56.44 58.31 56.32 58.22 56.22 58.14 56.14 58.08 56.08 58.03 56.04 58.01 56.01 17.49 16.55 18.36 17.46 55.44 53.46 59.67 59.23 27.73 25.94 27.31 25.5 0.0 2.0 19.85 18.6 33.06 31.06 18.38 19.85 28.07 28.28 47.27 47.1 47.38 47.68 23.26 21.47 55.66 55.08 30.41 
42.15 41.44 39.12 37.44 84.65 82.71 84.4 82.46 60.53 58.55 60.41 58.42 60.3 58.31 60.21 58.22 60.13 58.14 60.07 58.08 60.03 58.03 60.01 58.01 15.81 14.76 16.64 15.65 57.43 55.44 61.61 61.19 28.65 26.93 28.18 26.42 2.0 0.0 21.21 19.85 35.06 33.06 17.03 18.38 30.07 30.27 49.25 49.09 49.37 49.65 22.47 20.62 57.57 57.01 29.07 
24.02 24.02 18.97 17.09 67.27 65.28 67.19 65.19 45.54 43.57 45.71 43.74 45.89 43.93 46.1 44.15 46.32 44.38 46.57 44.64 46.84 44.92 47.13 45.22 28.64 29.12 29.61 30.08 42.76 40.79 45.01 45.1 10.05 8.06 10.2 8.25 19.85 21.21 0.0 2.0 26.25 24.76 26.08 28.07 22.67 24.21 35.44 36.06 39.96 41.05 23.77 23.35 40.05 40.0 34.71 
26.02 26.02 20.88 18.97 69.26 67.27 69.18 67.19 47.52 45.54 47.68 45.71 47.85 45.89 48.05 46.1 48.27 46.32 48.51 46.57 48.76 46.84 49.04 47.13 26.68 27.2 27.66 28.16 44.72 42.76 47.01 47.1 10.05 8.06 10.0 8.0 18.6 19.85 2.0 0.0 27.8 26.25 24.08 26.08 24.04 25.5 37.36 37.95 41.68 42.72 21.84 21.38 42.05 42.0 32.76 
18.44 16.49 23.09 23.35 52.33 50.54 51.89 50.09 26.93 25.08 26.57 24.7 26.25 24.35 25.96 24.04 25.71 23.77 25.5 23.54 25.32 23.35 25.18 23.19 49.24 48.84 50.22 49.82 23.77 21.93 29.68 28.65 34.21 32.65 34.83 33.3 33.06 35.06 26.25 27.8 0.0 2.0 48.38 50.29 5.0 5.39 15.65 14.87 14.56 15.23 48.76 47.85 27.59 26.25 59.09 
18.97 17.09 23.0 23.09 54.13 52.33 53.71 51.89 28.79 26.93 28.46 26.57 28.16 26.25 27.89 25.96 27.66 25.71 27.46 25.5 27.29 25.32 27.17 25.18 47.3 46.87 48.27 47.85 25.63 23.77 31.38 30.41 33.02 31.4 33.6 32.02 31.06 33.06 24.76 26.25 2.0 0.0 46.49 48.38 3.0 3.61 17.46 16.76 16.49 17.09 47.01 46.07 29.07 27.8 57.27 
50.09 50.01 44.72 42.76 93.34 91.35 93.26 91.27 71.18 69.18 71.25 69.26 71.34 69.35 71.45 69.46 71.57 69.58 71.7 69.72 71.85 69.87 72.01 70.04 4.47 6.32 5.0 6.71 68.26 66.27 71.01 71.01 27.73 26.93 26.83 26.0 18.38 17.03 26.08 24.08 48.38 46.49 0.0 2.0 43.66 44.38 60.53 60.83 62.94 63.57 8.54 6.71 66.12 66.03 12.04 
52.09 52.01 46.69 44.72 95.34 93.34 95.26 93.26 73.17 71.18 73.25 71.25 73.33 71.34 73.44 71.45 73.55 71.57 73.68 71.7 73.82 71.85 73.98 72.01 4.0 6.0 4.12 6.08 70.26 68.26 73.01 73.01 29.55 28.79 28.64 27.86 19.85 18.38 28.07 26.08 50.29 48.38 2.0 0.0 45.54 46.24 62.51 62.8 64.85 65.46 9.43 7.81 68.12 68.03 10.82 
20.12 18.36 23.19 23.02 56.86 55.04 56.46 54.63 31.62 29.73 31.32 29.41 31.05 29.12 30.81 28.86 30.59 28.64 30.41 28.44 30.27 28.28 30.15 28.16 44.38 43.93 45.35 44.91 28.46 26.57 34.0 33.11 31.38 29.68 31.91 30.23 28.07 30.07 22.67 24.04 5.0 3.0 43.66 45.54 0.0 2.0 20.25 19.65 19.42 19.92 44.42 43.42 31.4 30.23 54.56 
21.93 20.12 25.18 25.02 57.7 55.9 57.27 55.46 32.31 30.46 31.95 30.08 31.62 29.73 31.32 29.41 31.05 29.12 30.81 28.86 30.59 28.64 30.41 28.44 44.92 44.38 45.88 45.35 29.15 27.31 34.99 34.0 33.12 31.38 33.62 31.91 28.28 30.27 24.21 25.5 5.39 3.61 44.38 46.24 2.0 0.0 21.02 20.25 19.1 19.42 45.49 44.42 32.65 31.4 55.47 
14.87 13.45 22.63 24.08 36.67 34.89 36.25 34.44 11.4 9.49 11.18 9.22 11.05 9.06 11.0 9.0 11.05 9.06 11.18 9.22 11.4 9.49 11.7 9.85 62.13 62.03 63.13 63.03 8.25 6.32 14.21 13.04 40.31 39.36 41.18 40.25 47.27 49.25 35.44 37.36 15.65 17.46 60.53 62.51 20.25 21.02 0.0 2.0 11.0 13.0 59.2 58.69 13.42 11.66 70.09 
16.4 14.87 24.08 25.46 37.59 35.85 37.12 35.36 12.08 10.3 11.7 9.85 11.4 9.49 11.18 9.22 11.05 9.06 11.0 9.0 11.05 9.06 11.18 9.22 62.29 62.13 63.29 63.13 8.94 7.21 15.56 14.21 41.34 40.31 42.19 41.18 47.1 49.09 36.06 37.95 14.87 16.76 60.83 62.8 19.65 20.25 2.0 0.0 9.0 11.0 59.77 59.2 15.23 13.42 70.6 
24.17 22.36 31.38 32.45 42.64 41.11 42.01 40.46 17.8 16.64 17.03 15.81 16.28 15.0 15.56 14.21 14.87 13.45 14.21 12.73 13.6 12.04 13.04 11.4 63.79 63.35 64.76 64.33 15.26 14.32 22.83 21.1 46.75 45.45 47.51 46.23 47.38 49.37 39.96 41.68 14.56 16.49 62.94 64.85 19.42 19.1 11.0 9.0 0.0 2.0 63.07 62.24 23.77 21.84 73.54 
26.0 24.17 33.12 34.13 43.93 42.45 43.28 41.77 19.42 18.36 18.6 17.49 17.8 16.64 17.03 15.81 16.28 15.0 15.56 14.21 14.87 13.45 14.21 12.73 64.29 63.79 65.25 64.76 17.0 16.16 24.6 22.83 48.1 46.75 48.84 47.51 47.68 49.65 41.05 42.72 15.23 17.09 63.57 65.46 19.92 19.42 13.0 11.0 2.0 0.0 63.95 63.07 25.71 23.77 74.32 
47.27 47.52 41.0 39.0 90.0 88.0 90.01 88.01 69.23 67.27 69.43 67.47 69.63 67.68 69.86 67.91 70.09 68.15 70.34 68.41 70.6 68.68 70.88 68.96 13.0 14.87 13.42 15.23 66.49 64.54 68.36 68.59 22.36 22.09 21.38 21.1 23.26 22.47 23.77 21.84 48.76 47.01 8.54 9.43 44.42 45.49 59.2 59.77 63.07 63.95 0.0 2.0 63.13 63.29 11.05 
47.1 47.27 41.05 39.05 90.02 88.02 90.01 88.01 68.88 66.91 69.05 67.08 69.23 67.27 69.43 67.47 69.63 67.68 69.86 67.91 70.09 68.15 70.34 68.41 11.18 13.0 11.66 13.42 66.1 64.13 68.18 68.36 22.8 22.36 21.84 21.38 21.47 20.62 23.35 21.38 47.85 46.07 6.71 7.81 43.42 44.42 58.69 59.2 62.24 63.07 2.0 0.0 63.03 63.13 11.4 
16.03 16.28 22.36 24.33 27.29 25.32 27.17 25.18 10.3 9.49 11.18 10.44 12.08 11.4 13.0 12.37 13.93 13.34 14.87 14.32 15.81 15.3 16.76 16.28 68.47 68.73 69.46 69.72 10.2 10.0 5.83 7.07 41.77 41.44 42.76 42.43 55.66 57.57 40.05 42.05 27.59 29.07 66.12 68.12 31.4 32.65 13.42 15.23 23.77 25.71 63.13 63.03 0.0 2.0 74.17 
16.03 16.03 22.8 24.74 27.66 25.71 27.46 25.5 8.6 7.62 9.43 8.54 10.3 9.49 11.18 10.44 12.08 11.4 13.0 12.37 13.93 13.34 14.87 14.32 68.26 68.47 69.26 69.46 8.25 8.0 5.1 5.83 42.2 41.77 43.17 42.76 55.08 57.01 40.0 42.0 26.25 27.8 66.03 68.03 30.23 31.4 11.66 13.42 21.84 23.77 63.29 63.13 2.0 0.0 74.33 
58.31 58.55 52.01 50.01 101.0 99.01 101.02 99.02 80.23 78.26 80.41 78.45 80.6 78.64 80.81 78.85 81.02 79.08 81.25 79.31 81.49 79.56 81.74 79.81 14.32 16.16 13.93 15.81 77.47 75.5 79.4 79.63 33.14 33.02 32.14 32.02 30.41 29.07 34.71 32.76 59.09 57.27 12.04 10.82 54.56 55.47 70.09 70.6 73.54 74.32 11.05 11.4 74.17 74.33 0.0 
