80
0.0 2.0 1.0 2.24 2.0 2.83 3.0 3.61 4.0 4.47 5.0 5.39 6.0 6.32 7.0 7.28 8.0 8.25 9.0 9.22 10.0 10.2 11.0 11.18 12.0 12.17 13.0 13.15 13.93 14.76 50.25 48.55 5.1 3.16 56.22 56.44 27.8 26.63 70.03 68.03 17.09 18.97 44.41 42.43 65.49 65.28 55.04 55.0 57.58 55.71 72.11 72.8 5.0 7.0 20.22 22.2 52.92 53.71 13.6 11.7 9.22 9.0 59.14 59.81 68.03 66.21 23.02 23.02 84.17 84.65 4.24 3.16 29.68 31.38 72.44 70.46 38.47 38.21 71.2 69.23 
2.0 0.0 2.24 1.0 2.83 2.0 3.61 3.0 4.47 4.0 5.39 5.0 6.32 6.0 7.28 7.0 8.25 8.0 9.22 9.0 10.2 10.0 11.18 11.0 12.17 12.0 13.15 13.0 12.08 13.04 49.24 47.51 7.07 5.1 56.08 56.22 26.25 25.0 70.11 68.12 15.23 17.09 44.18 42.19 65.76 65.49 55.15 55.04 56.92 55.03 71.47 72.11 3.0 5.0 18.25 20.22 52.2 52.92 13.15 11.18 11.18 11.0 58.52 59.14 67.23 65.39 23.19 23.02 83.74 84.17 5.83 4.24 28.02 29.68 72.25 70.26 38.83 38.47 70.86 68.88 
1.0 2.24 0.0 2.0 1.0 2.24 2.0 2.83 3.0 3.61 4.0 4.47 5.0 5.39 6.0 6.32 7.0 7.28 8.0 8.25 9.0 9.22 10.0 10.2 11.0 11.18 12.0 12.17 13.6 14.32 51.11 49.4 5.0 3.0 57.22 57.43 28.43 27.2 71.03 69.03 17.46 19.31 45.4 43.42 66.48 66.27 56.04 56.0 58.52 56.65 73.05 73.74 5.1 7.07 20.1 22.09 53.85 54.63 14.56 12.65 9.49 9.06 60.08 60.75 68.94 67.12 24.02 24.02 85.15 85.62 3.61 2.24 30.23 31.91 73.44 71.45 39.46 39.2 72.18 70.21 
2.24 1.0 2.0 0.0 2.24 1.0 2.83 2.0 3.61 3.0 4.47 4.0 5.39 5.0 6.32 6.0 7.28 7.0 8.25 8.0 9.22 9.0 10.2 10.0 11.18 11.0 12.17 12.0 11.7 12.53 50.12 48.37 7.0 5.0 57.08 57.22 26.91 25.61 71.11 69.12 15.65 17.46 45.18 43.19 66.75 66.48 56.14 56.04 57.87 55.97 72.42 73.05 3.16 5.1 18.11 20.1 53.14 53.85 14.14 12.17 11.4 11.05 59.48 60.08 68.15 66.31 24.19 24.02 84.72 85.15 5.39 3.61 28.6 30.23 73.25 71.25 39.81 39.46 71.85 69.87 
2.0 2.83 1.0 2.24 0.0 2.0 1.0 2.24 2.0 2.83 3.0 3.61 4.0 4.47 5.0 5.39 6.0 6.32 7.0 7.28 8.0 8.25 9.0 9.22 10.0 10.2 11.0 11.18 13.34 13.93 51.97 50.25 5.1 3.16 58.22 58.42 29.07 27.8 72.03 70.03 17.89 19.7 46.39 44.41 67.48 67.27 57.04 57.0 59.46 57.58 74.0 74.67 5.39 7.28 20.02 22.02 54.78 55.54 15.52 13.6 9.85 9.22 61.03 61.68 69.86 68.03 25.02 25.02 86.12 86.59 3.16 1.41 30.81 32.45 74.43 72.44 40.45 40.2 73.16 71.2 
2.83 2.0 2.24 1.0 2.0 0.0 2.24 1.0 2.83 2.0 3.61 3.0 4.47 4.0 5.39 5.0 6.32 6.0 7.28 7.0 8.25 8.0 9.22 9.0 10.2 10.0 11.18 11.0 11.4 12.08 51.0 49.24 7.07 5.1 58.08 58.22 27.59 26.25 72.11 70.11 16.12 17.89 46.17 44.18 67.74 67.48 57.14 57.04 58.82 56.92 73.38 74.0 3.61 5.39 18.03 20.02 54.08 54.78 15.13 13.15 11.7 11.18 60.44 61.03 69.08 67.23 25.18 25.02 85.7 86.12 5.1 3.16 29.21 30.81 74.24 72.25 40.79 40.45 72.84 70.86 
3.0 3.61 2.0 2.83 1.0 2.24 0.0 2.0 1.0 2.24 2.0 2.83 3.0 3.61 4.0 4.47 5.0 5.39 6.0 6.32 7.0 7.28 8.0 8.25 9.0 9.22 10.0 10.2 13.15 13.6 52.84 51.11 5.39 3.61 59.21 59.41 29.73 28.43 73.03 71.03 18.36 20.12 47.38 45.4 68.47 68.26 58.03 58.0 60.41 58.52 74.95 75.61 5.83 7.62 20.0 22.0 55.71 56.46 16.49 14.56 10.3 9.49 61.98 62.63 70.77 68.94 26.02 26.02 87.1 87.56 3.0 1.0 31.4 33.02 75.43 73.44 41.44 41.19 74.15 72.18 
3.61 3.0 2.83 2.0 2.24 1.0 2.0 0.0 2.24 1.0 2.83 2.0 3.61 3.0 4.47 4.0 5.39 5.0 6.32 6.0 7.28 7.0 8.25 8.0 9.22 9.0 10.2 10.0 11.18 11.7 51.88 50.12 7.28 5.39 59.08 59.21 28.28 26.91 73.11 71.11 16.64 18.36 47.17 45.18 68.73 68.47 58.14 58.03 59.77 57.87 74.33 74.95 4.24 5.83 18.0 20.0 55.03 55.71 16.12 14.14 12.08 11.4 61.4 61.98 70.01 68.15 26.17 26.02 86.68 87.1 5.0 3.0 29.83 31.4 75.24 73.25 41.77 41.44 73.82 71.85 
4.0 4.47 3.0 3.61 2.0 2.83 1.0 2.24 0.0 2.0 1.0 2.24 2.0 2.83 3.0 3.61 4.0 4.47 5.0 5.39 6.0 6.32 7.0 7.28 8.0 8.25 9.0 9.22 13.04 13.34 53.71 51.97 5.83 4.24 60.21 60.41 30.41 29.07 74.03 72.03 18.87 20.59 48.37 46.39 69.46 69.26 59.03 59.0 61.35 59.46 75.89 76.55 6.4 8.06 20.02 22.02 56.65 57.38 17.46 15.52 10.82 9.85 62.94 63.57 71.69 69.86 27.02 27.02 88.07 88.53 3.16 1.41 32.02 33.6 76.42 74.43 42.43 42.19 75.13 73.16 
4.47 4.0 3.61 3.0 2.83 2.0 2.24 1.0 2.0 0.0 2.24 1.0 2.83 2.0 3.61 3.0 4.47 4.0 5.39 5.0 6.32 6.0 7.28 7.0 8.25 8.0 9.22 9.0 11.05 11.4 52.77 51.0 7.62 5.83 60.07 60.21 29.0 27.59 74.11 72.11 17.2 18.87 48.17 46.17 69.72 69.46 59.14 59.03 60.73 58.82 75.29 75.89 5.0 6.4 18.03 20.02 55.97 56.65 17.12 15.13 12.53 11.7 62.36 62.94 70.94 69.08 27.17 27.02 87.66 88.07 5.1 3.16 30.48 32.02 76.24 74.24 42.76 42.43 74.81 72.84 
5.0 5.39 4.0 4.47 3.0 3.61 2.0 2.83 1.0 2.24 0.0 2.0 1.0 2.24 2.0 2.83 3.0 3.61 4.0 4.47 5.0 5.39 6.0 6.32 7.0 7.28 8.0 8.25 13.0 13.15 54.59 52.84 6.4 5.0 61.2 61.4 31.11 29.73 75.03 73.03 19.42 21.1 49.37 47.38 70.46 70.26 60.03 60.0 62.3 60.41 76.84 77.49 7.07 8.6 20.1 22.09 57.58 58.31 18.44 16.49 11.4 10.3 63.89 64.51 72.62 70.77 28.02 28.02 89.05 89.5 3.61 2.24 32.65 34.21 77.41 75.43 43.42 43.19 76.12 74.15 
5.39 5.0 4.47 4.0 3.61 3.0 2.83 2.0 2.24 1.0 2.0 0.0 2.24 1.0 2.83 2.0 3.61 3.0 4.47 4.0 5.39 5.0 6.32 6.0 7.28 7.0 8.25 8.0 11.0 11.18 53.67 51.88 8.06 6.4 61.07 61.2 29.73 28.28 75.11 73.11 17.8 19.42 49.16 47.17 70.71 70.46 60.13 60.03 61.68 59.77 76.24 76.84 5.83 7.07 18.11 20.1 56.92 57.58 18.11 16.12 13.04 12.08 63.32 63.89 71.87 70.01 28.16 28.02 88.65 89.05 5.39 3.61 31.14 32.65 77.23 75.24 43.74 43.42 75.8 73.82 
6.0 6.32 5.0 5.39 4.0 4.47 3.0 3.61 2.0 2.83 1.0 2.24 0.0 2.0 1.0 2.24 2.0 2.83 3.0 3.61 4.0 4.47 5.0 5.39 6.0 6.32 7.0 7.28 13.04 13.04 55.47 53.71 7.07 5.83 62.2 62.39 31.83 30.41 76.03 74.03 20.0 21.63 50.36 48.37 71.45 71.25 61.03 61.0 63.25 61.35 77.79 78.43 7.81 9.22 20.22 22.2 58.52 59.24 19.42 17.46 12.04 10.82 64.85 65.46 73.54 71.69 29.02 29.02 90.03 90.47 4.24 3.16 33.3 34.83 78.41 76.42 44.41 44.18 77.1 75.13 
6.32 6.0 5.39 5.0 4.47 4.0 3.61 3.0 2.83 2.0 2.24 1.0 2.0 0.0 2.24 1.0 2.83 2.0 3.61 3.0 4.47 4.0 5.39 5.0 6.32 6.0 7.28 7.0 11.05 11.05 54.56 52.77 8.6 7.07 62.07 62.2 30.48 29.0 76.11 74.11 18.44 20.0 50.16 48.17 71.7 71.45 61.13 61.03 62.64 60.73 77.2 77.79 6.71 7.81 18.25 20.22 57.87 58.52 19.1 17.12 13.6 12.53 64.29 64.85 72.8 70.94 29.15 29.02 89.63 90.03 5.83 4.24 31.83 33.3 78.23 76.24 44.72 44.41 76.79 74.81 
7.0 7.28 6.0 6.32 5.0 5.39 4.0 4.47 3.0 3.61 2.0 2.83 1.0 2.24 0.0 2.0 1.0 2.24 2.0 2.83 3.0 3.61 4.0 4.47 5.0 5.39 6.0 6.32 13.15 13.0 56.36 54.59 7.81 6.71 63.2 63.39 32.56 31.11 77.03 75.03 20.62 22.2 51.35 49.37 72.44 72.25 62.03 62.0 64.2 62.3 78.75 79.38 8.6 9.9 20.4 22.36 59.46 60.17 20.4 18.44 12.73 11.4 65.8 66.41 74.46 72.62 30.02 30.02 91.01 91.44 5.0 4.12 33.97 35.47 79.4 77.41 45.4 45.18 78.09 76.12 
7.28 7.0 6.32 6.0 5.39 5.0 4.47 4.0 3.61 3.0 2.83 2.0 2.24 1.0 2.0 0.0 2.24 1.0 2.83 2.0 3.61 3.0 4.47 4.0 5.39 5.0 6.32 6.0 11.18 11.0 55.46 53.67 9.22 7.81 63.07 63.2 31.24 29.73 77.1 75.11 19.1 20.62 51.16 49.16 72.69 72.44 62.13 62.03 63.6 61.68 78.16 78.75 7.62 8.6 18.44 20.4 58.82 59.46 20.1 18.11 14.21 13.04 65.25 65.8 73.74 71.87 30.15 30.02 90.61 91.01 6.4 5.0 32.53 33.97 79.23 77.23 45.71 45.4 77.78 75.8 
8.0 8.25 7.0 7.28 6.0 6.32 5.0 5.39 4.0 4.47 3.0 3.61 2.0 2.83 1.0 2.24 0.0 2.0 1.0 2.24 2.0 2.83 3.0 3.61 4.0 4.47 5.0 5.39 13.34 13.04 57.25 55.47 8.6 7.62 64.2 64.38 33.3 31.83 78.03 76.03 21.26 22.8 52.35 50.36 73.44 73.25 63.03 63.0 65.15 63.25 79.7 80.32 9.43 10.63 20.62 22.56 60.41 61.1 21.38 19.42 13.45 12.04 66.76 67.36 75.39 73.54 31.02 31.02 91.98 92.42 5.83 5.1 34.66 36.12 80.4 78.41 46.39 46.17 79.08 77.1 
8.25 8.0 7.28 7.0 6.32 6.0 5.39 5.0 4.47 4.0 3.61 3.0 2.83 2.0 2.24 1.0 2.0 0.0 2.24 1.0 2.83 2.0 3.61 3.0 4.47 4.0 5.39 5.0 11.4 11.05 56.36 54.56 9.9 8.6 64.07 64.2 32.02 30.48 78.1 76.11 19.8 21.26 52.15 50.16 73.68 73.44 63.13 63.03 64.56 62.64 79.12 79.7 8.54 9.43 18.68 20.62 59.77 60.41 21.1 19.1 14.87 13.6 66.22 66.76 74.67 72.8 31.14 31.02 91.59 91.98 7.07 5.83 33.24 34.66 80.22 78.23 46.69 46.39 78.77 76.79 
9.0 9.22 8.0 8.25 7.0 7.28 6.0 6.32 5.0 5.39 4.0 4.47 3.0 3.61 2.0 2.83 1.0 2.24 0.0 2.0 1.0 2.24 2.0 2.83 3.0 3.61 4.0 4.47 13.6 13.15 58.14 56.36 9.43 8.54 65.19 65.38 34.06 32.56 79.03 77.03 21.93 23.43 53.34 51.35 74.43 74.24 64.03 64.0 66.1 64.2 80.65 81.27 10.3 11.4 20.88 22.8 61.35 62.03 22.36 20.4 14.21 12.73 67.72 68.31 76.32 74.46 32.02 32.02 92.96 93.39 6.71 6.08 35.36 36.8 81.39 79.4 47.38 47.17 80.06 78.09 
9.22 9.0 8.25 8.0 7.28 7.0 6.32 6.0 5.39 5.0 4.47 4.0 3.61 3.0 2.83 2.0 2.24 1.0 2.0 0.0 2.24 1.0 2.83 2.0 3.61 3.0 4.47 4.0 11.7 11.18 57.27 55.46 10.63 9.43 65.07 65.19 32.8 31.24 79.1 77.1 20.52 21.93 53.15 51.16 74.67 74.43 64.12 64.03 65.52 63.6 80.08 80.65 9.49 10.3 18.97 20.88 60.73 61.35 22.09 20.1 15.56 14.21 67.19 67.72 75.61 73.74 32.14 32.02 92.57 92.96 7.81 6.71 33.97 35.36 81.22 79.23 47.68 47.38 79.76 77.78 
10.0 10.2 9.0 9.22 8.0 8.25 7.0 7.28 6.0 6.32 5.0 5.39 4.0 4.47 3.0 3.61 2.0 2.83 1.0 2.24 0.0 2.0 1.0 2.24 2.0 2.83 3.0 3.61 13.93 13.34 59.03 57.25 10.3 9.49 66.19 66.37 34.83 33.3 80.02 78.03 22.63 24.08 54.33 52.35 75.43 75.24 65.03 65.0 67.05 65.15 81.61 82.22 11.18 12.21 21.19 23.09 62.3 62.97 23.35 21.38 15.0 13.45 68.68 69.26 77.25 75.39 33.02 33.02 93.94 94.37 7.62 7.07 36.07 37.48 82.39 80.4 48.37 48.17 81.05 79.08 
10.2 10.0 9.22 9.0 8.25 8.0 7.28 7.0 6.32 6.0 5.39 5.0 4.47 4.0 3.61 3.0 2.83 2.0 2.24 1.0 2.0 0.0 2.24 1.0 2.83 2.0 3.61 3.0 12.08 11.4 58.18 56.36 11.4 10.3 66.07 66.19 33.6 32.02 80.1 78.1 21.26 22.63 54.15 52.15 75.66 75.43 65.12 65.03 66.48 64.56 81.04 81.61 10.44 11.18 19.31 21.19 61.68 62.3 23.09 21.1 16.28 14.87 68.15 68.68 76.55 74.67 33.14 33.02 93.56 93.94 8.6 7.62 34.71 36.07 82.22 80.22 48.66 48.37 80.75 78.77 
11.0 11.18 10.0 10.2 9.0 9.22 8.0 8.25 7.0 7.28 6.0 6.32 5.0 5.39 4.0 4.47 3.0 3.61 2.0 2.83 1.0 2.24 0.0 2.0 1.0 2.24 2.0 2.83 14.32 13.6 59.93 58.14 11.18 10.44 67.19 67.36 35.61 34.06 81.02 79.03 23.35 24.76 55.33 53.34 76.42 76.24 66.03 66.0 68.01 66.1 82.57 83.17 12.08 13.04 21.54 23.41 63.25 63.91 24.33 22.36 15.81 14.21 69.64 70.21 78.19 76.32 34.01 34.01 94.92 95.34 8.54 8.06 36.8 38.18 83.38 81.39 49.37 49.16 82.04 80.06 
11.18 11.0 10.2 10.0 9.22 9.0 8.25 8.0 7.28 7.0 6.32 6.0 5.39 5.0 4.47 4.0 3.61 3.0 2.83 2.0 2.24 1.0 2.0 0.0 2.24 1.0 2.83 2.0 12.53 11.7 59.09 57.27 12.21 11.18 67.07 67.19 34.41 32.8 81.1 79.1 22.02 23.35 55.15 53.15 76.66 76.42 66.12 66.03 67.45 65.52 82.01 82.57 11.4 12.08 19.7 21.54 62.64 63.25 24.08 22.09 17.03 15.56 69.12 69.64 77.49 75.61 34.13 34.01 94.54 94.92 9.43 8.54 35.47 36.8 83.22 81.22 49.65 49.37 81.74 79.76 
12.0 12.17 11.0 11.18 10.0 10.2 9.0 9.22 8.0 8.25 7.0 7.28 6.0 6.32 5.0 5.39 4.0 4.47 3.0 3.61 2.0 2.83 1.0 2.24 0.0 2.0 1.0 2.24 14.76 13.93 60.84 59.03 12.08 11.4 68.18 68.36 36.4 34.83 82.02 80.02 24.08 25.46 56.32 54.33 77.41 77.23 67.03 67.0 68.96 67.05 83.52 84.12 13.0 13.89 21.93 23.77 64.2 64.85 25.32 23.35 16.64 15.0 70.6 71.17 79.12 77.25 35.01 35.01 95.9 96.32 9.49 9.06 37.54 38.9 84.38 82.39 50.36 50.16 83.02 81.05 
12.17 12.0 11.18 11.0 10.2 10.0 9.22 9.0 8.25 8.0 7.28 7.0 6.32 6.0 5.39 5.0 4.47 4.0 3.61 3.0 2.83 2.0 2.24 1.0 2.0 0.0 2.24 1.0 13.04 12.08 60.01 58.18 13.04 12.08 68.07 68.18 35.23 33.6 82.1 80.1 22.8 24.08 56.14 54.15 77.65 77.41 67.12 67.03 68.41 66.48 82.97 83.52 12.37 13.0 20.12 21.93 63.6 64.2 25.08 23.09 17.8 16.28 70.09 70.6 78.43 76.55 35.13 35.01 95.52 95.9 10.3 9.49 36.24 37.54 84.21 82.22 50.64 50.36 82.73 80.75 
13.0 13.15 12.0 12.17 11.0 11.18 10.0 10.2 9.0 9.22 8.0 8.25 7.0 7.28 6.0 6.32 5.0 5.39 4.0 4.47 3.0 3.61 2.0 2.83 1.0 2.24 0.0 2.0 15.26 14.32 61.74 59.93 13.0 12.37 69.18 69.35 37.2 35.61 83.02 81.02 24.84 26.17 57.31 55.33 78.41 78.23 68.03 68.0 69.92 68.01 84.48 85.07 13.93 14.76 22.36 24.17 65.15 65.79 26.31 24.33 17.49 15.81 71.57 72.12 80.06 78.19 36.01 36.01 96.88 97.29 10.44 10.05 38.29 39.62 85.38 83.38 51.35 51.16 84.01 82.04 
13.15 13.0 12.17 12.0 11.18 11.0 10.2 10.0 9.22 9.0 8.25 8.0 7.28 7.0 6.32 6.0 5.39 5.0 4.47 4.0 3.61 3.0 2.83 2.0 2.24 1.0 2.0 0.0 13.6 12.53 60.93 59.09 13.89 13.0 69.07 69.18 36.06 34.41 83.1 81.1 23.6 24.84 57.14 55.15 78.64 78.41 68.12 68.03 69.38 67.45 83.93 84.48 13.34 13.93 20.59 22.36 64.56 65.15 26.08 24.08 18.6 17.03 71.06 71.57 79.38 77.49 36.12 36.01 96.51 96.88 11.18 10.44 37.01 38.29 85.21 83.22 51.62 51.35 83.73 81.74 
13.93 12.08 13.6 11.7 13.34 11.4 13.15 11.18 13.04 11.05 13.0 11.0 13.04 11.05 13.15 11.18 13.34 11.4 13.6 11.7 13.93 12.08 14.32 12.53 14.76 13.04 15.26 13.6 0.0 2.0 49.73 47.8 18.44 16.49 61.52 61.29 23.77 21.93 76.49 74.53 11.4 12.08 49.5 47.52 73.08 72.53 61.85 61.39 59.41 57.43 73.82 74.15 9.43 7.81 7.28 9.22 54.45 54.74 20.12 18.36 23.09 22.56 61.29 61.52 68.66 66.71 31.3 30.46 87.21 87.37 16.12 14.14 24.19 25.24 77.16 75.17 47.01 46.24 75.0 73.0 
14.76 13.04 14.32 12.53 13.93 12.08 13.6 11.7 13.34 11.4 13.15 11.18 13.04 11.05 13.0 11.0 13.04 11.05 13.15 11.18 13.34 11.4 13.6 11.7 13.93 12.08 14.32 12.53 2.0 0.0 51.66 49.73 18.97 17.09 63.51 63.29 25.63 23.77 78.45 76.49 13.34 13.93 51.48 49.5 75.0 74.46 63.79 63.35 61.4 59.41 75.8 76.12 10.63 9.22 8.06 9.85 56.44 56.72 21.93 20.12 23.77 23.09 63.29 63.51 70.61 68.66 33.11 32.31 89.2 89.36 16.49 14.56 25.94 26.93 79.16 77.16 48.85 48.1 77.0 75.0 
50.25 49.24 51.11 50.12 51.97 51.0 52.84 51.88 53.71 52.77 54.59 53.67 55.47 54.56 56.36 55.46 57.25 56.36 58.14 57.27 59.03 58.18 59.93 59.09 60.84 60.01 61.74 60.93 49.73 51.66 0.0 2.0 53.82 52.7 24.7 23.02 26.31 28.28 38.9 37.54 38.33 37.85 20.02 20.02 40.5 38.83 30.46 28.64 12.53 10.82 25.08 25.0 47.85 47.01 46.39 46.17 8.49 7.21 37.2 38.83 53.91 55.44 14.76 13.93 19.1 17.12 33.6 32.02 39.62 39.32 54.38 53.34 27.02 27.02 34.13 32.45 32.39 30.41 29.97 28.18 
48.55 47.51 49.4 48.37 50.25 49.24 51.11 50.12 51.97 51.0 52.84 51.88 53.71 52.77 54.59 53.67 55.47 54.56 56.36 55.46 57.25 56.36 58.14 57.27 59.03 58.18 59.93 59.09 47.8 49.73 2.0 0.0 52.2 51.04 25.81 24.21 24.33 26.31 40.31 38.9 36.4 35.9 20.22 20.02 41.62 40.0 31.3 29.53 14.32 12.53 27.07 27.0 46.07 45.19 44.41 44.18 10.0 8.94 35.61 37.2 52.4 53.91 16.55 15.81 21.1 19.1 32.45 30.81 41.59 41.3 52.7 51.62 25.02 25.02 35.85 34.13 32.14 30.15 31.78 29.97 
5.1 7.07 5.0 7.0 5.1 7.07 5.39 7.28 5.83 7.62 6.4 8.06 7.07 8.6 7.81 9.22 8.6 9.9 9.43 10.63 10.3 11.4 11.18 12.21 12.08 13.04 13.0 13.89 18.44 18.97 53.82 52.2 0.0 2.0 57.87 58.25 32.45 31.38 71.06 69.07 22.14 24.04 46.32 44.38 66.07 66.01 56.08 56.22 60.42 58.6 74.85 75.64 10.05 12.04 25.08 27.07 55.9 56.82 16.64 15.0 5.0 4.12 61.85 62.65 71.12 69.35 24.33 24.74 86.4 86.98 2.83 4.47 34.48 36.24 74.15 72.18 39.01 39.01 73.25 71.31 
3.16 5.1 3.0 5.0 3.16 5.1 3.61 5.39 4.24 5.83 5.0 6.4 5.83 7.07 6.71 7.81 7.62 8.6 8.54 9.43 9.49 10.3 10.44 11.18 11.4 12.08 12.37 13.0 16.49 17.09 52.7 51.04 2.0 0.0 57.56 57.87 30.81 29.68 71.01 69.01 20.25 22.14 45.89 43.93 66.19 66.07 56.01 56.08 59.62 57.78 74.09 74.85 8.06 10.05 23.09 25.08 55.04 55.9 15.65 13.89 6.71 6.08 61.1 61.85 70.21 68.43 24.08 24.33 85.87 86.4 2.0 2.83 32.76 34.48 73.82 71.85 39.12 39.01 72.78 70.83 
56.22 56.08 57.22 57.08 58.22 58.08 59.21 59.08 60.21 60.07 61.2 61.07 62.2 62.07 63.2 63.07 64.2 64.07 65.19 65.07 66.19 66.07 67.19 67.07 68.18 68.07 69.18 69.07 61.52 63.51 24.7 25.81 57.87 57.56 0.0 2.0 42.54 44.38 15.65 13.89 51.2 51.66 12.04 14.04 15.81 14.21 7.07 5.1 15.13 15.52 22.47 24.19 56.0 56.04 60.88 61.4 16.55 18.38 43.01 45.01 55.79 57.72 14.0 16.0 23.77 23.35 33.54 33.24 29.53 30.53 59.54 59.3 44.72 45.65 16.28 14.32 21.1 20.12 16.12 14.42 
56.44 56.22 57.43 57.22 58.42 58.22 59.41 59.21 60.41 60.21 61.4 61.2 62.39 62.2 63.39 63.2 64.38 64.2 65.38 65.19 66.37 66.19 67.36 67.19 68.36 68.18 69.35 69.18 61.29 63.29 23.02 24.21 58.25 57.87 2.0 0.0 41.79 43.66 16.64 15.0 50.8 51.2 12.04 14.04 17.49 15.81 9.06 7.07 13.15 13.6 20.81 22.47 56.04 56.0 60.42 60.88 14.76 16.55 43.1 45.1 56.32 58.24 12.0 14.0 21.84 21.38 33.96 33.54 28.64 29.53 59.84 59.54 43.86 44.72 16.03 14.04 22.2 21.1 15.23 13.42 
27.8 26.25 28.43 26.91 29.07 27.59 29.73 28.28 30.41 29.0 31.11 29.73 31.83 30.48 32.56 31.24 33.3 32.02 34.06 32.8 34.83 33.6 35.61 34.41 36.4 35.23 37.2 36.06 23.77 25.63 26.31 24.33 32.45 30.81 42.54 41.79 0.0 2.0 58.18 56.36 12.53 11.7 31.38 29.68 56.6 55.57 44.94 43.91 37.05 35.06 51.04 51.16 24.04 22.67 20.1 20.0 32.06 32.0 18.44 18.97 34.44 35.36 39.12 39.01 45.4 43.42 23.77 21.84 65.07 65.01 32.02 30.48 3.16 5.1 56.75 54.82 35.0 33.42 53.76 51.79 
26.63 25.0 27.2 25.61 27.8 26.25 28.43 26.91 29.07 27.59 29.73 28.28 30.41 29.0 31.11 29.73 31.83 30.48 32.56 31.24 33.3 32.02 34.06 32.8 34.83 33.6 35.61 34.41 21.93 23.77 28.28 26.31 31.38 29.68 44.38 43.66 2.0 0.0 60.01 58.18 10.82 9.85 33.12 31.38 58.31 57.31 46.65 45.65 39.05 37.05 53.04 53.15 22.67 21.21 18.11 18.0 34.06 34.0 18.11 18.44 33.62 34.44 41.11 41.01 47.38 45.4 24.35 22.47 67.07 67.01 30.81 29.21 3.16 5.1 58.69 56.75 36.24 34.71 55.73 53.76 
70.03 70.11 71.03 71.11 72.03 72.11 73.03 73.11 74.03 74.11 75.03 75.11 76.03 76.11 77.03 77.1 78.03 78.1 79.03 79.1 80.02 80.1 81.02 81.1 82.02 82.1 83.02 83.1 76.49 78.45 38.9 40.31 71.06 71.01 15.65 16.64 58.18 60.01 0.0 2.0 66.48 67.05 27.2 29.12 7.81 6.4 15.0 15.13 27.2 28.43 26.08 28.07 70.35 70.58 76.24 76.84 30.41 31.89 57.31 59.3 68.36 70.35 25.24 26.93 31.05 31.62 47.01 47.1 24.19 25.94 73.01 73.01 60.37 61.29 10.2 10.0 32.25 32.06 15.0 15.13 
68.03 68.12 69.03 69.12 70.03 70.11 71.03 71.11 72.03 72.11 73.03 73.11 74.03 74.11 75.03 75.11 76.03 76.11 77.03 77.1 78.03 78.1 79.03 79.1 80.02 80.1 81.02 81.1 74.53 76.49 37.54 38.9 69.07 69.01 13.89 15.0 56.36 58.18 2.0 0.0 64.56 65.15 25.3 27.2 6.71 5.0 13.0 13.15 26.08 27.2 26.0 28.0 68.36 68.59 74.33 74.95 29.07 30.61 55.33 57.31 66.37 68.36 24.19 25.94 30.59 31.05 45.01 45.1 25.24 26.93 71.01 71.01 58.59 59.54 10.77 10.2 30.27 30.07 15.13 15.0 
17.09 15.23 17.46 15.65 17.89 16.12 18.36 16.64 18.87 17.2 19.42 17.8 20.0 18.44 20.62 19.1 21.26 19.8 21.93 20.52 22.63 21.26 23.35 22.02 24.08 22.8 24.84 23.6 11.4 13.34 38.33 36.4 22.14 20.25 51.2 50.8 12.53 10.82 66.48 64.56 0.0 2.0 39.29 37.36 63.69 62.97 52.2 51.55 48.17 46.17 62.51 62.8 12.53 10.82 9.85 10.82 43.19 43.42 13.89 13.0 25.32 25.71 50.09 50.25 57.27 55.32 24.04 22.67 76.06 76.16 21.02 19.24 13.45 14.87 66.48 64.5 38.83 37.74 64.07 62.07 
18.97 17.09 19.31 17.46 19.7 17.89 20.12 18.36 20.59 18.87 21.1 19.42 21.63 20.0 22.2 20.62 22.8 21.26 23.43 21.93 24.08 22.63 24.76 23.35 25.46 24.08 26.17 24.84 12.08 13.93 37.85 35.9 24.04 22.14 51.66 51.2 11.7 9.85 67.05 65.15 2.0 0.0 39.85 37.95 64.47 63.69 52.92 52.2 48.04 46.04 62.29 62.51 14.32 12.53 9.22 9.85 43.05 43.19 15.65 14.87 27.29 27.66 50.01 50.09 56.89 54.92 25.5 24.04 76.01 76.06 22.85 21.02 12.21 13.45 66.75 64.78 40.0 38.83 64.2 62.2 
44.41 44.18 45.4 45.18 46.39 46.17 47.38 47.17 48.37 48.17 49.37 49.16 50.36 50.16 51.35 51.16 52.35 52.15 53.34 53.15 54.33 54.15 55.33 55.15 56.32 56.14 57.31 57.14 49.5 51.48 20.02 20.22 46.32 45.89 12.04 12.04 31.38 33.12 27.2 25.3 39.29 39.85 0.0 2.0 25.24 24.19 13.6 12.53 17.2 16.12 30.0 31.24 44.01 44.01 49.04 49.65 14.87 16.76 31.06 33.06 44.6 46.49 17.69 19.21 28.43 27.2 22.14 21.59 40.16 40.85 47.85 47.52 33.84 35.0 28.07 26.08 13.42 11.66 26.93 25.0 
42.43 42.19 43.42 43.19 44.41 44.18 45.4 45.18 46.39 46.17 47.38 47.17 48.37 48.17 49.37 49.16 50.36 50.16 51.35 51.16 52.35 52.15 53.34 53.15 54.33 54.15 55.33 55.15 47.52 49.5 20.02 20.02 44.38 43.93 14.04 14.04 29.68 31.38 29.12 27.2 37.36 37.95 2.0 0.0 26.93 25.94 15.26 14.32 18.44 17.2 31.62 32.8 42.01 42.01 47.13 47.76 15.65 17.46 29.07 31.06 42.72 44.6 19.1 20.52 29.73 28.43 20.25 19.65 42.06 42.72 45.89 45.54 32.2 33.42 30.07 28.07 12.65 10.77 28.86 26.93 
65.49 65.76 66.48 66.75 67.48 67.74 68.47 68.73 69.46 69.72 70.46 70.71 71.45 71.7 72.44 72.69 73.44 73.68 74.43 74.67 75.43 75.66 76.42 76.66 77.41 77.65 78.41 78.64 73.08 75.0 40.5 41.62 66.07 66.19 15.81 17.49 56.6 58.31 7.81 6.71 63.69 64.47 25.24 26.93 0.0 2.0 11.66 12.81 30.08 30.87 32.14 34.13 66.29 66.71 73.54 74.32 32.25 34.0 53.37 55.32 63.01 65.01 28.46 30.36 36.12 36.35 42.58 42.95 31.91 33.62 68.18 68.36 59.08 60.22 17.46 16.76 27.07 27.29 21.59 21.21 
65.28 65.49 66.27 66.48 67.27 67.48 68.26 68.47 69.26 69.46 70.26 70.46 71.25 71.45 72.25 72.44 73.25 73.44 74.24 74.43 75.24 75.43 76.24 76.42 77.23 77.41 78.23 78.41 72.53 74.46 38.83 40.0 66.01 66.07 14.21 15.81 55.57 57.31 6.4 5.0 62.97 63.69 24.19 25.94 2.0 0.0 10.77 11.66 28.23 29.07 30.15 32.14 65.92 66.29 72.8 73.54 30.53 32.25 52.95 54.92 63.07 65.07 26.57 28.46 34.13 34.37 42.3 42.58 30.23 31.91 68.07 68.18 57.98 59.08 15.65 14.87 27.0 27.07 19.65 19.24 
55.04 55.15 56.04 56.14 57.04 57.14 58.03 58.14 59.03 59.14 60.03 60.13 61.03 61.13 62.03 62.13 63.03 63.13 64.03 64.12 65.03 65.12 66.03 66.12 67.03 67.12 68.03 68.12 61.85 63.79 30.46 31.3 56.08 56.01 7.07 9.06 44.94 46.65 15.0 13.0 52.2 52.92 13.6 15.26 11.66 10.77 0.0 2.0 22.02 22.2 29.07 30.87 55.44 55.73 62.03 62.77 22.8 24.74 42.43 44.41 53.46 55.44 21.02 23.02 30.81 30.41 32.02 32.14 34.21 35.47 58.01 58.01 47.43 48.6 19.72 18.03 17.46 17.12 21.21 19.85 
55.0 55.04 56.0 56.04 57.0 57.04 58.0 58.03 59.0 59.03 60.0 60.03 61.0 61.03 62.0 62.03 63.0 63.03 64.0 64.03 65.0 65.03 66.0 66.03 67.0 67.03 68.0 68.03 61.39 63.35 28.64 29.53 56.22 56.08 5.1 7.07 43.91 45.65 15.13 13.15 51.55 52.2 12.53 14.32 12.81 11.66 2.0 0.0 20.02 20.22 27.29 29.07 55.23 55.44 61.35 62.03 20.88 22.8 42.19 44.18 53.76 55.73 19.03 21.02 28.86 28.44 32.02 32.02 33.02 34.21 58.08 58.01 46.32 47.43 18.79 17.0 18.03 17.46 19.85 18.38 
57.58 56.92 58.52 57.87 59.46 58.82 60.41 59.77 61.35 60.73 62.3 61.68 63.25 62.64 64.2 63.6 65.15 64.56 66.1 65.52 67.05 66.48 68.01 67.45 68.96 68.41 69.92 69.38 59.41 61.4 12.53 14.32 60.42 59.62 15.13 13.15 37.05 39.05 27.2 26.08 48.17 48.04 17.2 18.44 30.08 28.23 22.02 20.02 0.0 2.0 14.56 15.23 56.04 55.54 57.0 57.04 5.0 5.39 44.01 45.88 59.54 61.29 2.24 2.24 11.31 10.0 37.44 36.36 28.02 28.02 61.47 60.75 38.33 38.64 21.63 20.0 30.53 28.84 17.46 15.65 
55.71 55.03 56.65 55.97 57.58 56.92 58.52 57.87 59.46 58.82 60.41 59.77 61.35 60.73 62.3 61.68 63.25 62.64 64.2 63.6 65.15 64.56 66.1 65.52 67.05 66.48 68.01 67.45 57.43 59.41 10.82 12.53 58.6 57.78 15.52 13.6 35.06 37.05 28.43 27.2 46.17 46.04 16.12 17.2 30.87 29.07 22.2 20.22 2.0 0.0 16.49 17.09 54.12 53.6 55.0 55.04 3.0 3.61 42.15 44.01 57.8 59.54 4.12 4.12 12.81 11.31 35.81 34.67 30.02 30.02 59.62 58.87 36.35 36.67 23.32 21.63 29.53 27.78 19.31 17.46 
72.11 71.47 73.05 72.42 74.0 73.38 74.95 74.33 75.89 75.29 76.84 76.24 77.79 77.2 78.75 78.16 79.7 79.12 80.65 80.08 81.61 81.04 82.57 82.01 83.52 82.97 84.48 83.93 73.82 75.8 25.08 27.07 74.85 74.09 22.47 20.81 51.04 53.04 26.08 26.0 62.51 62.29 30.0 31.62 32.14 30.15 29.07 27.29 14.56 16.49 0.0 2.0 70.6 70.09 71.11 71.03 19.42 19.1 58.52 60.41 73.79 75.58 13.0 12.37 7.21 8.94 51.48 50.54 14.87 14.32 75.96 75.27 52.01 52.09 16.49 16.12 42.43 41.04 11.18 11.0 
72.8 72.11 73.74 73.05 74.67 74.0 75.61 74.95 76.55 75.89 77.49 76.84 78.43 77.79 79.38 78.75 80.32 79.7 81.27 80.65 82.22 81.61 83.17 82.57 84.12 83.52 85.07 84.48 74.15 76.12 25.0 27.0 75.64 74.85 24.19 22.47 51.16 53.15 28.07 28.0 62.8 62.51 31.24 32.8 34.13 32.14 30.87 29.07 15.23 17.09 2.0 0.0 71.17 70.6 71.25 71.11 19.92 19.42 59.24 61.1 74.71 76.48 13.89 13.0 6.32 8.25 52.48 51.48 15.65 14.87 76.69 75.96 52.01 52.01 18.44 18.11 43.86 42.43 13.15 13.0 
5.0 3.0 5.1 3.16 5.39 3.61 5.83 4.24 6.4 5.0 7.07 5.83 7.81 6.71 8.6 7.62 9.43 8.54 10.3 9.49 11.18 10.44 12.08 11.4 13.0 12.37 13.93 13.34 9.43 10.63 47.85 46.07 10.05 8.06 56.0 56.04 24.04 22.67 70.35 68.36 12.53 14.32 44.01 42.01 66.29 65.92 55.44 55.23 56.04 54.12 70.6 71.17 0.0 2.0 15.3 17.26 51.24 51.87 13.04 11.05 14.14 14.0 57.72 58.24 66.13 64.26 23.77 23.35 83.19 83.55 8.54 6.71 25.61 27.2 72.06 70.06 39.56 39.05 70.46 68.47 
7.0 5.0 7.07 5.1 7.28 5.39 7.62 5.83 8.06 6.4 8.6 7.07 9.22 7.81 9.9 8.6 10.63 9.43 11.4 10.3 12.21 11.18 13.04 12.08 13.89 13.0 14.76 13.93 7.81 9.22 47.01 45.19 12.04 10.05 56.04 56.0 22.67 21.21 70.58 68.59 10.82 12.53 44.01 42.01 66.71 66.29 55.73 55.44 55.54 53.6 70.09 70.6 2.0 0.0 13.34 15.3 50.7 51.24 13.34 11.4 16.12 16.0 57.27 57.72 65.46 63.57 24.35 23.77 82.87 83.19 10.44 8.54 24.08 25.61 72.01 70.01 40.16 39.56 70.26 68.26 
20.22 18.25 20.1 18.11 20.02 18.03 20.0 18.0 20.02 18.03 20.1 18.11 20.22 18.25 20.4 18.44 20.62 18.68 20.88 18.97 21.19 19.31 21.54 19.7 21.93 20.12 22.36 20.59 7.28 8.06 46.39 44.41 25.08 23.09 60.88 60.42 20.1 18.11 76.24 74.33 9.85 9.22 49.04 47.13 73.54 72.8 62.03 61.35 57.0 55.0 71.11 71.25 15.3 13.34 0.0 2.0 52.0 52.04 22.63 21.26 29.43 29.15 59.01 59.01 65.49 63.51 33.42 32.2 85.01 85.01 23.0 21.0 19.65 20.25 75.95 73.98 48.55 47.51 73.33 71.34 
22.2 20.22 22.09 20.1 22.02 20.02 22.0 20.0 22.02 20.02 22.09 20.1 22.2 20.22 22.36 20.4 22.56 20.62 22.8 20.88 23.09 21.19 23.41 21.54 23.77 21.93 24.17 22.36 9.22 9.85 46.17 44.18 27.07 25.08 61.4 60.88 20.0 18.0 76.84 74.95 10.82 9.85 49.65 47.76 74.32 73.54 62.77 62.03 57.04 55.04 71.03 71.11 17.26 15.3 2.0 0.0 52.04 52.0 24.08 22.8 31.4 31.14 59.08 59.01 65.28 63.29 34.71 33.42 85.05 85.01 25.0 23.0 19.24 19.65 76.3 74.33 49.65 48.55 73.55 71.57 
52.92 52.2 53.85 53.14 54.78 54.08 55.71 55.03 56.65 55.97 57.58 56.92 58.52 57.87 59.46 58.82 60.41 59.77 61.35 60.73 62.3 61.68 63.25 62.64 64.2 63.6 65.15 64.56 54.45 56.44 8.49 10.0 55.9 55.04 16.55 14.76 32.06 34.06 30.41 29.07 43.19 43.05 14.87 15.65 32.25 30.53 22.8 20.88 5.0 3.0 19.42 19.92 51.24 50.7 52.0 52.04 0.0 2.0 39.4 41.23 55.23 56.94 7.07 7.07 15.26 13.6 33.42 32.2 33.02 33.02 56.86 56.08 33.38 33.73 25.94 24.19 28.23 26.4 22.14 20.25 
53.71 52.92 54.63 53.85 55.54 54.78 56.46 55.71 57.38 56.65 58.31 57.58 59.24 58.52 60.17 59.46 61.1 60.41 62.03 61.35 62.97 62.3 63.91 63.25 64.85 64.2 65.79 65.15 54.74 56.72 7.21 8.94 56.82 55.9 18.38 16.55 32.0 34.0 31.89 30.61 43.42 43.19 16.76 17.46 34.0 32.25 24.74 22.8 5.39 3.61 19.1 19.42 51.87 51.24 52.04 52.0 2.0 0.0 40.25 42.05 56.3 57.98 7.62 7.07 14.32 12.53 34.71 33.42 33.14 33.02 57.7 56.86 33.14 33.38 26.93 25.24 30.08 28.23 22.85 21.02 
13.6 13.15 14.56 14.14 15.52 15.13 16.49 16.12 17.46 17.12 18.44 18.11 19.42 19.1 20.4 20.1 21.38 21.1 22.36 22.09 23.35 23.09 24.33 24.08 25.32 25.08 26.31 26.08 20.12 21.93 37.2 35.61 16.64 15.65 43.01 43.1 18.44 18.11 57.31 55.33 13.89 15.65 31.06 29.07 53.37 52.95 42.43 42.19 44.01 42.15 58.52 59.24 13.04 13.34 22.63 24.08 39.4 40.25 0.0 2.0 17.03 18.38 45.54 46.24 54.56 52.77 11.18 10.44 70.61 71.06 17.46 16.76 21.21 23.19 59.14 57.14 26.93 26.25 57.71 55.73 
11.7 11.18 12.65 12.17 13.6 13.15 14.56 14.14 15.52 15.13 16.49 16.12 17.46 17.12 18.44 18.11 19.42 19.1 20.4 20.1 21.38 21.1 22.36 22.09 23.35 23.09 24.33 24.08 18.36 20.12 38.83 37.2 15.0 13.89 45.01 45.1 18.97 18.44 59.3 57.31 13.0 14.87 33.06 31.06 55.32 54.92 44.41 44.18 45.88 44.01 60.41 61.1 11.05 11.4 21.26 22.8 41.23 42.05 2.0 0.0 15.81 17.03 47.43 48.1 56.36 54.56 13.0 12.37 72.57 73.01 15.65 14.87 21.59 23.54 61.13 59.14 28.79 28.16 59.68 57.71 
9.22 11.18 9.49 11.4 9.85 11.7 10.3 12.08 10.82 12.53 11.4 13.04 12.04 13.6 12.73 14.21 13.45 14.87 14.21 15.56 15.0 16.28 15.81 17.03 16.64 17.8 17.49 18.6 23.09 23.77 53.91 52.4 5.0 6.71 55.79 56.32 34.44 33.62 68.36 66.37 25.32 27.29 44.6 42.72 63.01 63.07 53.46 53.76 59.54 57.8 73.79 74.71 14.14 16.12 29.43 31.4 55.23 56.3 17.03 15.81 0.0 2.0 60.83 61.77 70.49 68.8 22.47 23.26 84.76 85.44 7.81 9.43 36.77 38.63 72.03 70.09 36.12 36.35 71.47 69.57 
9.0 11.0 9.06 11.05 9.22 11.18 9.49 11.4 9.85 11.7 10.3 12.08 10.82 12.53 11.4 13.04 12.04 13.6 12.73 14.21 13.45 14.87 14.21 15.56 15.0 16.28 15.81 17.03 22.56 23.09 55.44 53.91 4.12 6.08 57.72 58.24 35.36 34.44 70.35 68.36 25.71 27.66 46.49 44.6 65.01 65.07 55.44 55.73 61.29 59.54 75.58 76.48 14.0 16.0 29.15 31.14 56.94 57.98 18.38 17.03 2.0 0.0 62.61 63.53 72.2 70.49 24.35 25.08 86.65 87.32 6.71 8.54 37.58 39.4 73.98 72.03 38.12 38.33 73.38 71.47 
59.14 58.52 60.08 59.48 61.03 60.44 61.98 61.4 62.94 62.36 63.89 63.32 64.85 64.29 65.8 65.25 66.76 66.22 67.72 67.19 68.68 68.15 69.64 69.12 70.6 70.09 71.57 71.06 61.29 63.29 14.76 16.55 61.85 61.1 14.0 12.0 39.12 41.11 25.24 24.19 50.09 50.01 17.69 19.1 28.46 26.57 21.02 19.03 2.24 4.12 13.0 13.89 57.72 57.27 59.01 59.08 7.07 7.62 45.54 47.43 60.83 62.61 0.0 2.0 10.82 9.85 38.59 37.59 26.0 26.08 62.97 62.3 40.45 40.79 19.42 17.8 30.81 29.21 15.23 13.42 
59.81 59.14 60.75 60.08 61.68 61.03 62.63 61.98 63.57 62.94 64.51 63.89 65.46 64.85 66.41 65.8 67.36 66.76 68.31 67.72 69.26 68.68 70.21 69.64 71.17 70.6 72.12 71.57 61.52 63.51 13.93 15.81 62.65 61.85 16.0 14.0 39.01 41.01 26.93 25.94 50.25 50.09 19.21 20.52 30.36 28.46 23.02 21.02 2.24 4.12 12.37 13.0 58.24 57.72 59.01 59.01 7.07 7.07 46.24 48.1 61.77 63.53 2.0 0.0 9.22 8.06 39.66 38.59 26.08 26.0 63.69 62.97 40.2 40.45 20.62 19.1 32.45 30.81 16.12 14.42 
68.03 67.23 68.94 68.15 69.86 69.08 70.77 70.01 71.69 70.94 72.62 71.87 73.54 72.8 74.46 73.74 75.39 74.67 76.32 75.61 77.25 76.55 78.19 77.49 79.12 78.43 80.06 79.38 68.66 70.61 19.1 21.1 71.12 70.21 23.77 21.84 45.4 47.38 31.05 30.59 57.27 56.89 28.43 29.73 36.12 34.13 30.81 28.86 11.31 12.81 7.21 6.32 66.13 65.46 65.49 65.28 15.26 14.32 54.56 56.36 70.49 72.2 10.82 9.22 0.0 2.0 48.6 47.43 21.93 21.19 72.01 71.18 46.1 46.01 22.36 21.54 41.62 40.0 17.0 16.16 
66.21 65.39 67.12 66.31 68.03 67.23 68.94 68.15 69.86 69.08 70.77 70.01 71.69 70.94 72.62 71.87 73.54 72.8 74.46 73.74 75.39 74.67 76.32 75.61 77.25 76.55 78.19 77.49 66.71 68.66 17.12 19.1 69.35 68.43 23.35 21.38 43.42 45.4 31.62 31.05 55.32 54.92 27.2 28.43 36.35 34.37 30.41 28.44 10.0 11.31 8.94 8.25 64.26 63.57 63.51 63.29 13.6 12.53 52.77 54.56 68.8 70.49 9.85 8.06 2.0 0.0 47.01 45.8 23.77 23.09 70.21 69.35 44.1 44.01 23.32 22.36 40.5 38.83 18.03 17.0 
23.02 23.19 24.02 24.19 25.02 25.18 26.02 26.17 27.02 27.17 28.02 28.16 29.02 29.15 30.02 30.15 31.02 31.14 32.02 32.14 33.02 33.14 34.01 34.13 35.01 35.13 36.01 36.12 31.3 33.11 33.6 32.45 24.33 24.08 33.54 33.96 23.77 24.35 47.01 45.01 24.04 25.5 22.14 20.25 42.58 42.3 32.02 32.02 37.44 35.81 51.48 52.48 23.77 24.35 33.42 34.71 33.42 34.71 11.18 13.0 22.47 24.35 38.59 39.66 48.6 47.01 0.0 2.0 62.3 62.97 26.08 26.0 26.93 28.86 49.82 47.85 15.81 15.3 49.04 47.13 
23.02 23.02 24.02 24.02 25.02 25.02 26.02 26.02 27.02 27.02 28.02 28.02 29.02 29.02 30.02 30.02 31.02 31.02 32.02 32.02 33.02 33.02 34.01 34.01 35.01 35.01 36.01 36.01 30.46 32.31 32.02 30.81 24.74 24.33 33.24 33.54 21.84 22.47 47.1 45.1 22.67 24.04 21.59 19.65 42.95 42.58 32.14 32.02 36.36 34.67 50.54 51.48 23.35 23.77 32.2 33.42 32.2 33.42 10.44 12.37 23.26 25.08 37.59 38.59 47.43 45.8 2.0 0.0 61.68 62.3 26.31 26.08 25.0 26.93 49.5 47.52 16.55 15.81 48.51 46.57 
84.17 83.74 85.15 84.72 86.12 85.7 87.1 86.68 88.07 87.66 89.05 88.65 90.03 89.63 91.01 90.61 91.98 91.59 92.96 92.57 93.94 93.56 94.92 94.54 95.9 95.52 96.88 96.51 87.21 89.2 39.62 41.59 86.4 85.87 29.53 28.64 65.07 67.07 24.19 25.24 76.06 76.01 40.16 42.06 31.91 30.23 34.21 33.02 28.02 30.02 14.87 15.65 83.19 82.87 85.01 85.05 33.02 33.14 70.61 72.57 84.76 86.65 26.0 26.08 21.93 23.77 62.3 61.68 0.0 2.0 87.8 87.32 66.27 66.48 14.87 16.28 50.61 49.65 13.42 15.23 
84.65 84.17 85.62 85.15 86.59 86.12 87.56 87.1 88.53 88.07 89.5 89.05 90.47 90.03 91.44 91.01 92.42 91.98 93.39 92.96 94.37 93.94 95.34 94.92 96.32 95.9 97.29 96.88 87.37 89.36 39.32 41.3 86.98 86.4 30.53 29.53 65.01 67.01 25.94 26.93 76.16 76.06 40.85 42.72 33.62 31.91 35.47 34.21 28.02 30.02 14.32 14.87 83.55 83.19 85.01 85.01 33.02 33.02 71.06 73.01 85.44 87.32 26.08 26.0 21.19 23.09 62.97 62.3 2.0 0.0 88.32 87.8 66.12 66.27 16.4 17.69 51.62 50.61 14.42 16.12 
4.24 5.83 3.61 5.39 3.16 5.1 3.0 5.0 3.16 5.1 3.61 5.39 4.24 5.83 5.0 6.4 5.83 7.07 6.71 7.81 7.62 8.6 8.54 9.43 9.49 10.3 10.44 11.18 16.12 16.49 54.38 52.7 2.83 2.0 59.54 59.84 32.02 30.81 73.01 71.01 21.02 22.85 47.85 45.89 68.18 68.07 58.01 58.08 61.47 59.62 75.96 76.69 8.54 10.44 23.0 25.0 56.86 57.7 17.46 15.65 7.81 6.71 62.97 63.69 72.01 70.21 26.08 26.31 87.8 88.32 0.0 2.0 33.84 35.51 75.8 73.82 41.11 41.01 74.73 72.78 
3.16 4.24 2.24 3.61 1.41 3.16 1.0 3.0 1.41 3.16 2.24 3.61 3.16 4.24 4.12 5.0 5.1 5.83 6.08 6.71 7.07 7.62 8.06 8.54 9.06 9.49 10.05 10.44 14.14 14.56 53.34 51.62 4.47 2.83 59.3 59.54 30.48 29.21 73.01 71.01 19.24 21.02 47.52 45.54 68.36 68.18 58.01 58.01 60.75 58.87 75.27 75.96 6.71 8.54 21.0 23.0 56.08 56.86 16.76 14.87 9.43 8.54 62.3 62.97 71.18 69.35 26.0 26.08 87.32 87.8 2.0 0.0 32.2 33.84 75.54 73.55 41.3 41.11 74.33 72.37 
29.68 28.02 30.23 28.6 30.81 29.21 31.4 29.83 32.02 30.48 32.65 31.14 33.3 31.83 33.97 32.53 34.66 33.24 35.36 33.97 36.07 34.71 36.8 35.47 37.54 36.24 38.29 37.01 24.19 25.94 27.02 25.02 34.48 32.76 44.72 43.86 3.16 3.16 60.37 58.59 13.45 12.21 33.84 32.2 59.08 57.98 47.43 46.32 38.33 36.35 52.01 52.01 25.61 24.08 19.65 19.24 33.38 33.14 21.21 21.59 36.77 37.58 40.45 40.2 46.1 44.1 26.93 25.0 66.27 66.12 33.84 32.2 0.0 2.0 58.52 56.61 38.01 36.4 55.32 53.37 
31.38 29.68 31.91 30.23 32.45 30.81 33.02 31.4 33.6 32.02 34.21 32.65 34.83 33.3 35.47 33.97 36.12 34.66 36.8 35.36 37.48 36.07 38.18 36.8 38.9 37.54 39.62 38.29 25.24 26.93 27.02 25.02 36.24 34.48 45.65 44.72 5.1 5.1 61.29 59.54 14.87 13.45 35.0 33.42 60.22 59.08 48.6 47.43 38.64 36.67 52.09 52.01 27.2 25.61 20.25 19.65 33.73 33.38 23.19 23.54 38.63 39.4 40.79 40.45 46.01 44.01 28.86 26.93 66.48 66.27 35.51 33.84 2.0 0.0 59.14 57.25 39.66 38.01 55.79 53.85 
72.44 72.25 73.44 73.25 74.43 74.24 75.43 75.24 76.42 76.24 77.41 77.23 78.41 78.23 79.4 79.23 80.4 80.22 81.39 81.22 82.39 82.22 83.38 83.22 84.38 84.21 85.38 85.21 77.16 79.16 34.13 35.85 74.15 73.82 16.28 16.03 56.75 58.69 10.2 10.77 66.48 66.75 28.07 30.07 17.46 15.65 19.72 18.79 21.63 23.32 16.49 18.44 72.06 72.01 75.95 76.3 25.94 26.93 59.14 61.13 72.03 73.98 19.42 20.62 22.36 23.32 49.82 49.5 14.87 16.4 75.8 75.54 58.52 59.14 0.0 2.0 36.77 36.06 5.39 6.4 
70.46 70.26 71.45 71.25 72.44 72.25 73.44 73.25 74.43 74.24 75.43 75.24 76.42 76.24 77.41 77.23 78.41 78.23 79.4 79.23 80.4 80.22 81.39 81.22 82.39 82.22 83.38 83.22 75.17 77.16 32.45 34.13 72.18 71.85 14.32 14.04 54.82 56.75 10.0 10.2 64.5 64.78 26.08 28.07 16.76 14.87 18.03 17.0 20.0 21.63 16.12 18.11 70.06 70.01 73.98 74.33 24.19 25.24 57.14 59.14 70.09 72.03 17.8 19.1 21.54 22.36 47.85 47.52 16.28 17.69 73.82 73.55 56.61 57.25 2.0 0.0 34.93 34.18 5.0 5.39 
38.47 38.83 39.46 39.81 40.45 40.79 41.44 41.77 42.43 42.76 43.42 43.74 44.41 44.72 45.4 45.71 46.39 46.69 47.38 47.68 48.37 48.66 49.37 49.65 50.36 50.64 51.35 51.62 47.01 48.85 32.39 32.14 39.01 39.12 21.1 22.2 35.0 36.24 32.25 30.27 38.83 40.0 13.42 12.65 27.07 27.0 17.46 18.03 30.53 29.53 42.43 43.86 39.56 40.16 48.55 49.65 28.23 30.08 26.93 28.79 36.12 38.12 30.81 32.45 41.62 40.5 15.81 16.55 50.61 51.62 41.11 41.3 38.01 39.66 36.77 34.93 0.0 2.0 37.22 35.51 
38.21 38.47 39.2 39.46 40.2 40.45 41.19 41.44 42.19 42.43 43.19 43.42 44.18 44.41 45.18 45.4 46.17 46.39 47.17 47.38 48.17 48.37 49.16 49.37 50.16 50.36 51.16 51.35 46.24 48.1 30.41 30.15 39.01 39.01 20.12 21.1 33.42 34.71 32.06 30.07 37.74 38.83 11.66 10.77 27.29 27.07 17.12 17.46 28.84 27.78 41.04 42.43 39.05 39.56 47.51 48.55 26.4 28.23 26.25 28.16 36.35 38.33 29.21 30.81 40.0 38.83 15.3 15.81 49.65 50.61 41.01 41.11 36.4 38.01 36.06 34.18 2.0 0.0 36.24 34.48 
71.2 70.86 72.18 71.85 73.16 72.84 74.15 73.82 75.13 74.81 76.12 75.8 77.1 76.79 78.09 77.78 79.08 78.77 80.06 79.76 81.05 80.75 82.04 81.74 83.02 82.73 84.01 83.73 75.0 77.0 29.97 31.78 73.25 72.78 16.12 15.23 53.76 55.73 15.0 15.13 64.07 64.2 26.93 28.86 21.59 19.65 21.21 19.85 17.46 19.31 11.18 13.15 70.46 70.26 73.33 73.55 22.14 22.85 57.71 59.68 71.47 73.38 15.23 16.12 17.0 18.03 49.04 48.51 13.42 14.42 74.73 74.33 55.32 55.79 5.39 5.0 37.22 36.24 0.0 2.0 
69.23 68.88 70.21 69.87 71.2 70.86 72.18 71.85 73.16 72.84 74.15 73.82 75.13 74.81 76.12 75.8 77.1 76.79 78.09 77.78 79.08 78.77 80.06 79.76 81.05 80.75 82.04 81.74 73.0 75.0 28.18 29.97 71.31 70.83 14.42 13.42 51.79 53.76 15.13 15.0 62.07 62.2 25.0 26.93 21.21 19.24 19.85 18.38 15.65 17.46 11.0 13.0 68.47 68.26 71.34 71.57 20.25 21.02 55.73 57.71 69.57 71.47 13.42 14.42 16.16 17.0 47.13 46.57 15.23 16.12 72.78 72.37 53.37 53.85 6.4 5.39 35.51 34.48 2.0 0.0 
