85
0.0 2.0 1.0 2.24 68.01 69.92 59.55 60.88 78.24 79.81 97.19 98.49 42.58 44.55 113.02 113.07 78.49 80.16 153.83 154.87 69.07 69.01 76.32 76.53 12.04 12.37 89.2 90.55 37.22 37.48 119.1 121.1 144.31 145.1 169.54 170.14 34.83 36.12 105.0 106.21 14.87 14.32 158.93 159.48 133.15 134.24 60.03 60.0 157.17 159.06 25.96 27.89 52.35 52.15 63.63 65.37 165.74 166.11 133.24 133.38 62.63 64.2 65.44 66.71 105.8 106.07 161.11 161.05 72.28 74.22 65.22 66.85 87.37 88.48 43.83 45.0 59.0 59.03 124.62 124.95 47.01 48.27 71.17 71.87 38.42 
2.0 0.0 2.24 1.0 66.1 68.01 58.05 59.41 77.01 78.6 95.9 97.19 42.3 44.28 113.0 113.02 77.39 79.08 152.82 153.83 69.18 69.07 76.16 76.32 12.04 12.04 87.73 89.11 35.23 35.51 119.04 121.04 143.54 144.31 168.96 169.54 33.3 34.66 103.81 105.0 15.65 14.87 158.4 158.93 132.08 133.15 60.13 60.03 156.54 158.45 25.5 27.46 52.61 52.35 61.91 63.63 165.39 165.74 133.14 133.24 61.07 62.63 63.89 65.19 105.57 105.8 161.2 161.11 71.81 73.76 63.6 65.22 86.28 87.37 42.72 43.83 57.0 57.04 124.31 124.62 45.45 46.75 69.29 70.01 36.88 
1.0 2.24 0.0 2.0 67.72 69.64 58.9 60.21 77.47 79.03 96.43 97.74 41.59 43.57 112.02 112.07 77.67 79.32 152.98 154.02 68.07 68.01 75.33 75.54 11.05 11.4 88.53 89.87 37.12 37.34 118.11 120.1 143.39 144.18 168.59 169.19 34.21 35.47 104.2 105.42 13.93 13.34 157.97 158.52 132.31 133.41 59.03 59.0 156.22 158.11 25.0 26.93 51.35 51.16 63.13 64.88 164.75 165.13 132.24 132.38 62.01 63.6 64.82 66.07 104.81 105.08 160.11 160.05 71.31 73.25 64.64 66.29 86.53 87.66 43.01 44.2 59.01 59.01 123.63 123.97 46.4 47.63 70.84 71.51 37.8 
2.24 1.0 2.0 0.0 65.8 67.72 57.38 58.73 76.22 77.8 95.13 96.43 41.3 43.29 112.0 112.02 76.55 78.23 151.95 152.98 68.18 68.07 75.17 75.33 11.05 11.05 87.05 88.41 35.13 35.36 118.04 120.04 142.62 143.39 168.0 168.59 32.65 33.97 103.0 104.2 14.76 13.93 157.43 157.97 131.23 132.31 59.14 59.03 155.59 157.49 24.52 26.48 51.62 51.35 61.4 63.13 164.4 164.75 132.14 132.24 60.44 62.01 63.25 64.54 104.58 104.81 160.2 160.11 70.83 72.78 63.01 64.64 85.44 86.53 41.88 43.01 57.01 57.01 123.32 123.63 44.82 46.1 68.95 69.64 36.24 
68.01 66.1 67.72 65.8 0.0 2.0 27.59 29.0 44.01 45.88 54.04 54.0 62.03 62.77 112.33 111.22 49.66 51.48 112.87 113.14 83.82 82.2 80.62 79.2 64.5 62.51 40.01 42.01 32.25 31.3 115.76 117.48 113.36 113.22 142.79 142.59 38.05 38.21 64.03 64.0 70.26 68.26 134.81 134.5 92.27 92.44 78.03 76.32 129.87 131.86 58.22 58.42 77.88 76.06 15.62 14.42 147.22 146.76 126.56 125.67 24.84 23.6 25.24 26.93 99.64 98.62 157.87 156.98 68.62 70.09 21.63 20.59 55.66 55.08 43.08 41.23 20.88 18.97 112.4 111.62 29.41 30.08 4.47 6.32 35.23 
69.92 68.01 69.64 67.72 2.0 0.0 29.07 30.41 44.78 46.62 54.15 54.04 63.91 64.62 113.46 112.33 50.54 52.33 112.64 112.87 85.45 83.82 82.07 80.62 66.48 64.5 40.01 42.01 34.0 33.11 116.81 118.51 113.53 113.36 143.01 142.79 40.05 40.2 64.12 64.03 72.25 70.26 135.15 134.81 92.14 92.27 79.76 78.03 130.12 132.1 60.21 60.41 79.71 77.88 16.97 15.62 147.71 147.22 127.48 126.56 26.17 24.84 26.4 28.02 100.7 99.64 158.78 157.87 70.01 71.45 22.8 21.63 56.3 55.66 44.94 43.08 21.54 19.7 113.22 112.4 31.32 31.95 4.0 6.0 37.22 
59.55 58.05 58.9 57.38 27.59 29.07 0.0 2.0 22.36 24.33 39.36 40.31 38.12 38.33 85.59 84.6 26.02 28.02 99.02 99.72 56.6 54.92 53.04 51.62 51.62 49.93 29.7 31.14 35.9 33.96 89.44 91.24 94.64 94.89 123.1 123.2 24.76 23.43 48.47 49.24 55.9 54.12 114.02 114.0 77.83 78.55 51.48 49.66 110.11 112.11 40.5 39.85 52.63 50.7 12.21 13.89 124.9 124.68 101.02 100.3 4.0 6.0 6.32 7.21 73.35 72.5 132.23 131.47 41.11 42.64 8.06 10.05 34.13 34.37 20.22 18.25 41.44 39.56 87.64 87.09 12.81 11.31 26.63 25.55 21.21 
60.88 59.41 60.21 58.73 29.0 30.41 2.0 0.0 20.4 22.36 37.59 38.59 38.01 38.12 83.86 82.86 24.02 26.02 97.14 97.86 55.57 53.85 51.66 50.21 52.7 51.04 28.32 29.7 37.85 35.9 87.66 89.44 92.66 92.91 121.1 121.2 26.17 24.76 46.62 47.42 56.82 55.07 112.02 112.0 75.96 76.69 50.7 48.85 108.12 110.11 41.23 40.5 52.17 50.22 13.45 15.0 122.92 122.69 99.16 98.43 4.47 6.32 6.0 6.32 71.55 70.68 130.39 129.62 39.62 41.11 8.54 10.44 32.14 32.39 20.62 18.68 43.32 41.44 85.73 85.16 14.42 12.81 27.8 26.63 22.67 
78.24 77.01 77.47 76.22 44.01 44.78 22.36 20.4 0.0 2.0 19.1 20.62 46.1 45.31 70.09 68.77 6.4 7.81 77.08 77.88 52.61 50.64 44.6 42.72 68.59 67.21 17.03 17.03 58.25 56.29 72.8 74.4 72.34 72.56 101.0 101.04 44.78 43.05 26.93 28.02 71.59 70.09 92.2 92.09 55.95 56.8 51.01 49.01 88.01 90.01 55.32 54.04 55.73 53.76 29.61 30.08 103.75 103.41 82.86 81.88 22.0 22.09 20.1 18.11 56.85 55.61 114.13 113.18 32.28 32.89 23.35 23.77 12.04 12.04 34.66 33.3 61.81 59.84 68.45 67.62 34.18 32.31 41.15 39.36 41.59 
79.81 78.6 79.03 77.8 45.88 46.62 24.33 22.36 2.0 0.0 17.8 19.42 46.96 46.1 68.62 67.27 5.39 6.4 75.24 76.06 52.35 50.36 43.97 42.06 70.04 68.68 17.26 17.03 60.21 58.25 71.22 72.8 70.35 70.58 99.01 99.05 46.53 44.78 25.24 26.4 72.92 71.45 90.2 90.09 54.13 55.01 51.09 49.09 86.01 88.01 56.64 55.32 56.09 54.13 31.58 32.02 101.79 101.43 81.12 80.13 24.0 24.08 22.09 20.1 55.32 54.04 112.38 111.41 31.78 32.28 25.32 25.71 10.05 10.05 36.12 34.83 63.79 61.81 66.64 65.8 36.06 34.18 42.95 41.15 43.38 
97.19 95.9 96.43 95.13 54.04 54.15 39.36 37.59 19.1 17.8 0.0 2.0 64.5 63.53 72.4 70.72 21.02 20.25 60.17 60.73 66.19 64.2 56.04 54.04 87.68 86.28 14.32 12.37 74.67 72.8 73.41 74.65 59.41 59.21 88.96 88.68 63.25 61.61 10.0 10.2 90.69 89.2 81.49 81.02 39.05 39.56 66.49 64.54 76.12 78.09 74.41 73.11 72.42 70.52 42.76 42.43 94.92 94.24 80.66 79.31 37.7 37.0 35.11 33.24 58.83 57.14 111.04 109.81 45.18 45.04 37.36 36.88 15.03 13.04 53.74 52.35 74.11 72.11 65.19 63.89 51.97 50.25 50.16 48.17 59.91 
98.49 97.19 97.74 96.43 54.0 54.04 40.31 38.59 20.62 19.42 2.0 0.0 66.24 65.3 74.09 72.4 22.85 22.14 59.67 60.17 68.18 66.19 58.03 56.04 89.11 87.68 14.04 12.04 75.39 73.54 75.0 76.22 59.68 59.41 89.27 88.96 64.4 62.8 10.2 10.0 92.2 90.69 82.01 81.49 38.64 39.05 68.45 66.49 76.49 78.45 75.93 74.65 74.33 72.42 43.17 42.76 95.63 94.92 82.04 80.66 38.48 37.7 35.85 34.01 60.54 58.83 112.29 111.04 47.17 47.04 37.95 37.36 17.03 15.03 55.17 53.74 74.24 72.25 66.53 65.19 53.0 51.31 50.04 48.04 61.03 
42.58 42.3 41.59 41.3 62.03 63.91 38.12 38.01 46.1 46.96 64.5 66.24 0.0 2.0 71.18 71.06 43.57 44.65 115.26 116.52 28.79 28.16 34.0 34.06 30.59 30.27 61.68 62.3 48.41 46.86 77.03 79.03 103.35 104.32 127.47 128.16 28.28 26.91 70.0 71.61 30.46 29.73 116.69 117.32 95.52 96.9 20.12 19.31 115.32 117.18 17.0 15.0 16.4 14.87 49.03 50.99 123.17 123.56 91.01 91.05 42.11 44.1 44.01 44.01 63.29 63.51 119.71 119.51 30.08 31.95 46.17 48.17 51.4 53.01 18.97 20.88 66.84 65.6 82.04 82.38 32.7 31.95 62.64 62.1 29.21 
44.55 44.28 43.57 43.29 62.77 64.62 38.33 38.12 45.31 46.1 63.53 65.3 2.0 0.0 69.18 69.07 42.54 43.57 113.7 114.98 26.93 26.25 32.0 32.06 32.56 32.25 61.13 61.68 50.0 48.41 75.03 77.03 101.6 102.58 125.59 126.29 29.73 28.28 68.82 70.46 32.31 31.62 114.79 115.43 94.07 95.46 18.36 17.46 113.46 115.32 19.0 17.0 15.26 13.6 49.48 51.42 121.2 121.6 89.01 89.05 42.3 44.28 44.1 44.01 61.29 61.52 117.72 117.52 28.23 30.08 46.39 48.37 50.22 51.87 19.7 21.54 68.12 66.84 80.06 80.41 33.54 32.7 63.25 62.64 30.48 
113.02 113.0 112.02 112.0 112.33 113.46 85.59 83.86 70.09 68.62 72.4 74.09 71.18 69.18 0.0 2.0 63.78 62.29 79.31 81.25 44.28 44.1 37.34 37.66 101.0 101.0 83.1 81.84 114.48 112.58 6.71 8.54 57.58 59.46 68.59 70.01 94.37 92.44 67.54 69.35 99.25 99.13 57.28 58.73 70.01 72.01 53.15 53.04 60.0 61.22 88.14 86.15 61.52 61.29 96.8 97.91 57.31 58.31 20.88 21.54 87.66 88.75 87.09 85.45 13.6 15.26 48.66 48.37 45.88 44.01 90.7 91.84 60.96 62.48 80.36 80.96 126.56 124.78 20.59 22.36 91.0 89.16 110.21 108.6 93.3 
113.07 113.02 112.07 112.02 111.22 112.33 84.6 82.86 68.77 67.27 70.72 72.4 71.06 69.07 2.0 0.0 62.48 60.96 77.37 79.31 44.55 44.28 37.12 37.34 101.04 101.0 81.57 80.28 113.89 111.97 6.08 8.06 55.71 57.58 67.21 68.59 93.86 91.92 65.74 67.54 99.41 99.25 55.87 57.28 68.01 70.01 53.34 53.15 58.41 59.67 88.05 86.05 61.81 61.52 95.72 96.8 56.36 57.31 20.4 20.88 86.61 87.66 85.98 84.31 12.04 13.6 49.03 48.66 45.22 43.32 89.59 90.7 59.46 60.96 79.81 80.36 125.67 123.88 18.87 20.59 90.25 88.39 109.04 107.42 92.72 
78.49 77.39 77.67 76.55 49.66 50.54 26.02 24.02 6.4 5.39 21.02 22.85 43.57 42.54 63.78 62.48 0.0 2.0 75.59 76.54 47.17 45.18 38.6 36.69 68.25 67.01 22.56 22.2 61.4 59.41 66.61 68.24 69.05 69.43 97.19 97.33 46.24 44.38 26.87 28.32 70.72 69.35 88.01 88.01 54.71 55.76 46.27 44.28 84.21 86.21 54.49 53.04 51.66 49.73 34.79 35.47 98.99 98.73 76.94 76.03 26.48 26.93 25.0 23.09 50.61 49.41 108.24 107.33 26.48 26.93 28.46 29.15 8.94 10.0 34.67 33.62 66.71 64.76 62.77 62.03 36.67 34.71 47.01 45.28 43.32 
80.16 79.08 79.32 78.23 51.48 52.33 28.02 26.02 7.81 6.4 20.25 22.14 44.65 43.57 62.29 60.96 2.0 0.0 73.82 74.79 47.04 45.04 38.08 36.14 69.81 68.6 23.09 22.56 63.39 61.4 65.0 66.61 67.08 67.47 95.19 95.34 48.1 46.24 25.5 27.02 72.18 70.84 86.01 86.01 53.0 54.08 46.53 44.55 82.22 84.21 55.97 54.49 52.2 50.29 36.69 37.34 97.02 96.75 75.18 74.24 28.44 28.86 26.93 25.0 49.04 47.8 106.47 105.55 26.17 26.48 30.36 31.02 7.21 8.49 36.36 35.36 68.66 66.71 60.93 60.17 38.64 36.67 48.76 47.01 45.22 
153.83 152.82 152.98 151.95 112.87 112.64 99.02 97.14 77.08 75.24 60.17 59.67 115.26 113.7 79.31 77.37 75.59 73.82 0.0 2.0 103.41 101.83 91.21 89.64 143.12 142.04 73.16 71.2 134.71 132.82 75.13 74.81 23.02 21.02 41.73 40.36 121.67 119.87 50.6 50.0 144.84 143.69 41.68 39.96 21.19 20.62 108.37 106.89 33.62 34.67 128.97 127.31 116.73 115.28 102.84 102.39 57.98 56.3 71.01 69.01 97.72 97.12 95.21 93.3 71.31 69.46 89.81 87.92 86.98 85.56 97.53 97.02 66.65 65.74 110.15 109.18 133.51 131.53 59.68 57.71 111.23 109.38 108.66 106.68 118.6 
154.87 153.83 154.02 152.98 113.14 112.87 99.72 97.86 77.88 76.06 60.73 60.17 116.52 114.98 81.25 79.31 76.54 74.79 2.0 0.0 105.0 103.41 92.8 91.21 144.22 143.12 73.55 71.59 135.35 133.46 77.1 76.79 25.02 23.02 43.14 41.73 122.54 120.75 51.26 50.6 146.01 144.84 43.42 41.68 21.93 21.19 109.88 108.37 35.36 36.36 130.1 128.46 118.19 116.73 103.32 102.84 59.68 57.98 73.01 71.01 98.35 97.72 95.82 93.92 73.16 71.31 91.71 89.81 88.39 87.0 98.08 97.53 67.6 66.65 111.14 110.15 133.82 131.85 61.66 59.68 112.0 110.17 108.9 106.92 119.44 
69.07 69.18 68.07 68.18 83.82 85.45 56.6 55.57 52.61 52.35 66.19 68.18 28.79 26.93 44.28 44.55 47.17 47.04 103.41 105.0 0.0 2.0 12.21 13.89 57.14 57.31 69.58 69.35 76.32 74.63 50.64 52.61 87.05 88.41 107.04 108.05 55.76 54.08 67.68 69.63 55.04 55.0 95.77 96.75 86.45 88.19 9.06 9.49 95.96 97.64 45.12 43.17 17.26 17.03 68.8 70.49 99.62 100.3 64.94 65.31 60.03 61.77 60.83 59.93 39.4 40.25 92.05 92.01 21.02 21.21 64.01 65.76 51.16 53.15 43.28 44.6 92.76 91.29 58.69 59.51 56.57 55.17 83.22 82.15 55.8 
69.01 69.07 68.01 68.07 82.2 83.82 54.92 53.85 50.64 50.36 64.2 66.19 28.16 26.25 44.1 44.28 45.18 45.04 101.83 103.41 2.0 0.0 10.63 12.21 57.04 57.14 67.6 67.36 75.29 73.57 50.36 52.35 85.7 87.05 106.07 107.04 54.71 53.0 65.73 67.68 55.15 55.04 94.83 95.77 84.72 86.45 9.06 9.06 94.87 96.57 44.72 42.76 17.72 17.26 67.12 68.8 98.98 99.62 64.63 64.94 58.31 60.03 59.06 58.14 38.63 39.4 92.14 92.05 19.03 19.24 62.27 64.01 49.16 51.16 42.01 43.28 91.44 89.94 57.94 58.69 55.17 53.74 81.54 80.45 54.64 
76.32 76.16 75.33 75.17 80.62 82.07 53.04 51.66 44.6 43.97 56.04 58.03 34.0 32.0 37.34 37.12 38.6 38.08 91.21 92.8 12.21 10.63 0.0 2.0 64.28 64.12 61.13 60.64 78.0 76.16 43.05 45.04 75.17 76.49 96.15 97.06 57.58 55.71 56.57 58.55 63.15 62.8 85.0 85.87 74.3 76.06 18.36 17.46 84.72 86.45 51.0 49.0 27.29 26.4 65.12 66.6 89.99 90.52 57.01 57.08 55.97 57.49 56.22 55.0 29.61 30.08 85.99 85.71 12.53 11.7 59.67 61.22 41.11 43.1 43.86 44.72 92.09 90.44 48.76 49.34 55.76 54.08 79.4 78.1 56.86 
76.53 76.32 75.54 75.33 79.2 80.62 51.62 50.21 42.72 42.06 54.04 56.04 34.06 32.06 37.66 37.34 36.69 36.14 89.64 91.21 13.89 12.21 2.0 0.0 64.5 64.28 59.2 58.69 77.25 75.39 43.19 45.18 73.88 75.17 95.27 96.15 56.92 55.03 54.59 56.57 63.56 63.15 84.17 85.0 72.56 74.3 19.42 18.36 83.73 85.48 51.04 49.04 28.3 27.29 63.66 65.12 89.5 89.99 57.01 57.01 54.49 55.97 54.67 53.41 29.27 29.61 86.31 85.99 10.82 9.85 58.14 59.67 39.12 41.11 43.08 43.86 90.97 89.31 48.27 48.76 54.71 53.0 77.9 76.58 56.08 
12.04 12.04 11.05 11.05 64.5 66.48 51.62 52.7 68.59 70.04 87.68 89.11 30.59 32.56 101.0 101.04 68.25 69.81 143.12 144.22 57.14 57.04 64.28 64.5 0.0 2.0 80.8 82.01 36.88 36.5 107.07 109.07 132.91 133.75 157.8 158.43 27.86 28.64 95.02 96.33 6.32 4.47 147.12 147.71 122.64 123.81 48.09 48.01 145.5 147.38 14.32 16.16 40.61 40.31 57.58 59.46 153.76 154.15 121.2 121.33 55.07 56.82 57.8 58.83 93.77 94.05 149.16 149.08 60.44 62.36 58.14 59.93 77.01 78.24 33.94 35.38 59.23 58.86 112.61 112.97 39.81 40.71 67.08 67.47 31.38 
12.37 12.04 11.4 11.05 62.51 64.5 49.93 51.04 67.21 68.68 86.28 87.68 30.27 32.25 101.0 101.0 67.01 68.6 142.04 143.12 57.31 57.14 64.12 64.28 2.0 0.0 79.2 80.43 34.93 34.53 107.02 109.02 132.1 132.91 157.19 157.8 26.0 26.83 93.72 95.02 8.25 6.32 146.56 147.12 121.49 122.64 48.26 48.09 144.84 146.73 13.6 15.52 41.0 40.61 55.71 57.58 153.39 153.76 121.1 121.2 53.34 55.07 56.08 57.14 93.54 93.77 149.27 149.16 59.91 61.85 56.36 58.14 75.8 77.01 32.56 33.94 57.27 56.89 112.29 112.61 38.01 38.95 65.12 65.51 29.55 
89.2 87.73 88.53 87.05 40.01 40.01 29.7 28.32 17.03 17.26 14.32 14.04 61.68 61.13 83.1 81.57 22.56 23.09 73.16 73.55 69.58 67.6 61.13 59.2 80.8 79.2 0.0 2.0 63.06 61.29 84.86 86.27 73.68 73.44 103.25 102.96 54.45 53.08 24.19 24.02 84.6 82.93 95.8 95.34 52.35 52.61 68.0 66.0 90.43 92.4 68.6 67.6 72.44 70.46 30.08 29.41 109.11 108.47 93.24 92.01 27.02 25.81 24.21 22.67 69.53 68.01 124.04 122.89 49.03 49.48 25.55 24.6 22.2 20.62 47.51 45.79 60.41 58.42 78.01 76.84 42.45 41.01 36.01 34.01 50.91 
90.55 89.11 89.87 88.41 42.01 42.01 31.14 29.7 17.03 17.03 12.37 12.04 62.3 61.68 81.84 80.28 22.2 22.56 71.2 71.59 69.35 67.36 60.64 58.69 82.01 80.43 2.0 0.0 64.85 63.06 83.49 84.86 71.7 71.45 101.27 100.98 55.87 54.45 22.2 22.02 85.7 84.05 93.86 93.39 50.36 50.64 68.03 66.03 88.46 90.43 69.64 68.6 72.69 70.71 31.95 31.32 107.22 106.57 91.68 90.43 28.6 27.46 25.81 24.21 68.25 66.71 122.41 121.25 48.66 49.03 27.29 26.4 21.1 19.42 48.55 46.87 62.39 60.41 76.4 75.21 43.93 42.45 38.01 36.01 52.35 
37.22 35.23 37.12 35.13 32.25 34.0 35.9 37.85 58.25 60.21 74.67 75.39 48.41 50.0 114.48 113.89 61.4 63.39 134.71 135.35 76.32 75.29 78.0 77.25 36.88 34.93 63.06 64.85 0.0 2.0 119.37 121.3 130.39 130.7 158.53 158.71 20.59 22.36 84.12 84.76 43.17 41.23 149.12 149.21 113.53 114.16 68.24 67.12 145.58 147.57 36.62 37.8 64.44 63.13 33.29 34.41 159.15 159.08 132.22 131.8 37.0 37.7 39.56 41.44 103.81 103.37 162.78 162.27 68.68 70.6 37.58 38.47 69.87 70.21 34.18 33.53 22.36 22.09 120.21 119.94 25.0 27.0 36.06 37.2 21.19 
37.48 35.51 37.34 35.36 31.3 33.11 33.96 35.9 56.29 58.25 72.8 73.54 46.86 48.41 112.58 111.97 59.41 61.4 132.82 133.46 74.63 73.57 76.16 75.39 36.5 34.53 61.29 63.06 2.0 0.0 117.44 119.37 128.41 128.72 156.54 156.72 18.87 20.59 82.22 82.87 42.76 40.79 147.12 147.22 111.63 112.27 66.61 65.46 143.59 145.58 35.51 36.62 62.97 61.62 31.62 32.8 157.16 157.08 130.27 129.84 35.11 35.85 37.7 39.56 101.87 101.41 160.85 160.33 66.76 68.68 35.78 36.72 67.9 68.25 32.31 31.62 22.8 22.36 118.23 117.96 23.0 25.0 34.99 36.06 19.31 
119.1 119.04 118.11 118.04 115.76 116.81 89.44 87.66 72.8 71.22 73.41 75.0 77.03 75.03 6.71 6.08 66.61 65.0 75.13 77.1 50.64 50.36 43.05 43.19 107.07 107.02 84.86 83.49 119.37 117.44 0.0 2.0 52.89 54.82 62.24 63.7 99.46 97.51 67.74 69.46 105.48 105.3 50.99 52.5 67.36 69.35 59.41 59.21 54.08 55.22 94.02 92.02 67.9 67.6 100.34 101.36 50.61 51.62 14.32 14.87 91.3 92.28 90.55 88.84 16.12 17.2 43.42 42.95 50.7 48.76 94.15 95.19 62.97 64.35 85.38 85.87 130.68 128.86 15.52 17.46 95.52 93.64 113.44 111.77 98.23 
121.1 121.04 120.1 120.04 117.48 118.51 91.24 89.44 74.4 72.8 74.65 76.22 79.03 77.03 8.54 8.06 68.24 66.61 74.81 76.79 52.61 52.35 45.04 45.18 109.07 109.02 86.27 84.86 121.3 119.37 2.0 0.0 52.39 54.34 60.88 62.37 101.41 99.46 68.8 70.49 107.47 107.3 49.68 51.22 67.6 69.58 61.4 61.2 53.0 54.08 96.02 94.02 69.87 69.58 102.08 103.08 48.88 49.93 12.37 13.0 93.06 94.02 92.28 90.55 17.89 18.87 41.48 41.0 52.63 50.7 95.88 96.9 64.44 65.8 87.32 87.8 132.5 130.68 15.13 17.12 97.41 95.52 115.12 113.44 100.17 
144.31 143.54 143.39 142.62 113.36 113.53 94.64 92.66 72.34 70.35 59.41 59.68 103.35 101.6 57.58 55.71 69.05 67.08 23.02 25.02 87.05 85.7 75.17 73.88 132.91 132.1 73.68 71.7 130.39 128.41 52.89 52.39 0.0 2.0 29.61 29.27 114.73 112.79 49.5 49.82 133.72 132.82 23.85 22.83 26.4 27.66 93.24 92.01 17.09 18.97 118.6 116.78 102.0 100.8 101.0 101.0 39.7 38.42 48.0 46.0 94.26 94.13 92.14 90.14 51.31 49.65 68.03 66.21 73.57 71.87 95.05 95.01 60.53 60.3 101.83 101.24 133.03 131.03 37.36 35.44 105.72 103.75 109.55 107.56 112.06 
145.1 144.31 144.18 143.39 113.22 113.36 94.89 92.91 72.56 70.58 59.21 59.41 104.32 102.58 59.46 57.58 69.43 67.47 21.02 23.02 88.41 87.05 76.49 75.17 133.75 132.91 73.44 71.45 130.7 128.72 54.82 54.34 2.0 0.0 30.08 29.61 115.25 113.32 49.25 49.5 134.65 133.72 25.0 23.85 25.24 26.4 94.49 93.24 17.89 19.7 119.44 117.63 103.23 102.0 101.04 101.0 41.04 39.7 50.0 48.0 94.43 94.26 92.27 90.27 53.0 51.31 69.86 68.03 74.63 72.95 95.13 95.05 60.83 60.53 102.46 101.83 133.0 131.0 39.29 37.36 106.1 104.14 109.37 107.38 112.54 
169.54 168.96 168.59 168.0 142.79 143.01 123.1 121.1 101.0 99.01 88.96 89.27 127.47 125.59 68.59 67.21 97.19 95.19 41.73 43.14 107.04 106.07 96.15 95.27 157.8 157.19 103.25 101.27 158.53 156.54 62.24 60.88 29.61 30.08 0.0 2.0 141.88 139.9 79.08 79.43 157.89 157.2 11.4 10.3 54.63 55.46 114.49 113.6 13.0 11.0 143.59 141.68 123.43 122.54 130.1 130.19 20.02 18.03 51.04 49.41 123.0 123.0 121.0 119.0 67.96 66.89 56.01 54.01 97.41 95.52 124.04 124.1 89.02 89.0 128.46 128.08 162.25 160.25 49.2 48.01 133.63 131.64 139.04 137.06 139.44 
170.14 169.54 169.19 168.59 142.59 142.79 123.2 121.2 101.04 99.05 88.68 88.96 128.16 126.29 70.01 68.59 97.33 95.34 40.36 41.73 108.05 107.04 97.06 96.15 158.43 157.8 102.96 100.98 158.71 156.72 63.7 62.37 29.27 29.61 2.0 0.0 142.21 140.25 78.77 79.08 158.6 157.89 12.73 11.4 53.85 54.63 115.41 114.49 13.15 11.18 144.2 142.3 124.35 123.43 130.03 130.1 22.02 20.02 52.7 51.04 123.04 123.0 121.0 119.0 69.07 67.96 58.01 56.01 98.08 96.21 124.0 124.04 89.09 89.02 128.86 128.46 162.15 160.15 50.45 49.2 133.84 131.86 138.81 136.82 139.74 
34.83 33.3 34.21 32.65 38.05 40.05 24.76 26.17 44.78 46.53 63.25 64.4 28.28 29.73 94.37 93.86 46.24 48.1 121.67 122.54 55.76 54.71 57.58 56.92 27.86 26.0 54.45 55.87 20.59 18.87 99.46 101.41 114.73 115.25 141.88 142.21 0.0 2.0 71.69 72.72 32.98 31.05 131.97 132.23 100.62 101.53 47.8 46.62 129.07 131.03 20.22 20.62 44.6 43.14 29.73 31.62 141.03 141.09 112.61 112.29 27.8 29.41 30.61 31.89 84.17 83.86 142.86 142.41 48.84 50.8 30.53 32.25 55.15 55.95 14.14 14.0 38.83 37.74 101.24 101.12 12.21 13.45 40.05 40.2 3.61 
36.12 34.66 35.47 33.97 38.21 40.2 23.43 24.76 43.05 44.78 61.61 62.8 26.91 28.28 92.44 91.92 44.38 46.24 119.87 120.75 54.08 53.0 55.71 55.03 28.64 26.83 53.08 54.45 22.36 20.59 97.51 99.46 112.79 113.32 139.9 140.25 2.0 0.0 69.97 71.02 33.53 31.62 129.99 130.25 98.84 99.76 46.23 45.0 127.1 129.07 20.02 20.22 43.28 41.77 29.12 31.05 139.03 139.09 110.64 110.32 26.63 28.3 29.41 30.61 82.2 81.88 140.92 140.46 46.87 48.84 29.53 31.3 53.31 54.13 12.17 12.0 40.0 38.83 99.25 99.13 11.18 12.21 40.0 40.05 3.0 
105.0 103.81 104.2 103.0 64.03 64.12 48.47 46.62 26.93 25.24 10.0 10.2 70.0 68.82 67.54 65.74 26.87 25.5 50.6 51.26 67.68 65.73 56.57 54.59 95.02 93.72 24.19 22.2 84.12 82.22 67.74 68.8 49.5 49.25 79.08 78.77 71.69 69.97 0.0 2.0 97.59 96.21 71.84 71.31 29.41 30.08 69.29 67.42 66.29 68.25 81.34 79.91 76.06 74.25 52.61 52.35 85.62 84.86 73.66 72.18 47.13 46.57 44.64 42.72 54.23 52.39 103.39 102.07 47.13 46.57 47.07 46.69 18.6 17.03 61.22 60.0 84.1 82.1 58.05 56.59 60.84 59.03 60.13 58.14 68.48 
106.21 105.0 105.42 104.2 64.0 64.03 49.24 47.42 28.02 26.4 10.2 10.0 71.61 70.46 69.35 67.54 28.32 27.02 50.0 50.6 69.63 67.68 58.55 56.57 96.33 95.02 24.02 22.02 84.76 82.87 69.46 70.49 49.82 49.5 79.43 79.08 72.72 71.02 2.0 0.0 98.99 97.59 72.42 71.84 28.86 29.41 71.17 69.29 66.71 68.66 82.73 81.32 77.88 76.06 52.95 52.61 86.41 85.62 75.17 73.66 47.76 47.13 45.22 43.32 56.08 54.23 104.74 103.39 49.04 48.51 47.54 47.07 20.25 18.6 62.48 61.22 84.21 82.22 59.55 58.05 61.72 59.94 60.03 58.03 69.46 
14.87 15.65 13.93 14.76 70.26 72.25 55.9 56.82 71.59 72.92 90.69 92.2 30.46 32.31 99.25 99.41 70.72 72.18 144.84 146.01 55.04 55.15 63.15 63.56 6.32 8.25 84.6 85.7 43.17 42.76 105.48 107.47 133.72 134.65 157.89 158.6 32.98 33.53 97.59 98.99 0.0 2.0 147.05 147.72 124.63 125.88 46.1 46.27 145.77 147.63 16.28 17.69 38.01 38.01 62.64 64.56 153.06 153.53 119.71 119.94 59.51 61.33 62.17 63.06 92.76 93.17 147.0 147.0 60.54 62.39 62.77 64.62 79.31 80.66 37.2 38.83 65.51 65.12 111.83 112.29 44.6 45.31 72.69 72.99 36.4 
14.32 14.87 13.34 13.93 68.26 70.26 54.12 55.07 70.09 71.45 89.2 90.69 29.73 31.62 99.13 99.25 69.35 70.84 143.69 144.84 55.0 55.04 62.8 63.15 4.47 6.32 82.93 84.05 41.23 40.79 105.3 107.3 132.82 133.72 157.2 157.89 31.05 31.62 96.21 97.59 2.0 0.0 146.41 147.05 123.41 124.63 46.01 46.1 145.03 146.89 14.87 16.4 38.12 38.01 60.73 62.64 152.61 153.06 119.51 119.71 57.7 59.51 60.37 61.29 92.4 92.76 147.03 147.0 59.81 61.68 60.93 62.77 77.99 79.31 35.61 37.2 63.56 63.15 111.4 111.83 42.72 43.46 70.71 71.02 34.48 
158.93 158.4 157.97 157.43 134.81 135.15 114.02 112.02 92.2 90.2 81.49 82.01 116.69 114.79 57.28 55.87 88.01 86.01 41.68 43.42 95.77 94.83 85.0 84.17 147.12 146.56 95.8 93.86 149.12 147.12 50.99 49.68 23.85 25.0 11.4 12.73 131.97 129.99 71.84 72.42 147.05 146.41 0.0 2.0 50.22 51.4 103.32 102.46 8.06 7.28 132.97 131.04 112.26 111.4 121.59 121.81 16.4 14.87 40.31 38.59 114.16 114.28 112.29 110.29 56.6 55.57 49.65 47.68 86.68 84.77 115.43 115.62 80.16 80.31 118.38 118.09 153.83 151.85 37.8 36.62 124.15 122.15 131.21 129.25 129.65 
159.48 158.93 158.52 157.97 134.5 134.81 114.0 112.0 92.09 90.09 81.02 81.49 117.32 115.43 58.73 57.28 88.01 86.01 39.96 41.68 96.75 95.77 85.87 85.0 147.71 147.12 95.34 93.39 149.21 147.22 52.5 51.22 22.83 23.85 10.3 11.4 132.23 130.25 71.31 71.84 147.72 147.05 2.0 0.0 49.09 50.22 104.2 103.32 6.4 5.39 133.52 131.61 113.15 112.26 121.41 121.59 18.03 16.4 42.06 40.31 114.07 114.16 112.16 110.16 57.69 56.6 51.62 49.65 87.28 85.38 115.28 115.43 80.06 80.16 118.7 118.38 153.64 151.65 39.05 37.8 124.26 122.26 130.86 128.89 129.87 
133.15 132.08 132.31 131.23 92.27 92.14 77.83 75.96 55.95 54.13 39.05 38.64 95.52 94.07 70.01 68.01 54.71 53.0 21.19 21.93 86.45 84.72 74.3 72.56 122.64 121.49 52.35 50.36 113.53 111.63 67.36 67.6 26.4 25.24 54.63 53.85 100.62 98.84 29.41 28.86 124.63 123.41 50.22 49.09 0.0 2.0 90.44 88.81 43.05 44.78 108.6 107.0 98.41 96.83 81.79 81.39 66.07 64.82 67.36 65.46 76.54 75.96 74.04 72.12 59.41 57.43 92.11 90.43 68.41 67.2 76.4 75.93 45.79 44.78 89.36 88.32 112.75 110.77 53.15 51.2 90.08 88.24 88.14 86.15 97.51 
134.24 133.15 133.41 132.31 92.44 92.27 78.55 76.69 56.8 55.01 39.56 39.05 96.9 95.46 72.01 70.01 55.76 54.08 20.62 21.19 88.19 86.45 76.06 74.3 123.81 122.64 52.61 50.64 114.16 112.27 69.35 69.58 27.66 26.4 55.46 54.63 101.53 99.76 30.08 29.41 125.88 124.63 51.4 50.22 2.0 0.0 92.09 90.44 44.1 45.79 109.81 108.23 100.0 98.41 82.23 81.79 67.36 66.07 69.26 67.36 77.16 76.54 74.63 72.73 61.4 59.41 93.81 92.11 70.0 68.82 76.92 76.4 46.87 45.79 90.43 89.36 113.0 111.02 55.11 53.15 90.87 89.05 88.28 86.28 98.39 
60.03 60.13 59.03 59.14 78.03 79.76 51.48 50.7 51.01 51.09 66.49 68.45 20.12 18.36 53.15 53.34 46.27 46.53 108.37 109.88 9.06 9.06 18.36 19.42 48.09 48.26 68.0 68.03 68.24 66.61 59.41 61.4 93.24 94.49 114.49 115.41 47.8 46.23 69.29 71.17 46.1 46.01 103.32 104.2 90.44 92.09 0.0 2.0 103.08 104.81 36.14 34.21 8.94 8.25 63.51 65.31 107.86 108.47 73.68 73.98 55.15 57.01 56.3 55.66 47.43 48.1 101.08 101.02 22.36 23.32 59.24 61.1 51.66 53.6 36.12 37.64 85.56 84.17 66.73 67.42 49.82 48.6 77.83 76.92 48.17 
60.0 60.03 59.0 59.03 76.32 78.03 49.66 48.85 49.01 49.09 64.54 66.49 19.31 17.46 53.04 53.15 44.28 44.55 106.89 108.37 9.49 9.06 17.46 18.36 48.01 48.09 66.0 66.03 67.12 65.46 59.21 61.2 92.01 93.24 113.6 114.49 46.62 45.0 67.42 69.29 46.27 46.1 102.46 103.32 88.81 90.44 2.0 0.0 102.08 103.83 35.69 33.73 10.0 8.94 61.72 63.51 107.28 107.86 73.44 73.68 53.31 55.15 54.42 53.76 46.84 47.43 101.18 101.08 20.59 21.63 57.38 59.24 49.73 51.66 34.66 36.12 84.15 82.73 66.1 66.73 48.27 47.01 76.06 75.13 46.86 
157.17 156.54 156.22 155.59 129.87 130.12 110.11 108.12 88.01 86.01 76.12 76.49 115.32 113.46 60.0 58.41 84.21 82.22 33.62 35.36 95.96 94.87 84.72 83.73 145.5 144.84 90.43 88.46 145.58 143.59 54.08 53.0 17.09 17.89 13.0 13.15 129.07 127.1 66.29 66.71 145.77 145.03 8.06 6.4 43.05 44.1 103.08 102.08 0.0 2.0 131.24 129.36 112.0 111.02 117.11 117.21 24.41 22.8 44.94 43.08 110.0 110.0 108.0 106.0 57.49 56.22 57.27 55.32 85.23 83.38 111.04 111.11 76.03 76.0 115.73 115.32 149.27 147.28 39.7 38.21 120.7 118.71 126.15 124.17 126.59 
159.06 158.45 158.11 157.49 131.86 132.1 112.11 110.11 90.01 88.01 78.09 78.45 117.18 115.32 61.22 59.67 86.21 84.21 34.67 36.36 97.64 96.57 86.45 85.48 147.38 146.73 92.4 90.43 147.57 145.58 55.22 54.08 18.97 19.7 11.0 11.18 131.03 129.07 68.25 68.66 147.63 146.89 7.28 5.39 44.78 45.79 104.81 103.83 2.0 0.0 133.14 131.24 113.74 112.77 119.1 119.21 23.32 21.63 45.69 43.86 112.0 112.0 110.0 108.0 59.03 57.8 56.89 54.92 87.09 85.23 113.04 113.11 78.03 78.0 117.69 117.28 151.27 149.27 41.04 39.6 122.69 120.7 128.13 126.15 128.57 
25.96 25.5 25.0 24.52 58.22 60.21 40.5 41.23 55.32 56.64 74.41 75.93 17.0 19.0 88.14 88.05 54.49 55.97 128.97 130.1 45.12 44.72 51.0 51.04 14.32 13.6 68.6 69.64 36.62 35.51 94.02 96.02 118.6 119.44 143.59 144.2 20.22 20.02 81.34 82.73 16.28 14.87 132.97 133.52 108.6 109.81 36.14 35.69 131.24 133.14 0.0 2.0 29.97 29.15 48.51 50.49 139.9 140.25 108.0 108.04 44.27 46.17 46.82 47.54 80.22 80.4 136.62 136.44 46.32 48.27 47.8 49.73 63.13 64.44 21.1 22.83 57.7 56.86 98.86 99.14 30.27 30.59 60.01 60.01 23.02 
27.89 27.46 26.93 26.48 58.42 60.41 39.85 40.5 54.04 55.32 73.11 74.65 15.0 17.0 86.15 86.05 53.04 54.49 127.31 128.46 43.17 42.76 49.0 49.04 16.16 15.52 67.6 68.6 37.8 36.62 92.02 94.02 116.78 117.63 141.68 142.3 20.62 20.22 79.91 81.32 17.69 16.4 131.04 131.61 107.0 108.23 34.21 33.73 129.36 131.24 2.0 0.0 28.18 27.31 48.26 50.25 137.93 138.28 106.0 106.04 43.68 45.61 46.17 46.82 78.23 78.41 134.63 134.45 44.38 46.32 47.3 49.24 61.62 62.97 20.12 21.93 58.59 57.7 96.88 97.16 30.07 30.27 60.07 60.01 23.19 
52.35 52.61 51.35 51.62 77.88 79.71 52.63 52.17 55.73 56.09 72.42 74.33 16.4 15.26 61.52 61.81 51.66 52.2 116.73 118.19 17.26 17.72 27.29 28.3 40.61 41.0 72.44 72.69 64.44 62.97 67.9 69.87 102.0 103.23 123.43 124.35 44.6 43.28 76.06 77.88 38.01 38.12 112.26 113.15 98.41 100.0 8.94 10.0 112.0 113.74 29.97 28.18 0.0 2.0 64.2 66.1 116.69 117.32 82.2 82.57 56.52 58.46 58.05 57.71 56.3 57.01 109.0 109.02 30.0 31.24 60.64 62.59 57.94 59.81 34.89 36.67 83.24 82.01 75.61 76.32 48.76 47.85 78.19 77.49 45.61 
52.15 52.35 51.16 51.35 76.06 77.88 50.7 50.22 53.76 54.13 70.52 72.42 14.87 13.6 61.29 61.52 49.73 50.29 115.28 116.73 17.03 17.26 26.4 27.29 40.31 40.61 70.46 70.71 63.13 61.62 67.6 69.58 100.8 102.0 122.54 123.43 43.14 41.77 74.25 76.06 38.01 38.01 111.4 112.26 96.83 98.41 8.25 8.94 111.02 112.77 29.15 27.31 2.0 0.0 62.3 64.2 116.09 116.69 81.88 82.2 54.57 56.52 56.09 55.73 55.66 56.3 109.02 109.0 28.43 29.73 58.69 60.64 56.08 57.94 33.12 34.89 81.69 80.43 74.95 75.61 47.01 46.07 76.32 75.61 44.05 
63.63 61.91 63.13 61.4 15.62 16.97 12.21 13.45 29.61 31.58 42.76 43.17 49.03 49.48 96.8 95.72 34.79 36.69 102.84 103.32 68.8 67.12 65.12 63.66 57.58 55.71 30.08 31.95 33.29 31.62 100.34 102.08 101.0 101.04 130.1 130.03 29.73 29.12 52.61 52.95 62.64 60.73 121.59 121.41 81.79 82.23 63.51 61.72 117.11 119.1 48.51 48.26 64.2 62.3 0.0 2.0 133.36 133.0 111.4 110.57 9.22 8.06 9.85 11.7 84.22 83.24 142.7 141.85 53.04 54.49 6.32 6.0 41.59 41.3 30.27 28.28 32.25 30.27 97.5 96.8 18.25 18.03 14.42 13.42 26.25 
65.37 63.63 64.88 63.13 14.42 15.62 13.89 15.0 30.08 32.02 42.43 42.76 50.99 51.42 97.91 96.8 35.47 37.34 102.39 102.84 70.49 68.8 66.6 65.12 59.46 57.58 29.41 31.32 34.41 32.8 101.36 103.08 101.0 101.0 130.19 130.1 31.62 31.05 52.35 52.61 64.56 62.64 121.81 121.59 81.39 81.79 65.31 63.51 117.21 119.21 50.49 50.25 66.1 64.2 2.0 0.0 133.75 133.36 112.26 111.4 10.63 9.22 10.82 12.53 85.23 84.22 143.56 142.7 54.45 55.87 7.21 6.32 41.98 41.59 32.25 30.27 32.06 30.07 98.23 97.5 20.22 20.02 12.81 11.66 28.16 
165.74 165.39 164.75 164.4 147.22 147.71 124.9 122.92 103.75 101.79 94.92 95.63 123.17 121.2 57.31 56.36 98.99 97.02 57.98 59.68 99.62 98.98 89.99 89.5 153.76 153.39 109.11 107.22 159.15 157.16 50.61 48.88 39.7 41.04 20.02 22.02 141.03 139.03 85.62 86.41 153.06 152.61 16.4 18.03 66.07 67.36 107.86 107.28 24.41 23.32 139.9 137.93 116.69 116.09 133.36 133.75 0.0 2.0 37.2 36.06 125.45 125.77 123.79 121.82 60.44 59.91 36.06 34.06 93.77 91.79 127.1 127.48 91.78 92.2 127.1 127.04 165.56 163.59 41.23 40.79 134.18 132.19 143.84 141.91 139.0 
166.11 165.74 165.13 164.75 146.76 147.22 124.68 122.69 103.41 101.43 94.24 94.92 123.56 121.6 58.31 57.31 98.73 96.75 56.3 57.98 100.3 99.62 90.52 89.99 154.15 153.76 108.47 106.57 159.08 157.08 51.62 49.93 38.42 39.7 18.03 20.02 141.09 139.09 84.86 85.62 153.53 153.06 14.87 16.4 64.82 66.07 108.47 107.86 22.8 21.63 140.25 138.28 117.32 116.69 133.0 133.36 2.0 0.0 38.42 37.2 125.16 125.45 123.47 121.49 61.03 60.44 38.05 36.06 94.05 92.07 126.75 127.1 91.41 91.78 127.19 127.1 165.22 163.25 41.76 41.23 134.09 132.09 143.34 141.4 139.01 
133.24 133.14 132.24 132.14 126.56 127.48 101.02 99.16 82.86 81.12 80.66 82.04 91.01 89.01 20.88 20.4 76.94 75.18 71.01 73.01 64.94 64.63 57.01 57.01 121.2 121.1 93.24 91.68 132.22 130.27 14.32 12.37 48.0 50.0 51.04 52.7 112.61 110.64 73.66 75.17 119.71 119.51 40.31 42.06 67.36 69.26 73.68 73.44 44.94 45.69 108.0 106.0 82.2 81.88 111.4 112.26 37.2 38.42 0.0 2.0 102.55 103.37 101.55 99.74 28.44 28.86 31.3 30.46 63.79 61.81 105.12 105.99 72.11 73.24 98.48 98.84 142.44 140.58 15.62 17.2 107.97 106.04 123.94 122.19 111.2 
133.38 133.24 132.38 132.24 125.67 126.56 100.3 98.43 81.88 80.13 79.31 80.66 91.05 89.05 21.54 20.88 76.03 74.24 69.01 71.01 65.31 64.94 57.08 57.01 121.33 121.2 92.01 90.43 131.8 129.84 14.87 13.0 46.0 48.0 49.41 51.04 112.29 110.32 72.18 73.66 119.94 119.71 38.59 40.31 65.46 67.36 73.98 73.68 43.08 43.86 108.04 106.04 82.57 82.2 110.57 111.4 36.06 37.2 2.0 0.0 101.77 102.55 100.72 98.9 28.16 28.44 32.25 31.3 63.51 61.52 104.28 105.12 71.02 72.11 98.15 98.48 141.74 139.86 14.14 15.62 107.45 105.51 123.0 121.24 110.82 
62.63 61.07 62.01 60.44 24.84 26.17 4.0 4.47 22.0 24.0 37.7 38.48 42.11 42.3 87.66 86.61 26.48 28.44 97.72 98.35 60.03 58.31 55.97 54.49 55.07 53.34 27.02 28.6 37.0 35.11 91.3 93.06 94.26 94.43 123.0 123.04 27.8 26.63 47.13 47.76 59.51 57.7 114.16 114.07 76.54 77.16 55.15 53.31 110.0 112.0 44.27 43.68 56.52 54.57 9.22 10.63 125.45 125.16 102.55 101.77 0.0 2.0 2.83 4.47 75.18 74.24 133.82 133.02 43.84 45.28 4.12 6.08 34.01 34.01 24.19 22.2 40.26 38.33 88.87 88.23 15.62 14.42 23.43 22.2 24.21 
64.2 62.63 63.6 62.01 23.6 24.84 6.0 6.32 22.09 24.08 37.0 37.7 44.1 44.28 88.75 87.66 26.93 28.86 97.12 97.72 61.77 60.03 57.49 55.97 56.82 55.07 25.81 27.46 37.7 35.85 92.28 94.02 94.13 94.26 123.0 123.0 29.41 28.3 46.57 47.13 61.33 59.51 114.28 114.16 75.96 76.54 57.01 55.15 110.0 112.0 46.17 45.61 58.46 56.52 8.06 9.22 125.77 125.45 103.37 102.55 2.0 0.0 2.0 4.0 76.16 75.18 134.66 133.82 45.28 46.67 2.24 4.12 34.13 34.01 26.17 24.19 39.81 37.85 89.54 88.87 17.2 16.12 21.93 20.62 25.81 
65.44 63.89 64.82 63.25 25.24 26.4 6.32 6.0 20.1 22.09 35.11 35.85 44.01 44.1 87.09 85.98 25.0 26.93 95.21 95.82 60.83 59.06 56.22 54.67 57.8 56.08 24.21 25.81 39.56 37.7 90.55 92.28 92.14 92.27 121.0 121.0 30.61 29.41 44.64 45.22 62.17 60.37 112.29 112.16 74.04 74.63 56.3 54.42 108.0 110.0 46.82 46.17 58.05 56.09 9.85 10.82 123.79 123.47 101.55 100.72 2.83 2.0 0.0 2.0 74.43 73.43 132.85 132.0 43.93 45.28 3.61 5.0 32.14 32.02 26.48 24.52 41.77 39.81 87.66 86.98 18.44 17.2 23.35 21.93 27.02 
66.71 65.19 66.07 64.54 26.93 28.02 7.21 6.32 18.11 20.1 33.24 34.01 44.01 44.01 85.45 84.31 23.09 25.0 93.3 93.92 59.93 58.14 55.0 53.41 58.83 57.14 22.67 24.21 41.44 39.56 88.84 90.55 90.14 90.27 119.0 119.0 31.89 30.61 42.72 43.32 63.06 61.29 110.29 110.16 72.12 72.73 55.66 53.76 106.0 108.0 47.54 46.82 57.71 55.73 11.7 12.53 121.82 121.49 99.74 98.9 4.47 4.0 2.0 0.0 72.72 71.69 131.05 130.19 42.64 43.93 5.39 6.4 30.15 30.02 26.93 25.0 43.74 41.77 85.8 85.09 19.8 18.44 24.84 23.35 28.32 
105.8 105.57 104.81 104.58 99.64 100.7 73.35 71.55 56.85 55.32 58.83 60.54 63.29 61.29 13.6 12.04 50.61 49.04 71.31 73.16 39.4 38.63 29.61 29.27 93.77 93.54 69.53 68.25 103.81 101.87 16.12 17.89 51.31 53.0 67.96 69.07 84.17 82.2 54.23 56.08 92.76 92.4 56.6 57.69 59.41 61.4 47.43 46.84 57.49 59.03 80.22 78.23 56.3 55.66 84.22 85.23 60.44 61.03 28.44 28.16 75.18 76.16 74.43 72.72 0.0 2.0 59.14 58.52 35.36 33.38 78.03 79.08 47.42 48.92 70.04 70.41 114.63 112.81 19.31 20.12 79.7 77.79 97.35 95.69 82.76 
106.07 105.8 105.08 104.81 98.62 99.64 72.5 70.68 55.61 54.04 57.14 58.83 63.51 61.52 15.26 13.6 49.41 47.8 69.46 71.31 40.25 39.4 30.08 29.61 94.05 93.77 68.01 66.71 103.37 101.41 17.2 18.87 49.65 51.31 66.89 67.96 83.86 81.88 52.39 54.23 93.17 92.76 55.57 56.6 57.43 59.41 48.1 47.43 56.22 57.8 80.4 78.41 57.01 56.3 83.24 84.22 59.91 60.44 28.86 28.44 74.24 75.18 73.43 71.69 2.0 0.0 59.81 59.14 35.13 33.14 77.03 78.03 45.97 47.42 69.72 70.04 113.85 112.0 18.68 19.31 79.12 77.2 96.25 94.58 82.38 
161.11 161.2 160.11 160.2 157.87 158.78 132.23 130.39 114.13 112.38 111.04 112.29 119.71 117.72 48.66 49.03 108.24 106.47 89.81 91.71 92.05 92.14 85.99 86.31 149.16 149.27 124.04 122.41 162.78 160.85 43.42 41.48 68.03 69.86 56.01 58.01 142.86 140.92 103.39 104.74 147.0 147.03 49.65 51.62 92.11 93.81 101.08 101.18 57.27 56.89 136.62 134.63 109.0 109.02 142.7 143.56 36.06 38.05 31.3 32.25 133.82 134.66 132.85 131.05 59.14 59.81 0.0 2.0 94.11 92.18 136.42 137.3 103.25 104.31 128.79 129.28 173.63 171.77 46.04 47.2 138.83 136.93 155.24 153.47 141.65 
161.05 161.11 160.05 160.11 156.98 157.87 131.47 129.62 113.18 111.41 109.81 111.04 119.51 117.52 48.37 48.66 107.33 105.55 87.92 89.81 92.01 92.05 85.71 85.99 149.08 149.16 122.89 121.25 162.27 160.33 42.95 41.0 66.21 68.03 54.01 56.01 142.41 140.46 102.07 103.39 147.0 147.0 47.68 49.65 90.43 92.11 101.02 101.08 55.32 54.92 136.44 134.45 109.02 109.0 141.85 142.7 34.06 36.06 30.46 31.3 133.02 133.82 132.0 130.19 58.52 59.14 2.0 0.0 93.62 91.68 135.57 136.42 102.22 103.25 128.32 128.79 172.89 171.03 44.94 46.04 138.22 136.31 154.3 152.53 141.16 
72.28 71.81 71.31 70.83 68.62 70.01 41.11 39.62 32.28 31.78 45.18 47.17 30.08 28.23 45.88 45.22 26.48 26.17 86.98 88.39 21.02 19.03 12.53 10.82 60.44 59.91 49.03 48.66 68.68 66.76 50.7 52.63 73.57 74.63 97.41 98.08 48.84 46.87 47.13 49.04 60.54 59.81 86.68 87.28 68.41 70.0 22.36 20.59 85.23 87.09 46.32 44.38 30.0 28.43 53.04 54.45 93.77 94.05 63.79 63.51 43.84 45.28 43.93 42.64 35.36 35.13 94.11 93.62 0.0 2.0 47.42 48.92 30.15 32.14 34.71 35.17 81.12 79.4 53.04 53.15 45.19 43.38 67.21 65.86 47.54 
74.22 73.76 73.25 72.78 70.09 71.45 42.64 41.11 32.89 32.28 45.04 47.04 31.95 30.08 44.01 43.32 26.93 26.48 85.56 87.0 21.21 19.24 11.7 9.85 62.36 61.85 49.48 49.03 70.6 68.68 48.76 50.7 71.87 72.95 95.52 96.21 50.8 48.84 46.57 48.51 62.39 61.68 84.77 85.38 67.2 68.82 23.32 21.63 83.38 85.23 48.27 46.32 31.24 29.73 54.49 55.87 91.79 92.07 61.81 61.52 45.28 46.67 45.28 43.93 33.38 33.14 92.18 91.68 2.0 0.0 48.8 50.25 30.02 32.02 36.67 37.11 82.86 81.12 51.04 51.16 47.01 45.19 68.59 67.21 49.48 
65.22 63.6 64.64 63.01 21.63 22.8 8.06 8.54 23.35 25.32 37.36 37.95 46.17 46.39 90.7 89.59 28.46 30.36 97.53 98.08 64.01 62.27 59.67 58.14 58.14 56.36 25.55 27.29 37.58 35.78 94.15 95.88 95.05 95.13 124.04 124.0 30.53 29.53 47.07 47.54 62.77 60.93 115.43 115.28 76.4 76.92 59.24 57.38 111.04 113.04 47.8 47.3 60.64 58.69 6.32 7.21 127.1 126.75 105.12 104.28 4.12 2.24 3.61 5.39 78.03 77.03 136.42 135.57 47.42 48.8 0.0 2.0 35.36 35.13 28.07 26.08 38.47 36.5 91.18 90.48 18.36 17.46 19.8 18.44 26.93 
66.85 65.22 66.29 64.64 20.59 21.63 10.05 10.44 23.77 25.71 36.88 37.36 48.17 48.37 91.84 90.7 29.15 31.02 97.02 97.53 65.76 64.01 61.22 59.67 59.93 58.14 24.6 26.4 38.47 36.72 95.19 96.9 95.01 95.05 124.1 124.04 32.25 31.3 46.69 47.07 64.62 62.77 115.62 115.43 75.93 76.4 61.1 59.24 111.11 113.11 49.73 49.24 62.59 60.64 6.0 6.32 127.48 127.1 105.99 105.12 6.08 4.12 5.0 6.4 79.08 78.03 137.3 136.42 48.92 50.25 2.0 0.0 35.69 35.36 30.07 28.07 38.21 36.22 91.92 91.18 20.12 19.31 18.44 16.97 28.65 
87.37 86.28 86.53 85.44 55.66 56.3 34.13 32.14 12.04 10.05 15.03 17.03 51.4 50.22 60.96 59.46 8.94 7.21 66.65 67.6 51.16 49.16 41.11 39.12 77.01 75.8 22.2 21.1 69.87 67.9 62.97 64.44 60.53 60.83 89.02 89.09 55.15 53.31 18.6 20.25 79.31 77.99 80.16 80.06 45.79 46.87 51.66 49.73 76.03 78.03 63.13 61.62 57.94 56.08 41.59 41.98 91.78 91.41 72.11 71.02 34.01 34.13 32.14 30.15 47.42 45.97 103.25 102.22 30.15 30.02 35.36 35.69 0.0 2.0 43.57 42.54 73.82 71.85 57.31 56.36 45.35 43.42 52.55 50.7 52.2 
88.48 87.37 87.66 86.53 55.08 55.66 34.37 32.39 12.04 10.05 13.04 15.03 53.01 51.87 62.48 60.96 10.0 8.49 65.74 66.65 53.15 51.16 43.1 41.11 78.24 77.01 20.62 19.42 70.21 68.25 64.35 65.8 60.3 60.53 89.0 89.02 55.95 54.13 17.03 18.6 80.66 79.31 80.31 80.16 44.78 45.79 53.6 51.66 76.0 78.0 64.44 62.97 59.81 57.94 41.3 41.59 92.2 91.78 73.24 72.11 34.01 34.01 32.02 30.02 48.92 47.42 104.31 103.25 32.14 32.02 35.13 35.36 2.0 0.0 44.65 43.57 73.55 71.57 58.31 57.31 45.88 43.97 51.87 49.98 52.92 
43.83 42.72 43.01 41.88 43.08 44.94 20.22 20.62 34.66 36.12 53.74 55.17 18.97 19.7 80.36 79.81 34.67 36.36 110.15 111.14 43.28 42.01 43.86 43.08 33.94 32.56 47.51 48.55 34.18 32.31 85.38 87.32 101.83 102.46 128.46 128.86 14.14 12.17 61.22 62.48 37.2 35.61 118.38 118.7 89.36 90.43 36.12 34.66 115.73 117.69 21.1 20.12 34.89 33.12 30.27 32.25 127.1 127.19 98.48 98.15 24.19 26.17 26.48 26.93 70.04 69.72 128.79 128.32 34.71 36.67 28.07 30.07 43.57 44.65 0.0 2.0 49.52 48.08 87.14 87.05 13.89 13.0 43.68 43.17 13.0 
45.0 43.83 44.2 43.01 41.23 43.08 18.25 18.68 33.3 34.83 52.35 53.74 20.88 21.54 80.96 80.36 33.62 35.36 109.18 110.15 44.6 43.28 44.72 43.86 35.38 33.94 45.79 46.87 33.53 31.62 85.87 87.8 101.24 101.83 128.08 128.46 14.0 12.0 60.0 61.22 38.83 37.2 118.09 118.38 88.32 89.36 37.64 36.12 115.32 117.28 22.83 21.93 36.67 34.89 28.28 30.27 127.04 127.1 98.84 98.48 22.2 24.19 24.52 25.0 70.41 70.04 129.28 128.79 35.17 37.11 26.08 28.07 42.54 43.57 2.0 0.0 48.17 46.69 87.28 87.14 12.21 11.18 41.76 41.23 12.37 
59.0 57.0 59.01 57.01 20.88 21.54 41.44 43.32 61.81 63.79 74.11 74.24 66.84 68.12 126.56 125.67 66.71 68.66 133.51 133.82 92.76 91.44 92.09 90.97 59.23 57.27 60.41 62.39 22.36 22.8 130.68 132.5 133.03 133.0 162.25 162.15 38.83 40.0 84.1 84.21 65.51 63.56 153.83 153.64 112.75 113.0 85.56 84.15 149.27 151.27 57.7 58.59 83.24 81.69 32.25 32.06 165.56 165.22 142.44 141.74 40.26 39.81 41.77 43.74 114.63 113.85 173.63 172.89 81.12 82.86 38.47 38.21 73.82 73.55 49.52 48.17 0.0 2.0 129.03 128.44 36.4 38.01 25.3 27.2 37.64 
59.03 57.04 59.01 57.01 18.97 19.7 39.56 41.44 59.84 61.81 72.11 72.25 65.6 66.84 124.78 123.88 64.76 66.71 131.53 131.85 91.29 89.94 90.44 89.31 58.86 56.89 58.42 60.41 22.09 22.36 128.86 130.68 131.03 131.0 160.25 160.15 37.74 38.83 82.1 82.22 65.12 63.15 151.85 151.65 110.77 111.02 84.17 82.73 147.28 149.27 56.86 57.7 82.01 80.43 30.27 30.07 163.59 163.25 140.58 139.86 38.33 37.85 39.81 41.77 112.81 112.0 171.77 171.03 79.4 81.12 36.5 36.22 71.85 71.57 48.08 46.69 2.0 0.0 127.13 126.53 34.83 36.4 23.41 25.3 36.4 
