70
0.0 2.0 1.0 2.24 2.0 2.83 3.0 3.61 4.0 4.47 5.0 5.39 6.0 6.32 7.0 7.28 8.0 8.25 9.0 9.22 122.64 124.62 122.48 124.46 79.76 78.77 124.15 123.79 105.54 107.49 42.11 42.3 100.28 100.62 33.62 35.47 25.5 25.96 117.24 119.22 12.21 13.45 86.98 87.6 60.64 61.13 47.17 47.38 47.01 47.01 39.05 37.05 96.69 98.66 55.15 57.01 85.99 87.97 129.69 131.61 23.43 24.76 39.0 39.05 130.77 130.25 128.32 127.88 75.06 77.06 
2.0 0.0 2.24 1.0 2.83 2.0 3.61 3.0 4.47 4.0 5.39 5.0 6.32 6.0 7.28 7.0 8.25 8.0 9.22 9.0 122.98 124.95 122.81 124.78 80.78 79.76 124.54 124.15 105.12 107.08 42.01 42.11 99.98 100.28 32.89 34.79 23.54 24.04 117.55 119.52 11.18 12.21 86.4 86.98 60.21 60.64 47.04 47.17 47.1 47.01 41.05 39.05 96.34 98.31 54.42 56.3 86.31 88.28 130.29 132.2 21.93 23.35 41.0 41.05 131.32 130.77 128.79 128.32 75.17 77.16 
1.0 2.24 0.0 2.0 1.0 2.24 2.0 2.83 3.0 3.61 4.0 4.47 5.0 5.39 6.0 6.32 7.0 7.28 8.0 8.25 121.66 123.63 121.49 123.47 78.89 77.9 123.17 122.81 104.56 106.51 41.11 41.3 99.3 99.64 32.7 34.54 25.32 25.71 116.25 118.23 11.4 12.73 86.02 86.65 59.67 60.17 46.17 46.39 46.01 46.01 39.12 37.12 95.71 97.67 54.23 56.08 85.0 86.98 128.74 130.65 22.8 24.08 39.01 39.01 129.81 129.28 127.35 126.91 74.06 76.06 
2.24 1.0 2.0 0.0 2.24 1.0 2.83 2.0 3.61 3.0 4.47 4.0 5.39 5.0 6.32 6.0 7.28 7.0 8.25 8.0 122.0 123.97 121.82 123.79 79.92 78.89 123.56 123.17 104.14 106.1 41.01 41.11 98.99 99.3 31.95 33.84 23.35 23.77 116.56 118.53 10.3 11.4 85.44 86.02 59.23 59.67 46.04 46.17 46.1 46.01 41.11 39.12 95.35 97.32 53.49 55.36 85.33 87.3 129.34 131.24 21.26 22.63 41.01 41.01 130.36 129.81 127.82 127.35 74.17 76.16 
2.0 2.83 1.0 2.24 0.0 2.0 1.0 2.24 2.0 2.83 3.0 3.61 4.0 4.47 5.0 5.39 6.0 6.32 7.0 7.28 120.67 122.64 120.51 122.48 78.03 77.03 122.18 121.82 103.59 105.54 40.11 40.31 98.31 98.66 31.78 33.62 25.18 25.5 115.26 117.24 10.63 12.04 85.07 85.7 58.69 59.2 45.18 45.4 45.01 45.01 39.2 37.22 94.73 96.69 53.31 55.15 84.01 85.99 127.78 129.69 22.2 23.43 39.05 39.0 128.84 128.32 126.37 125.93 73.06 75.06 
2.83 2.0 2.24 1.0 2.0 0.0 2.24 1.0 2.83 2.0 3.61 3.0 4.47 4.0 5.39 5.0 6.32 6.0 7.28 7.0 121.02 122.98 120.84 122.81 79.08 78.03 122.58 122.18 103.16 105.12 40.01 40.11 98.01 98.31 31.02 32.89 23.19 23.54 115.57 117.55 9.43 10.63 84.48 85.07 58.25 58.69 45.04 45.18 45.1 45.01 41.19 39.2 94.37 96.34 52.55 54.42 84.34 86.31 128.39 130.29 20.62 21.93 41.05 41.0 129.4 128.84 126.85 126.37 73.17 75.17 
3.0 3.61 2.0 2.83 1.0 2.24 0.0 2.0 1.0 2.24 2.0 2.83 3.0 3.61 4.0 4.47 5.0 5.39 6.0 6.32 119.68 121.66 119.52 121.49 77.18 76.16 121.2 120.84 102.61 104.56 39.12 39.32 97.32 97.67 30.87 32.7 25.08 25.32 114.27 116.25 9.9 11.4 84.12 84.76 57.72 58.24 44.18 44.41 44.01 44.01 39.32 37.34 93.74 95.71 52.39 54.23 83.02 85.0 126.83 128.74 21.63 22.8 39.12 39.01 127.88 127.35 125.4 124.95 72.06 74.06 
3.61 3.0 2.83 2.0 2.24 1.0 2.0 0.0 2.24 1.0 2.83 2.0 3.61 3.0 4.47 4.0 5.39 5.0 6.32 6.0 120.03 122.0 119.85 121.82 78.23 77.18 121.6 121.2 102.18 104.14 39.01 39.12 97.02 97.32 30.08 31.95 23.09 23.35 114.59 116.56 8.6 9.9 83.52 84.12 57.27 57.72 44.05 44.18 44.1 44.01 41.3 39.32 93.38 95.35 51.62 53.49 83.36 85.33 127.44 129.34 20.0 21.26 41.11 41.01 128.44 127.88 125.88 125.4 72.17 74.17 
4.0 4.47 3.0 3.61 2.0 2.83 1.0 2.24 0.0 2.0 1.0 2.24 2.0 2.83 3.0 3.61 4.0 4.47 5.0 5.39 118.7 120.67 118.53 120.51 76.32 75.29 120.22 119.85 101.64 103.59 38.12 38.33 96.34 96.69 29.97 31.78 25.02 25.18 113.28 115.26 9.22 10.82 83.17 83.82 56.75 57.28 43.19 43.42 43.01 43.01 39.46 37.48 92.76 94.73 51.48 53.31 82.04 84.01 125.87 127.78 21.1 22.2 39.2 39.05 126.92 126.38 124.43 123.98 71.06 73.06 
4.47 4.0 3.61 3.0 2.83 2.0 2.24 1.0 2.0 0.0 2.24 1.0 2.83 2.0 3.61 3.0 4.47 4.0 5.39 5.0 119.05 121.02 118.87 120.84 77.39 76.32 120.62 120.22 101.2 103.16 38.01 38.12 96.03 96.34 29.15 31.02 23.02 23.19 113.6 115.57 7.81 9.22 82.57 83.17 56.29 56.75 43.05 43.19 43.1 43.01 41.44 39.46 92.4 94.37 50.7 52.55 82.38 84.34 126.49 128.39 19.42 20.62 41.19 41.05 127.49 126.92 124.91 124.43 71.18 73.17 
5.0 5.39 4.0 4.47 3.0 3.61 2.0 2.83 1.0 2.24 0.0 2.0 1.0 2.24 2.0 2.83 3.0 3.61 4.0 4.47 117.71 119.68 117.55 119.52 75.47 74.43 119.24 118.87 100.66 102.61 37.12 37.34 95.35 95.71 29.07 30.87 25.0 25.08 112.29 114.27 8.6 10.3 82.22 82.87 55.79 56.32 42.19 42.43 42.01 42.01 39.62 37.66 91.78 93.74 50.57 52.39 81.05 83.02 124.92 126.83 20.59 21.63 39.32 39.12 125.96 125.42 123.45 123.0 70.06 72.06 
5.39 5.0 4.47 4.0 3.61 3.0 2.83 2.0 2.24 1.0 2.0 0.0 2.24 1.0 2.83 2.0 3.61 3.0 4.47 4.0 118.07 120.03 117.89 119.85 76.55 75.47 119.64 119.24 100.22 102.18 37.01 37.12 95.04 95.35 28.23 30.08 23.0 23.09 112.61 114.59 7.07 8.6 81.61 82.22 55.32 55.79 42.05 42.19 42.11 42.01 41.59 39.62 91.41 93.38 49.77 51.62 81.39 83.36 125.54 127.44 18.87 20.0 41.3 41.11 126.53 125.96 123.94 123.45 70.18 72.17 
6.0 6.32 5.0 5.39 4.0 4.47 3.0 3.61 2.0 2.83 1.0 2.24 0.0 2.0 1.0 2.24 2.0 2.83 3.0 3.61 116.73 118.7 116.56 118.53 74.63 73.57 118.26 117.89 99.69 101.64 36.12 36.35 94.37 94.73 28.18 29.97 25.02 25.02 111.31 113.28 8.06 9.85 81.27 81.93 54.82 55.36 41.19 41.44 41.01 41.01 39.81 37.85 90.8 92.76 49.66 51.48 80.06 82.04 123.97 125.87 20.12 21.1 39.46 39.2 125.0 124.45 122.48 122.02 69.07 71.06 
6.32 6.0 5.39 5.0 4.47 4.0 3.61 3.0 2.83 2.0 2.24 1.0 2.0 0.0 2.24 1.0 2.83 2.0 3.61 3.0 117.09 119.05 116.9 118.87 75.72 74.63 118.66 118.26 99.25 101.2 36.01 36.12 94.05 94.37 27.31 29.15 23.02 23.02 111.63 113.6 6.4 8.06 80.65 81.27 54.34 54.82 41.05 41.19 41.11 41.01 41.77 39.81 90.43 92.4 48.85 50.7 80.41 82.38 124.6 126.49 18.36 19.42 41.44 41.19 125.57 125.0 122.97 122.48 69.18 71.18 
7.0 7.28 6.0 6.32 5.0 5.39 4.0 4.47 3.0 3.61 2.0 2.83 1.0 2.24 0.0 2.0 1.0 2.24 2.0 2.83 115.74 117.71 115.57 117.55 73.78 72.72 117.28 116.9 98.72 100.66 35.13 35.36 93.38 93.74 27.29 29.07 25.08 25.0 110.32 112.29 7.62 9.49 80.32 80.99 53.85 54.41 40.2 40.45 40.01 40.01 40.02 38.08 89.82 91.78 48.75 50.57 79.08 81.05 123.02 124.92 19.7 20.59 39.62 39.32 124.04 123.49 121.51 121.05 68.07 70.06 
7.28 7.0 6.32 6.0 5.39 5.0 4.47 4.0 3.61 3.0 2.83 2.0 2.24 1.0 2.0 0.0 2.24 1.0 2.83 2.0 116.1 118.07 115.92 117.89 74.89 73.78 117.69 117.28 98.27 100.22 35.01 35.13 93.06 93.38 26.4 28.23 23.09 23.0 110.64 112.61 5.83 7.62 79.7 80.32 53.37 53.85 40.05 40.2 40.11 40.01 41.98 40.02 89.44 91.41 47.93 49.77 79.43 81.39 123.65 125.54 17.89 18.87 41.59 41.3 124.62 124.04 122.0 121.51 68.18 70.18 
8.0 8.25 7.0 7.28 6.0 6.32 5.0 5.39 4.0 4.47 3.0 3.61 2.0 2.83 1.0 2.24 0.0 2.0 1.0 2.24 114.76 116.73 114.59 116.56 72.95 71.87 116.3 115.92 97.74 99.69 34.13 34.37 92.4 92.76 26.42 28.18 25.18 25.02 109.33 111.31 7.28 9.22 79.38 80.06 52.89 53.45 39.2 39.46 39.01 39.01 40.26 38.33 88.84 90.8 47.85 49.66 78.09 80.06 122.07 123.97 19.31 20.12 39.81 39.46 123.08 122.53 120.54 120.07 67.07 69.07 
8.25 8.0 7.28 7.0 6.32 6.0 5.39 5.0 4.47 4.0 3.61 3.0 2.83 2.0 2.24 1.0 2.0 0.0 2.24 1.0 115.12 117.09 114.93 116.9 74.06 72.95 116.71 116.3 97.29 99.25 34.01 34.13 92.07 92.4 25.5 27.31 23.19 23.02 109.66 111.63 5.39 7.28 78.75 79.38 52.39 52.89 39.05 39.2 39.12 39.01 42.2 40.26 88.46 90.43 47.01 48.85 78.45 80.41 122.7 124.6 17.46 18.36 41.77 41.44 123.66 123.08 121.04 120.54 67.19 69.18 
9.0 9.22 8.0 8.25 7.0 7.28 6.0 6.32 5.0 5.39 4.0 4.47 3.0 3.61 2.0 2.83 1.0 2.24 0.0 2.0 113.77 115.74 113.6 115.57 72.11 71.02 115.32 114.93 96.77 98.72 33.14 33.38 91.41 91.78 25.55 27.29 25.32 25.08 108.34 110.32 7.07 9.06 78.43 79.12 51.92 52.5 38.21 38.47 38.01 38.01 40.52 38.6 87.86 89.82 46.96 48.75 77.1 79.08 121.12 123.02 18.97 19.7 40.02 39.62 122.12 121.56 119.57 119.1 66.07 68.07 
9.22 9.0 8.25 8.0 7.28 7.0 6.32 6.0 5.39 5.0 4.47 4.0 3.61 3.0 2.83 2.0 2.24 1.0 2.0 0.0 114.14 116.1 113.95 115.92 73.24 72.11 115.73 115.32 96.32 98.27 33.02 33.14 91.08 91.41 24.6 26.4 23.35 23.09 108.67 110.64 5.1 7.07 77.79 78.43 51.42 51.92 38.05 38.21 38.12 38.01 42.45 40.52 87.48 89.44 46.1 47.93 77.47 79.43 121.76 123.65 17.09 17.89 41.98 41.59 122.71 122.12 120.07 119.57 66.19 68.18 
122.64 122.98 121.66 122.0 120.67 121.02 119.68 120.03 118.7 119.05 117.71 118.07 116.73 117.09 115.74 116.1 114.76 115.12 113.77 114.14 0.0 2.0 1.0 2.24 55.71 55.03 3.16 1.41 46.62 45.88 82.28 82.86 42.19 43.91 95.86 93.98 124.42 122.56 5.83 4.24 114.24 114.73 59.67 61.22 70.71 71.69 77.79 78.43 76.4 76.92 124.46 124.17 46.04 44.94 81.12 79.4 36.67 34.71 18.25 18.68 112.61 110.72 122.48 120.51 15.81 13.93 9.85 8.06 49.04 47.17 
124.62 124.95 123.63 123.97 122.64 122.98 121.66 122.0 120.67 121.02 119.68 120.03 118.7 119.05 117.71 118.07 116.73 117.09 115.74 116.1 2.0 0.0 2.24 1.0 57.58 56.92 3.16 1.41 47.42 46.62 84.2 84.77 43.27 44.94 97.74 95.86 126.29 124.42 7.62 5.83 116.18 116.66 60.96 62.48 72.47 73.43 79.7 80.32 78.34 78.85 126.44 126.15 47.2 46.04 82.86 81.12 38.64 36.67 18.03 18.25 114.49 112.61 124.46 122.48 15.3 13.34 9.22 7.28 50.92 49.04 
122.48 122.81 121.49 121.82 120.51 120.84 119.52 119.85 118.53 118.87 117.55 117.89 116.56 116.9 115.57 115.92 114.59 114.93 113.6 113.95 1.0 2.24 0.0 2.0 56.08 55.36 4.12 2.24 45.69 44.94 82.01 82.57 41.34 43.05 95.52 93.64 124.06 122.2 5.39 3.61 114.0 114.48 58.9 60.44 70.24 71.2 77.49 78.11 76.16 76.66 124.62 124.31 45.22 44.1 80.62 78.89 36.5 34.53 19.24 19.65 112.27 110.39 122.64 120.67 16.76 14.87 10.77 8.94 48.7 46.82 
124.46 124.78 123.47 123.79 122.48 122.81 121.49 121.82 120.51 120.84 119.52 119.85 118.53 118.87 117.55 117.89 116.56 116.9 115.57 115.92 2.24 1.0 2.0 0.0 57.94 57.25 4.12 2.24 46.52 45.69 83.93 84.48 42.44 44.1 97.41 95.52 125.94 124.06 7.28 5.39 115.95 116.42 60.21 61.72 72.01 72.95 79.4 80.01 78.1 78.59 126.59 126.29 46.4 45.22 82.37 80.62 38.47 36.5 19.03 19.24 114.16 112.27 124.62 122.64 16.28 14.32 10.2 8.25 50.6 48.7 
79.76 80.78 78.89 79.92 78.03 79.08 77.18 78.23 76.32 77.39 75.47 76.55 74.63 75.72 73.78 74.89 72.95 74.06 72.11 73.24 55.71 57.58 56.08 57.94 0.0 2.0 55.66 56.3 71.59 72.56 50.77 52.48 63.53 65.3 65.22 64.07 91.22 89.83 52.33 54.13 75.43 76.69 67.47 69.43 54.92 56.89 49.19 50.99 44.78 46.53 71.01 71.06 63.56 64.4 63.6 63.06 31.38 32.45 55.04 57.04 79.25 77.9 69.01 67.01 57.22 57.43 57.07 57.49 37.48 37.85 
78.77 79.76 77.9 78.89 77.03 78.03 76.16 77.18 75.29 76.32 74.43 75.47 73.57 74.63 72.72 73.78 71.87 72.95 71.02 72.11 55.03 56.92 55.36 57.25 2.0 0.0 55.08 55.66 69.84 70.83 49.09 50.77 61.77 63.53 63.6 62.43 89.81 88.39 51.48 53.31 74.2 75.43 65.51 67.47 52.95 54.92 47.41 49.19 43.05 44.78 71.01 71.01 61.74 62.61 61.68 61.13 29.68 30.81 55.0 57.0 77.79 76.42 69.01 67.01 57.08 57.22 56.72 57.07 35.51 35.9 
124.15 124.54 123.17 123.56 122.18 122.58 121.2 121.6 120.22 120.62 119.24 119.64 118.26 118.66 117.28 117.69 116.3 116.71 115.32 115.73 3.16 3.16 4.12 4.12 55.66 55.08 0.0 2.0 49.77 49.04 84.12 84.76 45.28 47.01 97.86 96.01 126.46 124.62 8.49 7.21 115.95 116.48 62.63 64.2 73.06 74.09 79.71 80.41 78.16 78.75 125.03 124.79 49.09 48.02 83.53 81.84 38.33 36.4 15.13 15.52 114.59 112.72 123.04 121.06 12.65 10.77 6.71 5.0 51.08 49.24 
123.79 124.15 122.81 123.17 121.82 122.18 120.84 121.2 119.85 120.22 118.87 119.24 117.89 118.26 116.9 117.28 115.92 116.3 114.93 115.32 1.41 1.41 2.24 2.24 56.3 55.66 2.0 0.0 47.93 47.17 83.52 84.12 43.57 45.28 97.14 95.27 125.72 123.86 7.21 5.66 115.45 115.95 61.07 62.63 72.07 73.06 79.06 79.71 77.62 78.16 125.3 125.03 47.43 46.32 82.49 80.78 37.85 35.9 17.12 17.46 113.89 112.01 123.32 121.34 14.56 12.65 8.54 6.71 50.33 48.47 
105.54 105.12 104.56 104.14 103.59 103.16 102.61 102.18 101.64 101.2 100.66 100.22 99.69 99.25 98.72 98.27 97.74 97.29 96.77 96.32 46.62 47.42 45.69 46.52 71.59 69.84 49.77 47.93 0.0 2.0 64.2 63.6 8.06 6.4 72.69 70.71 98.02 96.02 42.06 42.72 94.37 94.05 20.22 20.62 44.91 44.55 59.14 58.52 60.93 60.17 121.94 120.93 9.43 7.81 52.04 50.04 40.25 39.4 64.51 65.19 88.14 86.15 120.22 118.51 62.39 60.54 56.46 54.63 38.21 36.77 
107.49 107.08 106.51 106.1 105.54 105.12 104.56 104.14 103.59 103.16 102.61 102.18 101.64 101.2 100.66 100.22 99.69 99.25 98.72 98.27 45.88 46.62 44.94 45.69 72.56 70.83 49.04 47.17 2.0 0.0 66.1 65.52 9.22 7.81 74.67 72.69 100.02 98.02 41.48 42.06 96.34 96.03 22.2 22.56 46.87 46.53 61.03 60.44 62.77 62.03 123.66 122.67 11.18 9.43 54.04 52.04 41.18 40.25 63.89 64.51 90.14 88.14 121.94 120.22 61.68 59.81 55.71 53.85 39.7 38.21 
42.11 42.01 41.11 41.01 40.11 40.01 39.12 39.01 38.12 38.01 37.12 37.01 36.12 36.01 35.13 35.01 34.13 34.01 33.14 33.02 82.28 84.2 82.01 83.93 50.77 49.09 84.12 83.52 64.2 66.1 0.0 2.0 58.46 58.94 14.87 13.45 43.05 41.34 76.66 78.59 32.25 32.56 47.01 48.02 20.25 21.4 5.1 5.83 6.4 5.39 60.83 59.46 55.08 57.01 20.12 21.1 45.88 47.76 91.68 93.47 30.89 29.15 59.4 58.0 92.2 91.39 88.96 88.26 33.54 35.51 
42.3 42.11 41.3 41.11 40.31 40.11 39.32 39.12 38.33 38.12 37.34 37.12 36.35 36.12 35.36 35.13 34.37 34.13 33.38 33.14 82.86 84.77 82.57 84.48 52.48 50.77 84.76 84.12 63.6 65.52 2.0 0.0 58.05 58.46 13.6 12.04 42.06 40.31 77.2 79.12 32.06 32.25 46.07 47.01 19.24 20.25 5.1 5.1 7.81 6.4 62.23 60.83 54.57 56.52 18.36 19.42 46.62 48.47 92.59 94.37 29.97 28.18 60.83 59.46 93.04 92.2 89.69 88.96 33.96 35.9 
100.28 99.98 99.3 98.99 98.31 98.01 97.32 97.02 96.34 96.03 95.35 95.04 94.37 94.05 93.38 93.06 92.4 92.07 91.41 91.08 42.19 43.27 41.34 42.44 63.53 61.77 45.28 43.57 8.06 9.22 58.46 58.05 0.0 2.0 68.07 66.07 94.43 92.44 37.12 38.08 89.45 89.27 18.87 20.0 40.05 40.0 53.37 52.95 54.71 54.12 115.0 114.06 4.47 2.83 48.26 46.27 32.2 31.38 59.51 60.37 84.02 82.02 113.25 111.51 57.71 55.95 51.97 50.25 30.61 29.07 
100.62 100.28 99.64 99.3 98.66 98.31 97.67 97.32 96.69 96.34 95.71 95.35 94.73 94.37 93.74 93.38 92.76 92.4 91.78 91.41 43.91 44.94 43.05 44.1 65.3 63.53 47.01 45.28 6.4 7.81 58.94 58.46 2.0 0.0 68.18 66.19 94.26 92.27 38.91 39.82 89.68 89.45 17.89 18.87 40.2 40.05 53.85 53.37 55.36 54.71 115.97 115.0 4.0 2.0 48.09 46.1 34.01 33.24 61.33 62.17 84.0 82.0 114.24 112.51 59.48 57.71 53.71 51.97 31.89 30.41 
33.62 32.89 32.7 31.95 31.78 31.02 30.87 30.08 29.97 29.15 29.07 28.23 28.18 27.31 27.29 26.4 26.42 25.5 25.55 24.6 95.86 97.74 95.52 97.41 65.22 63.6 97.86 97.14 72.69 74.67 14.87 13.6 68.07 68.18 0.0 2.0 28.64 26.83 90.14 92.03 21.84 21.38 53.6 54.12 28.02 28.16 18.36 17.46 21.26 20.0 61.59 59.91 64.2 66.19 21.54 23.41 59.93 61.74 106.07 107.82 16.76 14.87 60.54 59.54 106.44 105.55 102.96 102.16 46.82 48.7 
35.47 34.79 34.54 33.84 33.62 32.89 32.7 31.95 31.78 31.02 30.87 30.08 29.97 29.15 29.07 28.23 28.18 27.31 27.29 26.4 93.98 95.86 93.64 95.52 64.07 62.43 96.01 95.27 70.71 72.69 13.45 12.04 66.07 66.19 2.0 0.0 30.46 28.64 88.26 90.14 23.77 23.35 51.66 52.2 26.02 26.17 16.64 15.65 19.8 18.44 62.68 61.03 62.2 64.2 19.7 21.54 58.14 59.93 104.32 106.07 18.68 16.76 61.59 60.54 104.66 103.75 101.13 100.32 44.94 46.82 
25.5 23.54 25.32 23.35 25.18 23.19 25.08 23.09 25.02 23.02 25.0 23.0 25.02 23.02 25.08 23.09 25.18 23.19 25.32 23.35 124.42 126.29 124.06 125.94 91.22 89.81 126.46 125.72 98.02 100.02 43.05 42.06 94.43 94.26 28.64 30.46 0.0 2.0 118.68 120.55 18.68 16.76 78.01 78.06 55.11 54.74 46.96 46.1 49.4 48.37 64.38 62.39 90.27 92.27 46.17 48.17 88.57 90.38 134.65 136.42 12.21 13.89 64.2 64.07 135.06 134.18 131.59 130.78 75.39 77.25 
25.96 24.04 25.71 23.77 25.5 23.54 25.32 23.35 25.18 23.19 25.08 23.09 25.02 23.02 25.0 23.0 25.02 23.02 25.08 23.09 122.56 124.42 122.2 124.06 89.83 88.39 124.62 123.86 96.02 98.02 41.34 40.31 92.44 92.27 26.83 28.64 2.0 0.0 116.81 118.68 18.25 16.28 76.01 76.06 53.15 52.77 45.18 44.28 47.71 46.65 64.63 62.65 88.28 90.27 44.18 46.17 86.76 88.57 132.88 134.65 10.63 12.21 64.38 64.2 133.27 132.38 129.77 128.95 73.54 75.39 
117.24 117.55 116.25 116.56 115.26 115.57 114.27 114.59 113.28 113.6 112.29 112.61 111.31 111.63 110.32 110.64 109.33 109.66 108.34 108.67 5.83 7.62 5.39 7.28 52.33 51.48 8.49 7.21 42.06 41.48 76.66 77.2 37.12 38.91 90.14 88.26 118.68 116.81 0.0 2.0 108.68 109.14 54.2 55.8 64.88 65.86 72.12 72.73 70.83 71.31 120.03 119.68 40.82 39.82 75.29 73.57 31.26 29.27 22.47 23.26 106.89 105.0 118.07 116.1 20.59 18.87 15.0 13.45 43.32 41.44 
119.22 119.52 118.23 118.53 117.24 117.55 116.25 116.56 115.26 115.57 114.27 114.59 113.28 113.6 112.29 112.61 111.31 111.63 110.32 110.64 4.24 5.83 3.61 5.39 54.13 53.31 7.21 5.66 42.72 42.06 78.59 79.12 38.08 39.82 92.03 90.14 120.55 118.68 2.0 0.0 110.63 111.09 55.44 57.01 66.65 67.6 74.04 74.63 72.78 73.25 122.0 121.66 41.88 40.82 77.03 75.29 33.24 31.26 21.84 22.47 108.78 106.89 120.03 118.07 19.7 17.89 13.89 12.21 45.22 43.32 
12.21 11.18 11.4 10.3 10.63 9.43 9.9 8.6 9.22 7.81 8.6 7.07 8.06 6.4 7.62 5.83 7.28 5.39 7.07 5.1 114.24 116.18 114.0 115.95 75.43 74.2 115.95 115.45 94.37 96.34 32.25 32.06 89.45 89.68 21.84 23.77 18.68 18.25 108.68 110.63 0.0 2.0 75.43 75.96 49.5 49.82 37.12 37.01 37.85 37.48 47.54 45.61 85.71 87.69 43.32 45.22 77.62 79.56 122.56 124.42 12.08 13.04 47.07 46.69 123.37 122.7 120.5 119.92 65.76 67.74 
13.45 12.21 12.73 11.4 12.04 10.63 11.4 9.9 10.82 9.22 10.3 8.6 9.85 8.06 9.49 7.62 9.22 7.28 9.06 7.07 114.73 116.66 114.48 116.42 76.69 75.43 116.48 115.95 94.05 96.03 32.56 32.25 89.27 89.45 21.38 23.35 16.76 16.28 109.14 111.09 2.0 0.0 74.95 75.43 49.25 49.5 37.34 37.12 38.33 37.85 49.48 47.54 85.48 87.46 42.72 44.64 78.16 80.08 123.31 125.16 10.3 11.4 49.03 48.66 124.06 123.37 121.12 120.5 66.1 68.07 
86.98 86.4 86.02 85.44 85.07 84.48 84.12 83.52 83.17 82.57 82.22 81.61 81.27 80.65 80.32 79.7 79.38 78.75 78.43 77.79 59.67 60.96 58.9 60.21 67.47 65.51 62.63 61.07 20.22 22.2 47.01 46.07 18.87 17.89 53.6 51.66 78.01 76.01 54.2 55.44 75.43 74.95 0.0 2.0 26.83 26.0 42.19 41.18 45.0 43.83 107.0 105.8 14.42 16.12 32.39 30.41 39.05 39.2 76.01 77.1 68.47 66.48 105.42 103.86 74.63 73.01 69.2 67.62 30.08 29.61 
87.6 86.98 86.65 86.02 85.7 85.07 84.76 84.12 83.82 83.17 82.87 82.22 81.93 81.27 80.99 80.32 80.06 79.38 79.12 78.43 61.22 62.48 60.44 61.72 69.43 67.47 64.2 62.63 20.62 22.56 48.02 47.01 20.0 18.87 54.12 52.2 78.06 76.06 55.8 57.01 75.96 75.43 2.0 0.0 27.78 26.83 43.27 42.19 46.23 45.0 108.23 107.0 15.62 17.2 32.76 30.81 41.05 41.19 77.7 78.77 68.73 66.75 106.67 105.12 76.28 74.63 70.8 69.2 32.02 31.58 
60.64 60.21 59.67 59.23 58.69 58.25 57.72 57.27 56.75 56.29 55.79 55.32 54.82 54.34 53.85 53.37 52.89 52.39 51.92 51.42 70.71 72.47 70.24 72.01 54.92 52.95 73.06 72.07 44.91 46.87 20.25 19.24 40.05 40.2 28.02 26.02 55.11 53.15 64.88 66.65 49.5 49.25 26.83 27.78 0.0 2.0 15.62 14.42 19.21 17.69 80.81 79.51 36.22 38.21 10.63 9.22 37.48 38.9 83.24 84.81 44.18 42.19 79.31 77.83 83.01 81.84 78.77 77.7 23.35 24.76 
61.13 60.64 60.17 59.67 59.2 58.69 58.24 57.72 57.28 56.75 56.32 55.79 55.36 54.82 54.41 53.85 53.45 52.89 52.5 51.92 71.69 73.43 71.2 72.95 56.89 54.92 74.09 73.06 44.55 46.53 21.4 20.25 40.0 40.05 28.16 26.17 54.74 52.77 65.86 67.6 49.82 49.5 26.0 26.83 2.0 0.0 16.97 15.62 20.81 19.21 82.13 80.81 36.06 38.05 9.43 7.81 38.95 40.31 84.5 86.05 44.05 42.05 80.66 79.21 84.2 83.01 79.88 78.77 24.84 26.17 
47.17 47.04 46.17 46.04 45.18 45.04 44.18 44.05 43.19 43.05 42.19 42.05 41.19 41.05 40.2 40.05 39.2 39.05 38.21 38.05 77.79 79.7 77.49 79.4 49.19 47.41 79.71 79.06 59.14 61.03 5.1 5.1 53.37 53.85 18.36 16.64 46.96 45.18 72.12 74.04 37.12 37.34 42.19 43.27 15.62 16.97 0.0 2.0 5.0 3.0 65.19 63.89 50.0 51.92 17.46 18.03 41.63 43.46 87.71 89.47 34.93 33.11 63.7 62.24 88.1 87.24 84.69 83.93 28.86 30.81 
47.38 47.17 46.39 46.17 45.4 45.18 44.41 44.18 43.42 43.19 42.43 42.19 41.44 41.19 40.45 40.2 39.46 39.2 38.47 38.21 78.43 80.32 78.11 80.01 50.99 49.19 80.41 79.71 58.52 60.44 5.83 5.1 52.95 53.37 17.46 15.65 46.1 44.28 72.73 74.63 37.01 37.12 41.18 42.19 14.42 15.62 2.0 0.0 7.0 5.0 66.53 65.19 49.48 51.42 15.52 16.16 42.49 44.28 88.68 90.43 34.18 32.31 65.07 63.64 89.01 88.1 85.49 84.69 29.41 31.32 
47.01 47.1 46.01 46.1 45.01 45.1 44.01 44.1 43.01 43.1 42.01 42.11 41.01 41.11 40.01 40.11 39.01 39.12 38.01 38.12 76.4 78.34 76.16 78.1 44.78 43.05 78.16 77.62 60.93 62.77 6.4 7.81 54.71 55.36 21.26 19.8 49.4 47.71 70.83 72.78 37.85 38.33 45.0 46.23 19.21 20.81 5.0 7.0 0.0 2.0 62.01 60.8 51.62 53.49 22.36 22.8 39.85 41.76 85.43 87.24 37.22 35.51 60.44 58.9 86.01 85.23 82.87 82.22 28.07 30.07 
47.01 47.01 46.01 46.01 45.01 45.01 44.01 44.01 43.01 43.01 42.01 42.01 41.01 41.01 40.01 40.01 39.01 39.01 38.01 38.01 76.92 78.85 76.66 78.59 46.53 44.78 78.75 78.16 60.17 62.03 5.39 6.4 54.12 54.71 20.0 18.44 48.37 46.65 71.31 73.25 37.48 37.85 43.83 45.0 17.69 19.21 3.0 5.0 2.0 0.0 63.25 62.01 50.92 52.81 20.4 20.88 40.5 42.38 86.31 88.1 36.24 34.48 61.72 60.21 86.82 86.01 83.57 82.87 28.28 30.27 
39.05 41.05 39.12 41.11 39.2 41.19 39.32 41.3 39.46 41.44 39.62 41.59 39.81 41.77 40.02 41.98 40.26 42.2 40.52 42.45 124.46 126.44 124.62 126.59 71.01 71.01 125.03 125.3 121.94 123.66 60.83 62.23 115.0 115.97 61.59 62.68 64.38 64.63 120.03 122.0 47.54 49.48 107.0 108.23 80.81 82.13 65.19 66.53 62.01 63.25 0.0 2.0 112.51 114.24 80.06 81.39 90.8 92.72 126.0 128.0 59.48 60.08 2.0 4.0 128.06 128.14 127.39 127.57 85.0 86.82 
37.05 39.05 37.12 39.12 37.22 39.2 37.34 39.32 37.48 39.46 37.66 39.62 37.85 39.81 38.08 40.02 38.33 40.26 38.6 40.52 124.17 126.15 124.31 126.29 71.06 71.01 124.79 125.03 120.93 122.67 59.46 60.83 114.06 115.0 59.91 61.03 62.39 62.65 119.68 121.66 45.61 47.54 105.8 107.0 79.51 80.81 63.89 65.19 60.8 62.01 2.0 0.0 111.51 113.25 78.57 79.93 90.25 92.18 126.0 128.0 57.57 58.19 2.83 4.47 128.02 128.06 127.25 127.39 84.17 86.01 
96.69 96.34 95.71 95.35 94.73 94.37 93.74 93.38 92.76 92.4 91.78 91.41 90.8 90.43 89.82 89.44 88.84 88.46 87.86 87.48 46.04 47.2 45.22 46.4 63.56 61.74 49.09 47.43 9.43 11.18 55.08 54.57 4.47 4.0 64.2 62.2 90.27 88.28 40.82 41.88 85.71 85.48 14.42 15.62 36.22 36.06 50.0 49.48 51.62 50.92 112.51 111.51 0.0 2.0 44.1 42.11 32.57 32.02 63.06 64.01 80.0 78.0 110.79 109.08 61.4 59.68 55.76 54.08 29.0 27.66 
98.66 98.31 97.67 97.32 96.69 96.34 95.71 95.35 94.73 94.37 93.74 93.38 92.76 92.4 91.78 91.41 90.8 90.43 89.82 89.44 44.94 46.04 44.1 45.22 64.4 62.61 48.02 46.32 7.81 9.43 57.01 56.52 2.83 2.0 66.19 64.2 92.27 90.27 39.82 40.82 87.69 87.46 16.12 17.2 38.21 38.05 51.92 51.42 53.49 52.81 114.24 113.25 2.0 0.0 46.1 44.1 33.24 32.57 62.17 63.06 82.0 80.0 112.51 110.79 60.42 58.67 54.71 53.0 30.41 29.0 
55.15 54.42 54.23 53.49 53.31 52.55 52.39 51.62 51.48 50.7 50.57 49.77 49.66 48.85 48.75 47.93 47.85 47.01 46.96 46.1 81.12 82.86 80.62 82.37 63.6 61.68 83.53 82.49 52.04 54.04 20.12 18.36 48.26 48.09 21.54 19.7 46.17 44.18 75.29 77.03 43.32 42.72 32.39 32.76 10.63 9.43 17.46 15.52 22.36 20.4 80.06 78.57 44.1 46.1 0.0 2.0 48.08 49.52 93.86 95.43 36.12 34.13 78.75 77.47 93.6 92.42 89.31 88.2 33.94 35.38 
57.01 56.3 56.08 55.36 55.15 54.42 54.23 53.49 53.31 52.55 52.39 51.62 51.48 50.7 50.57 49.77 49.66 48.85 48.75 47.93 79.4 81.12 78.89 80.62 63.06 61.13 81.84 80.78 50.04 52.04 21.1 19.42 46.27 46.1 23.41 21.54 48.17 46.17 73.57 75.29 45.22 44.64 30.41 30.81 9.22 7.81 18.03 16.16 22.8 20.88 81.39 79.93 42.11 44.1 2.0 0.0 46.69 48.08 92.31 93.86 38.12 36.12 80.06 78.75 92.01 90.8 87.66 86.53 32.56 33.94 
85.99 86.31 85.0 85.33 84.01 84.34 83.02 83.36 82.04 82.38 81.05 81.39 80.06 80.41 79.08 79.43 78.09 78.45 77.1 77.47 36.67 38.64 36.5 38.47 31.38 29.68 38.33 37.85 40.25 41.18 45.88 46.62 32.2 34.01 59.93 58.14 88.57 86.76 31.26 33.24 77.62 78.16 39.05 41.05 37.48 38.95 41.63 42.49 39.85 40.5 90.8 90.25 32.57 33.24 48.08 46.69 0.0 2.0 46.32 48.02 76.56 74.73 88.89 86.98 46.53 45.62 43.08 42.38 14.14 12.81 
87.97 88.28 86.98 87.3 85.99 86.31 85.0 85.33 84.01 84.34 83.02 83.36 82.04 82.38 81.05 81.39 80.06 80.41 79.08 79.43 34.71 36.67 34.53 36.5 32.45 30.81 36.4 35.9 39.4 40.25 47.76 48.47 31.38 33.24 61.74 59.93 90.38 88.57 29.27 31.26 79.56 80.08 39.2 41.19 38.9 40.31 43.46 44.28 41.76 42.38 92.72 92.18 32.02 32.57 49.52 48.08 2.0 0.0 44.65 46.32 78.39 76.56 90.8 88.89 44.78 43.83 41.23 40.5 15.62 14.14 
129.69 130.29 128.74 129.34 127.78 128.39 126.83 127.44 125.87 126.49 124.92 125.54 123.97 124.6 123.02 123.65 122.07 122.7 121.12 121.76 18.25 18.03 19.24 19.03 55.04 55.0 15.13 17.12 64.51 63.89 91.68 92.59 59.51 61.33 106.07 104.32 134.65 132.88 22.47 21.84 122.56 123.31 76.01 77.7 83.24 84.5 87.71 88.68 85.43 86.31 126.0 126.0 63.06 62.17 93.86 92.31 46.32 44.65 0.0 2.0 122.54 120.77 124.0 122.0 3.61 5.39 9.06 11.05 60.22 58.6 
131.61 132.2 130.65 131.24 129.69 130.29 128.74 129.34 127.78 128.39 126.83 127.44 125.87 126.49 124.92 125.54 123.97 124.6 123.02 123.65 18.68 18.25 19.65 19.24 57.04 57.0 15.52 17.46 65.19 64.51 93.47 94.37 60.37 62.17 107.82 106.07 136.42 134.65 23.26 22.47 124.42 125.16 77.1 78.77 84.81 86.05 89.47 90.43 87.24 88.1 128.0 128.0 64.01 63.06 95.43 93.86 48.02 46.32 2.0 0.0 124.33 122.54 126.0 124.0 3.0 5.0 9.06 11.05 61.85 60.22 
23.43 21.93 22.8 21.26 22.2 20.62 21.63 20.0 21.1 19.42 20.59 18.87 20.12 18.36 19.7 17.89 19.31 17.46 18.97 17.09 112.61 114.49 112.27 114.16 79.25 77.79 114.59 113.89 88.14 90.14 30.89 29.97 84.02 84.0 16.76 18.68 12.21 10.63 106.89 108.78 12.08 10.3 68.47 68.73 44.18 44.05 34.93 34.18 37.22 36.24 59.48 57.57 80.0 82.0 36.12 38.12 76.56 78.39 122.54 124.33 0.0 2.0 58.94 58.46 123.0 122.16 119.62 118.85 63.57 65.46 
24.76 23.35 24.08 22.63 23.43 21.93 22.8 21.26 22.2 20.62 21.63 20.0 21.1 19.42 20.59 18.87 20.12 18.36 19.7 17.89 110.72 112.61 110.39 112.27 77.9 76.42 112.72 112.01 86.15 88.14 29.15 28.18 82.02 82.0 14.87 16.76 13.89 12.21 105.0 106.89 13.04 11.4 66.48 66.75 42.19 42.05 33.11 32.31 35.51 34.48 60.08 58.19 78.0 80.0 34.13 36.12 74.73 76.56 120.77 122.54 2.0 0.0 59.48 58.94 121.2 120.34 117.78 117.0 61.68 63.57 
39.0 41.0 39.01 41.01 39.05 41.05 39.12 41.11 39.2 41.19 39.32 41.3 39.46 41.44 39.62 41.59 39.81 41.77 40.02 41.98 122.48 124.46 122.64 124.62 69.01 69.01 123.04 123.32 120.22 121.94 59.4 60.83 113.25 114.24 60.54 61.59 64.2 64.38 118.07 120.03 47.07 49.03 105.42 106.67 79.31 80.66 63.7 65.07 60.44 61.72 2.0 2.83 110.79 112.51 78.75 80.06 88.89 90.8 124.0 126.0 58.94 59.48 0.0 2.0 126.06 126.14 125.4 125.57 83.19 85.0 
39.05 41.05 39.01 41.01 39.0 41.0 39.01 41.01 39.05 41.05 39.12 41.11 39.2 41.19 39.32 41.3 39.46 41.44 39.62 41.59 120.51 122.48 120.67 122.64 67.01 67.01 121.06 121.34 118.51 120.22 58.0 59.46 111.51 112.51 59.54 60.54 64.07 64.2 116.1 118.07 46.69 48.66 103.86 105.12 77.83 79.21 62.24 63.64 58.9 60.21 4.0 4.47 109.08 110.79 77.47 78.75 86.98 88.89 122.0 124.0 58.46 58.94 2.0 0.0 124.06 124.15 123.41 123.58 81.39 83.19 
130.77 131.32 129.81 130.36 128.84 129.4 127.88 128.44 126.92 127.49 125.96 126.53 125.0 125.57 124.04 124.62 123.08 123.66 122.12 122.71 15.81 15.3 16.76 16.28 57.22 57.08 12.65 14.56 62.39 61.68 92.2 93.04 57.71 59.48 106.44 104.66 135.06 133.27 20.59 19.7 123.37 124.06 74.63 76.28 83.01 84.2 88.1 89.01 86.01 86.82 128.06 128.02 61.4 60.42 93.6 92.01 46.53 44.78 3.61 3.0 123.0 121.2 126.06 124.06 0.0 2.0 6.08 8.06 60.21 58.52 
130.25 130.77 129.28 129.81 128.32 128.84 127.35 127.88 126.38 126.92 125.42 125.96 124.45 125.0 123.49 124.04 122.53 123.08 121.56 122.12 13.93 13.34 14.87 14.32 57.43 57.22 10.77 12.65 60.54 59.81 91.39 92.2 55.95 57.71 105.55 103.75 134.18 132.38 18.87 17.89 122.7 123.37 73.01 74.63 81.84 83.01 87.24 88.1 85.23 86.01 128.14 128.06 59.68 58.67 92.42 90.8 45.62 43.83 5.39 5.0 122.16 120.34 126.14 124.15 2.0 0.0 4.12 6.08 59.17 57.45 
128.32 128.79 127.35 127.82 126.37 126.85 125.4 125.88 124.43 124.91 123.45 123.94 122.48 122.97 121.51 122.0 120.54 121.04 119.57 120.07 9.85 9.22 10.77 10.2 57.07 56.72 6.71 8.54 56.46 55.71 88.96 89.69 51.97 53.71 102.96 101.13 131.59 129.77 15.0 13.89 120.5 121.12 69.2 70.8 78.77 79.88 84.69 85.49 82.87 83.57 127.39 127.25 55.76 54.71 89.31 87.66 43.08 41.23 9.06 9.06 119.62 117.78 125.4 123.41 6.08 4.12 0.0 2.0 56.36 54.59 
127.88 128.32 126.91 127.35 125.93 126.37 124.95 125.4 123.98 124.43 123.0 123.45 122.02 122.48 121.05 121.51 120.07 120.54 119.1 119.57 8.06 7.28 8.94 8.25 57.49 57.07 5.0 6.71 54.63 53.85 88.26 88.96 50.25 51.97 102.16 100.32 130.78 128.95 13.45 12.21 119.92 120.5 67.62 69.2 77.7 78.77 83.93 84.69 82.22 82.87 127.57 127.39 54.08 53.0 88.2 86.53 42.38 40.5 11.05 11.05 118.85 117.0 125.57 123.58 8.06 6.08 2.0 0.0 55.46 53.67 
75.06 75.17 74.06 74.17 73.06 73.17 72.06 72.17 71.06 71.18 70.06 70.18 69.07 69.18 68.07 68.18 67.07 67.19 66.07 66.19 49.04 50.92 48.7 50.6 37.48 35.51 51.08 50.33 38.21 39.7 33.54 33.96 30.61 31.89 46.82 44.94 75.39 73.54 43.32 45.22 65.76 66.1 30.08 32.02 23.35 24.84 28.86 29.41 28.07 28.28 85.0 84.17 29.0 30.41 33.94 32.56 14.14 15.62 60.22 61.85 63.57 61.68 83.19 81.39 60.21 59.17 56.36 55.46 0.0 2.0 
77.06 77.16 76.06 76.16 75.06 75.17 74.06 74.17 73.06 73.17 72.06 72.17 71.06 71.18 70.06 70.18 69.07 69.18 68.07 68.18 47.17 49.04 46.82 48.7 37.85 35.9 49.24 48.47 36.77 38.21 35.51 35.9 29.07 30.41 48.7 46.82 77.25 75.39 41.44 43.32 67.74 68.07 29.61 31.58 24.76 26.17 30.81 31.32 30.07 30.27 86.82 86.01 27.66 29.0 35.38 33.94 12.81 14.14 58.6 60.22 65.46 63.57 85.0 83.19 58.52 57.45 54.59 53.67 2.0 0.0 
