50
0.0 2.0 1.0 2.24 2.0 2.83 3.0 3.61 4.0 4.47 5.0 5.39 6.0 6.32 7.0 7.28 37.05 37.22 38.05 38.21 3.16 1.41 3.61 2.24 27.78 26.83 26.93 25.94 26.08 25.06 25.24 24.19 24.41 23.32 23.6 22.47 32.2 33.42 33.02 34.21 33.84 35.0 34.67 35.81 35.51 36.62 36.36 37.44 37.22 38.28 
2.0 0.0 2.24 1.0 2.83 2.0 3.61 3.0 4.47 4.0 5.39 5.0 6.32 6.0 7.28 7.0 37.0 37.05 38.0 38.05 3.16 1.41 3.0 1.0 28.84 27.78 28.02 26.93 27.2 26.08 26.4 25.24 25.61 24.41 24.84 23.6 30.61 31.89 31.4 32.65 32.2 33.42 33.02 34.21 33.84 35.0 34.67 35.81 35.51 36.62 
1.0 2.24 0.0 2.0 1.0 2.24 2.0 2.83 3.0 3.61 4.0 4.47 5.0 5.39 6.0 6.32 36.06 36.22 37.05 37.22 4.12 2.24 4.47 2.83 28.65 27.73 27.78 26.83 26.93 25.94 26.08 25.06 25.24 24.19 24.41 23.32 31.62 32.8 32.45 33.6 33.29 34.41 34.13 35.23 34.99 36.06 35.85 36.89 36.72 37.74 
2.24 1.0 2.0 0.0 2.24 1.0 2.83 2.0 3.61 3.0 4.47 4.0 5.39 5.0 6.32 6.0 36.0 36.06 37.0 37.05 4.12 2.24 4.0 2.0 29.68 28.65 28.84 27.78 28.02 26.93 27.2 26.08 26.4 25.24 25.61 24.41 30.0 31.24 30.81 32.02 31.62 32.8 32.45 33.6 33.29 34.41 34.13 35.23 34.99 36.06 
2.0 2.83 1.0 2.24 0.0 2.0 1.0 2.24 2.0 2.83 3.0 3.61 4.0 4.47 5.0 5.39 35.06 35.23 36.06 36.22 5.1 3.16 5.39 3.61 29.53 28.64 28.65 27.73 27.78 26.83 26.93 25.94 26.08 25.06 25.24 24.19 31.06 32.2 31.91 33.02 32.76 33.84 33.62 34.67 34.48 35.51 35.36 36.36 36.24 37.22 
2.83 2.0 2.24 1.0 2.0 0.0 2.24 1.0 2.83 2.0 3.61 3.0 4.47 4.0 5.39 5.0 35.0 35.06 36.0 36.06 5.1 3.16 5.0 3.0 30.53 29.53 29.68 28.65 28.84 27.78 28.02 26.93 27.2 26.08 26.4 25.24 29.41 30.61 30.23 31.4 31.06 32.2 31.91 33.02 32.76 33.84 33.62 34.67 34.48 35.51 
3.0 3.61 2.0 2.83 1.0 2.24 0.0 2.0 1.0 2.24 2.0 2.83 3.0 3.61 4.0 4.47 34.06 34.23 35.06 35.23 6.08 4.12 6.32 4.47 30.41 29.55 29.53 28.64 28.65 27.73 27.78 26.83 26.93 25.94 26.08 25.06 30.53 31.62 31.38 32.45 32.25 33.29 33.12 34.13 34.0 34.99 34.89 35.85 35.78 36.72 
3.61 3.0 2.83 2.0 2.24 1.0 2.0 0.0 2.24 1.0 2.83 2.0 3.61 3.0 4.47 4.0 34.0 34.06 35.0 35.06 6.08 4.12 6.0 4.0 31.38 30.41 30.53 29.53 29.68 28.65 28.84 27.78 28.02 26.93 27.2 26.08 28.84 30.0 29.68 30.81 30.53 31.62 31.38 32.45 32.25 33.29 33.12 34.13 34.0 34.99 
4.0 4.47 3.0 3.61 2.0 2.83 1.0 2.24 0.0 2.0 1.0 2.24 2.0 2.83 3.0 3.61 33.06 33.24 34.06 34.23 7.07 5.1 7.28 5.39 31.3 30.46 30.41 29.55 29.53 28.64 28.65 27.73 27.78 26.83 26.93 25.94 30.02 31.06 30.89 31.91 31.76 32.76 32.65 33.62 33.54 34.48 34.44 35.36 35.34 36.24 
4.47 4.0 3.61 3.0 2.83 2.0 2.24 1.0 2.0 0.0 2.24 1.0 2.83 2.0 3.61 3.0 33.0 33.06 34.0 34.06 7.07 5.1 7.0 5.0 32.25 31.3 31.38 30.41 30.53 29.53 29.68 28.65 28.84 27.78 28.02 26.93 28.3 29.41 29.15 30.23 30.02 31.06 30.89 31.91 31.76 32.76 32.65 33.62 33.54 34.48 
5.0 5.39 4.0 4.47 3.0 3.61 2.0 2.83 1.0 2.24 0.0 2.0 1.0 2.24 2.0 2.83 32.06 32.25 33.06 33.24 8.06 6.08 8.25 6.32 32.2 31.38 31.3 30.46 30.41 29.55 29.53 28.64 28.65 27.73 27.78 26.83 29.53 30.53 30.41 31.38 31.3 32.25 32.2 33.12 33.11 34.0 34.01 34.89 34.93 35.78 
5.39 5.0 4.47 4.0 3.61 3.0 2.83 2.0 2.24 1.0 2.0 0.0 2.24 1.0 2.83 2.0 32.0 32.06 33.0 33.06 8.06 6.08 8.0 6.0 33.12 32.2 32.25 31.3 31.38 30.41 30.53 29.53 29.68 28.65 28.84 27.78 27.78 28.84 28.65 29.68 29.53 30.53 30.41 31.38 31.3 32.25 32.2 33.12 33.11 34.0 
6.0 6.32 5.0 5.39 4.0 4.47 3.0 3.61 2.0 2.83 1.0 2.24 0.0 2.0 1.0 2.24 31.06 31.26 32.06 32.25 9.06 7.07 9.22 7.28 33.11 32.31 32.2 31.38 31.3 30.46 30.41 29.55 29.53 28.64 28.65 27.73 29.07 30.02 29.97 30.89 30.87 31.76 31.78 32.65 32.7 33.54 33.62 34.44 34.54 35.34 
6.32 6.0 5.39 5.0 4.47 4.0 3.61 3.0 2.83 2.0 2.24 1.0 2.0 0.0 2.24 1.0 31.0 31.06 32.0 32.06 9.06 7.07 9.0 7.0 34.0 33.11 33.12 32.2 32.25 31.3 31.38 30.41 30.53 29.53 29.68 28.65 27.29 28.3 28.18 29.15 29.07 30.02 29.97 30.89 30.87 31.76 31.78 32.65 32.7 33.54 
7.0 7.28 6.0 6.32 5.0 5.39 4.0 4.47 3.0 3.61 2.0 2.83 1.0 2.24 0.0 2.0 30.07 30.27 31.06 31.26 10.05 8.06 10.2 8.25 34.01 33.24 33.11 32.31 32.2 31.38 31.3 30.46 30.41 29.55 29.53 28.64 28.64 29.53 29.55 30.41 30.46 31.3 31.38 32.2 32.31 33.11 33.24 34.01 34.18 34.93 
7.28 7.0 6.32 6.0 5.39 5.0 4.47 4.0 3.61 3.0 2.83 2.0 2.24 1.0 2.0 0.0 30.0 30.07 31.0 31.06 10.05 8.06 10.0 8.0 34.89 34.01 34.0 33.11 33.12 32.2 32.25 31.3 31.38 30.41 30.53 29.53 26.83 27.78 27.73 28.65 28.64 29.53 29.55 30.41 30.46 31.3 31.38 32.2 32.31 33.11 
37.05 37.0 36.06 36.0 35.06 35.0 34.06 34.0 33.06 33.0 32.06 32.0 31.06 31.0 30.07 30.0 0.0 2.0 1.0 2.24 40.01 38.01 40.0 38.0 63.06 62.59 62.1 61.61 61.13 60.64 60.17 59.67 59.2 58.69 58.24 57.72 30.0 28.84 30.81 29.68 31.62 30.53 32.45 31.38 33.29 32.25 34.13 33.12 34.99 34.0 
37.22 37.05 36.22 36.06 35.23 35.06 34.23 34.06 33.24 33.06 32.25 32.06 31.26 31.06 30.27 30.07 2.0 0.0 2.24 1.0 40.11 38.12 40.05 38.05 63.6 63.06 62.64 62.1 61.68 61.13 60.73 60.17 59.77 59.2 58.82 58.24 28.43 27.2 29.21 28.02 30.0 28.84 30.81 29.68 31.62 30.53 32.45 31.38 33.29 32.25 
38.05 38.0 37.05 37.0 36.06 36.0 35.06 35.0 34.06 34.0 33.06 33.0 32.06 32.0 31.06 31.0 1.0 2.24 0.0 2.0 41.01 39.01 41.0 39.0 64.03 63.56 63.06 62.59 62.1 61.61 61.13 60.64 60.17 59.67 59.2 58.69 30.61 29.41 31.4 30.23 32.2 31.06 33.02 31.91 33.84 32.76 34.67 33.62 35.51 34.48 
38.21 38.05 37.22 37.05 36.22 36.06 35.23 35.06 34.23 34.06 33.24 33.06 32.25 32.06 31.26 31.06 2.24 1.0 2.0 0.0 41.11 39.12 41.05 39.05 64.56 64.03 63.6 63.06 62.64 62.1 61.68 61.13 60.73 60.17 59.77 59.2 29.07 27.8 29.83 28.6 30.61 29.41 31.4 30.23 32.2 31.06 33.02 31.91 33.84 32.76 
3.16 3.16 4.12 4.12 5.1 5.1 6.08 6.08 7.07 7.07 8.06 8.06 9.06 9.06 10.05 10.05 40.01 40.11 41.01 41.11 0.0 2.0 1.0 2.24 25.81 24.7 25.0 23.85 24.21 23.02 23.43 22.2 22.67 21.4 21.93 20.62 33.3 34.66 34.06 35.38 34.83 36.12 35.61 36.88 36.4 37.64 37.2 38.42 38.01 39.2 
1.41 1.41 2.24 2.24 3.16 3.16 4.12 4.12 5.1 5.1 6.08 6.08 7.07 7.07 8.06 8.06 38.01 38.12 39.01 39.12 2.0 0.0 2.24 1.0 27.46 26.42 26.63 25.55 25.81 24.7 25.0 23.85 24.21 23.02 23.43 22.2 32.02 33.3 32.8 34.06 33.6 34.83 34.41 35.61 35.23 36.4 36.06 37.2 36.89 38.01 
3.61 3.0 4.47 4.0 5.39 5.0 6.32 6.0 7.28 7.0 8.25 8.0 9.22 9.0 10.2 10.0 40.0 40.05 41.0 41.05 1.0 2.24 0.0 2.0 26.4 25.24 25.61 24.41 24.84 23.6 24.08 22.8 23.35 22.02 22.63 21.26 32.56 33.94 33.3 34.66 34.06 35.38 34.83 36.12 35.61 36.88 36.4 37.64 37.2 38.42 
2.24 1.0 2.83 2.0 3.61 3.0 4.47 4.0 5.39 5.0 6.32 6.0 7.28 7.0 8.25 8.0 38.0 38.05 39.0 39.05 2.24 1.0 2.0 0.0 28.02 26.93 27.2 26.08 26.4 25.24 25.61 24.41 24.84 23.6 24.08 22.8 31.24 32.56 32.02 33.3 32.8 34.06 33.6 34.83 34.41 35.61 35.23 36.4 36.06 37.2 
27.78 28.84 28.65 29.68 29.53 30.53 30.41 31.38 31.3 32.25 32.2 33.12 33.11 34.0 34.01 34.89 63.06 63.6 64.03 64.56 25.81 27.46 26.4 28.02 0.0 2.0 1.0 2.24 2.0 2.83 3.0 3.61 4.0 4.47 5.0 5.39 58.73 60.21 59.41 60.88 60.11 61.55 60.81 62.24 61.52 62.94 62.24 63.64 62.97 64.35 
26.83 27.78 27.73 28.65 28.64 29.53 29.55 30.41 30.46 31.3 31.38 32.2 32.31 33.11 33.24 34.01 62.59 63.06 63.56 64.03 24.7 26.42 25.24 26.93 2.0 0.0 2.24 1.0 2.83 2.0 3.61 3.0 4.47 4.0 5.39 5.0 57.38 58.9 58.05 59.55 58.73 60.21 59.41 60.88 60.11 61.55 60.81 62.24 61.52 62.94 
26.93 28.02 27.78 28.84 28.65 29.68 29.53 30.53 30.41 31.38 31.3 32.25 32.2 33.12 33.11 34.0 62.1 62.64 63.06 63.6 25.0 26.63 25.61 27.2 1.0 2.24 0.0 2.0 1.0 2.24 2.0 2.83 3.0 3.61 4.0 4.47 58.0 59.46 58.69 60.14 59.4 60.83 60.11 61.52 60.83 62.23 61.55 62.94 62.29 63.66 
25.94 26.93 26.83 27.78 27.73 28.65 28.64 29.53 29.55 30.41 30.46 31.3 31.38 32.2 32.31 33.11 61.61 62.1 62.59 63.06 23.85 25.55 24.41 26.08 2.24 1.0 2.0 0.0 2.24 1.0 2.83 2.0 3.61 3.0 4.47 4.0 56.64 58.14 57.31 58.8 58.0 59.46 58.69 60.14 59.4 60.83 60.11 61.52 60.83 62.23 
26.08 27.2 26.93 28.02 27.78 28.84 28.65 29.68 29.53 30.53 30.41 31.38 31.3 32.25 32.2 33.12 61.13 61.68 62.1 62.64 24.21 25.81 24.84 26.4 2.0 2.83 1.0 2.24 0.0 2.0 1.0 2.24 2.0 2.83 3.0 3.61 57.28 58.73 57.98 59.41 58.69 60.11 59.41 60.81 60.14 61.52 60.88 62.24 61.62 62.97 
25.06 26.08 25.94 26.93 26.83 27.78 27.73 28.65 28.64 29.53 29.55 30.41 30.46 31.3 31.38 32.2 60.64 61.13 61.61 62.1 23.02 24.7 23.6 25.24 2.83 2.0 2.24 1.0 2.0 0.0 2.24 1.0 2.83 2.0 3.61 3.0 55.9 57.38 56.59 58.05 57.28 58.73 57.98 59.41 58.69 60.11 59.41 60.81 60.14 61.52 
25.24 26.4 26.08 27.2 26.93 28.02 27.78 28.84 28.65 29.68 29.53 30.53 30.41 31.38 31.3 32.25 60.17 60.73 61.13 61.68 23.43 25.0 24.08 25.61 3.0 3.61 2.0 2.83 1.0 2.24 0.0 2.0 1.0 2.24 2.0 2.83 56.57 58.0 57.28 58.69 58.0 59.4 58.73 60.11 59.46 60.83 60.21 61.55 60.96 62.29 
24.19 25.24 25.06 26.08 25.94 26.93 26.83 27.78 27.73 28.65 28.64 29.53 29.55 30.41 30.46 31.3 59.67 60.17 60.64 61.13 22.2 23.85 22.8 24.41 3.61 3.0 2.83 2.0 2.24 1.0 2.0 0.0 2.24 1.0 2.83 2.0 55.17 56.64 55.87 57.31 56.57 58.0 57.28 58.69 58.0 59.4 58.73 60.11 59.46 60.83 
24.41 25.61 25.24 26.4 26.08 27.2 26.93 28.02 27.78 28.84 28.65 29.68 29.53 30.53 30.41 31.38 59.2 59.77 60.17 60.73 22.67 24.21 23.35 24.84 4.0 4.47 3.0 3.61 2.0 2.83 1.0 2.24 0.0 2.0 1.0 2.24 55.87 57.28 56.59 57.98 57.31 58.69 58.05 59.41 58.8 60.14 59.55 60.88 60.31 61.62 
23.32 24.41 24.19 25.24 25.06 26.08 25.94 26.93 26.83 27.78 27.73 28.65 28.64 29.53 29.55 30.41 58.69 59.2 59.67 60.17 21.4 23.02 22.02 23.6 4.47 4.0 3.61 3.0 2.83 2.0 2.24 1.0 2.0 0.0 2.24 1.0 54.45 55.9 55.15 56.59 55.87 57.28 56.59 57.98 57.31 58.69 58.05 59.41 58.8 60.14 
23.6 24.84 24.41 25.61 25.24 26.4 26.08 27.2 26.93 28.02 27.78 28.84 28.65 29.68 29.53 30.53 58.24 58.82 59.2 59.77 21.93 23.43 22.63 24.08 5.0 5.39 4.0 4.47 3.0 3.61 2.0 2.83 1.0 2.24 0.0 2.0 55.17 56.57 55.9 57.28 56.64 58.0 57.38 58.73 58.14 59.46 58.9 60.21 59.67 60.96 
22.47 23.6 23.32 24.41 24.19 25.24 25.06 26.08 25.94 26.93 26.83 27.78 27.73 28.65 28.64 29.53 57.72 58.24 58.69 59.2 20.62 22.2 21.26 22.8 5.39 5.0 4.47 4.0 3.61 3.0 2.83 2.0 2.24 1.0 2.0 0.0 53.74 55.17 54.45 55.87 55.17 56.57 55.9 57.28 56.64 58.0 57.38 58.73 58.14 59.46 
32.2 30.61 31.62 30.0 31.06 29.41 30.53 28.84 30.02 28.3 29.53 27.78 29.07 27.29 28.64 26.83 30.0 28.43 30.61 29.07 33.3 32.02 32.56 31.24 58.73 57.38 58.0 56.64 57.28 55.9 56.57 55.17 55.87 54.45 55.17 53.74 0.0 2.0 1.0 2.24 2.0 2.83 3.0 3.61 4.0 4.47 5.0 5.39 6.0 6.32 
33.42 31.89 32.8 31.24 32.2 30.61 31.62 30.0 31.06 29.41 30.53 28.84 30.02 28.3 29.53 27.78 28.84 27.2 29.41 27.8 34.66 33.3 33.94 32.56 60.21 58.9 59.46 58.14 58.73 57.38 58.0 56.64 57.28 55.9 56.57 55.17 2.0 0.0 2.24 1.0 2.83 2.0 3.61 3.0 4.47 4.0 5.39 5.0 6.32 6.0 
33.02 31.4 32.45 30.81 31.91 30.23 31.38 29.68 30.89 29.15 30.41 28.65 29.97 28.18 29.55 27.73 30.81 29.21 31.4 29.83 34.06 32.8 33.3 32.02 59.41 58.05 58.69 57.31 57.98 56.59 57.28 55.87 56.59 55.15 55.9 54.45 1.0 2.24 0.0 2.0 1.0 2.24 2.0 2.83 3.0 3.61 4.0 4.47 5.0 5.39 
34.21 32.65 33.6 32.02 33.02 31.4 32.45 30.81 31.91 30.23 31.38 29.68 30.89 29.15 30.41 28.65 29.68 28.02 30.23 28.6 35.38 34.06 34.66 33.3 60.88 59.55 60.14 58.8 59.41 58.05 58.69 57.31 57.98 56.59 57.28 55.87 2.24 1.0 2.0 0.0 2.24 1.0 2.83 2.0 3.61 3.0 4.47 4.0 5.39 5.0 
33.84 32.2 33.29 31.62 32.76 31.06 32.25 30.53 31.76 30.02 31.3 29.53 30.87 29.07 30.46 28.64 31.62 30.0 32.2 30.61 34.83 33.6 34.06 32.8 60.11 58.73 59.4 58.0 58.69 57.28 58.0 56.57 57.31 55.87 56.64 55.17 2.0 2.83 1.0 2.24 0.0 2.0 1.0 2.24 2.0 2.83 3.0 3.61 4.0 4.47 
35.0 33.42 34.41 32.8 33.84 32.2 33.29 31.62 32.76 31.06 32.25 30.53 31.76 30.02 31.3 29.53 30.53 28.84 31.06 29.41 36.12 34.83 35.38 34.06 61.55 60.21 60.83 59.46 60.11 58.73 59.4 58.0 58.69 57.28 58.0 56.57 2.83 2.0 2.24 1.0 2.0 0.0 2.24 1.0 2.83 2.0 3.61 3.0 4.47 4.0 
34.67 33.02 34.13 32.45 33.62 31.91 33.12 31.38 32.65 30.89 32.2 30.41 31.78 29.97 31.38 29.55 32.45 30.81 33.02 31.4 35.61 34.41 34.83 33.6 60.81 59.41 60.11 58.69 59.41 57.98 58.73 57.28 58.05 56.59 57.38 55.9 3.0 3.61 2.0 2.83 1.0 2.24 0.0 2.0 1.0 2.24 2.0 2.83 3.0 3.61 
35.81 34.21 35.23 33.6 34.67 33.02 34.13 32.45 33.62 31.91 33.12 31.38 32.65 30.89 32.2 30.41 31.38 29.68 31.91 30.23 36.88 35.61 36.12 34.83 62.24 60.88 61.52 60.14 60.81 59.41 60.11 58.69 59.41 57.98 58.73 57.28 3.61 3.0 2.83 2.0 2.24 1.0 2.0 0.0 2.24 1.0 2.83 2.0 3.61 3.0 
35.51 33.84 34.99 33.29 34.48 32.76 34.0 32.25 33.54 31.76 33.11 31.3 32.7 30.87 32.31 30.46 33.29 31.62 33.84 32.2 36.4 35.23 35.61 34.41 61.52 60.11 60.83 59.4 60.14 58.69 59.46 58.0 58.8 57.31 58.14 56.64 4.0 4.47 3.0 3.61 2.0 2.83 1.0 2.24 0.0 2.0 1.0 2.24 2.0 2.83 
36.62 35.0 36.06 34.41 35.51 33.84 34.99 33.29 34.48 32.76 34.0 32.25 33.54 31.76 33.11 31.3 32.25 30.53 32.76 31.06 37.64 36.4 36.88 35.61 62.94 61.55 62.23 60.83 61.52 60.11 60.83 59.4 60.14 58.69 59.46 58.0 4.47 4.0 3.61 3.0 2.83 2.0 2.24 1.0 2.0 0.0 2.24 1.0 2.83 2.0 
36.36 34.67 35.85 34.13 35.36 33.62 34.89 33.12 34.44 32.65 34.01 32.2 33.62 31.78 33.24 31.38 34.13 32.45 34.67 33.02 37.2 36.06 36.4 35.23 62.24 60.81 61.55 60.11 60.88 59.41 60.21 58.73 59.55 58.05 58.9 57.38 5.0 5.39 4.0 4.47 3.0 3.61 2.0 2.83 1.0 2.24 0.0 2.0 1.0 2.24 
37.44 35.81 36.89 35.23 36.36 34.67 35.85 34.13 35.36 33.62 34.89 33.12 34.44 32.65 34.01 32.2 33.12 31.38 33.62 31.91 38.42 37.2 37.64 36.4 63.64 62.24 62.94 61.52 62.24 60.81 61.55 60.11 60.88 59.41 60.21 58.73 5.39 5.0 4.47 4.0 3.61 3.0 2.83 2.0 2.24 1.0 2.0 0.0 2.24 1.0 
37.22 35.51 36.72 34.99 36.24 34.48 35.78 34.0 35.34 33.54 34.93 33.11 34.54 32.7 34.18 32.31 34.99 33.29 35.51 33.84 38.01 36.89 37.2 36.06 62.97 61.52 62.29 60.83 61.62 60.14 60.96 59.46 60.31 58.8 59.67 58.14 6.0 6.32 5.0 5.39 4.0 4.47 3.0 3.61 2.0 2.83 1.0 2.24 0.0 2.0 
38.28 36.62 37.74 36.06 37.22 35.51 36.72 34.99 36.24 34.48 35.78 34.0 35.34 33.54 34.93 33.11 34.0 32.25 34.48 32.76 39.2 38.01 38.42 37.2 64.35 62.94 63.66 62.23 62.97 61.52 62.29 60.83 61.62 60.14 60.96 59.46 6.32 6.0 5.39 5.0 4.47 4.0 3.61 3.0 2.83 2.0 2.24 1.0 2.0 0.0 
