85
0.0 2.0 1.0 2.24 2.0 2.83 66.01 68.01 66.0 68.0 66.01 68.01 66.03 68.03 95.29 97.06 95.77 97.53 96.25 98.01 96.75 98.49 97.25 98.98 97.75 99.48 98.27 99.98 98.79 100.5 99.32 101.02 99.86 101.55 100.4 102.08 100.96 102.63 101.51 103.17 102.08 103.73 46.49 47.17 48.01 50.01 135.59 137.53 135.86 137.79 15.65 17.46 80.4 80.62 23.77 24.6 38.08 40.02 34.79 35.47 57.31 59.06 84.21 86.21 86.27 87.42 22.2 24.19 34.18 36.06 28.02 28.16 53.14 55.03 47.38 47.17 33.14 33.38 71.02 71.39 88.6 89.32 104.81 105.08 53.31 
2.0 0.0 2.24 1.0 2.83 2.0 66.07 68.07 66.03 68.03 66.01 68.01 66.0 68.0 94.37 96.15 94.83 96.6 95.29 97.06 95.77 97.53 96.25 98.01 96.75 98.49 97.25 98.98 97.75 99.48 98.27 99.98 98.79 100.5 99.32 101.02 99.86 101.55 100.4 102.08 100.96 102.63 44.6 45.31 46.01 48.01 135.09 137.03 135.34 137.28 13.89 15.65 80.22 80.4 23.09 23.77 36.14 38.08 32.89 33.62 55.57 57.31 84.1 86.09 85.15 86.27 20.22 22.2 33.53 35.44 26.02 26.17 51.26 53.14 45.4 45.18 31.14 31.4 70.71 71.02 87.92 88.6 104.58 104.81 52.55 
1.0 2.24 0.0 2.0 1.0 2.24 65.01 67.01 65.0 67.0 65.01 67.01 65.03 67.03 94.41 96.18 94.89 96.65 95.38 97.13 95.88 97.62 96.38 98.11 96.9 98.62 97.42 99.13 97.94 99.64 98.48 100.17 99.02 100.7 99.57 101.24 100.12 101.79 100.69 102.34 101.26 102.9 46.17 46.82 48.0 50.0 134.63 136.56 134.89 136.82 15.23 17.09 79.4 79.63 24.7 25.5 38.33 40.26 34.48 35.11 56.82 58.59 83.22 85.21 85.45 86.61 22.09 24.08 33.24 35.11 28.0 28.07 53.49 55.36 47.52 47.27 33.06 33.24 70.04 70.41 87.66 88.39 103.82 104.09 52.39 
2.24 1.0 2.0 0.0 2.24 1.0 65.07 67.07 65.03 67.03 65.01 67.01 65.0 67.0 93.48 95.26 93.94 95.71 94.41 96.18 94.89 96.65 95.38 97.13 95.88 97.62 96.38 98.11 96.9 98.62 97.42 99.13 97.94 99.64 98.48 100.17 99.02 100.7 99.57 101.24 100.12 101.79 44.27 44.94 46.0 48.0 134.12 136.06 134.37 136.31 13.42 15.23 79.23 79.4 24.04 24.7 36.4 38.33 32.57 33.24 55.07 56.82 83.1 85.09 84.31 85.45 20.1 22.09 32.57 34.48 26.0 26.08 51.62 53.49 45.54 45.28 31.06 31.26 69.72 70.04 86.98 87.66 103.59 103.82 51.62 
2.0 2.83 1.0 2.24 0.0 2.0 64.01 66.01 64.0 66.0 64.01 66.01 64.03 66.03 93.54 95.29 94.02 95.77 94.51 96.25 95.02 96.75 95.52 97.25 96.04 97.75 96.57 98.27 97.1 98.79 97.64 99.32 98.18 99.86 98.74 100.4 99.3 100.96 99.86 101.51 100.44 102.08 45.88 46.49 48.01 50.01 133.66 135.59 133.93 135.86 14.87 16.76 78.41 78.64 25.63 26.4 38.6 40.52 34.21 34.79 56.36 58.14 82.22 84.21 84.63 85.8 22.02 24.02 32.31 34.18 28.02 28.02 53.85 55.71 47.68 47.38 33.02 33.14 69.05 69.43 86.73 87.46 102.83 103.1 51.48 
2.83 2.0 2.24 1.0 2.0 0.0 64.07 66.07 64.03 66.03 64.01 66.01 64.0 66.0 92.59 94.37 93.06 94.83 93.54 95.29 94.02 95.77 94.51 96.25 95.02 96.75 95.52 97.25 96.04 97.75 96.57 98.27 97.1 98.79 97.64 99.32 98.18 99.86 98.74 100.4 99.3 100.96 43.97 44.6 46.01 48.01 133.15 135.09 133.41 135.34 13.0 14.87 78.23 78.41 25.0 25.63 36.69 38.6 32.28 32.89 54.59 56.36 82.1 84.1 83.49 84.63 20.02 22.02 31.62 33.53 26.02 26.02 52.0 53.85 45.71 45.4 31.02 31.14 68.73 69.05 86.03 86.73 102.59 102.83 50.7 
66.01 66.07 65.01 65.07 64.01 64.07 0.0 2.0 1.0 2.24 2.0 2.83 3.0 3.61 49.4 50.16 50.33 51.08 51.26 52.0 52.2 52.92 53.14 53.85 54.08 54.78 55.03 55.71 55.97 56.65 56.92 57.58 57.87 58.52 58.82 59.46 59.77 60.41 60.73 61.35 61.68 62.3 68.01 66.53 81.4 82.62 74.3 76.06 74.79 76.54 60.88 61.4 16.64 17.8 88.57 88.81 84.08 85.0 64.66 62.97 63.6 65.22 19.31 21.19 50.25 52.24 67.07 67.78 36.4 34.54 71.18 69.35 98.27 99.32 86.53 84.88 71.59 69.84 13.6 15.52 36.24 38.01 40.5 41.23 27.8 
68.01 68.07 67.01 67.07 66.01 66.07 2.0 0.0 2.24 1.0 2.83 2.0 3.61 3.0 48.7 49.4 49.65 50.33 50.6 51.26 51.55 52.2 52.5 53.14 53.45 54.08 54.41 55.03 55.36 55.97 56.32 56.92 57.28 57.87 58.24 58.82 59.2 59.77 60.17 60.73 61.13 61.68 69.53 68.01 83.01 84.2 72.56 74.3 73.06 74.79 62.82 63.32 15.0 16.28 90.55 90.8 85.87 86.77 66.37 64.66 64.82 66.4 17.46 19.31 50.09 52.09 68.95 69.64 38.28 36.4 73.01 71.18 99.98 101.02 88.2 86.53 73.36 71.59 13.15 15.13 35.34 37.16 38.63 39.4 29.07 
66.0 66.03 65.0 65.03 64.0 64.03 1.0 2.24 0.0 2.0 1.0 2.24 2.0 2.83 48.47 49.24 49.4 50.16 50.33 51.08 51.26 52.0 52.2 52.92 53.14 53.85 54.08 54.78 55.03 55.71 55.97 56.65 56.92 57.58 57.87 58.52 58.82 59.46 59.77 60.41 60.73 61.35 67.36 65.86 80.8 82.01 73.82 75.59 74.3 76.06 60.64 61.13 16.12 17.2 88.46 88.68 83.63 84.53 64.14 62.43 62.8 64.4 18.97 20.88 49.25 51.24 66.73 67.42 36.06 34.18 70.77 68.94 97.75 98.79 85.98 84.31 71.12 69.35 12.65 14.56 35.36 37.12 40.16 40.85 27.02 
68.0 68.03 67.0 67.03 66.0 66.03 2.24 1.0 2.0 0.0 2.24 1.0 2.83 2.0 47.76 48.47 48.7 49.4 49.65 50.33 50.6 51.26 51.55 52.2 52.5 53.14 53.45 54.08 54.41 55.03 55.36 55.97 56.32 56.92 57.28 57.87 58.24 58.82 59.2 59.77 60.17 60.73 68.88 67.36 82.42 83.6 72.07 73.82 72.56 74.3 62.59 63.06 14.42 15.62 90.45 90.67 85.43 86.31 65.86 64.14 64.03 65.6 17.09 18.97 49.09 51.09 68.62 69.29 37.95 36.06 72.62 70.77 99.48 100.5 87.66 85.98 72.9 71.12 12.17 14.14 34.44 36.25 38.28 39.0 28.32 
66.01 66.01 65.01 65.01 64.01 64.01 2.0 2.83 1.0 2.24 0.0 2.0 1.0 2.24 47.54 48.33 48.47 49.24 49.4 50.16 50.33 51.08 51.26 52.0 52.2 52.92 53.14 53.85 54.08 54.78 55.03 55.71 55.97 56.65 56.92 57.58 57.87 58.52 58.82 59.46 59.77 60.41 66.71 65.19 80.21 81.4 73.36 75.13 73.82 75.59 60.42 60.88 15.65 16.64 88.36 88.57 83.19 84.08 63.63 61.91 62.01 63.6 18.68 20.62 48.26 50.25 66.41 67.07 35.74 33.84 70.38 68.54 97.25 98.27 85.44 83.76 70.66 68.88 11.7 13.6 34.48 36.24 39.85 40.5 26.25 
68.01 68.01 67.01 67.01 66.01 66.01 2.83 2.0 2.24 1.0 2.0 0.0 2.24 1.0 46.82 47.54 47.76 48.47 48.7 49.4 49.65 50.33 50.6 51.26 51.55 52.2 52.5 53.14 53.45 54.08 54.41 55.03 55.36 55.97 56.32 56.92 57.28 57.87 58.24 58.82 59.2 59.77 68.25 66.71 81.84 83.01 71.59 73.36 72.07 73.82 62.37 62.82 13.89 15.0 90.35 90.55 85.0 85.87 65.37 63.63 63.25 64.82 16.76 18.68 48.09 50.09 68.31 68.95 37.64 35.74 72.24 70.38 98.98 99.98 87.13 85.44 72.45 70.66 11.18 13.15 33.54 35.34 37.95 38.63 27.59 
66.03 66.0 65.03 65.0 64.03 64.0 3.0 3.61 2.0 2.83 1.0 2.24 0.0 2.0 46.62 47.42 47.54 48.33 48.47 49.24 49.4 50.16 50.33 51.08 51.26 52.0 52.2 52.92 53.14 53.85 54.08 54.78 55.03 55.71 55.97 56.65 56.92 57.58 57.87 58.52 58.82 59.46 66.07 64.54 79.63 80.8 72.9 74.69 73.36 75.13 60.21 60.64 15.23 16.12 88.28 88.46 82.76 83.63 63.13 61.4 61.22 62.8 18.44 20.4 47.27 49.25 66.1 66.73 35.44 33.53 70.01 68.15 96.75 97.75 84.91 83.22 70.21 68.43 10.77 12.65 33.62 35.36 39.56 40.16 25.5 
68.03 68.0 67.03 67.0 66.03 66.0 3.61 3.0 2.83 2.0 2.24 1.0 2.0 0.0 45.88 46.62 46.82 47.54 47.76 48.47 48.7 49.4 49.65 50.33 50.6 51.26 51.55 52.2 52.5 53.14 53.45 54.08 54.41 55.03 55.36 55.97 56.32 56.92 57.28 57.87 58.24 58.82 67.62 66.07 81.27 82.42 71.12 72.9 71.59 73.36 62.17 62.59 13.42 14.42 90.27 90.45 84.58 85.43 64.88 63.13 62.48 64.03 16.49 18.44 47.1 49.09 68.01 68.62 37.36 35.44 71.87 70.01 98.49 99.48 86.61 84.91 72.01 70.21 10.2 12.17 32.65 34.44 37.64 38.28 26.87 
95.29 94.37 94.41 93.48 93.54 92.59 49.4 48.7 48.47 47.76 47.54 46.82 46.62 45.88 0.0 2.0 1.0 2.24 2.0 2.83 3.0 3.61 4.0 4.47 5.0 5.39 6.0 6.32 7.0 7.28 8.0 8.25 9.0 9.22 10.0 10.2 11.0 11.18 12.0 12.17 13.0 13.15 69.01 67.01 83.05 83.15 48.05 50.01 47.85 49.82 83.01 82.28 37.22 35.23 111.95 111.32 93.34 93.19 73.98 72.01 56.22 56.44 39.0 39.05 13.6 14.32 84.2 83.68 61.59 59.91 84.72 82.76 102.12 102.24 90.02 88.02 81.88 79.91 35.85 34.01 14.04 12.04 37.74 36.06 42.44 
97.06 96.15 96.18 95.26 95.29 94.37 50.16 49.4 49.24 48.47 48.33 47.54 47.42 46.62 2.0 0.0 2.24 1.0 2.83 2.0 3.61 3.0 4.47 4.0 5.39 5.0 6.32 6.0 7.28 7.0 8.25 8.0 9.22 9.0 10.2 10.0 11.18 11.0 12.17 12.0 13.15 13.0 71.01 69.01 85.05 85.15 46.1 48.05 45.89 47.85 84.86 84.15 37.48 35.51 113.84 113.23 95.34 95.19 75.95 73.98 58.22 58.42 39.05 39.0 15.52 16.16 86.13 85.62 63.29 61.59 86.68 84.72 104.12 104.24 92.02 90.02 83.86 81.88 36.67 34.89 14.32 12.37 36.72 34.99 44.1 
95.77 94.83 94.89 93.94 94.02 93.06 50.33 49.65 49.4 48.7 48.47 47.76 47.54 46.82 1.0 2.24 0.0 2.0 1.0 2.24 2.0 2.83 3.0 3.61 4.0 4.47 5.0 5.39 6.0 6.32 7.0 7.28 8.0 8.25 9.0 9.22 10.0 10.2 11.0 11.18 12.0 12.17 69.03 67.03 83.02 83.1 48.27 50.22 48.05 50.01 83.38 82.64 38.21 36.22 112.27 111.63 93.43 93.26 74.15 72.18 56.14 56.32 40.0 40.05 13.34 13.93 84.48 83.93 62.13 60.46 84.93 82.98 102.08 102.18 90.01 88.01 82.04 80.06 36.77 34.93 15.03 13.04 38.59 36.89 43.01 
97.53 96.6 96.65 95.71 95.77 94.83 51.08 50.33 50.16 49.4 49.24 48.47 48.33 47.54 2.24 1.0 2.0 0.0 2.24 1.0 2.83 2.0 3.61 3.0 4.47 4.0 5.39 5.0 6.32 6.0 7.28 7.0 8.25 8.0 9.22 9.0 10.2 10.0 11.18 11.0 12.17 12.0 71.03 69.03 85.02 85.09 46.32 48.27 46.1 48.05 85.23 84.5 38.47 36.5 114.16 113.53 95.43 95.26 76.12 74.15 58.14 58.31 40.05 40.0 15.3 15.81 86.4 85.87 63.81 62.13 86.88 84.93 104.08 104.17 92.01 90.01 84.01 82.04 37.58 35.78 15.3 13.34 37.59 35.85 44.65 
96.25 95.29 95.38 94.41 94.51 93.54 51.26 50.6 50.33 49.65 49.4 48.7 48.47 47.76 2.0 2.83 1.0 2.24 0.0 2.0 1.0 2.24 2.0 2.83 3.0 3.61 4.0 4.47 5.0 5.39 6.0 6.32 7.0 7.28 8.0 8.25 9.0 9.22 10.0 10.2 11.0 11.18 69.07 67.07 83.01 83.05 48.51 50.45 48.27 50.22 83.77 83.01 39.2 37.22 112.61 111.95 93.54 93.34 74.33 72.37 56.08 56.22 41.0 41.05 13.15 13.6 84.77 84.2 62.68 61.03 85.15 83.2 102.04 102.12 90.0 88.0 82.2 80.23 37.7 35.85 16.03 14.04 39.45 37.74 43.6 
98.01 97.06 97.13 96.18 96.25 95.29 52.0 51.26 51.08 50.33 50.16 49.4 49.24 48.47 2.83 2.0 2.24 1.0 2.0 0.0 2.24 1.0 2.83 2.0 3.61 3.0 4.47 4.0 5.39 5.0 6.32 6.0 7.28 7.0 8.25 8.0 9.22 9.0 10.2 10.0 11.18 11.0 71.06 69.07 85.01 85.05 46.57 48.51 46.32 48.27 85.62 84.86 39.46 37.48 114.49 113.84 95.52 95.34 76.3 74.33 58.08 58.22 41.05 41.0 15.13 15.52 86.68 86.13 64.35 62.68 87.1 85.15 104.04 104.12 92.0 90.0 84.17 82.2 38.48 36.67 16.28 14.32 38.47 36.72 45.22 
96.75 95.77 95.88 94.89 95.02 94.02 52.2 51.55 51.26 50.6 50.33 49.65 49.4 48.7 3.0 3.61 2.0 2.83 1.0 2.24 0.0 2.0 1.0 2.24 2.0 2.83 3.0 3.61 4.0 4.47 5.0 5.39 6.0 6.32 7.0 7.28 8.0 8.25 9.0 9.22 10.0 10.2 69.12 67.12 83.0 83.02 48.76 50.7 48.51 50.45 84.17 83.38 40.2 38.21 112.95 112.27 93.65 93.43 74.53 72.57 56.04 56.14 42.0 42.05 13.04 13.34 85.07 84.48 63.25 61.61 85.38 83.43 102.02 102.08 90.01 88.01 82.38 80.41 38.63 36.77 17.03 15.03 40.31 38.59 44.2 
98.49 97.53 97.62 96.65 96.75 95.77 52.92 52.2 52.0 51.26 51.08 50.33 50.16 49.4 3.61 3.0 2.83 2.0 2.24 1.0 2.0 0.0 2.24 1.0 2.83 2.0 3.61 3.0 4.47 4.0 5.39 5.0 6.32 6.0 7.28 7.0 8.25 8.0 9.22 9.0 10.2 10.0 71.11 69.12 85.0 85.02 46.84 48.76 46.57 48.51 86.01 85.23 40.45 38.47 114.83 114.16 95.63 95.43 76.49 74.53 58.03 58.14 42.05 42.0 15.03 15.3 86.98 86.4 64.9 63.25 87.32 85.38 104.02 104.08 92.01 90.01 84.34 82.38 39.4 37.58 17.26 15.3 39.36 37.59 45.8 
97.25 96.25 96.38 95.38 95.52 94.51 53.14 52.5 52.2 51.55 51.26 50.6 50.33 49.65 4.0 4.47 3.0 3.61 2.0 2.83 1.0 2.24 0.0 2.0 1.0 2.24 2.0 2.83 3.0 3.61 4.0 4.47 5.0 5.39 6.0 6.32 7.0 7.28 8.0 8.25 9.0 9.22 69.18 67.19 83.01 83.01 49.04 50.96 48.76 50.7 84.58 83.77 41.19 39.2 113.3 112.61 93.77 93.54 74.73 72.78 56.01 56.08 43.0 43.05 13.0 13.15 85.38 84.77 63.82 62.2 85.62 83.68 102.0 102.04 90.02 88.02 82.57 80.6 39.56 37.7 18.03 16.03 41.18 39.45 44.82 
98.98 98.01 98.11 97.13 97.25 96.25 53.85 53.14 52.92 52.2 52.0 51.26 51.08 50.33 4.47 4.0 3.61 3.0 2.83 2.0 2.24 1.0 2.0 0.0 2.24 1.0 2.83 2.0 3.61 3.0 4.47 4.0 5.39 5.0 6.32 6.0 7.28 7.0 8.25 8.0 9.22 9.0 71.18 69.18 85.01 85.01 47.13 49.04 46.84 48.76 86.41 85.62 41.44 39.46 115.17 114.49 95.75 95.52 76.69 74.73 58.01 58.08 43.05 43.0 15.0 15.13 87.28 86.68 65.46 63.82 87.56 85.62 104.0 104.04 92.02 90.02 84.53 82.57 40.31 38.48 18.25 16.28 40.25 38.47 46.4 
97.75 96.75 96.9 95.88 96.04 95.02 54.08 53.45 53.14 52.5 52.2 51.55 51.26 50.6 5.0 5.39 4.0 4.47 3.0 3.61 2.0 2.83 1.0 2.24 0.0 2.0 1.0 2.24 2.0 2.83 3.0 3.61 4.0 4.47 5.0 5.39 6.0 6.32 7.0 7.28 8.0 8.25 69.26 67.27 83.02 83.0 49.34 51.24 49.04 50.96 85.0 84.17 42.19 40.2 113.65 112.95 93.9 93.65 74.95 73.01 56.0 56.04 44.0 44.05 13.04 13.04 85.7 85.07 64.4 62.8 85.87 83.93 102.0 102.02 90.05 88.05 82.76 80.81 40.5 38.63 19.03 17.03 42.06 40.31 45.45 
99.48 98.49 98.62 97.62 97.75 96.75 54.78 54.08 53.85 53.14 52.92 52.2 52.0 51.26 5.39 5.0 4.47 4.0 3.61 3.0 2.83 2.0 2.24 1.0 2.0 0.0 2.24 1.0 2.83 2.0 3.61 3.0 4.47 4.0 5.39 5.0 6.32 6.0 7.28 7.0 8.25 8.0 71.25 69.26 85.02 85.0 47.43 49.34 47.13 49.04 86.82 86.01 42.43 40.45 115.52 114.83 95.89 95.63 76.9 74.95 58.0 58.03 44.05 44.0 15.03 15.03 87.6 86.98 66.03 64.4 87.8 85.87 104.0 104.02 92.05 90.05 84.72 82.76 41.23 39.4 19.24 17.26 41.15 39.36 47.01 
98.27 97.25 97.42 96.38 96.57 95.52 55.03 54.41 54.08 53.45 53.14 52.5 52.2 51.55 6.0 6.32 5.0 5.39 4.0 4.47 3.0 3.61 2.0 2.83 1.0 2.24 0.0 2.0 1.0 2.24 2.0 2.83 3.0 3.61 4.0 4.47 5.0 5.39 6.0 6.32 7.0 7.28 69.35 67.36 83.05 83.01 49.65 51.55 49.34 51.24 85.43 84.58 43.19 41.19 114.02 113.3 94.05 93.77 75.19 73.25 56.01 56.01 45.0 45.04 13.15 13.0 86.03 85.38 65.0 63.41 86.13 84.2 102.0 102.0 90.09 88.09 82.98 81.02 41.44 39.56 20.02 18.03 42.94 41.18 46.1 
99.98 98.98 99.13 98.11 98.27 97.25 55.71 55.03 54.78 54.08 53.85 53.14 52.92 52.2 6.32 6.0 5.39 5.0 4.47 4.0 3.61 3.0 2.83 2.0 2.24 1.0 2.0 0.0 2.24 1.0 2.83 2.0 3.61 3.0 4.47 4.0 5.39 5.0 6.32 6.0 7.28 7.0 71.34 69.35 85.05 85.01 47.76 49.65 47.43 49.34 87.24 86.41 43.42 41.44 115.88 115.17 96.03 95.75 77.13 75.19 58.01 58.01 45.04 45.0 15.13 15.0 87.92 87.28 66.61 65.0 88.06 86.13 104.0 104.0 92.09 90.09 84.93 82.98 42.15 40.31 20.22 18.25 42.05 40.25 47.63 
98.79 97.75 97.94 96.9 97.1 96.04 55.97 55.36 55.03 54.41 54.08 53.45 53.14 52.5 7.0 7.28 6.0 6.32 5.0 5.39 4.0 4.47 3.0 3.61 2.0 2.83 1.0 2.24 0.0 2.0 1.0 2.24 2.0 2.83 3.0 3.61 4.0 4.47 5.0 5.39 6.0 6.32 69.46 67.48 83.1 83.02 49.98 51.87 49.65 51.55 85.87 85.0 44.18 42.19 114.39 113.65 94.2 93.9 75.43 73.5 56.04 56.0 46.0 46.04 13.34 13.04 86.38 85.7 65.6 64.03 86.4 84.48 102.02 102.0 90.14 88.14 83.2 81.25 42.38 40.5 21.02 19.03 43.83 42.06 46.75 
100.5 99.48 99.64 98.62 98.79 97.75 56.65 55.97 55.71 55.03 54.78 54.08 53.85 53.14 7.28 7.0 6.32 6.0 5.39 5.0 4.47 4.0 3.61 3.0 2.83 2.0 2.24 1.0 2.0 0.0 2.24 1.0 2.83 2.0 3.61 3.0 4.47 4.0 5.39 5.0 6.32 6.0 71.45 69.46 85.09 85.02 48.1 49.98 47.76 49.65 87.66 86.82 44.41 42.43 116.25 115.52 96.18 95.89 77.37 75.43 58.03 58.0 46.04 46.0 15.3 15.03 88.26 87.6 67.2 65.6 88.32 86.4 104.02 104.0 92.14 90.14 85.15 83.2 43.08 41.23 21.21 19.24 42.95 41.15 48.27 
99.32 98.27 98.48 97.42 97.64 96.57 56.92 56.32 55.97 55.36 55.03 54.41 54.08 53.45 8.0 8.25 7.0 7.28 6.0 6.32 5.0 5.39 4.0 4.47 3.0 3.61 2.0 2.83 1.0 2.24 0.0 2.0 1.0 2.24 2.0 2.83 3.0 3.61 4.0 4.47 5.0 5.39 69.58 67.6 83.15 83.05 50.33 52.2 49.98 51.87 86.31 85.43 45.18 43.19 114.77 114.02 94.37 94.05 75.69 73.76 56.08 56.01 47.0 47.04 13.6 13.15 86.73 86.03 66.22 64.66 86.68 84.77 102.04 102.0 90.2 88.2 83.43 81.49 43.32 41.44 22.02 20.02 44.72 42.94 47.42 
101.02 99.98 100.17 99.13 99.32 98.27 57.58 56.92 56.65 55.97 55.71 55.03 54.78 54.08 8.25 8.0 7.28 7.0 6.32 6.0 5.39 5.0 4.47 4.0 3.61 3.0 2.83 2.0 2.24 1.0 2.0 0.0 2.24 1.0 2.83 2.0 3.61 3.0 4.47 4.0 5.39 5.0 71.57 69.58 85.15 85.05 48.47 50.33 48.1 49.98 88.1 87.24 45.4 43.42 116.62 115.88 96.34 96.03 77.62 75.69 58.08 58.01 47.04 47.0 15.52 15.13 88.6 87.92 67.8 66.22 88.6 86.68 104.04 104.0 92.2 90.2 85.38 83.43 44.01 42.15 22.2 20.22 43.86 42.05 48.92 
99.86 98.79 99.02 97.94 98.18 97.1 57.87 57.28 56.92 56.32 55.97 55.36 55.03 54.41 9.0 9.22 8.0 8.25 7.0 7.28 6.0 6.32 5.0 5.39 4.0 4.47 3.0 3.61 2.0 2.83 1.0 2.24 0.0 2.0 1.0 2.24 2.0 2.83 3.0 3.61 4.0 4.47 69.72 67.74 83.22 83.1 50.7 52.55 50.33 52.2 86.77 85.87 46.17 44.18 115.16 114.39 94.54 94.2 75.96 74.04 56.14 56.04 48.0 48.04 13.93 13.34 87.09 86.38 66.84 65.3 86.98 85.07 102.08 102.02 90.27 88.28 83.68 81.74 44.27 42.38 23.02 21.02 45.62 43.83 48.1 
101.55 100.5 100.7 99.64 99.86 98.79 58.52 57.87 57.58 56.92 56.65 55.97 55.71 55.03 9.22 9.0 8.25 8.0 7.28 7.0 6.32 6.0 5.39 5.0 4.47 4.0 3.61 3.0 2.83 2.0 2.24 1.0 2.0 0.0 2.24 1.0 2.83 2.0 3.61 3.0 4.47 4.0 71.7 69.72 85.21 85.09 48.85 50.7 48.47 50.33 88.55 87.66 46.39 44.41 117.0 116.25 96.51 96.18 77.88 75.96 58.14 58.03 48.04 48.0 15.81 15.3 88.96 88.26 68.41 66.84 88.89 86.98 104.08 104.02 92.27 90.27 85.62 83.68 44.94 43.08 23.19 21.21 44.78 42.95 49.58 
100.4 99.32 99.57 98.48 98.74 97.64 58.82 58.24 57.87 57.28 56.92 56.32 55.97 55.36 10.0 10.2 9.0 9.22 8.0 8.25 7.0 7.28 6.0 6.32 5.0 5.39 4.0 4.47 3.0 3.61 2.0 2.83 1.0 2.24 0.0 2.0 1.0 2.24 2.0 2.83 3.0 3.61 69.87 67.9 83.29 83.15 51.08 52.92 50.7 52.55 87.24 86.31 47.17 45.18 115.55 114.77 94.73 94.37 76.24 74.33 56.22 56.08 49.0 49.04 14.32 13.6 87.46 86.73 67.48 65.95 87.28 85.38 102.12 102.04 90.35 88.36 83.93 82.01 45.22 43.32 24.02 22.02 46.52 44.72 48.8 
102.08 101.02 101.24 100.17 100.4 99.32 59.46 58.82 58.52 57.87 57.58 56.92 56.65 55.97 10.2 10.0 9.22 9.0 8.25 8.0 7.28 7.0 6.32 6.0 5.39 5.0 4.47 4.0 3.61 3.0 2.83 2.0 2.24 1.0 2.0 0.0 2.24 1.0 2.83 2.0 3.61 3.0 71.85 69.87 85.29 85.15 49.24 51.08 48.85 50.7 89.01 88.1 47.38 45.4 117.39 116.62 96.69 96.34 78.16 76.24 58.22 58.08 49.04 49.0 16.16 15.52 89.32 88.6 69.03 67.48 89.19 87.28 104.12 104.04 92.35 90.35 85.87 83.93 45.88 44.01 24.19 22.2 45.69 43.86 50.25 
100.96 99.86 100.12 99.02 99.3 98.18 59.77 59.2 58.82 58.24 57.87 57.28 56.92 56.32 11.0 11.18 10.0 10.2 9.0 9.22 8.0 8.25 7.0 7.28 6.0 6.32 5.0 5.39 4.0 4.47 3.0 3.61 2.0 2.83 1.0 2.24 0.0 2.0 1.0 2.24 2.0 2.83 70.04 68.07 83.38 83.22 51.48 53.31 51.08 52.92 87.71 86.77 48.17 46.17 115.95 115.16 94.92 94.54 76.54 74.63 56.32 56.14 50.0 50.04 14.76 13.93 87.85 87.09 68.12 66.6 87.6 85.7 102.18 102.08 90.45 88.46 84.2 82.28 46.17 44.27 25.02 23.02 47.42 45.62 49.5 
102.63 101.55 101.79 100.7 100.96 99.86 60.41 59.77 59.46 58.82 58.52 57.87 57.58 56.92 11.18 11.0 10.2 10.0 9.22 9.0 8.25 8.0 7.28 7.0 6.32 6.0 5.39 5.0 4.47 4.0 3.61 3.0 2.83 2.0 2.24 1.0 2.0 0.0 2.24 1.0 2.83 2.0 72.01 70.04 85.38 85.21 49.66 51.48 49.24 51.08 89.47 88.55 48.37 46.39 117.78 117.0 96.88 96.51 78.45 76.54 58.31 58.14 50.04 50.0 16.55 15.81 89.69 88.96 69.66 68.12 89.49 87.6 104.17 104.08 92.44 90.45 86.13 84.2 46.82 44.94 25.18 23.19 46.62 44.78 50.93 
101.51 100.4 100.69 99.57 99.86 98.74 60.73 60.17 59.77 59.2 58.82 58.24 57.87 57.28 12.0 12.17 11.0 11.18 10.0 10.2 9.0 9.22 8.0 8.25 7.0 7.28 6.0 6.32 5.0 5.39 4.0 4.47 3.0 3.61 2.0 2.83 1.0 2.24 0.0 2.0 1.0 2.24 70.21 68.25 83.49 83.29 51.89 53.71 51.48 53.31 88.19 87.24 49.16 47.17 116.36 115.55 95.13 94.73 76.84 74.95 56.44 56.22 51.0 51.04 15.26 14.32 88.24 87.46 68.77 67.27 87.92 86.03 102.24 102.12 90.55 88.57 84.48 82.57 47.13 45.22 26.02 24.02 48.33 46.52 50.21 
103.17 102.08 102.34 101.24 101.51 100.4 61.35 60.73 60.41 59.77 59.46 58.82 58.52 57.87 12.17 12.0 11.18 11.0 10.2 10.0 9.22 9.0 8.25 8.0 7.28 7.0 6.32 6.0 5.39 5.0 4.47 4.0 3.61 3.0 2.83 2.0 2.24 1.0 2.0 0.0 2.24 1.0 72.18 70.21 85.48 85.29 50.09 51.89 49.66 51.48 89.94 89.01 49.37 47.38 118.19 117.39 97.08 96.69 78.75 76.84 58.42 58.22 51.04 51.0 17.0 16.16 90.08 89.32 70.29 68.77 89.81 87.92 104.24 104.12 92.54 90.55 86.4 84.48 47.76 45.88 26.17 24.19 47.54 45.69 51.62 
102.08 100.96 101.26 100.12 100.44 99.3 61.68 61.13 60.73 60.17 59.77 59.2 58.82 58.24 13.0 13.15 12.0 12.17 11.0 11.18 10.0 10.2 9.0 9.22 8.0 8.25 7.0 7.28 6.0 6.32 5.0 5.39 4.0 4.47 3.0 3.61 2.0 2.83 1.0 2.24 0.0 2.0 70.41 68.45 83.6 83.38 52.33 54.13 51.89 53.71 88.68 87.71 50.16 48.17 116.78 115.95 95.34 94.92 77.16 75.27 56.57 56.32 52.0 52.04 15.81 14.76 88.64 87.85 69.43 67.94 88.26 86.38 102.31 102.18 90.67 88.68 84.77 82.86 48.08 46.17 27.02 25.02 49.24 47.42 50.93 
103.73 102.63 102.9 101.79 102.08 100.96 62.3 61.68 61.35 60.73 60.41 59.77 59.46 58.82 13.15 13.0 12.17 12.0 11.18 11.0 10.2 10.0 9.22 9.0 8.25 8.0 7.28 7.0 6.32 6.0 5.39 5.0 4.47 4.0 3.61 3.0 2.83 2.0 2.24 1.0 2.0 0.0 72.37 70.41 85.59 85.38 50.54 52.33 50.09 51.89 90.43 89.47 50.36 48.37 118.6 117.78 97.29 96.88 79.06 77.16 58.55 58.31 52.04 52.0 17.49 16.55 90.47 89.69 70.94 69.43 90.14 88.26 104.31 104.17 92.66 90.67 86.68 84.77 48.7 46.82 27.17 25.18 48.47 46.62 52.33 
46.49 44.6 46.17 44.27 45.88 43.97 68.01 69.53 67.36 68.88 66.71 68.25 66.07 67.62 69.01 71.01 69.03 71.03 69.07 71.06 69.12 71.11 69.18 71.18 69.26 71.25 69.35 71.34 69.46 71.45 69.58 71.57 69.72 71.7 69.87 71.85 70.04 72.01 70.21 72.18 70.41 72.37 0.0 2.0 14.56 15.23 116.35 118.34 116.28 118.27 31.05 29.12 74.3 73.36 50.93 49.58 25.0 24.52 11.7 11.18 14.32 15.26 78.77 80.53 56.22 56.44 25.06 23.32 36.24 37.22 21.26 20.0 33.54 33.96 21.21 19.24 16.28 14.87 63.63 62.65 69.23 68.88 94.24 93.61 41.05 
47.17 45.31 46.82 44.94 46.49 44.6 66.53 68.01 65.86 67.36 65.19 66.71 64.54 66.07 67.01 69.01 67.03 69.03 67.07 69.07 67.12 69.12 67.19 69.18 67.27 69.26 67.36 69.35 67.48 69.46 67.6 69.58 67.74 69.72 67.9 69.87 68.07 70.04 68.25 70.21 68.45 70.41 2.0 0.0 16.49 17.09 114.35 116.35 114.28 116.28 31.62 29.73 72.56 71.59 52.4 51.09 26.93 26.48 12.53 11.7 12.53 13.6 77.03 78.77 54.23 54.45 26.08 24.41 35.34 36.24 22.63 21.26 35.51 35.9 23.19 21.21 17.8 16.28 61.91 60.9 67.27 66.91 92.36 91.71 39.41 
48.01 46.01 48.0 46.0 48.01 46.01 81.4 83.01 80.8 82.42 80.21 81.84 79.63 81.27 83.05 85.05 83.02 85.02 83.01 85.01 83.0 85.0 83.01 85.01 83.02 85.02 83.05 85.05 83.1 85.09 83.15 85.15 83.22 85.21 83.29 85.29 83.38 85.38 83.49 85.48 83.6 85.59 14.56 16.49 0.0 2.0 130.65 132.64 130.55 132.54 34.53 32.56 88.55 87.66 45.28 43.57 14.87 13.45 18.03 19.21 27.07 27.29 93.02 94.81 70.01 70.06 26.08 24.08 47.51 48.84 20.0 20.1 19.1 19.42 7.07 5.1 15.13 15.52 77.83 76.92 83.74 83.36 108.78 108.16 55.07 
50.01 48.01 50.0 48.0 50.01 48.01 82.62 84.2 82.01 83.6 81.4 83.01 80.8 82.42 83.15 85.15 83.1 85.09 83.05 85.05 83.02 85.02 83.01 85.01 83.0 85.0 83.01 85.01 83.02 85.02 83.05 85.05 83.1 85.09 83.15 85.15 83.22 85.21 83.29 85.29 83.38 85.38 15.23 17.09 2.0 0.0 130.86 132.85 130.75 132.74 36.5 34.53 89.47 88.55 47.01 45.28 16.4 14.87 19.72 20.81 27.0 27.07 93.94 95.71 70.01 70.01 28.07 26.08 49.04 50.33 22.0 22.09 19.0 19.1 7.62 5.83 17.12 17.46 78.77 77.83 84.17 83.74 109.44 108.78 56.08 
135.59 135.09 134.63 134.12 133.66 133.15 74.3 72.56 73.82 72.07 73.36 71.59 72.9 71.12 48.05 46.1 48.27 46.32 48.51 46.57 48.76 46.84 49.04 47.13 49.34 47.43 49.65 47.76 49.98 48.1 50.33 48.47 50.7 48.85 51.08 49.24 51.48 49.66 51.89 50.09 52.33 50.54 116.35 114.35 130.65 130.86 0.0 2.0 1.0 2.24 125.77 125.45 57.71 56.8 155.19 154.87 140.01 140.06 120.02 118.02 104.09 104.39 55.23 53.54 61.61 62.1 128.66 128.47 101.64 99.69 130.19 128.19 149.75 149.97 137.52 135.53 128.02 126.02 65.19 64.51 48.17 48.04 34.83 33.6 83.19 
137.53 137.03 136.56 136.06 135.59 135.09 76.06 74.3 75.59 73.82 75.13 73.36 74.69 72.9 50.01 48.05 50.22 48.27 50.45 48.51 50.7 48.76 50.96 49.04 51.24 49.34 51.55 49.65 51.87 49.98 52.2 50.33 52.55 50.7 52.92 51.08 53.31 51.48 53.71 51.89 54.13 52.33 118.34 116.35 132.64 132.85 2.0 0.0 2.24 1.0 127.74 127.42 59.48 58.6 157.17 156.85 142.01 142.06 122.02 120.02 106.07 106.37 56.94 55.23 63.56 64.03 130.65 130.46 103.59 101.64 132.19 130.19 151.74 151.95 139.52 137.52 130.02 128.02 67.07 66.41 50.16 50.04 36.4 35.23 85.16 
135.86 135.34 134.89 134.37 133.93 133.41 74.79 73.06 74.3 72.56 73.82 72.07 73.36 71.59 47.85 45.89 48.05 46.1 48.27 46.32 48.51 46.57 48.76 46.84 49.04 47.13 49.34 47.43 49.65 47.76 49.98 48.1 50.33 48.47 50.7 48.85 51.08 49.24 51.48 49.66 51.89 50.09 116.28 114.28 130.55 130.75 1.0 2.24 0.0 2.0 125.94 125.6 58.18 57.25 155.36 155.03 140.0 140.03 120.04 118.04 103.95 104.24 55.76 54.08 61.39 61.85 128.76 128.56 101.87 99.92 130.25 128.25 149.66 149.86 137.44 135.45 128.04 126.04 65.55 64.85 48.26 48.09 35.47 34.21 83.36 
137.79 137.28 136.82 136.31 135.86 135.34 76.54 74.79 76.06 74.3 75.59 73.82 75.13 73.36 49.82 47.85 50.01 48.05 50.22 48.27 50.45 48.51 50.7 48.76 50.96 49.04 51.24 49.34 51.55 49.65 51.87 49.98 52.2 50.33 52.55 50.7 52.92 51.08 53.31 51.48 53.71 51.89 118.27 116.28 132.54 132.74 2.24 1.0 2.0 0.0 127.91 127.58 59.94 59.03 157.33 157.0 142.0 142.03 122.04 120.04 105.93 106.21 57.45 55.76 63.35 63.79 130.75 130.55 103.81 101.87 132.24 130.25 151.65 151.85 139.43 137.44 130.03 128.04 67.42 66.73 50.25 50.09 37.01 35.81 85.33 
15.65 13.89 15.23 13.42 14.87 13.0 60.88 62.82 60.64 62.59 60.42 62.37 60.21 62.17 83.01 84.86 83.38 85.23 83.77 85.62 84.17 86.01 84.58 86.41 85.0 86.82 85.43 87.24 85.87 87.66 86.31 88.1 86.77 88.55 87.24 89.01 87.71 89.47 88.19 89.94 88.68 90.43 31.05 31.62 34.53 36.5 125.77 127.74 125.94 127.91 0.0 2.0 73.25 73.11 29.43 29.15 28.02 29.68 19.42 19.92 41.68 43.42 77.41 79.4 72.95 73.93 8.94 10.77 25.08 27.07 15.23 14.56 43.83 45.49 35.47 34.79 19.42 19.1 63.03 63.0 77.88 78.34 97.01 97.01 42.58 
17.46 15.65 17.09 15.23 16.76 14.87 61.4 63.32 61.13 63.06 60.88 62.82 60.64 62.59 82.28 84.15 82.64 84.5 83.01 84.86 83.38 85.23 83.77 85.62 84.17 86.01 84.58 86.41 85.0 86.82 85.43 87.24 85.87 87.66 86.31 88.1 86.77 88.55 87.24 89.01 87.71 89.47 29.12 29.73 32.56 34.53 125.45 127.42 125.6 127.58 2.0 0.0 73.44 73.25 29.83 29.43 26.4 28.02 17.46 18.03 39.96 41.68 77.65 79.63 72.01 72.95 7.21 8.94 25.32 27.29 13.42 12.65 42.2 43.83 33.62 32.89 17.46 17.12 63.13 63.03 77.47 77.88 97.05 97.01 42.3 
80.4 80.22 79.4 79.23 78.41 78.23 16.64 15.0 16.12 14.42 15.65 13.89 15.23 13.42 37.22 37.48 38.21 38.47 39.2 39.46 40.2 40.45 41.19 41.44 42.19 42.43 43.19 43.42 44.18 44.41 45.18 45.4 46.17 46.39 47.17 47.38 48.17 48.37 49.16 49.37 50.16 50.36 74.3 72.56 88.55 89.47 57.71 59.48 58.18 59.94 73.25 73.44 0.0 2.0 102.0 102.04 93.61 94.24 73.39 71.51 66.84 68.12 4.47 6.32 41.98 43.93 78.26 78.64 48.17 46.17 81.49 79.56 106.62 107.42 94.43 92.61 80.96 79.06 10.77 11.66 23.19 25.18 24.52 25.0 33.62 
80.62 80.4 79.63 79.4 78.64 78.41 17.8 16.28 17.2 15.62 16.64 15.0 16.12 14.42 35.23 35.51 36.22 36.5 37.22 37.48 38.21 38.47 39.2 39.46 40.2 40.45 41.19 41.44 42.19 42.43 43.19 43.42 44.18 44.41 45.18 45.4 46.17 46.39 47.17 47.38 48.17 48.37 73.36 71.59 87.66 88.55 56.8 58.6 57.25 59.03 73.11 73.25 2.0 0.0 102.0 102.0 93.01 93.61 72.73 70.84 65.6 66.84 5.66 7.21 40.02 41.98 77.93 78.26 48.04 46.04 81.02 79.08 105.85 106.62 93.62 91.79 80.36 78.45 10.2 10.77 21.21 23.19 24.19 24.52 32.89 
23.77 23.09 24.7 24.04 25.63 25.0 88.57 90.55 88.46 90.45 88.36 90.35 88.28 90.27 111.95 113.84 112.27 114.16 112.61 114.49 112.95 114.83 113.3 115.17 113.65 115.52 114.02 115.88 114.39 116.25 114.77 116.62 115.16 117.0 115.55 117.39 115.95 117.78 116.36 118.19 116.78 118.6 50.93 52.4 45.28 47.01 155.19 157.17 155.36 157.33 29.43 29.83 102.0 102.0 0.0 2.0 30.87 32.7 40.8 42.44 64.66 65.95 106.04 108.04 101.24 102.04 28.18 29.15 54.08 56.08 29.83 31.4 41.19 43.19 41.23 42.05 34.66 36.12 92.05 92.14 107.28 107.71 126.06 126.14 72.01 
24.6 23.77 25.5 24.7 26.4 25.63 88.81 90.8 88.68 90.67 88.57 90.55 88.46 90.45 111.32 113.23 111.63 113.53 111.95 113.84 112.27 114.16 112.61 114.49 112.95 114.83 113.3 115.17 113.65 115.52 114.02 115.88 114.39 116.25 114.77 116.62 115.16 117.0 115.55 117.39 115.95 117.78 49.58 51.09 43.57 45.28 154.87 156.85 155.03 157.0 29.15 29.43 102.04 102.0 2.0 0.0 29.07 30.87 39.66 41.34 63.41 64.66 106.12 108.12 100.46 101.24 27.31 28.18 54.01 56.01 28.6 30.23 39.2 41.19 39.4 40.25 33.3 34.83 92.01 92.05 106.89 107.28 126.02 126.06 71.7 
38.08 36.14 38.33 36.4 38.6 36.69 84.08 85.87 83.63 85.43 83.19 85.0 82.76 84.58 93.34 95.34 93.43 95.43 93.54 95.52 93.65 95.63 93.77 95.75 93.9 95.89 94.05 96.03 94.2 96.18 94.37 96.34 94.54 96.51 94.73 96.69 94.92 96.88 95.13 97.08 95.34 97.29 25.0 26.93 14.87 16.4 140.01 142.01 140.0 142.0 28.02 26.4 93.61 93.01 30.87 29.07 0.0 2.0 20.4 22.36 39.22 39.92 98.03 99.93 80.89 81.22 19.21 17.69 48.02 49.74 13.45 15.0 15.81 17.49 10.44 11.18 12.65 14.56 82.86 82.28 92.2 92.09 115.52 115.12 60.17 
40.02 38.08 40.26 38.33 40.52 38.6 85.0 86.77 84.53 86.31 84.08 85.87 83.63 85.43 93.19 95.19 93.26 95.26 93.34 95.34 93.43 95.43 93.54 95.52 93.65 95.63 93.77 95.75 93.9 95.89 94.05 96.03 94.2 96.18 94.37 96.34 94.54 96.51 94.73 96.69 94.92 96.88 24.52 26.48 13.45 14.87 140.06 142.06 140.03 142.03 29.68 28.02 94.24 93.61 32.7 30.87 2.0 0.0 20.88 22.8 38.6 39.22 98.68 100.57 80.62 80.89 20.81 19.21 49.09 50.77 14.87 16.28 14.21 15.81 8.54 9.43 13.42 15.23 83.49 82.86 92.35 92.2 115.95 115.52 60.73 
34.79 32.89 34.48 32.57 34.21 32.28 64.66 66.37 64.14 65.86 63.63 65.37 63.13 64.88 73.98 75.95 74.15 76.12 74.33 76.3 74.53 76.49 74.73 76.69 74.95 76.9 75.19 77.13 75.43 77.37 75.69 77.62 75.96 77.88 76.24 78.16 76.54 78.45 76.84 78.75 77.16 79.06 11.7 12.53 18.03 19.72 120.02 122.02 120.04 122.04 19.42 17.46 73.39 72.73 40.8 39.66 20.4 20.88 0.0 2.0 24.04 25.5 77.83 79.71 62.1 62.64 13.6 12.04 29.7 31.14 11.18 9.43 33.62 34.67 22.02 20.52 8.0 6.0 62.63 61.98 72.03 72.0 95.13 94.73 39.85 
35.47 33.62 35.11 33.24 34.79 32.89 62.97 64.66 62.43 64.14 61.91 63.63 61.4 63.13 72.01 73.98 72.18 74.15 72.37 74.33 72.57 74.53 72.78 74.73 73.01 74.95 73.25 75.19 73.5 75.43 73.76 75.69 74.04 75.96 74.33 76.24 74.63 76.54 74.95 76.84 75.27 77.16 11.18 11.7 19.21 20.81 118.02 120.02 118.04 120.04 19.92 18.03 71.51 70.84 42.44 41.34 22.36 22.8 2.0 0.0 22.67 24.21 75.96 77.83 60.17 60.73 14.87 13.45 28.32 29.7 13.0 11.18 35.36 36.36 23.6 22.02 10.0 8.0 60.75 60.08 70.03 70.0 93.17 92.76 37.95 
57.31 55.57 56.82 55.07 56.36 54.59 63.6 64.82 62.8 64.03 62.01 63.25 61.22 62.48 56.22 58.22 56.14 58.14 56.08 58.08 56.04 58.03 56.01 58.01 56.0 58.0 56.01 58.01 56.04 58.03 56.08 58.08 56.14 58.14 56.22 58.22 56.32 58.31 56.44 58.42 56.57 58.55 14.32 12.53 27.07 27.0 104.09 106.07 103.95 105.93 41.68 39.96 66.84 65.6 64.66 63.41 39.22 38.6 24.04 22.67 0.0 2.0 71.22 72.8 43.01 43.01 37.54 36.07 38.21 38.47 34.83 33.3 46.0 46.04 34.13 32.14 30.23 28.6 56.64 55.32 58.19 57.57 84.53 83.67 35.81 
59.06 57.31 58.59 56.82 58.14 56.36 65.22 66.4 64.4 65.6 63.6 64.82 62.8 64.03 56.44 58.42 56.32 58.31 56.22 58.22 56.14 58.14 56.08 58.08 56.04 58.03 56.01 58.01 56.0 58.0 56.01 58.01 56.04 58.03 56.08 58.08 56.14 58.14 56.22 58.22 56.32 58.31 15.26 13.6 27.29 27.07 104.39 106.37 104.24 106.21 43.42 41.68 68.12 66.84 65.95 64.66 39.92 39.22 25.5 24.21 2.0 0.0 72.47 74.03 43.1 43.01 39.05 37.54 40.2 40.45 36.12 34.66 46.04 46.0 34.37 32.39 31.4 29.83 58.0 56.64 58.87 58.19 85.42 84.53 37.44 
84.21 84.1 83.22 83.1 82.22 82.1 19.31 17.46 18.97 17.09 18.68 16.76 18.44 16.49 39.0 39.05 40.0 40.05 41.0 41.05 42.0 42.05 43.0 43.05 44.0 44.05 45.0 45.04 46.0 46.04 47.0 47.04 48.0 48.04 49.0 49.04 50.0 50.04 51.0 51.04 52.0 52.04 78.77 77.03 93.02 93.94 55.23 56.94 55.76 57.45 77.41 77.65 4.47 5.66 106.04 106.12 98.03 98.68 77.83 75.96 71.22 72.47 0.0 2.0 44.92 46.84 82.57 82.98 52.35 50.36 85.87 83.93 111.09 111.89 98.9 97.08 85.38 83.49 15.23 16.12 25.02 27.02 21.19 21.93 38.08 
86.21 86.09 85.21 85.09 84.21 84.1 21.19 19.31 20.88 18.97 20.62 18.68 20.4 18.44 39.05 39.0 40.05 40.0 41.05 41.0 42.05 42.0 43.05 43.0 44.05 44.0 45.04 45.0 46.04 46.0 47.04 47.0 48.04 48.0 49.04 49.0 50.04 50.0 51.04 51.0 52.04 52.0 80.53 78.77 94.81 95.71 53.54 55.23 54.08 55.76 79.4 79.63 6.32 7.21 108.04 108.12 99.93 100.57 79.71 77.83 72.8 74.03 2.0 0.0 45.54 47.43 84.53 84.93 54.33 52.35 87.8 85.87 112.92 113.72 100.72 98.9 87.28 85.38 17.09 17.89 25.18 27.17 19.31 20.12 39.92 
86.27 85.15 85.45 84.31 84.63 83.49 50.25 50.09 49.25 49.09 48.26 48.09 47.27 47.1 13.6 15.52 13.34 15.3 13.15 15.13 13.04 15.03 13.0 15.0 13.04 15.03 13.15 15.13 13.34 15.3 13.6 15.52 13.93 15.81 14.32 16.16 14.76 16.55 15.26 17.0 15.81 17.49 56.22 54.23 70.01 70.01 61.61 63.56 61.39 63.35 72.95 72.01 41.98 40.02 101.24 100.46 80.89 80.62 62.1 60.17 43.01 43.1 44.92 45.54 0.0 2.0 73.16 72.45 53.76 52.33 73.08 71.17 89.01 89.05 77.03 75.03 69.86 67.91 37.01 35.01 21.63 20.0 48.84 47.38 35.61 
87.42 86.27 86.61 85.45 85.8 84.63 52.24 52.09 51.24 51.09 50.25 50.09 49.25 49.09 14.32 16.16 13.93 15.81 13.6 15.52 13.34 15.3 13.15 15.13 13.04 15.03 13.0 15.0 13.04 15.03 13.15 15.13 13.34 15.3 13.6 15.52 13.93 15.81 14.32 16.16 14.76 16.55 56.44 54.45 70.06 70.01 62.1 64.03 61.85 63.79 73.93 72.95 43.93 41.98 102.04 101.24 81.22 80.89 62.64 60.73 43.01 43.01 46.84 47.43 2.0 0.0 73.93 73.16 55.15 53.76 73.68 71.78 89.01 89.01 77.1 75.11 70.34 68.41 39.01 37.01 23.32 21.63 50.33 48.84 37.2 
22.2 20.22 22.09 20.1 22.02 20.02 67.07 68.95 66.73 68.62 66.41 68.31 66.1 68.01 84.2 86.13 84.48 86.4 84.77 86.68 85.07 86.98 85.38 87.28 85.7 87.6 86.03 87.92 86.38 88.26 86.73 88.6 87.09 88.96 87.46 89.32 87.85 89.69 88.24 90.08 88.64 90.47 25.06 26.08 26.08 28.07 128.66 130.65 128.76 130.75 8.94 7.21 78.26 77.93 28.18 27.31 19.21 20.81 13.6 14.87 37.54 39.05 82.57 84.53 73.16 73.93 0.0 2.0 30.68 32.57 6.32 6.0 35.0 36.62 26.57 25.96 11.0 11.18 67.74 67.48 80.5 80.75 101.4 101.24 46.01 
24.19 22.2 24.08 22.09 24.02 22.02 67.78 69.64 67.42 69.29 67.07 68.95 66.73 68.62 83.68 85.62 83.93 85.87 84.2 86.13 84.48 86.4 84.77 86.68 85.07 86.98 85.38 87.28 85.7 87.6 86.03 87.92 86.38 88.26 86.73 88.6 87.09 88.96 87.46 89.32 87.85 89.69 23.32 24.41 24.08 26.08 128.47 130.46 128.56 130.55 10.77 8.94 78.64 78.26 29.15 28.18 17.69 19.21 12.04 13.45 36.07 37.54 82.98 84.93 72.45 73.16 2.0 0.0 31.38 33.24 4.47 4.0 33.42 35.0 24.7 24.04 9.0 9.22 68.07 67.74 80.31 80.5 101.6 101.4 46.1 
34.18 33.53 33.24 32.57 32.31 31.62 36.4 38.28 36.06 37.95 35.74 37.64 35.44 37.36 61.59 63.29 62.13 63.81 62.68 64.35 63.25 64.9 63.82 65.46 64.4 66.03 65.0 66.61 65.6 67.2 66.22 67.8 66.84 68.41 67.48 69.03 68.12 69.66 68.77 70.29 69.43 70.94 36.24 35.34 47.51 49.04 101.64 103.59 101.87 103.81 25.08 25.32 48.17 48.04 54.08 54.01 48.02 49.09 29.7 28.32 38.21 40.2 52.35 54.33 53.76 55.15 30.68 31.38 0.0 2.0 34.89 33.12 62.8 64.03 51.66 50.21 35.81 34.21 38.0 38.05 54.42 55.15 72.01 72.06 19.24 
36.06 35.44 35.11 34.48 34.18 33.53 34.54 36.4 34.18 36.06 33.84 35.74 33.53 35.44 59.91 61.59 60.46 62.13 61.03 62.68 61.61 63.25 62.2 63.82 62.8 64.4 63.41 65.0 64.03 65.6 64.66 66.22 65.3 66.84 65.95 67.48 66.6 68.12 67.27 68.77 67.94 69.43 37.22 36.24 48.84 50.33 99.69 101.64 99.92 101.87 27.07 27.29 46.17 46.04 56.08 56.01 49.74 50.77 31.14 29.7 38.47 40.45 50.36 52.35 52.33 53.76 32.57 33.24 2.0 0.0 36.67 34.89 64.4 65.6 53.15 51.66 37.44 35.81 36.0 36.06 52.55 53.31 70.01 70.06 17.49 
28.02 26.02 28.0 26.0 28.02 26.02 71.18 73.01 70.77 72.62 70.38 72.24 70.01 71.87 84.72 86.68 84.93 86.88 85.15 87.1 85.38 87.32 85.62 87.56 85.87 87.8 86.13 88.06 86.4 88.32 86.68 88.6 86.98 88.89 87.28 89.19 87.6 89.49 87.92 89.81 88.26 90.14 21.26 22.63 20.0 22.0 130.19 132.19 130.25 132.24 15.23 13.42 81.49 81.02 29.83 28.6 13.45 14.87 11.18 13.0 34.83 36.12 85.87 87.8 73.08 73.68 6.32 4.47 34.89 36.67 0.0 2.0 29.07 30.61 20.25 19.65 5.39 6.4 70.83 70.41 82.05 82.15 104.09 103.82 48.51 
28.16 26.17 28.07 26.08 28.02 26.02 69.35 71.18 68.94 70.77 68.54 70.38 68.15 70.01 82.76 84.72 82.98 84.93 83.2 85.15 83.43 85.38 83.68 85.62 83.93 85.87 84.2 86.13 84.48 86.4 84.77 86.68 85.07 86.98 85.38 87.28 85.7 87.6 86.03 87.92 86.38 88.26 20.0 21.26 20.1 22.09 128.19 130.19 128.25 130.25 14.56 12.65 79.56 79.08 31.4 30.23 15.0 16.28 9.43 11.18 33.3 34.66 83.93 85.87 71.17 71.78 6.0 4.0 33.12 34.89 2.0 0.0 30.41 31.89 21.02 20.25 5.0 5.39 68.88 68.45 80.06 80.16 102.11 101.83 46.53 
53.14 51.26 53.49 51.62 53.85 52.0 98.27 99.98 97.75 99.48 97.25 98.98 96.75 98.49 102.12 104.12 102.08 104.08 102.04 104.04 102.02 104.02 102.0 104.0 102.0 104.0 102.0 104.0 102.02 104.02 102.04 104.04 102.08 104.08 102.12 104.12 102.18 104.17 102.24 104.24 102.31 104.31 33.54 35.51 19.1 19.0 149.75 151.74 149.66 151.65 43.83 42.2 106.62 105.85 41.19 39.2 15.81 14.21 33.62 35.36 46.0 46.04 111.09 112.92 89.01 89.01 35.0 33.42 62.8 64.4 29.07 30.41 0.0 2.0 12.37 14.32 27.02 28.6 95.85 95.08 102.77 102.42 127.49 126.92 73.01 
55.03 53.14 55.36 53.49 55.71 53.85 99.32 101.02 98.79 100.5 98.27 99.98 97.75 99.48 102.24 104.24 102.18 104.17 102.12 104.12 102.08 104.08 102.04 104.04 102.02 104.02 102.0 104.0 102.0 104.0 102.0 104.0 102.02 104.02 102.04 104.04 102.08 104.08 102.12 104.12 102.18 104.17 33.96 35.9 19.42 19.1 149.97 151.95 149.86 151.85 45.49 43.83 107.42 106.62 43.19 41.19 17.49 15.81 34.67 36.36 46.04 46.0 111.89 113.72 89.05 89.01 36.62 35.0 64.03 65.6 30.61 31.89 2.0 0.0 13.0 14.87 28.32 29.83 96.66 95.85 103.16 102.77 128.08 127.49 73.82 
47.38 45.4 47.52 45.54 47.68 45.71 86.53 88.2 85.98 87.66 85.44 87.13 84.91 86.61 90.02 92.02 90.01 92.01 90.0 92.0 90.01 92.01 90.02 92.02 90.05 92.05 90.09 92.09 90.14 92.14 90.2 92.2 90.27 92.27 90.35 92.35 90.45 92.44 90.55 92.54 90.67 92.66 21.21 23.19 7.07 7.62 137.52 139.52 137.44 139.43 35.47 33.62 94.43 93.62 41.23 39.4 10.44 8.54 22.02 23.6 34.13 34.37 98.9 100.72 77.03 77.1 26.57 24.7 51.66 53.15 20.25 21.02 12.37 13.0 0.0 2.0 16.64 17.8 83.67 82.86 90.43 90.09 115.13 114.56 60.84 
47.17 45.18 47.27 45.28 47.38 45.4 84.88 86.53 84.31 85.98 83.76 85.44 83.22 84.91 88.02 90.02 88.01 90.01 88.0 90.0 88.01 90.01 88.02 90.02 88.05 90.05 88.09 90.09 88.14 90.14 88.2 90.2 88.28 90.27 88.36 90.35 88.46 90.45 88.57 90.55 88.68 90.67 19.24 21.21 5.1 5.83 135.53 137.52 135.45 137.44 34.79 32.89 92.61 91.79 42.05 40.25 11.18 9.43 20.52 22.02 32.14 32.39 97.08 98.9 75.03 75.11 25.96 24.04 50.21 51.66 19.65 20.25 14.32 14.87 2.0 0.0 15.65 16.64 81.86 81.02 88.46 88.12 113.23 112.64 59.03 
33.14 31.14 33.06 31.06 33.02 31.02 71.59 73.36 71.12 72.9 70.66 72.45 70.21 72.01 81.88 83.86 82.04 84.01 82.2 84.17 82.38 84.34 82.57 84.53 82.76 84.72 82.98 84.93 83.2 85.15 83.43 85.38 83.68 85.62 83.93 85.87 84.2 86.13 84.48 86.4 84.77 86.68 16.28 17.8 15.13 17.12 128.02 130.02 128.04 130.03 19.42 17.46 80.96 80.36 34.66 33.3 12.65 13.42 8.0 10.0 30.23 31.4 85.38 87.28 69.86 70.34 11.0 9.0 35.81 37.44 5.39 5.0 27.02 28.32 16.64 15.65 0.0 2.0 70.21 69.64 80.02 80.0 102.96 102.59 47.54 
33.38 31.4 33.24 31.26 33.14 31.14 69.84 71.59 69.35 71.12 68.88 70.66 68.43 70.21 79.91 81.88 80.06 82.04 80.23 82.2 80.41 82.38 80.6 82.57 80.81 82.76 81.02 82.98 81.25 83.2 81.49 83.43 81.74 83.68 82.01 83.93 82.28 84.2 82.57 84.48 82.86 84.77 14.87 16.28 15.52 17.46 126.02 128.02 126.04 128.04 19.1 17.12 79.06 78.45 36.12 34.83 14.56 15.23 6.0 8.0 28.6 29.83 83.49 85.38 67.91 68.41 11.18 9.22 34.21 35.81 6.4 5.39 28.6 29.83 17.8 16.64 2.0 0.0 68.31 67.72 78.03 78.0 101.0 100.62 45.61 
71.02 70.71 70.04 69.72 69.05 68.73 13.6 13.15 12.65 12.17 11.7 11.18 10.77 10.2 35.85 36.67 36.77 37.58 37.7 38.48 38.63 39.4 39.56 40.31 40.5 41.23 41.44 42.15 42.38 43.08 43.32 44.01 44.27 44.94 45.22 45.88 46.17 46.82 47.13 47.76 48.08 48.7 63.63 61.91 77.83 78.77 65.19 67.07 65.55 67.42 63.03 63.13 10.77 10.2 92.05 92.01 82.86 83.49 62.63 60.75 56.64 58.0 15.23 17.09 37.01 39.01 67.74 68.07 38.0 36.0 70.83 68.88 95.85 96.66 83.67 81.86 70.21 68.31 0.0 2.0 23.02 24.7 34.01 34.13 22.85 
71.39 71.02 70.41 70.04 69.43 69.05 15.52 15.13 14.56 14.14 13.6 13.15 12.65 12.17 34.01 34.89 34.93 35.78 35.85 36.67 36.77 37.58 37.7 38.48 38.63 39.4 39.56 40.31 40.5 41.23 41.44 42.15 42.38 43.08 43.32 44.01 44.27 44.94 45.22 45.88 46.17 46.82 62.65 60.9 76.92 77.83 64.51 66.41 64.85 66.73 63.0 63.03 11.66 10.77 92.14 92.05 82.28 82.86 61.98 60.08 55.32 56.64 16.12 17.89 35.01 37.01 67.48 67.74 38.05 36.06 70.41 68.45 95.08 95.85 82.86 81.02 69.64 67.72 2.0 0.0 21.4 23.02 34.01 34.01 22.14 
88.6 87.92 87.66 86.98 86.73 86.03 36.24 35.34 35.36 34.44 34.48 33.54 33.62 32.65 14.04 14.32 15.03 15.3 16.03 16.28 17.03 17.26 18.03 18.25 19.03 19.24 20.02 20.22 21.02 21.21 22.02 22.2 23.02 23.19 24.02 24.19 25.02 25.18 26.02 26.17 27.02 27.17 69.23 67.27 83.74 84.17 48.17 50.16 48.26 50.25 77.88 77.47 23.19 21.21 107.28 106.89 92.2 92.35 72.03 70.03 58.19 58.87 25.02 25.18 21.63 23.32 80.5 80.31 54.42 52.55 82.05 80.06 102.77 103.16 90.43 88.46 80.02 78.03 23.02 21.4 0.0 2.0 27.66 26.4 35.44 
