75
0.0 2.0 1.0 2.24 2.0 2.83 3.0 3.61 4.0 4.47 5.0 5.39 6.0 6.32 7.0 7.28 8.0 8.25 97.27 96.77 66.48 65.79 102.86 104.65 31.26 33.24 54.64 53.54 20.12 21.93 49.65 48.55 79.2 80.62 102.14 104.04 18.03 19.21 88.32 88.89 113.0 112.75 81.47 82.98 24.52 24.19 78.49 77.08 38.91 40.72 21.02 21.95 79.48 81.34 66.48 67.05 115.52 117.48 118.31 120.15 58.52 60.21 101.39 103.32 99.96 101.84 44.05 45.61 39.36 40.31 105.39 104.31 99.01 99.01 107.12 
2.0 0.0 2.24 1.0 2.83 2.0 3.61 3.0 4.47 4.0 5.39 5.0 6.32 6.0 7.28 7.0 8.25 8.0 95.34 94.83 64.62 63.91 101.07 102.86 29.27 31.26 53.01 51.87 18.36 20.12 48.01 46.87 77.79 79.2 100.24 102.14 16.4 17.69 86.4 86.98 111.02 110.77 79.98 81.47 25.0 24.52 77.1 75.66 37.12 38.91 19.24 20.25 77.62 79.48 64.56 65.15 113.56 115.52 116.47 118.31 56.86 58.52 99.46 101.39 98.08 99.96 42.52 44.05 38.48 39.36 103.73 102.63 97.01 97.01 105.12 
1.0 2.24 0.0 2.0 1.0 2.24 2.0 2.83 3.0 3.61 4.0 4.47 5.0 5.39 6.0 6.32 7.0 7.28 97.53 97.02 66.85 66.13 103.31 105.1 31.14 33.14 55.22 54.08 20.59 22.36 50.22 49.09 79.91 81.32 102.46 104.36 17.49 18.6 88.06 88.6 113.14 112.87 82.13 83.63 23.54 23.19 79.21 77.78 39.36 41.15 20.62 21.47 79.85 81.71 66.22 66.76 115.32 117.28 118.7 120.54 59.08 60.75 101.65 103.58 100.3 102.18 44.69 46.23 40.25 41.18 105.95 104.85 99.02 99.0 107.07 
2.24 1.0 2.0 0.0 2.24 1.0 2.83 2.0 3.61 3.0 4.47 4.0 5.39 5.0 6.32 6.0 7.28 7.0 95.6 95.08 65.0 64.26 101.53 103.31 29.15 31.14 53.6 52.43 18.87 20.59 48.6 47.43 78.52 79.91 100.57 102.46 15.81 17.03 86.13 86.68 111.16 110.89 80.66 82.13 24.04 23.54 77.83 76.38 37.59 39.36 18.79 19.72 78.0 79.85 64.29 64.85 113.36 115.32 116.87 118.7 57.43 59.08 99.72 101.65 98.43 100.3 43.19 44.69 39.4 40.25 104.29 103.17 97.02 97.0 105.08 
2.0 2.83 1.0 2.24 0.0 2.0 1.0 2.24 2.0 2.83 3.0 3.61 4.0 4.47 5.0 5.39 6.0 6.32 97.8 97.27 67.23 66.48 103.77 105.55 31.06 33.06 55.8 54.64 21.1 22.83 50.8 49.65 80.62 82.02 102.79 104.68 17.0 18.03 87.8 88.32 113.28 113.0 82.81 84.29 22.56 22.2 79.93 78.49 39.82 41.59 20.25 21.02 80.23 82.08 65.97 66.48 115.12 117.09 119.1 120.93 59.64 61.29 101.92 103.85 100.66 102.53 45.34 46.86 41.15 42.06 106.51 105.39 99.05 99.01 107.04 
2.83 2.0 2.24 1.0 2.0 0.0 2.24 1.0 2.83 2.0 3.61 3.0 4.47 4.0 5.39 5.0 6.32 6.0 95.88 95.34 65.39 64.62 102.0 103.77 29.07 31.06 54.2 53.01 19.42 21.1 49.2 48.01 79.25 80.62 100.9 102.79 15.26 16.4 85.87 86.4 111.31 111.02 81.34 82.81 23.09 22.56 78.57 77.1 38.08 39.82 18.38 19.24 78.39 80.23 64.03 64.56 113.16 115.12 117.27 119.1 58.01 59.64 100.0 101.92 98.79 100.66 43.86 45.34 40.31 41.15 104.86 103.73 97.05 97.01 105.04 
3.0 3.61 2.0 2.83 1.0 2.24 0.0 2.0 1.0 2.24 2.0 2.83 3.0 3.61 4.0 4.47 5.0 5.39 98.08 97.53 67.62 66.85 104.24 106.0 31.02 33.02 56.4 55.22 21.63 23.32 51.4 50.22 81.34 82.73 103.12 105.0 16.55 17.49 87.56 88.06 113.44 113.14 83.49 84.96 21.59 21.21 80.66 79.21 40.31 42.06 19.92 20.62 80.62 82.46 65.73 66.22 114.93 116.9 119.51 121.33 60.22 61.85 102.2 104.12 101.02 102.88 46.01 47.51 42.05 42.94 107.07 105.95 99.08 99.02 107.02 
3.61 3.0 2.83 2.0 2.24 1.0 2.0 0.0 2.24 1.0 2.83 2.0 3.61 3.0 4.47 4.0 5.39 5.0 96.17 95.6 65.8 65.0 102.47 104.24 29.02 31.02 54.82 53.6 20.0 21.63 49.82 48.6 79.98 81.34 101.24 103.12 14.76 15.81 85.62 86.13 111.46 111.16 82.04 83.49 22.14 21.59 79.31 77.83 38.59 40.31 18.03 18.79 78.79 80.62 63.79 64.29 112.97 114.93 117.69 119.51 58.6 60.22 100.28 102.2 99.16 101.02 44.55 46.01 41.23 42.05 105.44 104.29 97.08 97.02 105.02 
4.0 4.47 3.0 3.61 2.0 2.83 1.0 2.24 0.0 2.0 1.0 2.24 2.0 2.83 3.0 3.61 4.0 4.47 98.37 97.8 68.03 67.23 104.71 106.47 31.0 33.0 57.01 55.8 22.2 23.85 52.01 50.8 82.07 83.45 103.46 105.34 16.16 17.0 87.32 87.8 113.6 113.28 84.17 85.63 20.62 20.22 81.39 79.93 40.82 42.54 19.65 20.25 81.02 82.86 65.51 65.97 114.76 116.73 119.92 121.74 60.8 62.43 102.49 104.4 101.39 103.25 46.69 48.17 42.95 43.83 107.65 106.51 99.13 99.05 107.0 
4.47 4.0 3.61 3.0 2.83 2.0 2.24 1.0 2.0 0.0 2.24 1.0 2.83 2.0 3.61 3.0 4.47 4.0 96.46 95.88 66.21 65.39 102.96 104.71 29.0 31.0 55.44 54.2 20.62 22.2 50.45 49.2 80.72 82.07 101.59 103.46 14.32 15.26 85.38 85.87 111.63 111.31 82.73 84.17 21.19 20.62 80.06 78.57 39.12 40.82 17.72 18.38 79.2 81.02 63.56 64.03 112.79 114.76 118.11 119.92 59.2 60.8 100.58 102.49 99.54 101.39 45.25 46.69 42.15 42.95 106.02 104.86 97.13 97.05 105.0 
5.0 5.39 4.0 4.47 3.0 3.61 2.0 2.83 1.0 2.24 0.0 2.0 1.0 2.24 2.0 2.83 3.0 3.61 98.67 98.08 68.45 67.62 105.19 106.94 31.02 33.02 57.63 56.4 22.8 24.41 52.63 51.4 82.81 84.17 103.82 105.69 15.81 16.55 87.1 87.56 113.77 113.44 84.86 86.31 19.65 19.24 82.13 80.66 41.34 43.05 19.42 19.92 81.44 83.26 65.31 65.73 114.59 116.56 120.34 122.16 61.4 63.01 102.79 104.69 101.77 103.62 47.38 48.84 43.86 44.72 108.23 107.07 99.18 99.08 107.0 
5.39 5.0 4.47 4.0 3.61 3.0 2.83 2.0 2.24 1.0 2.0 0.0 2.24 1.0 2.83 2.0 3.61 3.0 96.77 96.17 66.64 65.8 103.45 105.19 29.02 31.02 56.08 54.82 21.26 22.8 51.09 49.82 81.47 82.81 101.95 103.82 13.93 14.76 85.15 85.62 111.8 111.46 83.44 84.86 20.25 19.65 80.81 79.31 39.66 41.34 17.46 18.03 79.62 81.44 63.35 63.79 112.61 114.59 118.53 120.34 59.82 61.4 100.88 102.79 99.92 101.77 45.97 47.38 43.08 43.86 106.61 105.44 97.19 97.08 105.0 
6.0 6.32 5.0 5.39 4.0 4.47 3.0 3.61 2.0 2.83 1.0 2.24 0.0 2.0 1.0 2.24 2.0 2.83 98.98 98.37 68.88 68.03 105.68 107.42 31.06 33.06 58.26 57.01 23.43 25.0 53.26 52.01 83.55 84.9 104.18 106.04 15.52 16.16 86.88 87.32 113.95 113.6 85.56 87.0 18.68 18.25 82.88 81.39 41.88 43.57 19.24 19.65 81.86 83.67 65.12 65.51 114.42 116.4 120.77 122.58 62.01 63.6 103.09 105.0 102.16 104.0 48.08 49.52 44.78 45.62 108.81 107.65 99.25 99.13 107.0 
6.32 6.0 5.39 5.0 4.47 4.0 3.61 3.0 2.83 2.0 2.24 1.0 2.0 0.0 2.24 1.0 2.83 2.0 97.08 96.46 67.08 66.21 103.94 105.68 29.07 31.06 56.73 55.44 21.93 23.43 51.74 50.45 82.22 83.55 102.32 104.18 13.6 14.32 84.93 85.38 111.99 111.63 84.15 85.56 19.31 18.68 81.57 80.06 40.22 41.88 17.26 17.72 80.06 81.86 63.15 63.56 112.45 114.42 118.97 120.77 60.44 62.01 101.19 103.09 100.32 102.16 46.69 48.08 44.01 44.78 107.2 106.02 97.25 97.13 105.0 
7.0 7.28 6.0 6.32 5.0 5.39 4.0 4.47 3.0 3.61 2.0 2.83 1.0 2.24 0.0 2.0 1.0 2.24 99.3 98.67 69.32 68.45 106.17 107.91 31.14 33.14 58.9 57.63 24.08 25.61 53.91 52.63 84.29 85.63 104.55 106.4 15.3 15.81 86.68 87.1 114.14 113.77 86.27 87.69 17.72 17.26 83.63 82.13 42.44 44.1 19.1 19.42 82.29 84.1 64.94 65.31 114.27 116.25 121.2 123.0 62.63 64.2 103.41 105.3 102.55 104.39 48.8 50.21 45.69 46.52 109.4 108.23 99.32 99.18 107.02 
7.28 7.0 6.32 6.0 5.39 5.0 4.47 4.0 3.61 3.0 2.83 2.0 2.24 1.0 2.0 0.0 2.24 1.0 97.41 96.77 67.54 66.64 104.45 106.17 29.15 31.14 57.38 56.08 22.63 24.08 52.4 51.09 82.98 84.29 102.69 104.55 13.34 13.93 84.72 85.15 112.18 111.8 84.86 86.27 18.38 17.72 82.33 80.81 40.8 42.44 17.12 17.46 80.5 82.29 62.97 63.35 112.29 114.27 119.41 121.2 61.07 62.63 101.51 103.41 100.72 102.55 47.42 48.8 44.94 45.69 107.8 106.61 97.33 97.19 105.02 
8.0 8.25 7.0 7.28 6.0 6.32 5.0 5.39 4.0 4.47 3.0 3.61 2.0 2.83 1.0 2.24 0.0 2.0 99.62 98.98 69.77 68.88 106.68 108.41 31.26 33.24 59.55 58.26 24.76 26.25 54.56 53.26 85.04 86.37 104.92 106.78 15.13 15.52 86.49 86.88 114.34 113.95 86.98 88.39 16.76 16.28 84.39 82.88 43.01 44.65 19.03 19.24 82.73 84.53 64.78 65.12 114.13 116.11 121.64 123.44 63.25 64.82 103.73 105.62 102.96 104.79 49.52 50.91 46.62 47.42 110.0 108.81 99.41 99.25 107.04 
8.25 8.0 7.28 7.0 6.32 6.0 5.39 5.0 4.47 4.0 3.61 3.0 2.83 2.0 2.24 1.0 2.0 0.0 97.74 97.08 68.0 67.08 104.96 106.68 29.27 31.26 58.05 56.73 23.35 24.76 53.08 51.74 83.74 85.04 103.08 104.92 13.15 13.6 84.53 84.93 112.38 111.99 85.59 86.98 17.46 16.76 83.1 81.57 41.4 43.01 17.03 17.26 80.95 82.73 62.8 63.15 112.15 114.13 119.85 121.64 61.72 63.25 101.84 103.73 101.13 102.96 48.17 49.52 45.88 46.62 108.41 107.2 97.42 97.25 105.04 
97.27 95.34 97.53 95.6 97.8 95.88 98.08 96.17 98.37 96.46 98.67 96.77 98.98 97.08 99.3 97.41 99.62 97.74 0.0 2.0 32.02 32.14 21.1 21.0 69.35 67.54 49.37 49.16 77.67 75.71 53.08 53.01 49.04 47.51 7.62 8.6 86.41 87.24 49.82 51.79 20.59 21.63 43.93 42.45 110.46 108.67 49.82 48.6 59.54 57.56 82.35 83.19 20.4 18.44 52.43 54.08 52.55 53.31 25.81 27.02 45.54 43.57 4.12 6.08 9.0 9.22 60.07 58.08 76.66 74.67 33.54 31.58 24.52 26.48 32.7 
96.77 94.83 97.02 95.08 97.27 95.34 97.53 95.6 97.8 95.88 98.08 96.17 98.37 96.46 98.67 96.77 98.98 97.08 2.0 0.0 32.02 32.02 23.09 23.0 68.54 66.71 49.65 49.37 77.28 75.31 53.24 53.08 50.33 48.84 9.49 10.3 85.62 86.41 47.85 49.82 19.7 20.59 45.28 43.84 109.59 107.79 51.09 49.82 59.3 57.31 81.54 82.35 20.88 18.97 50.8 52.43 50.7 51.48 27.46 28.6 45.89 43.93 5.0 6.71 11.0 11.18 60.21 58.22 76.94 74.97 35.51 33.54 22.56 24.52 30.87 
66.48 64.62 66.85 65.0 67.23 65.39 67.62 65.8 68.03 66.21 68.45 66.64 68.88 67.08 69.32 67.54 69.77 68.0 32.02 32.02 0.0 2.0 37.2 38.83 41.77 40.31 18.38 17.72 46.49 44.6 21.38 21.1 32.56 32.25 35.9 37.85 58.01 59.2 53.23 55.04 50.8 51.2 30.02 30.02 82.42 80.8 32.76 30.81 27.89 25.96 54.2 55.44 13.0 14.87 42.05 44.05 70.04 71.51 51.89 53.71 15.26 13.6 36.06 38.05 33.53 35.44 28.28 26.31 45.35 43.42 42.8 41.23 43.57 44.65 53.54 
65.79 63.91 66.13 64.26 66.48 64.62 66.85 65.0 67.23 65.39 67.62 65.8 68.03 66.21 68.45 66.64 68.88 67.08 32.14 32.02 2.0 0.0 38.42 40.0 40.46 38.95 19.24 18.38 45.88 43.97 21.84 21.38 34.53 34.23 36.4 38.33 56.86 58.01 51.43 53.23 50.49 50.8 32.02 32.02 81.27 79.63 34.71 32.76 27.46 25.5 53.01 54.2 13.89 15.65 40.05 42.05 68.68 70.18 52.77 54.56 16.4 14.87 36.22 38.21 34.18 36.06 28.64 26.68 45.88 43.97 44.41 42.8 42.54 43.57 52.48 
102.86 101.07 103.31 101.53 103.77 102.0 104.24 102.47 104.71 102.96 105.19 103.45 105.68 103.94 106.17 104.45 106.68 104.96 21.1 23.09 37.2 38.42 0.0 2.0 78.87 77.34 49.34 49.98 82.73 80.95 54.08 54.78 37.36 35.44 14.87 15.65 95.21 96.4 70.35 72.34 36.89 38.59 32.02 30.08 119.62 118.0 38.33 37.85 63.95 62.18 91.4 92.62 24.76 23.35 69.86 71.69 73.08 73.68 17.0 19.0 45.22 43.32 20.88 21.54 12.17 12.65 60.73 58.82 74.81 72.84 12.65 10.77 45.54 47.52 53.16 
104.65 102.86 105.1 103.31 105.55 103.77 106.0 104.24 106.47 104.71 106.94 105.19 107.42 105.68 107.91 106.17 108.41 106.68 21.0 23.0 38.83 40.0 2.0 0.0 80.43 78.87 51.24 51.87 84.53 82.73 55.97 56.65 39.29 37.36 14.32 14.87 96.83 98.01 70.58 72.56 35.85 37.59 33.96 32.02 121.25 119.62 40.26 39.81 65.74 63.95 93.01 94.2 26.25 24.76 70.68 72.5 72.53 73.08 15.0 17.0 47.13 45.22 20.4 20.88 12.0 12.17 62.64 60.73 76.79 74.81 13.42 11.66 45.28 47.27 52.63 
31.26 29.27 31.14 29.15 31.06 29.07 31.02 29.02 31.0 29.0 31.02 29.02 31.06 29.07 31.14 29.15 31.26 29.27 69.35 68.54 41.77 40.46 78.87 80.43 0.0 2.0 37.7 35.85 18.38 17.03 33.53 31.62 65.0 65.8 75.18 76.94 17.09 17.89 57.58 58.31 83.2 82.76 65.3 66.24 41.18 39.45 64.62 62.77 21.38 21.84 13.0 13.89 54.2 55.8 35.85 36.67 84.4 86.35 92.65 94.34 40.25 41.18 73.41 75.24 73.57 75.29 32.14 32.39 41.11 40.52 84.22 82.76 68.18 68.07 76.01 
33.24 31.26 33.14 31.14 33.06 31.06 33.02 31.02 33.0 31.0 33.02 31.02 33.06 31.06 33.14 31.14 33.24 31.26 67.54 66.71 40.31 38.95 77.34 78.87 2.0 0.0 37.0 35.11 19.85 18.38 32.98 31.05 64.26 65.0 73.43 75.18 18.97 19.7 55.71 56.46 81.25 80.81 64.4 65.3 42.94 41.18 63.91 62.03 21.1 21.38 14.87 15.65 52.63 54.2 34.01 34.89 82.46 84.4 90.97 92.65 39.4 40.25 71.59 73.41 71.87 73.57 32.02 32.14 41.79 41.11 82.88 81.39 66.19 66.07 74.01 
54.64 53.01 55.22 53.6 55.8 54.2 56.4 54.82 57.01 55.44 57.63 56.08 58.26 56.73 58.9 57.38 59.55 58.05 49.37 49.65 18.38 19.24 49.34 51.24 37.7 37.0 0.0 2.0 34.83 33.3 5.0 6.4 27.31 28.18 52.01 54.01 50.8 52.43 68.01 69.63 68.88 69.38 28.02 29.21 74.33 73.0 26.93 25.08 17.2 16.12 47.71 49.4 29.07 31.06 52.55 54.42 87.46 89.02 65.73 67.68 4.12 6.08 53.24 55.23 49.09 51.09 11.4 9.49 27.29 25.32 50.77 49.74 61.77 62.77 71.69 
53.54 51.87 54.08 52.43 54.64 53.01 55.22 53.6 55.8 54.2 56.4 54.82 57.01 55.44 57.63 56.08 58.26 56.73 49.16 49.37 17.72 18.38 49.98 51.87 35.85 35.11 2.0 0.0 33.6 32.02 4.12 5.0 29.15 29.97 52.09 54.08 49.2 50.8 66.4 68.01 68.45 68.88 29.68 30.81 72.86 71.51 28.79 26.93 15.62 14.42 46.04 47.71 29.0 31.0 50.7 52.55 86.21 87.8 66.22 68.15 5.0 6.71 53.08 55.08 49.25 51.24 11.05 9.06 27.66 25.71 51.87 50.77 60.83 61.77 70.71 
20.12 18.36 20.59 18.87 21.1 19.42 21.63 20.0 22.2 20.62 22.8 21.26 23.43 21.93 24.08 22.63 24.76 23.35 77.67 77.28 46.49 45.88 82.73 84.53 18.38 19.85 34.83 33.6 0.0 2.0 29.83 28.6 60.44 61.72 82.28 84.2 19.24 21.21 74.69 75.59 94.19 94.09 62.24 63.64 40.22 39.12 59.82 58.26 18.79 20.62 18.03 20.02 59.46 61.35 53.34 54.38 100.57 102.46 98.23 100.09 38.6 40.22 81.79 83.74 80.01 81.91 24.84 26.17 26.0 26.08 85.45 84.31 81.39 81.61 90.09 
21.93 20.12 22.36 20.59 22.83 21.1 23.32 21.63 23.85 22.2 24.41 22.8 25.0 23.43 25.61 24.08 26.25 24.76 75.71 75.31 44.6 43.97 80.95 82.73 17.03 18.38 33.3 32.02 2.0 0.0 28.32 27.02 59.2 60.44 80.36 82.28 19.65 21.59 72.9 73.82 92.2 92.09 60.88 62.24 41.4 40.22 58.6 57.01 17.0 18.79 18.03 20.02 57.58 59.46 51.62 52.7 98.68 100.57 96.38 98.23 37.01 38.6 79.83 81.79 78.11 80.01 23.6 24.84 26.08 26.0 83.82 82.66 79.4 79.63 88.12 
49.65 48.01 50.22 48.6 50.8 49.2 51.4 49.82 52.01 50.45 52.63 51.09 53.26 51.74 53.91 52.4 54.56 53.08 53.08 53.24 21.38 21.84 54.08 55.97 33.53 32.98 5.0 4.12 29.83 28.32 0.0 2.0 31.76 32.76 56.14 58.14 46.04 47.71 68.12 69.66 72.18 72.57 32.8 34.06 69.43 68.12 31.3 29.53 12.53 11.7 43.05 44.78 33.02 35.01 51.43 53.23 88.81 90.44 70.34 72.28 8.94 10.77 57.04 59.03 53.34 55.33 7.0 5.0 24.04 22.14 55.76 54.71 63.98 64.85 73.79 
48.55 46.87 49.09 47.43 49.65 48.01 50.22 48.6 50.8 49.2 51.4 49.82 52.01 50.45 52.63 51.09 53.26 51.74 53.01 53.08 21.1 21.38 54.78 56.65 31.62 31.05 6.4 5.0 28.6 27.02 2.0 0.0 33.54 34.48 56.32 58.31 44.41 46.04 66.6 68.12 71.85 72.18 34.41 35.61 67.94 66.6 33.11 31.3 10.82 9.85 41.34 43.05 33.14 35.13 49.65 51.43 87.66 89.31 70.88 72.8 10.0 11.66 57.0 59.0 53.6 55.58 7.28 5.39 24.7 22.85 56.86 55.76 63.16 63.98 72.92 
79.2 77.79 79.91 78.52 80.62 79.25 81.34 79.98 82.07 80.72 82.81 81.47 83.55 82.22 84.29 82.98 85.04 83.74 49.04 50.33 32.56 34.53 37.36 39.29 65.0 64.26 27.31 29.15 60.44 59.2 31.76 33.54 0.0 2.0 47.51 49.24 77.7 79.4 85.09 86.98 69.4 70.6 5.39 7.28 100.6 99.4 1.0 2.24 44.29 43.38 74.79 76.54 32.45 33.6 74.43 76.42 98.23 99.4 53.94 55.9 25.0 24.52 51.61 53.25 43.91 45.65 35.61 34.41 43.42 41.68 32.06 32.0 69.81 71.4 79.51 
80.62 79.2 81.32 79.91 82.02 80.62 82.73 81.34 83.45 82.07 84.17 82.81 84.9 83.55 85.63 84.29 86.37 85.04 47.51 48.84 32.25 34.23 35.44 37.36 65.8 65.0 28.18 29.97 61.72 60.44 32.76 34.48 2.0 0.0 45.79 47.51 78.77 80.45 84.43 86.33 67.8 69.03 3.61 5.39 101.83 100.6 3.0 3.61 45.28 44.29 75.8 77.52 31.38 32.45 74.24 76.24 97.08 98.23 51.97 53.94 25.63 25.0 50.0 51.61 42.19 43.91 36.88 35.61 45.18 43.42 30.07 30.0 68.6 70.21 78.24 
102.14 100.24 102.46 100.57 102.79 100.9 103.12 101.24 103.46 101.59 103.82 101.95 104.18 102.32 104.55 102.69 104.92 103.08 7.62 9.49 35.9 36.4 14.87 14.32 75.18 73.43 52.01 52.09 82.28 80.36 56.14 56.32 47.51 45.79 0.0 2.0 92.13 93.06 57.27 59.23 22.67 24.21 42.19 40.5 116.36 114.61 48.37 47.41 63.79 61.85 88.12 89.07 23.19 21.21 59.91 61.59 58.24 58.82 18.44 19.8 48.0 46.0 6.08 6.71 3.61 2.24 63.13 61.13 79.06 77.06 27.51 25.63 31.06 33.06 38.33 
104.04 102.14 104.36 102.46 104.68 102.79 105.0 103.12 105.34 103.46 105.69 103.82 106.04 104.18 106.4 104.55 106.78 104.92 8.6 10.3 37.85 38.33 15.65 14.87 76.94 75.18 54.01 54.08 84.2 82.28 58.14 58.31 49.24 47.51 2.0 0.0 93.91 94.83 57.72 59.67 21.4 23.02 43.91 42.19 118.12 116.36 50.12 49.19 65.73 63.79 89.89 90.82 25.18 23.19 61.03 62.68 57.72 58.24 17.2 18.44 50.0 48.0 6.08 6.08 5.39 3.61 65.12 63.13 81.06 79.06 28.23 26.4 31.0 33.0 37.85 
18.03 16.4 17.49 15.81 17.0 15.26 16.55 14.76 16.16 14.32 15.81 13.93 15.52 13.6 15.3 13.34 15.13 13.15 86.41 85.62 58.01 56.86 95.21 96.83 17.09 18.97 50.8 49.2 19.24 19.65 46.04 44.41 77.7 78.77 92.13 93.91 0.0 2.0 71.39 71.81 100.17 99.69 78.82 80.0 24.41 22.8 77.18 75.47 33.6 34.83 4.12 4.12 70.72 72.4 49.65 50.01 98.99 100.98 109.42 111.14 54.04 55.32 90.47 92.31 90.43 92.18 42.49 43.42 45.1 45.28 99.76 98.41 84.72 84.48 92.14 
19.21 17.69 18.6 17.03 18.03 16.4 17.49 15.81 17.0 15.26 16.55 14.76 16.16 14.32 15.81 13.93 15.52 13.6 87.24 86.41 59.2 58.01 96.4 98.01 17.89 19.7 52.43 50.8 21.21 21.59 47.71 46.04 79.4 80.45 93.06 94.83 2.0 0.0 71.02 71.39 100.69 100.17 80.45 81.61 23.32 21.63 78.89 77.18 35.23 36.4 5.0 4.12 71.85 73.5 49.37 49.65 98.73 100.72 110.45 112.16 55.61 56.85 91.29 93.11 91.42 93.15 44.28 45.18 47.1 47.27 101.14 99.76 85.0 84.72 92.27 
88.32 86.4 88.06 86.13 87.8 85.87 87.56 85.62 87.32 85.38 87.1 85.15 86.88 84.93 86.68 84.72 86.49 84.53 49.82 47.85 53.23 51.43 70.35 70.58 57.58 55.71 68.01 66.4 74.69 72.9 68.12 66.6 85.09 84.43 57.27 57.72 71.39 71.02 0.0 2.0 47.43 45.8 81.61 81.04 90.0 88.0 85.44 83.57 64.66 63.13 67.68 67.27 54.13 53.76 21.84 21.38 28.0 30.0 74.0 74.67 66.57 65.51 51.66 52.2 58.69 59.03 72.84 71.45 89.27 87.78 82.05 80.06 28.65 26.93 29.07 
88.89 86.98 88.6 86.68 88.32 86.4 88.06 86.13 87.8 85.87 87.56 85.62 87.32 85.38 87.1 85.15 86.88 84.93 51.79 49.82 55.04 53.23 72.34 72.56 58.31 56.46 69.63 68.01 75.59 73.82 69.66 68.12 86.98 86.33 59.23 59.67 71.81 71.39 2.0 0.0 49.09 47.43 83.52 82.97 90.02 88.02 87.32 85.44 65.95 64.44 68.15 67.68 56.09 55.73 22.47 21.84 28.07 30.07 75.89 76.55 68.26 67.23 53.6 54.12 60.67 61.0 74.28 72.92 90.61 89.14 84.05 82.05 30.41 28.65 30.41 
113.0 111.02 113.14 111.16 113.28 111.31 113.44 111.46 113.6 111.63 113.77 111.8 113.95 111.99 114.14 112.18 114.34 112.38 20.59 19.7 50.8 50.49 36.89 35.85 83.2 81.25 68.88 68.45 94.19 92.2 72.18 71.85 69.4 67.8 22.67 21.4 100.17 100.69 47.43 49.09 0.0 2.0 64.2 62.63 123.33 121.43 70.21 69.07 77.03 75.03 96.05 96.57 40.5 38.63 58.25 59.41 39.01 39.12 31.14 31.02 65.25 63.32 17.8 16.28 26.17 24.84 79.08 77.1 96.1 94.15 49.24 47.51 19.1 20.62 20.62 
112.75 110.77 112.87 110.89 113.0 111.02 113.14 111.16 113.28 111.31 113.44 111.46 113.6 111.63 113.77 111.8 113.95 111.99 21.63 20.59 51.2 50.8 38.59 37.59 82.76 80.81 69.38 68.88 94.09 92.09 72.57 72.18 70.6 69.03 24.21 23.02 99.69 100.17 45.8 47.43 2.0 0.0 65.44 63.89 122.71 120.81 71.4 70.21 77.1 75.11 95.57 96.05 41.23 39.4 57.14 58.25 37.01 37.12 33.14 33.02 65.8 63.89 19.1 17.69 27.66 26.4 79.43 77.47 96.54 94.59 51.0 49.24 17.69 19.1 18.68 
81.47 79.98 82.13 80.66 82.81 81.34 83.49 82.04 84.17 82.73 84.86 83.44 85.56 84.15 86.27 84.86 86.98 85.59 43.93 45.28 30.02 32.02 32.02 33.96 65.3 64.4 28.02 29.68 62.24 60.88 32.8 34.41 5.39 3.61 42.19 43.91 78.82 80.45 81.61 83.52 64.2 65.44 0.0 2.0 102.18 100.9 6.32 6.0 45.22 44.1 75.72 77.39 28.18 29.15 72.06 74.06 93.74 94.87 48.66 50.64 25.06 24.17 46.4 48.01 38.59 40.31 37.48 36.07 47.01 45.19 27.29 27.07 65.22 66.85 74.81 
82.98 81.47 83.63 82.13 84.29 82.81 84.96 83.49 85.63 84.17 86.31 84.86 87.0 85.56 87.69 86.27 88.39 86.98 42.45 43.84 30.02 32.02 30.08 32.02 66.24 65.3 29.21 30.81 63.64 62.24 34.06 35.61 7.28 5.39 40.5 42.19 80.0 81.61 81.04 82.97 62.63 63.89 2.0 0.0 103.48 102.18 8.25 8.0 46.4 45.22 76.84 78.49 27.31 28.18 72.01 74.01 92.65 93.74 46.69 48.66 26.08 25.06 44.82 46.4 36.89 38.59 38.95 37.48 48.85 47.01 25.32 25.08 64.07 65.73 73.6 
24.52 25.0 23.54 24.04 22.56 23.09 21.59 22.14 20.62 21.19 19.65 20.25 18.68 19.31 17.72 18.38 16.76 17.46 110.46 109.59 82.42 81.27 119.62 121.25 41.18 42.94 74.33 72.86 40.22 41.4 69.43 67.94 100.6 101.83 116.36 118.12 24.41 23.32 90.0 90.02 123.33 122.71 102.18 103.48 0.0 2.0 100.0 98.41 57.28 58.69 28.3 27.29 95.13 96.8 69.26 69.12 118.0 120.0 133.78 135.48 77.79 79.2 114.49 116.3 114.74 116.47 65.0 66.22 63.32 64.08 123.99 122.67 106.96 106.51 113.6 
24.19 24.52 23.19 23.54 22.2 22.56 21.21 21.59 20.22 20.62 19.24 19.65 18.25 18.68 17.26 17.72 16.28 16.76 108.67 107.79 80.8 79.63 118.0 119.62 39.45 41.18 73.0 71.51 39.12 40.22 68.12 66.6 99.4 100.6 114.61 116.36 22.8 21.63 88.0 88.02 121.43 120.81 100.9 102.18 2.0 0.0 98.81 97.2 55.9 57.28 26.63 25.55 93.48 95.13 67.27 67.12 116.0 118.0 132.08 133.78 76.42 77.79 112.7 114.49 113.02 114.74 63.82 65.0 62.63 63.32 122.49 121.17 105.02 104.56 111.63 
78.49 77.1 79.21 77.83 79.93 78.57 80.66 79.31 81.39 80.06 82.13 80.81 82.88 81.57 83.63 82.33 84.39 83.1 49.82 51.09 32.76 34.71 38.33 40.26 64.62 63.91 26.93 28.79 59.82 58.6 31.3 33.11 1.0 3.0 48.37 50.12 77.18 78.89 85.44 87.32 70.21 71.4 6.32 8.25 100.0 98.81 0.0 2.0 43.83 42.95 74.3 76.06 33.02 34.21 74.55 76.53 98.81 100.0 54.92 56.89 24.74 24.33 52.43 54.08 44.78 46.53 35.0 33.84 42.54 40.82 33.06 33.0 70.43 72.01 80.16 
77.08 75.66 77.78 76.38 78.49 77.1 79.21 77.83 79.93 78.57 80.66 79.31 81.39 80.06 82.13 80.81 82.88 81.57 48.6 49.82 30.81 32.76 37.85 39.81 62.77 62.03 25.08 26.93 58.26 57.01 29.53 31.3 2.24 3.61 47.41 49.19 75.47 77.18 83.57 85.44 69.07 70.21 6.0 8.0 98.41 97.2 2.0 0.0 42.06 41.15 72.56 74.3 31.4 32.65 72.56 74.55 97.2 98.41 54.59 56.57 22.8 22.36 51.31 53.0 43.83 45.62 33.42 32.2 41.59 39.82 33.24 33.06 68.88 70.43 78.64 
38.91 37.12 39.36 37.59 39.82 38.08 40.31 38.59 40.82 39.12 41.34 39.66 41.88 40.22 42.44 40.8 43.01 41.4 59.54 59.3 27.89 27.46 63.95 65.74 21.38 21.1 17.2 15.62 18.79 17.0 12.53 10.82 44.29 45.28 63.79 65.73 33.6 35.23 64.66 65.95 77.03 77.1 45.22 46.4 57.28 55.9 43.83 42.06 0.0 2.0 30.53 32.25 40.8 42.72 45.45 47.01 88.12 89.89 79.48 81.34 20.52 21.93 63.64 65.62 61.4 63.32 11.05 11.05 24.76 23.43 67.01 65.8 65.97 66.48 75.29 
40.72 38.91 41.15 39.36 41.59 39.82 42.06 40.31 42.54 40.82 43.05 41.34 43.57 41.88 44.1 42.44 44.65 43.01 57.56 57.31 25.96 25.5 62.18 63.95 21.84 21.38 16.12 14.42 20.62 18.79 11.7 9.85 43.38 44.29 61.85 63.79 34.83 36.4 63.13 64.44 75.03 75.11 44.1 45.22 58.69 57.28 42.95 41.15 2.0 0.0 31.62 33.29 38.9 40.8 44.2 45.8 86.35 88.12 77.62 79.48 19.21 20.52 61.66 63.64 59.48 61.4 11.4 11.05 26.17 24.76 65.44 64.2 64.03 64.56 73.38 
21.02 19.24 20.62 18.79 20.25 18.38 19.92 18.03 19.65 17.72 19.42 17.46 19.24 17.26 19.1 17.12 19.03 17.03 82.35 81.54 54.2 53.01 91.4 93.01 13.0 14.87 47.71 46.04 18.03 18.03 43.05 41.34 74.79 75.8 88.12 89.89 4.12 5.0 67.68 68.15 96.05 95.57 75.72 76.84 28.3 26.63 74.3 72.56 30.53 31.62 0.0 2.0 66.85 68.51 45.89 46.32 95.19 97.16 105.48 107.19 50.8 52.01 86.41 88.24 86.45 88.19 39.92 40.72 44.01 44.01 96.18 94.79 80.62 80.4 88.09 
21.95 20.25 21.47 19.72 21.02 19.24 20.62 18.79 20.25 18.38 19.92 18.03 19.65 17.72 19.42 17.46 19.24 17.26 83.19 82.35 55.44 54.2 92.62 94.2 13.89 15.65 49.4 47.71 20.02 20.02 44.78 43.05 76.54 77.52 89.07 90.82 4.12 4.12 67.27 67.68 96.57 96.05 77.39 78.49 27.29 25.55 76.06 74.3 32.25 33.29 2.0 0.0 68.01 69.63 45.54 45.89 94.89 96.88 106.53 108.23 52.43 53.6 87.24 89.05 87.46 89.19 41.79 42.54 46.01 46.01 97.58 96.18 80.89 80.62 88.2 
79.48 77.62 79.85 78.0 80.23 78.39 80.62 78.79 81.02 79.2 81.44 79.62 81.86 80.06 82.29 80.5 82.73 80.95 20.4 20.88 13.0 13.89 24.76 26.25 54.2 52.63 29.07 29.0 59.46 57.58 33.02 33.14 32.45 31.38 23.19 25.18 70.72 71.85 54.13 56.09 40.5 41.23 28.18 27.31 95.13 93.48 33.02 31.4 40.8 38.9 66.85 68.01 0.0 2.0 48.05 50.01 65.8 67.01 38.91 40.72 25.18 23.19 24.19 26.17 20.62 22.56 40.01 38.01 56.32 54.33 32.2 30.41 37.54 39.05 47.38 
81.34 79.48 81.71 79.85 82.08 80.23 82.46 80.62 82.86 81.02 83.26 81.44 83.67 81.86 84.1 82.29 84.53 82.73 18.44 18.97 14.87 15.65 23.35 24.76 55.8 54.2 31.06 31.0 61.35 59.46 35.01 35.13 33.6 32.45 21.21 23.19 72.4 73.5 53.76 55.73 38.63 39.4 29.15 28.18 96.8 95.13 34.21 32.65 42.72 40.8 68.51 69.63 2.0 0.0 48.51 50.45 64.64 65.8 37.12 38.91 27.17 25.18 22.2 24.19 18.68 20.62 42.01 40.01 58.31 56.32 31.38 29.55 36.24 37.8 46.01 
66.48 64.56 66.22 64.29 65.97 64.03 65.73 63.79 65.51 63.56 65.31 63.35 65.12 63.15 64.94 62.97 64.78 62.8 52.43 50.8 42.05 40.05 69.86 70.68 35.85 34.01 52.55 50.7 53.34 51.62 51.43 49.65 74.43 74.24 59.91 61.03 49.65 49.37 21.84 22.47 58.25 57.14 72.06 72.01 69.26 67.27 74.55 72.56 45.45 44.2 45.89 45.54 48.05 48.51 0.0 2.0 49.37 51.35 78.24 79.4 52.2 51.66 55.61 56.85 60.03 61.06 54.92 53.85 70.18 68.88 79.7 77.79 39.82 38.91 44.92 
67.05 65.15 66.76 64.85 66.48 64.56 66.22 64.29 65.97 64.03 65.73 63.79 65.51 63.56 65.31 63.35 65.12 63.15 54.08 52.43 44.05 42.05 71.69 72.5 36.67 34.89 54.42 52.55 54.38 52.7 53.23 51.43 76.42 76.24 61.59 62.68 50.01 49.65 21.38 21.84 59.41 58.25 74.06 74.01 69.12 67.12 76.53 74.55 47.01 45.8 46.32 45.89 50.01 50.45 2.0 0.0 49.16 51.16 79.88 81.02 54.12 53.6 57.2 58.41 61.77 62.77 56.6 55.57 71.7 70.43 81.61 79.7 40.82 39.82 45.54 
115.52 113.56 115.32 113.36 115.12 113.16 114.93 112.97 114.76 112.79 114.59 112.61 114.42 112.45 114.27 112.29 114.13 112.15 52.55 50.7 70.04 68.68 73.08 72.53 84.4 82.46 87.46 86.21 100.57 98.68 88.81 87.66 98.23 97.08 58.24 57.72 98.99 98.73 28.0 28.07 39.01 37.01 93.74 92.65 118.0 116.0 98.81 97.2 88.12 86.35 95.19 94.89 65.8 64.64 49.37 49.16 0.0 2.0 70.11 70.03 85.04 83.55 52.2 51.66 61.03 60.44 94.58 92.91 111.83 110.14 85.73 83.82 28.65 26.93 19.92 
117.48 115.52 117.28 115.32 117.09 115.12 116.9 114.93 116.73 114.76 116.56 114.59 116.4 114.42 116.25 114.27 116.11 114.13 53.31 51.48 71.51 70.18 73.68 73.08 86.35 84.4 89.02 87.8 102.46 100.57 90.44 89.31 99.4 98.23 58.82 58.24 100.98 100.72 30.0 30.07 39.12 37.12 94.87 93.74 120.0 118.0 100.0 98.41 89.89 88.12 97.16 96.88 67.01 65.8 51.35 51.16 2.0 0.0 70.26 70.11 86.56 85.04 52.81 52.2 61.68 61.03 96.25 94.58 113.53 111.83 86.33 84.43 29.68 28.02 20.62 
118.31 116.47 118.7 116.87 119.1 117.27 119.51 117.69 119.92 118.11 120.34 118.53 120.77 118.97 121.2 119.41 121.64 119.85 25.81 27.46 51.89 52.77 17.0 15.0 92.65 90.97 65.73 66.22 98.23 96.38 70.34 70.88 53.94 51.97 18.44 17.2 109.42 110.45 74.0 75.89 31.14 33.14 48.66 46.69 133.78 132.08 54.92 54.59 79.48 77.62 105.48 106.53 38.91 37.12 78.24 79.88 70.11 70.26 0.0 2.0 61.61 59.67 22.83 21.93 19.21 17.69 77.13 75.19 91.66 89.68 24.19 23.26 46.1 48.05 51.04 
120.15 118.31 120.54 118.7 120.93 119.1 121.33 119.51 121.74 119.92 122.16 120.34 122.58 120.77 123.0 121.2 123.44 121.64 27.02 28.6 53.71 54.56 19.0 17.0 94.34 92.65 67.68 68.15 100.09 98.23 72.28 72.8 55.9 53.94 19.8 18.44 111.14 112.16 74.67 76.55 31.02 33.02 50.64 48.66 135.48 133.78 56.89 56.57 81.34 79.48 107.19 108.23 40.72 38.91 79.4 81.02 70.03 70.11 2.0 0.0 63.56 61.61 23.85 22.83 20.81 19.21 79.08 77.13 93.65 91.66 25.94 25.08 46.57 48.51 51.16 
58.52 56.86 59.08 57.43 59.64 58.01 60.22 58.6 60.8 59.2 61.4 59.82 62.01 60.44 62.63 61.07 63.25 61.72 45.54 45.89 15.26 16.4 45.22 47.13 40.25 39.4 4.12 5.0 38.6 37.01 8.94 10.0 25.0 25.63 48.0 50.0 54.04 55.61 66.57 68.26 65.25 65.8 25.06 26.08 77.79 76.42 24.74 22.8 20.52 19.21 50.8 52.43 25.18 27.17 52.2 54.12 85.04 86.56 61.61 63.56 0.0 2.0 49.37 51.35 45.04 47.04 15.52 13.6 31.14 29.15 46.87 45.79 58.83 59.91 68.8 
60.21 58.52 60.75 59.08 61.29 59.64 61.85 60.22 62.43 60.8 63.01 61.4 63.6 62.01 64.2 62.63 64.82 63.25 43.57 43.93 13.6 14.87 43.32 45.22 41.18 40.25 6.08 6.71 40.22 38.6 10.77 11.66 24.52 25.0 46.0 48.0 55.32 56.85 65.51 67.23 63.32 63.89 24.17 25.06 79.2 77.79 24.33 22.36 21.93 20.52 52.01 53.6 23.19 25.18 51.66 53.6 83.55 85.04 59.67 61.61 2.0 0.0 47.38 49.37 43.05 45.04 17.46 15.52 33.14 31.14 45.22 44.1 57.14 58.25 67.12 
101.39 99.46 101.65 99.72 101.92 100.0 102.2 100.28 102.49 100.58 102.79 100.88 103.09 101.19 103.41 101.51 103.73 101.84 4.12 5.0 36.06 36.22 20.88 20.4 73.41 71.59 53.24 53.08 81.79 79.83 57.04 57.0 51.61 50.0 6.08 6.08 90.47 91.29 51.66 53.6 17.8 19.1 46.4 44.82 114.49 112.7 52.43 51.31 63.64 61.66 86.41 87.24 24.19 22.2 55.61 57.2 52.2 52.81 22.83 23.85 49.37 47.38 0.0 2.0 8.94 8.25 64.03 62.03 80.5 78.52 33.53 31.62 25.02 27.02 32.28 
103.32 101.39 103.58 101.65 103.85 101.92 104.12 102.2 104.4 102.49 104.69 102.79 105.0 103.09 105.3 103.41 105.62 103.73 6.08 6.71 38.05 38.21 21.54 20.88 75.24 73.41 55.23 55.08 83.74 81.79 59.03 59.0 53.25 51.61 6.71 6.08 92.31 93.11 52.2 54.12 16.28 17.69 48.01 46.4 116.3 114.49 54.08 53.0 65.62 63.64 88.24 89.05 26.17 24.19 56.85 58.41 51.66 52.2 21.93 22.83 51.35 49.37 2.0 0.0 10.0 8.94 66.03 64.03 82.49 80.5 34.18 32.31 25.02 27.02 31.78 
99.96 98.08 100.3 98.43 100.66 98.79 101.02 99.16 101.39 99.54 101.77 99.92 102.16 100.32 102.55 100.72 102.96 101.13 9.0 11.0 33.53 34.18 12.17 12.0 73.57 71.87 49.09 49.25 80.01 78.11 53.34 53.6 43.91 42.19 3.61 5.39 90.43 91.42 58.69 60.67 26.17 27.66 38.59 36.89 114.74 113.02 44.78 43.83 61.4 59.48 86.45 87.46 20.62 18.68 60.03 61.77 61.03 61.68 19.21 20.81 45.04 43.05 8.94 10.0 0.0 2.0 60.3 58.31 76.01 74.01 24.74 22.8 33.38 35.36 41.11 
101.84 99.96 102.18 100.3 102.53 100.66 102.88 101.02 103.25 101.39 103.62 101.77 104.0 102.16 104.39 102.55 104.79 102.96 9.22 11.18 35.44 36.06 12.65 12.17 75.29 73.57 51.09 51.24 81.91 80.01 55.33 55.58 45.65 43.91 2.24 3.61 92.18 93.15 59.03 61.0 24.84 26.4 40.31 38.59 116.47 114.74 46.53 45.62 63.32 61.4 88.19 89.19 22.56 20.62 61.06 62.77 60.44 61.03 17.69 19.21 47.04 45.04 8.25 8.94 2.0 0.0 62.29 60.3 78.01 76.01 25.3 23.41 33.14 35.13 40.52 
44.05 42.52 44.69 43.19 45.34 43.86 46.01 44.55 46.69 45.25 47.38 45.97 48.08 46.69 48.8 47.42 49.52 48.17 60.07 60.21 28.28 28.64 60.73 62.64 32.14 32.02 11.4 11.05 24.84 23.6 7.0 7.28 35.61 36.88 63.13 65.12 42.49 44.28 72.84 74.28 79.08 79.43 37.48 38.95 65.0 63.82 35.0 33.42 11.05 11.4 39.92 41.79 40.01 42.01 54.92 56.6 94.58 96.25 77.13 79.08 15.52 17.46 64.03 66.03 60.3 62.29 0.0 2.0 17.46 15.65 61.77 60.83 70.38 71.18 80.11 
45.61 44.05 46.23 44.69 46.86 45.34 47.51 46.01 48.17 46.69 48.84 47.38 49.52 48.08 50.21 48.8 50.91 49.52 58.08 58.22 26.31 26.68 58.82 60.73 32.39 32.14 9.49 9.06 26.17 24.84 5.0 5.39 34.41 35.61 61.13 63.13 43.42 45.18 71.45 72.92 77.1 77.47 36.07 37.48 66.22 65.0 33.84 32.2 11.05 11.05 40.72 42.54 38.01 40.01 53.85 55.57 92.91 94.58 75.19 77.13 13.6 15.52 62.03 64.03 58.31 60.3 2.0 0.0 19.31 17.46 60.03 59.06 68.54 69.35 78.29 
39.36 38.48 40.25 39.4 41.15 40.31 42.05 41.23 42.95 42.15 43.86 43.08 44.78 44.01 45.69 44.94 46.62 45.88 76.66 76.94 45.35 45.88 74.81 76.79 41.11 41.79 27.29 27.66 26.0 26.08 24.04 24.7 43.42 45.18 79.06 81.06 45.1 47.1 89.27 90.61 96.1 96.54 47.01 48.85 63.32 62.63 42.54 41.59 24.76 26.17 44.01 46.01 56.32 58.31 70.18 71.7 111.83 113.53 91.66 93.65 31.14 33.14 80.5 82.49 76.01 78.01 17.46 19.31 0.0 2.0 73.68 73.08 87.85 88.64 97.58 
40.31 39.36 41.18 40.25 42.06 41.15 42.94 42.05 43.83 42.95 44.72 43.86 45.62 44.78 46.52 45.69 47.42 46.62 74.67 74.97 43.42 43.97 72.84 74.81 40.52 41.11 25.32 25.71 26.08 26.0 22.14 22.85 41.68 43.42 77.06 79.06 45.28 47.27 87.78 89.14 94.15 94.59 45.19 47.01 64.08 63.32 40.82 39.82 23.43 24.76 44.01 46.01 54.33 56.32 68.88 70.43 110.14 111.83 89.68 91.66 29.15 31.14 78.52 80.5 74.01 76.01 15.65 17.46 2.0 0.0 71.78 71.17 86.01 86.82 95.75 
105.39 103.73 105.95 104.29 106.51 104.86 107.07 105.44 107.65 106.02 108.23 106.61 108.81 107.2 109.4 107.8 110.0 108.41 33.54 35.51 42.8 44.41 12.65 13.42 84.22 82.88 50.77 51.87 85.45 83.82 55.76 56.86 32.06 30.07 27.51 28.23 99.76 101.14 82.05 84.05 49.24 51.0 27.29 25.32 123.99 122.49 33.06 33.24 67.01 65.44 96.18 97.58 32.2 31.38 79.7 81.61 85.73 86.33 24.19 25.94 46.87 45.22 33.53 34.18 24.74 25.3 61.77 60.03 73.68 71.78 0.0 2.0 58.05 60.02 65.8 
104.31 102.63 104.85 103.17 105.39 103.73 105.95 104.29 106.51 104.86 107.07 105.44 107.65 106.02 108.23 106.61 108.81 107.2 31.58 33.54 41.23 42.8 10.77 11.66 82.76 81.39 49.74 50.77 84.31 82.66 54.71 55.76 32.0 30.0 25.63 26.4 98.41 99.76 80.06 82.05 47.51 49.24 27.07 25.08 122.67 121.17 33.0 33.06 65.8 64.2 94.79 96.18 30.41 29.55 77.79 79.7 83.82 84.43 23.26 25.08 45.79 44.1 31.62 32.31 22.8 23.41 60.83 59.06 73.08 71.17 2.0 0.0 56.09 58.05 63.89 
99.01 97.01 99.02 97.02 99.05 97.05 99.08 97.08 99.13 97.13 99.18 97.19 99.25 97.25 99.32 97.33 99.41 97.42 24.52 22.56 43.57 42.54 45.54 45.28 68.18 66.19 61.77 60.83 81.39 79.4 63.98 63.16 69.81 68.6 31.06 31.0 84.72 85.0 28.65 30.41 19.1 17.69 65.22 64.07 106.96 105.02 70.43 68.88 65.97 64.03 80.62 80.89 37.54 36.24 39.82 40.82 28.65 29.68 46.1 46.57 58.83 57.14 25.02 25.02 33.38 33.14 70.38 68.54 87.85 86.01 58.05 56.09 0.0 2.0 10.0 
99.01 97.01 99.0 97.0 99.01 97.01 99.02 97.02 99.05 97.05 99.08 97.08 99.13 97.13 99.18 97.19 99.25 97.25 26.48 24.52 44.65 43.57 47.52 47.27 68.07 66.07 62.77 61.77 81.61 79.63 64.85 63.98 71.4 70.21 33.06 33.0 84.48 84.72 26.93 28.65 20.62 19.1 66.85 65.73 106.51 104.56 72.01 70.43 66.48 64.56 80.4 80.62 39.05 37.8 38.91 39.82 26.93 28.02 48.05 48.51 59.91 58.25 27.02 27.02 35.36 35.13 71.18 69.35 88.64 86.82 60.02 58.05 2.0 0.0 8.94 
107.12 105.12 107.07 105.08 107.04 105.04 107.02 105.02 107.0 105.0 107.0 105.0 107.0 105.0 107.02 105.02 107.04 105.04 32.7 30.87 53.54 52.48 53.16 52.63 76.01 74.01 71.69 70.71 90.09 88.12 73.79 72.92 79.51 78.24 38.33 37.85 92.14 92.27 29.07 30.41 20.62 18.68 74.81 73.6 113.6 111.63 80.16 78.64 75.29 73.38 88.09 88.2 47.38 46.01 44.92 45.54 19.92 20.62 51.04 51.16 68.8 67.12 32.28 31.78 41.11 40.52 80.11 78.29 97.58 95.75 65.8 63.89 10.0 8.94 0.0 
