90
0.0 2.0 1.0 2.24 2.0 2.83 3.0 3.61 4.0 4.47 5.0 5.39 6.0 6.32 72.03 72.0 71.03 71.0 16.49 16.12 14.32 16.28 131.85 131.53 127.01 125.03 70.35 70.58 92.42 90.47 19.03 21.02 111.4 109.44 42.58 40.61 16.4 15.26 21.02 21.95 132.02 132.38 40.52 38.6 94.05 92.05 37.12 37.34 94.01 94.01 63.2 63.07 16.49 17.09 15.62 14.42 23.54 21.59 17.46 15.65 75.31 73.35 86.35 84.4 106.17 104.17 62.2 60.21 18.44 19.8 117.24 116.97 39.01 37.01 133.06 133.14 119.05 119.44 100.81 100.45 21.19 23.09 14.32 14.87 33.11 34.0 30.27 28.28 34.89 33.12 
2.0 0.0 2.24 1.0 2.83 2.0 3.61 3.0 4.47 4.0 5.39 5.0 6.32 6.0 72.11 72.03 71.11 71.03 18.44 18.11 14.04 16.03 132.2 131.85 127.28 125.3 70.18 70.35 91.98 90.03 19.24 21.21 111.0 109.04 42.95 41.0 18.03 17.0 19.24 20.25 131.69 132.02 40.02 38.08 94.01 92.01 37.01 37.12 94.05 94.01 63.39 63.2 14.56 15.23 16.97 15.62 23.19 21.21 19.31 17.46 74.97 72.99 85.91 83.95 106.08 104.08 62.39 60.41 20.0 21.26 117.55 117.24 39.01 37.01 133.02 133.06 118.7 119.05 101.2 100.81 21.93 23.77 12.37 13.0 32.31 33.11 30.59 28.64 34.01 32.2 
1.0 2.24 0.0 2.0 1.0 2.24 2.0 2.83 3.0 3.61 4.0 4.47 5.0 5.39 73.03 73.0 72.03 72.0 16.76 16.28 13.34 15.3 132.83 132.52 128.0 126.02 71.34 71.57 93.39 91.44 18.03 20.02 112.38 110.42 43.57 41.59 17.03 15.81 20.62 21.47 133.0 133.36 41.48 39.56 95.05 93.05 38.12 38.33 95.01 95.01 64.2 64.07 16.28 16.76 14.87 13.6 24.52 22.56 17.09 15.23 76.3 74.33 87.32 85.38 107.17 105.17 63.2 61.2 17.8 19.1 118.23 117.96 40.01 38.01 134.06 134.13 120.03 120.42 101.79 101.43 20.25 22.14 14.14 14.56 34.01 34.89 31.26 29.27 35.78 34.0 
2.24 1.0 2.0 0.0 2.24 1.0 2.83 2.0 3.61 3.0 4.47 4.0 5.39 5.0 73.11 73.03 72.11 72.03 18.68 18.25 13.04 15.03 133.18 132.83 128.27 126.29 71.18 71.34 92.96 91.01 18.25 20.22 111.99 110.02 43.93 41.98 18.6 17.49 18.79 19.72 132.67 133.0 41.0 39.05 95.01 93.01 38.01 38.12 95.05 95.01 64.38 64.2 14.32 14.87 16.28 14.87 24.19 22.2 18.97 17.09 75.95 73.98 86.88 84.93 107.07 105.08 63.39 61.4 19.42 20.62 118.53 118.23 40.01 38.01 134.01 134.06 119.68 120.03 102.18 101.79 21.02 22.85 12.17 12.65 33.24 34.01 31.58 29.61 34.93 33.11 
2.0 2.83 1.0 2.24 0.0 2.0 1.0 2.24 2.0 2.83 3.0 3.61 4.0 4.47 74.03 74.0 73.03 73.0 17.09 16.49 12.37 14.32 133.82 133.51 129.0 127.01 72.34 72.56 94.37 92.42 17.03 19.03 113.36 111.4 44.55 42.58 17.69 16.4 20.25 21.02 133.99 134.35 42.45 40.52 96.05 94.05 39.12 39.32 96.01 96.01 65.19 65.07 16.12 16.49 14.14 12.81 25.5 23.54 16.76 14.87 77.28 75.31 88.29 86.35 108.17 106.17 64.2 62.2 17.2 18.44 119.22 118.95 41.01 39.01 135.06 135.13 121.02 121.4 102.77 102.42 19.31 21.19 14.04 14.32 34.93 35.78 32.25 30.27 36.67 34.89 
2.83 2.0 2.24 1.0 2.0 0.0 2.24 1.0 2.83 2.0 3.61 3.0 4.47 4.0 74.11 74.03 73.11 73.03 18.97 18.44 12.04 14.04 134.16 133.82 129.26 127.28 72.17 72.34 93.94 91.98 17.26 19.24 112.97 111.0 44.91 42.95 19.21 18.03 18.38 19.24 133.66 133.99 41.98 40.02 96.01 94.01 39.01 39.12 96.05 96.01 65.38 65.19 14.14 14.56 15.62 14.14 25.18 23.19 18.68 16.76 76.94 74.97 87.86 85.91 108.07 106.08 64.38 62.39 18.87 20.0 119.52 119.22 41.01 39.01 135.01 135.06 120.67 121.02 103.16 102.77 20.12 21.93 12.04 12.37 34.18 34.93 32.56 30.59 35.85 34.01 
3.0 3.61 2.0 2.83 1.0 2.24 0.0 2.0 1.0 2.24 2.0 2.83 3.0 3.61 75.03 75.0 74.03 74.0 17.46 16.76 11.4 13.34 134.81 134.5 129.99 128.0 73.33 73.55 95.34 93.39 16.03 18.03 114.34 112.38 45.54 43.57 18.38 17.03 19.92 20.62 134.97 135.33 43.42 41.48 97.05 95.05 40.11 40.31 97.01 97.01 66.19 66.07 16.03 16.28 13.45 12.04 26.48 24.52 16.49 14.56 78.26 76.3 89.27 87.32 109.17 107.17 65.19 63.2 16.64 17.8 120.21 119.94 42.01 40.01 136.06 136.13 122.0 122.38 103.75 103.41 18.38 20.25 14.0 14.14 35.85 36.67 33.24 31.26 37.58 35.78 
3.61 3.0 2.83 2.0 2.24 1.0 2.0 0.0 2.24 1.0 2.83 2.0 3.61 3.0 75.11 75.03 74.11 74.03 19.31 18.68 11.05 13.04 135.15 134.81 130.25 128.27 73.17 73.33 94.92 92.96 16.28 18.25 113.95 111.99 45.89 43.93 19.85 18.6 18.03 18.79 134.65 134.97 42.95 41.0 97.01 95.01 40.01 40.11 97.05 97.01 66.37 66.19 14.04 14.32 15.0 13.45 26.17 24.19 18.44 16.49 77.93 75.95 88.84 86.88 109.07 107.07 65.38 63.39 18.36 19.42 120.51 120.21 42.01 40.01 136.01 136.06 121.66 122.0 104.14 103.75 19.24 21.02 12.0 12.17 35.11 35.85 33.54 31.58 36.77 34.93 
4.0 4.47 3.0 3.61 2.0 2.83 1.0 2.24 0.0 2.0 1.0 2.24 2.0 2.83 76.03 76.0 75.03 75.0 17.89 17.09 10.44 12.37 135.79 135.48 130.98 129.0 74.33 74.55 96.32 94.37 15.03 17.03 115.32 113.36 46.53 44.55 19.1 17.69 19.65 20.25 135.96 136.31 44.38 42.45 98.05 96.05 41.11 41.3 98.01 98.01 67.19 67.07 16.0 16.12 12.81 11.31 27.46 25.5 16.28 14.32 79.25 77.28 90.24 88.29 110.16 108.17 66.19 64.2 16.12 17.2 121.2 120.93 43.01 41.01 137.06 137.13 122.98 123.36 104.74 104.39 17.46 19.31 14.04 14.04 36.77 37.58 34.23 32.25 38.48 36.67 
4.47 4.0 3.61 3.0 2.83 2.0 2.24 1.0 2.0 0.0 2.24 1.0 2.83 2.0 76.11 76.03 75.11 75.03 19.7 18.97 10.05 12.04 136.13 135.79 131.24 129.26 74.17 74.33 95.9 93.94 15.3 17.26 114.93 112.97 46.87 44.91 20.52 19.21 17.72 18.38 135.64 135.96 43.93 41.98 98.01 96.01 41.01 41.11 98.05 98.01 67.36 67.19 14.0 14.14 14.42 12.81 27.17 25.18 18.25 16.28 78.92 76.94 89.82 87.86 110.07 108.07 66.37 64.38 17.89 18.87 121.49 121.2 43.01 41.01 137.01 137.06 122.64 122.98 105.12 104.74 18.36 20.12 12.04 12.04 36.06 36.77 34.53 32.56 37.7 35.85 
5.0 5.39 4.0 4.47 3.0 3.61 2.0 2.83 1.0 2.24 0.0 2.0 1.0 2.24 77.03 77.0 76.03 76.0 18.36 17.46 9.49 11.4 136.78 136.47 131.97 129.99 75.33 75.54 97.29 95.34 14.04 16.03 116.3 114.34 47.52 45.54 19.85 18.38 19.42 19.92 136.95 137.3 45.35 43.42 99.05 97.05 42.11 42.3 99.01 99.01 68.18 68.07 16.03 16.03 12.21 10.63 28.44 26.48 16.12 14.14 80.23 78.26 91.22 89.27 111.16 109.17 67.19 65.19 15.65 16.64 122.19 121.93 44.01 42.01 138.06 138.13 123.97 124.34 105.72 105.38 16.55 18.38 14.14 14.0 37.7 38.48 35.23 33.24 39.4 37.58 
5.39 5.0 4.47 4.0 3.61 3.0 2.83 2.0 2.24 1.0 2.0 0.0 2.24 1.0 77.1 77.03 76.11 76.03 20.12 19.31 9.06 11.05 137.12 136.78 132.23 130.25 75.17 75.33 96.88 94.92 14.32 16.28 115.92 113.95 47.85 45.89 21.21 19.85 17.46 18.03 136.62 136.95 44.91 42.95 99.01 97.01 42.01 42.11 99.05 99.01 68.36 68.18 14.04 14.04 13.89 12.21 28.16 26.17 18.11 16.12 79.91 77.93 90.8 88.84 111.07 109.07 67.36 65.38 17.46 18.36 122.48 122.19 44.01 42.01 138.01 138.06 123.63 123.97 106.1 105.72 17.49 19.24 12.17 12.0 37.0 37.7 35.51 33.54 38.63 36.77 
6.0 6.32 5.0 5.39 4.0 4.47 3.0 3.61 2.0 2.83 1.0 2.24 0.0 2.0 78.03 78.0 77.03 77.0 18.87 17.89 8.54 10.44 137.77 137.46 132.97 130.98 76.32 76.53 98.27 96.32 13.04 15.03 117.28 115.32 48.51 46.53 20.62 19.1 19.24 19.65 137.93 138.28 46.32 44.38 100.04 98.05 43.1 43.29 100.0 100.0 69.18 69.07 16.12 16.0 11.66 10.0 29.43 27.46 16.03 14.04 81.22 79.25 92.2 90.24 112.16 110.16 68.18 66.19 15.23 16.12 123.18 122.92 45.01 43.01 139.06 139.13 124.95 125.32 106.71 106.37 15.65 17.46 14.32 14.04 38.63 39.4 36.22 34.23 40.31 38.48 
6.32 6.0 5.39 5.0 4.47 4.0 3.61 3.0 2.83 2.0 2.24 1.0 2.0 0.0 78.1 78.03 77.1 77.03 20.59 19.7 8.06 10.05 138.1 137.77 133.22 131.24 76.16 76.32 97.86 95.9 13.34 15.3 116.9 114.93 48.84 46.87 21.93 20.52 17.26 17.72 137.61 137.93 45.89 43.93 100.0 98.01 43.01 43.1 100.04 100.0 69.35 69.18 14.14 14.0 13.42 11.66 29.15 27.17 18.03 16.03 80.89 78.92 91.78 89.82 112.07 110.07 68.36 66.37 17.09 17.89 123.47 123.18 45.01 43.01 139.01 139.06 124.62 124.95 107.08 106.71 16.64 18.36 12.37 12.04 37.95 38.63 36.5 34.53 39.56 37.7 
72.03 72.11 73.03 73.11 74.03 74.11 75.03 75.11 76.03 76.11 77.03 77.1 78.03 78.1 0.0 2.0 1.0 2.24 69.43 71.39 86.15 88.14 61.35 60.73 55.79 53.85 9.22 11.18 29.21 28.02 91.01 93.01 44.65 43.01 30.41 32.39 62.97 64.94 83.68 85.62 63.16 63.98 35.47 37.34 22.56 20.62 35.36 35.69 22.02 22.2 9.49 9.06 78.1 80.05 84.38 84.21 49.5 51.48 80.23 79.91 16.12 16.0 25.06 24.17 34.93 32.98 10.44 12.37 84.85 86.83 46.49 45.88 33.14 35.13 61.29 61.52 51.0 51.97 31.91 30.89 92.14 94.13 76.69 78.64 44.94 45.69 42.05 44.05 44.78 46.62 
72.0 72.03 73.0 73.03 74.0 74.03 75.0 75.03 76.0 76.03 77.0 77.03 78.0 78.03 2.0 0.0 2.24 1.0 69.86 71.81 86.05 88.05 62.03 61.35 56.32 54.41 7.28 9.22 27.66 26.4 91.01 93.01 43.57 41.88 30.81 32.76 63.35 65.31 83.2 85.15 62.39 63.16 34.79 36.69 22.2 20.22 35.13 35.36 22.02 22.02 10.3 9.49 77.67 79.62 84.59 84.38 49.25 51.24 80.6 80.23 14.14 14.0 23.32 22.36 34.53 32.56 11.18 13.0 85.16 87.13 47.17 46.49 33.02 35.01 61.13 61.29 50.09 51.0 33.02 31.91 92.27 94.26 76.3 78.26 44.27 44.94 42.19 44.18 44.01 45.88 
71.03 71.11 72.03 72.11 73.03 73.11 74.03 74.11 75.03 75.11 76.03 76.11 77.03 77.1 1.0 2.24 0.0 2.0 68.45 70.41 85.15 87.14 62.3 61.68 56.75 54.82 9.06 11.05 29.83 28.6 90.01 92.01 45.49 43.83 29.43 31.4 61.98 63.95 82.71 84.65 64.08 64.88 34.54 36.4 23.54 21.59 34.37 34.71 23.02 23.19 8.54 8.06 77.13 79.08 83.38 83.22 48.51 50.49 79.25 78.92 16.28 16.03 25.55 24.6 35.9 33.96 9.49 11.4 83.86 85.84 47.43 46.84 32.14 34.13 62.29 62.51 51.88 52.84 32.76 31.76 91.14 93.13 75.71 77.67 44.01 44.78 41.05 43.05 43.86 45.69 
71.0 71.03 72.0 72.03 73.0 73.03 74.0 74.03 75.0 75.03 76.0 76.03 77.0 77.03 2.24 1.0 2.0 0.0 68.88 70.83 85.05 87.05 62.97 62.3 57.28 55.36 7.07 9.06 28.32 27.02 90.01 92.01 44.42 42.72 29.83 31.78 62.37 64.33 82.23 84.17 63.32 64.08 33.84 35.74 23.19 21.21 34.13 34.37 23.02 23.02 9.43 8.54 76.69 78.64 83.6 83.38 48.26 50.25 79.62 79.25 14.32 14.04 23.85 22.83 35.51 33.54 10.3 12.08 84.17 86.15 48.1 47.43 32.02 34.01 62.13 62.29 50.99 51.88 33.84 32.76 91.27 93.26 75.31 77.28 43.32 44.01 41.19 43.19 43.08 44.94 
16.49 18.44 16.76 18.68 17.09 18.97 17.46 19.31 17.89 19.7 18.36 20.12 18.87 20.59 69.43 69.86 68.45 68.88 0.0 2.0 26.17 27.59 126.14 126.06 122.0 120.0 69.89 70.58 93.62 91.79 27.46 29.15 112.01 110.14 39.05 37.11 6.71 5.0 37.34 38.08 131.9 132.5 44.2 42.64 91.98 90.03 38.08 39.12 91.24 91.59 60.02 60.42 32.98 33.53 17.09 17.89 28.32 27.02 11.0 11.18 76.16 74.32 87.73 85.91 104.35 102.39 59.03 57.07 16.12 18.11 112.0 112.0 38.91 37.12 130.54 130.86 119.22 119.87 95.05 95.01 25.63 27.51 30.81 31.32 39.7 41.23 28.64 26.83 41.87 40.61 
16.12 18.11 16.28 18.25 16.49 18.44 16.76 18.68 17.09 18.97 17.46 19.31 17.89 19.7 71.39 71.81 70.41 70.83 2.0 0.0 24.84 26.17 128.14 128.06 124.0 122.0 71.78 72.45 95.46 93.62 25.81 27.46 113.89 112.01 41.0 39.05 8.54 6.71 36.69 37.34 133.81 134.41 45.8 44.2 93.94 91.98 39.82 40.82 93.21 93.56 61.98 62.37 32.56 32.98 15.23 16.12 29.7 28.32 9.0 9.22 78.0 76.16 89.55 87.73 106.3 104.35 61.0 59.03 14.14 16.12 114.0 114.0 40.72 38.91 132.52 132.83 121.12 121.76 97.05 97.01 23.77 25.63 30.41 30.81 41.04 42.52 30.46 28.64 43.19 41.87 
14.32 14.04 13.34 13.04 12.37 12.04 11.4 11.05 10.44 10.05 9.49 9.06 8.54 8.06 86.15 86.05 85.15 85.05 26.17 24.84 0.0 2.0 146.15 145.83 141.28 139.3 84.1 84.21 105.55 103.58 6.4 8.06 124.62 122.64 56.89 54.92 28.84 27.2 16.76 16.28 145.38 145.67 53.6 51.62 108.0 106.0 51.0 51.04 108.07 108.02 77.41 77.23 16.4 15.26 13.15 11.18 37.05 35.06 20.25 18.38 88.68 86.7 99.46 97.49 120.04 118.04 76.42 74.43 17.12 17.0 131.53 131.24 53.04 51.04 147.0 147.03 132.37 132.67 115.12 114.76 11.66 12.81 15.56 14.21 45.35 45.88 44.55 42.58 46.84 44.92 
16.28 16.03 15.3 15.03 14.32 14.04 13.34 13.04 12.37 12.04 11.4 11.05 10.44 10.05 88.14 88.05 87.14 87.05 27.59 26.17 2.0 0.0 148.12 147.8 143.27 141.28 86.09 86.21 107.52 105.55 5.0 6.4 126.59 124.62 58.86 56.89 30.53 28.84 17.46 16.76 147.36 147.65 55.58 53.6 110.0 108.0 53.0 53.04 110.07 110.02 79.4 79.23 17.69 16.4 13.6 11.7 39.05 37.05 21.02 19.24 90.67 88.68 101.43 99.46 122.04 120.04 78.41 76.42 17.46 17.12 133.51 133.22 55.04 53.04 149.0 149.03 134.35 134.65 117.09 116.73 10.77 11.66 17.03 15.56 47.3 47.8 46.53 44.55 48.76 46.84 
131.85 132.2 132.83 133.18 133.82 134.16 134.81 135.15 135.79 136.13 136.78 137.12 137.77 138.1 61.35 62.03 62.3 62.97 126.14 128.14 146.15 148.12 0.0 2.0 7.21 8.49 66.64 67.54 58.73 60.11 150.47 152.45 49.66 50.54 89.27 91.24 120.34 122.33 144.92 146.84 45.0 47.0 96.8 98.68 43.83 45.49 96.3 96.84 41.68 42.72 69.12 69.64 139.28 141.21 142.51 142.69 110.35 112.29 137.13 137.23 66.57 68.26 62.29 63.78 36.88 38.21 70.09 72.03 142.23 144.22 14.87 15.65 93.86 95.8 26.17 28.16 45.88 47.8 31.14 31.4 150.75 152.74 137.79 139.72 106.28 106.98 101.61 103.58 106.04 107.91 
131.53 131.85 132.52 132.83 133.51 133.82 134.5 134.81 135.48 135.79 136.47 136.78 137.46 137.77 60.73 61.35 61.68 62.3 126.06 128.06 145.83 147.8 2.0 0.0 5.66 7.21 65.8 66.64 57.28 58.69 150.21 152.19 47.85 48.76 88.96 90.93 120.2 122.2 144.37 146.29 43.0 45.0 96.14 98.03 42.72 44.42 95.8 96.3 40.71 41.68 68.66 69.12 138.75 140.68 142.35 142.51 109.88 111.83 137.06 137.13 65.51 67.23 60.96 62.48 35.38 36.77 69.63 71.59 142.13 144.12 14.32 14.87 93.39 95.34 24.19 26.17 43.97 45.88 31.02 31.14 150.56 152.55 137.28 139.22 105.62 106.28 101.27 103.25 105.34 107.22 
127.01 127.28 128.0 128.27 129.0 129.26 129.99 130.25 130.98 131.24 131.97 132.23 132.97 133.22 55.79 56.32 56.75 57.28 122.0 124.0 141.28 143.27 7.21 5.66 0.0 2.0 60.54 61.33 51.62 53.04 145.77 147.76 42.54 43.38 84.48 86.47 116.04 118.04 139.46 141.4 39.2 41.19 91.09 93.01 37.22 38.95 91.01 91.44 35.34 36.24 63.95 64.33 133.88 135.82 138.13 138.23 105.12 107.08 133.0 133.02 60.03 61.77 55.32 56.85 29.73 31.11 64.94 66.91 138.01 140.01 10.05 10.05 88.65 90.61 21.19 23.09 39.05 41.0 27.17 27.02 146.28 148.27 132.44 134.39 100.58 101.19 96.75 98.73 100.24 102.14 
125.03 125.3 126.02 126.29 127.01 127.28 128.0 128.27 129.0 129.26 129.99 130.25 130.98 131.24 53.85 54.41 54.82 55.36 120.0 122.0 139.3 141.28 8.49 7.21 2.0 0.0 58.69 59.51 50.25 51.62 143.78 145.77 41.79 42.54 82.49 84.48 114.04 116.04 137.53 139.46 39.46 41.44 89.19 91.09 35.51 37.22 89.05 89.5 33.54 34.48 61.98 62.37 131.94 133.88 136.13 136.24 103.16 105.12 131.0 131.02 58.31 60.03 53.81 55.32 28.43 29.73 62.97 64.94 136.01 138.01 8.06 8.06 86.68 88.65 21.93 23.77 38.64 40.61 25.18 25.02 144.28 146.28 130.5 132.44 98.67 99.3 94.76 96.75 98.35 100.24 
70.35 70.18 71.34 71.18 72.34 72.17 73.33 73.17 74.33 74.17 75.33 75.17 76.32 76.16 9.22 7.28 9.06 7.07 69.89 71.78 84.1 86.09 66.64 65.8 60.54 58.69 0.0 2.0 24.41 22.8 89.36 91.35 42.15 40.31 31.3 33.11 63.25 65.15 79.91 81.88 62.1 62.64 31.26 33.24 24.33 22.36 33.24 33.06 25.3 24.74 13.89 12.21 74.55 76.53 83.74 83.36 47.04 49.04 80.36 79.81 8.06 7.28 19.1 17.69 36.01 34.01 14.42 15.62 84.65 86.59 51.88 50.99 31.58 33.54 63.07 63.01 49.34 49.98 38.95 37.64 91.08 93.06 73.33 75.33 40.61 41.0 41.48 43.42 40.02 41.98 
70.58 70.35 71.57 71.34 72.56 72.34 73.55 73.33 74.55 74.33 75.54 75.33 76.53 76.32 11.18 9.22 11.05 9.06 70.58 72.45 84.21 86.21 67.54 66.64 61.33 59.51 2.0 0.0 23.32 21.63 89.56 91.55 41.44 39.56 32.25 34.0 63.91 65.79 79.63 81.61 61.61 62.1 31.06 33.06 24.74 22.8 33.54 33.24 26.0 25.3 15.65 13.89 74.33 76.32 84.17 83.74 47.17 49.16 80.96 80.36 6.4 5.39 17.8 16.28 36.12 34.13 16.12 17.2 85.16 87.09 52.84 51.88 32.02 33.96 63.2 63.07 48.76 49.34 40.31 38.95 91.41 93.38 73.17 75.17 40.31 40.61 42.06 43.97 39.62 41.59 
92.42 91.98 93.39 92.96 94.37 93.94 95.34 94.92 96.32 95.9 97.29 96.88 98.27 97.86 29.21 27.66 29.83 28.32 93.62 95.46 105.55 107.52 58.73 57.28 51.62 50.25 24.41 23.32 0.0 2.0 111.2 113.16 19.1 17.12 55.57 57.31 86.93 88.77 99.02 101.02 40.05 40.2 51.97 53.94 18.44 18.11 55.97 55.36 22.36 20.4 37.48 36.12 94.13 96.13 106.61 106.04 68.88 70.83 103.82 103.12 17.46 19.31 6.08 8.06 21.93 20.52 38.21 39.7 107.84 109.73 46.04 44.41 54.78 56.65 46.24 45.54 27.02 27.17 41.0 39.05 113.51 115.45 93.26 95.26 60.41 60.21 65.0 66.85 59.21 61.2 
90.47 90.03 91.44 91.01 92.42 91.98 93.39 92.96 94.37 93.94 95.34 94.92 96.32 95.9 28.02 26.4 28.6 27.02 91.79 93.62 103.58 105.55 60.11 58.69 53.04 51.62 22.8 21.63 2.0 0.0 109.24 111.2 21.1 19.1 53.85 55.57 85.09 86.93 97.02 99.02 42.05 42.19 50.01 51.97 18.97 18.44 54.08 53.45 22.8 20.88 36.07 34.66 92.14 94.13 104.69 104.12 66.94 68.88 101.95 101.24 15.65 17.46 4.12 6.08 23.43 21.93 36.77 38.21 105.95 107.84 47.2 45.61 52.92 54.78 48.1 47.43 29.02 29.15 41.48 39.56 111.57 113.51 91.27 93.26 58.42 58.22 63.16 65.0 57.22 59.21 
19.03 19.24 18.03 18.25 17.03 17.26 16.03 16.28 15.03 15.3 14.04 14.32 13.04 13.34 91.01 91.01 90.01 90.01 27.46 25.81 6.4 5.0 150.47 150.21 145.77 143.78 89.36 89.56 111.2 109.24 0.0 2.0 130.23 128.27 61.29 59.3 31.38 29.55 22.36 21.54 150.92 151.25 59.23 57.27 113.07 111.07 56.14 56.32 113.0 113.02 82.1 82.02 22.67 21.4 11.4 9.9 42.43 40.45 19.21 17.69 94.2 92.23 105.12 103.16 125.2 123.2 81.1 79.1 14.76 13.93 135.94 135.72 58.03 56.04 152.08 152.16 137.93 138.28 119.36 119.08 6.08 6.71 21.93 20.52 51.24 51.87 49.09 47.1 52.81 50.92 
21.02 21.21 20.02 20.22 19.03 19.24 18.03 18.25 17.03 17.26 16.03 16.28 15.03 15.3 93.01 93.01 92.01 92.01 29.15 27.46 8.06 6.4 152.45 152.19 147.76 145.77 91.35 91.55 113.16 111.2 2.0 0.0 132.2 130.23 63.29 61.29 33.24 31.38 23.32 22.36 152.9 153.22 61.19 59.23 115.07 113.07 58.14 58.31 115.0 115.02 84.1 84.02 24.04 22.67 12.73 11.4 44.41 42.43 20.52 19.1 96.18 94.2 107.08 105.12 127.19 125.2 83.1 81.1 15.81 14.76 137.93 137.71 60.03 58.03 154.08 154.16 139.9 140.25 121.34 121.06 6.08 6.08 23.43 21.93 53.16 53.76 51.09 49.09 54.71 52.81 
111.4 111.0 112.38 111.99 113.36 112.97 114.34 113.95 115.32 114.93 116.3 115.92 117.28 116.9 44.65 43.57 45.49 44.42 112.01 113.89 124.62 126.59 49.66 47.85 42.54 41.79 42.15 41.44 19.1 21.1 130.23 132.2 0.0 2.0 73.41 75.24 105.34 107.22 118.07 120.07 21.0 21.1 71.02 72.99 25.0 26.25 74.73 74.22 28.3 26.63 53.85 52.84 113.22 115.21 125.42 124.91 87.86 89.82 122.38 121.76 36.14 38.08 25.18 27.17 17.26 17.72 54.71 56.44 126.53 128.44 40.61 38.64 73.38 75.29 30.61 29.41 8.06 8.06 43.17 41.23 132.44 134.39 112.36 114.35 79.51 79.31 83.49 85.38 78.31 80.31 
109.44 109.04 110.42 110.02 111.4 111.0 112.38 111.99 113.36 112.97 114.34 113.95 115.32 114.93 43.01 41.88 43.83 42.72 110.14 112.01 122.64 124.62 50.54 48.76 43.38 42.54 40.31 39.56 17.12 19.1 128.27 130.23 2.0 0.0 71.59 73.41 103.46 105.34 116.07 118.07 23.0 23.09 69.05 71.02 23.85 25.0 72.8 72.28 27.29 25.55 52.15 51.11 111.22 113.22 123.49 122.97 85.91 87.86 120.49 119.85 34.21 36.14 23.19 25.18 17.03 17.26 53.0 54.71 124.62 126.53 41.0 39.05 71.47 73.38 32.2 31.06 10.05 10.05 42.76 40.79 130.5 132.44 110.37 112.36 77.52 77.32 81.6 83.49 76.32 78.31 
42.58 42.95 43.57 43.93 44.55 44.91 45.54 45.89 46.53 46.87 47.52 47.85 48.51 48.84 30.41 30.81 29.43 29.83 39.05 41.0 56.89 58.86 89.27 88.96 84.48 82.49 31.3 32.25 55.57 53.85 61.29 63.29 73.41 71.59 0.0 2.0 32.56 34.53 57.25 59.03 92.97 93.64 18.25 18.68 52.95 50.99 11.18 13.0 52.35 52.61 21.1 21.38 51.43 53.23 54.08 54.01 22.47 24.19 49.82 49.5 38.28 36.62 49.93 48.26 65.31 63.35 20.1 18.11 54.45 56.44 74.67 74.43 8.54 9.43 91.66 91.92 80.41 81.15 58.25 57.87 62.0 64.0 49.66 51.48 24.19 25.94 12.37 14.32 25.5 26.42 
40.61 41.0 41.59 41.98 42.58 42.95 43.57 43.93 44.55 44.91 45.54 45.89 46.53 46.87 32.39 32.76 31.4 31.78 37.11 39.05 54.92 56.89 91.24 90.93 86.47 84.48 33.11 34.0 57.31 55.57 59.3 61.29 75.24 73.41 2.0 0.0 30.59 32.56 55.47 57.25 94.87 95.52 18.03 18.25 54.92 52.95 10.44 12.37 54.33 54.59 23.09 23.35 49.65 51.43 52.09 52.01 20.81 22.47 47.85 47.52 39.96 38.28 51.62 49.93 67.27 65.31 22.09 20.1 52.47 54.45 76.66 76.42 8.06 8.54 93.65 93.9 82.28 83.01 60.21 59.84 60.0 62.0 47.85 49.66 23.26 25.08 10.44 12.37 24.7 25.5 
16.4 18.03 17.03 18.6 17.69 19.21 18.38 19.85 19.1 20.52 19.85 21.21 20.62 21.93 62.97 63.35 61.98 62.37 6.71 8.54 28.84 30.53 120.34 120.2 116.04 114.04 63.25 63.91 86.93 85.09 31.38 33.24 105.34 103.46 32.56 30.59 0.0 2.0 37.22 38.28 125.28 125.87 37.64 36.12 85.51 83.55 31.38 32.45 84.85 85.16 53.6 53.94 32.2 33.12 22.2 22.56 22.2 21.1 17.26 17.03 69.46 67.62 81.02 79.2 97.86 95.9 52.61 50.64 22.02 24.02 106.08 106.02 32.2 30.41 124.17 124.46 112.58 113.22 89.2 89.09 30.59 32.56 29.97 30.89 33.6 35.23 21.93 20.12 35.81 34.67 
15.26 17.0 15.81 17.49 16.4 18.03 17.03 18.6 17.69 19.21 18.38 19.85 19.1 20.52 64.94 65.31 63.95 64.33 5.0 6.71 27.2 28.84 122.33 122.2 118.04 116.04 65.15 65.79 88.77 86.93 29.55 31.38 107.22 105.34 34.53 32.56 2.0 0.0 36.24 37.22 127.2 127.78 39.2 37.64 87.48 85.51 33.12 34.13 86.83 87.13 55.58 55.9 31.38 32.2 20.22 20.62 23.43 22.2 15.3 15.03 71.31 69.46 82.86 81.02 99.82 97.86 54.59 52.61 20.02 22.02 108.07 108.02 34.01 32.2 126.15 126.44 114.48 115.11 91.2 91.09 28.64 30.59 29.15 29.97 34.83 36.4 23.77 21.93 37.01 35.81 
21.02 19.24 20.62 18.79 20.25 18.38 19.92 18.03 19.65 17.72 19.42 17.46 19.24 17.26 83.68 83.2 82.71 82.23 37.34 36.69 16.76 17.46 144.92 144.37 139.46 137.53 79.91 79.63 99.02 97.02 22.36 23.32 118.07 116.07 57.25 55.47 37.22 36.24 0.0 2.0 139.06 139.13 48.66 46.69 104.24 102.26 48.7 48.08 104.92 104.56 75.89 75.29 5.83 4.24 29.15 27.17 34.93 33.11 35.06 33.06 83.15 81.15 93.01 91.01 115.73 113.75 74.95 73.05 33.14 33.38 130.08 129.54 51.26 49.4 142.79 142.59 126.04 126.1 114.49 113.84 28.23 29.07 7.81 6.4 39.32 39.12 45.28 43.57 40.11 38.12 
21.95 20.25 21.47 19.72 21.02 19.24 20.62 18.79 20.25 18.38 19.92 18.03 19.65 17.72 85.62 85.15 84.65 84.17 38.08 37.34 16.28 16.76 146.84 146.29 141.4 139.46 81.88 81.61 101.02 99.02 21.54 22.36 120.07 118.07 59.03 57.25 38.28 37.22 2.0 0.0 141.06 141.13 50.64 48.66 106.21 104.24 50.6 50.0 106.89 106.53 77.79 77.2 7.62 5.83 29.02 27.02 36.77 34.93 35.23 33.24 85.15 83.15 95.01 93.01 117.72 115.73 76.84 74.95 33.02 33.14 132.0 131.47 53.14 51.26 144.78 144.59 128.04 128.1 116.38 115.74 27.51 28.23 9.43 7.81 41.3 41.11 47.01 45.28 42.11 40.11 
132.02 131.69 133.0 132.67 133.99 133.66 134.97 134.65 135.96 135.64 136.95 136.62 137.93 137.61 63.16 62.39 64.08 63.32 131.9 133.81 145.38 147.36 45.0 43.0 39.2 39.46 62.1 61.61 40.05 42.05 150.92 152.9 21.0 23.0 92.97 94.87 125.28 127.2 139.06 141.06 0.0 2.0 91.79 93.77 41.18 42.94 95.13 94.73 43.27 42.19 72.62 71.87 134.18 136.18 145.78 145.34 108.5 110.48 142.44 141.91 56.72 58.69 46.1 48.09 29.41 31.06 73.54 75.39 146.74 148.68 42.38 40.5 93.62 95.57 19.24 17.26 13.04 13.04 52.2 50.61 152.97 154.93 133.3 135.3 100.4 100.24 103.58 105.51 99.25 101.24 
132.38 132.02 133.36 133.0 134.35 133.99 135.33 134.97 136.31 135.96 137.3 136.95 138.28 137.93 63.98 63.16 64.88 64.08 132.5 134.41 145.67 147.65 47.0 45.0 41.19 41.44 62.64 62.1 40.2 42.19 151.25 153.22 21.1 23.09 93.64 95.52 125.87 127.78 139.13 141.13 2.0 0.0 92.07 94.05 42.19 43.91 95.57 95.13 44.41 43.27 73.41 72.62 134.3 136.3 146.25 145.78 108.85 110.82 143.0 142.44 57.07 59.03 46.27 48.26 30.61 32.2 74.32 76.16 147.26 149.19 44.27 42.38 94.11 96.05 21.21 19.24 13.34 13.04 53.82 52.2 153.38 155.33 133.45 135.45 100.6 100.4 104.12 106.04 99.41 101.4 
40.52 40.02 41.48 41.0 42.45 41.98 43.42 42.95 44.38 43.93 45.35 44.91 46.32 45.89 35.47 34.79 34.54 33.84 44.2 45.8 53.6 55.58 96.8 96.14 91.09 89.19 31.26 31.06 51.97 50.01 59.23 61.19 71.02 69.05 18.25 18.03 37.64 39.2 48.66 50.64 91.79 92.07 0.0 2.0 55.58 53.6 8.25 6.32 56.29 55.9 28.84 27.78 43.29 45.28 55.15 54.42 17.09 18.97 53.34 52.35 35.13 33.14 45.89 43.93 67.19 65.19 28.02 26.4 56.8 58.6 81.93 81.27 10.0 10.2 94.26 94.13 78.77 79.08 67.08 66.21 61.68 63.6 42.11 44.1 9.49 10.3 17.49 18.6 9.43 11.18 
38.6 38.08 39.56 39.05 40.52 40.02 41.48 41.0 42.45 41.98 43.42 42.95 44.38 43.93 37.34 36.69 36.4 35.74 42.64 44.2 51.62 53.6 98.68 98.03 93.01 91.09 33.24 33.06 53.94 51.97 57.27 59.23 72.99 71.02 18.68 18.25 36.12 37.64 46.69 48.66 93.77 94.05 2.0 0.0 57.56 55.58 8.0 6.0 58.25 57.87 30.53 29.53 41.3 43.29 53.31 52.55 15.23 17.09 51.62 50.61 37.12 35.13 47.85 45.89 69.18 67.19 29.68 28.02 55.01 56.8 83.82 83.17 10.2 10.0 96.25 96.13 80.75 81.05 68.88 68.03 59.77 61.68 40.11 42.11 7.62 8.6 16.55 17.49 7.81 9.43 
94.05 94.01 95.05 95.01 96.05 96.01 97.05 97.01 98.05 98.01 99.05 99.01 100.04 100.0 22.56 22.2 23.54 23.19 91.98 93.94 108.0 110.0 43.83 42.72 37.22 35.51 24.33 24.74 18.44 18.97 113.07 115.07 25.0 23.85 52.95 54.92 85.51 87.48 104.24 106.21 41.18 42.19 55.58 57.56 0.0 2.0 57.0 57.04 4.0 2.0 32.02 31.58 98.86 100.84 106.79 106.57 71.03 73.03 102.77 102.42 22.83 24.6 19.72 20.81 12.37 10.44 32.98 34.93 107.35 109.33 29.73 28.43 55.04 57.04 39.01 39.12 29.83 31.14 22.56 20.62 114.44 116.43 97.62 99.61 64.94 65.31 64.38 66.37 64.33 66.29 
92.05 92.01 93.05 93.01 94.05 94.01 95.05 95.01 96.05 96.01 97.05 97.01 98.05 98.01 20.62 20.22 21.59 21.21 90.03 91.98 106.0 108.0 45.49 44.42 38.95 37.22 22.36 22.8 18.11 18.44 111.07 113.07 26.25 25.0 50.99 52.95 83.55 85.51 102.26 104.24 42.94 43.91 53.6 55.58 2.0 0.0 55.0 55.04 4.47 2.83 30.08 29.61 96.88 98.86 104.81 104.58 69.03 71.03 100.81 100.45 21.1 22.83 18.79 19.72 14.32 12.37 31.05 32.98 105.38 107.35 31.24 30.0 53.04 55.04 41.01 41.11 31.4 32.65 23.09 21.19 112.45 114.44 95.63 97.62 62.97 63.35 62.39 64.38 62.37 64.33 
37.12 37.01 38.12 38.01 39.12 39.01 40.11 40.01 41.11 41.01 42.11 42.01 43.1 43.01 35.36 35.13 34.37 34.13 38.08 39.82 51.0 53.0 96.3 95.8 91.01 89.05 33.24 33.54 55.97 54.08 56.14 58.14 74.73 72.8 11.18 10.44 31.38 33.12 48.7 50.6 95.13 95.57 8.25 8.0 57.0 55.0 0.0 2.0 57.14 57.04 27.2 26.68 43.01 44.92 50.7 50.22 14.14 16.12 47.93 47.17 38.6 36.69 49.98 48.1 69.07 67.07 26.25 24.35 51.87 53.76 81.49 81.02 2.83 2.0 96.01 96.05 82.23 82.71 65.79 65.15 57.87 59.84 41.48 43.42 13.04 14.76 9.9 11.4 14.32 15.26 
37.34 37.12 38.33 38.12 39.32 39.12 40.31 40.11 41.3 41.11 42.3 42.11 43.29 43.1 35.69 35.36 34.71 34.37 39.12 40.82 51.04 53.04 96.84 96.3 91.44 89.5 33.06 33.24 55.36 53.45 56.32 58.31 74.22 72.28 13.0 12.37 32.45 34.13 48.08 50.0 94.73 95.13 6.32 6.0 57.04 55.04 2.0 0.0 57.31 57.14 27.86 27.2 42.45 44.38 51.24 50.7 14.0 16.0 48.75 47.93 38.08 36.14 49.34 47.43 69.01 67.01 26.93 25.08 52.55 54.42 82.01 81.49 4.47 4.0 96.01 96.01 81.79 82.23 66.48 65.79 58.25 60.21 41.0 42.95 11.4 13.04 11.4 12.73 12.53 13.6 
94.01 94.05 95.01 95.05 96.01 96.05 97.01 97.05 98.01 98.05 99.01 99.05 100.0 100.04 22.02 22.02 23.02 23.02 91.24 93.21 108.07 110.07 41.68 40.71 35.34 33.54 25.3 26.0 22.36 22.8 113.0 115.0 28.3 27.29 52.35 54.33 84.85 86.83 104.92 106.89 43.27 44.41 56.29 58.25 4.0 4.47 57.14 57.31 0.0 2.0 31.26 31.06 99.46 101.43 106.38 106.23 71.25 73.25 102.11 101.83 25.0 26.63 23.26 24.19 13.89 12.21 32.25 34.23 106.79 108.78 27.2 26.08 55.04 57.04 39.32 39.62 32.53 33.97 18.68 16.76 114.16 116.16 98.15 100.13 65.73 66.22 64.07 66.07 65.25 67.19 
94.01 94.01 95.01 95.01 96.01 96.01 97.01 97.01 98.01 98.01 99.01 99.01 100.0 100.0 22.2 22.02 23.19 23.02 91.59 93.56 108.02 110.02 42.72 41.68 36.24 34.48 24.74 25.3 20.4 20.88 113.02 115.02 26.63 25.55 52.61 54.59 85.16 87.13 104.56 106.53 42.19 43.27 55.9 57.87 2.0 2.83 57.04 57.14 2.0 0.0 31.58 31.26 99.14 101.12 106.57 106.38 71.11 73.11 102.42 102.11 23.85 25.55 21.47 22.47 13.0 11.18 32.56 34.53 107.06 109.04 28.43 27.2 55.0 57.0 39.12 39.32 31.14 32.53 20.62 18.68 114.28 116.28 97.87 99.85 65.31 65.73 64.2 66.19 64.76 66.71 
63.2 63.39 64.2 64.38 65.19 65.38 66.19 66.37 67.19 67.36 68.18 68.36 69.18 69.35 9.49 10.3 8.54 9.43 60.02 61.98 77.41 79.4 69.12 68.66 63.95 61.98 13.89 15.65 37.48 36.07 82.1 84.1 53.85 52.15 21.1 23.09 53.6 55.58 75.89 77.79 72.62 73.41 28.84 30.53 32.02 30.08 27.2 27.86 31.26 31.58 0.0 2.0 70.21 72.12 75.17 75.06 41.23 43.17 70.86 70.58 21.95 21.02 32.65 31.4 44.38 42.45 1.0 3.0 75.54 77.52 54.34 53.94 24.74 26.68 70.58 70.86 60.37 61.29 38.63 37.95 83.02 85.02 68.68 70.6 38.08 39.12 33.02 35.01 38.28 39.96 
63.07 63.2 64.07 64.2 65.07 65.19 66.07 66.19 67.07 67.19 68.07 68.18 69.07 69.18 9.06 9.49 8.06 8.54 60.42 62.37 77.23 79.23 69.64 69.12 64.33 62.37 12.21 13.89 36.12 34.66 82.02 84.02 52.84 51.11 21.38 23.35 53.94 55.9 75.29 77.2 71.87 72.62 27.78 29.53 31.58 29.61 26.68 27.2 31.06 31.26 2.0 0.0 69.64 71.57 75.33 75.17 40.79 42.76 71.2 70.86 20.25 19.24 31.14 29.83 43.93 41.98 2.24 3.61 75.8 77.78 54.82 54.34 24.33 26.31 70.35 70.58 59.51 60.37 39.4 38.63 83.1 85.09 68.15 70.09 37.12 38.08 33.02 35.01 37.22 38.95 
16.49 14.56 16.28 14.32 16.12 14.14 16.03 14.04 16.0 14.0 16.03 14.04 16.12 14.14 78.1 77.67 77.13 76.69 32.98 32.56 16.4 17.69 139.28 138.75 133.88 131.94 74.55 74.33 94.13 92.14 22.67 24.04 113.22 111.22 51.43 49.65 32.2 31.38 5.83 7.62 134.18 134.3 43.29 41.3 98.86 96.88 43.01 42.45 99.46 99.14 70.21 69.64 0.0 2.0 27.2 25.3 29.15 27.31 32.14 30.15 78.03 76.03 88.09 86.09 110.45 108.46 69.26 67.36 31.05 31.62 124.45 123.94 45.54 43.66 137.52 137.36 121.15 121.26 108.78 108.16 28.02 29.21 2.24 2.24 34.06 34.0 39.45 37.74 35.0 33.0 
17.09 15.23 16.76 14.87 16.49 14.56 16.28 14.32 16.12 14.14 16.03 14.04 16.0 14.0 80.05 79.62 79.08 78.64 33.53 32.98 15.26 16.4 141.21 140.68 135.82 133.88 76.53 76.32 96.13 94.13 21.4 22.67 115.21 113.22 53.23 51.43 33.12 32.2 4.24 5.83 136.18 136.3 45.28 43.29 100.84 98.86 44.92 44.38 101.43 101.12 72.12 71.57 2.0 0.0 26.68 24.74 31.02 29.15 32.02 30.02 80.02 78.03 90.09 88.09 112.45 110.45 71.17 69.26 30.59 31.05 126.38 125.88 47.43 45.54 139.52 139.36 123.15 123.26 110.68 110.06 26.93 28.02 3.61 2.24 36.06 36.0 41.18 39.45 37.0 35.0 
15.62 16.97 14.87 16.28 14.14 15.62 13.45 15.0 12.81 14.42 12.21 13.89 11.66 13.42 84.38 84.59 83.38 83.6 17.09 15.23 13.15 13.6 142.51 142.35 138.13 136.13 83.74 84.17 106.61 104.69 11.4 12.73 125.42 123.49 54.08 52.09 22.2 20.22 29.15 29.02 145.78 146.25 55.15 53.31 106.79 104.81 50.7 51.24 106.38 106.57 75.17 75.33 27.2 26.68 0.0 2.0 38.08 36.25 7.81 6.4 89.29 87.36 100.58 98.67 119.08 117.1 74.17 72.17 4.0 4.47 128.19 128.1 52.17 50.22 145.67 145.88 132.91 133.41 111.36 111.22 8.54 10.44 25.63 25.0 48.37 49.4 42.43 40.45 50.25 48.55 
14.42 15.62 13.6 14.87 12.81 14.14 12.04 13.45 11.31 12.81 10.63 12.21 10.0 11.66 84.21 84.38 83.22 83.38 17.89 16.12 11.18 11.7 142.69 142.51 138.23 136.24 83.36 83.74 106.04 104.12 9.9 11.4 124.91 122.97 54.01 52.01 22.56 20.62 27.17 27.02 145.34 145.78 54.42 52.55 106.57 104.58 50.22 50.7 106.23 106.38 75.06 75.17 25.3 24.74 2.0 0.0 37.34 35.47 9.43 7.81 88.77 86.83 100.0 98.08 118.83 116.84 74.06 72.06 6.0 6.32 128.32 128.19 51.79 49.82 145.5 145.67 132.44 132.91 111.54 111.36 8.06 10.05 23.77 23.09 47.41 48.37 42.19 40.2 49.24 47.51 
23.54 23.19 24.52 24.19 25.5 25.18 26.48 26.17 27.46 27.17 28.44 28.16 29.43 29.15 49.5 49.25 48.51 48.26 28.32 29.7 37.05 39.05 110.35 109.88 105.12 103.16 47.04 47.17 68.88 66.94 42.43 44.41 87.86 85.91 22.47 20.81 22.2 23.43 34.93 36.77 108.5 108.85 17.09 15.23 71.03 69.03 14.14 14.0 71.25 71.11 41.23 40.79 29.15 31.02 38.08 37.34 0.0 2.0 36.62 35.51 51.79 49.82 62.82 60.88 83.01 81.01 40.26 38.33 39.82 41.59 95.57 95.13 16.49 14.56 110.0 110.0 95.52 95.9 79.7 79.12 44.64 46.57 27.51 29.41 11.4 13.04 11.4 10.3 13.6 12.53 
21.59 21.21 22.56 22.2 23.54 23.19 24.52 24.19 25.5 25.18 26.48 26.17 27.46 27.17 51.48 51.24 50.49 50.25 27.02 28.32 35.06 37.05 112.29 111.83 107.08 105.12 49.04 49.16 70.83 68.88 40.45 42.43 89.82 87.86 24.19 22.47 21.1 22.2 33.11 34.93 110.48 110.82 18.97 17.09 73.03 71.03 16.12 16.0 73.25 73.11 43.17 42.76 27.31 29.15 36.25 35.47 2.0 0.0 35.0 33.84 53.76 51.79 64.76 62.82 85.01 83.01 42.2 40.26 38.08 39.82 97.51 97.08 18.44 16.49 112.0 112.0 97.49 97.86 81.61 81.04 42.72 44.64 25.63 27.51 12.73 14.21 12.73 11.4 14.87 13.6 
17.46 19.31 17.09 18.97 16.76 18.68 16.49 18.44 16.28 18.25 16.12 18.11 16.03 18.03 80.23 80.6 79.25 79.62 11.0 9.0 20.25 21.02 137.13 137.06 133.0 131.0 80.36 80.96 103.82 101.95 19.21 20.52 122.38 120.49 49.82 47.85 17.26 15.3 35.06 35.23 142.44 143.0 53.34 51.62 102.77 100.81 47.93 48.75 102.11 102.42 70.86 71.2 32.14 32.02 7.81 9.43 36.62 35.0 0.0 2.0 86.38 84.5 97.86 96.01 115.12 113.16 69.87 67.9 5.39 7.28 123.0 123.0 49.04 47.17 141.42 141.72 129.69 130.29 106.04 106.0 15.81 17.49 30.27 30.07 47.63 48.92 38.9 37.0 49.68 48.17 
15.65 17.46 15.23 17.09 14.87 16.76 14.56 16.49 14.32 16.28 14.14 16.12 14.04 16.03 79.91 80.23 78.92 79.25 11.18 9.22 18.38 19.24 137.23 137.13 133.02 131.02 79.81 80.36 103.12 101.24 17.69 19.1 121.76 119.85 49.5 47.52 17.03 15.03 33.06 33.24 141.91 142.44 52.35 50.61 102.42 100.45 47.17 47.93 101.83 102.11 70.58 70.86 30.15 30.02 6.4 7.81 35.51 33.84 2.0 0.0 85.7 83.82 97.14 95.27 114.76 112.79 69.58 67.6 5.0 7.0 123.04 123.0 48.38 46.49 141.15 141.42 129.12 129.69 106.12 106.04 14.76 16.55 28.28 28.07 46.4 47.63 38.33 36.4 48.41 46.86 
75.31 74.97 76.3 75.95 77.28 76.94 78.26 77.93 79.25 78.92 80.23 79.91 81.22 80.89 16.12 14.14 16.28 14.32 76.16 78.0 88.68 90.67 66.57 65.51 60.03 58.31 8.06 6.4 17.46 15.65 94.2 96.18 36.14 34.21 38.28 39.96 69.46 71.31 83.15 85.15 56.72 57.07 35.13 37.12 22.83 21.1 38.6 38.08 25.0 23.85 21.95 20.25 78.03 80.02 89.29 88.77 51.79 53.76 86.38 85.7 0.0 2.0 11.66 10.0 32.98 31.05 22.47 23.6 90.44 92.35 52.2 51.04 37.34 39.22 59.84 59.54 43.74 44.15 41.4 39.82 96.32 98.27 77.0 79.0 44.0 44.05 47.54 49.4 43.05 45.04 
73.35 72.99 74.33 73.98 75.31 74.97 76.3 75.95 77.28 76.94 78.26 77.93 79.25 78.92 16.0 14.0 16.03 14.04 74.32 76.16 86.7 88.68 68.26 67.23 61.77 60.03 7.28 5.39 19.31 17.46 92.23 94.2 38.08 36.14 36.62 38.28 67.62 69.46 81.15 83.15 58.69 59.03 33.14 35.13 24.6 22.83 36.69 36.14 26.63 25.55 21.02 19.24 76.03 78.03 87.36 86.83 49.82 51.79 84.5 83.82 2.0 0.0 13.42 11.66 34.93 32.98 21.47 22.47 88.54 90.44 53.82 52.7 35.47 37.34 61.81 61.52 45.71 46.1 42.64 41.11 94.37 96.32 75.0 77.0 42.0 42.05 45.69 47.54 41.05 43.05 
86.35 85.91 87.32 86.88 88.29 87.86 89.27 88.84 90.24 89.82 91.22 90.8 92.2 91.78 25.06 23.32 25.55 23.85 87.73 89.55 99.46 101.43 62.29 60.96 55.32 53.81 19.1 17.8 6.08 4.12 105.12 107.08 25.18 23.19 49.93 51.62 81.02 82.86 93.01 95.01 46.1 46.27 45.89 47.85 19.72 18.79 49.98 49.34 23.26 21.47 32.65 31.14 88.09 90.09 100.58 100.0 62.82 64.76 97.86 97.14 11.66 13.42 0.0 2.0 26.08 24.41 33.3 34.66 101.84 103.73 48.92 47.42 48.85 50.7 51.55 50.96 33.06 33.24 41.79 39.92 107.45 109.38 87.21 89.2 54.33 54.15 59.09 60.93 53.15 55.15 
84.4 83.95 85.38 84.93 86.35 85.91 87.32 86.88 88.29 87.86 89.27 88.84 90.24 89.82 24.17 22.36 24.6 22.83 85.91 87.73 97.49 99.46 63.78 62.48 56.85 55.32 17.69 16.28 8.06 6.08 103.16 105.12 27.17 25.18 48.26 49.93 79.2 81.02 91.01 93.01 48.09 48.26 43.93 45.89 20.81 19.72 48.1 47.43 24.19 22.47 31.4 29.83 86.09 88.09 98.67 98.08 60.88 62.82 96.01 95.27 10.0 11.66 2.0 0.0 27.78 26.08 32.02 33.3 99.96 101.84 50.25 48.8 47.01 48.85 53.45 52.89 35.06 35.23 42.54 40.72 105.51 107.45 85.21 87.21 52.35 52.15 57.27 59.09 51.16 53.15 
106.17 106.08 107.17 107.07 108.17 108.07 109.17 109.07 110.16 110.07 111.16 111.07 112.16 112.07 34.93 34.53 35.9 35.51 104.35 106.3 120.04 122.04 36.88 35.38 29.73 28.43 36.01 36.12 21.93 23.43 125.2 127.19 17.26 17.03 65.31 67.27 97.86 99.82 115.73 117.72 29.41 30.61 67.19 69.18 12.37 14.32 69.07 69.01 13.89 13.0 44.38 43.93 110.45 112.45 119.08 118.83 83.01 85.01 115.12 114.76 32.98 34.93 26.08 27.78 0.0 2.0 45.35 47.3 119.68 121.66 25.08 23.26 67.19 69.18 27.07 27.0 19.42 21.1 25.96 24.04 126.67 128.66 109.29 111.29 76.42 76.66 76.66 78.64 75.66 77.65 
104.17 104.08 105.17 105.08 106.17 106.08 107.17 107.07 108.17 108.07 109.17 109.07 110.16 110.07 32.98 32.56 33.96 33.54 102.39 104.35 118.04 120.04 38.21 36.77 31.11 29.73 34.01 34.13 20.52 21.93 123.2 125.2 17.72 17.26 63.35 65.31 95.9 97.86 113.75 115.73 31.06 32.2 65.19 67.19 10.44 12.37 67.07 67.01 12.21 11.18 42.45 41.98 108.46 110.45 117.1 116.84 81.01 83.01 113.16 112.79 31.05 32.98 24.41 26.08 2.0 0.0 43.42 45.35 117.71 119.68 25.94 24.19 65.19 67.19 29.07 29.0 20.62 22.2 25.5 23.54 124.68 126.67 107.3 109.29 74.43 74.67 74.67 76.66 73.68 75.66 
62.2 62.39 63.2 63.39 64.2 64.38 65.19 65.38 66.19 66.37 67.19 67.36 68.18 68.36 10.44 11.18 9.49 10.3 59.03 61.0 76.42 78.41 70.09 69.63 64.94 62.97 14.42 16.12 38.21 36.77 81.1 83.1 54.71 53.0 20.1 22.09 52.61 54.59 74.95 76.84 73.54 74.32 28.02 29.68 32.98 31.05 26.25 26.93 32.25 32.56 1.0 2.24 69.26 71.17 74.17 74.06 40.26 42.2 69.87 69.58 22.47 21.47 33.3 32.02 45.35 43.42 0.0 2.0 74.55 76.53 55.32 54.92 23.77 25.71 71.57 71.85 61.27 62.18 39.56 38.9 82.02 84.02 67.72 69.64 37.22 38.28 32.02 34.01 37.44 39.12 
60.21 60.41 61.2 61.4 62.2 62.39 63.2 63.39 64.2 64.38 65.19 65.38 66.19 66.37 12.37 13.0 11.4 12.08 57.07 59.03 74.43 76.42 72.03 71.59 66.91 64.94 15.62 17.2 39.7 38.21 79.1 81.1 56.44 54.71 18.11 20.1 50.64 52.61 73.05 74.95 75.39 76.16 26.4 28.02 34.93 32.98 24.35 25.08 34.23 34.53 3.0 3.61 67.36 69.26 72.17 72.06 38.33 40.26 67.9 67.6 23.6 22.47 34.66 33.3 47.3 45.35 2.0 0.0 72.56 74.55 57.27 56.89 21.84 23.77 73.55 73.82 63.07 63.95 41.44 40.8 80.02 82.02 65.8 67.72 35.51 36.62 30.02 32.02 35.81 37.44 
18.44 20.0 17.8 19.42 17.2 18.87 16.64 18.36 16.12 17.89 15.65 17.46 15.23 17.09 84.85 85.16 83.86 84.17 16.12 14.14 17.12 17.46 142.23 142.13 138.01 136.01 84.65 85.16 107.84 105.95 14.76 15.81 126.53 124.62 54.45 52.47 22.02 20.02 33.14 33.02 146.74 147.26 56.8 55.01 107.35 105.38 51.87 52.55 106.79 107.06 75.54 75.8 31.05 30.59 4.0 6.0 39.82 38.08 5.39 5.0 90.44 88.54 101.84 99.96 119.68 117.71 74.55 72.56 0.0 2.0 128.04 128.0 53.16 51.24 146.11 146.37 133.93 134.48 111.11 111.04 10.63 12.21 29.41 28.86 50.48 51.61 43.17 41.23 52.43 50.8 
19.8 21.26 19.1 20.62 18.44 20.0 17.8 19.42 17.2 18.87 16.64 18.36 16.12 17.89 86.83 87.13 85.84 86.15 18.11 16.12 17.0 17.12 144.22 144.12 140.01 138.01 86.59 87.09 109.73 107.84 13.93 14.76 128.44 126.53 56.44 54.45 24.02 22.02 33.38 33.14 148.68 149.19 58.6 56.8 109.33 107.35 53.76 54.42 108.78 109.04 77.52 77.78 31.62 31.05 4.47 6.32 41.59 39.82 7.28 7.0 92.35 90.44 103.73 101.84 121.66 119.68 76.53 74.55 2.0 0.0 130.03 130.0 55.08 53.16 148.1 148.35 135.86 136.4 113.11 113.04 9.22 10.63 30.08 29.41 52.15 53.25 45.12 43.17 54.08 52.43 
117.24 117.55 118.23 118.53 119.22 119.52 120.21 120.51 121.2 121.49 122.19 122.48 123.18 123.47 46.49 47.17 47.43 48.1 112.0 114.0 131.53 133.51 14.87 14.32 10.05 8.06 51.88 52.84 46.04 47.2 135.94 137.93 40.61 41.0 74.67 76.66 106.08 108.07 130.08 132.0 42.38 44.27 81.93 83.82 29.73 31.24 81.49 82.01 27.2 28.43 54.34 54.82 124.45 126.38 128.19 128.32 95.57 97.51 123.0 123.04 52.2 53.82 48.92 50.25 25.08 25.94 55.32 57.27 128.04 130.03 0.0 2.0 79.08 81.02 27.02 28.6 39.01 41.01 17.12 17.0 136.37 138.36 122.97 124.91 91.42 92.11 86.98 88.96 91.18 93.05 
116.97 117.24 117.96 118.23 118.95 119.22 119.94 120.21 120.93 121.2 121.93 122.19 122.92 123.18 45.88 46.49 46.84 47.43 112.0 114.0 131.24 133.22 15.65 14.87 10.05 8.06 50.99 51.88 44.41 45.61 135.72 137.71 38.64 39.05 74.43 76.42 106.02 108.02 129.54 131.47 40.5 42.38 81.27 83.17 28.43 30.0 81.02 81.49 26.08 27.2 53.94 54.34 123.94 125.88 128.1 128.19 95.13 97.08 123.0 123.0 51.04 52.7 47.42 48.8 23.26 24.19 54.92 56.89 128.0 130.0 2.0 0.0 78.64 80.6 25.5 27.02 37.01 39.01 17.46 17.12 136.24 138.23 122.48 124.43 90.76 91.42 86.7 88.68 90.48 92.36 
39.01 39.01 40.01 40.01 41.01 41.01 42.01 42.01 43.01 43.01 44.01 44.01 45.01 45.01 33.14 33.02 32.14 32.02 38.91 40.72 53.04 55.04 93.86 93.39 88.65 86.68 31.58 32.02 54.78 52.92 58.03 60.03 73.38 71.47 8.54 8.06 32.2 34.01 51.26 53.14 93.62 94.11 10.0 10.2 55.04 53.04 2.83 4.47 55.04 55.0 24.74 24.33 45.54 47.43 52.17 51.79 16.49 18.44 49.04 48.38 37.34 35.47 48.85 47.01 67.19 65.19 23.77 21.84 53.16 55.08 79.08 78.64 0.0 2.0 94.05 94.13 80.78 81.32 63.25 62.64 59.54 61.52 43.97 45.88 15.81 17.49 10.3 12.08 17.0 18.03 
37.01 37.01 38.01 38.01 39.01 39.01 40.01 40.01 41.01 41.01 42.01 42.01 43.01 43.01 35.13 35.01 34.13 34.01 37.12 38.91 51.04 53.04 95.8 95.34 90.61 88.65 33.54 33.96 56.65 54.78 56.04 58.03 75.29 73.38 9.43 8.54 30.41 32.2 49.4 51.26 95.57 96.05 10.2 10.0 57.04 55.04 2.0 4.0 57.04 57.0 26.68 26.31 43.66 45.54 50.22 49.82 14.56 16.49 47.17 46.49 39.22 37.34 50.7 48.85 69.18 67.19 25.71 23.77 51.24 53.16 81.02 80.6 2.0 0.0 96.05 96.13 82.71 83.24 65.15 64.56 57.56 59.54 42.06 43.97 14.76 16.55 8.6 10.3 16.16 17.0 
