20
0.0 2.0 3.61 5.39 4.24 5.83 16.03 18.03 9.0 9.22 9.22 10.63 14.32 16.28 19.85 21.4 16.12 16.0 9.0 11.0 
2.0 0.0 3.0 5.0 3.16 5.1 16.28 18.25 7.0 7.28 8.06 9.22 14.87 16.76 18.6 20.25 14.14 14.0 9.22 11.18 
3.61 3.0 0.0 2.0 1.0 2.24 13.34 15.3 7.62 7.07 5.66 7.21 12.08 13.93 16.28 17.8 14.87 14.32 6.32 8.25 
5.39 5.0 2.0 0.0 2.24 1.0 11.4 13.34 8.6 7.62 4.47 6.32 10.3 12.08 14.87 16.28 15.65 14.87 4.47 6.32 
4.24 3.16 1.0 2.24 0.0 2.0 13.6 15.52 6.71 6.08 5.0 6.4 12.53 14.32 15.62 17.2 13.93 13.34 6.71 8.54 
5.83 5.1 2.24 1.0 2.0 0.0 11.7 13.6 7.81 6.71 3.61 5.39 10.82 12.53 14.14 15.62 14.76 13.93 5.0 6.71 
16.03 16.28 13.34 11.4 13.6 11.7 0.0 2.0 18.87 17.2 11.4 12.73 2.83 2.0 14.04 14.04 24.76 23.35 7.07 5.1 
18.03 18.25 15.3 13.34 15.52 13.6 2.0 0.0 20.59 18.87 13.04 14.21 4.47 2.83 14.32 14.04 26.25 24.76 9.06 7.07 
9.0 7.0 7.62 8.6 6.71 7.81 18.87 20.59 0.0 2.0 7.62 7.07 18.44 20.0 15.52 17.46 7.28 7.0 12.73 14.21 
9.22 7.28 7.07 7.62 6.08 6.71 17.2 18.87 2.0 0.0 5.83 5.1 16.97 18.44 13.6 15.52 8.06 7.28 11.4 12.73 
9.22 8.06 5.66 4.47 5.0 3.61 11.4 13.04 7.62 5.83 0.0 2.0 11.4 12.73 10.63 12.21 13.45 12.21 6.32 7.21 
10.63 9.22 7.21 6.32 6.4 5.39 12.73 14.21 7.07 5.1 2.0 0.0 13.04 14.21 9.43 11.18 12.04 10.63 8.25 8.94 
14.32 14.87 12.08 10.3 12.53 10.82 2.83 4.47 18.44 16.97 11.4 13.04 0.0 2.0 16.03 16.28 24.84 23.6 5.83 4.24 
16.28 16.76 13.93 12.08 14.32 12.53 2.0 2.83 20.0 18.44 12.73 14.21 2.0 0.0 16.03 16.03 26.17 24.84 7.62 5.83 
19.85 18.6 16.28 14.87 15.62 14.14 14.04 14.32 15.52 13.6 10.63 9.43 16.03 16.03 0.0 2.0 17.26 15.3 14.32 13.6 
21.4 20.25 17.8 16.28 17.2 15.62 14.04 14.04 17.46 15.52 12.21 11.18 16.28 16.03 2.0 0.0 19.24 17.26 15.26 14.32 
16.12 14.14 14.87 15.65 13.93 14.76 24.76 26.25 7.28 8.06 13.45 12.04 24.84 26.17 17.26 19.24 0.0 2.0 19.42 20.62 
16.0 14.0 14.32 14.87 13.34 13.93 23.35 24.76 7.0 7.28 12.21 10.63 23.6 24.84 15.3 17.26 2.0 0.0 18.36 19.42 
9.0 9.22 6.32 4.47 6.71 5.0 7.07 9.06 12.73 11.4 6.32 8.25 5.83 7.62 14.32 15.26 19.42 18.36 0.0 2.0 
11.0 11.18 8.25 6.32 8.54 6.71 5.1 7.07 14.21 12.73 7.21 8.94 4.24 5.83 13.6 14.32 20.62 19.42 2.0 0.0 
