105
0.0 2.0 1.0 2.24 2.0 2.83 3.0 3.61 4.0 4.47 74.46 76.32 105.68 107.34 75.96 76.69 38.64 40.61 51.01 51.01 14.76 13.04 41.19 43.19 12.08 11.4 14.32 13.6 108.5 108.85 122.02 122.07 78.64 78.26 70.21 72.18 79.25 80.62 29.83 31.4 104.18 104.92 117.88 117.39 58.31 60.3 9.85 11.7 96.05 97.98 79.83 81.79 48.37 50.36 99.4 101.24 86.09 86.21 69.43 71.39 129.24 130.0 21.54 22.36 125.45 127.42 57.31 57.56 83.38 85.38 80.5 82.29 115.73 117.69 100.4 102.4 77.28 79.25 129.76 129.56 123.2 123.33 75.5 77.47 26.25 24.76 67.9 69.87 60.44 61.72 16.49 16.12 117.09 119.05 68.41 70.34 120.35 121.31 44.05 45.61 107.56 108.16 91.76 91.21 95.57 
2.0 0.0 2.24 1.0 2.83 2.0 3.61 3.0 4.47 4.0 72.62 74.46 104.04 105.68 74.09 74.85 36.67 38.64 49.01 49.01 13.93 12.08 41.05 43.05 13.04 12.08 15.26 14.32 106.53 106.89 120.02 120.07 76.69 76.3 68.25 70.21 77.9 79.25 28.6 30.23 102.32 103.08 115.95 115.45 58.14 60.13 8.06 9.85 94.11 96.05 77.88 79.83 48.17 50.16 97.58 99.4 84.1 84.21 67.47 69.43 127.39 128.16 20.88 21.54 123.47 125.45 55.33 55.58 81.39 83.38 78.71 80.5 113.78 115.73 98.41 100.4 75.31 77.28 127.77 127.57 121.2 121.33 73.55 75.5 25.0 23.43 65.92 67.9 59.2 60.44 14.56 14.14 115.12 117.09 66.48 68.41 118.6 119.57 42.8 44.41 105.65 106.25 89.84 89.29 93.62 
1.0 2.24 0.0 2.0 1.0 2.24 2.0 2.83 3.0 3.61 74.85 76.69 105.12 106.78 75.61 76.32 38.47 40.45 51.04 51.0 15.65 13.89 40.2 42.19 13.0 12.37 13.42 12.65 108.34 108.67 122.0 122.04 78.85 78.45 70.04 72.01 78.52 79.91 29.07 30.61 103.82 104.55 118.14 117.63 57.31 59.3 9.49 11.4 95.8 97.74 80.05 82.0 47.38 49.37 99.01 100.85 86.05 86.15 69.23 71.2 128.88 129.62 20.62 21.47 125.6 127.58 57.22 57.43 83.49 85.48 80.06 81.86 115.52 117.48 100.5 102.49 77.1 79.08 129.87 129.65 123.15 123.26 75.31 77.28 27.02 25.5 68.07 70.04 59.67 60.96 16.76 16.28 116.9 118.87 68.15 70.09 119.88 120.83 43.28 44.82 107.28 107.86 92.05 91.48 95.8 
2.24 1.0 2.0 0.0 2.24 1.0 2.83 2.0 3.61 3.0 73.01 74.85 103.47 105.12 73.74 74.46 36.5 38.47 49.04 49.0 14.87 13.0 40.05 42.05 13.89 13.0 14.42 13.42 106.37 106.71 120.0 120.04 76.9 76.49 68.07 70.04 77.16 78.52 27.8 29.41 101.95 102.69 116.21 115.69 57.14 59.14 7.62 9.49 93.86 95.8 78.1 80.05 47.17 49.16 97.17 99.01 84.05 84.15 67.27 69.23 127.02 127.77 19.92 20.62 123.63 125.6 55.23 55.44 81.5 83.49 78.26 80.06 113.56 115.52 98.51 100.5 75.13 77.1 127.88 127.66 121.15 121.26 73.35 75.31 25.81 24.21 66.1 68.07 58.41 59.67 14.87 14.32 114.93 116.9 66.22 68.15 118.12 119.08 42.01 43.6 105.36 105.95 90.14 89.56 93.86 
2.0 2.83 1.0 2.24 0.0 2.0 1.0 2.24 2.0 2.83 75.24 77.08 104.56 106.23 75.27 75.96 38.33 40.31 51.09 51.01 16.55 14.76 39.2 41.19 13.93 13.34 12.53 11.7 108.19 108.5 122.0 122.02 79.08 78.64 69.87 71.85 77.79 79.2 28.32 29.83 103.46 104.18 118.41 117.88 56.32 58.31 9.22 11.18 95.57 97.51 80.28 82.23 46.39 48.37 98.62 100.46 86.02 86.09 69.05 71.02 128.51 129.24 19.7 20.59 125.77 127.74 57.14 57.31 83.6 85.59 79.62 81.44 115.32 117.28 100.6 102.59 76.94 78.92 129.99 129.76 123.1 123.2 75.13 77.1 27.8 26.25 68.25 70.21 58.9 60.21 17.09 16.49 116.73 118.7 67.91 69.86 119.42 120.35 42.52 44.05 107.0 107.56 92.35 91.76 96.05 
2.83 2.0 2.24 1.0 2.0 0.0 2.24 1.0 2.83 2.0 73.41 75.24 102.9 104.56 73.39 74.09 36.35 38.33 49.09 49.01 15.81 13.93 39.05 41.05 14.76 13.93 13.6 12.53 106.21 106.53 120.0 120.02 77.13 76.69 67.9 69.87 76.42 77.79 27.02 28.6 101.59 102.32 116.48 115.95 56.14 58.14 7.28 9.22 93.62 95.57 78.34 80.28 46.17 48.17 96.77 98.62 84.02 84.1 67.08 69.05 126.65 127.39 18.97 19.7 123.79 125.77 55.15 55.33 81.61 83.6 77.82 79.62 113.36 115.32 98.62 100.6 74.97 76.94 128.0 127.77 121.1 121.2 73.16 75.13 26.63 25.0 66.29 68.25 57.63 58.9 15.23 14.56 114.76 116.73 65.97 67.91 117.65 118.6 41.23 42.8 105.08 105.65 90.44 89.84 94.11 
3.0 3.61 2.0 2.83 1.0 2.24 0.0 2.0 1.0 2.24 75.64 77.47 104.01 105.69 74.95 75.61 38.21 40.2 51.16 51.04 17.46 15.65 38.21 40.2 14.87 14.32 11.66 10.77 108.05 108.34 122.0 122.0 79.31 78.85 69.72 71.7 77.08 78.49 27.59 29.07 103.12 103.82 118.68 118.14 55.33 57.31 9.06 11.05 95.34 97.29 80.52 82.46 45.4 47.38 98.23 100.09 86.01 86.05 68.88 70.86 128.16 128.88 18.79 19.72 125.94 127.91 57.08 57.22 83.73 85.71 79.2 81.02 115.12 117.09 100.72 102.7 76.79 78.77 130.12 129.87 123.07 123.15 74.97 76.94 28.6 27.02 68.45 70.41 58.14 59.46 17.46 16.76 116.56 118.53 67.68 69.63 118.96 119.88 41.77 43.28 106.74 107.28 92.66 92.05 96.3 
3.61 3.0 2.83 2.0 2.24 1.0 2.0 0.0 2.24 1.0 73.82 75.64 102.34 104.01 73.05 73.74 36.22 38.21 49.16 49.04 16.76 14.87 38.05 40.05 15.65 14.87 12.81 11.66 106.07 106.37 120.0 120.0 77.37 76.9 67.74 69.72 75.69 77.08 26.25 27.8 101.24 101.95 116.76 116.21 55.15 57.14 7.07 9.06 93.39 95.34 78.59 80.52 45.18 47.17 96.38 98.23 84.01 84.05 66.91 68.88 126.29 127.02 18.03 18.79 123.97 125.94 55.08 55.23 81.74 83.73 77.39 79.2 113.16 115.12 98.73 100.72 74.81 76.79 128.13 127.88 121.07 121.15 72.99 74.97 27.46 25.81 66.49 68.45 56.85 58.14 15.65 14.87 114.59 116.56 65.73 67.68 117.18 118.12 40.46 42.01 104.81 105.36 90.76 90.14 94.37 
4.0 4.47 3.0 3.61 2.0 2.83 1.0 2.24 0.0 2.0 76.06 77.88 103.46 105.15 74.63 75.27 38.12 40.11 51.24 51.09 18.38 16.55 37.22 39.2 15.81 15.3 10.82 9.85 107.91 108.19 122.02 122.0 79.56 79.08 69.58 71.57 76.37 77.79 26.87 28.32 102.79 103.46 118.96 118.41 54.33 56.32 9.0 11.0 95.13 97.08 80.78 82.71 44.41 46.39 97.86 99.72 86.0 86.02 68.73 70.71 127.81 128.51 17.89 18.87 126.12 128.08 57.04 57.14 83.86 85.84 78.79 80.62 114.93 116.9 100.84 102.83 76.66 78.64 130.25 129.99 123.04 123.1 74.81 76.79 29.41 27.8 68.66 70.61 57.38 58.73 17.89 17.09 116.4 118.38 67.47 69.43 118.51 119.42 41.04 42.52 106.48 107.0 92.97 92.35 96.57 
4.47 4.0 3.61 3.0 2.83 2.0 2.24 1.0 2.0 0.0 74.25 76.06 101.79 103.46 72.73 73.39 36.12 38.12 49.25 49.09 17.72 15.81 37.05 39.05 16.55 15.81 12.04 10.82 105.93 106.21 120.02 120.0 77.62 77.13 67.6 69.58 74.97 76.37 25.5 27.02 100.9 101.59 117.05 116.48 54.15 56.14 7.0 9.0 93.17 95.13 78.85 80.78 44.18 46.17 96.01 97.86 84.0 84.02 66.75 68.73 125.94 126.65 17.09 17.89 124.15 126.12 55.04 55.15 81.88 83.86 76.97 78.79 112.97 114.93 98.86 100.84 74.67 76.66 128.27 128.0 121.04 121.1 72.84 74.81 28.3 26.63 66.71 68.66 56.08 57.38 16.12 15.23 114.42 116.4 65.51 67.47 116.73 117.65 39.7 41.23 104.55 105.08 91.08 90.44 94.64 
74.46 72.62 74.85 73.01 75.24 73.41 75.64 73.82 76.06 74.25 0.0 2.0 89.82 90.24 55.04 57.04 46.75 45.45 32.45 34.13 63.79 64.29 94.79 96.26 75.93 73.98 85.48 83.73 59.67 61.22 60.9 61.91 14.42 16.12 41.0 41.05 87.3 86.98 71.42 72.86 71.69 73.54 45.04 45.0 106.61 108.23 68.0 66.24 57.27 58.14 14.21 15.56 98.72 100.26 71.47 72.11 36.24 38.01 42.01 42.01 91.53 93.19 77.62 76.06 55.73 57.71 36.06 37.95 24.41 25.61 64.07 64.2 68.88 70.18 36.36 38.08 42.58 42.95 61.61 62.1 64.35 65.46 43.29 43.57 52.61 52.95 17.12 17.0 81.15 80.41 58.18 59.03 67.94 69.31 46.1 46.01 92.7 94.54 74.33 76.01 68.1 69.84 19.1 19.42 24.74 
76.32 74.46 76.69 74.85 77.08 75.24 77.47 75.64 77.88 76.06 2.0 0.0 89.44 89.82 55.0 57.0 48.1 46.75 33.6 35.23 65.73 66.22 96.18 97.62 77.88 75.93 87.24 85.48 58.41 60.0 59.17 60.21 13.42 15.23 41.05 41.0 87.66 87.3 72.84 74.25 70.94 72.8 43.05 43.0 107.8 109.4 69.77 68.0 56.46 57.27 13.04 14.21 100.0 101.53 70.88 71.47 35.34 37.16 42.11 42.01 90.43 92.11 79.2 77.62 53.76 55.73 36.77 38.63 23.32 24.41 64.01 64.07 67.62 68.88 34.67 36.36 42.3 42.58 59.67 60.17 62.68 63.82 43.1 43.29 54.59 54.92 17.46 17.12 81.94 81.15 60.01 60.84 66.6 67.94 46.27 46.1 91.92 93.78 75.45 77.1 67.12 68.88 17.12 17.46 22.8 
105.68 104.04 105.12 103.47 104.56 102.9 104.01 102.34 103.46 101.79 89.82 89.44 0.0 2.0 36.67 34.89 72.18 70.84 70.83 69.12 108.3 106.96 85.15 84.72 116.21 114.63 104.2 102.42 46.52 44.72 67.74 66.04 76.66 74.67 50.33 49.65 33.06 31.06 77.41 76.48 24.17 22.36 93.96 92.05 81.02 81.0 96.02 94.4 36.5 36.88 77.52 77.32 81.88 81.61 20.4 20.88 56.01 54.01 49.77 49.04 35.11 34.48 88.55 86.77 87.24 88.1 61.77 60.03 68.12 68.03 28.3 27.29 43.6 44.82 70.21 70.61 47.3 46.87 85.09 83.35 64.07 62.43 46.84 46.32 106.3 104.8 73.76 73.25 50.7 48.76 95.59 94.26 47.2 48.41 46.96 46.1 19.24 19.03 64.47 63.69 33.12 31.38 86.01 84.01 82.22 
107.34 105.68 106.78 105.12 106.23 104.56 105.69 104.01 105.15 103.46 90.24 89.82 2.0 0.0 37.59 35.85 73.55 72.18 71.87 70.18 109.79 108.47 87.1 86.68 117.8 116.21 105.99 104.2 45.69 43.86 66.73 65.0 76.94 74.97 51.08 50.33 35.06 33.06 79.18 78.26 23.41 21.54 93.41 91.48 83.02 83.0 97.65 96.02 36.22 36.5 77.78 77.52 83.86 83.6 20.1 20.4 56.08 54.08 50.57 49.77 33.24 32.57 90.34 88.55 86.41 87.24 62.77 61.06 68.26 68.12 29.41 28.3 42.44 43.6 69.87 70.21 47.8 47.3 84.12 82.37 62.97 61.29 47.43 46.84 107.63 106.15 74.33 73.76 52.63 50.7 97.08 95.78 46.04 47.2 47.89 46.96 17.26 17.03 66.31 65.55 32.2 30.41 86.01 84.01 82.1 
75.96 74.09 75.61 73.74 75.27 73.39 74.95 73.05 74.63 72.73 55.04 55.0 36.67 37.59 0.0 2.0 38.59 36.89 34.41 32.8 75.47 74.43 68.45 68.88 84.97 83.19 78.26 76.3 37.11 36.67 56.8 55.95 43.42 41.44 14.14 14.0 35.36 34.44 52.15 52.04 28.23 29.07 71.4 69.81 72.01 72.9 66.13 64.26 22.2 24.19 44.55 44.91 68.31 68.95 23.85 25.55 27.46 25.81 13.34 13.04 53.31 54.13 63.39 61.4 70.18 71.7 25.24 23.6 37.0 37.7 9.06 9.49 42.05 44.05 46.23 47.51 13.93 14.76 71.03 69.89 55.71 55.03 12.37 13.0 71.59 70.29 38.21 38.05 38.59 36.89 63.13 62.18 44.28 46.27 10.3 9.49 46.1 47.42 43.57 43.93 32.25 32.56 55.66 53.76 53.71 
76.69 74.85 76.32 74.46 75.96 74.09 75.61 73.74 75.27 73.39 57.04 57.0 34.89 35.85 2.0 0.0 39.66 38.01 36.06 34.41 76.55 75.47 68.07 68.45 85.88 84.12 78.64 76.69 37.64 37.11 57.71 56.8 45.4 43.42 16.12 16.0 33.62 32.65 52.35 52.15 27.51 28.23 73.01 71.4 71.18 72.01 66.85 65.0 22.56 24.52 46.53 46.87 67.72 68.31 22.83 24.6 29.15 27.46 15.3 15.03 52.55 53.31 63.64 61.66 71.51 73.0 26.93 25.24 38.9 39.56 7.07 7.62 42.19 44.18 47.8 49.04 15.81 16.55 72.2 71.03 56.46 55.71 14.32 14.87 72.92 71.59 40.2 40.05 37.59 35.85 64.14 63.13 44.55 46.53 12.08 11.4 44.82 46.1 43.29 43.57 32.06 32.25 57.57 55.66 55.54 
38.64 36.67 38.47 36.5 38.33 36.35 38.21 36.22 38.12 36.12 46.75 48.1 72.18 73.55 38.59 39.66 0.0 2.0 15.26 14.32 36.89 35.85 48.08 49.52 46.62 44.78 44.41 42.43 69.87 70.21 84.15 84.05 45.28 44.29 31.58 33.54 53.45 54.08 24.84 26.17 66.65 67.6 84.53 83.67 60.21 61.91 29.15 27.17 57.57 59.48 46.65 48.37 52.01 53.6 62.43 64.14 48.09 48.01 30.81 32.76 91.68 92.59 32.7 30.87 89.84 91.76 19.03 19.03 47.43 49.34 44.69 46.23 77.13 79.08 64.03 65.97 38.64 40.61 93.39 92.96 85.0 85.02 36.88 38.83 34.21 32.65 34.13 35.85 40.0 40.05 24.6 23.77 78.45 80.41 30.08 31.95 84.4 85.6 28.79 30.68 69.29 70.01 59.91 58.83 62.18 
40.61 38.64 40.45 38.47 40.31 38.33 40.2 38.21 40.11 38.12 45.45 46.75 70.84 72.18 36.89 38.01 2.0 0.0 13.6 12.53 38.59 37.59 49.52 50.91 48.47 46.62 46.39 44.41 67.9 68.25 82.15 82.05 43.57 42.54 29.61 31.58 52.89 53.45 26.4 27.66 64.88 65.86 82.73 81.86 61.29 62.97 31.14 29.15 55.66 57.57 44.94 46.65 53.26 54.82 60.75 62.43 46.1 46.01 28.86 30.81 89.89 90.82 34.54 32.7 87.93 89.84 17.03 17.03 45.54 47.43 43.19 44.69 75.19 77.13 62.1 64.03 36.67 38.64 91.44 91.01 83.0 83.02 34.93 36.88 35.47 33.97 32.45 34.13 40.05 40.0 26.4 25.63 76.49 78.45 28.23 30.08 82.8 84.02 29.55 31.38 67.42 68.15 58.25 57.14 60.42 
51.01 49.01 51.04 49.04 51.09 49.09 51.16 49.16 51.24 49.25 32.45 33.6 70.83 71.87 34.41 36.06 15.26 13.6 0.0 2.0 45.61 45.12 63.03 64.38 56.89 54.92 58.69 56.75 59.14 59.81 71.06 71.18 30.02 29.07 22.8 24.41 59.08 59.21 40.0 41.23 60.31 61.62 69.35 68.54 74.2 75.8 42.3 40.31 48.88 50.61 31.38 33.12 66.53 68.01 57.28 58.69 35.36 35.69 22.67 24.21 84.63 85.8 47.85 46.07 75.19 77.13 9.22 10.82 32.76 34.71 42.54 43.57 67.23 69.08 49.65 51.62 29.15 30.89 79.08 78.77 72.44 72.69 28.02 29.68 38.95 38.01 18.87 20.59 49.73 49.24 35.13 35.01 68.01 69.89 24.21 25.5 79.93 81.39 41.88 43.57 61.06 62.13 44.65 43.57 46.96 
51.01 49.01 51.0 49.0 51.01 49.01 51.04 49.04 51.09 49.09 34.13 35.23 69.12 70.18 32.8 34.41 14.32 12.53 2.0 0.0 46.17 45.61 61.72 63.03 57.27 55.32 58.25 56.29 58.52 59.14 71.01 71.06 31.06 30.02 21.63 23.32 57.08 57.22 38.83 40.0 59.03 60.31 70.21 69.35 72.62 74.2 42.11 40.11 47.89 49.65 32.45 34.13 65.07 66.53 55.87 57.31 35.13 35.36 21.4 23.02 83.49 84.63 47.01 45.19 75.69 77.62 7.81 9.22 33.24 35.17 40.82 41.88 66.48 68.35 50.01 51.97 28.18 29.97 79.43 79.08 72.25 72.44 26.93 28.65 39.96 38.95 20.0 21.63 47.8 47.3 35.36 35.13 67.36 69.26 22.67 24.04 78.49 79.93 40.22 41.88 60.03 61.06 45.8 44.65 47.89 
14.76 13.93 15.65 14.87 16.55 15.81 17.46 16.76 18.38 17.72 63.79 65.73 108.3 109.79 75.47 76.55 36.89 38.59 45.61 46.17 0.0 2.0 54.08 56.08 12.17 10.2 29.07 28.23 104.69 105.3 115.97 116.25 70.06 70.01 67.23 69.08 85.15 86.27 37.95 39.85 103.45 104.45 108.34 108.05 71.01 73.01 17.12 17.46 93.62 95.46 71.11 73.11 61.01 63.01 99.32 101.02 80.81 81.25 66.71 68.54 128.41 129.38 33.02 33.14 117.15 119.15 53.49 54.23 76.16 78.16 81.4 83.01 112.61 114.49 93.09 95.08 74.09 75.96 122.0 122.0 117.71 118.07 72.62 74.46 12.21 11.18 60.03 62.03 67.54 68.48 12.73 14.21 113.53 115.43 66.65 68.43 121.25 122.41 51.48 53.31 105.6 106.45 82.04 81.74 86.47 
13.04 12.08 13.89 13.0 14.76 13.93 15.65 14.87 16.55 15.81 64.29 66.22 106.96 108.47 74.43 75.47 35.85 37.59 45.12 45.61 2.0 0.0 52.09 54.08 12.0 10.0 27.29 26.4 104.12 104.69 115.73 115.97 70.18 70.06 66.48 68.35 83.49 84.63 36.06 37.95 102.47 103.45 108.67 108.34 69.01 71.01 15.13 15.52 92.85 94.7 71.25 73.25 59.01 61.01 98.27 99.98 80.41 80.81 65.92 67.78 127.48 128.41 31.02 31.14 117.27 119.27 52.81 53.49 76.06 78.06 80.21 81.84 111.95 113.84 93.02 95.02 73.39 75.27 122.04 122.0 117.39 117.71 71.87 73.74 13.45 12.21 60.0 62.0 65.76 66.73 11.4 12.73 112.93 114.84 65.74 67.54 120.1 121.25 49.66 51.48 104.79 105.6 82.38 82.04 86.7 
41.19 41.05 40.2 40.05 39.2 39.05 38.21 38.05 37.22 37.05 94.79 96.18 85.15 87.1 68.45 68.07 48.08 49.52 63.03 61.72 54.08 52.09 0.0 2.0 52.77 52.47 29.73 29.12 105.54 105.12 124.28 123.66 92.62 91.4 70.77 72.62 52.81 54.71 23.43 21.93 93.05 93.01 130.92 129.85 17.12 19.1 37.34 37.66 90.61 92.57 94.02 95.6 7.28 9.22 87.01 89.01 89.96 89.16 69.46 71.31 116.21 116.35 21.38 21.84 134.16 135.96 63.51 62.43 92.96 94.67 68.18 70.18 110.17 112.15 108.24 110.02 76.9 78.77 136.57 135.77 123.76 123.23 74.67 76.55 62.37 60.42 81.69 83.24 34.53 36.5 46.57 44.64 112.61 114.59 66.13 68.01 103.25 103.58 25.0 24.52 99.5 99.32 107.45 106.21 109.04 
43.19 43.05 42.19 42.05 41.19 41.05 40.2 40.05 39.2 39.05 96.26 97.62 84.72 86.68 68.88 68.45 49.52 50.91 64.38 63.03 56.08 54.08 2.0 0.0 54.74 54.45 31.62 31.05 105.99 105.54 124.92 124.28 93.86 92.62 71.59 73.41 52.2 54.12 25.0 23.43 93.13 93.05 132.02 130.92 15.13 17.12 39.32 39.62 91.01 92.96 95.27 96.83 5.39 7.28 87.05 89.05 90.8 89.96 70.26 72.09 116.11 116.21 23.35 23.77 135.07 136.85 64.64 63.51 94.03 95.72 68.36 70.35 110.48 112.45 109.18 110.94 77.62 79.48 137.38 136.57 124.33 123.76 75.39 77.25 64.33 62.37 82.98 84.5 34.23 36.22 48.51 46.57 112.97 114.93 66.85 68.71 102.96 103.25 25.63 25.0 99.72 99.5 108.71 107.45 110.21 
12.08 13.04 13.0 13.89 13.93 14.76 14.87 15.65 15.81 16.55 75.93 77.88 116.21 117.8 84.97 85.88 46.62 48.47 56.89 57.27 12.17 12.0 52.77 54.74 0.0 2.0 24.02 24.02 115.69 116.21 127.66 127.88 82.15 82.05 77.79 79.7 90.79 92.1 41.62 43.27 113.16 114.04 120.51 120.21 69.87 71.85 20.52 21.93 104.06 105.95 83.22 85.21 60.02 61.98 108.71 110.48 92.23 92.57 77.16 79.06 138.22 139.09 33.62 34.44 129.25 131.24 64.29 64.85 88.05 90.05 90.21 91.92 123.37 125.28 105.02 107.02 84.77 86.68 134.03 134.0 129.26 129.55 83.17 85.07 23.77 23.09 72.0 74.0 72.2 73.41 22.14 22.85 124.45 126.38 76.69 78.55 130.17 131.23 55.8 57.43 115.88 116.62 94.2 93.9 98.62 
11.4 12.08 12.37 13.0 13.34 13.93 14.32 14.87 15.3 15.81 73.98 75.93 114.63 116.21 83.19 84.12 44.78 46.62 54.92 55.32 10.2 10.0 52.47 54.45 2.0 0.0 24.19 24.02 113.76 114.28 125.67 125.9 80.16 80.06 75.89 77.79 89.5 90.79 40.5 42.19 111.36 112.25 118.53 118.23 69.58 71.57 19.21 20.52 102.18 104.06 81.22 83.22 59.68 61.66 106.94 108.71 90.26 90.61 75.27 77.16 136.42 137.3 32.89 33.62 127.25 129.25 62.36 62.94 86.05 88.05 88.51 90.21 121.46 123.37 103.02 105.02 82.86 84.77 132.03 132.0 127.28 127.58 81.27 83.17 21.93 21.19 70.0 72.0 71.03 72.2 20.25 21.02 122.53 124.45 74.85 76.69 128.47 129.54 54.64 56.3 114.02 114.77 92.23 91.92 96.63 
14.32 15.26 13.42 14.42 12.53 13.6 11.66 12.81 10.82 12.04 85.48 87.24 104.2 105.99 78.26 78.64 44.41 46.39 58.69 58.25 29.07 27.29 29.73 31.62 24.02 24.19 0.0 2.0 113.11 113.22 128.47 128.32 87.92 87.28 75.0 77.0 75.0 76.61 26.93 27.73 105.99 106.48 127.47 126.81 46.57 48.51 17.49 19.24 99.61 101.6 89.2 91.08 37.0 38.9 100.69 102.62 92.44 92.27 74.01 76.01 130.77 131.32 15.65 17.46 133.88 135.82 63.39 63.2 91.44 93.39 81.32 83.24 119.6 121.59 108.26 110.22 82.01 84.01 137.67 137.3 129.14 129.06 80.02 82.02 40.22 38.6 76.84 78.75 55.61 57.2 27.8 26.63 121.33 123.33 72.17 74.17 120.33 121.08 39.96 41.05 110.48 110.82 101.77 101.02 105.0 
13.6 14.32 12.65 13.42 11.7 12.53 10.77 11.66 9.85 10.82 83.73 85.48 102.42 104.2 76.3 76.69 42.43 44.41 56.75 56.29 28.23 26.4 29.12 31.05 24.02 24.02 2.0 0.0 111.11 111.22 126.48 126.32 86.03 85.38 73.0 75.0 73.41 75.0 25.08 25.94 104.05 104.55 125.59 124.92 46.1 48.05 15.81 17.49 97.62 99.61 87.32 89.2 36.4 38.33 98.76 100.69 90.45 90.27 72.01 74.01 128.84 129.4 13.89 15.65 131.94 133.88 61.4 61.2 89.5 91.44 79.4 81.32 117.61 119.6 106.3 108.26 80.01 82.01 135.71 135.33 127.14 127.06 78.03 80.02 39.12 37.44 74.95 76.84 54.04 55.61 26.25 25.0 119.34 121.33 70.18 72.17 118.47 119.23 38.28 39.41 108.5 108.85 99.92 99.16 103.12 
108.5 106.53 108.34 106.37 108.19 106.21 108.05 106.07 107.91 105.93 59.67 58.41 46.52 45.69 37.11 37.64 69.87 67.9 59.14 58.52 104.69 104.12 105.54 105.99 115.69 113.76 113.11 111.11 0.0 2.0 21.93 20.52 45.34 43.86 38.33 36.35 66.4 64.82 88.14 88.28 22.36 24.17 48.51 46.53 108.63 109.38 98.99 97.02 15.23 13.42 45.45 44.2 105.36 105.95 27.2 26.08 25.24 24.19 39.2 37.22 32.7 34.54 99.02 97.02 40.72 41.59 51.42 50.99 35.38 34.06 39.36 37.59 9.22 10.63 27.89 27.46 31.26 29.27 38.83 37.2 19.42 18.36 33.14 31.14 97.69 96.93 49.41 47.8 74.85 73.01 93.62 93.17 8.94 10.77 41.0 39.0 39.01 41.01 80.6 81.02 13.6 15.52 47.93 46.1 42.38 
108.85 106.89 108.67 106.71 108.5 106.53 108.34 106.37 108.19 106.21 61.22 60.0 44.72 43.86 36.67 37.11 70.21 68.25 59.81 59.14 105.3 104.69 105.12 105.54 116.21 114.28 113.22 111.22 2.0 0.0 23.43 21.93 46.86 45.34 38.64 36.67 65.22 63.6 88.05 88.14 20.59 22.36 50.49 48.51 107.91 108.63 99.3 97.32 14.56 12.65 47.01 45.8 104.81 105.36 25.61 24.41 26.4 25.24 39.46 37.48 30.87 32.7 99.0 97.0 42.54 43.38 51.92 51.42 36.88 35.61 38.48 36.67 7.81 9.43 29.83 29.43 31.58 29.61 40.5 38.83 20.62 19.42 33.38 31.4 98.49 97.69 50.61 49.04 74.09 72.24 94.11 93.62 8.25 10.2 41.05 39.05 37.01 39.01 80.23 80.6 11.7 13.6 49.77 47.93 44.27 
122.02 120.02 122.0 120.0 122.0 120.0 122.0 120.0 122.02 120.02 60.9 59.17 67.74 66.73 56.8 57.71 84.15 82.15 71.06 71.01 115.97 115.73 124.28 124.92 127.66 125.67 128.47 126.48 21.93 23.43 0.0 2.0 48.47 47.76 54.13 52.17 88.09 86.56 105.12 105.54 43.83 45.49 32.98 31.05 128.81 129.69 113.02 111.02 36.4 34.83 47.93 46.1 124.79 125.54 49.04 47.8 36.06 36.22 55.32 53.37 46.04 48.04 115.41 113.44 21.1 21.38 65.12 65.28 40.26 38.33 60.46 58.82 24.7 24.04 24.6 22.83 47.54 45.61 17.46 15.65 5.1 7.07 49.73 47.8 107.28 106.89 56.52 54.57 95.29 93.54 106.17 106.08 21.19 20.62 58.24 56.32 57.28 59.2 99.3 99.96 34.67 36.36 44.05 42.8 37.64 
122.07 120.07 122.04 120.04 122.02 120.02 122.0 120.0 122.0 120.0 61.91 60.21 66.04 65.0 55.95 56.8 84.05 82.05 71.18 71.06 116.25 115.97 123.66 124.28 127.88 125.9 128.32 126.32 20.52 21.93 2.0 0.0 49.24 48.47 53.76 51.79 86.83 85.28 104.74 105.12 42.2 43.83 34.93 32.98 127.95 128.81 113.0 111.0 35.23 33.6 48.75 46.96 124.06 124.79 47.51 46.23 36.0 36.06 54.92 52.95 44.05 46.04 115.12 113.14 23.09 23.35 65.03 65.12 40.8 38.9 59.36 57.69 22.85 22.14 25.55 23.85 47.07 45.12 19.31 17.46 3.16 5.1 49.24 47.3 107.71 107.28 57.01 55.08 94.37 92.59 106.3 106.17 19.31 18.68 57.72 55.79 55.36 57.28 98.67 99.3 33.02 34.67 45.34 44.05 38.95 
78.64 76.69 78.85 76.9 79.08 77.13 79.31 77.37 79.56 77.62 14.42 13.42 76.66 76.94 43.42 45.4 45.28 43.57 30.02 31.06 70.06 70.18 92.62 93.86 82.15 80.16 87.92 86.03 45.34 46.86 48.47 49.24 0.0 2.0 30.08 29.61 77.49 76.92 69.89 71.03 57.58 59.46 39.56 38.9 102.55 104.0 70.88 68.96 43.08 43.86 1.41 3.16 95.59 96.94 57.72 58.24 21.93 23.77 31.32 30.81 77.1 78.77 77.83 76.06 47.1 49.09 29.73 31.24 10.0 11.31 52.24 52.09 54.56 55.9 24.04 25.96 30.02 30.02 52.04 52.15 51.43 52.35 31.14 31.02 60.13 60.03 11.18 9.43 74.09 73.06 62.17 62.59 53.74 55.17 35.74 35.17 78.55 80.41 70.01 71.45 53.71 55.47 14.87 13.6 17.09 
78.26 76.3 78.45 76.49 78.64 76.69 78.85 76.9 79.08 77.13 16.12 15.23 74.67 74.97 41.44 43.42 44.29 42.54 29.07 30.02 70.01 70.06 91.4 92.62 82.05 80.06 87.28 85.38 43.86 45.34 47.76 48.47 2.0 0.0 28.16 27.66 75.58 75.0 68.8 69.89 55.71 57.58 40.31 39.56 101.12 102.55 70.34 68.41 41.23 42.05 3.16 4.24 94.26 95.59 55.79 56.32 20.12 21.93 29.41 28.86 75.45 77.1 76.92 75.13 47.27 49.25 28.28 29.73 8.49 10.0 50.25 50.09 53.08 54.45 23.54 25.5 28.02 28.02 52.0 52.04 50.57 51.43 29.15 29.02 60.3 60.13 10.44 8.54 72.4 71.34 61.81 62.17 52.35 53.81 33.84 33.24 76.69 78.55 68.59 70.01 51.97 53.71 16.28 14.87 17.89 
70.21 68.25 70.04 68.07 69.87 67.9 69.72 67.74 69.58 67.6 41.0 41.05 50.33 51.08 14.14 16.12 31.58 29.61 22.8 21.63 67.23 66.48 70.77 71.59 77.79 75.89 75.0 73.0 38.33 38.64 54.13 53.76 30.08 28.16 0.0 2.0 47.43 46.84 50.99 51.42 37.54 38.9 62.24 60.88 77.42 78.6 60.67 58.69 26.4 28.23 31.32 31.95 72.07 73.06 34.83 36.12 19.24 18.38 1.41 1.41 61.85 63.01 61.4 59.41 63.63 65.37 13.89 13.0 25.24 26.4 23.19 23.54 45.61 47.54 38.01 39.66 7.07 9.06 65.8 65.0 54.33 54.15 5.39 7.28 61.59 60.54 24.08 24.0 46.01 44.69 55.66 55.08 46.87 48.84 5.83 5.1 57.49 59.03 46.07 47.01 38.47 39.45 43.38 41.59 42.44 
72.18 70.21 72.01 70.04 71.85 69.87 71.7 69.72 71.57 69.58 41.05 41.0 49.65 50.33 14.0 16.0 33.54 31.58 24.41 23.32 69.08 68.35 72.62 73.41 79.7 77.79 77.0 75.0 36.35 36.67 52.17 51.79 29.61 27.66 2.0 0.0 48.1 47.43 52.95 53.37 36.07 37.48 60.81 59.41 79.06 80.21 62.65 60.67 24.6 26.4 30.81 31.32 73.82 74.79 33.6 34.83 17.49 16.55 3.16 1.41 60.22 61.4 63.39 61.4 61.91 63.63 15.65 14.87 24.19 25.24 23.02 23.19 43.68 45.61 36.4 38.01 5.1 7.07 63.98 63.16 52.35 52.15 3.61 5.39 63.29 62.27 24.33 24.08 47.38 46.01 57.57 57.01 44.91 46.87 7.07 5.83 56.22 57.8 47.85 48.76 36.72 37.74 42.54 40.72 41.34 
79.25 77.9 78.52 77.16 77.79 76.42 77.08 75.69 76.37 74.97 87.3 87.66 33.06 35.06 35.36 33.62 53.45 52.89 59.08 57.08 85.15 83.49 52.81 52.2 90.79 89.5 75.0 73.41 66.4 65.22 88.09 86.83 77.49 75.58 47.43 48.1 0.0 2.0 49.5 48.1 47.42 46.62 106.51 104.86 48.0 48.04 70.29 69.03 51.74 53.26 78.75 79.38 49.03 48.66 41.15 42.95 62.77 61.06 46.17 46.82 66.75 66.48 59.67 58.14 104.06 105.42 52.09 50.09 72.09 72.92 28.43 29.73 67.6 69.35 81.27 82.42 49.19 50.12 103.97 102.59 85.8 84.63 47.42 48.3 86.33 84.53 70.21 70.61 19.42 17.8 72.72 71.02 70.83 72.56 41.76 42.38 52.01 52.01 35.38 34.06 55.95 55.01 90.62 88.77 89.0 
80.62 79.25 79.91 78.52 79.2 77.79 78.49 77.08 77.79 76.37 86.98 87.3 31.06 33.06 34.44 32.65 54.08 53.45 59.21 57.22 86.27 84.63 54.71 54.12 92.1 90.79 76.61 75.0 64.82 63.6 86.56 85.28 76.92 75.0 46.84 47.43 2.0 0.0 50.93 49.58 45.62 44.78 105.39 103.73 50.0 50.04 71.59 70.29 50.25 51.74 78.16 78.75 50.99 50.64 39.36 41.15 61.77 60.03 45.61 46.17 64.78 64.5 61.22 59.67 102.73 104.06 52.01 50.01 71.31 72.09 27.2 28.43 65.86 67.6 80.16 81.27 48.33 49.19 102.53 101.14 84.2 83.01 46.62 47.42 87.21 85.42 69.87 70.21 21.1 19.42 73.78 72.11 69.12 70.83 41.23 41.76 50.01 50.01 36.88 35.61 54.2 53.24 89.89 88.02 88.14 
29.83 28.6 29.07 27.8 28.32 27.02 27.59 26.25 26.87 25.5 71.42 72.84 77.41 79.18 52.15 52.35 24.84 26.4 40.0 38.83 37.95 36.06 23.43 25.0 41.62 40.5 26.93 25.08 88.14 88.05 105.12 104.74 69.89 68.8 50.99 52.95 49.5 50.93 0.0 2.0 79.43 79.83 108.78 107.82 37.34 39.22 21.47 20.62 74.01 76.01 71.28 72.95 28.18 29.97 73.98 75.93 69.64 69.12 49.82 51.79 104.05 104.55 11.4 9.49 113.09 114.95 41.63 40.85 71.11 72.92 54.57 56.52 94.02 96.02 87.09 88.96 57.71 59.68 116.06 115.43 105.22 104.94 55.58 57.56 43.05 41.05 58.82 60.46 30.61 31.89 27.17 25.18 96.01 98.01 47.27 49.25 93.41 94.15 14.21 15.81 84.38 84.59 84.63 83.49 86.61 
31.4 30.23 30.61 29.41 29.83 28.6 29.07 27.8 28.32 27.02 72.86 74.25 76.48 78.26 52.04 52.15 26.17 27.66 41.23 40.0 39.85 37.95 21.93 23.43 43.27 42.19 27.73 25.94 88.28 88.14 105.54 105.12 71.03 69.89 51.42 53.37 48.1 49.58 2.0 0.0 79.08 79.43 109.77 108.78 35.47 37.34 23.26 22.47 74.01 76.01 72.42 74.06 26.42 28.18 73.55 75.5 70.21 69.64 50.22 52.17 103.59 104.05 12.08 10.3 113.85 115.69 42.49 41.63 72.01 73.79 54.13 56.09 94.0 96.0 87.85 89.69 58.05 60.02 116.71 116.06 105.55 105.22 55.9 57.87 45.04 43.05 60.0 61.61 29.07 30.41 29.15 27.17 96.05 98.05 47.52 49.5 92.7 93.41 12.73 14.21 84.21 84.38 85.8 84.63 87.66 
104.18 102.32 103.82 101.95 103.46 101.59 103.12 101.24 102.79 100.9 71.69 70.94 24.17 23.41 28.23 27.51 66.65 64.88 60.31 59.03 103.45 102.47 93.05 93.13 113.16 111.36 105.99 104.05 22.36 20.59 43.83 42.2 57.58 55.71 37.54 36.07 47.42 45.62 79.43 79.08 0.0 2.0 70.09 68.15 93.17 93.62 94.34 92.48 14.56 14.14 58.19 57.57 91.55 91.79 6.32 4.47 35.74 33.84 37.64 36.12 25.08 25.94 90.8 88.84 63.07 63.95 51.22 50.0 48.08 47.54 25.08 23.09 20.62 22.2 47.1 47.27 31.89 30.61 61.06 59.36 40.46 38.95 32.53 31.14 98.81 97.65 57.45 56.44 59.68 57.71 91.24 90.34 24.08 25.61 36.89 35.23 21.02 22.85 69.12 69.03 9.22 7.81 64.63 62.65 60.13 
104.92 103.08 104.55 102.69 104.18 102.32 103.82 101.95 103.46 101.59 73.54 72.8 22.36 21.54 29.07 28.23 67.6 65.86 61.62 60.31 104.45 103.45 93.01 93.05 114.04 112.25 106.48 104.55 24.17 22.36 45.49 43.83 59.46 57.58 38.9 37.48 46.62 44.78 79.83 79.43 2.0 0.0 72.03 70.09 92.76 93.17 95.08 93.23 16.49 16.12 60.08 59.48 91.35 91.55 6.0 4.0 37.64 35.74 38.95 37.48 24.35 25.08 91.22 89.27 64.88 65.74 52.5 51.22 50.0 49.48 25.32 23.35 21.93 23.43 49.09 49.25 33.42 32.2 62.77 61.06 42.01 40.46 33.97 32.65 100.0 98.81 59.17 58.18 59.41 57.43 92.18 91.24 25.46 26.91 38.01 36.4 19.24 21.02 69.26 69.12 10.82 9.22 66.61 64.63 62.13 
117.88 115.95 118.14 116.21 118.41 116.48 118.68 116.76 118.96 117.05 45.04 43.05 93.96 93.41 71.4 73.01 84.53 82.73 69.35 70.21 108.34 108.67 130.92 132.02 120.51 118.53 127.47 125.59 48.51 50.49 32.98 34.93 39.56 40.31 62.24 60.81 106.51 105.39 108.78 109.77 70.09 72.03 0.0 2.0 139.31 140.58 110.37 108.47 57.94 57.25 38.28 36.4 133.22 134.4 73.68 73.08 44.05 45.61 63.66 62.23 78.23 80.22 117.2 115.39 14.87 16.28 67.42 68.51 38.01 36.4 78.23 77.18 55.01 55.01 25.24 24.19 58.14 56.85 21.93 23.43 38.08 40.02 60.21 58.9 97.51 97.74 50.7 48.85 108.19 106.79 101.39 101.92 52.01 52.09 67.88 66.48 87.37 89.36 107.2 108.41 61.98 63.95 26.31 26.68 22.47 
117.39 115.45 117.63 115.69 117.88 115.95 118.14 116.21 118.41 116.48 45.0 43.0 92.05 91.48 69.81 71.4 83.67 81.86 68.54 69.35 108.05 108.34 129.85 130.92 120.21 118.23 126.81 124.92 46.53 48.51 31.05 32.98 38.9 39.56 60.88 59.41 104.86 103.73 107.82 108.78 68.15 70.09 2.0 0.0 138.06 139.31 109.77 107.86 56.08 55.36 37.64 35.74 132.06 133.22 71.78 71.17 42.52 44.05 62.29 60.83 76.24 78.23 116.36 114.54 13.45 15.0 66.37 67.42 36.89 35.23 76.55 75.47 53.01 53.01 23.6 22.47 56.64 55.32 20.52 21.93 36.14 38.08 58.73 57.38 97.33 97.51 49.98 48.1 106.78 105.36 100.9 101.39 50.01 50.09 66.48 65.05 85.38 87.37 106.02 107.2 60.02 61.98 26.08 26.31 21.84 
58.31 58.14 57.31 57.14 56.32 56.14 55.33 55.15 54.33 54.15 106.61 107.8 81.02 83.02 72.01 71.18 60.21 61.29 74.2 72.62 71.01 69.01 17.12 15.13 69.87 69.58 46.57 46.1 108.63 107.91 128.81 127.95 102.55 101.12 77.42 79.06 48.0 50.0 37.34 35.47 93.17 92.76 139.31 138.06 0.0 2.0 54.08 54.23 93.41 95.27 103.97 105.36 10.0 8.0 86.88 88.84 96.52 95.41 76.03 77.67 114.44 114.28 38.05 38.21 140.9 142.58 72.84 71.42 101.41 102.94 69.57 71.47 111.97 113.89 115.43 117.07 82.68 84.38 142.52 141.52 127.63 126.85 80.45 82.15 78.77 76.79 92.1 93.43 33.84 35.74 62.8 60.83 114.79 116.69 72.11 73.78 100.0 100.0 32.56 31.11 100.69 100.17 117.39 115.97 118.19 
60.3 60.13 59.3 59.14 58.31 58.14 57.31 57.14 56.32 56.14 108.23 109.4 81.0 83.0 72.9 72.01 61.91 62.97 75.8 74.2 73.01 71.01 19.1 17.12 71.85 71.57 48.51 48.05 109.38 108.63 129.69 128.81 104.0 102.55 78.6 80.21 48.04 50.04 39.22 37.34 93.62 93.17 140.58 139.31 2.0 0.0 56.08 56.22 94.15 96.01 105.42 106.79 12.0 10.0 87.32 89.27 97.65 96.52 77.2 78.82 114.63 114.44 40.05 40.2 142.0 143.67 74.28 72.84 102.73 104.24 70.23 72.11 112.58 114.48 116.61 118.22 83.76 85.44 143.54 142.52 128.44 127.63 81.54 83.22 80.75 78.77 93.61 94.92 34.54 36.4 64.78 62.8 115.43 117.32 73.24 74.89 100.04 100.0 34.06 32.56 101.24 100.69 118.83 117.39 119.55 
9.85 8.06 9.49 7.62 9.22 7.28 9.06 7.07 9.0 7.0 68.0 69.77 96.02 97.65 66.13 66.85 29.15 31.14 42.3 42.11 17.12 15.13 37.34 39.32 20.52 19.21 17.49 15.81 98.99 99.3 113.02 113.0 70.88 70.34 60.67 62.65 70.29 71.59 21.47 23.26 94.34 95.08 110.37 109.77 54.08 56.08 0.0 2.0 86.35 88.29 72.12 74.04 44.1 46.1 89.55 91.39 77.0 77.03 59.84 61.81 119.4 120.15 16.03 16.03 117.28 119.24 48.04 48.17 74.97 76.94 70.66 72.45 106.1 108.06 91.92 93.9 67.74 69.72 121.34 121.06 114.04 114.11 65.92 67.9 25.3 23.41 59.91 61.85 51.87 53.01 10.63 9.22 107.52 109.49 58.69 60.64 110.54 111.51 35.51 37.22 97.8 98.37 84.5 83.82 87.93 
11.7 9.85 11.4 9.49 11.18 9.22 11.05 9.06 11.0 9.0 66.24 68.0 94.4 96.02 64.26 65.0 27.17 29.15 40.31 40.11 17.46 15.52 37.66 39.62 21.93 20.52 19.24 17.49 97.02 97.32 111.02 111.0 68.96 68.41 58.69 60.67 69.03 70.29 20.62 22.47 92.48 93.23 108.47 107.86 54.23 56.22 2.0 0.0 84.4 86.35 70.21 72.12 44.28 46.27 87.73 89.55 75.0 75.03 57.87 59.84 117.55 118.31 16.28 16.03 115.32 117.28 46.04 46.17 72.99 74.97 68.88 70.66 104.14 106.1 89.94 91.92 65.76 67.74 119.36 119.08 112.04 112.11 63.95 65.92 24.74 22.8 57.97 59.91 50.77 51.87 9.43 7.81 105.55 107.52 56.75 58.69 108.78 109.77 34.48 36.24 95.88 96.46 82.64 81.93 86.02 
96.05 94.11 95.8 93.86 95.57 93.62 95.34 93.39 95.13 93.17 57.27 56.46 36.5 36.22 22.2 22.56 57.57 55.66 48.88 47.89 93.62 92.85 90.61 91.01 104.06 102.18 99.61 97.62 15.23 14.56 36.4 35.23 43.08 41.23 26.4 24.6 51.74 50.25 74.01 74.01 14.56 16.49 57.94 56.08 93.41 94.15 86.35 84.4 0.0 2.0 43.66 43.01 90.25 90.8 16.12 16.0 21.19 19.31 26.93 25.08 36.12 37.48 85.09 83.1 53.01 54.2 40.25 39.4 33.53 32.98 24.19 22.47 20.02 22.02 33.73 34.21 19.72 18.03 52.35 50.91 34.48 33.54 21.02 19.24 87.82 86.83 43.6 42.44 59.62 57.78 81.93 81.27 22.09 24.08 27.66 25.71 35.47 37.34 65.76 66.1 12.21 13.45 50.25 48.26 46.0 
97.98 96.05 97.74 95.8 97.51 95.57 97.29 95.34 97.08 95.13 58.14 57.27 36.88 36.5 24.19 24.52 59.48 57.57 50.61 49.65 95.46 94.7 92.57 92.96 105.95 104.06 101.6 99.61 13.42 12.65 34.83 33.6 43.86 42.05 28.23 26.4 53.26 51.74 76.01 76.01 14.14 16.12 57.25 55.36 95.27 96.01 88.29 86.35 2.0 0.0 44.38 43.66 92.18 92.72 16.49 16.12 21.93 20.12 28.79 26.93 34.66 36.07 87.09 85.09 51.87 53.01 42.05 41.23 34.18 33.53 25.94 24.19 18.03 20.02 33.38 33.73 21.47 19.72 50.99 49.52 32.76 31.76 22.85 21.02 89.55 88.59 44.82 43.6 61.47 59.62 83.82 83.17 20.1 22.09 29.61 27.66 34.79 36.69 67.74 68.07 10.63 12.04 50.49 48.51 46.04 
79.83 77.88 80.05 78.1 80.28 78.34 80.52 78.59 80.78 78.85 14.21 13.04 77.52 77.78 44.55 46.53 46.65 44.94 31.38 32.45 71.11 71.25 94.02 95.27 83.22 81.22 89.2 87.32 45.45 47.01 47.93 48.75 1.41 3.16 31.32 30.81 78.75 78.16 71.28 72.42 58.19 60.08 38.28 37.64 103.97 105.42 72.12 70.21 43.66 44.38 0.0 2.0 97.0 98.35 58.46 58.94 22.47 24.35 32.57 32.02 77.39 79.08 79.18 77.41 46.04 48.04 31.14 32.65 10.3 11.4 53.34 53.15 54.67 55.97 23.41 25.3 31.06 31.0 51.09 51.24 51.0 51.97 32.25 32.06 61.07 61.01 12.53 10.82 75.47 74.43 63.35 63.79 53.76 55.15 37.0 36.4 79.12 80.99 71.42 72.86 54.12 55.9 13.45 12.21 15.81 
81.79 79.83 82.0 80.05 82.23 80.28 82.46 80.52 82.71 80.78 15.56 14.21 77.32 77.52 44.91 46.87 48.37 46.65 33.12 34.13 73.11 73.25 95.6 96.83 85.21 83.22 91.08 89.2 44.2 45.8 46.1 46.96 3.16 4.24 31.95 31.32 79.38 78.75 72.95 74.06 57.57 59.48 36.4 35.74 105.36 106.79 74.04 72.12 43.01 43.66 2.0 0.0 98.49 99.82 58.05 58.46 21.84 23.77 33.24 32.57 76.32 78.03 80.95 79.18 44.05 46.04 32.53 33.97 9.49 10.3 53.6 53.34 53.41 54.67 21.54 23.41 31.26 31.06 49.09 49.25 49.24 50.25 32.56 32.25 63.07 63.01 14.32 12.53 76.55 75.47 65.31 65.73 52.4 53.76 37.7 37.0 78.43 80.32 72.84 74.25 53.23 55.04 12.04 10.63 13.93 
48.37 48.17 47.38 47.17 46.39 46.17 45.4 45.18 44.41 44.18 98.72 100.0 81.88 83.86 68.31 67.72 52.01 53.26 66.53 65.07 61.01 59.01 7.28 5.39 60.02 59.68 37.0 36.4 105.36 104.81 124.79 124.06 95.59 94.26 72.07 73.82 49.03 50.99 28.18 26.42 91.55 91.35 133.22 132.06 10.0 12.0 44.1 44.28 90.25 92.18 97.0 98.49 0.0 2.0 85.38 87.37 91.3 90.35 70.71 72.47 114.0 114.02 28.07 28.28 135.69 137.44 66.07 64.82 95.21 96.83 67.08 69.05 109.44 111.4 109.93 111.65 77.82 79.62 137.74 136.85 123.98 123.33 75.58 77.39 68.88 66.91 84.86 86.31 32.02 34.01 52.95 50.99 112.06 114.0 67.08 68.88 100.4 100.6 26.08 25.06 98.48 98.15 110.45 109.12 111.66 
50.36 50.16 49.37 49.16 48.37 48.17 47.38 47.17 46.39 46.17 100.26 101.53 81.61 83.6 68.95 68.31 53.6 54.82 68.01 66.53 63.01 61.01 9.22 7.28 61.98 61.66 38.9 38.33 105.95 105.36 125.54 124.79 96.94 95.59 73.06 74.79 48.66 50.64 29.97 28.18 91.79 91.55 134.4 133.22 8.0 10.0 46.1 46.27 90.8 92.72 98.35 99.82 2.0 0.0 85.59 87.57 92.28 91.3 71.69 73.43 114.02 114.0 30.07 30.27 136.69 138.42 67.36 66.07 96.4 98.01 67.47 69.43 109.88 111.83 110.98 112.68 78.71 80.5 138.65 137.74 124.65 123.98 76.48 78.26 70.86 68.88 86.27 87.69 32.14 34.13 54.92 52.95 112.54 114.48 68.0 69.77 100.24 100.4 27.2 26.08 98.84 98.48 111.8 110.45 112.93 
99.4 97.58 99.01 97.17 98.62 96.77 98.23 96.38 97.86 96.01 71.47 70.88 20.4 20.1 23.85 22.83 62.43 60.75 57.28 55.87 99.32 98.27 87.01 87.05 108.71 106.94 100.69 98.76 27.2 25.61 49.04 47.51 57.72 55.79 34.83 33.6 41.15 39.36 73.98 73.55 6.32 6.0 73.68 71.78 86.88 87.32 89.55 87.73 16.12 16.49 58.46 58.05 85.38 85.59 0.0 2.0 36.35 34.37 34.71 33.42 30.08 30.68 85.38 83.43 67.6 68.6 48.08 46.69 48.66 48.37 19.42 17.46 26.63 28.3 49.82 50.22 30.02 29.07 66.03 64.4 45.97 44.55 30.23 29.15 95.27 94.02 56.36 55.54 53.46 51.48 86.95 85.96 30.0 31.62 33.3 31.83 22.67 24.21 63.29 63.13 15.0 13.89 66.07 64.07 62.03 
101.24 99.4 100.85 99.01 100.46 98.62 100.09 98.23 99.72 97.86 72.11 71.47 20.88 20.4 25.55 24.6 64.14 62.43 58.69 57.31 101.02 99.98 89.01 89.05 110.48 108.71 102.62 100.69 26.08 24.41 47.8 46.23 58.24 56.32 36.12 34.83 42.95 41.15 75.93 75.5 4.47 4.0 73.08 71.17 88.84 89.27 91.39 89.55 16.0 16.12 58.94 58.46 87.37 87.57 2.0 0.0 36.67 34.71 36.07 34.71 28.16 28.79 87.32 85.38 66.65 67.6 49.52 48.17 49.03 48.66 21.38 19.42 25.0 26.63 49.5 49.82 31.06 30.02 64.9 63.25 44.6 43.14 31.4 30.23 96.83 95.6 57.25 56.36 55.44 53.46 88.68 87.71 28.43 30.0 34.83 33.3 21.4 23.02 65.28 65.12 13.45 12.21 66.19 64.2 62.0 
86.09 84.1 86.05 84.05 86.02 84.02 86.01 84.01 86.0 84.0 36.24 35.34 56.01 56.08 27.46 29.15 48.09 46.1 35.36 35.13 80.81 80.41 89.96 90.8 92.23 90.26 92.44 90.45 25.24 26.4 36.06 36.0 21.93 20.12 19.24 17.49 62.77 61.77 69.64 70.21 35.74 37.64 44.05 42.52 96.52 97.65 77.0 75.0 21.19 21.93 22.47 21.84 91.3 92.28 36.35 36.67 0.0 2.0 20.59 18.87 55.61 57.2 79.62 77.67 44.42 46.14 29.07 29.27 12.37 12.04 34.93 34.18 34.21 35.81 19.1 20.62 14.14 12.81 46.62 45.88 37.12 37.34 16.28 14.87 73.05 72.42 24.21 22.67 64.44 62.97 70.46 70.26 34.13 35.85 24.41 22.8 56.65 58.52 65.3 66.24 31.91 33.62 30.07 28.07 26.93 
86.21 84.21 86.15 84.15 86.09 84.1 86.05 84.05 86.02 84.02 38.01 37.16 54.01 54.08 25.81 27.46 48.01 46.01 35.69 35.36 81.25 80.81 89.16 89.96 92.57 90.61 92.27 90.27 24.19 25.24 36.22 36.06 23.77 21.93 18.38 16.55 61.06 60.03 69.12 69.64 33.84 35.74 45.61 44.05 95.41 96.52 77.03 75.03 19.31 20.12 24.35 23.77 90.35 91.3 34.37 34.71 2.0 0.0 19.7 17.89 54.04 55.61 79.25 77.28 45.49 47.17 29.0 29.07 14.32 14.04 33.11 32.31 33.02 34.67 20.52 21.93 12.81 11.31 47.42 46.62 37.01 37.12 15.0 13.45 73.74 73.05 25.5 24.04 63.13 61.62 70.71 70.46 33.12 34.89 23.32 21.63 54.78 56.65 64.4 65.3 30.23 31.91 32.06 30.07 28.86 
69.43 67.47 69.23 67.27 69.05 67.08 68.88 66.91 68.73 66.75 42.01 42.11 49.77 50.57 13.34 15.3 30.81 28.86 22.67 21.4 66.71 65.92 69.46 70.26 77.16 75.27 74.01 72.01 39.2 39.46 55.32 54.92 31.32 29.41 1.41 3.16 46.17 45.61 49.82 50.22 37.64 38.95 63.66 62.29 76.03 77.2 59.84 57.87 26.93 28.79 32.57 33.24 70.71 71.69 34.71 36.07 20.59 19.7 0.0 2.0 62.13 63.25 60.3 58.31 65.0 66.73 13.6 12.53 26.63 27.8 22.36 22.8 46.32 48.27 39.41 41.05 8.0 10.0 67.12 66.31 55.44 55.23 6.08 8.06 61.29 60.21 25.02 25.02 44.6 43.28 55.03 54.41 47.68 49.65 4.47 4.0 57.38 58.9 44.72 45.65 38.91 39.82 44.72 42.94 43.83 
71.39 69.43 71.2 69.23 71.02 69.05 70.86 68.88 70.71 68.73 42.01 42.01 49.04 49.77 13.04 15.03 32.76 30.81 24.21 23.02 68.54 67.78 71.31 72.09 79.06 77.16 76.01 74.01 37.22 37.48 53.37 52.95 30.81 28.86 1.41 1.41 46.82 46.17 51.79 52.17 36.12 37.48 62.23 60.83 77.67 78.82 61.81 59.84 25.08 26.93 32.02 32.57 72.47 73.43 33.42 34.71 18.87 17.89 2.0 0.0 60.46 61.61 62.29 60.3 63.29 65.0 15.26 14.32 25.55 26.63 22.09 22.36 44.38 46.32 37.8 39.41 6.0 8.0 65.31 64.47 53.46 53.24 4.12 6.08 62.97 61.91 25.18 25.02 45.97 44.6 56.92 56.32 45.71 47.68 5.66 4.47 56.08 57.63 46.52 47.41 37.12 38.08 43.86 42.05 42.72 
129.24 127.39 128.88 127.02 128.51 126.65 128.16 126.29 127.81 125.94 91.53 90.43 35.11 33.24 53.31 52.55 91.68 89.89 84.63 83.49 128.41 127.48 116.21 116.11 138.22 136.42 130.77 128.84 32.7 30.87 46.04 44.05 77.1 75.45 61.85 60.22 66.75 64.78 104.05 103.59 25.08 24.35 78.23 76.24 114.44 114.63 119.4 117.55 36.12 34.66 77.39 76.32 114.0 114.02 30.08 28.16 55.61 54.04 62.13 60.46 0.0 2.0 115.45 113.51 67.12 67.27 75.72 74.63 67.12 66.04 49.48 47.54 24.04 23.54 60.41 59.77 55.61 54.04 62.65 60.67 41.11 39.12 56.61 55.0 123.42 122.33 79.31 77.99 82.01 80.01 116.28 115.39 26.48 26.17 61.77 60.03 16.64 17.8 93.06 92.78 24.04 22.67 80.62 78.79 75.03 
130.0 128.16 129.62 127.77 129.24 127.39 128.88 127.02 128.51 126.65 93.19 92.11 34.48 32.57 54.13 53.31 92.59 90.82 85.8 84.63 129.38 128.41 116.35 116.21 139.09 137.3 131.32 129.4 34.54 32.7 48.04 46.04 78.77 77.1 63.01 61.4 66.48 64.5 104.55 104.05 25.94 25.08 80.22 78.23 114.28 114.44 120.15 118.31 37.48 36.07 79.08 78.03 114.02 114.0 30.68 28.79 57.2 55.61 63.25 61.61 2.0 0.0 115.95 114.02 69.12 69.26 76.84 75.72 68.8 67.74 50.0 48.08 25.96 25.5 62.3 61.68 56.85 55.32 64.63 62.65 43.1 41.11 57.8 56.22 124.54 123.42 80.81 79.51 82.05 80.06 117.18 116.28 28.44 28.16 62.77 61.06 15.65 16.64 93.38 93.06 25.5 24.04 82.46 80.62 76.9 
21.54 20.88 20.62 19.92 19.7 18.97 18.79 18.03 17.89 17.09 77.62 79.2 88.55 90.34 63.39 63.64 32.7 34.54 47.85 47.01 33.02 31.02 21.38 23.35 33.62 32.89 15.65 13.89 99.02 99.0 115.41 115.12 77.83 76.92 61.4 63.39 59.67 61.22 11.4 12.08 90.8 91.22 117.2 116.36 38.05 40.05 16.03 16.28 85.09 87.09 79.18 80.95 28.07 30.07 85.38 87.32 79.62 79.25 60.3 62.29 115.45 115.95 0.0 2.0 122.38 124.28 50.96 50.45 80.06 81.93 65.97 67.91 105.12 107.12 96.46 98.37 68.26 70.26 125.69 125.16 115.73 115.52 66.19 68.18 41.0 39.05 66.65 68.43 40.36 41.87 25.3 23.41 107.02 109.02 58.03 60.03 104.75 105.48 24.41 25.61 95.63 95.89 92.28 91.3 94.81 
