45
0.0 2.0 1.0 2.24 2.0 2.83 3.0 3.61 4.0 4.47 5.0 5.39 6.0 6.32 7.0 7.28 8.0 8.25 22.2 23.43 17.12 15.13 30.27 30.59 9.22 10.63 17.0 17.12 14.32 14.87 14.56 16.49 18.68 19.31 29.07 30.02 9.49 10.3 13.45 15.0 11.18 9.43 19.8 21.26 32.57 
2.0 0.0 2.24 1.0 2.83 2.0 3.61 3.0 4.47 4.0 5.39 5.0 6.32 6.0 7.28 7.0 8.25 8.0 21.1 22.2 17.0 15.0 30.07 30.27 8.06 9.22 17.12 17.0 14.04 14.32 12.65 14.56 18.25 18.68 28.23 29.07 7.62 8.6 12.04 13.45 10.44 8.54 18.44 19.8 32.02 
1.0 2.24 0.0 2.0 1.0 2.24 2.0 2.83 3.0 3.61 4.0 4.47 5.0 5.39 6.0 6.32 7.0 7.28 23.02 24.21 18.11 16.12 29.27 29.61 10.0 11.31 16.0 16.12 15.3 15.81 14.87 16.76 17.72 18.38 28.18 29.15 9.22 9.85 14.14 15.62 12.08 10.3 20.52 21.93 31.62 
2.24 1.0 2.0 0.0 2.24 1.0 2.83 2.0 3.61 3.0 4.47 4.0 5.39 5.0 6.32 6.0 7.28 7.0 21.95 23.02 18.0 16.0 29.07 29.27 8.94 10.0 16.12 16.0 15.03 15.3 13.0 14.87 17.26 17.72 27.31 28.18 7.28 8.06 12.81 14.14 11.4 9.49 19.21 20.52 31.05 
2.0 2.83 1.0 2.24 0.0 2.0 1.0 2.24 2.0 2.83 3.0 3.61 4.0 4.47 5.0 5.39 6.0 6.32 23.85 25.0 19.1 17.12 28.28 28.64 10.82 12.04 15.0 15.13 16.28 16.76 15.23 17.09 16.76 17.46 27.29 28.3 9.06 9.49 14.87 16.28 13.0 11.18 21.26 22.63 30.68 
2.83 2.0 2.24 1.0 2.0 0.0 2.24 1.0 2.83 2.0 3.61 3.0 4.47 4.0 5.39 5.0 6.32 6.0 22.83 23.85 19.0 17.0 28.07 28.28 9.85 10.82 15.13 15.0 16.03 16.28 13.42 15.23 16.28 16.76 26.4 27.29 7.07 7.62 13.6 14.87 12.37 10.44 20.0 21.26 30.08 
3.0 3.61 2.0 2.83 1.0 2.24 0.0 2.0 1.0 2.24 2.0 2.83 3.0 3.61 4.0 4.47 5.0 5.39 24.7 25.81 20.1 18.11 27.29 27.66 11.66 12.81 14.0 14.14 17.26 17.72 15.65 17.46 15.81 16.55 26.42 27.46 9.0 9.22 15.62 16.97 13.93 12.08 22.02 23.35 29.73 
3.61 3.0 2.83 2.0 2.24 1.0 2.0 0.0 2.24 1.0 2.83 2.0 3.61 3.0 4.47 4.0 5.39 5.0 23.71 24.7 20.0 18.0 27.07 27.29 10.77 11.66 14.14 14.0 17.03 17.26 13.89 15.65 15.3 15.81 25.5 26.42 7.0 7.28 14.42 15.62 13.34 11.4 20.81 22.02 29.12 
4.0 4.47 3.0 3.61 2.0 2.83 1.0 2.24 0.0 2.0 1.0 2.24 2.0 2.83 3.0 3.61 4.0 4.47 25.55 26.63 21.1 19.1 26.31 26.68 12.53 13.6 13.0 13.15 18.25 18.68 16.12 17.89 14.87 15.65 25.55 26.63 9.06 9.06 16.4 17.69 14.87 13.0 22.8 24.08 28.79 
4.47 4.0 3.61 3.0 2.83 2.0 2.24 1.0 2.0 0.0 2.24 1.0 2.83 2.0 3.61 3.0 4.47 4.0 24.6 25.55 21.0 19.0 26.08 26.31 11.7 12.53 13.15 13.0 18.03 18.25 14.42 16.12 14.32 14.87 24.6 25.55 7.07 7.07 15.26 16.4 14.32 12.37 21.63 22.8 28.16 
5.0 5.39 4.0 4.47 3.0 3.61 2.0 2.83 1.0 2.24 0.0 2.0 1.0 2.24 2.0 2.83 3.0 3.61 26.42 27.46 22.09 20.1 25.32 25.71 13.42 14.42 12.0 12.17 19.24 19.65 16.64 18.36 13.93 14.76 24.7 25.81 9.22 9.0 17.2 18.44 15.81 13.93 23.6 24.84 27.86 
5.39 5.0 4.47 4.0 3.61 3.0 2.83 2.0 2.24 1.0 2.0 0.0 2.24 1.0 2.83 2.0 3.61 3.0 25.5 26.42 22.0 20.0 25.08 25.32 12.65 13.42 12.17 12.0 19.03 19.24 15.0 16.64 13.34 13.93 23.71 24.7 7.28 7.0 16.12 17.2 15.3 13.34 22.47 23.6 27.2 
6.0 6.32 5.0 5.39 4.0 4.47 3.0 3.61 2.0 2.83 1.0 2.24 0.0 2.0 1.0 2.24 2.0 2.83 27.29 28.3 23.09 21.1 24.33 24.74 14.32 15.26 11.0 11.18 20.22 20.62 17.2 18.87 13.0 13.89 23.85 25.0 9.49 9.06 18.03 19.21 16.76 14.87 24.41 25.61 26.93 
6.32 6.0 5.39 5.0 4.47 4.0 3.61 3.0 2.83 2.0 2.24 1.0 2.0 0.0 2.24 1.0 2.83 2.0 26.4 27.29 23.0 21.0 24.08 24.33 13.6 14.32 11.18 11.0 20.02 20.22 15.62 17.2 12.37 13.0 22.83 23.85 7.62 7.07 17.0 18.03 16.28 14.32 23.32 24.41 26.25 
7.0 7.28 6.0 6.32 5.0 5.39 4.0 4.47 3.0 3.61 2.0 2.83 1.0 2.24 0.0 2.0 1.0 2.24 28.18 29.15 24.08 22.09 23.35 23.77 15.23 16.12 10.0 10.2 21.21 21.59 17.8 19.42 12.08 13.04 23.02 24.21 9.85 9.22 18.87 20.0 17.72 15.81 25.24 26.4 26.0 
7.28 7.0 6.32 6.0 5.39 5.0 4.47 4.0 3.61 3.0 2.83 2.0 2.24 1.0 2.0 0.0 2.24 1.0 27.31 28.18 24.0 22.0 23.09 23.35 14.56 15.23 10.2 10.0 21.02 21.21 16.28 17.8 11.4 12.08 21.95 23.02 8.06 7.28 17.89 18.87 17.26 15.3 24.19 25.24 25.3 
8.0 8.25 7.0 7.28 6.0 6.32 5.0 5.39 4.0 4.47 3.0 3.61 2.0 2.83 1.0 2.24 0.0 2.0 29.07 30.02 25.08 23.09 22.36 22.8 16.16 17.0 9.0 9.22 22.2 22.56 18.44 20.0 11.18 12.21 22.2 23.43 10.3 9.49 19.72 20.81 18.68 16.76 26.08 27.2 25.08 
8.25 8.0 7.28 7.0 6.32 6.0 5.39 5.0 4.47 4.0 3.61 3.0 2.83 2.0 2.24 1.0 2.0 0.0 28.23 29.07 25.0 23.0 22.09 22.36 15.52 16.16 9.22 9.0 22.02 22.2 16.97 18.44 10.44 11.18 21.1 22.2 8.6 7.62 18.79 19.72 18.25 16.28 25.06 26.08 24.35 
22.2 21.1 23.02 21.95 23.85 22.83 24.7 23.71 25.55 24.6 26.42 25.5 27.29 26.4 28.18 27.31 29.07 28.23 0.0 2.0 11.05 11.4 48.84 48.51 13.04 12.08 37.34 36.69 10.77 8.94 14.04 14.32 36.88 36.5 44.0 44.05 21.38 23.35 9.49 9.06 11.31 12.81 4.12 5.0 49.09 
23.43 22.2 24.21 23.02 25.0 23.85 25.81 24.7 26.63 25.55 27.46 26.42 28.3 27.29 29.15 28.18 30.02 29.07 2.0 0.0 13.04 13.34 49.24 48.84 14.21 13.04 38.08 37.34 12.65 10.77 14.04 14.04 37.36 36.88 44.05 44.0 21.84 23.77 10.3 9.49 12.81 14.14 4.12 4.12 49.25 
17.12 17.0 18.11 18.0 19.1 19.0 20.1 20.0 21.1 21.0 22.09 22.0 23.09 23.0 24.08 24.0 25.08 25.0 11.05 13.04 0.0 2.0 47.04 47.17 10.77 11.66 34.06 34.0 3.16 4.24 17.69 19.1 35.13 35.36 44.38 44.92 21.19 23.09 11.31 12.81 7.62 9.49 12.37 14.32 48.66 
15.13 15.0 16.12 16.0 17.12 17.0 18.11 18.0 19.1 19.0 20.1 20.0 21.1 21.0 22.09 22.0 23.09 23.0 11.4 13.34 2.0 0.0 45.04 45.18 8.94 10.0 32.06 32.0 1.41 3.16 16.28 17.8 33.14 33.38 42.45 43.01 19.31 21.19 10.0 11.66 5.83 7.62 12.04 14.04 46.69 
30.27 30.07 29.27 29.07 28.28 28.07 27.29 27.07 26.31 26.08 25.32 25.08 24.33 24.08 23.35 23.09 22.36 22.09 48.84 49.24 47.04 45.04 0.0 2.0 37.05 37.22 13.6 13.15 44.01 44.01 35.44 36.06 12.04 12.37 9.85 11.7 27.46 25.5 39.46 39.81 40.01 38.01 45.12 45.61 6.08 
30.59 30.27 29.61 29.27 28.64 28.28 27.66 27.29 26.68 26.31 25.71 25.32 24.74 24.33 23.77 23.35 22.8 22.36 48.51 48.84 47.17 45.18 2.0 0.0 37.0 37.05 14.32 13.6 44.1 44.01 34.93 35.44 12.04 12.04 8.06 9.85 27.17 25.18 39.2 39.46 40.01 38.01 44.72 45.12 4.12 
9.22 8.06 10.0 8.94 10.82 9.85 11.66 10.77 12.53 11.7 13.42 12.65 14.32 13.6 15.23 14.56 16.16 15.52 13.04 14.21 10.77 8.94 37.05 37.0 0.0 2.0 24.74 24.33 7.62 7.07 8.54 10.44 25.02 25.02 33.73 34.21 10.44 12.37 4.47 6.32 3.16 1.41 10.63 12.21 38.21 
10.63 9.22 11.31 10.0 12.04 10.82 12.81 11.66 13.6 12.53 14.42 13.42 15.26 14.32 16.12 15.23 17.0 16.16 12.08 13.04 11.66 10.0 37.22 37.05 2.0 0.0 25.3 24.74 8.6 7.62 6.71 8.54 25.18 25.02 33.38 33.73 10.05 12.04 2.83 4.47 4.24 3.16 9.22 10.63 38.05 
17.0 17.12 16.0 16.12 15.0 15.13 14.0 14.14 13.0 13.15 12.0 12.17 11.0 11.18 10.0 10.2 9.0 9.22 37.34 38.08 34.06 32.06 13.6 14.32 24.74 25.3 0.0 2.0 31.14 31.4 25.24 26.4 5.1 7.07 15.81 17.49 16.64 15.0 27.86 28.64 27.46 25.5 34.01 34.89 17.2 
17.12 17.0 16.12 16.0 15.13 15.0 14.14 14.0 13.15 13.0 12.17 12.0 11.18 11.0 10.2 10.0 9.22 9.0 36.69 37.34 34.0 32.0 13.15 13.6 24.33 24.74 2.0 0.0 31.02 31.14 24.19 25.24 3.16 5.1 14.21 15.81 15.65 13.89 27.2 27.86 27.17 25.18 33.24 34.01 16.12 
14.32 14.04 15.3 15.03 16.28 16.03 17.26 17.03 18.25 18.03 19.24 19.03 20.22 20.02 21.21 21.02 22.2 22.02 10.77 12.65 3.16 1.41 44.01 44.1 7.62 8.6 31.14 31.02 0.0 2.0 14.87 16.4 32.06 32.25 41.23 41.76 18.03 19.92 8.6 10.3 4.47 6.32 11.0 13.0 45.54 
14.87 14.32 15.81 15.3 16.76 16.28 17.72 17.26 18.68 18.25 19.65 19.24 20.62 20.22 21.59 21.21 22.56 22.2 8.94 10.77 4.24 3.16 44.01 44.01 7.07 7.62 31.4 31.14 2.0 0.0 13.45 14.87 32.0 32.06 40.79 41.23 17.46 19.42 7.07 8.6 4.0 6.0 9.0 11.0 45.28 
14.56 12.65 14.87 13.0 15.23 13.42 15.65 13.89 16.12 14.42 16.64 15.0 17.2 15.62 17.8 16.28 18.44 16.97 14.04 14.04 17.69 16.28 35.44 34.93 8.54 6.71 25.24 24.19 14.87 13.45 0.0 2.0 23.77 23.09 30.02 30.02 8.6 10.3 6.4 5.39 10.82 9.85 10.0 10.2 35.23 
16.49 14.56 16.76 14.87 17.09 15.23 17.46 15.65 17.89 16.12 18.36 16.64 18.87 17.2 19.42 17.8 20.0 18.44 14.32 14.04 19.1 17.8 36.06 35.44 10.44 8.54 26.4 25.24 16.4 14.87 2.0 0.0 24.6 23.77 30.15 30.02 9.9 11.4 7.81 6.4 12.53 11.7 10.2 10.0 35.51 
18.68 18.25 17.72 17.26 16.76 16.28 15.81 15.3 14.87 14.32 13.93 13.34 13.0 12.37 12.08 11.4 11.18 10.44 36.88 37.36 35.13 33.14 12.04 12.04 25.02 25.18 5.1 3.16 32.06 32.0 23.77 24.6 0.0 2.0 11.31 12.81 15.52 13.6 27.46 27.89 28.0 26.0 33.24 33.84 13.93 
19.31 18.68 18.38 17.72 17.46 16.76 16.55 15.81 15.65 14.87 14.76 13.93 13.89 13.0 13.04 12.08 12.21 11.18 36.5 36.88 35.36 33.38 12.37 12.04 25.02 25.02 7.07 5.1 32.25 32.06 23.09 23.77 2.0 0.0 10.0 11.31 15.13 13.15 27.17 27.46 28.07 26.08 32.76 33.24 13.34 
29.07 28.23 28.18 27.31 27.29 26.4 26.42 25.5 25.55 24.6 24.7 23.71 23.85 22.83 23.02 21.95 22.2 21.1 44.0 44.05 44.38 42.45 9.85 8.06 33.73 33.38 15.81 14.21 41.23 40.79 30.02 30.15 11.31 10.0 0.0 2.0 23.35 21.38 35.13 35.01 36.88 34.93 40.01 40.11 5.83 
30.02 29.07 29.15 28.18 28.3 27.29 27.46 26.42 26.63 25.55 25.81 24.7 25.0 23.85 24.21 23.02 23.43 22.2 44.05 44.0 44.92 43.01 11.7 9.85 34.21 33.73 17.49 15.81 41.76 41.23 30.02 30.02 12.81 11.31 2.0 0.0 23.77 21.84 35.36 35.13 37.36 35.44 40.01 40.01 7.07 
9.49 7.62 9.22 7.28 9.06 7.07 9.0 7.0 9.06 7.07 9.22 7.28 9.49 7.62 9.85 8.06 10.3 8.6 21.38 21.84 21.19 19.31 27.46 27.17 10.44 10.05 16.64 15.65 18.03 17.46 8.6 9.9 15.52 15.13 23.35 23.77 0.0 2.0 12.04 12.37 13.6 11.7 17.72 18.38 28.02 
10.3 8.6 9.85 8.06 9.49 7.62 9.22 7.28 9.06 7.07 9.0 7.0 9.06 7.07 9.22 7.28 9.49 7.62 23.35 23.77 23.09 21.19 25.5 25.18 12.37 12.04 15.0 13.89 19.92 19.42 10.3 11.4 13.6 13.15 21.38 21.84 2.0 0.0 14.04 14.32 15.52 13.6 19.65 20.25 26.02 
13.45 12.04 14.14 12.81 14.87 13.6 15.62 14.42 16.4 15.26 17.2 16.12 18.03 17.0 18.87 17.89 19.72 18.79 9.49 10.3 11.31 10.0 39.46 39.2 4.47 2.83 27.86 27.2 8.6 7.07 6.4 7.81 27.46 27.17 35.13 35.36 12.04 14.04 0.0 2.0 5.1 5.1 6.4 7.81 40.0 
15.0 13.45 15.62 14.14 16.28 14.87 16.97 15.62 17.69 16.4 18.44 17.2 19.21 18.03 20.0 18.87 20.81 19.72 9.06 9.49 12.81 11.66 39.81 39.46 6.32 4.47 28.64 27.86 10.3 8.6 5.39 6.4 27.89 27.46 35.01 35.13 12.37 14.32 2.0 0.0 7.07 7.07 5.39 6.4 40.05 
11.18 10.44 12.08 11.4 13.0 12.37 13.93 13.34 14.87 14.32 15.81 15.3 16.76 16.28 17.72 17.26 18.68 18.25 11.31 12.81 7.62 5.83 40.01 40.01 3.16 4.24 27.46 27.17 4.47 4.0 10.82 12.53 28.0 28.07 36.88 37.36 13.6 15.52 5.1 7.07 0.0 2.0 9.85 11.7 41.3 
9.43 8.54 10.3 9.49 11.18 10.44 12.08 11.4 13.0 12.37 13.93 13.34 14.87 14.32 15.81 15.3 16.76 16.28 12.81 14.14 9.49 7.62 38.01 38.01 1.41 3.16 25.5 25.18 6.32 6.0 9.85 11.7 26.0 26.08 34.93 35.44 11.7 13.6 5.1 7.07 2.0 0.0 10.82 12.53 39.32 
19.8 18.44 20.52 19.21 21.26 20.0 22.02 20.81 22.8 21.63 23.6 22.47 24.41 23.32 25.24 24.19 26.08 25.06 4.12 4.12 12.37 12.04 45.12 44.72 10.63 9.22 34.01 33.24 11.0 9.0 10.0 10.2 33.24 32.76 40.01 40.01 17.72 19.65 6.4 5.39 9.85 10.82 0.0 2.0 45.18 
21.26 19.8 21.93 20.52 22.63 21.26 23.35 22.02 24.08 22.8 24.84 23.6 25.61 24.41 26.4 25.24 27.2 26.08 5.0 4.12 14.32 14.04 45.61 45.12 12.21 10.63 34.89 34.01 13.0 11.0 10.2 10.0 33.84 33.24 40.11 40.01 18.38 20.25 7.81 6.4 11.7 12.53 2.0 0.0 45.4 
32.57 32.02 31.62 31.05 30.68 30.08 29.73 29.12 28.79 28.16 27.86 27.2 26.93 26.25 26.0 25.3 25.08 24.35 49.09 49.25 48.66 46.69 6.08 4.12 38.21 38.05 17.2 16.12 45.54 45.28 35.23 35.51 13.93 13.34 5.83 7.07 28.02 26.02 40.0 40.05 41.3 39.32 45.18 45.4 0.0 
