55
0.0 2.0 1.0 2.24 2.0 2.83 3.0 3.61 4.0 4.47 5.0 5.39 44.29 42.54 43.83 42.06 43.38 41.59 42.95 41.15 96.65 94.89 96.18 94.41 95.71 93.94 79.06 77.06 79.1 77.1 79.16 77.16 79.23 77.23 64.76 62.82 46.87 45.79 51.01 51.01 38.08 36.25 82.02 80.02 31.78 29.97 62.18 60.42 17.0 15.0 39.32 39.12 78.71 76.94 94.18 
2.0 0.0 2.24 1.0 2.83 2.0 3.61 3.0 4.47 4.0 5.39 5.0 46.07 44.29 45.62 43.83 45.19 43.38 44.78 42.95 97.62 95.88 97.13 95.38 96.65 94.89 81.06 79.06 81.1 79.1 81.15 79.16 81.22 79.23 64.33 62.37 48.01 46.87 53.01 53.01 37.34 35.47 84.02 82.02 32.65 30.89 63.13 61.4 17.12 15.13 41.3 41.11 80.5 78.71 95.52 
1.0 2.24 0.0 2.0 1.0 2.24 2.0 2.83 3.0 3.61 4.0 4.47 44.78 43.05 44.29 42.54 43.83 42.06 43.38 41.59 97.53 95.77 97.06 95.29 96.6 94.83 79.03 77.03 79.06 77.06 79.1 77.1 79.16 77.16 65.73 63.79 47.71 46.65 51.04 51.0 39.0 37.16 82.05 80.06 32.7 30.87 63.06 61.29 18.0 16.0 39.46 39.2 79.18 77.41 94.92 
2.24 1.0 2.0 0.0 2.24 1.0 2.83 2.0 3.61 3.0 4.47 4.0 46.53 44.78 46.07 44.29 45.62 43.83 45.19 43.38 98.49 96.75 98.01 96.25 97.53 95.77 81.02 79.03 81.06 79.06 81.1 79.1 81.15 79.16 65.31 63.35 48.83 47.71 53.04 53.0 38.28 36.4 84.05 82.05 33.54 31.76 64.01 62.27 18.11 16.12 41.44 41.19 80.95 79.18 96.26 
2.0 2.83 1.0 2.24 0.0 2.0 1.0 2.24 2.0 2.83 3.0 3.61 45.28 43.57 44.78 43.05 44.29 42.54 43.83 42.06 98.41 96.65 97.95 96.18 97.49 95.71 79.01 77.01 79.03 77.03 79.06 77.06 79.1 77.1 66.71 64.76 48.55 47.51 51.09 51.01 39.92 38.08 82.1 80.1 33.62 31.78 63.95 62.18 19.0 17.0 39.62 39.32 79.65 77.9 95.67 
2.83 2.0 2.24 1.0 2.0 0.0 2.24 1.0 2.83 2.0 3.61 3.0 47.01 45.28 46.53 44.78 46.07 44.29 45.62 43.83 99.36 97.62 98.88 97.13 98.41 96.65 81.01 79.01 81.02 79.03 81.06 79.06 81.1 79.1 66.29 64.33 49.65 48.55 53.08 53.01 39.22 37.34 84.1 82.1 34.44 32.65 64.88 63.13 19.1 17.12 41.59 41.3 81.41 79.65 97.0 
3.0 3.61 2.0 2.83 1.0 2.24 0.0 2.0 1.0 2.24 2.0 2.83 45.79 44.1 45.28 43.57 44.78 43.05 44.29 42.54 99.3 97.53 98.84 97.06 98.39 96.6 79.0 77.0 79.01 77.01 79.03 77.03 79.06 77.06 67.68 65.73 49.4 48.37 51.16 51.04 40.85 39.0 82.15 80.16 34.54 32.7 64.85 63.06 20.0 18.0 39.81 39.46 80.13 78.39 96.43 
3.61 3.0 2.83 2.0 2.24 1.0 2.0 0.0 2.24 1.0 2.83 2.0 47.51 45.79 47.01 45.28 46.53 44.78 46.07 44.29 100.24 98.49 99.76 98.01 99.3 97.53 81.0 79.0 81.01 79.01 81.02 79.03 81.06 79.06 67.27 65.31 50.48 49.4 53.15 53.04 40.16 38.28 84.15 82.15 35.34 33.54 65.76 64.01 20.1 18.11 41.77 41.44 81.88 80.13 97.74 
4.0 4.47 3.0 3.61 2.0 2.83 1.0 2.24 0.0 2.0 1.0 2.24 46.32 44.65 45.79 44.1 45.28 43.57 44.78 43.05 100.18 98.41 99.73 97.95 99.28 97.49 79.01 77.01 79.0 77.0 79.01 77.01 79.03 77.03 68.66 66.71 50.25 49.24 51.24 51.09 41.79 39.92 82.22 80.22 35.47 33.62 65.74 63.95 21.0 19.0 40.02 39.62 80.62 78.89 97.19 
4.47 4.0 3.61 3.0 2.83 2.0 2.24 1.0 2.0 0.0 2.24 1.0 48.02 46.32 47.51 45.79 47.01 45.28 46.53 44.78 101.12 99.36 100.65 98.88 100.18 98.41 81.01 79.01 81.0 79.0 81.01 79.01 81.02 79.03 68.25 66.29 51.31 50.25 53.24 53.08 41.11 39.22 84.21 82.22 36.25 34.44 66.65 64.88 21.1 19.1 41.98 41.59 82.37 80.62 98.49 
5.0 5.39 4.0 4.47 3.0 3.61 2.0 2.83 1.0 2.24 0.0 2.0 46.87 45.22 46.32 44.65 45.79 44.1 45.28 43.57 101.07 99.3 100.62 98.84 100.18 98.39 79.03 77.03 79.01 77.01 79.0 77.0 79.01 77.01 69.63 67.68 51.11 50.12 51.35 51.16 42.72 40.85 82.3 80.31 36.4 34.54 66.64 64.85 22.0 20.0 40.26 39.81 81.12 79.4 97.95 
5.39 5.0 4.47 4.0 3.61 3.0 2.83 2.0 2.24 1.0 2.0 0.0 48.55 46.87 48.02 46.32 47.51 45.79 47.01 45.28 102.0 100.24 101.53 99.76 101.07 99.3 81.02 79.03 81.01 79.01 81.0 79.0 81.01 79.01 69.23 67.27 52.15 51.11 53.34 53.15 42.06 40.16 84.29 82.3 37.16 35.34 67.54 65.76 22.09 20.1 42.2 41.77 82.86 81.12 99.25 
44.29 46.07 44.78 46.53 45.28 47.01 45.79 47.51 46.32 48.02 46.87 48.55 0.0 2.0 1.0 2.24 2.0 2.83 3.0 3.61 64.38 62.39 64.28 62.29 64.2 62.2 46.65 44.94 47.17 45.49 47.71 46.04 48.26 46.62 68.41 67.2 22.2 23.43 23.32 25.06 55.79 55.32 47.01 45.19 27.2 26.68 35.44 33.53 39.2 39.46 16.0 18.0 34.44 32.65 54.56 
42.54 44.29 43.05 44.78 43.57 45.28 44.1 45.79 44.65 46.32 45.22 46.87 2.0 0.0 2.24 1.0 2.83 2.0 3.61 3.0 64.63 62.65 64.5 62.51 64.38 62.39 48.37 46.65 48.88 47.17 49.4 47.71 49.93 48.26 66.84 65.6 21.1 22.2 24.41 26.08 53.85 53.37 48.85 47.01 25.3 24.74 34.93 32.98 37.22 37.48 16.12 18.11 36.25 34.44 55.47 
43.83 45.62 44.29 46.07 44.78 46.53 45.28 47.01 45.79 47.51 46.32 48.02 1.0 2.24 0.0 2.0 1.0 2.24 2.0 2.83 65.38 63.39 65.28 63.29 65.19 63.2 46.14 44.42 46.65 44.94 47.17 45.49 47.71 46.04 69.03 67.8 23.02 24.21 22.47 24.19 56.04 55.54 46.62 44.78 27.51 26.93 36.4 34.48 39.12 39.32 15.0 17.0 34.89 33.12 55.46 
42.06 43.83 42.54 44.29 43.05 44.78 43.57 45.28 44.1 45.79 44.65 46.32 2.24 1.0 2.0 0.0 2.24 1.0 2.83 2.0 65.62 63.64 65.49 63.51 65.38 63.39 47.89 46.14 48.37 46.65 48.88 47.17 49.4 47.71 67.48 66.22 21.95 23.02 23.6 25.24 54.12 53.6 48.47 46.62 25.63 25.0 35.9 33.96 37.12 37.34 15.13 17.12 36.67 34.89 56.36 
43.38 45.19 43.83 45.62 44.29 46.07 44.78 46.53 45.28 47.01 45.79 47.51 2.0 2.83 1.0 2.24 0.0 2.0 1.0 2.24 66.37 64.38 66.27 64.28 66.19 64.2 45.65 43.91 46.14 44.42 46.65 44.94 47.17 45.49 69.66 68.41 23.85 25.0 21.63 23.32 56.32 55.79 46.24 44.38 27.86 27.2 37.36 35.44 39.05 39.2 14.0 16.0 35.36 33.62 56.36 
41.59 43.38 42.06 43.83 42.54 44.29 43.05 44.78 43.57 45.28 44.1 45.79 2.83 2.0 2.24 1.0 2.0 0.0 2.24 1.0 66.61 64.63 66.48 64.5 66.37 64.38 47.41 45.65 47.89 46.14 48.37 46.65 48.88 47.17 68.12 66.84 22.83 23.85 22.8 24.41 54.41 53.85 48.1 46.24 26.0 25.3 36.88 34.93 37.05 37.22 14.14 16.12 37.12 35.36 57.25 
42.95 44.78 43.38 45.19 43.83 45.62 44.29 46.07 44.78 46.53 45.28 47.01 3.0 3.61 2.0 2.83 1.0 2.24 0.0 2.0 67.36 65.38 67.27 65.28 67.19 65.19 45.18 43.42 45.65 43.91 46.14 44.42 46.65 44.94 70.29 69.03 24.7 25.81 20.81 22.47 56.61 56.04 45.88 44.01 28.23 27.51 38.33 36.4 39.01 39.12 13.0 15.0 35.85 34.13 57.27 
41.15 42.95 41.59 43.38 42.06 43.83 42.54 44.29 43.05 44.78 43.57 45.28 3.61 3.0 2.83 2.0 2.24 1.0 2.0 0.0 67.6 65.62 67.48 65.49 67.36 65.38 46.96 45.18 47.41 45.65 47.89 46.14 48.37 46.65 68.77 67.48 23.71 24.7 22.02 23.6 54.71 54.12 47.76 45.88 26.4 25.63 37.85 35.9 37.01 37.12 13.15 15.13 37.59 35.85 58.14 
96.65 97.62 97.53 98.49 98.41 99.36 99.3 100.24 100.18 101.12 101.07 102.0 64.38 64.63 65.38 65.62 66.37 66.61 67.36 67.6 0.0 2.0 1.0 2.24 2.0 2.83 93.98 93.3 94.92 94.24 95.86 95.19 96.8 96.14 64.85 65.55 50.16 50.99 84.15 86.15 78.87 80.16 90.47 89.69 65.0 66.73 34.48 36.24 82.1 83.76 80.31 82.3 54.56 53.71 22.67 
94.89 95.88 95.77 96.75 96.65 97.62 97.53 98.49 98.41 99.36 99.3 100.24 62.39 62.65 63.39 63.64 64.38 64.63 65.38 65.62 2.0 0.0 2.24 1.0 2.83 2.0 92.11 91.42 93.05 92.36 93.98 93.3 94.92 94.24 64.2 64.85 48.33 49.19 82.15 84.15 77.62 78.87 88.64 87.85 63.29 65.0 32.76 34.48 80.45 82.1 78.31 80.31 52.77 51.89 21.4 
96.18 97.13 97.06 98.01 97.95 98.88 98.84 99.76 99.73 100.65 100.62 101.53 64.28 64.5 65.28 65.49 66.27 66.48 67.27 67.48 1.0 2.24 0.0 2.0 1.0 2.24 94.34 93.64 95.27 94.58 96.21 95.52 97.14 96.46 63.91 64.62 49.77 50.57 84.21 86.21 78.1 79.4 90.87 90.08 64.5 66.24 34.0 35.78 81.54 83.22 80.22 82.22 55.01 54.13 23.43 
94.41 95.38 95.29 96.25 96.18 97.13 97.06 98.01 97.95 98.88 98.84 99.76 62.29 62.51 63.29 63.51 64.28 64.5 65.28 65.49 2.24 1.0 2.0 0.0 2.24 1.0 92.48 91.76 93.41 92.7 94.34 93.64 95.27 94.58 63.25 63.91 47.93 48.75 82.22 84.21 76.84 78.1 89.05 88.24 62.77 64.5 32.25 34.0 79.88 81.54 78.23 80.22 53.24 52.33 22.2 
95.71 96.65 96.6 97.53 97.49 98.41 98.39 99.3 99.28 100.18 100.18 101.07 64.2 64.38 65.19 65.38 66.19 66.37 67.19 67.36 2.0 2.83 1.0 2.24 0.0 2.0 94.7 93.98 95.63 94.92 96.57 95.86 97.5 96.8 62.97 63.69 49.4 50.16 84.29 86.28 77.34 78.64 91.29 90.47 64.01 65.76 33.54 35.34 80.99 82.68 80.16 82.15 55.47 54.56 24.21 
93.94 94.89 94.83 95.77 95.71 96.65 96.6 97.53 97.49 98.41 98.39 99.3 62.2 62.39 63.2 63.39 64.2 64.38 65.19 65.38 2.83 2.0 2.24 1.0 2.0 0.0 92.85 92.11 93.78 93.05 94.7 93.98 95.63 94.92 62.3 62.97 47.54 48.33 82.3 84.29 76.06 77.34 89.47 88.64 62.27 64.01 31.76 33.54 79.32 80.99 78.16 80.16 53.71 52.77 23.02 
79.06 81.06 79.03 81.02 79.01 81.01 79.0 81.0 79.01 81.01 79.03 81.02 46.65 48.37 46.14 47.89 45.65 47.41 45.18 46.96 93.98 92.11 94.34 92.48 94.7 92.85 0.0 2.0 1.0 2.24 2.0 2.83 3.0 3.61 114.86 113.72 67.62 69.2 28.28 28.07 101.39 100.66 5.83 5.1 73.35 72.5 76.58 75.07 81.49 81.02 40.79 40.45 40.02 40.52 74.73 
77.06 79.06 77.03 79.03 77.01 79.01 77.0 79.0 77.01 79.01 77.03 79.03 44.94 46.65 44.42 46.14 43.91 45.65 43.42 45.18 93.3 91.42 93.64 91.76 93.98 92.11 2.0 0.0 2.24 1.0 2.83 2.0 3.61 3.0 113.23 112.07 66.07 67.62 26.31 26.08 99.54 98.79 7.07 5.83 71.55 70.68 75.29 73.76 79.56 79.08 38.83 38.47 39.62 40.02 74.33 
79.1 81.1 79.06 81.06 79.03 81.02 79.01 81.01 79.0 81.0 79.01 81.01 47.17 48.88 46.65 48.37 46.14 47.89 45.65 47.41 94.92 93.05 95.27 93.41 95.63 93.78 1.0 2.24 0.0 2.0 1.0 2.24 2.0 2.83 115.43 114.28 68.25 69.81 28.44 28.16 101.77 101.02 6.71 6.08 73.79 72.92 77.34 75.82 81.74 81.25 41.0 40.61 41.0 41.48 75.71 
77.1 79.1 77.06 79.06 77.03 79.03 77.01 79.01 77.0 79.0 77.01 79.01 45.49 47.17 44.94 46.65 44.42 46.14 43.91 45.65 94.24 92.36 94.58 92.7 94.92 93.05 2.24 1.0 2.0 0.0 2.24 1.0 2.83 2.0 113.81 112.65 66.71 68.25 26.48 26.17 99.92 99.16 7.81 6.71 72.01 71.11 76.06 74.52 79.81 79.31 39.05 38.64 40.61 41.0 75.31 
79.16 81.15 79.1 81.1 79.06 81.06 79.03 81.02 79.01 81.01 79.0 81.0 47.71 49.4 47.17 48.88 46.65 48.37 46.14 47.89 95.86 93.98 96.21 94.34 96.57 94.7 2.0 2.83 1.0 2.24 0.0 2.0 1.0 2.24 116.02 114.86 68.88 70.43 28.64 28.28 102.16 101.39 7.62 7.07 74.24 73.35 78.1 76.58 82.01 81.49 41.23 40.79 41.98 42.45 76.69 
77.16 79.16 77.1 79.1 77.06 79.06 77.03 79.03 77.01 79.01 77.0 79.0 46.04 47.71 45.49 47.17 44.94 46.65 44.42 46.14 95.19 93.3 95.52 93.64 95.86 93.98 2.83 2.0 2.24 1.0 2.0 0.0 2.24 1.0 114.4 113.23 67.36 68.88 26.68 26.31 100.32 99.54 8.6 7.62 72.47 71.55 76.84 75.29 80.08 79.56 39.29 38.83 41.59 41.98 76.3 
79.23 81.22 79.16 81.15 79.1 81.1 79.06 81.06 79.03 81.02 79.01 81.01 48.26 49.93 47.71 49.4 47.17 48.88 46.65 48.37 96.8 94.92 97.14 95.27 97.5 95.63 3.0 3.61 2.0 2.83 1.0 2.24 0.0 2.0 116.61 115.43 69.53 71.06 28.86 28.44 102.55 101.77 8.54 8.06 74.71 73.79 78.87 77.34 82.28 81.74 41.48 41.0 42.95 43.42 77.67 
77.23 79.23 77.16 79.16 77.1 79.1 77.06 79.06 77.03 79.03 77.01 79.01 46.62 48.26 46.04 47.71 45.49 47.17 44.94 46.65 96.14 94.24 96.46 94.58 96.8 94.92 3.61 3.0 2.83 2.0 2.24 1.0 2.0 0.0 115.0 113.81 68.01 69.53 26.93 26.48 100.72 99.92 9.43 8.54 72.95 72.01 77.62 76.06 80.36 79.81 39.56 39.05 42.58 42.95 77.28 
64.76 64.33 65.73 65.31 66.71 66.29 67.68 67.27 68.66 68.25 69.63 69.23 68.41 66.84 69.03 67.48 69.66 68.12 70.29 68.77 64.85 64.2 63.91 63.25 62.97 62.3 114.86 113.23 115.43 113.81 116.02 114.4 116.61 115.0 0.0 2.0 47.51 45.79 90.55 91.93 28.0 30.0 114.59 112.9 44.05 45.61 44.72 45.12 48.38 50.29 79.25 80.72 89.19 87.28 78.31 
62.82 62.37 63.79 63.35 64.76 64.33 65.73 65.31 66.71 66.29 67.68 67.27 67.2 65.6 67.8 66.22 68.41 66.84 69.03 67.48 65.55 64.85 64.62 63.91 63.69 62.97 113.72 112.07 114.28 112.65 114.86 113.23 115.43 113.81 2.0 0.0 46.53 44.78 89.2 90.55 26.0 28.0 113.53 111.83 42.52 44.05 44.41 44.72 46.49 48.38 77.79 79.25 88.6 86.68 78.52 
46.87 48.01 47.71 48.83 48.55 49.65 49.4 50.48 50.25 51.31 51.11 52.15 22.2 21.1 23.02 21.95 23.85 22.83 24.7 23.71 50.16 48.33 49.77 47.93 49.4 47.54 67.62 66.07 68.25 66.71 68.88 67.36 69.53 68.01 47.51 46.53 0.0 2.0 45.49 47.17 41.19 41.44 67.12 65.46 16.4 17.69 16.28 14.32 34.06 35.38 36.4 38.28 44.1 42.11 48.27 
45.79 46.87 46.65 47.71 47.51 48.55 48.37 49.4 49.24 50.25 50.12 51.11 23.43 22.2 24.21 23.02 25.0 23.85 25.81 24.7 50.99 49.19 50.57 48.75 50.16 48.33 69.2 67.62 69.81 68.25 70.43 68.88 71.06 69.53 45.79 44.78 2.0 0.0 46.62 48.26 39.2 39.46 68.8 67.12 14.87 16.28 16.76 14.87 32.56 33.94 37.16 39.0 46.1 44.1 49.82 
51.01 53.01 51.04 53.04 51.09 53.08 51.16 53.15 51.24 53.24 51.35 53.34 23.32 24.41 22.47 23.6 21.63 22.8 20.81 22.02 84.15 82.15 84.21 82.22 84.29 82.3 28.28 26.31 28.44 26.48 28.64 26.68 28.86 26.93 90.55 89.2 45.49 46.62 0.0 2.0 74.24 73.35 31.02 29.02 47.2 46.04 58.31 56.46 53.45 52.89 12.65 12.17 39.82 38.91 70.04 
51.01 53.01 51.0 53.0 51.01 53.01 51.04 53.04 51.09 53.08 51.16 53.15 25.06 26.08 24.19 25.24 23.32 24.41 22.47 23.6 86.15 84.15 86.21 84.21 86.28 84.29 28.07 26.08 28.16 26.17 28.28 26.31 28.44 26.48 91.93 90.55 47.17 48.26 2.0 0.0 75.18 74.24 31.14 29.15 48.41 47.2 60.17 58.31 54.08 53.45 13.42 12.65 41.59 40.72 72.01 
38.08 37.34 39.0 38.28 39.92 39.22 40.85 40.16 41.79 41.11 42.72 42.06 55.79 53.85 56.04 54.12 56.32 54.41 56.61 54.71 78.87 77.62 78.1 76.84 77.34 76.06 101.39 99.54 101.77 99.92 102.16 100.32 102.55 100.72 28.0 26.0 41.19 39.2 74.24 75.18 0.0 2.0 102.46 100.57 28.64 29.12 48.33 47.54 23.43 25.0 61.77 62.77 85.01 83.01 85.49 
36.25 35.47 37.16 36.4 38.08 37.34 39.0 38.28 39.92 39.22 40.85 40.16 55.32 53.37 55.54 53.6 55.79 53.85 56.04 54.12 80.16 78.87 79.4 78.1 78.64 77.34 100.66 98.79 101.02 99.16 101.39 99.54 101.77 99.92 30.0 28.0 41.44 39.46 73.35 74.24 2.0 0.0 101.83 99.93 28.28 28.64 49.19 48.33 21.93 23.43 60.83 61.77 85.05 83.05 86.33 
82.02 84.02 82.05 84.05 82.1 84.1 82.15 84.15 82.22 84.21 82.3 84.29 47.01 48.85 46.62 48.47 46.24 48.1 45.88 47.76 90.47 88.64 90.87 89.05 91.29 89.47 5.83 7.07 6.71 7.81 7.62 8.6 8.54 9.43 114.59 113.53 67.12 68.8 31.02 31.14 102.46 101.83 0.0 2.0 74.09 73.39 74.95 73.55 83.36 83.02 43.1 43.01 36.06 36.77 70.6 
80.02 82.02 80.06 82.05 80.1 82.1 80.16 82.15 80.22 82.22 80.31 82.3 45.19 47.01 44.78 46.62 44.38 46.24 44.01 45.88 89.69 87.85 90.08 88.24 90.47 88.64 5.1 5.83 6.08 6.71 7.07 7.62 8.06 8.54 112.9 111.83 65.46 67.12 29.02 29.15 100.57 99.93 2.0 0.0 72.24 71.51 73.55 72.12 81.39 81.05 41.11 41.01 35.44 36.06 70.09 
31.78 32.65 32.7 33.54 33.62 34.44 34.54 35.34 35.47 36.25 36.4 37.16 27.2 25.3 27.51 25.63 27.86 26.0 28.23 26.4 65.0 63.29 64.5 62.77 64.01 62.27 73.35 71.55 73.79 72.01 74.24 72.47 74.71 72.95 44.05 42.52 16.4 14.87 47.2 48.41 28.64 28.28 74.09 72.24 0.0 2.0 30.53 28.84 17.69 19.1 35.38 36.77 57.43 55.44 64.66 
29.97 30.89 30.87 31.76 31.78 32.65 32.7 33.54 33.62 34.44 34.54 35.34 26.68 24.74 26.93 25.0 27.2 25.3 27.51 25.63 66.73 65.0 66.24 64.5 65.76 64.01 72.5 70.68 72.92 71.11 73.35 71.55 73.79 72.01 45.61 44.05 17.69 16.28 46.04 47.2 29.12 28.64 73.39 71.51 2.0 0.0 32.25 30.53 16.4 17.69 34.06 35.38 57.71 55.73 65.95 
62.18 63.13 63.06 64.01 63.95 64.88 64.85 65.76 65.74 66.65 66.64 67.54 35.44 34.93 36.4 35.9 37.36 36.88 38.33 37.85 34.48 32.76 34.0 32.25 33.54 31.76 76.58 75.29 77.34 76.06 78.1 76.84 78.87 77.62 44.72 44.41 16.28 16.76 58.31 60.17 48.33 49.19 74.95 73.55 30.53 32.25 0.0 2.0 47.8 49.41 50.99 52.95 45.19 43.38 37.16 
60.42 61.4 61.29 62.27 62.18 63.13 63.06 64.01 63.95 64.88 64.85 65.76 33.53 32.98 34.48 33.96 35.44 34.93 36.4 35.9 36.24 34.48 35.78 34.0 35.34 33.54 75.07 73.76 75.82 74.52 76.58 75.29 77.34 76.06 45.12 44.72 14.32 14.87 56.46 58.31 47.54 48.33 73.55 72.12 28.84 30.53 2.0 0.0 46.23 47.8 49.03 50.99 44.38 42.54 38.01 
17.0 17.12 18.0 18.11 19.0 19.1 20.0 20.1 21.0 21.1 22.0 22.09 39.2 37.22 39.12 37.12 39.05 37.05 39.01 37.01 82.1 80.45 81.54 79.88 80.99 79.32 81.49 79.56 81.74 79.81 82.01 80.08 82.28 80.36 48.38 46.49 34.06 32.56 53.45 54.08 23.43 21.93 83.36 81.39 17.69 16.4 47.8 46.23 0.0 2.0 40.8 41.44 72.53 70.6 82.33 
15.0 15.13 16.0 16.12 17.0 17.12 18.0 18.11 19.0 19.1 20.0 20.1 39.46 37.48 39.32 37.34 39.2 37.22 39.12 37.12 83.76 82.1 83.22 81.54 82.68 80.99 81.02 79.08 81.25 79.31 81.49 79.56 81.74 79.81 50.29 48.38 35.38 33.94 52.89 53.45 25.0 23.43 83.02 81.05 19.1 17.69 49.41 47.8 2.0 0.0 40.26 40.8 73.08 71.17 83.63 
39.32 41.3 39.46 41.44 39.62 41.59 39.81 41.77 40.02 41.98 40.26 42.2 16.0 16.12 15.0 15.13 14.0 14.14 13.0 13.15 80.31 78.31 80.22 78.23 80.16 78.16 40.79 38.83 41.0 39.05 41.23 39.29 41.48 39.56 79.25 77.79 36.4 37.16 12.65 13.42 61.77 60.83 43.1 41.11 35.38 34.06 50.99 49.03 40.8 40.26 0.0 2.0 43.84 42.45 69.29 
39.12 41.11 39.2 41.19 39.32 41.3 39.46 41.44 39.62 41.59 39.81 41.77 18.0 18.11 17.0 17.12 16.0 16.12 15.0 15.13 82.3 80.31 82.22 80.22 82.15 80.16 40.45 38.47 40.61 38.64 40.79 38.83 41.0 39.05 80.72 79.25 38.28 39.0 12.17 12.65 62.77 61.77 43.01 41.01 36.77 35.38 52.95 50.99 41.44 40.8 2.0 0.0 45.28 43.93 71.17 
78.71 80.5 79.18 80.95 79.65 81.41 80.13 81.88 80.62 82.37 81.12 82.86 34.44 36.25 34.89 36.67 35.36 37.12 35.85 37.59 54.56 52.77 55.01 53.24 55.47 53.71 40.02 39.62 41.0 40.61 41.98 41.59 42.95 42.58 89.19 88.6 44.1 46.1 39.82 41.59 85.01 85.05 36.06 35.44 57.43 57.71 45.19 44.38 72.53 73.08 43.84 45.28 0.0 2.0 34.71 
76.94 78.71 77.41 79.18 77.9 79.65 78.39 80.13 78.89 80.62 79.4 81.12 32.65 34.44 33.12 34.89 33.62 35.36 34.13 35.85 53.71 51.89 54.13 52.33 54.56 52.77 40.52 40.02 41.48 41.0 42.45 41.98 43.42 42.95 87.28 86.68 42.11 44.1 38.91 40.72 83.01 83.05 36.77 36.06 55.44 55.73 43.38 42.54 70.6 71.17 42.45 43.93 2.0 0.0 34.37 
94.18 95.52 94.92 96.26 95.67 97.0 96.43 97.74 97.19 98.49 97.95 99.25 54.56 55.47 55.46 56.36 56.36 57.25 57.27 58.14 22.67 21.4 23.43 22.2 24.21 23.02 74.73 74.33 75.71 75.31 76.69 76.3 77.67 77.28 78.31 78.52 48.27 49.82 70.04 72.01 85.49 86.33 70.6 70.09 64.66 65.95 37.16 38.01 82.33 83.63 69.29 71.17 34.71 34.37 0.0 
