15
0.0 2.0 1.0 2.24 2.0 2.83 3.0 3.61 4.0 4.47 5.0 5.39 5.66 7.21 11.7 
2.0 0.0 2.24 1.0 2.83 2.0 3.61 3.0 4.47 4.0 5.39 5.0 4.47 5.66 13.6 
1.0 2.24 0.0 2.0 1.0 2.24 2.0 2.83 3.0 3.61 4.0 4.47 6.4 7.81 11.4 
2.24 1.0 2.0 0.0 2.24 1.0 2.83 2.0 3.61 3.0 4.47 4.0 5.39 6.4 13.34 
2.0 2.83 1.0 2.24 0.0 2.0 1.0 2.24 2.0 2.83 3.0 3.61 7.21 8.49 11.18 
2.83 2.0 2.24 1.0 2.0 0.0 2.24 1.0 2.83 2.0 3.61 3.0 6.32 7.21 13.15 
3.0 3.61 2.0 2.83 1.0 2.24 0.0 2.0 1.0 2.24 2.0 2.83 8.06 9.22 11.05 
3.61 3.0 2.83 2.0 2.24 1.0 2.0 0.0 2.24 1.0 2.83 2.0 7.28 8.06 13.04 
4.0 4.47 3.0 3.61 2.0 2.83 1.0 2.24 0.0 2.0 1.0 2.24 8.94 10.0 11.0 
4.47 4.0 3.61 3.0 2.83 2.0 2.24 1.0 2.0 0.0 2.24 1.0 8.25 8.94 13.0 
5.0 5.39 4.0 4.47 3.0 3.61 2.0 2.83 1.0 2.24 0.0 2.0 9.85 10.82 11.05 
5.39 5.0 4.47 4.0 3.61 3.0 2.83 2.0 2.24 1.0 2.0 0.0 9.22 9.85 13.04 
5.66 4.47 6.4 5.39 7.21 6.32 8.06 7.28 8.94 8.25 9.85 9.22 0.0 2.0 17.0 
7.21 5.66 7.81 6.4 8.49 7.21 9.22 8.06 10.0 8.94 10.82 9.85 2.0 0.0 18.79 
11.7 13.6 11.4 13.34 11.18 13.15 11.05 13.04 11.0 13.0 11.05 13.04 17.0 18.79 0.0 
