95
0.0 2.0 1.0 2.24 2.0 2.83 3.0 3.61 13.6 15.52 13.34 15.3 13.15 15.13 13.04 15.03 13.0 15.0 13.04 15.03 13.15 15.13 13.34 15.3 13.6 15.52 13.93 15.81 14.32 16.16 14.76 16.55 15.26 17.0 15.81 17.49 1.0 2.24 19.03 21.02 20.52 21.93 19.1 21.1 10.63 12.21 47.0 47.04 12.65 14.56 47.43 49.34 11.66 12.81 7.21 5.66 12.04 14.04 12.04 12.37 41.11 43.01 29.02 31.02 43.57 45.54 18.44 20.4 31.38 33.24 8.06 10.05 24.52 25.0 37.7 38.48 42.38 44.27 8.25 10.2 35.01 37.01 7.81 6.4 10.82 9.85 43.46 45.31 15.03 17.03 16.4 17.69 5.1 5.83 17.26 
2.0 0.0 2.24 1.0 2.83 2.0 3.61 3.0 14.32 16.16 13.93 15.81 13.6 15.52 13.34 15.3 13.15 15.13 13.04 15.03 13.0 15.0 13.04 15.03 13.15 15.13 13.34 15.3 13.6 15.52 13.93 15.81 14.32 16.16 14.76 16.55 2.24 1.0 19.24 21.21 19.21 20.52 17.12 19.1 9.43 11.18 47.04 47.0 10.77 12.65 46.84 48.76 10.77 11.66 6.32 4.47 12.37 14.32 10.05 10.44 40.52 42.45 29.02 31.02 43.93 45.89 16.49 18.44 30.68 32.57 6.08 8.06 24.19 24.52 37.0 37.7 41.76 43.68 6.32 8.25 35.13 37.12 9.43 7.81 9.22 8.06 42.72 44.6 13.04 15.03 14.87 16.28 7.07 7.62 17.72 
1.0 2.24 0.0 2.0 1.0 2.24 2.0 2.83 12.65 14.56 12.37 14.32 12.17 14.14 12.04 14.04 12.0 14.0 12.04 14.04 12.17 14.14 12.37 14.32 12.65 14.56 13.0 14.87 13.42 15.23 13.89 15.65 14.42 16.12 15.0 16.64 2.0 2.83 18.03 20.02 19.8 21.26 19.03 21.02 9.9 11.4 46.0 46.04 13.0 14.87 46.49 48.38 10.82 12.04 8.06 6.4 11.05 13.04 12.0 12.17 40.16 42.06 28.02 30.02 42.58 44.55 18.25 20.22 30.46 32.31 8.25 10.2 23.54 24.04 36.77 37.58 41.44 43.32 8.54 10.44 34.01 36.01 7.21 5.66 11.4 10.3 42.54 44.38 15.13 17.12 15.81 17.03 5.0 5.39 16.28 
2.24 1.0 2.0 0.0 2.24 1.0 2.83 2.0 13.42 15.23 13.0 14.87 12.65 14.56 12.37 14.32 12.17 14.14 12.04 14.04 12.0 14.0 12.04 14.04 12.17 14.14 12.37 14.32 12.65 14.56 13.0 14.87 13.42 15.23 13.89 15.65 2.83 2.0 18.25 20.22 18.44 19.8 17.03 19.03 8.6 10.3 46.04 46.0 11.18 13.0 45.88 47.8 9.85 10.82 7.28 5.39 11.4 13.34 10.0 10.2 39.56 41.48 28.02 30.02 42.95 44.91 16.28 18.25 29.73 31.62 6.32 8.25 23.19 23.54 36.06 36.77 40.8 42.72 6.71 8.54 34.13 36.12 8.94 7.21 9.9 8.6 41.79 43.66 13.15 15.13 14.21 15.56 7.0 7.28 16.76 
2.0 2.83 1.0 2.24 0.0 2.0 1.0 2.24 11.7 13.6 11.4 13.34 11.18 13.15 11.05 13.04 11.0 13.0 11.05 13.04 11.18 13.15 11.4 13.34 11.7 13.6 12.08 13.93 12.53 14.32 13.04 14.76 13.6 15.26 14.21 15.81 3.0 3.61 17.03 19.03 19.1 20.62 19.0 21.0 9.22 10.63 45.0 45.04 13.42 15.23 45.54 47.43 10.0 11.31 8.94 7.21 10.05 12.04 12.04 12.04 39.22 41.11 27.02 29.02 41.59 43.57 18.11 20.1 29.55 31.38 8.54 10.44 22.56 23.09 35.85 36.67 40.5 42.38 8.94 10.77 33.02 35.01 6.71 5.0 12.04 10.82 41.63 43.46 15.3 17.26 15.26 16.4 5.1 5.1 15.3 
2.83 2.0 2.24 1.0 2.0 0.0 2.24 1.0 12.53 14.32 12.08 13.93 11.7 13.6 11.4 13.34 11.18 13.15 11.05 13.04 11.0 13.0 11.05 13.04 11.18 13.15 11.4 13.34 11.7 13.6 12.08 13.93 12.53 14.32 13.04 14.76 3.61 3.0 17.26 19.24 17.69 19.1 17.0 19.0 7.81 9.43 45.04 45.0 11.66 13.42 44.92 46.84 8.94 10.0 8.25 6.32 10.44 12.37 10.05 10.05 38.6 40.52 27.02 29.02 41.98 43.93 16.12 18.11 28.79 30.68 6.71 8.54 22.2 22.56 35.11 35.85 39.85 41.76 7.21 8.94 33.14 35.13 8.54 6.71 10.63 9.22 40.85 42.72 13.34 15.3 13.6 14.87 7.07 7.07 15.81 
3.0 3.61 2.0 2.83 1.0 2.24 0.0 2.0 10.77 12.65 10.44 12.37 10.2 12.17 10.05 12.04 10.0 12.0 10.05 12.04 10.2 12.17 10.44 12.37 10.77 12.65 11.18 13.0 11.66 13.42 12.21 13.89 12.81 14.42 13.45 15.0 4.0 4.47 16.03 18.03 18.44 20.0 19.03 21.02 8.6 9.9 44.0 44.05 13.89 15.65 44.6 46.49 9.22 10.63 9.85 8.06 9.06 11.05 12.17 12.0 38.28 40.16 26.02 28.02 40.61 42.58 18.03 20.02 28.64 30.46 8.94 10.77 21.59 22.14 34.93 35.78 39.56 41.44 9.43 11.18 32.02 34.01 6.32 4.47 12.73 11.4 40.72 42.54 15.52 17.46 14.76 15.81 5.39 5.0 14.32 
3.61 3.0 2.83 2.0 2.24 1.0 2.0 0.0 11.66 13.42 11.18 13.0 10.77 12.65 10.44 12.37 10.2 12.17 10.05 12.04 10.0 12.0 10.05 12.04 10.2 12.17 10.44 12.37 10.77 12.65 11.18 13.0 11.66 13.42 12.21 13.89 4.47 4.0 16.28 18.25 16.97 18.44 17.03 19.03 7.07 8.6 44.05 44.0 12.21 13.89 43.97 45.88 8.06 9.22 9.22 7.28 9.49 11.4 10.2 10.0 37.64 39.56 26.02 28.02 41.0 42.95 16.03 18.03 27.86 29.73 7.21 8.94 21.21 21.59 34.18 34.93 38.9 40.8 7.81 9.43 32.14 34.13 8.25 6.32 11.4 9.9 39.92 41.79 13.6 15.52 13.04 14.21 7.28 7.0 14.87 
13.6 14.32 12.65 13.42 11.7 12.53 10.77 11.66 0.0 2.0 1.0 2.24 2.0 2.83 3.0 3.61 4.0 4.47 5.0 5.39 6.0 6.32 7.0 7.28 8.0 8.25 9.0 9.22 10.0 10.2 11.0 11.18 12.0 12.17 13.0 13.15 14.56 15.23 6.71 8.54 18.11 20.1 25.5 27.31 12.08 11.4 34.23 34.53 23.35 24.76 37.22 38.95 10.44 12.37 20.62 18.79 3.16 3.16 20.0 18.87 31.06 32.76 16.76 18.68 30.15 32.14 23.77 25.63 22.63 24.08 18.44 19.8 14.21 15.56 28.43 29.73 32.45 34.13 19.21 20.52 22.2 24.19 8.25 8.0 23.02 21.4 34.21 35.81 23.6 25.24 17.26 17.03 12.04 10.05 4.12 
15.52 16.16 14.56 15.23 13.6 14.32 12.65 13.42 2.0 0.0 2.24 1.0 2.83 2.0 3.61 3.0 4.47 4.0 5.39 5.0 6.32 6.0 7.28 7.0 8.25 8.0 9.22 9.0 10.2 10.0 11.18 11.0 12.17 12.0 13.15 13.0 16.49 17.09 5.0 6.71 18.0 20.0 26.42 28.18 13.04 12.08 32.25 32.56 24.84 26.17 35.51 37.22 11.18 13.0 22.47 20.62 4.24 3.16 21.26 20.0 29.41 31.06 14.87 16.76 28.16 30.15 24.6 26.4 21.26 22.63 20.0 21.26 12.73 14.21 26.91 28.28 30.81 32.45 20.81 22.02 20.22 22.2 10.2 10.0 24.7 23.02 32.65 34.21 24.84 26.4 17.72 17.26 14.04 12.04 2.24 
13.34 13.93 12.37 13.0 11.4 12.08 10.44 11.18 1.0 2.24 0.0 2.0 1.0 2.24 2.0 2.83 3.0 3.61 4.0 4.47 5.0 5.39 6.0 6.32 7.0 7.28 8.0 8.25 9.0 9.22 10.0 10.2 11.0 11.18 12.0 12.17 14.32 14.87 6.32 8.25 17.12 19.1 24.6 26.4 11.18 10.44 34.13 34.37 22.67 24.04 36.72 38.47 9.49 11.4 20.25 18.38 2.24 2.24 19.21 18.03 30.53 32.25 16.49 18.44 30.27 32.25 22.85 24.7 21.93 23.43 17.8 19.1 13.6 14.87 27.8 29.07 31.91 33.62 18.6 19.85 22.09 24.08 8.54 8.06 22.47 20.81 33.6 35.23 22.8 24.41 16.28 16.03 12.17 10.2 4.0 
15.3 15.81 14.32 14.87 13.34 13.93 12.37 13.0 2.24 1.0 2.0 0.0 2.24 1.0 2.83 2.0 3.61 3.0 4.47 4.0 5.39 5.0 6.32 6.0 7.28 7.0 8.25 8.0 9.22 9.0 10.2 10.0 11.18 11.0 12.17 12.0 16.28 16.76 4.47 6.32 17.0 19.0 25.55 27.29 12.21 11.18 32.14 32.39 24.21 25.5 34.99 36.72 10.3 12.08 22.14 20.25 3.61 2.24 20.52 19.21 28.84 30.53 14.56 16.49 28.28 30.27 23.71 25.5 20.52 21.93 19.42 20.62 12.04 13.45 26.25 27.59 30.23 31.91 20.25 21.4 20.1 22.09 10.44 10.05 24.19 22.47 32.02 33.6 24.08 25.61 16.76 16.28 14.14 12.17 2.0 
13.15 13.6 12.17 12.65 11.18 11.7 10.2 10.77 2.0 2.83 1.0 2.24 0.0 2.0 1.0 2.24 2.0 2.83 3.0 3.61 4.0 4.47 5.0 5.39 6.0 6.32 7.0 7.28 8.0 8.25 9.0 9.22 10.0 10.2 11.0 11.18 14.14 14.56 6.08 8.06 16.12 18.11 23.71 25.5 10.3 9.49 34.06 34.23 22.02 23.35 36.24 38.01 8.54 10.44 19.92 18.03 1.41 1.41 18.44 17.2 30.02 31.76 16.28 18.25 30.41 32.39 21.93 23.77 21.26 22.8 17.2 18.44 13.04 14.21 27.2 28.43 31.38 33.12 18.03 19.21 22.02 24.02 8.94 8.25 21.95 20.25 33.02 34.67 22.02 23.6 15.3 15.03 12.37 10.44 4.12 
15.13 15.52 14.14 14.56 13.15 13.6 12.17 12.65 2.83 2.0 2.24 1.0 2.0 0.0 2.24 1.0 2.83 2.0 3.61 3.0 4.47 4.0 5.39 5.0 6.32 6.0 7.28 7.0 8.25 8.0 9.22 9.0 10.2 10.0 11.18 11.0 16.12 16.49 4.12 6.08 16.0 18.0 24.7 26.42 11.4 10.3 32.06 32.25 23.6 24.84 34.48 36.24 9.43 11.18 21.84 19.92 3.16 1.41 19.8 18.44 28.3 30.02 14.32 16.28 28.44 30.41 22.83 24.6 19.8 21.26 18.87 20.0 11.4 12.73 25.61 26.91 29.68 31.38 19.72 20.81 20.02 22.02 10.77 10.2 23.71 21.95 31.4 33.02 23.35 24.84 15.81 15.3 14.32 12.37 2.24 
13.04 13.34 12.04 12.37 11.05 11.4 10.05 10.44 3.0 3.61 2.0 2.83 1.0 2.24 0.0 2.0 1.0 2.24 2.0 2.83 3.0 3.61 4.0 4.47 5.0 5.39 6.0 6.32 7.0 7.28 8.0 8.25 9.0 9.22 10.0 10.2 14.04 14.32 6.0 8.0 15.13 17.12 22.83 24.6 9.43 8.54 34.01 34.13 21.4 22.67 35.78 37.58 7.62 9.49 19.65 17.72 1.0 1.0 17.69 16.4 29.53 31.3 16.12 18.11 30.59 32.56 21.02 22.85 20.62 22.2 16.64 17.8 12.53 13.6 26.63 27.8 30.89 32.65 17.49 18.6 22.0 24.0 9.43 8.54 21.47 19.72 32.45 34.13 21.26 22.8 14.32 14.04 12.65 10.77 4.47 
15.03 15.3 14.04 14.32 13.04 13.34 12.04 12.37 3.61 3.0 2.83 2.0 2.24 1.0 2.0 0.0 2.24 1.0 2.83 2.0 3.61 3.0 4.47 4.0 5.39 5.0 6.32 6.0 7.28 7.0 8.25 8.0 9.22 9.0 10.2 10.0 16.03 16.28 4.0 6.0 15.0 17.0 23.85 25.55 10.63 9.43 32.02 32.14 23.02 24.21 34.0 35.78 8.6 10.3 21.59 19.65 3.0 1.0 19.1 17.69 27.78 29.53 14.14 16.12 28.64 30.59 21.95 23.71 19.1 20.62 18.36 19.42 10.82 12.04 25.0 26.25 29.15 30.89 19.24 20.25 20.0 22.0 11.18 10.44 23.26 21.47 30.81 32.45 22.63 24.08 14.87 14.32 14.56 12.65 2.83 
13.0 13.15 12.0 12.17 11.0 11.18 10.0 10.2 4.0 4.47 3.0 3.61 2.0 2.83 1.0 2.24 0.0 2.0 1.0 2.24 2.0 2.83 3.0 3.61 4.0 4.47 5.0 5.39 6.0 6.32 7.0 7.28 8.0 8.25 9.0 9.22 14.0 14.14 6.08 8.06 14.14 16.12 21.95 23.71 8.6 7.62 34.0 34.06 20.81 22.02 35.34 37.16 6.71 8.54 19.42 17.46 1.41 1.41 16.97 15.62 29.07 30.87 16.03 18.03 30.81 32.76 20.12 21.93 20.0 21.63 16.12 17.2 12.08 13.04 26.08 27.2 30.41 32.2 17.0 18.03 22.02 24.02 10.0 8.94 21.02 19.24 31.91 33.62 20.52 22.02 13.34 13.04 13.0 11.18 5.0 
15.0 15.13 14.0 14.14 13.0 13.15 12.0 12.17 4.47 4.0 3.61 3.0 2.83 2.0 2.24 1.0 2.0 0.0 2.24 1.0 2.83 2.0 3.61 3.0 4.47 4.0 5.39 5.0 6.32 6.0 7.28 7.0 8.25 8.0 9.22 9.0 16.0 16.12 4.12 6.08 14.0 16.0 23.02 24.7 9.9 8.6 32.0 32.06 22.47 23.6 33.54 35.34 7.81 9.43 21.38 19.42 3.16 1.41 18.44 16.97 27.29 29.07 14.04 16.03 28.86 30.81 21.1 22.83 18.44 20.0 17.89 18.87 10.3 11.4 24.41 25.61 28.65 30.41 18.79 19.72 20.02 22.02 11.66 10.77 22.85 21.02 30.23 31.91 21.93 23.35 13.93 13.34 14.87 13.0 3.61 
13.04 13.04 12.04 12.04 11.05 11.05 10.05 10.05 5.0 5.39 4.0 4.47 3.0 3.61 2.0 2.83 1.0 2.24 0.0 2.0 1.0 2.24 2.0 2.83 3.0 3.61 4.0 4.47 5.0 5.39 6.0 6.32 7.0 7.28 8.0 8.25 14.04 14.04 6.32 8.25 13.15 15.13 21.1 22.83 7.81 6.71 34.01 34.01 20.25 21.4 34.93 36.77 5.83 7.62 19.24 17.26 2.24 2.24 16.28 14.87 28.64 30.46 16.0 18.0 31.05 32.98 19.24 21.02 19.42 21.1 15.65 16.64 11.7 12.53 25.55 26.63 29.97 31.78 16.55 17.49 22.09 24.08 10.63 9.43 20.62 18.79 31.38 33.12 19.8 21.26 12.37 12.04 13.42 11.66 5.66 
15.03 15.03 14.04 14.04 13.04 13.04 12.04 12.04 5.39 5.0 4.47 4.0 3.61 3.0 2.83 2.0 2.24 1.0 2.0 0.0 2.24 1.0 2.83 2.0 3.61 3.0 4.47 4.0 5.39 5.0 6.32 6.0 7.28 7.0 8.25 8.0 16.03 16.03 4.47 6.32 13.0 15.0 22.2 23.85 9.22 7.81 32.02 32.02 21.95 23.02 33.11 34.93 7.07 8.6 21.21 19.24 3.61 2.24 17.8 16.28 26.83 28.64 14.0 16.0 29.12 31.05 20.25 21.95 17.8 19.42 17.46 18.36 9.85 10.82 23.85 25.0 28.18 29.97 18.38 19.24 20.1 22.09 12.21 11.18 22.47 20.62 29.68 31.38 21.26 22.63 13.0 12.37 15.23 13.42 4.47 
13.15 13.0 12.17 12.0 11.18 11.0 10.2 10.0 6.0 6.32 5.0 5.39 4.0 4.47 3.0 3.61 2.0 2.83 1.0 2.24 0.0 2.0 1.0 2.24 2.0 2.83 3.0 3.61 4.0 4.47 5.0 5.39 6.0 6.32 7.0 7.28 14.14 14.0 6.71 8.54 12.17 14.14 20.25 21.95 7.07 5.83 34.06 34.0 19.72 20.81 34.54 36.4 5.0 6.71 19.1 17.12 3.16 3.16 15.62 14.14 28.23 30.08 16.03 18.03 31.32 33.24 18.36 20.12 18.87 20.59 15.23 16.12 11.4 12.08 25.06 26.08 29.55 31.38 16.16 17.0 22.2 24.19 11.31 10.0 20.25 18.38 30.89 32.65 19.1 20.52 11.4 11.05 13.89 12.21 6.4 
15.13 15.0 14.14 14.0 13.15 13.0 12.17 12.0 6.32 6.0 5.39 5.0 4.47 4.0 3.61 3.0 2.83 2.0 2.24 1.0 2.0 0.0 2.24 1.0 2.83 2.0 3.61 3.0 4.47 4.0 5.39 5.0 6.32 6.0 7.28 7.0 16.12 16.0 5.0 6.71 12.0 14.0 21.4 23.02 8.6 7.07 32.06 32.0 21.47 22.47 32.7 34.54 6.4 7.81 21.1 19.1 4.24 3.16 17.2 15.62 26.4 28.23 14.04 16.03 29.41 31.32 19.42 21.1 17.2 18.87 17.09 17.89 9.49 10.3 23.32 24.41 27.73 29.55 18.03 18.79 20.22 22.2 12.81 11.66 22.14 20.25 29.15 30.89 20.62 21.93 12.08 11.4 15.65 13.89 5.39 
13.34 13.04 12.37 12.04 11.4 11.05 10.44 10.05 7.0 7.28 6.0 6.32 5.0 5.39 4.0 4.47 3.0 3.61 2.0 2.83 1.0 2.24 0.0 2.0 1.0 2.24 2.0 2.83 3.0 3.61 4.0 4.47 5.0 5.39 6.0 6.32 14.32 14.04 7.21 8.94 11.18 13.15 19.42 21.1 6.4 5.0 34.13 34.01 19.24 20.25 34.18 36.06 4.24 5.83 19.03 17.03 4.12 4.12 15.0 13.45 27.86 29.73 16.12 18.11 31.62 33.53 17.49 19.24 18.36 20.12 14.87 15.65 11.18 11.7 24.6 25.55 29.15 31.02 15.81 16.55 22.36 24.33 12.04 10.63 19.92 18.03 30.41 32.2 18.44 19.8 10.44 10.05 14.42 12.81 7.21 
15.3 15.03 14.32 14.04 13.34 13.04 12.37 12.04 7.28 7.0 6.32 6.0 5.39 5.0 4.47 4.0 3.61 3.0 2.83 2.0 2.24 1.0 2.0 0.0 2.24 1.0 2.83 2.0 3.61 3.0 4.47 4.0 5.39 5.0 6.32 6.0 16.28 16.03 5.66 7.21 11.0 13.0 20.62 22.2 8.06 6.4 32.14 32.02 21.02 21.95 32.31 34.18 5.83 7.07 21.02 19.03 5.0 4.12 16.64 15.0 26.0 27.86 14.14 16.12 29.73 31.62 18.6 20.25 16.64 18.36 16.76 17.46 9.22 9.85 22.83 23.85 27.31 29.15 17.72 18.38 20.4 22.36 13.45 12.21 21.84 19.92 28.65 30.41 20.0 21.26 11.18 10.44 16.12 14.42 6.32 
13.6 13.15 12.65 12.17 11.7 11.18 10.77 10.2 8.0 8.25 7.0 7.28 6.0 6.32 5.0 5.39 4.0 4.47 3.0 3.61 2.0 2.83 1.0 2.24 0.0 2.0 1.0 2.24 2.0 2.83 3.0 3.61 4.0 4.47 5.0 5.39 14.56 14.14 7.81 9.43 10.2 12.17 18.6 20.25 5.83 4.24 34.23 34.06 18.79 19.72 33.84 35.74 3.61 5.0 19.0 17.0 5.1 5.1 14.42 12.81 27.51 29.41 16.28 18.25 31.95 33.84 16.64 18.36 17.89 19.7 14.56 15.23 11.05 11.4 24.17 25.06 28.79 30.68 15.52 16.16 22.56 24.52 12.81 11.31 19.65 17.72 29.97 31.78 17.8 19.1 9.49 9.06 15.0 13.45 8.06 
15.52 15.13 14.56 14.14 13.6 13.15 12.65 12.17 8.25 8.0 7.28 7.0 6.32 6.0 5.39 5.0 4.47 4.0 3.61 3.0 2.83 2.0 2.24 1.0 2.0 0.0 2.24 1.0 2.83 2.0 3.61 3.0 4.47 4.0 5.39 5.0 16.49 16.12 6.4 7.81 10.0 12.0 19.85 21.4 7.62 5.83 32.25 32.06 20.62 21.47 31.95 33.84 5.39 6.4 21.0 19.0 5.83 5.1 16.12 14.42 25.63 27.51 14.32 16.28 30.08 31.95 17.8 19.42 16.12 17.89 16.49 17.09 9.06 9.49 22.36 23.32 26.93 28.79 17.46 18.03 20.62 22.56 14.14 12.81 21.59 19.65 28.18 29.97 19.42 20.62 10.3 9.49 16.64 15.0 7.28 
13.93 13.34 13.0 12.37 12.08 11.4 11.18 10.44 9.0 9.22 8.0 8.25 7.0 7.28 6.0 6.32 5.0 5.39 4.0 4.47 3.0 3.61 2.0 2.83 1.0 2.24 0.0 2.0 1.0 2.24 2.0 2.83 3.0 3.61 4.0 4.47 14.87 14.32 8.49 10.0 9.22 11.18 17.8 19.42 5.39 3.61 34.37 34.13 18.38 19.24 33.53 35.44 3.16 4.24 19.03 17.03 6.08 6.08 13.89 12.21 27.2 29.12 16.49 18.44 32.31 34.18 15.81 17.49 17.46 19.31 14.32 14.87 11.0 11.18 23.77 24.6 28.46 30.36 15.3 15.81 22.8 24.74 13.6 12.04 19.42 17.46 29.55 31.38 17.2 18.44 8.54 8.06 15.62 14.14 8.94 
15.81 15.3 14.87 14.32 13.93 13.34 13.0 12.37 9.22 9.0 8.25 8.0 7.28 7.0 6.32 6.0 5.39 5.0 4.47 4.0 3.61 3.0 2.83 2.0 2.24 1.0 2.0 0.0 2.24 1.0 2.83 2.0 3.61 3.0 4.47 4.0 16.76 16.28 7.21 8.49 9.0 11.0 19.1 20.62 7.28 5.39 32.39 32.14 20.25 21.02 31.62 33.53 5.1 5.83 21.02 19.03 6.71 6.08 15.65 13.89 25.3 27.2 14.56 16.49 30.46 32.31 17.03 18.6 15.65 17.46 16.28 16.76 9.0 9.22 21.93 22.83 26.57 28.46 17.26 17.72 20.88 22.8 14.87 13.45 21.38 19.42 27.73 29.55 18.87 20.0 9.43 8.54 17.2 15.62 8.25 
14.32 13.6 13.42 12.65 12.53 11.7 11.66 10.77 10.0 10.2 9.0 9.22 8.0 8.25 7.0 7.28 6.0 6.32 5.0 5.39 4.0 4.47 3.0 3.61 2.0 2.83 1.0 2.24 0.0 2.0 1.0 2.24 2.0 2.83 3.0 3.61 15.23 14.56 9.22 10.63 8.25 10.2 17.03 18.6 5.1 3.16 34.53 34.23 18.03 18.79 33.24 35.17 3.0 3.61 19.1 17.12 7.07 7.07 13.42 11.66 26.93 28.86 16.76 18.68 32.7 34.54 15.0 16.64 17.09 18.97 14.14 14.56 11.05 11.05 23.41 24.17 28.16 30.08 15.13 15.52 23.09 25.0 14.42 12.81 19.24 17.26 29.15 31.02 16.64 17.8 7.62 7.07 16.28 14.87 9.85 
16.16 15.52 15.23 14.56 14.32 13.6 13.42 12.65 10.2 10.0 9.22 9.0 8.25 8.0 7.28 7.0 6.32 6.0 5.39 5.0 4.47 4.0 3.61 3.0 2.83 2.0 2.24 1.0 2.0 0.0 2.24 1.0 2.83 2.0 3.61 3.0 17.09 16.49 8.06 9.22 8.0 10.0 18.38 19.85 7.07 5.1 32.56 32.25 19.92 20.62 31.32 33.24 5.0 5.39 21.1 19.1 7.62 7.07 15.23 13.42 25.0 26.93 14.87 16.76 30.87 32.7 16.28 17.8 15.23 17.09 16.12 16.49 9.06 9.06 21.54 22.36 26.25 28.16 17.12 17.46 21.19 23.09 15.62 14.14 21.21 19.24 27.31 29.15 18.36 19.42 8.6 7.62 17.8 16.28 9.22 
14.76 13.93 13.89 13.0 13.04 12.08 12.21 11.18 11.0 11.18 10.0 10.2 9.0 9.22 8.0 8.25 7.0 7.28 6.0 6.32 5.0 5.39 4.0 4.47 3.0 3.61 2.0 2.83 1.0 2.24 0.0 2.0 1.0 2.24 2.0 2.83 15.65 14.87 10.0 11.31 7.28 9.22 16.28 17.8 5.0 3.0 34.71 34.37 17.72 18.38 32.98 34.93 3.16 3.16 19.24 17.26 8.06 8.06 13.0 11.18 26.68 28.64 17.09 18.97 33.11 34.93 14.21 15.81 16.76 18.68 14.04 14.32 11.18 11.0 23.09 23.77 27.89 29.83 15.03 15.3 23.41 25.3 15.26 13.6 19.1 17.12 28.79 30.68 16.12 17.2 6.71 6.08 16.97 15.62 10.77 
16.55 15.81 15.65 14.87 14.76 13.93 13.89 13.0 11.18 11.0 10.2 10.0 9.22 9.0 8.25 8.0 7.28 7.0 6.32 6.0 5.39 5.0 4.47 4.0 3.61 3.0 2.83 2.0 2.24 1.0 2.0 0.0 2.24 1.0 2.83 2.0 17.46 16.76 8.94 10.0 7.0 9.0 17.69 19.1 7.0 5.0 32.76 32.39 19.65 20.25 31.05 32.98 5.1 5.1 21.21 19.24 8.54 8.06 14.87 13.0 24.74 26.68 15.23 17.09 31.3 33.11 15.56 17.03 14.87 16.76 16.03 16.28 9.22 9.0 21.19 21.93 25.96 27.89 17.03 17.26 21.54 23.41 16.4 14.87 21.1 19.1 26.93 28.79 17.89 18.87 7.81 6.71 18.44 16.97 10.2 
15.26 14.32 14.42 13.42 13.6 12.53 12.81 11.66 12.0 12.17 11.0 11.18 10.0 10.2 9.0 9.22 8.0 8.25 7.0 7.28 6.0 6.32 5.0 5.39 4.0 4.47 3.0 3.61 2.0 2.83 1.0 2.24 0.0 2.0 1.0 2.24 16.12 15.23 10.82 12.04 6.32 8.25 15.56 17.03 5.1 3.16 34.93 34.53 17.46 18.03 32.76 34.71 3.61 3.0 19.42 17.46 9.06 9.06 12.65 10.77 26.48 28.44 17.46 19.31 33.54 35.34 13.45 15.0 16.49 18.44 14.0 14.14 11.4 11.05 22.8 23.41 27.66 29.61 15.0 15.13 23.77 25.63 16.12 14.42 19.03 17.03 28.46 30.36 15.65 16.64 5.83 5.1 17.69 16.4 11.7 
17.0 16.16 16.12 15.23 15.26 14.32 14.42 13.42 12.17 12.0 11.18 11.0 10.2 10.0 9.22 9.0 8.25 8.0 7.28 7.0 6.32 6.0 5.39 5.0 4.47 4.0 3.61 3.0 2.83 2.0 2.24 1.0 2.0 0.0 2.24 1.0 17.89 17.09 9.85 10.82 6.0 8.0 17.03 18.38 7.07 5.1 32.98 32.56 19.42 19.92 30.81 32.76 5.39 5.0 21.38 19.42 9.49 9.06 14.56 12.65 24.52 26.48 15.65 17.46 31.76 33.54 14.87 16.28 14.56 16.49 16.0 16.12 9.49 9.06 20.88 21.54 25.71 27.66 17.0 17.12 21.93 23.77 17.2 15.62 21.02 19.03 26.57 28.46 17.46 18.36 7.07 5.83 19.1 17.69 11.18 
15.81 14.76 15.0 13.89 14.21 13.04 13.45 12.21 13.0 13.15 12.0 12.17 11.0 11.18 10.0 10.2 9.0 9.22 8.0 8.25 7.0 7.28 6.0 6.32 5.0 5.39 4.0 4.47 3.0 3.61 2.0 2.83 1.0 2.24 0.0 2.0 16.64 15.65 11.66 12.81 5.39 7.28 14.87 16.28 5.39 3.61 35.17 34.71 17.26 17.72 32.56 34.53 4.24 3.16 19.65 17.72 10.05 10.05 12.37 10.44 26.31 28.28 17.89 19.7 34.0 35.78 12.73 14.21 16.28 18.25 14.04 14.04 11.7 11.18 22.56 23.09 27.46 29.43 15.03 15.03 24.17 26.0 17.0 15.26 19.0 17.0 28.16 30.08 15.23 16.12 5.0 4.12 18.44 17.2 12.65 
17.49 16.55 16.64 15.65 15.81 14.76 15.0 13.89 13.15 13.0 12.17 12.0 11.18 11.0 10.2 10.0 9.22 9.0 8.25 8.0 7.28 7.0 6.32 6.0 5.39 5.0 4.47 4.0 3.61 3.0 2.83 2.0 2.24 1.0 2.0 0.0 18.36 17.46 10.77 11.66 5.0 7.0 16.4 17.69 7.28 5.39 33.24 32.76 19.24 19.65 30.59 32.56 5.83 5.1 21.59 19.65 10.44 10.05 14.32 12.37 24.33 26.31 16.12 17.89 32.25 34.0 14.21 15.56 14.32 16.28 16.03 16.03 9.85 9.22 20.62 21.19 25.5 27.46 17.03 17.03 22.36 24.17 18.03 16.4 21.0 19.0 26.25 28.16 17.09 17.89 6.4 5.0 19.8 18.44 12.17 
1.0 2.24 2.0 2.83 3.0 3.61 4.0 4.47 14.56 16.49 14.32 16.28 14.14 16.12 14.04 16.03 14.0 16.0 14.04 16.03 14.14 16.12 14.32 16.28 14.56 16.49 14.87 16.76 15.23 17.09 15.65 17.46 16.12 17.89 16.64 18.36 0.0 2.0 20.02 22.02 21.26 22.63 19.24 21.21 11.4 13.04 48.0 48.04 12.37 14.32 48.38 50.29 12.53 13.6 6.4 5.0 13.04 15.03 12.17 12.65 42.06 43.97 30.02 32.02 44.55 46.53 18.68 20.62 32.31 34.18 8.0 10.0 25.5 25.96 38.63 39.4 43.32 45.22 8.06 10.05 36.01 38.01 8.49 7.21 10.3 9.49 44.38 46.24 15.0 17.0 17.03 18.38 5.39 6.4 18.25 
2.24 1.0 2.83 2.0 3.61 3.0 4.47 4.0 15.23 17.09 14.87 16.76 14.56 16.49 14.32 16.28 14.14 16.12 14.04 16.03 14.0 16.0 14.04 16.03 14.14 16.12 14.32 16.28 14.56 16.49 14.87 16.76 15.23 17.09 15.65 17.46 2.0 0.0 20.22 22.2 20.0 21.26 17.26 19.24 10.3 12.08 48.04 48.0 10.44 12.37 47.8 49.73 11.7 12.53 5.39 3.61 13.34 15.3 10.2 10.77 41.48 43.42 30.02 32.02 44.91 46.87 16.76 18.68 31.62 33.53 6.0 8.0 25.18 25.5 37.95 38.63 42.72 44.64 6.08 8.06 36.12 38.12 10.0 8.49 8.6 7.62 43.66 45.54 13.0 15.0 15.56 17.03 7.28 8.06 18.68 
19.03 19.24 18.03 18.25 17.03 17.26 16.03 16.28 6.71 5.0 6.32 4.47 6.08 4.12 6.0 4.0 6.08 4.12 6.32 4.47 6.71 5.0 7.21 5.66 7.81 6.4 8.49 7.21 9.22 8.06 10.0 8.94 10.82 9.85 11.66 10.77 20.02 20.22 0.0 2.0 15.52 17.46 26.25 27.8 13.6 12.04 28.02 28.16 26.42 27.46 30.53 32.25 11.4 12.73 25.5 23.54 7.0 5.0 22.2 20.62 24.41 26.08 10.2 12.17 24.74 26.68 24.21 25.81 16.4 17.69 21.93 22.83 7.81 9.43 21.93 23.35 25.81 27.46 22.85 23.71 16.0 18.0 14.87 14.32 26.93 25.08 27.66 29.21 25.61 26.91 16.64 15.65 18.44 16.49 2.83 
21.02 21.21 20.02 20.22 19.03 19.24 18.03 18.25 8.54 6.71 8.25 6.32 8.06 6.08 8.0 6.0 8.06 6.08 8.25 6.32 8.54 6.71 8.94 7.21 9.43 7.81 10.0 8.49 10.63 9.22 11.31 10.0 12.04 10.82 12.81 11.66 22.02 22.2 2.0 0.0 16.16 18.03 27.59 29.07 15.26 13.6 26.02 26.17 28.18 29.15 28.84 30.53 13.04 14.21 27.46 25.5 9.0 7.0 23.85 22.2 22.8 24.41 8.25 10.2 22.8 24.74 25.5 27.02 15.26 16.4 23.77 24.6 6.71 8.54 20.52 22.02 24.21 25.81 24.7 25.5 14.0 16.0 16.76 16.28 28.79 26.93 26.17 27.66 27.2 28.43 17.8 16.64 20.4 18.44 4.47 
20.52 19.21 19.8 18.44 19.1 17.69 18.44 16.97 18.11 18.0 17.12 17.0 16.12 16.0 15.13 15.0 14.14 14.0 13.15 13.0 12.17 12.0 11.18 11.0 10.2 10.0 9.22 9.0 8.25 8.0 7.28 7.0 6.32 6.0 5.39 5.0 21.26 20.0 15.52 16.16 0.0 2.0 13.93 14.76 9.9 8.6 34.93 34.18 19.1 19.0 30.02 32.02 9.43 7.81 23.26 21.47 15.3 15.03 14.14 12.17 24.02 26.02 19.1 20.62 35.0 36.62 11.7 12.53 14.14 16.12 17.09 16.49 12.73 11.4 20.0 20.1 25.0 27.0 18.03 17.46 25.0 26.63 22.36 20.59 21.59 19.65 25.18 27.17 16.03 16.28 5.1 3.16 23.6 22.47 17.12 
21.93 20.52 21.26 19.8 20.62 19.1 20.0 18.44 20.1 20.0 19.1 19.0 18.11 18.0 17.12 17.0 16.12 16.0 15.13 15.0 14.14 14.0 13.15 13.0 12.17 12.0 11.18 11.0 10.2 10.0 9.22 9.0 8.25 8.0 7.28 7.0 22.63 21.26 17.46 18.03 2.0 0.0 13.34 13.93 11.4 10.3 35.78 34.93 19.42 19.1 30.02 32.02 11.18 9.43 24.19 22.47 17.26 17.03 14.56 12.65 24.19 26.17 20.52 21.93 36.24 37.8 11.18 11.7 14.56 16.49 17.89 17.09 14.21 12.73 20.1 20.0 25.08 27.07 18.79 18.03 26.25 27.8 24.17 22.36 22.14 20.25 25.02 27.02 16.03 16.03 5.83 4.24 25.24 24.19 19.1 
19.1 17.12 19.03 17.03 19.0 17.0 19.03 17.03 25.5 26.42 24.6 25.55 23.71 24.7 22.83 23.85 21.95 23.02 21.1 22.2 20.25 21.4 19.42 20.62 18.6 19.85 17.8 19.1 17.03 18.38 16.28 17.69 15.56 17.03 14.87 16.4 19.24 17.26 26.25 27.59 13.93 13.34 0.0 2.0 13.42 14.42 48.85 48.1 9.22 7.81 43.19 45.18 15.26 13.6 17.0 16.16 22.36 23.32 7.07 7.07 37.48 39.46 32.45 34.13 48.55 50.25 2.24 2.24 27.89 29.83 11.4 9.49 26.08 25.06 33.38 33.14 38.33 40.31 11.7 9.85 38.59 40.31 25.18 23.19 12.81 11.66 38.05 40.05 5.0 3.61 10.0 11.66 24.02 24.02 26.63 
21.1 19.1 21.02 19.03 21.0 19.0 21.02 19.03 27.31 28.18 26.4 27.29 25.5 26.42 24.6 25.55 23.71 24.7 22.83 23.85 21.95 23.02 21.1 22.2 20.25 21.4 19.42 20.62 18.6 19.85 17.8 19.1 17.03 18.38 16.28 17.69 21.21 19.24 27.8 29.07 14.76 13.93 2.0 0.0 15.23 16.12 49.66 48.85 10.82 9.22 43.42 45.4 17.0 15.26 18.79 18.03 24.17 25.06 9.06 9.06 37.85 39.81 33.6 35.23 49.65 51.31 3.61 2.24 28.46 30.36 13.34 11.4 27.2 26.08 33.73 33.38 38.64 40.61 13.6 11.7 39.66 41.34 27.17 25.18 14.42 13.42 38.21 40.2 6.71 5.0 11.31 12.81 26.02 26.02 28.3 
10.63 9.43 9.9 8.6 9.22 7.81 8.6 7.07 12.08 13.04 11.18 12.21 10.3 11.4 9.43 10.63 8.6 9.9 7.81 9.22 7.07 8.6 6.4 8.06 5.83 7.62 5.39 7.28 5.1 7.07 5.0 7.0 5.1 7.07 5.39 7.28 11.4 10.3 13.6 15.26 9.9 11.4 13.42 15.23 0.0 2.0 39.62 39.32 13.0 13.89 37.85 39.81 2.24 2.24 14.32 12.37 8.94 10.0 8.6 7.07 31.58 33.54 21.84 23.77 37.7 39.56 11.7 13.6 21.59 23.54 9.06 9.49 16.12 16.0 27.89 28.46 32.76 34.71 10.05 10.44 28.16 30.08 13.34 11.4 14.14 12.17 33.53 35.44 12.04 13.45 6.32 7.21 13.89 13.0 13.45 
12.21 11.18 11.4 10.3 10.63 9.43 9.9 8.6 11.4 12.08 10.44 11.18 9.49 10.3 8.54 9.43 7.62 8.6 6.71 7.81 5.83 7.07 5.0 6.4 4.24 5.83 3.61 5.39 3.16 5.1 3.0 5.0 3.16 5.1 3.61 5.39 13.04 12.08 12.04 13.6 8.6 10.3 14.42 16.12 2.0 0.0 37.66 37.34 14.87 15.65 35.9 37.85 1.0 1.0 16.28 14.32 8.25 8.94 10.3 8.6 29.61 31.58 19.92 21.84 35.85 37.7 12.53 14.32 19.65 21.59 11.05 11.4 14.14 14.0 25.96 26.57 30.81 32.76 12.04 12.37 26.25 28.16 13.93 12.08 16.12 14.14 31.62 33.53 13.6 14.87 6.0 6.32 15.0 13.89 12.21 
47.0 47.04 46.0 46.04 45.0 45.04 44.0 44.05 34.23 32.25 34.13 32.14 34.06 32.06 34.01 32.02 34.0 32.0 34.01 32.02 34.06 32.06 34.13 32.14 34.23 32.25 34.37 32.39 34.53 32.56 34.71 32.76 34.93 32.98 35.17 33.24 48.0 48.04 28.02 26.02 34.93 35.78 48.85 49.66 39.62 37.66 0.0 2.0 52.39 52.89 15.13 15.0 37.48 37.85 53.15 51.16 35.01 33.02 47.54 45.61 15.26 14.32 18.03 16.03 8.06 7.28 46.62 47.42 21.63 20.0 48.66 49.03 23.54 24.04 18.44 20.0 15.65 14.87 49.65 50.01 12.04 10.05 42.43 42.19 53.76 51.79 18.38 17.72 50.29 50.92 39.22 37.34 46.27 44.28 30.15 
47.04 47.0 46.04 46.0 45.04 45.0 44.05 44.0 34.53 32.56 34.37 32.39 34.23 32.25 34.13 32.14 34.06 32.06 34.01 32.02 34.0 32.0 34.01 32.02 34.06 32.06 34.13 32.14 34.23 32.25 34.37 32.39 34.53 32.56 34.71 32.76 48.04 48.0 28.16 26.17 34.18 34.93 48.1 48.85 39.32 37.34 2.0 0.0 51.97 52.39 13.15 13.0 37.22 37.48 53.04 51.04 35.13 33.14 47.07 45.12 13.6 12.53 18.03 16.03 9.85 9.22 45.88 46.62 20.59 18.87 48.37 48.66 23.19 23.54 16.97 18.44 13.89 13.0 49.37 49.65 12.37 10.44 42.76 42.43 53.46 51.48 16.55 15.81 49.73 50.29 38.6 36.69 46.53 44.55 30.41 
12.65 10.77 13.0 11.18 13.42 11.66 13.89 12.21 23.35 24.84 22.67 24.21 22.02 23.6 21.4 23.02 20.81 22.47 20.25 21.95 19.72 21.47 19.24 21.02 18.79 20.62 18.38 20.25 18.03 19.92 17.72 19.65 17.46 19.42 17.26 19.24 12.37 10.44 26.42 28.18 19.1 19.42 9.22 10.82 13.0 14.87 52.39 51.97 0.0 2.0 49.09 51.09 15.23 14.56 8.25 8.0 20.62 22.2 5.0 7.0 43.01 45.01 34.79 36.69 50.7 52.55 10.0 11.31 33.0 35.0 5.0 3.61 28.86 28.44 39.05 39.2 44.05 46.04 4.47 2.83 41.11 43.01 20.12 18.36 3.61 3.0 44.28 46.27 4.24 5.83 14.04 16.03 17.72 18.38 25.81 
14.56 12.65 14.87 13.0 15.23 13.42 15.65 13.89 24.76 26.17 24.04 25.5 23.35 24.84 22.67 24.21 22.02 23.6 21.4 23.02 20.81 22.47 20.25 21.95 19.72 21.47 19.24 21.02 18.79 20.62 18.38 20.25 18.03 19.92 17.72 19.65 14.32 12.37 27.46 29.15 19.0 19.1 7.81 9.22 13.89 15.65 52.89 52.39 2.0 0.0 49.01 51.01 16.12 15.23 10.2 10.0 21.93 23.43 5.39 7.28 43.01 45.01 35.47 37.34 51.48 53.31 8.94 10.0 33.06 35.06 6.71 5.0 29.41 28.86 39.0 39.05 44.0 46.0 6.32 4.47 41.79 43.66 21.93 20.12 5.39 5.0 44.1 46.1 3.16 4.24 14.04 16.03 19.65 20.25 27.02 
47.43 46.84 46.49 45.88 45.54 44.92 44.6 43.97 37.22 35.51 36.72 34.99 36.24 34.48 35.78 34.0 35.34 33.54 34.93 33.11 34.54 32.7 34.18 32.31 33.84 31.95 33.53 31.62 33.24 31.32 32.98 31.05 32.76 30.81 32.56 30.59 48.38 47.8 30.53 28.84 30.02 30.02 43.19 43.42 37.85 35.9 15.13 13.15 49.09 49.01 0.0 2.0 36.14 35.69 52.17 50.22 36.67 34.89 44.1 42.11 6.32 4.47 21.26 19.8 22.09 22.0 41.11 41.3 16.28 14.32 46.53 46.27 23.26 22.47 10.05 10.05 5.1 3.16 47.52 47.27 18.87 17.89 45.18 44.28 51.35 49.37 5.39 3.61 46.0 46.04 35.06 33.06 48.33 46.52 33.29 
49.34 48.76 48.38 47.8 47.43 46.84 46.49 45.88 38.95 37.22 38.47 36.72 38.01 36.24 37.58 35.78 37.16 35.34 36.77 34.93 36.4 34.54 36.06 34.18 35.74 33.84 35.44 33.53 35.17 33.24 34.93 32.98 34.71 32.76 34.53 32.56 50.29 49.73 32.25 30.53 32.02 32.02 45.18 45.4 39.81 37.85 15.0 13.0 51.09 51.01 2.0 0.0 38.08 37.66 54.13 52.17 38.48 36.67 46.1 44.1 8.25 6.32 22.8 21.26 22.36 22.09 43.1 43.29 18.25 16.28 48.51 48.26 25.08 24.35 12.04 12.04 7.07 5.1 49.5 49.25 20.0 18.87 46.96 46.1 53.34 51.35 7.28 5.39 48.0 48.04 37.05 35.06 50.16 48.33 34.99 
11.66 10.77 10.82 9.85 10.0 8.94 9.22 8.06 10.44 11.18 9.49 10.3 8.54 9.43 7.62 8.6 6.71 7.81 5.83 7.07 5.0 6.4 4.24 5.83 3.61 5.39 3.16 5.1 3.0 5.0 3.16 5.1 3.61 5.39 4.24 5.83 12.53 11.7 11.4 13.04 9.43 11.18 15.26 17.0 2.24 1.0 37.48 37.22 15.23 16.12 36.14 38.08 0.0 2.0 16.12 14.14 7.28 8.06 10.82 9.22 29.83 31.78 19.65 21.59 35.47 37.34 13.42 15.23 19.92 21.84 11.18 11.7 14.04 14.04 26.25 26.93 31.05 32.98 12.17 12.65 25.96 27.89 13.0 11.18 16.28 14.32 31.95 33.84 14.21 15.56 7.0 7.28 14.21 13.04 11.4 
12.81 11.66 12.04 10.82 11.31 10.0 10.63 9.22 12.37 13.0 11.4 12.08 10.44 11.18 9.49 10.3 8.54 9.43 7.62 8.6 6.71 7.81 5.83 7.07 5.0 6.4 4.24 5.83 3.61 5.39 3.16 5.1 3.0 5.0 3.16 5.1 13.6 12.53 12.73 14.21 7.81 9.43 13.6 15.26 2.24 1.0 37.85 37.48 14.56 15.23 35.69 37.66 2.0 0.0 16.49 14.56 9.22 9.85 9.85 8.06 29.43 31.4 20.25 22.14 36.25 38.08 11.66 13.42 19.42 21.38 11.0 11.18 14.32 14.04 25.71 26.25 30.59 32.56 12.0 12.17 26.57 28.46 14.87 13.0 16.03 14.04 31.32 33.24 13.04 14.21 5.0 5.39 15.81 14.76 13.04 
7.21 6.32 8.06 7.28 8.94 8.25 9.85 9.22 20.62 22.47 20.25 22.14 19.92 21.84 19.65 21.59 19.42 21.38 19.24 21.21 19.1 21.1 19.03 21.02 19.0 21.0 19.03 21.02 19.1 21.1 19.24 21.21 19.42 21.38 19.65 21.59 6.4 5.39 25.5 27.46 23.26 24.19 17.0 18.79 14.32 16.28 53.15 53.04 8.25 10.2 52.17 54.13 16.12 16.49 0.0 2.0 18.68 20.62 10.63 12.04 45.89 47.85 35.13 37.12 50.22 52.17 17.2 18.87 35.9 37.85 6.4 7.81 30.02 30.15 42.2 42.72 47.07 49.03 5.66 7.21 41.3 43.29 14.87 13.6 5.0 5.39 47.8 49.73 12.08 13.93 18.36 20.12 11.4 12.73 24.04 
5.66 4.47 6.4 5.39 7.21 6.32 8.06 7.28 18.79 20.62 18.38 20.25 18.03 19.92 17.72 19.65 17.46 19.42 17.26 19.24 17.12 19.1 17.03 19.03 17.0 19.0 17.03 19.03 17.12 19.1 17.26 19.24 17.46 19.42 17.72 19.65 5.0 3.61 23.54 25.5 21.47 22.47 16.16 18.03 12.37 14.32 51.16 51.04 8.0 10.0 50.22 52.17 14.14 14.56 2.0 0.0 16.76 18.68 9.43 10.63 43.93 45.89 33.14 35.13 48.27 50.22 16.12 17.89 33.96 35.9 5.0 6.71 28.02 28.16 40.26 40.8 45.12 47.07 4.47 6.32 39.32 41.3 13.45 12.04 5.39 5.0 45.88 47.8 11.4 13.34 16.64 18.36 10.3 11.4 22.14 
12.04 12.37 11.05 11.4 10.05 10.44 9.06 9.49 3.16 4.24 2.24 3.61 1.41 3.16 1.0 3.0 1.41 3.16 2.24 3.61 3.16 4.24 4.12 5.0 5.1 5.83 6.08 6.71 7.07 7.62 8.06 8.54 9.06 9.49 10.05 10.44 13.04 13.34 7.0 9.0 15.3 17.26 22.36 24.17 8.94 8.25 35.01 35.13 20.62 21.93 36.67 38.48 7.28 9.22 18.68 16.76 0.0 2.0 17.03 15.81 30.41 32.2 17.12 19.1 31.58 33.54 20.62 22.47 21.4 23.02 15.81 17.03 13.42 14.42 27.46 28.6 31.76 33.54 16.64 17.8 23.0 25.0 8.6 7.62 20.59 18.87 33.29 34.99 20.62 22.2 14.14 14.0 11.7 9.85 5.39 
14.04 14.32 13.04 13.34 12.04 12.37 11.05 11.4 3.16 3.16 2.24 2.24 1.41 1.41 1.0 1.0 1.41 1.41 2.24 2.24 3.16 3.16 4.12 4.12 5.1 5.1 6.08 6.08 7.07 7.07 8.06 8.06 9.06 9.06 10.05 10.05 15.03 15.3 5.0 7.0 15.03 17.03 23.32 25.06 10.0 8.94 33.02 33.14 22.2 23.43 34.89 36.67 8.06 9.85 20.62 18.68 2.0 0.0 18.38 17.03 28.65 30.41 15.13 17.12 29.61 31.58 21.47 23.26 19.85 21.4 17.49 18.6 11.66 12.81 25.81 27.02 30.02 31.76 18.36 19.42 21.0 23.0 10.3 9.49 22.36 20.59 31.62 33.29 21.93 23.43 14.56 14.14 13.6 11.7 3.61 
12.04 10.05 12.0 10.0 12.04 10.05 12.17 10.2 20.0 21.26 19.21 20.52 18.44 19.8 17.69 19.1 16.97 18.44 16.28 17.8 15.62 17.2 15.0 16.64 14.42 16.12 13.89 15.65 13.42 15.23 13.0 14.87 12.65 14.56 12.37 14.32 12.17 10.2 22.2 23.85 14.14 14.56 7.07 9.06 8.6 10.3 47.54 47.07 5.0 5.39 44.1 46.1 10.82 9.85 10.63 9.43 17.03 18.38 0.0 2.0 38.01 40.01 30.08 31.95 46.1 47.93 6.71 8.54 28.0 30.0 4.47 2.83 24.04 23.54 34.06 34.23 39.05 41.05 5.0 3.61 36.4 38.28 18.44 16.49 7.62 5.83 39.32 41.3 3.61 5.39 9.06 11.05 17.0 17.12 21.93 
12.37 10.44 12.17 10.2 12.04 10.05 12.0 10.0 18.87 20.0 18.03 19.21 17.2 18.44 16.4 17.69 15.62 16.97 14.87 16.28 14.14 15.62 13.45 15.0 12.81 14.42 12.21 13.89 11.66 13.42 11.18 13.0 10.77 12.65 10.44 12.37 12.65 10.77 20.62 22.2 12.17 12.65 7.07 9.06 7.07 8.6 45.61 45.12 7.0 7.28 42.11 44.1 9.22 8.06 12.04 10.63 15.81 17.03 2.0 0.0 36.01 38.01 28.23 30.08 44.28 46.1 6.08 8.06 26.0 28.0 5.66 4.47 22.14 21.59 32.06 32.25 37.05 39.05 6.4 5.39 34.54 36.4 18.11 16.12 9.49 7.62 37.34 39.32 5.0 6.4 7.07 9.06 17.12 17.0 20.52 
41.11 40.52 40.16 39.56 39.22 38.6 38.28 37.64 31.06 29.41 30.53 28.84 30.02 28.3 29.53 27.78 29.07 27.29 28.64 26.83 28.23 26.4 27.86 26.0 27.51 25.63 27.2 25.3 26.93 25.0 26.68 24.74 26.48 24.52 26.31 24.33 42.06 41.48 24.41 22.8 24.02 24.19 37.48 37.85 31.58 29.61 15.26 13.6 43.01 43.01 6.32 8.25 29.83 29.43 45.89 43.93 30.41 28.65 38.01 36.01 0.0 2.0 15.62 14.42 20.4 20.88 35.36 35.69 10.05 8.06 40.31 40.11 17.0 16.16 4.12 5.0 1.41 3.16 41.3 41.11 14.56 14.14 38.95 38.01 45.18 43.19 4.12 5.0 40.05 40.2 29.0 27.0 42.05 40.25 27.2 
43.01 42.45 42.06 41.48 41.11 40.52 40.16 39.56 32.76 31.06 32.25 30.53 31.76 30.02 31.3 29.53 30.87 29.07 30.46 28.64 30.08 28.23 29.73 27.86 29.41 27.51 29.12 27.2 28.86 26.93 28.64 26.68 28.44 26.48 28.28 26.31 43.97 43.42 26.08 24.41 26.02 26.17 39.46 39.81 33.54 31.58 14.32 12.53 45.01 45.01 4.47 6.32 31.78 31.4 47.85 45.89 32.2 30.41 40.01 38.01 2.0 0.0 16.97 15.62 20.1 20.4 37.34 37.66 12.04 10.05 42.3 42.11 18.79 18.03 6.08 6.71 1.41 1.41 43.29 43.1 15.23 14.56 40.71 39.81 47.17 45.18 4.12 4.12 42.05 42.19 31.0 29.0 43.86 42.05 28.84 
29.02 29.02 28.02 28.02 27.02 27.02 26.02 26.02 16.76 14.87 16.49 14.56 16.28 14.32 16.12 14.14 16.03 14.04 16.0 14.0 16.03 14.04 16.12 14.14 16.28 14.32 16.49 14.56 16.76 14.87 17.09 15.23 17.46 15.65 17.89 16.12 30.02 30.02 10.2 8.25 19.1 20.52 32.45 33.6 21.84 19.92 18.03 18.03 34.79 35.47 21.26 22.8 19.65 20.25 35.13 33.14 17.12 15.13 30.08 28.23 15.62 16.97 0.0 2.0 16.12 17.89 30.23 31.4 11.0 11.18 30.81 31.32 6.4 7.81 14.32 16.16 17.03 18.38 31.78 32.28 6.32 8.25 25.0 24.52 35.9 33.96 19.42 20.62 33.11 34.0 22.47 20.81 28.64 26.68 12.65 
31.02 31.02 30.02 30.02 29.02 29.02 28.02 28.02 18.68 16.76 18.44 16.49 18.25 16.28 18.11 16.12 18.03 16.03 18.0 16.0 18.03 16.03 18.11 16.12 18.25 16.28 18.44 16.49 18.68 16.76 18.97 17.09 19.31 17.46 19.7 17.89 32.02 32.02 12.17 10.2 20.62 21.93 34.13 35.23 23.77 21.84 16.03 16.03 36.69 37.34 19.8 21.26 21.59 22.14 37.12 35.13 19.1 17.12 31.95 30.08 14.42 15.62 2.0 0.0 14.42 16.12 31.91 33.02 11.18 11.0 32.76 33.24 8.06 9.22 13.6 15.52 15.81 17.03 33.73 34.21 4.47 6.32 26.93 26.48 37.85 35.9 18.36 19.42 34.93 35.78 24.19 22.47 30.59 28.64 14.56 
43.57 43.93 42.58 42.95 41.59 41.98 40.61 41.0 30.15 28.16 30.27 28.28 30.41 28.44 30.59 28.64 30.81 28.86 31.05 29.12 31.32 29.41 31.62 29.73 31.95 30.08 32.31 30.46 32.7 30.87 33.11 31.3 33.54 31.76 34.0 32.25 44.55 44.91 24.74 22.8 35.0 36.24 48.55 49.65 37.7 35.85 8.06 9.85 50.7 51.48 22.09 22.36 35.47 36.25 50.22 48.27 31.58 29.61 46.1 44.28 20.4 20.1 16.12 14.42 0.0 2.0 46.32 47.43 23.6 22.47 46.49 47.17 22.47 23.6 22.47 24.35 21.21 21.02 47.43 48.1 10.0 8.49 38.01 38.12 51.55 49.65 24.19 24.02 49.19 50.12 38.59 36.89 42.05 40.05 26.31 
45.54 45.89 44.55 44.91 43.57 43.93 42.58 42.95 32.14 30.15 32.25 30.27 32.39 30.41 32.56 30.59 32.76 30.81 32.98 31.05 33.24 31.32 33.53 31.62 33.84 31.95 34.18 32.31 34.54 32.7 34.93 33.11 35.34 33.54 35.78 34.0 46.53 46.87 26.68 24.74 36.62 37.8 50.25 51.31 39.56 37.7 7.28 9.22 52.55 53.31 22.0 22.09 37.34 38.08 52.17 50.22 33.54 31.58 47.93 46.1 20.88 20.4 17.89 16.12 2.0 0.0 48.02 49.09 24.84 23.6 48.38 49.04 24.19 25.24 23.26 25.08 21.59 21.21 49.34 49.98 11.66 10.0 40.01 40.11 53.45 51.55 24.52 24.19 50.99 51.88 40.31 38.59 44.05 42.05 28.28 
18.44 16.49 18.25 16.28 18.11 16.12 18.03 16.03 23.77 24.6 22.85 23.71 21.93 22.83 21.02 21.95 20.12 21.1 19.24 20.25 18.36 19.42 17.49 18.6 16.64 17.8 15.81 17.03 15.0 16.28 14.21 15.56 13.45 14.87 12.73 14.21 18.68 16.76 24.21 25.5 11.7 11.18 2.24 3.61 11.7 12.53 46.62 45.88 10.0 8.94 41.11 43.1 13.42 11.66 17.2 16.12 20.62 21.47 6.71 6.08 35.36 37.34 30.23 31.91 46.32 48.02 0.0 2.0 25.71 27.66 11.18 9.43 23.85 22.83 31.26 31.06 36.22 38.21 11.66 10.0 36.36 38.08 24.02 22.02 13.45 12.04 36.01 38.01 5.83 5.1 7.81 9.43 23.19 23.02 24.7 
20.4 18.44 20.22 18.25 20.1 18.11 20.02 18.03 25.63 26.4 24.7 25.5 23.77 24.6 22.85 23.71 21.93 22.83 21.02 21.95 20.12 21.1 19.24 20.25 18.36 19.42 17.49 18.6 16.64 17.8 15.81 17.03 15.0 16.28 14.21 15.56 20.62 18.68 25.81 27.02 12.53 11.7 2.24 2.24 13.6 14.32 47.42 46.62 11.31 10.0 41.3 43.29 15.23 13.42 18.87 17.89 22.47 23.26 8.54 8.06 35.69 37.66 31.4 33.02 47.43 49.09 2.0 0.0 26.25 28.16 13.0 11.18 25.0 23.85 31.58 31.26 36.5 38.47 13.42 11.66 37.44 39.12 26.02 24.02 14.87 13.6 36.12 38.12 7.07 5.83 9.22 10.63 25.18 25.02 26.42 
31.38 30.68 30.46 29.73 29.55 28.79 28.64 27.86 22.63 21.26 21.93 20.52 21.26 19.8 20.62 19.1 20.0 18.44 19.42 17.8 18.87 17.2 18.36 16.64 17.89 16.12 17.46 15.65 17.09 15.23 16.76 14.87 16.49 14.56 16.28 14.32 32.31 31.62 16.4 15.26 14.14 14.56 27.89 28.46 21.59 19.65 21.63 20.59 33.0 33.06 16.28 18.25 19.92 19.42 35.9 33.96 21.4 19.85 28.0 26.0 10.05 12.04 11.0 11.18 23.6 24.84 25.71 26.25 0.0 2.0 30.27 30.07 8.6 7.07 6.32 7.21 11.18 13.15 31.26 31.06 14.32 15.26 30.0 28.84 35.13 33.14 12.08 13.93 30.15 30.41 19.03 17.03 32.76 31.06 19.21 
33.24 32.57 32.31 31.62 31.38 30.68 30.46 29.73 24.08 22.63 23.43 21.93 22.8 21.26 22.2 20.62 21.63 20.0 21.1 19.42 20.59 18.87 20.12 18.36 19.7 17.89 19.31 17.46 18.97 17.09 18.68 16.76 18.44 16.49 18.25 16.28 34.18 33.53 17.69 16.4 16.12 16.49 29.83 30.36 23.54 21.59 20.0 18.87 35.0 35.06 14.32 16.28 21.84 21.38 37.85 35.9 23.02 21.4 30.0 28.0 8.06 10.05 11.18 11.0 22.47 23.6 27.66 28.16 2.0 0.0 32.25 32.06 9.9 8.6 4.47 5.66 9.22 11.18 33.24 33.06 13.6 14.32 31.62 30.53 37.12 35.13 10.3 12.08 32.14 32.39 21.02 19.03 34.48 32.76 20.52 
8.06 6.08 8.25 6.32 8.54 6.71 8.94 7.21 18.44 20.0 17.8 19.42 17.2 18.87 16.64 18.36 16.12 17.89 15.65 17.46 15.23 17.09 14.87 16.76 14.56 16.49 14.32 16.28 14.14 16.12 14.04 16.03 14.0 16.0 14.04 16.03 8.0 6.0 21.93 23.77 17.09 17.89 11.4 13.34 9.06 11.05 48.66 48.37 5.0 6.71 46.53 48.51 11.18 11.0 6.4 5.0 15.81 17.49 4.47 5.66 40.31 42.3 30.81 32.76 46.49 48.38 11.18 13.0 30.27 32.25 0.0 2.0 25.18 25.02 36.5 36.88 41.44 43.42 1.0 2.24 37.11 39.05 15.23 13.42 5.1 3.16 41.98 43.93 7.0 9.0 12.08 13.93 13.15 13.6 21.1 
10.05 8.06 10.2 8.25 10.44 8.54 10.77 8.94 19.8 21.26 19.1 20.62 18.44 20.0 17.8 19.42 17.2 18.87 16.64 18.36 16.12 17.89 15.65 17.46 15.23 17.09 14.87 16.76 14.56 16.49 14.32 16.28 14.14 16.12 14.04 16.03 10.0 8.0 22.83 24.6 16.49 17.09 9.49 11.4 9.49 11.4 49.03 48.66 3.61 5.0 46.27 48.26 11.7 11.18 7.81 6.71 17.03 18.6 2.83 4.47 40.11 42.11 31.32 33.24 47.17 49.04 9.43 11.18 30.07 32.06 2.0 0.0 25.5 25.18 36.22 36.5 41.19 43.19 2.24 1.0 37.64 39.56 17.09 15.23 5.1 3.16 41.59 43.57 5.0 7.0 11.4 13.34 15.13 15.52 22.2 
24.52 24.19 23.54 23.19 22.56 22.2 21.59 21.21 14.21 12.73 13.6 12.04 13.04 11.4 12.53 10.82 12.08 10.3 11.7 9.85 11.4 9.49 11.18 9.22 11.05 9.06 11.0 9.0 11.05 9.06 11.18 9.22 11.4 9.49 11.7 9.85 25.5 25.18 7.81 6.71 12.73 14.21 26.08 27.2 16.12 14.14 23.54 23.19 28.86 29.41 23.26 25.08 14.04 14.32 30.02 28.02 13.42 11.66 24.04 22.14 17.0 18.79 6.4 8.06 22.47 24.19 23.85 25.0 8.6 9.9 25.18 25.5 0.0 2.0 14.21 15.56 18.36 20.12 26.17 26.48 12.53 14.32 21.95 21.02 30.27 28.28 20.0 21.63 26.93 27.73 16.12 14.42 25.08 23.26 10.63 
25.0 24.52 24.04 23.54 23.09 22.56 22.14 21.59 15.56 14.21 14.87 13.45 14.21 12.73 13.6 12.04 13.04 11.4 12.53 10.82 12.08 10.3 11.7 9.85 11.4 9.49 11.18 9.22 11.05 9.06 11.0 9.0 11.05 9.06 11.18 9.22 25.96 25.5 9.43 8.54 11.4 12.73 25.06 26.08 16.0 14.0 24.04 23.54 28.44 28.86 22.47 24.35 14.04 14.04 30.15 28.16 14.42 12.81 23.54 21.59 16.16 18.03 7.81 9.22 23.6 25.24 22.83 23.85 7.07 8.6 25.02 25.18 2.0 0.0 13.04 14.21 17.46 19.31 26.02 26.17 13.6 15.26 23.02 21.95 30.07 28.07 18.87 20.59 26.25 26.93 15.23 13.42 25.94 24.19 12.21 
37.7 37.0 36.77 36.06 35.85 35.11 34.93 34.18 28.43 26.91 27.8 26.25 27.2 25.61 26.63 25.0 26.08 24.41 25.55 23.85 25.06 23.32 24.6 22.83 24.17 22.36 23.77 21.93 23.41 21.54 23.09 21.19 22.8 20.88 22.56 20.62 38.63 37.95 21.93 20.52 20.0 20.1 33.38 33.73 27.89 25.96 18.44 16.97 39.05 39.0 10.05 12.04 26.25 25.71 42.2 40.26 27.46 25.81 34.06 32.06 4.12 6.08 14.32 13.6 22.47 23.26 31.26 31.58 6.32 4.47 36.5 36.22 14.21 13.04 0.0 2.0 5.0 7.0 37.48 37.22 15.0 15.13 36.06 34.99 41.3 39.32 5.83 7.62 36.01 36.12 25.02 23.02 38.95 37.22 24.76 
38.48 37.7 37.58 36.77 36.67 35.85 35.78 34.93 29.73 28.28 29.07 27.59 28.43 26.91 27.8 26.25 27.2 25.61 26.63 25.0 26.08 24.41 25.55 23.85 25.06 23.32 24.6 22.83 24.17 22.36 23.77 21.93 23.41 21.54 23.09 21.19 39.4 38.63 23.35 22.02 20.1 20.0 33.14 33.38 28.46 26.57 20.0 18.44 39.2 39.05 10.05 12.04 26.93 26.25 42.72 40.8 28.6 27.02 34.23 32.25 5.0 6.71 16.16 15.52 24.35 25.08 31.06 31.26 7.21 5.66 36.88 36.5 15.56 14.21 2.0 0.0 5.39 7.28 37.85 37.48 17.0 17.12 37.2 36.06 41.59 39.62 5.1 7.07 36.01 36.01 25.18 23.19 39.96 38.28 26.17 
