25
0.0 2.0 1.0 2.24 2.0 2.83 20.59 19.7 30.41 28.44 33.06 33.0 42.52 43.86 28.23 27.51 11.4 13.34 34.99 36.06 33.6 34.83 16.28 17.69 20.25 
2.0 0.0 2.24 1.0 2.83 2.0 18.87 17.89 30.81 28.86 33.24 33.06 41.23 42.52 26.4 25.63 9.49 11.4 34.0 34.99 32.45 33.6 15.0 16.28 18.38 
1.0 2.24 0.0 2.0 1.0 2.24 21.1 20.12 31.4 29.43 34.06 34.0 43.28 44.6 28.64 27.86 11.18 13.15 35.85 36.89 34.41 35.61 17.03 18.38 20.62 
2.24 1.0 2.0 0.0 2.24 1.0 19.42 18.36 31.78 29.83 34.23 34.06 42.01 43.28 26.83 26.0 9.22 11.18 34.89 35.85 33.29 34.41 15.81 17.03 18.79 
2.0 2.83 1.0 2.24 0.0 2.0 21.63 20.59 32.39 30.41 35.06 35.0 44.05 45.34 29.07 28.23 11.05 13.04 36.72 37.74 35.23 36.4 17.8 19.1 21.02 
2.83 2.0 2.24 1.0 2.0 0.0 20.0 18.87 32.76 30.81 35.23 35.06 42.8 44.05 27.29 26.4 9.06 11.05 35.78 36.72 34.13 35.23 16.64 17.8 19.24 
20.59 18.87 21.1 19.42 21.63 20.0 0.0 2.0 30.48 29.21 30.48 29.21 24.17 25.06 8.06 8.06 14.76 13.93 20.0 20.1 17.12 17.46 7.28 5.39 3.16 
19.7 17.89 20.12 18.36 20.59 18.87 2.0 0.0 31.83 30.48 32.02 30.81 26.0 26.83 8.54 8.06 13.04 12.08 22.0 22.09 19.1 19.42 8.06 6.4 1.41 
30.41 30.81 31.4 31.78 32.39 32.76 30.48 31.83 0.0 2.0 4.24 5.83 33.06 35.06 36.36 37.44 36.67 37.59 23.0 25.0 25.18 27.17 24.08 25.46 33.24 
28.44 28.86 29.43 29.83 30.41 30.81 29.21 30.48 2.0 0.0 5.83 7.07 33.24 35.23 35.36 36.36 34.89 35.85 23.09 25.08 25.02 27.02 22.63 24.08 31.89 
33.06 33.24 34.06 34.23 35.06 35.23 30.48 32.02 4.24 5.83 0.0 2.0 30.02 32.02 35.61 36.88 38.28 39.0 20.22 22.2 22.8 24.74 24.7 25.81 33.42 
33.0 33.06 34.0 34.06 35.0 35.06 29.21 30.81 5.83 7.07 2.0 0.0 28.02 30.02 34.06 35.38 37.64 38.28 18.25 20.22 20.88 22.8 23.71 24.7 32.2 
42.52 41.23 43.28 42.01 44.05 42.8 24.17 26.0 33.06 33.24 30.02 28.02 0.0 2.0 21.1 23.09 38.91 38.08 10.2 8.25 9.43 7.81 26.25 25.0 26.57 
43.86 42.52 44.6 43.28 45.34 44.05 25.06 26.83 35.06 35.23 32.02 30.02 2.0 0.0 21.38 23.35 39.82 38.91 12.17 10.2 11.18 9.43 27.59 26.25 27.31 
28.23 26.4 28.64 26.83 29.07 27.29 8.06 8.54 36.36 35.36 35.61 34.06 21.1 21.38 0.0 2.0 20.52 19.1 20.62 19.92 17.09 16.49 15.03 13.04 8.06 
27.51 25.63 27.86 26.0 28.23 26.4 8.06 8.06 37.44 36.36 36.88 35.38 23.09 23.35 2.0 0.0 19.21 17.69 22.47 21.84 18.97 18.44 15.3 13.34 7.28 
11.4 9.49 11.18 9.22 11.05 9.06 14.76 13.04 36.67 34.89 38.28 37.64 38.91 39.82 20.52 19.21 0.0 2.0 33.73 34.21 31.32 31.95 15.0 15.13 12.81 
13.34 11.4 13.15 11.18 13.04 11.05 13.93 12.08 37.59 35.85 39.0 38.28 38.08 38.91 19.1 17.69 2.0 0.0 33.38 33.73 30.81 31.32 15.13 15.0 11.66 
34.99 34.0 35.85 34.89 36.72 35.78 20.0 22.0 23.0 23.09 20.22 18.25 10.2 12.17 20.62 22.47 33.73 33.38 0.0 2.0 3.61 5.0 19.31 18.68 23.02 
36.06 34.99 36.89 35.85 37.74 36.72 20.1 22.09 25.0 25.08 22.2 20.22 8.25 10.2 19.92 21.84 34.21 33.73 2.0 0.0 3.0 3.61 20.12 19.31 23.02 
33.6 32.45 34.41 33.29 35.23 34.13 17.12 19.1 25.18 25.02 22.8 20.88 9.43 11.18 17.09 18.97 31.32 30.81 3.61 3.0 0.0 2.0 17.49 16.55 20.02 
34.83 33.6 35.61 34.41 36.4 35.23 17.46 19.42 27.17 27.02 24.74 22.8 7.81 9.43 16.49 18.44 31.95 31.32 5.0 3.61 2.0 0.0 18.6 17.49 20.22 
16.28 15.0 17.03 15.81 17.8 16.64 7.28 8.06 24.08 22.63 24.7 23.71 26.25 27.59 15.03 15.3 15.0 15.13 19.31 20.12 17.49 18.6 0.0 2.0 9.43 
17.69 16.28 18.38 17.03 19.1 17.8 5.39 6.4 25.46 24.08 25.81 24.7 25.0 26.25 13.04 13.34 15.13 15.0 18.68 19.31 16.55 17.49 2.0 0.0 7.81 
20.25 18.38 20.62 18.79 21.02 19.24 3.16 1.41 33.24 31.89 33.42 32.2 26.57 27.31 8.06 7.28 12.81 11.66 23.02 23.02 20.02 20.22 9.43 7.81 0.0 
