25
0.0 2.0 1.0 2.24 14.32 14.04 25.63 25.0 20.62 21.93 1.41 1.41 17.03 17.26 10.3 8.6 20.0 21.63 13.0 11.0 32.02 32.14 13.93 12.08 18.03 
2.0 0.0 2.24 1.0 14.87 14.32 26.4 25.63 22.2 23.43 3.16 3.16 17.03 17.03 11.4 9.9 21.26 22.8 15.0 13.0 32.02 32.02 15.81 13.93 18.25 
1.0 2.24 0.0 2.0 15.3 15.03 24.7 24.04 20.0 21.26 2.24 1.0 16.03 16.28 11.18 9.43 19.21 20.81 13.04 11.05 31.02 31.14 14.32 12.53 17.03 
2.24 1.0 2.0 0.0 15.81 15.3 25.5 24.7 21.63 22.8 3.61 3.0 16.03 16.03 12.21 10.63 20.52 22.02 15.03 13.04 31.02 31.02 16.16 14.32 17.26 
14.32 14.87 15.3 15.81 0.0 2.0 38.47 38.21 29.97 31.78 13.15 15.13 31.26 31.58 5.39 7.28 31.32 33.24 17.2 16.12 46.17 46.39 13.45 12.04 32.06 
14.04 14.32 15.03 15.3 2.0 0.0 38.83 38.47 30.89 32.65 13.0 15.0 31.06 31.26 6.4 8.06 31.95 33.84 18.44 17.2 46.04 46.17 15.0 13.45 32.0 
25.63 26.4 24.7 25.5 38.47 38.83 0.0 2.0 13.04 11.4 26.25 24.35 12.21 13.89 33.24 31.26 8.54 6.71 24.33 24.08 12.81 14.42 29.27 29.07 10.0 
25.0 25.63 24.04 24.7 38.21 38.47 2.0 0.0 14.21 12.73 25.71 23.77 10.63 12.21 33.06 31.06 9.43 7.81 24.74 24.33 11.31 12.81 29.61 29.27 8.49 
20.62 22.2 20.0 21.63 29.97 30.89 13.04 14.21 0.0 2.0 20.52 19.21 17.46 19.42 24.6 22.83 5.0 6.4 13.34 13.93 25.5 26.87 18.25 18.68 15.81 
21.93 23.43 21.26 22.8 31.78 32.65 11.4 12.73 2.0 0.0 21.93 20.52 17.12 19.1 26.4 24.6 4.12 5.0 15.3 15.81 24.04 25.5 20.22 20.62 15.3 
1.41 3.16 2.24 3.61 13.15 13.0 26.25 25.71 20.52 21.93 0.0 2.0 18.11 18.44 8.94 7.21 20.25 21.95 12.04 10.05 33.06 33.24 12.65 10.77 19.0 
1.41 3.16 1.0 3.0 15.13 15.0 24.35 23.77 19.21 20.52 2.0 0.0 16.12 16.49 10.77 8.94 18.6 20.25 12.04 10.05 31.06 31.26 13.42 11.66 17.0 
17.03 17.03 16.03 16.03 31.26 31.06 12.21 10.63 17.46 17.12 18.11 16.12 0.0 2.0 26.68 24.74 13.04 13.04 22.02 20.81 15.0 15.13 26.08 25.06 2.24 
17.26 17.03 16.28 16.03 31.58 31.26 13.89 12.21 19.42 19.1 18.44 16.49 2.0 0.0 27.2 25.3 15.03 15.03 23.35 22.02 15.13 15.0 27.2 26.08 4.12 
10.3 11.4 11.18 12.21 5.39 6.4 33.24 33.06 24.6 26.4 8.94 10.77 26.68 27.2 0.0 2.0 25.96 27.89 12.04 10.82 41.44 41.77 8.94 7.21 27.29 
8.6 9.9 9.43 10.63 7.28 8.06 31.26 31.06 22.83 24.6 7.21 8.94 24.74 25.3 2.0 0.0 24.04 25.96 10.63 9.22 39.46 39.81 8.25 6.32 25.32 
20.0 21.26 19.21 20.52 31.32 31.95 8.54 9.43 5.0 4.12 20.25 18.6 13.04 15.03 25.96 24.04 0.0 2.0 16.03 16.03 20.62 21.93 21.02 21.02 11.18 
21.63 22.8 20.81 22.02 33.24 33.84 6.71 7.81 6.4 5.0 21.95 20.25 13.04 15.03 27.89 25.96 2.0 0.0 18.03 18.03 19.1 20.52 23.02 23.02 11.0 
13.0 15.0 13.04 15.03 17.2 18.44 24.33 24.74 13.34 15.3 12.04 12.04 22.02 23.35 12.04 10.63 16.03 18.03 0.0 2.0 34.93 35.78 5.0 5.39 21.63 
11.0 13.0 11.05 13.04 16.12 17.2 24.08 24.33 13.93 15.81 10.05 10.05 20.81 22.02 10.82 9.22 16.03 18.03 2.0 0.0 34.18 34.93 5.39 5.0 20.59 
32.02 32.02 31.02 31.02 46.17 46.04 12.81 11.31 25.5 24.04 33.06 31.06 15.0 15.13 41.44 39.46 20.62 19.1 34.93 34.18 0.0 2.0 39.56 38.9 14.14 
32.14 32.02 31.14 31.02 46.39 46.17 14.42 12.81 26.87 25.5 33.24 31.26 15.13 15.0 41.77 39.81 21.93 20.52 35.78 34.93 2.0 0.0 40.31 39.56 14.56 
13.93 15.81 14.32 16.16 13.45 15.0 29.27 29.61 18.25 20.22 12.65 13.42 26.08 27.2 8.94 8.25 21.02 23.02 5.0 5.39 39.56 40.31 0.0 2.0 25.94 
12.08 13.93 12.53 14.32 12.04 13.45 29.07 29.27 18.68 20.62 10.77 11.66 25.06 26.08 7.21 6.32 21.02 23.02 5.39 5.0 38.9 39.56 2.0 0.0 25.08 
18.03 18.25 17.03 17.26 32.06 32.0 10.0 8.49 15.81 15.3 19.0 17.0 2.24 4.12 27.29 25.32 11.18 11.0 21.63 20.59 14.14 14.56 25.94 25.08 0.0 
