85
0.0 2.0 1.0 2.24 129.03 130.94 129.34 131.24 83.02 83.36 44.92 44.38 25.46 26.91 108.41 109.64 108.5 108.85 126.49 127.64 137.44 139.19 96.67 97.95 76.22 76.9 170.29 171.97 165.89 166.98 108.81 110.0 131.38 131.69 161.62 162.94 119.85 121.64 75.72 76.84 72.0 72.03 50.22 49.82 88.51 90.21 91.68 93.62 100.66 102.53 36.06 38.05 30.02 31.76 122.05 124.04 63.01 65.01 135.21 136.4 50.04 52.04 45.54 47.52 78.06 80.06 98.49 100.0 143.01 143.27 15.81 16.55 112.0 114.0 87.1 87.56 132.1 134.08 55.22 56.4 151.29 152.12 140.66 141.82 82.39 
2.0 0.0 2.24 1.0 128.44 130.36 128.74 130.65 82.73 83.02 45.54 44.92 24.08 25.46 107.2 108.41 106.53 106.89 124.85 126.02 136.47 138.24 95.43 96.67 75.58 76.22 169.2 170.88 164.83 165.89 107.2 108.41 131.11 131.38 160.31 161.62 118.97 120.77 74.63 75.72 72.03 72.0 50.7 50.22 86.82 88.51 91.22 93.17 98.79 100.66 36.0 38.0 29.07 30.87 121.81 123.79 61.01 63.01 133.6 134.81 50.16 52.15 45.89 47.85 76.06 78.06 97.0 98.49 142.79 143.01 15.3 15.81 110.0 112.0 86.68 87.1 131.86 133.84 53.6 54.82 150.48 151.29 139.52 140.66 82.22 
1.0 2.24 0.0 2.0 128.08 129.99 128.39 130.29 82.04 82.38 43.97 43.42 24.76 26.25 107.62 108.85 108.34 108.67 125.92 127.06 136.57 138.31 95.9 97.19 75.27 75.96 169.46 171.13 165.05 166.14 108.23 109.4 130.39 130.7 160.86 162.19 118.96 120.75 74.89 76.03 71.0 71.03 49.24 48.84 87.98 89.69 90.71 92.65 100.3 102.18 35.06 37.05 29.15 30.89 121.06 123.04 63.03 65.03 134.62 135.8 49.04 51.04 44.55 46.53 78.1 80.1 97.84 99.36 142.02 142.27 16.76 17.46 112.0 114.0 86.12 86.59 131.11 133.09 54.64 55.8 150.38 151.21 139.85 141.01 81.39 
2.24 1.0 2.0 0.0 127.49 129.4 127.78 129.69 81.74 82.04 44.6 43.97 23.35 24.76 106.4 107.62 106.37 106.71 124.28 125.43 135.59 137.35 94.64 95.9 74.63 75.27 168.36 170.04 163.98 165.05 106.61 107.8 130.12 130.39 159.55 160.86 118.07 119.87 73.78 74.89 71.03 71.0 49.73 49.24 86.28 87.98 90.24 92.2 98.43 100.3 35.0 37.0 28.18 29.97 120.81 122.8 61.03 63.03 133.0 134.2 49.16 51.16 44.91 46.87 76.11 78.1 96.33 97.84 141.8 142.02 16.28 16.76 110.0 112.0 85.7 86.12 130.86 132.85 53.01 54.2 149.56 150.38 138.7 139.85 81.22 
129.03 128.44 128.08 127.49 0.0 2.0 1.0 2.24 48.55 47.51 95.41 94.34 107.08 106.71 45.8 47.01 125.1 123.42 82.62 81.4 28.16 28.02 52.8 53.67 52.89 52.39 58.19 58.87 52.81 54.71 76.69 75.17 21.19 19.31 67.01 69.01 21.93 20.52 60.07 60.21 64.2 63.01 89.31 88.2 84.1 84.97 38.01 36.24 102.93 104.01 94.54 92.7 99.92 97.98 23.09 23.0 126.3 126.7 82.15 81.12 83.73 81.99 90.55 88.84 131.9 132.5 67.74 68.8 29.07 27.59 142.13 141.66 143.03 144.06 42.94 42.05 23.41 24.17 91.2 89.2 27.46 29.15 42.76 44.72 51.4 
130.94 130.36 129.99 129.4 2.0 0.0 2.24 1.0 50.25 49.24 97.1 96.04 109.04 108.67 47.43 48.6 126.78 125.1 83.87 82.62 28.44 28.16 54.63 55.46 54.82 54.34 57.57 58.19 52.2 54.12 78.24 76.69 20.62 18.68 67.07 69.07 23.43 21.93 62.07 62.2 65.8 64.64 90.97 89.89 85.91 86.76 39.81 38.01 104.62 105.69 96.38 94.54 101.87 99.92 23.35 23.09 128.27 128.65 83.22 82.15 85.48 83.73 92.28 90.55 133.81 134.41 69.46 70.49 27.8 26.25 144.07 143.61 144.75 145.77 44.72 43.86 22.8 23.41 93.19 91.2 26.42 28.18 43.17 45.12 53.01 
129.34 128.74 128.39 127.78 1.0 2.24 0.0 2.0 49.09 48.02 95.96 94.87 107.28 106.89 45.22 46.4 124.56 122.87 81.84 80.6 27.17 27.02 52.39 53.23 53.16 52.63 57.25 57.94 51.87 53.76 76.06 74.52 22.14 20.25 66.01 68.01 21.26 19.8 60.03 60.13 64.82 63.6 89.87 88.75 83.67 84.53 38.47 36.72 102.4 103.46 94.94 93.11 100.17 98.23 24.08 24.0 126.12 126.5 81.3 80.26 84.22 82.49 91.07 89.36 131.61 132.2 67.23 68.26 29.83 28.32 142.37 141.89 142.52 143.54 43.42 42.49 24.35 25.08 91.14 89.14 26.63 28.3 41.77 43.74 52.01 
131.24 130.65 130.29 129.69 2.24 1.0 2.0 0.0 50.77 49.74 97.64 96.57 109.24 108.85 46.87 48.01 126.25 124.56 83.1 81.84 27.46 27.17 54.23 55.04 55.08 54.57 56.61 57.25 51.24 53.16 77.62 76.06 21.59 19.65 66.07 68.07 22.8 21.26 62.03 62.13 66.4 65.22 91.53 90.43 85.49 86.33 40.25 38.47 104.1 105.15 96.77 94.94 102.11 100.17 24.33 24.08 128.08 128.46 82.38 81.3 85.96 84.22 92.78 91.07 133.52 134.1 68.96 69.97 28.6 27.02 144.31 143.84 144.25 145.26 45.18 44.28 23.77 24.35 93.13 91.14 25.55 27.29 42.2 44.15 53.6 
83.02 82.73 82.04 81.74 48.55 50.25 49.09 50.77 0.0 2.0 46.87 45.79 64.2 64.38 53.15 55.15 113.72 112.61 91.55 91.35 66.03 67.2 48.51 50.49 15.62 17.2 100.8 102.0 95.6 97.2 77.13 76.69 48.37 48.66 101.24 103.08 48.02 49.09 34.67 36.36 16.4 14.87 40.8 39.66 71.2 72.95 11.4 12.73 93.15 94.89 47.3 45.35 56.04 54.04 39.12 41.11 96.9 97.94 96.02 96.0 35.34 33.54 42.06 40.31 107.0 108.23 63.32 65.25 60.13 60.3 97.33 97.19 128.55 130.1 6.71 8.54 49.16 51.16 59.36 57.69 74.41 75.74 75.58 77.39 5.0 
83.36 83.02 82.38 82.04 47.51 49.24 48.02 49.74 2.0 0.0 48.01 46.87 64.07 64.2 51.16 53.15 112.07 110.94 89.56 89.36 64.4 65.6 46.53 48.51 14.14 15.62 99.2 100.42 94.02 95.6 75.19 74.73 48.17 48.37 99.4 101.24 46.32 47.43 33.02 34.67 18.03 16.4 42.01 40.8 69.46 71.2 9.9 11.4 91.42 93.15 47.8 45.88 56.0 54.0 39.01 41.01 95.88 96.9 94.02 94.0 36.24 34.48 43.05 41.34 105.8 107.0 61.4 63.32 60.03 60.13 97.51 97.33 127.02 128.55 5.0 6.71 49.04 51.04 58.31 56.6 73.11 74.41 73.79 75.58 7.0 
44.92 45.54 43.97 44.6 95.41 97.1 95.96 97.64 46.87 48.01 0.0 2.0 39.82 41.4 89.94 91.71 122.58 122.18 120.54 121.04 111.04 112.43 80.62 82.46 47.8 49.41 145.77 147.14 140.76 142.21 103.16 103.59 92.7 93.41 142.84 144.51 92.66 94.05 58.52 60.41 31.78 32.65 6.32 7.21 88.09 90.09 57.8 59.41 107.23 109.22 16.55 15.81 32.76 31.76 83.22 85.09 87.82 89.55 127.49 128.08 13.04 14.21 6.32 7.21 101.97 103.75 89.74 91.68 103.45 104.04 60.73 61.35 132.19 134.08 52.8 54.04 92.97 94.87 59.03 58.69 121.04 122.29 118.41 120.0 44.29 
44.38 44.92 43.42 43.97 94.34 96.04 94.87 96.57 45.79 46.87 2.0 0.0 38.29 39.82 88.19 89.94 120.62 120.22 118.6 119.1 109.6 111.02 78.79 80.62 46.23 47.8 144.31 145.69 139.32 140.76 101.2 101.64 92.03 92.7 141.17 142.84 91.22 92.63 56.65 58.52 31.02 31.78 6.0 6.32 86.09 88.09 56.61 58.25 105.23 107.23 14.76 13.93 31.06 30.02 82.54 84.43 86.09 87.82 125.57 126.18 11.4 12.73 4.47 5.66 100.18 101.97 87.8 89.74 102.88 103.45 60.17 60.73 130.3 132.19 51.61 52.8 92.35 94.25 57.07 56.72 119.81 121.04 116.82 118.41 43.38 
25.46 24.08 24.76 23.35 107.08 109.04 107.28 109.24 64.2 64.07 39.82 38.29 0.0 2.0 83.23 84.4 89.0 89.02 101.55 102.63 113.16 114.97 71.4 72.62 54.45 54.74 145.44 147.15 141.16 142.17 83.76 84.88 112.0 112.04 136.24 137.54 96.01 97.86 51.0 51.97 56.92 56.32 42.45 41.11 63.95 65.74 71.11 73.11 78.1 80.05 24.08 25.61 8.54 10.44 103.02 105.02 48.85 50.7 110.11 111.25 37.74 39.45 36.8 38.29 63.57 65.46 73.11 74.65 124.0 124.0 35.47 34.79 95.71 97.67 67.01 67.07 113.0 115.0 30.41 31.38 127.81 128.51 115.66 116.76 64.78 
26.91 25.46 26.25 24.76 106.71 108.67 106.89 108.85 64.38 64.2 41.4 39.82 2.0 0.0 82.1 83.23 87.0 87.02 99.86 100.96 112.31 114.13 70.21 71.4 54.23 54.45 144.4 146.12 140.16 141.16 82.1 83.23 112.0 112.0 134.95 136.24 95.27 97.14 50.09 51.0 57.58 56.92 43.84 42.45 62.18 63.95 71.03 73.03 76.16 78.1 25.46 26.91 9.43 11.18 103.08 105.08 47.01 48.85 108.47 109.62 38.83 40.5 38.18 39.62 61.68 63.57 71.59 73.11 124.04 124.0 36.25 35.47 93.74 95.71 67.01 67.01 113.04 115.04 28.65 29.68 127.14 127.81 114.59 115.66 65.12 
108.41 107.2 107.62 106.4 45.8 47.43 45.22 46.87 53.15 51.16 89.94 88.19 83.23 82.1 0.0 2.0 79.4 77.7 40.5 39.85 34.01 36.01 12.08 11.4 43.32 41.44 62.61 64.4 58.69 59.51 31.11 29.73 64.38 62.94 53.81 55.32 24.19 25.94 33.24 31.83 67.47 65.51 85.43 83.63 40.02 40.52 44.1 44.28 57.31 58.31 81.22 80.0 78.75 77.23 61.03 62.2 87.05 87.01 43.42 43.19 76.94 76.03 83.73 82.76 89.81 90.09 22.47 23.26 74.41 73.11 117.99 116.97 97.53 98.49 47.01 45.01 66.53 67.9 57.94 56.08 52.15 52.04 32.65 33.62 58.14 
109.64 108.41 108.85 107.62 47.01 48.6 46.4 48.01 55.15 53.15 91.71 89.94 84.4 83.23 2.0 0.0 78.39 76.66 38.63 37.95 34.01 36.01 13.04 12.08 45.22 43.32 61.74 63.56 57.94 58.69 29.73 28.28 65.86 64.38 52.35 53.81 25.24 26.93 34.71 33.24 69.43 67.47 87.24 85.43 39.62 40.02 46.1 46.27 56.36 57.31 82.8 81.61 80.06 78.57 62.68 63.82 87.14 87.05 41.44 41.19 78.71 77.82 85.48 84.53 89.56 89.81 21.84 22.47 75.74 74.41 119.04 117.99 96.6 97.53 49.01 47.01 68.01 69.35 58.69 56.86 52.35 52.15 31.78 32.65 60.13 
108.5 106.53 108.34 106.37 125.1 126.78 124.56 126.25 113.72 112.07 122.58 120.62 89.0 87.0 79.4 78.39 0.0 2.0 54.08 56.08 109.56 111.43 73.25 72.01 98.18 96.52 124.68 126.67 123.32 123.04 49.77 51.62 142.44 141.21 104.0 104.0 103.59 105.31 79.06 77.42 119.85 118.07 122.0 120.07 43.19 41.73 110.75 112.04 22.2 21.1 106.53 106.89 92.35 92.54 137.44 138.95 47.93 46.1 62.03 64.03 113.6 114.18 117.15 117.63 35.81 34.21 57.43 56.3 153.22 152.05 107.21 105.3 18.68 19.31 110.6 109.02 144.46 146.03 63.56 64.03 128.16 127.47 100.42 99.92 117.89 
108.85 106.89 108.67 106.71 123.42 125.1 122.87 124.56 112.61 110.94 122.18 120.22 89.02 87.02 77.7 76.66 2.0 0.0 52.09 54.08 107.7 109.56 71.7 70.43 97.1 95.41 122.69 124.68 121.34 121.06 47.93 49.77 140.87 139.63 102.0 102.0 101.87 103.59 77.94 76.28 118.97 117.17 121.51 119.57 41.87 40.36 109.48 110.75 20.62 19.42 106.21 106.53 92.2 92.35 135.95 137.44 48.75 46.96 60.03 62.03 113.05 113.6 116.71 117.15 37.01 35.47 55.8 54.64 151.6 150.43 107.84 105.95 20.62 21.19 109.4 107.8 142.9 144.46 63.15 63.56 126.29 125.59 98.49 97.98 116.81 
126.49 124.85 125.92 124.28 82.62 83.87 81.84 83.1 91.55 89.56 120.54 118.6 101.55 99.86 40.5 38.63 54.08 52.09 0.0 2.0 60.61 62.2 43.1 41.11 79.0 77.0 70.71 72.69 69.63 69.23 17.89 17.09 102.9 101.26 50.04 50.16 61.03 62.2 62.65 60.67 104.0 102.0 117.28 115.32 38.29 36.8 83.74 84.17 37.36 36.88 108.17 107.52 100.18 99.28 100.72 101.71 83.73 82.76 9.43 11.18 108.26 107.87 114.24 113.78 79.38 78.75 30.81 28.86 111.66 110.11 131.8 130.3 72.44 72.69 85.99 84.01 105.12 106.25 71.28 70.18 78.23 77.18 48.76 47.85 96.52 
127.64 126.02 127.06 125.43 81.4 82.62 80.6 81.84 91.35 89.36 121.04 119.1 102.63 100.96 39.85 37.95 56.08 54.08 2.0 0.0 59.03 60.61 43.01 41.01 79.03 77.03 68.73 70.71 67.68 67.27 18.87 17.89 101.79 100.12 48.04 48.17 59.91 61.03 62.97 61.0 104.02 102.02 117.69 115.73 39.62 38.18 83.36 83.74 39.29 38.83 108.85 108.17 101.12 100.18 99.76 100.72 85.48 84.53 7.81 9.43 108.68 108.26 114.73 114.24 81.27 80.65 31.32 29.41 110.42 108.85 133.12 131.64 74.43 74.67 85.71 83.73 104.01 105.12 72.42 71.28 76.55 75.47 47.01 46.07 96.33 
137.44 136.47 136.57 135.59 28.16 28.44 27.17 27.46 66.03 64.4 111.04 109.6 113.16 112.31 34.01 34.01 109.56 107.7 60.61 59.03 0.0 2.0 45.4 45.18 63.78 62.48 34.83 36.12 29.73 31.24 59.81 57.94 49.03 47.07 39.05 41.05 18.38 17.03 62.24 61.47 82.42 80.8 105.48 104.0 73.44 73.68 54.64 53.54 88.23 88.87 106.21 104.64 107.42 105.68 51.01 51.09 121.07 121.02 58.0 56.64 98.29 96.88 105.36 103.95 123.49 123.69 55.44 55.73 54.63 52.8 148.56 147.73 128.16 128.88 59.41 57.8 51.2 51.66 90.71 88.77 18.68 18.25 14.87 16.76 70.18 
139.19 138.24 138.31 137.35 28.02 28.16 27.02 27.17 67.2 65.6 112.43 111.02 114.97 114.13 36.01 36.01 111.43 109.56 62.2 60.61 2.0 0.0 47.38 47.17 65.3 64.03 33.6 34.83 28.43 30.0 61.68 59.81 48.66 46.69 39.0 41.0 19.85 18.38 64.08 63.32 83.6 82.01 106.83 105.38 75.43 75.66 55.8 54.64 90.14 90.76 107.8 106.21 109.18 107.42 51.01 51.01 123.07 123.02 59.4 58.0 99.72 98.29 106.79 105.36 125.48 125.67 57.43 57.71 53.85 52.0 150.38 149.56 130.03 130.74 60.61 59.03 50.8 51.2 92.65 90.71 16.76 16.28 15.65 17.46 71.28 
96.67 95.43 95.9 94.64 52.8 54.63 52.39 54.23 48.51 46.53 80.62 78.79 71.4 70.21 12.08 13.04 73.25 71.7 43.1 43.01 45.4 47.38 0.0 2.0 36.12 34.13 74.69 76.49 70.77 71.59 29.15 28.46 69.2 68.01 65.07 66.47 32.76 34.71 22.47 20.81 61.07 59.08 76.55 74.67 31.3 32.25 41.44 42.15 51.09 52.4 70.72 69.64 67.21 65.76 64.35 65.8 76.03 76.11 48.26 48.51 67.78 67.07 74.32 73.54 79.83 80.28 16.4 18.03 80.16 79.08 106.0 104.96 90.7 91.84 43.17 41.23 71.22 72.8 45.88 44.01 63.01 63.07 44.72 45.65 53.46 
97.95 96.67 97.19 95.9 53.67 55.46 53.23 55.04 50.49 48.51 82.46 80.62 72.62 71.4 11.4 12.08 72.01 70.43 41.11 41.01 45.18 47.17 2.0 0.0 38.12 36.12 73.82 75.64 70.01 70.77 27.31 26.57 70.43 69.2 63.7 65.07 33.24 35.17 24.19 22.47 63.07 61.07 78.43 76.55 30.46 31.3 43.32 44.01 49.82 51.09 72.4 71.34 68.59 67.18 65.76 67.18 76.0 76.03 46.27 46.53 69.64 68.95 76.16 75.39 79.43 79.83 14.87 16.4 81.27 80.16 107.07 106.0 89.59 90.7 45.12 43.17 72.47 74.03 46.62 44.78 63.01 63.01 43.86 44.72 55.44 
76.22 75.58 75.27 74.63 52.89 54.82 53.16 55.08 15.62 14.14 47.8 46.23 54.45 54.23 43.32 45.22 98.18 97.1 79.0 79.03 63.78 65.3 36.12 38.12 0.0 2.0 98.29 99.72 93.38 94.76 63.51 63.29 58.31 58.14 95.19 96.9 45.45 47.01 19.24 21.02 25.0 23.0 42.72 41.05 55.9 57.7 17.26 19.24 77.83 79.61 42.72 41.05 47.07 45.12 49.82 51.79 82.3 83.24 84.38 84.59 34.83 33.6 41.87 40.61 91.84 93.01 49.5 51.48 70.46 70.26 89.27 88.84 112.93 114.48 14.32 13.6 59.54 61.52 44.72 42.94 75.66 76.66 70.6 72.2 19.72 
76.9 76.22 75.96 75.27 52.39 54.34 52.63 54.57 17.2 15.62 49.41 47.8 54.74 54.45 41.44 43.32 96.52 95.41 77.0 77.03 62.48 64.03 34.13 36.12 2.0 0.0 96.9 98.35 92.02 93.38 61.52 61.29 58.55 58.31 93.49 95.19 44.2 45.8 17.49 19.24 27.0 25.0 44.42 42.72 54.12 55.9 17.72 19.65 76.06 77.83 43.83 42.2 47.54 45.61 50.22 52.17 81.39 82.3 82.39 82.61 36.4 35.23 43.42 42.2 90.7 91.84 47.52 49.5 70.71 70.46 89.74 89.27 111.4 112.93 15.26 14.32 59.84 61.81 43.86 42.05 74.71 75.66 69.03 70.6 21.47 
170.29 169.2 169.46 168.36 58.19 57.57 57.25 56.61 100.8 99.2 145.77 144.31 145.44 144.4 62.61 61.74 124.68 122.69 70.71 68.73 34.83 33.6 74.69 73.82 98.29 96.9 0.0 2.0 5.39 3.61 78.23 76.24 75.95 73.98 23.32 24.41 53.15 51.86 94.58 93.49 117.2 115.6 140.26 138.77 96.88 96.51 89.4 88.23 106.0 106.02 140.36 138.85 140.35 138.7 80.78 80.28 146.32 145.91 63.79 61.85 132.97 131.59 140.04 138.66 145.88 145.67 79.56 79.08 77.0 75.0 180.47 179.49 143.14 143.4 94.2 92.62 77.78 77.52 120.42 118.6 32.25 30.27 29.97 29.15 104.86 
171.97 170.88 171.13 170.04 58.87 58.19 57.94 57.25 102.0 100.42 147.14 145.69 147.15 146.12 64.4 63.56 126.67 124.68 72.69 70.71 36.12 34.83 76.49 75.64 99.72 98.35 2.0 0.0 6.4 5.0 80.22 78.23 76.3 74.33 25.06 26.08 54.49 53.15 96.25 95.19 118.41 116.82 141.6 140.12 98.84 98.48 90.6 89.4 108.0 108.02 141.87 140.36 142.0 140.35 81.32 80.78 148.28 147.87 65.73 63.79 134.36 132.97 141.43 140.04 147.87 147.67 81.49 81.02 77.03 75.03 182.21 181.25 145.12 145.38 95.43 93.86 78.09 77.78 122.25 120.42 32.56 30.59 31.78 31.02 106.02 
165.89 164.83 165.05 163.98 52.81 52.2 51.87 51.24 95.6 94.02 140.76 139.32 141.16 140.16 58.69 57.94 123.32 121.34 69.63 67.68 29.73 28.43 70.77 70.01 93.38 92.02 5.39 6.4 0.0 2.0 76.01 74.01 70.71 68.73 24.76 26.17 48.1 46.75 90.21 89.19 112.0 110.42 135.21 133.73 94.05 93.77 84.2 83.01 104.12 104.24 135.59 134.06 135.91 134.24 75.43 74.95 143.38 143.03 63.25 61.35 127.99 126.59 135.06 133.66 143.42 143.28 76.49 76.12 72.03 70.03 176.3 175.35 141.88 142.21 89.02 87.46 72.56 72.34 116.62 114.77 27.07 25.08 26.25 25.71 99.62 
166.98 165.89 166.14 165.05 54.71 54.12 53.76 53.16 97.2 95.6 142.21 140.76 142.17 141.16 59.51 58.69 123.04 121.06 69.23 67.27 31.24 30.0 71.59 70.77 94.76 93.38 3.61 5.0 2.0 0.0 76.06 74.06 72.69 70.71 23.43 24.76 49.58 48.27 91.27 90.21 113.6 112.0 136.69 135.21 94.37 94.05 85.8 84.63 104.04 104.12 136.88 135.37 137.01 135.35 77.37 76.9 143.75 143.38 62.64 60.73 129.42 128.04 136.49 135.1 143.59 143.42 76.9 76.49 74.03 72.03 177.26 176.3 141.57 141.88 90.6 89.02 74.55 74.33 117.39 115.55 29.07 27.07 26.93 26.25 101.26 
108.81 107.2 108.23 106.61 76.69 78.24 76.06 77.62 77.13 75.19 103.16 101.2 83.76 82.1 31.11 29.73 49.77 47.93 17.89 18.87 59.81 61.68 29.15 27.31 63.51 61.52 78.23 80.22 76.01 76.06 0.0 2.0 95.48 94.05 60.73 61.35 54.82 56.4 46.01 44.01 88.36 86.37 100.13 98.15 21.4 20.25 70.58 71.31 28.64 29.12 90.44 89.84 82.3 81.39 91.83 93.09 69.64 68.95 26.4 27.66 91.08 90.8 96.88 96.51 67.74 67.48 14.04 12.04 105.48 104.14 114.59 113.15 68.35 69.08 72.12 70.21 97.62 99.01 53.6 52.43 78.43 77.79 51.48 51.24 82.0 
110.0 108.41 109.4 107.8 75.17 76.69 74.52 76.06 76.69 74.73 103.59 101.64 84.88 83.23 29.73 28.28 51.62 49.77 17.09 17.89 57.94 59.81 28.46 26.57 63.29 61.29 76.24 78.23 74.01 74.06 2.0 0.0 94.11 92.66 58.82 59.46 53.26 54.82 46.1 44.1 88.2 86.21 100.45 98.48 23.02 21.95 69.89 70.58 30.59 31.05 91.08 90.44 83.24 82.3 90.6 91.83 71.51 70.84 25.24 26.4 91.41 91.08 97.29 96.88 69.72 69.46 14.04 12.04 104.0 102.65 115.97 114.55 70.23 70.94 71.57 69.64 96.26 97.62 54.82 53.6 76.55 75.89 49.5 49.25 81.58 
131.38 131.11 130.39 130.12 21.19 20.62 22.14 21.59 48.37 48.17 92.7 92.03 112.0 112.0 64.38 65.86 142.44 140.87 102.9 101.79 49.03 48.66 69.2 70.43 58.31 58.55 75.95 76.3 70.71 72.69 95.48 94.11 0.0 2.0 87.37 89.36 41.88 40.82 70.84 71.51 61.03 60.44 86.38 85.7 100.12 101.26 41.11 39.12 120.25 121.51 95.52 93.56 104.08 102.08 9.49 7.62 138.19 138.84 102.96 102.0 82.71 80.78 88.89 86.98 145.5 146.32 85.15 86.45 12.17 12.0 145.67 145.5 159.84 161.01 45.0 45.04 2.24 3.61 101.39 99.46 43.74 45.71 63.79 65.73 49.24 
131.69 131.38 130.7 130.39 19.31 18.68 20.25 19.65 48.66 48.37 93.41 92.7 112.04 112.0 62.94 64.38 141.21 139.63 101.26 100.12 47.07 46.69 68.01 69.2 58.14 58.31 73.98 74.33 68.73 70.71 94.05 92.66 2.0 0.0 85.38 87.37 40.22 39.12 70.21 70.84 61.68 61.03 87.09 86.38 99.02 100.12 41.01 39.01 119.02 120.25 95.9 93.94 104.17 102.18 10.3 8.6 137.57 138.19 101.21 100.24 83.24 81.32 89.49 87.6 144.7 145.5 83.87 85.15 12.65 12.17 145.88 145.67 158.69 159.84 45.04 45.0 4.12 5.0 100.9 98.95 41.77 43.74 61.85 63.79 49.73 
161.62 160.31 160.86 159.55 67.01 67.07 66.01 66.07 101.24 99.4 142.84 141.17 136.24 134.95 53.81 52.35 104.0 102.0 50.04 48.04 39.05 39.0 65.07 63.7 95.19 93.49 23.32 25.06 24.76 23.43 60.73 58.82 87.37 85.38 0.0 2.0 54.12 53.6 87.05 85.59 117.2 115.39 137.91 136.21 81.15 80.41 90.25 89.54 86.83 86.58 134.95 133.69 132.28 130.83 90.01 90.01 130.3 129.65 42.11 40.11 129.8 128.7 136.74 135.62 128.1 127.68 65.37 64.41 91.22 89.27 170.21 169.03 122.15 122.26 94.54 92.7 89.45 89.68 108.72 107.07 46.82 44.94 25.96 24.04 105.85 
162.94 161.62 162.19 160.86 69.01 69.07 68.01 68.07 103.08 101.24 144.51 142.84 137.54 136.24 55.32 53.81 104.0 102.0 50.16 48.17 41.05 41.0 66.47 65.07 96.9 95.19 24.41 26.08 26.17 24.76 61.35 59.46 89.36 87.37 2.0 0.0 56.04 55.54 88.53 87.05 119.01 117.2 139.61 137.91 81.94 81.15 92.11 91.42 87.13 86.83 136.5 135.25 133.66 132.23 92.01 92.01 130.97 130.3 42.01 40.01 131.47 130.38 138.4 137.3 128.55 128.1 66.37 65.37 93.17 91.22 171.4 170.21 122.07 122.15 96.38 94.54 91.44 91.66 109.86 108.23 48.7 46.82 27.89 25.96 107.7 
119.85 118.97 118.96 118.07 21.93 23.43 21.26 22.8 48.02 46.32 92.66 91.22 96.01 95.27 24.19 25.24 103.59 101.87 61.03 59.91 18.38 19.85 32.76 33.24 45.45 44.2 53.15 54.49 48.1 49.58 54.82 53.26 41.88 40.22 54.12 56.04 0.0 2.0 45.61 45.12 64.35 62.68 87.11 85.63 63.57 64.26 36.72 35.78 81.49 82.49 88.01 86.4 89.9 88.1 40.5 41.23 108.37 108.56 61.27 60.42 79.91 78.49 86.98 85.56 112.59 113.03 46.52 47.41 50.93 49.5 131.47 130.74 121.71 122.67 41.34 39.66 44.1 45.22 75.54 73.55 32.02 32.57 28.16 30.08 52.35 
121.64 120.77 120.75 119.87 20.52 21.93 19.8 21.26 49.09 47.43 94.05 92.63 97.86 97.14 25.94 26.93 105.31 103.59 62.2 61.03 17.03 18.38 34.71 35.17 47.01 45.8 51.86 53.15 46.75 48.27 56.4 54.82 40.82 39.12 53.6 55.54 2.0 0.0 47.54 47.07 65.46 63.82 88.46 87.0 65.46 66.13 37.74 36.72 83.24 84.22 89.63 88.01 91.71 89.9 39.85 40.5 110.37 110.55 62.18 61.27 81.34 79.91 88.41 86.98 114.54 114.98 48.33 49.19 49.58 48.1 133.33 132.61 123.47 124.42 42.44 40.8 43.05 44.1 77.52 75.54 30.08 30.68 27.66 29.61 53.34 
75.72 74.63 74.89 73.78 60.07 62.07 60.03 62.03 34.67 33.02 58.52 56.65 51.0 50.09 33.24 34.71 79.06 77.94 62.65 62.97 62.24 64.08 22.47 24.19 19.24 17.49 94.58 96.25 90.21 91.27 46.01 46.1 70.84 70.21 87.05 88.53 45.61 47.54 0.0 2.0 42.95 41.0 54.82 52.89 36.67 38.48 32.8 34.41 58.59 60.37 48.26 47.17 45.8 44.2 63.56 65.39 67.36 68.01 69.12 69.64 45.88 45.35 52.2 51.55 75.18 76.16 32.06 34.06 82.86 82.28 86.33 85.49 94.18 95.67 31.83 30.41 72.45 74.33 31.14 29.15 77.62 78.16 65.0 66.22 38.95 
76.84 75.72 76.03 74.89 60.21 62.2 60.13 62.13 36.36 34.67 60.41 58.52 51.97 51.0 31.83 33.24 77.42 76.28 60.67 61.0 61.47 63.32 20.81 22.47 21.02 19.24 93.49 95.19 89.19 90.21 44.01 44.1 71.51 70.84 85.59 87.05 45.12 47.07 2.0 0.0 44.91 42.95 56.75 54.82 34.89 36.67 34.06 35.61 56.82 58.59 49.93 48.88 47.01 45.45 64.4 66.21 66.76 67.36 67.19 67.72 47.8 47.3 54.08 53.45 74.24 75.18 30.07 32.06 83.49 82.86 87.21 86.33 92.7 94.18 33.3 31.83 73.16 75.03 31.02 29.02 77.13 77.62 63.82 65.0 40.71 
72.0 72.03 71.0 71.03 64.2 65.8 64.82 66.4 16.4 18.03 31.78 31.02 56.92 57.58 67.47 69.43 119.85 118.97 104.0 104.02 82.42 83.6 61.07 63.07 25.0 27.0 117.2 118.41 112.0 113.6 88.36 88.2 61.03 61.68 117.2 119.01 64.35 65.46 42.95 44.91 0.0 2.0 25.5 24.7 79.06 80.96 27.8 29.07 100.66 102.53 36.06 34.06 48.38 46.49 51.55 53.45 96.43 97.74 109.29 109.46 22.09 20.1 27.89 25.96 108.21 109.66 74.33 76.32 72.03 72.53 87.14 87.28 133.15 134.83 23.02 24.7 61.4 63.32 60.21 58.9 90.55 91.93 91.71 93.48 12.81 
72.03 72.0 71.03 71.0 63.01 64.64 63.6 65.22 14.87 16.4 32.65 31.78 56.32 56.92 65.51 67.47 118.07 117.17 102.0 102.02 80.8 82.01 59.08 61.07 23.0 25.0 115.6 116.82 110.42 112.0 86.37 86.21 60.44 61.03 115.39 117.2 62.68 63.82 41.0 42.95 2.0 0.0 26.42 25.5 77.16 79.06 26.25 27.59 98.79 100.66 36.0 34.0 47.8 45.88 50.96 52.89 95.13 96.43 107.3 107.47 22.36 20.4 28.46 26.57 106.78 108.21 72.34 74.33 71.59 72.03 87.05 87.14 131.47 133.15 21.4 23.02 60.88 62.82 58.73 57.38 89.2 90.55 89.94 91.71 11.66 
50.22 50.7 49.24 49.73 89.31 90.97 89.87 91.53 40.8 42.01 6.32 6.0 42.45 43.84 85.43 87.24 122.0 121.51 117.28 117.69 105.48 106.83 76.55 78.43 42.72 44.42 140.26 141.6 135.21 136.69 100.13 100.45 86.38 87.09 137.91 139.61 87.11 88.46 54.82 56.75 25.5 26.42 0.0 2.0 86.02 88.02 51.86 53.41 105.8 107.79 18.38 17.03 34.71 33.42 76.9 78.77 89.31 90.97 123.94 124.45 9.06 9.49 5.66 4.47 103.08 104.81 86.49 88.46 97.12 97.72 65.97 66.48 132.4 134.26 46.86 48.17 86.65 88.54 58.52 57.97 115.11 116.39 113.23 114.86 38.08 
49.82 50.22 48.84 49.24 88.2 89.89 88.75 90.43 39.66 40.8 7.21 6.32 41.11 42.45 83.63 85.43 120.07 119.57 115.32 115.73 104.0 105.38 74.67 76.55 41.05 42.72 138.77 140.12 133.73 135.21 98.15 98.48 85.7 86.38 136.21 137.91 85.63 87.0 52.89 54.82 24.7 25.5 2.0 0.0 84.02 86.02 50.61 52.2 103.82 105.8 17.03 15.56 33.24 31.89 76.22 78.11 87.66 89.31 122.0 122.53 7.07 7.62 4.47 2.83 101.36 103.08 84.53 86.49 96.57 97.12 65.51 65.97 130.55 132.4 45.61 46.86 86.02 87.93 56.61 56.04 113.85 115.11 111.61 113.23 37.12 
88.51 86.82 87.98 86.28 84.1 85.91 83.67 85.49 71.2 69.46 88.09 86.09 63.95 62.18 40.02 39.62 43.19 41.87 38.29 39.62 73.44 75.43 31.3 30.46 55.9 54.12 96.88 98.84 94.05 94.37 21.4 23.02 100.12 99.02 81.15 81.94 63.57 65.46 36.67 34.89 79.06 77.16 86.02 84.02 0.0 2.0 67.62 68.88 21.95 23.71 73.82 73.55 63.57 62.94 94.64 96.21 49.48 49.03 47.38 48.8 77.06 77.16 82.02 82.0 50.09 50.25 18.03 18.03 111.31 110.28 93.51 92.02 59.82 61.07 67.68 66.03 102.08 103.73 33.54 32.7 91.92 91.66 68.26 68.47 75.59 
90.21 88.51 89.69 87.98 84.97 86.76 84.53 86.33 72.95 71.2 90.09 88.09 65.74 63.95 40.52 40.02 41.73 40.36 36.8 38.18 73.68 75.66 32.25 31.3 57.7 55.9 96.51 98.48 93.77 94.05 20.25 21.95 101.26 100.12 80.41 81.15 64.26 66.13 38.48 36.67 80.96 79.06 88.02 86.02 2.0 0.0 69.2 70.43 20.25 21.95 75.8 75.54 65.46 64.85 95.9 97.45 50.0 49.48 45.97 47.42 79.06 79.16 84.02 84.0 50.01 50.09 18.25 18.03 112.36 111.31 95.02 93.51 58.6 59.82 69.34 67.68 103.23 104.86 35.34 34.54 92.23 91.92 68.12 68.26 77.37 
91.68 91.22 90.71 90.24 38.01 39.81 38.47 40.25 11.4 9.9 57.8 56.61 71.11 71.03 44.1 46.1 110.75 109.48 83.74 83.36 54.64 55.8 41.44 43.32 17.26 17.72 89.4 90.6 84.2 85.8 70.58 69.89 41.11 41.01 90.25 92.11 36.72 37.74 32.8 34.06 27.8 26.25 51.86 50.61 67.62 69.2 0.0 2.0 89.4 91.02 56.65 54.78 63.39 61.4 32.56 34.53 98.9 99.74 87.46 87.28 45.79 44.1 52.7 51.04 107.7 108.76 57.27 59.09 53.24 53.08 105.38 105.08 126.57 128.0 5.0 4.12 42.3 44.28 61.47 59.62 63.25 64.54 64.47 66.31 15.65 
93.62 93.17 92.65 92.2 36.24 38.01 36.72 38.47 12.73 11.4 59.41 58.25 73.11 73.03 44.28 46.27 112.04 110.75 84.17 83.74 53.54 54.64 42.15 44.01 19.24 19.65 88.23 89.4 83.01 84.63 71.31 70.58 39.12 39.01 89.54 91.42 35.78 36.72 34.41 35.61 29.07 27.59 53.41 52.2 68.88 70.43 2.0 0.0 90.6 92.2 58.52 56.65 65.38 63.39 30.59 32.56 100.72 101.55 87.69 87.46 47.51 45.79 54.38 52.7 109.42 110.45 58.14 59.93 51.24 51.09 107.35 107.06 127.99 129.4 6.71 6.08 40.31 42.3 63.32 61.47 61.72 63.03 63.69 65.55 16.64 
100.66 98.79 100.3 98.43 102.93 104.62 102.4 104.1 93.15 91.42 107.23 105.23 78.1 76.16 57.31 56.36 22.2 20.62 37.36 39.29 88.23 90.14 51.09 49.82 77.83 76.06 106.0 108.0 104.12 104.04 28.64 30.59 120.25 119.02 86.83 87.13 81.49 83.24 58.59 56.82 100.66 98.79 105.8 103.82 21.95 20.25 89.4 90.6 0.0 2.0 92.0 92.02 79.63 79.4 115.36 116.85 48.27 47.01 46.49 48.38 97.02 97.32 101.4 101.6 42.15 41.44 35.23 34.13 131.02 129.85 102.58 100.85 40.25 41.18 89.59 87.92 122.29 123.85 49.16 49.04 106.9 106.32 80.06 79.76 97.53 
102.53 100.66 102.18 100.3 104.01 105.69 103.46 105.15 94.89 93.15 109.22 107.23 80.05 78.1 58.31 57.31 21.1 19.42 36.88 38.83 88.87 90.76 52.4 51.09 79.61 77.83 106.02 108.02 104.24 104.12 29.12 31.05 121.51 120.25 86.58 86.83 82.49 84.22 60.37 58.59 102.53 100.66 107.79 105.8 23.71 21.95 91.02 92.2 2.0 0.0 94.0 94.02 81.61 81.39 116.73 118.19 49.58 48.27 45.88 47.8 98.99 99.3 103.39 103.59 42.95 42.15 36.4 35.23 132.2 131.02 104.32 102.58 39.4 40.25 91.27 89.59 123.56 125.1 51.16 51.04 107.52 106.9 80.41 80.06 99.3 
36.06 36.0 35.06 35.0 94.54 96.38 94.94 96.77 47.3 47.8 16.55 14.76 24.08 25.46 81.22 82.8 106.53 106.21 108.17 108.85 106.21 107.8 70.72 72.4 42.72 43.83 140.36 141.87 135.59 136.88 90.44 91.08 95.52 95.9 134.95 136.5 88.01 89.63 48.26 49.93 36.06 36.0 18.38 17.03 73.82 75.8 56.65 58.52 92.0 94.0 0.0 2.0 16.4 15.26 86.15 88.12 71.34 73.06 115.69 116.47 14.56 16.49 12.73 14.21 85.42 87.21 77.62 79.48 107.06 107.35 51.09 51.24 115.74 117.64 51.87 52.55 96.18 98.15 43.19 43.05 118.34 119.36 111.72 113.15 46.39 
38.05 38.0 37.05 37.0 92.7 94.54 93.11 94.94 45.35 45.88 15.81 13.93 25.61 26.91 80.0 81.61 106.89 106.53 107.52 108.17 104.64 106.21 69.64 71.34 41.05 42.2 138.85 140.36 134.06 135.37 89.84 90.44 93.56 93.94 133.69 135.25 86.4 88.01 47.17 48.88 34.06 34.0 17.03 15.56 73.55 75.54 54.78 56.65 92.02 94.02 2.0 0.0 17.69 16.4 84.17 86.15 72.4 74.09 114.95 115.69 12.65 14.56 11.4 12.73 86.35 88.12 76.9 78.77 105.08 105.38 53.08 53.24 116.38 118.27 49.98 50.7 94.2 96.18 43.42 43.19 116.62 117.66 110.32 111.76 44.41 
30.02 29.07 29.15 28.18 99.92 101.87 100.17 102.11 56.04 56.0 32.76 31.06 8.54 9.43 78.75 80.06 92.35 92.2 100.18 101.12 107.42 109.18 67.21 68.59 47.07 47.54 140.35 142.0 135.91 137.01 82.3 83.24 104.08 104.17 132.28 133.66 89.9 91.71 45.8 47.01 48.38 47.8 34.71 33.24 63.57 65.46 63.39 65.38 79.63 81.61 16.4 17.69 0.0 2.0 95.01 97.01 55.07 56.82 108.41 109.42 29.41 31.06 29.07 30.41 69.35 71.18 70.72 72.4 116.02 116.07 42.2 41.77 100.42 102.36 59.14 59.3 105.02 107.02 30.59 31.05 121.46 122.25 110.8 112.0 56.44 
31.76 30.87 30.89 29.97 97.98 99.92 98.23 100.17 54.04 54.0 31.76 30.02 10.44 11.18 77.23 78.57 92.54 92.35 99.28 100.18 105.68 107.42 65.76 67.18 45.12 45.61 138.7 140.35 134.24 135.35 81.39 82.3 102.08 102.18 130.83 132.23 88.1 89.9 44.2 45.45 46.49 45.88 33.42 31.89 62.94 64.85 61.4 63.39 79.4 81.39 15.26 16.4 2.0 0.0 93.01 95.01 56.08 57.8 107.42 108.41 27.8 29.41 27.8 29.07 70.21 72.01 69.64 71.34 114.02 114.07 44.15 43.74 100.96 102.88 57.14 57.31 103.02 105.02 30.27 30.59 119.62 120.42 109.2 110.42 54.45 
122.05 121.81 121.06 120.81 23.09 23.35 24.08 24.33 39.12 39.01 83.22 82.54 103.02 103.08 61.03 62.68 137.44 135.95 100.72 99.76 51.01 51.01 64.35 65.76 49.82 50.22 80.78 81.32 75.43 77.37 91.83 90.6 9.49 10.3 90.01 92.01 40.5 39.85 63.56 64.4 51.55 50.96 76.9 76.22 94.64 95.9 32.56 30.59 115.36 116.73 86.15 84.17 95.01 93.01 0.0 2.0 130.74 131.47 101.64 100.85 73.25 71.31 79.4 77.49 138.64 139.54 80.62 82.07 21.02 21.21 136.44 136.3 154.46 155.71 36.12 36.35 10.05 12.04 93.61 91.71 49.04 50.92 65.28 67.27 39.81 
124.04 123.79 123.04 122.8 23.0 23.09 24.0 24.08 41.11 41.01 85.09 84.43 105.02 105.08 62.2 63.82 138.95 137.44 101.71 100.72 51.09 51.01 65.8 67.18 51.79 52.17 80.28 80.78 74.95 76.9 93.09 91.83 7.62 8.6 90.01 92.01 41.23 40.5 65.39 66.21 53.45 52.89 78.77 78.11 96.21 97.45 34.53 32.56 116.85 118.19 88.12 86.15 97.01 95.01 2.0 0.0 132.61 133.33 102.46 101.64 75.19 73.25 81.32 79.4 140.43 141.32 82.02 83.45 19.03 19.24 138.44 138.29 156.03 157.27 38.12 38.33 8.06 10.05 95.51 93.61 48.38 50.29 65.49 67.48 41.77 
63.01 61.01 63.03 61.03 126.3 128.27 126.12 128.08 96.9 95.88 87.82 86.09 48.85 47.01 87.05 87.14 47.93 48.75 83.73 85.48 121.07 123.07 76.03 76.0 82.3 81.39 146.32 148.28 143.38 143.75 69.64 71.51 138.19 137.57 130.3 130.97 108.37 110.37 67.36 66.76 96.43 95.13 89.31 87.66 49.48 50.0 98.9 100.72 48.27 49.58 71.34 72.4 55.07 56.08 130.74 132.61 0.0 2.0 93.15 94.89 82.62 83.87 83.76 84.88 15.13 17.12 66.91 67.27 150.22 149.62 59.67 57.72 49.01 51.01 96.6 95.71 139.79 141.68 37.59 39.36 139.0 139.0 117.39 117.71 99.57 
65.01 63.01 65.03 63.03 126.7 128.65 126.5 128.46 97.94 96.9 89.55 87.82 50.7 48.85 87.01 87.05 46.1 46.96 82.76 84.53 121.02 123.02 76.11 76.03 83.24 82.3 145.91 147.87 143.03 143.38 68.95 70.84 138.84 138.19 129.65 130.3 108.56 110.55 68.01 67.36 97.74 96.43 90.97 89.31 49.03 49.48 99.74 101.55 47.01 48.27 73.06 74.09 56.82 57.8 131.47 133.33 2.0 0.0 92.18 93.94 84.2 85.43 85.44 86.53 13.15 15.13 66.61 66.91 150.84 150.22 61.61 59.67 47.01 49.01 97.53 96.6 140.46 142.34 38.59 40.31 139.03 139.0 117.1 117.39 100.69 
135.21 133.6 134.62 133.0 82.15 83.22 81.3 82.38 96.02 94.02 127.49 125.57 110.11 108.47 43.42 41.44 62.03 60.03 9.43 7.81 58.0 59.4 48.26 46.27 84.38 82.39 63.79 65.73 63.25 62.64 26.4 25.24 102.96 101.21 42.11 42.01 61.27 62.18 69.12 67.19 109.29 107.3 123.94 122.0 47.38 45.97 87.46 87.69 46.49 45.88 115.69 114.95 108.41 107.42 101.64 102.46 93.15 92.18 0.0 2.0 114.98 114.48 121.17 120.6 88.6 87.92 38.08 36.25 110.94 109.29 140.86 139.39 80.06 80.16 90.14 88.14 105.19 106.17 80.0 78.82 74.65 73.41 44.82 43.6 101.02 
136.4 134.81 135.8 134.2 81.12 82.15 80.26 81.3 96.0 94.0 128.08 126.18 111.25 109.62 43.19 41.19 64.03 62.03 11.18 9.43 56.64 58.0 48.51 46.53 84.59 82.61 61.85 63.79 61.35 60.73 27.66 26.4 102.0 100.24 40.11 40.01 60.42 61.27 69.64 67.72 109.46 107.47 124.45 122.53 48.8 47.42 87.28 87.46 48.38 47.8 116.47 115.69 109.42 108.41 100.85 101.64 94.89 93.94 2.0 0.0 115.52 114.98 121.76 121.17 90.48 89.81 38.91 37.12 109.84 108.17 142.21 140.76 82.05 82.15 90.05 88.05 104.24 105.19 81.22 80.0 73.11 71.84 43.28 42.01 101.0 
50.04 50.16 49.04 49.16 83.73 85.48 84.22 85.96 35.34 36.24 13.04 11.4 37.74 38.83 76.94 78.71 113.6 113.05 108.26 108.68 98.29 99.72 67.78 69.64 34.83 36.4 132.97 134.36 127.99 129.42 91.08 91.41 82.71 83.24 129.8 131.47 79.91 81.34 45.88 47.8 22.09 22.36 9.06 7.07 77.06 79.06 45.79 47.51 97.02 98.99 14.56 12.65 29.41 27.8 73.25 75.19 82.62 84.2 114.98 115.52 0.0 2.0 7.07 5.83 95.96 97.64 77.47 79.43 93.94 94.37 65.38 65.62 124.48 126.32 40.82 41.88 83.2 85.15 50.33 49.65 108.81 110.0 105.42 107.0 33.53 
52.04 52.15 51.04 51.16 81.99 83.73 82.49 84.22 33.54 34.48 14.21 12.73 39.45 40.5 76.03 77.82 114.18 113.6 107.87 108.26 96.88 98.29 67.07 68.95 33.6 35.23 131.59 132.97 126.59 128.04 90.8 91.08 80.78 81.32 128.7 130.38 78.49 79.91 45.35 47.3 20.1 20.4 9.49 7.62 77.16 79.16 44.1 45.79 97.32 99.3 16.49 14.56 31.06 29.41 71.31 73.25 83.87 85.43 114.48 114.98 2.0 0.0 8.6 7.07 97.08 98.74 77.1 79.08 91.98 92.42 67.36 67.6 125.3 127.12 39.12 40.22 81.25 83.2 51.08 50.33 107.2 108.41 104.2 105.8 31.62 
45.54 45.89 44.55 44.91 90.55 92.28 91.07 92.78 42.06 43.05 6.32 4.47 36.8 38.18 83.73 85.48 117.15 116.71 114.24 114.73 105.36 106.79 74.32 76.16 41.87 43.42 140.04 141.43 135.06 136.49 96.88 97.29 88.89 89.49 136.74 138.4 86.98 88.41 52.2 54.08 27.89 28.46 5.66 4.47 82.02 84.02 52.7 54.38 101.4 103.39 12.73 11.4 29.07 27.8 79.4 81.32 83.76 85.44 121.17 121.76 7.07 8.6 0.0 2.0 97.62 99.36 83.43 85.38 99.92 100.42 61.19 61.61 127.22 129.1 47.71 48.83 89.29 91.21 53.6 53.15 115.8 117.0 112.45 114.02 39.92 
47.52 47.85 46.53 46.87 88.84 90.55 89.36 91.07 40.31 41.34 7.21 5.66 38.29 39.62 82.76 84.53 117.63 117.15 113.78 114.24 103.95 105.36 73.54 75.39 40.61 42.2 138.66 140.04 133.66 135.1 96.51 96.88 86.98 87.6 135.62 137.3 85.56 86.98 51.55 53.45 25.96 26.57 4.47 2.83 82.0 84.0 51.04 52.7 101.6 103.59 14.21 12.73 30.41 29.07 77.49 79.4 84.88 86.53 120.6 121.17 5.83 7.07 2.0 0.0 98.62 100.34 82.98 84.93 97.98 98.49 63.15 63.56 127.95 129.81 46.04 47.2 87.36 89.29 54.12 53.6 114.2 115.42 111.21 112.8 38.08 
78.06 76.06 78.1 76.11 131.9 133.81 131.61 133.52 107.0 105.8 101.97 100.18 63.57 61.68 89.81 89.56 35.81 37.01 79.38 81.27 123.49 125.48 79.83 79.43 91.84 90.7 145.88 147.87 143.42 143.59 67.74 69.72 145.5 144.7 128.1 128.55 112.59 114.54 75.18 74.24 108.21 106.78 103.08 101.36 50.09 50.01 107.7 109.42 42.15 42.95 85.42 86.35 69.35 70.21 138.64 140.43 15.13 13.15 88.6 90.48 95.96 97.08 97.62 98.62 0.0 2.0 68.12 68.03 157.31 156.54 73.98 72.01 34.13 36.12 105.95 104.85 147.23 149.05 48.1 49.58 141.9 141.69 118.04 118.11 110.11 
80.06 78.06 80.1 78.1 132.5 134.41 132.2 134.1 108.23 107.0 103.75 101.97 65.46 63.57 90.09 89.81 34.21 35.47 78.75 80.65 123.69 125.67 80.28 79.83 93.01 91.84 145.67 147.67 143.28 143.42 67.48 69.46 146.32 145.5 127.68 128.1 113.03 114.98 76.16 75.18 109.66 108.21 104.81 103.08 50.25 50.09 108.76 110.45 41.44 42.15 87.21 88.12 71.18 72.01 139.54 141.32 17.12 15.13 87.92 89.81 97.64 98.74 99.36 100.34 2.0 0.0 68.26 68.12 158.09 157.31 75.95 73.98 32.14 34.13 107.07 105.95 148.07 149.88 49.5 50.93 142.14 141.9 118.0 118.04 111.4 
98.49 97.0 97.84 96.33 67.74 69.46 67.23 68.96 63.32 61.4 89.74 87.8 73.11 71.59 22.47 21.84 57.43 55.8 30.81 31.32 55.44 57.43 16.4 14.87 49.5 47.52 79.56 81.49 76.49 76.9 14.04 14.04 85.15 83.87 65.37 66.37 46.52 48.33 32.06 30.07 74.33 72.34 86.49 84.53 18.03 18.25 57.27 58.14 35.23 36.4 77.62 76.9 70.72 69.64 80.62 82.02 66.91 66.61 38.08 38.91 77.47 77.1 83.43 82.98 68.12 68.26 0.0 2.0 95.8 94.63 105.65 104.35 75.29 76.32 58.52 56.65 87.21 88.73 43.93 42.45 73.98 73.68 50.49 50.8 68.15 
100.0 98.49 99.36 97.84 68.8 70.49 68.26 69.97 65.25 63.32 91.68 89.74 74.65 73.11 23.26 22.47 56.3 54.64 28.86 29.41 55.73 57.71 18.03 16.4 51.48 49.5 79.08 81.02 76.12 76.49 12.04 12.04 86.45 85.15 64.41 65.37 47.41 49.19 34.06 32.06 76.32 74.33 88.46 86.49 18.03 18.03 59.09 59.93 34.13 35.23 79.48 78.77 72.4 71.34 82.07 83.45 67.27 66.91 36.25 37.12 79.43 79.08 85.38 84.93 68.03 68.12 2.0 0.0 97.01 95.8 106.96 105.65 74.3 75.29 60.41 58.52 88.53 90.03 45.28 43.84 74.33 73.98 50.25 50.49 70.09 
143.01 142.79 142.02 141.8 29.07 27.8 29.83 28.6 60.13 60.03 103.45 102.88 124.0 124.04 74.41 75.74 153.22 151.6 111.66 110.42 54.63 53.85 80.16 81.27 70.46 70.71 77.0 77.03 72.03 74.03 105.48 104.0 12.17 12.65 91.22 93.17 50.93 49.58 82.86 83.49 72.03 71.59 97.12 96.57 111.31 112.36 53.24 51.24 131.02 132.2 107.06 105.08 116.02 114.02 21.02 19.03 150.22 150.84 110.94 109.84 93.94 91.98 99.92 97.98 157.31 158.09 95.8 97.01 0.0 2.0 157.46 157.32 170.85 171.97 57.04 57.14 11.0 9.0 113.51 111.57 45.18 47.17 69.46 71.31 60.67 
143.27 143.01 142.27 142.02 27.59 26.25 28.32 27.02 60.3 60.13 104.04 103.45 124.0 124.0 73.11 74.41 152.05 150.43 110.11 108.85 52.8 52.0 79.08 80.16 70.26 70.46 75.0 75.03 70.03 72.03 104.14 102.65 12.0 12.17 89.27 91.22 49.5 48.1 82.28 82.86 72.53 72.03 97.72 97.12 110.28 111.31 53.08 51.09 129.85 131.02 107.35 105.38 116.07 114.07 21.21 19.24 149.62 150.22 109.29 108.17 94.37 92.42 100.42 98.49 156.54 157.31 94.63 95.8 2.0 0.0 157.62 157.46 169.74 170.85 57.0 57.04 11.18 9.22 113.03 111.09 43.19 45.18 67.62 69.46 61.0 
15.81 15.3 16.76 16.28 142.13 144.07 142.37 144.31 97.33 97.51 60.73 60.17 35.47 36.25 117.99 119.04 107.21 107.84 131.8 133.12 148.56 150.38 106.0 107.07 89.27 89.74 180.47 182.21 176.3 177.26 114.59 115.97 145.67 145.88 170.21 171.4 131.47 133.33 86.33 87.21 87.14 87.05 65.97 65.51 93.51 95.02 105.38 107.35 102.58 104.32 51.09 53.08 42.2 44.15 136.44 138.44 59.67 61.61 140.86 142.21 65.38 67.36 61.19 63.15 73.98 75.95 105.65 106.96 157.46 157.62 0.0 2.0 108.05 110.03 100.98 101.27 146.49 148.49 61.72 63.25 163.27 163.98 150.59 151.6 97.05 
16.55 15.81 17.46 16.76 141.66 143.61 141.89 143.84 97.19 97.33 61.35 60.73 34.79 35.47 116.97 117.99 105.3 105.95 130.3 131.64 147.73 149.56 104.96 106.0 88.84 89.27 179.49 181.25 175.35 176.3 113.15 114.55 145.5 145.67 169.03 170.21 130.74 132.61 85.49 86.33 87.28 87.14 66.48 65.97 92.02 93.51 105.08 107.06 100.85 102.58 51.24 53.24 41.77 43.74 136.3 138.29 57.72 59.67 139.39 140.76 65.62 67.6 61.61 63.56 72.01 73.98 104.35 105.65 157.32 157.46 2.0 0.0 106.07 108.05 100.72 100.98 146.34 148.34 60.44 62.01 162.59 163.27 149.59 150.59 97.01 
112.0 110.0 112.0 110.0 143.03 144.75 142.52 144.25 128.55 127.02 132.19 130.3 95.71 93.74 97.53 96.6 18.68 20.62 72.44 74.43 128.16 130.03 90.7 89.59 112.93 111.4 143.14 145.12 141.88 141.57 68.35 70.23 159.84 158.69 122.15 122.07 121.71 123.47 94.18 92.7 133.15 131.47 132.4 130.55 59.82 58.6 126.57 127.99 40.25 39.4 115.74 116.38 100.42 100.96 154.46 156.03 49.01 47.01 80.06 82.05 124.48 125.3 127.22 127.95 34.13 32.14 75.29 74.3 170.85 169.74 108.05 106.07 0.0 2.0 125.99 124.52 161.82 163.44 74.25 75.13 146.78 146.11 119.1 118.6 132.44 
114.0 112.0 114.0 112.0 144.06 145.77 143.54 145.26 130.1 128.55 134.08 132.19 97.67 95.71 98.49 97.53 19.31 21.19 72.69 74.67 128.88 130.74 91.84 90.7 114.48 112.93 143.4 145.38 142.21 141.88 69.08 70.94 161.01 159.84 122.26 122.15 122.67 124.42 95.67 94.18 134.83 133.15 134.26 132.4 61.07 59.82 128.0 129.4 41.18 40.25 117.64 118.27 102.36 102.88 155.71 157.27 51.01 49.01 80.16 82.15 126.32 127.12 129.1 129.81 36.12 34.13 76.32 75.29 171.97 170.85 110.03 108.05 2.0 0.0 127.48 125.99 163.0 164.61 76.06 76.92 147.47 146.78 119.64 119.1 134.01 
87.1 86.68 86.12 85.7 42.94 44.72 43.42 45.18 6.71 5.0 52.8 51.61 67.01 67.01 47.01 49.01 110.6 109.4 85.99 85.71 59.41 60.61 43.17 45.12 14.32 15.26 94.2 95.43 89.02 90.6 72.12 71.57 45.0 45.04 94.54 96.38 41.34 42.44 31.83 33.3 23.02 21.4 46.86 45.61 67.68 69.34 5.0 6.71 89.59 91.27 51.87 49.98 59.14 57.14 36.12 38.12 96.6 97.53 90.14 90.05 40.82 39.12 47.71 46.04 105.95 107.07 58.52 60.41 57.04 57.0 100.98 100.72 125.99 127.48 0.0 2.0 46.04 48.04 59.03 57.25 68.25 69.53 68.88 70.68 11.4 
87.56 87.1 86.59 86.12 42.05 43.86 42.49 44.28 8.54 6.71 54.04 52.8 67.07 67.01 45.01 47.01 109.02 107.8 84.01 83.73 57.8 59.03 41.23 43.17 13.6 14.32 92.62 93.86 87.46 89.02 70.21 69.64 45.04 45.0 92.7 94.54 39.66 40.8 30.41 31.83 24.7 23.02 48.17 46.86 66.03 67.68 4.12 6.08 87.92 89.59 52.55 50.7 59.3 57.31 36.35 38.33 95.71 96.6 88.14 88.05 41.88 40.22 48.83 47.2 104.85 105.95 56.65 58.52 57.14 57.04 101.27 100.98 124.52 125.99 2.0 0.0 46.17 48.17 58.18 56.36 67.01 68.25 67.08 68.88 13.34 
132.1 131.86 131.11 130.86 23.41 22.8 24.35 23.77 49.16 49.04 92.97 92.35 113.0 113.04 66.53 68.01 144.46 142.9 105.12 104.01 51.2 50.8 71.22 72.47 59.54 59.84 77.78 78.09 72.56 74.55 97.62 96.26 2.24 4.12 89.45 91.44 44.1 43.05 72.45 73.16 61.4 60.88 86.65 86.02 102.08 103.23 42.3 40.31 122.29 123.56 96.18 94.2 105.02 103.02 10.05 8.06 139.79 140.46 105.19 104.24 83.2 81.25 89.29 87.36 147.23 148.07 87.21 88.53 11.0 11.18 146.49 146.34 161.82 163.0 46.04 46.17 0.0 2.0 102.88 100.96 45.54 47.52 65.97 67.91 49.82 
