40
0.0 2.0 1.0 2.24 2.0 2.83 3.0 3.61 23.54 24.04 12.53 14.32 12.08 13.93 43.08 41.23 5.1 3.16 43.97 44.6 39.22 39.92 34.18 32.31 23.35 21.38 33.11 31.3 47.52 45.54 18.97 19.7 46.04 44.05 33.0 33.06 47.17 47.93 48.05 48.51 
2.0 0.0 2.24 1.0 2.83 2.0 3.61 3.0 25.5 25.96 13.6 15.26 13.04 14.76 44.94 43.08 7.07 5.1 45.88 46.49 41.11 41.79 36.06 34.18 25.32 23.35 34.93 33.11 49.5 47.52 20.88 21.54 48.04 46.04 35.0 35.06 49.04 49.77 50.01 50.45 
1.0 2.24 0.0 2.0 1.0 2.24 2.0 2.83 23.35 23.77 11.66 13.42 11.18 13.0 42.72 40.85 5.0 3.0 43.68 44.27 38.9 39.56 33.84 31.95 23.19 21.21 32.7 30.87 47.38 45.4 18.68 19.31 46.01 44.01 33.02 33.02 46.82 47.54 47.85 48.27 
2.24 1.0 2.0 0.0 2.24 1.0 2.83 2.0 25.32 25.71 12.81 14.42 12.21 13.89 44.6 42.72 7.0 5.0 45.61 46.17 40.8 41.44 35.74 33.84 25.18 23.19 34.54 32.7 49.37 47.38 20.62 21.19 48.01 46.01 35.01 35.01 48.7 49.4 49.82 50.22 
2.0 2.83 1.0 2.24 0.0 2.0 1.0 2.24 23.19 23.54 10.82 12.53 10.3 12.08 42.38 40.5 5.1 3.16 43.42 43.97 38.6 39.22 33.53 31.62 23.09 21.1 32.31 30.46 47.27 45.28 18.44 18.97 46.0 44.0 33.06 33.0 46.49 47.17 47.68 48.05 
2.83 2.0 2.24 1.0 2.0 0.0 2.24 1.0 25.18 25.5 12.04 13.6 11.4 13.04 44.27 42.38 7.07 5.1 45.35 45.88 40.52 41.11 35.44 33.53 25.08 23.09 34.18 32.31 49.25 47.27 20.4 20.88 48.0 46.0 35.06 35.0 48.38 49.04 49.65 50.01 
3.0 3.61 2.0 2.83 1.0 2.24 0.0 2.0 23.09 23.35 10.0 11.66 9.43 11.18 42.06 40.16 5.39 3.61 43.17 43.68 38.33 38.9 33.24 31.32 23.02 21.02 31.95 30.08 47.17 45.18 18.25 18.68 46.01 44.01 33.14 33.02 46.17 46.82 47.52 47.85 
3.61 3.0 2.83 2.0 2.24 1.0 2.0 0.0 25.08 25.32 11.31 12.81 10.63 12.21 43.97 42.06 7.28 5.39 45.12 45.61 40.26 40.8 35.17 33.24 25.02 23.02 33.84 31.95 49.16 47.17 20.22 20.62 48.01 46.01 35.13 35.01 48.08 48.7 49.5 49.82 
23.54 25.5 23.35 25.32 23.19 25.18 23.09 25.08 0.0 2.0 18.03 18.79 18.97 19.7 20.25 18.6 18.44 20.4 20.62 21.47 16.12 17.2 11.4 9.9 1.0 2.24 11.4 10.3 24.08 22.09 5.1 5.83 23.19 21.21 11.18 10.44 24.19 25.24 24.52 25.0 
24.04 25.96 23.77 25.71 23.54 25.5 23.35 25.32 2.0 0.0 17.46 18.03 18.44 18.97 19.24 17.49 18.97 20.88 19.92 20.62 15.23 16.12 10.3 8.6 3.0 3.61 9.9 8.6 24.0 22.0 5.1 5.1 23.54 21.59 12.21 11.18 23.26 24.19 24.19 24.52 
12.53 13.6 11.66 12.81 10.82 12.04 10.0 11.31 18.03 17.46 0.0 2.0 1.0 2.24 34.37 32.39 10.05 10.44 36.06 36.22 31.06 31.26 26.02 24.02 18.38 16.55 24.19 22.2 41.19 39.2 13.0 12.37 41.0 39.05 29.15 28.46 38.47 38.83 41.01 41.01 
14.32 15.26 13.42 14.42 12.53 13.6 11.66 12.81 18.79 18.03 2.0 0.0 2.24 1.0 34.13 32.14 12.04 12.37 36.0 36.06 31.0 31.06 26.02 24.02 19.24 17.49 24.02 22.02 41.44 39.46 13.89 13.0 41.48 39.56 29.97 29.15 38.21 38.47 41.11 41.01 
12.08 13.04 11.18 12.21 10.3 11.4 9.43 10.63 18.97 18.44 1.0 2.24 0.0 2.0 35.36 33.38 10.0 10.2 37.05 37.22 32.06 32.25 27.02 25.02 19.31 17.46 25.18 23.19 42.19 40.2 13.93 13.34 41.98 40.02 30.08 29.41 39.46 39.81 42.01 42.01 
13.93 14.76 13.0 13.89 12.08 13.04 11.18 12.21 19.7 18.97 2.24 1.0 2.0 0.0 35.13 33.14 12.0 12.17 37.0 37.05 32.0 32.06 27.02 25.02 20.12 18.36 25.02 23.02 42.43 40.45 14.76 13.93 42.45 40.52 30.87 30.08 39.2 39.46 42.11 42.01 
43.08 44.94 42.72 44.6 42.38 44.27 42.06 43.97 20.25 19.24 34.37 34.13 35.36 35.13 0.0 2.0 38.08 39.92 3.61 2.24 4.24 3.16 8.94 10.77 20.81 22.47 10.2 12.17 11.4 10.3 24.17 23.41 15.23 14.56 17.46 15.65 4.12 5.0 9.22 8.06 
41.23 43.08 40.85 42.72 40.5 42.38 40.16 42.06 18.6 17.49 32.39 32.14 33.38 33.14 2.0 0.0 36.25 38.08 5.0 4.12 3.16 1.41 7.21 8.94 19.21 20.81 8.25 10.2 12.73 11.4 22.36 21.54 16.12 15.23 16.76 14.87 6.08 6.71 10.82 9.85 
5.1 7.07 5.0 7.0 5.1 7.07 5.39 7.28 18.44 18.97 10.05 12.04 10.0 12.0 38.08 36.25 0.0 2.0 38.9 39.56 34.18 34.93 29.15 27.31 18.25 16.28 28.18 26.42 42.43 40.45 13.93 14.76 41.01 39.01 28.02 28.02 42.15 42.95 42.95 43.42 
3.16 5.1 3.0 5.0 3.16 5.1 3.61 5.39 20.4 20.88 10.44 12.37 10.2 12.17 39.92 38.08 2.0 0.0 40.8 41.44 36.06 36.77 31.02 29.15 20.22 18.25 29.97 28.18 44.41 42.43 15.81 16.55 43.01 41.01 30.02 30.02 44.01 44.78 44.91 45.35 
43.97 45.88 43.68 45.61 43.42 45.35 43.17 45.12 20.62 19.92 36.06 36.0 37.05 37.0 3.61 5.0 38.9 40.8 0.0 2.0 5.0 5.39 10.05 12.04 21.02 22.85 12.04 14.04 7.81 6.71 25.0 24.52 11.7 11.18 15.81 14.21 4.47 6.32 5.83 5.1 
44.6 46.49 44.27 46.17 43.97 45.88 43.68 45.61 21.47 20.62 36.22 36.06 37.22 37.05 2.24 4.12 39.56 41.44 2.0 0.0 5.39 5.0 10.44 12.37 21.95 23.71 12.04 14.04 9.43 8.54 25.63 25.0 13.6 13.15 17.49 15.81 2.83 4.47 7.07 5.83 
39.22 41.11 38.9 40.8 38.6 40.52 38.33 40.26 16.12 15.23 31.06 31.0 32.06 32.0 4.24 3.16 34.18 36.06 5.0 5.39 0.0 2.0 5.1 7.07 16.64 18.36 7.07 9.06 11.66 10.0 20.25 19.65 14.21 13.04 13.6 11.7 8.06 9.22 10.44 10.05 
39.92 41.79 39.56 41.44 39.22 41.11 38.9 40.8 17.2 16.12 31.26 31.06 32.25 32.06 3.16 1.41 34.93 36.77 5.39 5.0 2.0 0.0 5.83 7.62 17.8 19.42 7.07 9.06 12.81 11.31 21.02 20.25 15.81 14.76 15.52 13.6 7.28 8.06 11.18 10.44 
34.18 36.06 33.84 35.74 33.53 35.44 33.24 35.17 11.4 10.3 26.02 26.02 27.02 27.02 8.94 7.21 29.15 31.02 10.05 10.44 5.1 5.83 0.0 2.0 12.04 13.6 2.83 4.47 15.81 13.93 15.23 14.56 17.2 15.62 12.04 10.05 13.0 13.89 15.13 15.0 
32.31 34.18 31.95 33.84 31.62 33.53 31.32 33.24 9.9 8.6 24.02 24.02 25.02 25.02 10.77 8.94 27.31 29.15 12.04 12.37 7.07 7.62 2.0 0.0 10.63 12.04 2.0 2.83 17.72 15.81 13.42 12.65 18.87 17.2 12.37 10.44 14.87 15.65 17.12 17.0 
23.35 25.32 23.19 25.18 23.09 25.08 23.02 25.02 1.0 3.0 18.38 19.24 19.31 20.12 20.81 19.21 18.25 20.22 21.02 21.95 16.64 17.8 12.04 10.63 0.0 2.0 12.21 11.18 24.19 22.2 5.39 6.4 23.09 21.1 10.77 10.2 24.7 25.81 24.74 25.3 
21.38 23.35 21.21 23.19 21.1 23.09 21.02 23.02 2.24 3.61 16.55 17.49 17.46 18.36 22.47 20.81 16.28 18.25 22.85 23.71 18.36 19.42 13.6 12.04 2.0 0.0 13.45 12.21 26.17 24.19 3.61 5.0 25.08 23.09 12.65 12.17 26.42 27.46 26.68 27.2 
33.11 34.93 32.7 34.54 32.31 34.18 31.95 33.84 11.4 9.9 24.19 24.02 25.18 25.02 10.2 8.25 28.18 29.97 12.04 12.04 7.07 7.07 2.83 2.0 12.21 13.45 0.0 2.0 18.38 16.55 14.42 13.42 20.0 18.44 14.32 12.37 14.32 14.87 17.46 17.12 
31.3 33.11 30.87 32.7 30.46 32.31 30.08 31.95 10.3 8.6 22.2 22.02 23.19 23.02 12.17 10.2 26.42 28.18 14.04 14.04 9.06 9.06 4.47 2.83 11.18 12.21 2.0 0.0 20.25 18.38 12.81 11.66 21.63 20.0 14.87 13.0 16.28 16.76 19.42 19.1 
47.52 49.5 47.38 49.37 47.27 49.25 47.17 49.16 24.08 24.0 41.19 41.44 42.19 42.43 11.4 12.73 42.43 44.41 7.81 9.43 11.66 12.81 15.81 17.72 24.19 26.17 18.38 20.25 0.0 2.0 29.02 29.02 5.1 5.83 15.65 14.87 10.44 12.37 3.0 5.0 
45.54 47.52 45.4 47.38 45.28 47.27 45.18 47.17 22.09 22.0 39.2 39.46 40.2 40.45 10.3 11.4 40.45 42.43 6.71 8.54 10.0 11.31 13.93 15.81 22.2 24.19 16.55 18.38 2.0 0.0 27.02 27.02 5.1 5.1 13.89 13.0 10.05 12.04 3.61 5.39 
18.97 20.88 18.68 20.62 18.44 20.4 18.25 20.22 5.1 5.1 13.0 13.89 13.93 14.76 24.17 22.36 13.93 15.81 25.0 25.63 20.25 21.02 15.23 13.42 5.39 3.61 14.42 12.81 29.02 27.02 0.0 2.0 28.28 26.31 16.16 15.52 28.23 29.07 29.27 29.61 
19.7 21.54 19.31 21.19 18.97 20.88 18.68 20.62 5.83 5.1 12.37 13.0 13.34 13.93 23.41 21.54 14.76 16.55 24.52 25.0 19.65 20.25 14.56 12.65 6.4 5.0 13.42 11.66 29.02 27.02 2.0 0.0 28.64 26.68 17.0 16.16 27.51 28.23 29.07 29.27 
46.04 48.04 46.01 48.01 46.0 48.0 46.01 48.01 23.19 23.54 41.0 41.48 41.98 42.45 15.23 16.12 41.01 43.01 11.7 13.6 14.21 15.81 17.2 18.87 23.09 25.08 20.0 21.63 5.1 5.1 28.28 28.64 0.0 2.0 13.15 13.0 15.13 17.12 8.06 10.05 
44.05 46.04 44.01 46.01 44.0 46.0 44.01 46.01 21.21 21.59 39.05 39.56 40.02 40.52 14.56 15.23 39.01 41.01 11.18 13.15 13.04 14.76 15.62 17.2 21.1 23.09 18.44 20.0 5.83 5.1 26.31 26.68 2.0 0.0 11.18 11.0 15.0 17.0 8.54 10.44 
33.0 35.0 33.02 35.01 33.06 35.06 33.14 35.13 11.18 12.21 29.15 29.97 30.08 30.87 17.46 16.76 28.02 30.02 15.81 17.49 13.6 15.52 12.04 12.37 10.77 12.65 14.32 14.87 15.65 13.89 16.16 17.0 13.15 11.18 0.0 2.0 20.25 21.95 17.2 18.44 
33.06 35.06 33.02 35.01 33.0 35.0 33.02 35.01 10.44 11.18 28.46 29.15 29.41 30.08 15.65 14.87 28.02 30.02 14.21 15.81 11.7 13.6 10.05 10.44 10.2 12.17 12.37 13.0 14.87 13.0 15.52 16.16 13.0 11.0 2.0 0.0 18.6 20.25 16.12 17.2 
47.17 49.04 46.82 48.7 46.49 48.38 46.17 48.08 24.19 23.26 38.47 38.21 39.46 39.2 4.12 6.08 42.15 44.01 4.47 2.83 8.06 7.28 13.0 14.87 24.7 26.42 14.32 16.28 10.44 10.05 28.23 27.51 15.13 15.0 20.25 18.6 0.0 2.0 7.62 5.83 
47.93 49.77 47.54 49.4 47.17 49.04 46.82 48.7 25.24 24.19 38.83 38.47 39.81 39.46 5.0 6.71 42.95 44.78 6.32 4.47 9.22 8.06 13.89 15.65 25.81 27.46 14.87 16.76 12.37 12.04 29.07 28.23 17.12 17.0 21.95 20.25 2.0 0.0 9.49 7.62 
48.05 50.01 47.85 49.82 47.68 49.65 47.52 49.5 24.52 24.19 41.01 41.11 42.01 42.11 9.22 10.82 42.95 44.91 5.83 7.07 10.44 11.18 15.13 17.12 24.74 26.68 17.46 19.42 3.0 3.61 29.27 29.07 8.06 8.54 17.2 16.12 7.62 9.49 0.0 2.0 
48.51 50.45 48.27 50.22 48.05 50.01 47.85 49.82 25.0 24.52 41.01 41.01 42.01 42.01 8.06 9.85 43.42 45.35 5.1 5.83 10.05 10.44 15.0 17.0 25.3 27.2 17.12 19.1 5.0 5.39 29.61 29.27 10.05 10.44 18.44 17.2 5.83 7.62 2.0 0.0 
