45
0.0 2.0 1.0 2.24 2.0 2.83 3.0 3.61 4.0 4.47 5.0 5.39 6.0 6.32 7.0 7.28 8.0 8.25 9.0 9.22 10.0 10.2 11.0 11.18 20.12 18.36 20.59 18.87 21.1 19.42 21.63 20.0 22.2 20.62 22.8 21.26 49.41 51.04 49.2 50.8 50.25 50.49 19.72 20.81 43.0 
2.0 0.0 2.24 1.0 2.83 2.0 3.61 3.0 4.47 4.0 5.39 5.0 6.32 6.0 7.28 7.0 8.25 8.0 9.22 9.0 10.2 10.0 11.18 11.0 21.93 20.12 22.36 20.59 22.83 21.1 23.32 21.63 23.85 22.2 24.41 22.8 48.26 49.93 48.01 49.65 50.09 50.25 18.79 19.72 43.05 
1.0 2.24 0.0 2.0 1.0 2.24 2.0 2.83 3.0 3.61 4.0 4.47 5.0 5.39 6.0 6.32 7.0 7.28 8.0 8.25 9.0 9.22 10.0 10.2 19.7 17.89 20.12 18.36 20.59 18.87 21.1 19.42 21.63 20.0 22.2 20.62 48.6 50.22 48.41 50.0 49.25 49.5 18.87 20.0 42.0 
2.24 1.0 2.0 0.0 2.24 1.0 2.83 2.0 3.61 3.0 4.47 4.0 5.39 5.0 6.32 6.0 7.28 7.0 8.25 8.0 9.22 9.0 10.2 10.0 21.54 19.7 21.93 20.12 22.36 20.59 22.83 21.1 23.32 21.63 23.85 22.2 47.43 49.09 47.2 48.83 49.09 49.25 17.89 18.87 42.05 
2.0 2.83 1.0 2.24 0.0 2.0 1.0 2.24 2.0 2.83 3.0 3.61 4.0 4.47 5.0 5.39 6.0 6.32 7.0 7.28 8.0 8.25 9.0 9.22 19.31 17.46 19.7 17.89 20.12 18.36 20.59 18.87 21.1 19.42 21.63 20.0 47.8 49.41 47.63 49.2 48.26 48.51 18.03 19.21 41.0 
2.83 2.0 2.24 1.0 2.0 0.0 2.24 1.0 2.83 2.0 3.61 3.0 4.47 4.0 5.39 5.0 6.32 6.0 7.28 7.0 8.25 8.0 9.22 9.0 21.19 19.31 21.54 19.7 21.93 20.12 22.36 20.59 22.83 21.1 23.32 21.63 46.62 48.26 46.4 48.01 48.09 48.26 17.0 18.03 41.05 
3.0 3.61 2.0 2.83 1.0 2.24 0.0 2.0 1.0 2.24 2.0 2.83 3.0 3.61 4.0 4.47 5.0 5.39 6.0 6.32 7.0 7.28 8.0 8.25 18.97 17.09 19.31 17.46 19.7 17.89 20.12 18.36 20.59 18.87 21.1 19.42 47.01 48.6 46.86 48.41 47.27 47.52 17.2 18.44 40.0 
3.61 3.0 2.83 2.0 2.24 1.0 2.0 0.0 2.24 1.0 2.83 2.0 3.61 3.0 4.47 4.0 5.39 5.0 6.32 6.0 7.28 7.0 8.25 8.0 20.88 18.97 21.19 19.31 21.54 19.7 21.93 20.12 22.36 20.59 22.83 21.1 45.8 47.43 45.61 47.2 47.1 47.27 16.12 17.2 40.05 
4.0 4.47 3.0 3.61 2.0 2.83 1.0 2.24 0.0 2.0 1.0 2.24 2.0 2.83 3.0 3.61 4.0 4.47 5.0 5.39 6.0 6.32 7.0 7.28 18.68 16.76 18.97 17.09 19.31 17.46 19.7 17.89 20.12 18.36 20.59 18.87 46.23 47.8 46.1 47.63 46.27 46.53 16.4 17.69 39.0 
4.47 4.0 3.61 3.0 2.83 2.0 2.24 1.0 2.0 0.0 2.24 1.0 2.83 2.0 3.61 3.0 4.47 4.0 5.39 5.0 6.32 6.0 7.28 7.0 20.62 18.68 20.88 18.97 21.19 19.31 21.54 19.7 21.93 20.12 22.36 20.59 45.0 46.62 44.82 46.4 46.1 46.27 15.26 16.4 39.05 
5.0 5.39 4.0 4.47 3.0 3.61 2.0 2.83 1.0 2.24 0.0 2.0 1.0 2.24 2.0 2.83 3.0 3.61 4.0 4.47 5.0 5.39 6.0 6.32 18.44 16.49 18.68 16.76 18.97 17.09 19.31 17.46 19.7 17.89 20.12 18.36 45.45 47.01 45.34 46.86 45.28 45.54 15.62 16.97 38.0 
5.39 5.0 4.47 4.0 3.61 3.0 2.83 2.0 2.24 1.0 2.0 0.0 2.24 1.0 2.83 2.0 3.61 3.0 4.47 4.0 5.39 5.0 6.32 6.0 20.4 18.44 20.62 18.68 20.88 18.97 21.19 19.31 21.54 19.7 21.93 20.12 44.2 45.8 44.05 45.61 45.1 45.28 14.42 15.62 38.05 
6.0 6.32 5.0 5.39 4.0 4.47 3.0 3.61 2.0 2.83 1.0 2.24 0.0 2.0 1.0 2.24 2.0 2.83 3.0 3.61 4.0 4.47 5.0 5.39 18.25 16.28 18.44 16.49 18.68 16.76 18.97 17.09 19.31 17.46 19.7 17.89 44.69 46.23 44.6 46.1 44.28 44.55 14.87 16.28 37.0 
6.32 6.0 5.39 5.0 4.47 4.0 3.61 3.0 2.83 2.0 2.24 1.0 2.0 0.0 2.24 1.0 2.83 2.0 3.61 3.0 4.47 4.0 5.39 5.0 20.22 18.25 20.4 18.44 20.62 18.68 20.88 18.97 21.19 19.31 21.54 19.7 43.42 45.0 43.28 44.82 44.1 44.28 13.6 14.87 37.05 
7.0 7.28 6.0 6.32 5.0 5.39 4.0 4.47 3.0 3.61 2.0 2.83 1.0 2.24 0.0 2.0 1.0 2.24 2.0 2.83 3.0 3.61 4.0 4.47 18.11 16.12 18.25 16.28 18.44 16.49 18.68 16.76 18.97 17.09 19.31 17.46 43.93 45.45 43.86 45.34 43.29 43.57 14.14 15.62 36.0 
7.28 7.0 6.32 6.0 5.39 5.0 4.47 4.0 3.61 3.0 2.83 2.0 2.24 1.0 2.0 0.0 2.24 1.0 2.83 2.0 3.61 3.0 4.47 4.0 20.1 18.11 20.22 18.25 20.4 18.44 20.62 18.68 20.88 18.97 21.19 19.31 42.64 44.2 42.52 44.05 43.1 43.29 12.81 14.14 36.06 
8.0 8.25 7.0 7.28 6.0 6.32 5.0 5.39 4.0 4.47 3.0 3.61 2.0 2.83 1.0 2.24 0.0 2.0 1.0 2.24 2.0 2.83 3.0 3.61 18.03 16.03 18.11 16.12 18.25 16.28 18.44 16.49 18.68 16.76 18.97 17.09 43.19 44.69 43.14 44.6 42.3 42.58 13.45 15.0 35.0 
8.25 8.0 7.28 7.0 6.32 6.0 5.39 5.0 4.47 4.0 3.61 3.0 2.83 2.0 2.24 1.0 2.0 0.0 2.24 1.0 2.83 2.0 3.61 3.0 20.02 18.03 20.1 18.11 20.22 18.25 20.4 18.44 20.62 18.68 20.88 18.97 41.87 43.42 41.77 43.28 42.11 42.3 12.04 13.45 35.06 
9.0 9.22 8.0 8.25 7.0 7.28 6.0 6.32 5.0 5.39 4.0 4.47 3.0 3.61 2.0 2.83 1.0 2.24 0.0 2.0 1.0 2.24 2.0 2.83 18.0 16.0 18.03 16.03 18.11 16.12 18.25 16.28 18.44 16.49 18.68 16.76 42.45 43.93 42.43 43.86 41.3 41.59 12.81 14.42 34.0 
9.22 9.0 8.25 8.0 7.28 7.0 6.32 6.0 5.39 5.0 4.47 4.0 3.61 3.0 2.83 2.0 2.24 1.0 2.0 0.0 2.24 1.0 2.83 2.0 20.0 18.0 20.02 18.03 20.1 18.11 20.22 18.25 20.4 18.44 20.62 18.68 41.11 42.64 41.04 42.52 41.11 41.3 11.31 12.81 34.06 
10.0 10.2 9.0 9.22 8.0 8.25 7.0 7.28 6.0 6.32 5.0 5.39 4.0 4.47 3.0 3.61 2.0 2.83 1.0 2.24 0.0 2.0 1.0 2.24 18.03 16.03 18.0 16.0 18.03 16.03 18.11 16.12 18.25 16.28 18.44 16.49 41.73 43.19 41.73 43.14 40.31 40.61 12.21 13.89 33.0 
10.2 10.0 9.22 9.0 8.25 8.0 7.28 7.0 6.32 6.0 5.39 5.0 4.47 4.0 3.61 3.0 2.83 2.0 2.24 1.0 2.0 0.0 2.24 1.0 20.02 18.03 20.0 18.0 20.02 18.03 20.1 18.11 20.22 18.25 20.4 18.44 40.36 41.87 40.31 41.77 40.11 40.31 10.63 12.21 33.06 
11.0 11.18 10.0 10.2 9.0 9.22 8.0 8.25 7.0 7.28 6.0 6.32 5.0 5.39 4.0 4.47 3.0 3.61 2.0 2.83 1.0 2.24 0.0 2.0 18.11 16.12 18.03 16.03 18.0 16.0 18.03 16.03 18.11 16.12 18.25 16.28 41.01 42.45 41.04 42.43 39.32 39.62 11.66 13.42 32.0 
11.18 11.0 10.2 10.0 9.22 9.0 8.25 8.0 7.28 7.0 6.32 6.0 5.39 5.0 4.47 4.0 3.61 3.0 2.83 2.0 2.24 1.0 2.0 0.0 20.1 18.11 20.02 18.03 20.0 18.0 20.02 18.03 20.1 18.11 20.22 18.25 39.62 41.11 39.6 41.04 39.12 39.32 10.0 11.66 32.06 
20.12 21.93 19.7 21.54 19.31 21.19 18.97 20.88 18.68 20.62 18.44 20.4 18.25 20.22 18.11 20.1 18.03 20.02 18.0 20.0 18.03 20.02 18.11 20.1 0.0 2.0 1.0 2.24 2.0 2.83 3.0 3.61 4.0 4.47 5.0 5.39 56.3 57.43 56.6 57.69 47.01 48.02 29.12 31.05 38.47 
18.36 20.12 17.89 19.7 17.46 19.31 17.09 18.97 16.76 18.68 16.49 18.44 16.28 18.25 16.12 18.11 16.03 18.03 16.0 18.0 16.03 18.03 16.12 18.11 2.0 0.0 2.24 1.0 2.83 2.0 3.61 3.0 4.47 4.0 5.39 5.0 54.64 55.8 54.92 56.04 46.07 47.01 27.2 29.12 37.58 
20.59 22.36 20.12 21.93 19.7 21.54 19.31 21.19 18.97 20.88 18.68 20.62 18.44 20.4 18.25 20.22 18.11 20.1 18.03 20.02 18.0 20.0 18.03 20.02 1.0 2.24 0.0 2.0 1.0 2.24 2.0 2.83 3.0 3.61 4.0 4.47 55.76 56.86 56.08 57.14 46.14 47.17 28.86 30.81 37.59 
18.87 20.59 18.36 20.12 17.89 19.7 17.46 19.31 17.09 18.97 16.76 18.68 16.49 18.44 16.28 18.25 16.12 18.11 16.03 18.03 16.0 18.0 16.03 18.03 2.24 1.0 2.0 0.0 2.24 1.0 2.83 2.0 3.61 3.0 4.47 4.0 54.08 55.22 54.38 55.47 45.18 46.14 26.93 28.86 36.67 
21.1 22.83 20.59 22.36 20.12 21.93 19.7 21.54 19.31 21.19 18.97 20.88 18.68 20.62 18.44 20.4 18.25 20.22 18.11 20.1 18.03 20.02 18.0 20.0 2.0 2.83 1.0 2.24 0.0 2.0 1.0 2.24 2.0 2.83 3.0 3.61 55.23 56.3 55.57 56.6 45.28 46.32 28.64 30.59 36.72 
19.42 21.1 18.87 20.59 18.36 20.12 17.89 19.7 17.46 19.31 17.09 18.97 16.76 18.68 16.49 18.44 16.28 18.25 16.12 18.11 16.03 18.03 16.0 18.0 2.83 2.0 2.24 1.0 2.0 0.0 2.24 1.0 2.83 2.0 3.61 3.0 53.54 54.64 53.85 54.92 44.29 45.28 26.68 28.64 35.78 
21.63 23.32 21.1 22.83 20.59 22.36 20.12 21.93 19.7 21.54 19.31 21.19 18.97 20.88 18.68 20.62 18.44 20.4 18.25 20.22 18.11 20.1 18.03 20.02 3.0 3.61 2.0 2.83 1.0 2.24 0.0 2.0 1.0 2.24 2.0 2.83 54.71 55.76 55.07 56.08 44.42 45.49 28.44 30.41 35.85 
20.0 21.63 19.42 21.1 18.87 20.59 18.36 20.12 17.89 19.7 17.46 19.31 17.09 18.97 16.76 18.68 16.49 18.44 16.28 18.25 16.12 18.11 16.03 18.03 3.61 3.0 2.83 2.0 2.24 1.0 2.0 0.0 2.24 1.0 2.83 2.0 53.0 54.08 53.34 54.38 43.42 44.42 26.48 28.44 34.89 
22.2 23.85 21.63 23.32 21.1 22.83 20.59 22.36 20.12 21.93 19.7 21.54 19.31 21.19 18.97 20.88 18.68 20.62 18.44 20.4 18.25 20.22 18.11 20.1 4.0 4.47 3.0 3.61 2.0 2.83 1.0 2.24 0.0 2.0 1.0 2.24 54.2 55.23 54.59 55.57 43.57 44.65 28.28 30.27 34.99 
20.62 22.2 20.0 21.63 19.42 21.1 18.87 20.59 18.36 20.12 17.89 19.7 17.46 19.31 17.09 18.97 16.76 18.68 16.49 18.44 16.28 18.25 16.12 18.11 4.47 4.0 3.61 3.0 2.83 2.0 2.24 1.0 2.0 0.0 2.24 1.0 52.48 53.54 52.84 53.85 42.54 43.57 26.31 28.28 34.0 
22.8 24.41 22.2 23.85 21.63 23.32 21.1 22.83 20.59 22.36 20.12 21.93 19.7 21.54 19.31 21.19 18.97 20.88 18.68 20.62 18.44 20.4 18.25 20.22 5.0 5.39 4.0 4.47 3.0 3.61 2.0 2.83 1.0 2.24 0.0 2.0 53.71 54.71 54.12 55.07 42.72 43.83 28.16 30.15 34.13 
21.26 22.8 20.62 22.2 20.0 21.63 19.42 21.1 18.87 20.59 18.36 20.12 17.89 19.7 17.46 19.31 17.09 18.97 16.76 18.68 16.49 18.44 16.28 18.25 5.39 5.0 4.47 4.0 3.61 3.0 2.83 2.0 2.24 1.0 2.0 0.0 51.97 53.0 52.35 53.34 41.68 42.72 26.17 28.16 33.12 
49.41 48.26 48.6 47.43 47.8 46.62 47.01 45.8 46.23 45.0 45.45 44.2 44.69 43.42 43.93 42.64 43.19 41.87 42.45 41.11 41.73 40.36 41.01 39.62 56.3 54.64 55.76 54.08 55.23 53.54 54.71 53.0 54.2 52.48 53.71 51.97 0.0 2.0 1.41 1.41 26.0 24.17 29.83 28.6 29.15 
51.04 49.93 50.22 49.09 49.41 48.26 48.6 47.43 47.8 46.62 47.01 45.8 46.23 45.0 45.45 44.2 44.69 43.42 43.93 42.64 43.19 41.87 42.45 41.11 57.43 55.8 56.86 55.22 56.3 54.64 55.76 54.08 55.23 53.54 54.71 53.0 2.0 0.0 3.16 1.41 25.3 23.41 31.4 30.23 29.02 
49.2 48.01 48.41 47.2 47.63 46.4 46.86 45.61 46.1 44.82 45.34 44.05 44.6 43.28 43.86 42.52 43.14 41.77 42.43 41.04 41.73 40.31 41.04 39.6 56.6 54.92 56.08 54.38 55.57 53.85 55.07 53.34 54.59 52.84 54.12 52.35 1.41 3.16 0.0 2.0 27.31 25.5 29.73 28.43 30.27 
50.8 49.65 50.0 48.83 49.2 48.01 48.41 47.2 47.63 46.4 46.86 45.61 46.1 44.82 45.34 44.05 44.6 43.28 43.86 42.52 43.14 41.77 42.43 41.04 57.69 56.04 57.14 55.47 56.6 54.92 56.08 54.38 55.57 53.85 55.07 53.34 1.41 1.41 2.0 0.0 26.57 24.7 31.24 30.0 30.07 
50.25 50.09 49.25 49.09 48.26 48.09 47.27 47.1 46.27 46.1 45.28 45.1 44.28 44.1 43.29 43.1 42.3 42.11 41.3 41.11 40.31 40.11 39.32 39.12 47.01 46.07 46.14 45.18 45.28 44.29 44.42 43.42 43.57 42.54 42.72 41.68 26.0 25.3 27.31 26.57 0.0 2.0 33.38 33.73 8.6 
50.49 50.25 49.5 49.25 48.51 48.26 47.52 47.27 46.53 46.27 45.54 45.28 44.55 44.28 43.57 43.29 42.58 42.3 41.59 41.3 40.61 40.31 39.62 39.32 48.02 47.01 47.17 46.14 46.32 45.28 45.49 44.42 44.65 43.57 43.83 42.72 24.17 23.41 25.5 24.7 2.0 0.0 33.14 33.38 9.9 
19.72 18.79 18.87 17.89 18.03 17.0 17.2 16.12 16.4 15.26 15.62 14.42 14.87 13.6 14.14 12.81 13.45 12.04 12.81 11.31 12.21 10.63 11.66 10.0 29.12 27.2 28.86 26.93 28.64 26.68 28.44 26.48 28.28 26.31 28.16 26.17 29.83 31.4 29.73 31.24 33.38 33.14 0.0 2.0 27.86 
20.81 19.72 20.0 18.87 19.21 18.03 18.44 17.2 17.69 16.4 16.97 15.62 16.28 14.87 15.62 14.14 15.0 13.45 14.42 12.81 13.89 12.21 13.42 11.66 31.05 29.12 30.81 28.86 30.59 28.64 30.41 28.44 30.27 28.28 30.15 28.16 28.6 30.23 28.43 30.0 33.73 33.38 2.0 0.0 28.64 
43.0 43.05 42.0 42.05 41.0 41.05 40.0 40.05 39.0 39.05 38.0 38.05 37.0 37.05 36.0 36.06 35.0 35.06 34.0 34.06 33.0 33.06 32.0 32.06 38.47 37.58 37.59 36.67 36.72 35.78 35.85 34.89 34.99 34.0 34.13 33.12 29.15 29.02 30.27 30.07 8.6 9.9 27.86 28.64 0.0 
