10
0.0 2.0 1.0 2.24 2.0 2.83 11.18 13.0 9.9 8.6 
2.0 0.0 2.24 1.0 2.83 2.0 9.43 11.18 11.4 9.9 
1.0 2.24 0.0 2.0 1.0 2.24 10.77 12.65 10.63 9.43 
2.24 1.0 2.0 0.0 2.24 1.0 8.94 10.77 12.04 10.63 
2.0 2.83 1.0 2.24 0.0 2.0 10.44 12.37 11.4 10.3 
2.83 2.0 2.24 1.0 2.0 0.0 8.54 10.44 12.73 11.4 
11.18 9.43 10.77 8.94 10.44 8.54 0.0 2.0 20.81 19.21 
13.0 11.18 12.65 10.77 12.37 10.44 2.0 0.0 22.47 20.81 
9.9 11.4 10.63 12.04 11.4 12.73 20.81 22.47 0.0 2.0 
8.6 9.9 9.43 10.63 10.3 11.4 19.21 20.81 2.0 0.0 
