40
0.0 15.13 19.92 27.02 14.76 23.0 43.57 5.39 45.28 16.16 14.32 34.01 50.49 22.36 14.87 52.09 45.01 40.8 39.92 45.0 26.31 39.81 28.16 30.81 52.04 53.15 38.12 12.04 13.0 29.15 20.25 18.03 5.1 33.14 21.4 23.6 5.0 50.36 53.76 40.01 
15.13 0.0 19.24 28.65 13.6 25.81 41.77 17.26 44.15 4.0 8.25 35.78 48.66 18.68 15.62 51.42 45.22 37.12 35.0 45.54 26.4 37.66 28.64 29.12 51.66 50.16 37.95 18.87 7.62 25.32 15.52 8.0 10.44 35.85 15.13 17.03 18.97 48.84 51.35 41.23 
19.92 19.24 0.0 9.43 6.08 7.21 24.02 16.12 26.02 15.81 25.96 16.55 31.02 4.12 5.1 33.14 26.48 20.88 20.12 26.68 7.28 20.1 9.49 11.05 33.24 33.38 19.24 9.9 24.74 9.43 5.39 12.73 20.02 16.64 7.28 8.0 24.7 31.0 34.13 22.14 
27.02 28.65 9.43 0.0 15.23 4.12 17.09 22.2 18.44 25.24 35.11 7.28 23.77 11.4 13.6 25.08 18.0 16.28 17.2 18.03 3.16 13.89 2.24 6.71 25.02 26.93 11.18 15.13 33.84 10.0 14.14 22.02 28.28 7.21 15.62 15.26 31.26 23.54 27.2 13.15 
14.76 13.6 6.08 15.23 0.0 12.21 30.0 12.04 32.06 10.63 19.92 22.47 37.0 7.62 2.24 39.2 32.56 26.48 25.3 32.76 13.34 26.02 15.52 17.0 39.32 39.2 25.32 8.06 18.68 14.56 5.66 8.54 14.14 22.36 7.21 9.22 19.72 37.01 40.05 28.16 
23.0 25.81 7.21 4.12 12.21 0.0 21.19 18.11 22.56 22.67 31.78 11.05 27.89 10.44 10.3 29.15 22.02 20.0 20.52 22.0 5.0 17.89 5.83 9.9 29.07 31.02 15.3 11.05 30.46 11.7 12.53 19.85 24.52 10.44 14.32 14.56 27.17 27.66 31.32 17.03 
43.57 41.77 24.02 17.09 30.0 21.19 0.0 39.05 2.83 37.85 49.37 12.04 7.0 23.19 29.07 9.85 6.32 6.4 10.0 7.28 17.26 4.12 15.52 13.0 10.3 9.85 6.4 32.02 48.26 16.49 26.31 33.96 44.05 14.14 26.68 25.0 48.05 7.07 10.2 8.54 
5.39 17.26 16.12 22.2 12.04 18.11 39.05 0.0 40.61 17.03 18.6 29.02 45.89 19.21 11.4 47.27 40.11 36.77 36.24 40.05 21.84 35.44 23.54 26.57 47.17 48.76 33.38 7.07 17.2 25.55 17.69 17.72 9.22 28.02 19.21 21.26 9.06 45.71 49.24 35.01 
45.28 44.15 26.02 18.44 32.06 22.56 2.83 40.61 0.0 40.26 51.62 12.53 5.39 25.5 31.0 7.28 4.0 9.22 12.81 5.0 19.03 6.71 17.12 15.13 7.62 9.22 7.28 33.54 50.49 18.97 28.64 36.4 46.0 14.42 29.12 27.51 49.65 5.1 8.94 7.81 
16.16 4.0 15.81 25.24 10.63 22.67 37.85 17.03 40.26 0.0 12.17 32.25 44.72 14.87 12.81 47.54 41.44 33.14 31.0 41.79 22.83 33.73 25.06 25.3 47.8 46.17 34.18 17.09 11.4 21.38 11.7 4.0 12.21 32.45 11.18 13.04 20.59 44.91 47.38 37.58 
14.32 8.25 25.96 35.11 19.92 31.78 49.37 18.6 51.62 12.17 0.0 42.38 56.32 26.17 21.54 58.86 52.39 45.01 43.05 52.63 33.24 45.28 35.44 36.5 59.03 58.03 45.12 22.8 1.41 33.06 23.09 16.12 9.43 42.15 23.0 25.02 16.12 56.44 59.14 48.08 
34.01 35.78 16.55 7.28 22.47 11.05 12.04 29.02 12.53 32.25 42.38 0.0 17.89 17.8 20.88 18.44 11.18 13.93 16.28 11.05 9.43 10.3 7.21 8.94 18.25 21.63 5.66 22.0 41.11 13.89 20.81 28.84 35.51 2.24 22.02 21.21 38.05 17.46 21.47 6.0 
50.49 48.66 31.02 23.77 37.0 27.89 7.0 45.89 5.39 44.72 56.32 17.89 0.0 30.15 36.06 4.47 7.81 12.08 15.26 8.6 24.19 11.05 22.36 20.0 5.39 4.47 12.65 38.83 55.23 23.35 33.24 40.79 51.04 19.72 33.54 31.78 54.92 1.0 3.61 12.81 
22.36 18.68 4.12 11.4 7.62 10.44 23.19 19.21 25.5 14.87 26.17 17.8 30.15 0.0 7.81 32.76 26.57 19.1 17.72 26.93 8.49 19.1 10.63 10.44 32.98 32.02 19.31 13.6 25.08 7.07 3.16 11.18 21.59 18.38 4.24 4.12 27.29 30.27 33.02 22.83 
14.87 15.62 5.1 13.6 2.24 10.3 29.07 11.4 31.0 12.81 21.54 20.88 36.06 7.81 0.0 38.05 31.26 25.96 25.08 31.4 12.04 25.18 14.14 16.12 38.12 38.47 24.08 6.32 20.25 14.32 6.71 10.77 15.0 20.62 8.54 10.3 19.7 36.01 39.2 26.68 
52.09 51.42 33.14 25.08 39.2 29.15 9.85 47.27 7.28 47.54 58.86 18.44 4.47 32.76 38.05 0.0 7.28 15.81 19.21 7.62 26.02 13.93 24.0 22.36 1.0 8.0 14.0 40.2 57.71 26.25 35.9 43.68 53.04 19.92 36.4 34.79 56.32 3.61 6.08 12.65 
45.01 45.22 26.48 18.0 32.56 22.02 6.32 40.11 4.0 41.44 52.39 11.18 7.81 26.57 31.26 7.28 0.0 12.53 16.12 1.0 19.24 9.22 17.12 16.16 7.07 12.21 7.28 33.06 51.2 20.59 29.73 37.7 46.17 12.65 30.46 29.07 49.16 7.07 11.31 5.39 
40.8 37.12 20.88 16.28 26.48 20.0 6.4 36.77 9.22 33.14 45.01 13.93 12.08 19.1 25.96 15.81 12.53 0.0 3.61 13.42 15.26 4.0 14.21 10.3 16.4 13.04 9.06 29.97 44.0 12.04 22.02 29.15 40.61 16.16 22.02 20.1 45.54 12.53 14.32 13.04 
39.92 35.0 20.12 17.2 25.3 20.52 10.0 36.24 12.81 31.0 43.05 16.28 15.26 17.72 25.08 19.21 16.12 3.61 0.0 17.0 15.56 7.28 15.0 10.63 19.85 15.52 12.04 29.68 42.11 10.77 20.4 27.0 39.29 18.44 20.1 18.03 44.78 15.81 17.09 16.28 
45.0 45.54 26.68 18.03 32.76 22.0 7.28 40.05 5.0 41.79 52.63 11.05 8.6 26.93 31.4 7.62 1.0 13.42 17.0 0.0 19.42 10.0 17.26 16.55 7.28 13.04 7.62 33.02 51.42 21.1 30.08 38.08 46.27 12.37 30.87 29.53 49.09 7.81 12.04 5.1 
26.31 26.4 7.28 3.16 13.34 5.0 17.26 21.84 19.03 22.83 33.24 9.43 24.19 8.49 12.04 26.02 19.24 15.26 15.56 19.42 0.0 13.6 2.24 5.0 26.08 26.93 12.04 14.87 32.02 7.07 11.4 19.42 27.02 9.9 12.73 12.21 30.81 24.08 27.46 14.87 
39.81 37.66 20.1 13.89 26.02 17.89 4.12 35.44 6.71 33.73 45.28 10.3 11.05 19.1 25.18 13.93 9.22 4.0 7.28 10.0 13.6 0.0 12.08 9.06 14.32 13.34 5.1 28.46 44.18 12.37 22.2 29.83 40.11 12.53 22.56 20.88 44.38 11.18 14.04 9.06 
28.16 28.64 9.49 2.24 15.52 5.83 15.52 23.54 17.12 25.06 35.44 7.21 22.36 10.63 14.14 24.0 17.12 14.21 15.0 17.26 2.24 12.08 0.0 4.47 24.02 25.3 10.0 16.49 34.21 8.06 13.6 21.63 29.07 7.81 14.87 14.21 32.56 22.2 25.71 12.65 
30.81 29.12 11.05 6.71 17.0 9.9 13.0 26.57 15.13 25.3 36.5 8.94 20.0 10.44 16.12 22.36 16.16 10.3 10.63 16.55 5.0 9.06 4.47 0.0 22.56 22.36 8.94 19.7 35.36 5.0 13.6 21.54 31.06 10.44 14.32 13.04 35.44 20.02 23.09 12.81 
52.04 51.66 33.24 25.02 39.32 29.07 10.3 47.17 7.62 47.8 59.03 18.25 5.39 32.98 38.12 1.0 7.07 16.4 19.85 7.28 26.08 14.32 24.02 22.56 0.0 9.0 14.04 40.11 57.87 26.57 36.14 43.97 53.08 19.65 36.69 35.11 56.22 4.47 7.07 12.37 
53.15 50.16 33.38 26.93 39.2 31.02 9.85 48.76 9.22 46.17 58.03 21.63 4.47 32.02 38.47 8.0 12.21 13.04 15.52 13.04 26.93 13.34 25.3 22.36 9.0 0.0 16.12 41.76 57.01 25.0 35.0 42.19 53.34 23.6 35.06 33.14 57.72 5.39 2.24 16.97 
38.12 37.95 19.24 11.18 25.32 15.3 6.4 33.38 7.28 34.18 45.12 5.66 12.65 19.31 24.08 14.0 7.28 9.06 12.04 7.62 12.04 5.1 10.0 8.94 14.04 16.12 0.0 26.31 43.93 13.6 22.47 30.46 39.05 7.81 23.26 21.95 42.43 12.37 16.16 4.47 
12.04 18.87 9.9 15.13 8.06 11.05 32.02 7.07 33.54 17.09 22.8 22.0 38.83 13.6 6.32 40.2 33.06 29.97 29.68 33.02 14.87 28.46 16.49 19.7 40.11 41.76 26.31 0.0 21.4 19.21 13.0 16.12 14.32 21.1 14.87 16.55 16.12 38.64 42.2 28.0 
13.0 7.62 24.74 33.84 18.68 30.46 48.26 17.2 50.49 11.4 1.41 41.11 55.23 25.08 20.25 57.71 51.2 44.0 42.11 51.42 32.02 44.18 34.21 35.36 57.87 57.01 43.93 21.4 0.0 32.02 22.02 15.3 8.06 40.85 22.02 24.08 15.03 55.33 58.08 46.84 
29.15 25.32 9.43 10.0 14.56 11.7 16.49 25.55 18.97 21.38 33.06 13.89 23.35 7.07 14.32 26.25 20.59 12.04 10.77 21.1 7.07 12.37 8.06 5.0 26.57 25.0 13.6 19.21 32.02 0.0 10.0 17.46 28.64 15.23 10.2 8.54 34.01 23.54 26.08 17.69 
20.25 15.52 5.39 14.14 5.66 12.53 26.31 17.69 28.64 11.7 23.09 20.81 33.24 3.16 6.71 35.9 29.73 22.02 20.4 30.08 11.4 22.2 13.6 13.6 36.14 35.0 22.47 13.0 22.02 10.0 0.0 8.06 18.97 21.26 2.0 3.61 25.24 33.38 36.06 25.94 
18.03 8.0 12.73 22.02 8.54 19.85 33.96 17.72 36.4 4.0 16.12 28.84 40.79 11.18 10.77 43.68 37.7 29.15 27.0 38.08 19.42 29.83 21.63 21.54 43.97 42.19 30.46 16.12 15.3 17.46 8.06 0.0 14.87 29.21 7.28 9.06 22.8 41.0 43.42 34.0 
5.1 10.44 20.02 28.28 14.14 24.52 44.05 9.22 46.0 12.21 9.43 35.51 51.04 21.59 15.0 53.04 46.17 40.61 39.29 46.27 27.02 40.11 29.07 31.06 53.08 53.34 39.05 14.32 8.06 28.64 18.97 14.87 0.0 34.93 19.7 21.93 8.54 51.01 54.15 41.44 
33.14 35.85 16.64 7.21 22.36 10.44 14.14 28.02 14.42 32.45 42.15 2.24 19.72 18.38 20.62 19.92 12.65 16.16 18.44 12.37 9.9 12.53 7.81 10.44 19.65 23.6 7.81 21.1 40.85 15.23 21.26 29.21 34.93 0.0 22.63 22.02 37.0 19.24 23.32 7.28 
21.4 15.13 7.28 15.62 7.21 14.32 26.68 19.21 29.12 11.18 23.0 22.02 33.54 4.24 8.54 36.4 30.46 22.02 20.1 30.87 12.73 22.56 14.87 14.32 36.69 35.06 23.26 14.87 22.02 10.2 2.0 7.28 19.7 22.63 0.0 2.24 26.4 33.73 36.22 26.93 
23.6 17.03 8.0 15.26 9.22 14.56 25.0 21.26 27.51 13.04 25.02 21.21 31.78 4.12 10.3 34.79 29.07 20.1 18.03 29.53 12.21 20.88 14.21 13.04 35.11 33.14 21.95 16.55 24.08 8.54 3.61 9.06 21.93 22.02 2.24 0.0 28.6 32.02 34.37 25.81 
5.0 18.97 24.7 31.26 19.72 27.17 48.05 9.06 49.65 20.59 16.12 38.05 54.92 27.29 19.7 56.32 49.16 45.54 44.78 49.09 30.81 44.38 32.56 35.44 56.22 57.72 42.43 16.12 15.03 34.01 25.24 22.8 8.54 37.0 26.4 28.6 0.0 54.74 58.25 44.05 
50.36 48.84 31.0 23.54 37.01 27.66 7.07 45.71 5.1 44.91 56.44 17.46 1.0 30.27 36.01 3.61 7.07 12.53 15.81 7.81 24.08 11.18 22.2 20.02 4.47 5.39 12.37 38.64 55.33 23.54 33.38 41.0 51.01 19.24 33.73 32.02 54.74 0.0 4.24 12.21 
53.76 51.35 34.13 27.2 40.05 31.32 10.2 49.24 8.94 47.38 59.14 21.47 3.61 33.02 39.2 6.08 11.31 14.32 17.09 12.04 27.46 14.04 25.71 23.09 7.07 2.24 16.16 42.2 58.08 26.08 36.06 43.42 54.15 23.32 36.22 34.37 58.25 4.24 0.0 16.4 
40.01 41.23 22.14 13.15 28.16 17.03 8.54 35.01 7.81 37.58 48.08 6.0 12.81 22.83 26.68 12.65 5.39 13.04 16.28 5.1 14.87 9.06 12.65 12.81 12.37 16.97 4.47 28.0 46.84 17.69 25.94 34.0 41.44 7.28 26.93 25.81 44.05 12.21 16.4 0.0 
