80
0.0 41.19 7.07 32.56 17.09 36.4 30.89 21.59 19.31 41.05 23.09 21.47 1.41 7.81 21.0 37.11 51.55 46.69 40.31 22.67 13.04 21.02 40.31 26.93 46.87 29.7 17.8 10.63 44.05 43.17 29.07 9.0 19.03 53.25 4.24 36.06 33.62 19.42 30.41 6.08 33.29 47.1 46.52 45.45 27.86 31.95 31.05 37.34 24.04 18.6 13.42 19.1 26.25 33.24 43.42 40.31 38.95 27.2 46.52 28.79 19.24 21.47 11.0 7.21 7.21 29.15 2.0 31.62 31.4 16.12 31.26 46.62 29.73 25.08 19.65 27.66 33.62 27.29 22.2 44.94 
41.19 0.0 48.09 54.71 48.51 15.23 17.8 21.93 23.19 20.25 47.01 53.16 42.3 36.06 48.02 13.93 14.42 13.0 28.18 29.07 34.71 43.46 1.41 40.5 13.93 32.02 55.03 49.48 25.0 6.08 17.49 32.25 22.56 26.17 38.01 26.4 38.9 36.06 26.91 40.05 19.1 6.08 24.02 25.71 16.16 39.7 16.28 18.03 18.25 55.36 30.68 45.28 24.7 59.48 10.2 24.74 25.06 15.52 16.03 19.8 22.02 26.08 30.27 35.9 47.68 24.84 39.2 12.53 21.93 29.55 52.48 14.14 39.2 44.29 22.02 28.6 17.69 16.12 24.7 20.02 
7.07 48.09 0.0 31.02 15.03 43.42 36.77 28.64 25.71 46.53 22.56 18.25 6.32 13.0 23.09 44.15 57.97 53.76 44.82 27.2 17.2 21.54 47.17 28.65 53.94 35.61 15.52 9.0 49.09 49.82 35.11 16.03 26.08 58.67 10.2 42.54 36.06 24.76 35.0 9.43 38.91 54.04 53.31 50.48 34.21 34.13 38.08 44.27 30.59 16.49 20.25 21.93 31.38 30.41 50.49 46.96 43.83 33.73 52.55 35.74 26.08 28.23 18.03 13.93 5.1 35.78 9.06 38.08 36.72 22.85 30.15 52.81 31.91 25.63 26.31 32.02 39.4 34.37 27.73 51.87 
32.56 54.71 31.02 0.0 16.0 58.69 37.12 45.8 34.66 41.0 9.85 13.6 33.38 28.23 53.34 58.69 57.28 65.6 34.13 25.81 24.7 13.04 53.34 14.32 66.22 59.48 46.27 40.01 40.2 52.8 37.22 35.34 41.4 50.04 30.36 63.25 19.03 50.92 28.79 26.93 36.77 60.42 70.77 41.11 38.83 17.12 53.81 60.88 38.29 47.27 42.05 51.62 30.02 6.08 62.01 66.22 35.51 40.0 49.48 53.41 38.29 48.88 36.24 37.95 36.0 56.3 32.98 42.19 33.62 44.72 2.24 50.96 16.49 10.63 36.8 26.4 38.08 48.84 30.61 67.88 
17.09 48.51 15.03 16.0 0.0 48.55 33.02 34.21 25.63 40.61 8.06 5.0 17.72 14.87 37.48 48.88 55.0 57.27 36.4 21.02 13.93 8.6 47.3 16.4 57.7 45.8 30.41 24.02 41.76 48.37 32.14 21.93 30.23 51.92 15.81 50.91 24.21 36.24 27.66 12.21 34.06 54.57 60.0 43.01 32.56 22.02 43.27 50.22 30.36 31.4 28.43 35.9 26.02 16.16 53.71 54.56 36.4 32.98 48.17 42.01 28.18 36.07 23.35 23.32 20.0 43.84 17.89 36.5 31.14 31.24 15.13 49.04 20.0 12.04 27.31 24.52 35.01 38.59 24.19 57.69 
36.4 15.23 43.42 58.69 48.55 0.0 26.25 14.87 24.04 33.02 49.58 53.54 37.11 34.0 36.69 1.41 29.53 11.18 39.62 33.6 35.0 46.01 15.81 45.61 11.05 17.8 46.17 42.05 38.01 21.19 24.7 27.86 18.36 41.0 34.54 11.18 46.53 24.74 34.93 37.58 28.86 17.69 12.21 39.0 21.93 46.65 5.39 3.0 20.81 46.27 23.35 34.21 30.89 62.37 8.94 10.0 36.5 20.12 30.81 8.0 20.62 16.0 26.0 29.61 41.44 11.18 34.48 20.62 30.68 21.1 56.59 29.12 45.49 48.1 21.93 35.36 27.66 10.0 28.6 9.22 
30.89 17.8 36.77 37.12 33.02 26.25 0.0 20.88 12.04 10.63 30.08 37.22 32.25 23.77 45.0 25.63 22.02 29.83 14.04 12.17 20.4 26.68 16.4 22.83 30.61 36.5 47.8 41.05 14.76 15.81 2.24 23.43 17.89 22.67 26.83 35.13 21.26 34.89 9.22 27.51 3.16 23.32 38.08 16.12 5.1 21.93 23.19 29.12 8.94 48.41 25.81 42.2 7.28 42.15 26.4 35.9 11.18 7.07 15.81 25.0 14.42 26.25 21.93 28.32 38.08 30.07 29.15 5.83 4.47 26.42 34.89 16.28 21.4 26.93 12.81 10.82 2.83 19.0 9.22 34.44 
21.59 21.93 28.64 45.8 34.21 14.87 20.88 0.0 12.37 30.87 36.24 39.2 22.36 19.42 26.4 15.52 35.0 25.18 34.71 22.8 21.26 32.8 21.47 34.01 25.32 16.0 33.24 28.16 35.47 25.81 18.68 13.0 4.47 41.88 19.7 17.49 36.88 14.87 27.0 22.83 24.04 27.2 25.81 36.77 15.81 36.4 9.49 16.12 12.17 33.53 9.06 23.6 22.02 48.84 22.02 20.52 32.02 13.93 32.65 7.81 8.25 5.39 11.18 15.03 27.02 10.77 19.65 17.49 24.33 7.62 43.83 31.83 34.79 35.51 10.2 26.17 23.41 6.08 18.25 23.71 
19.31 23.19 25.71 34.66 25.63 24.04 12.04 12.37 0.0 22.63 25.61 30.46 20.62 13.04 33.29 24.08 32.28 31.76 24.17 10.44 11.7 22.02 22.09 21.95 32.25 28.16 35.81 29.15 26.4 24.19 10.0 11.4 8.06 34.71 15.52 29.55 24.52 24.04 15.3 17.03 14.87 29.27 36.12 27.8 8.54 24.04 19.21 26.25 5.0 36.4 14.32 30.53 10.2 38.42 28.18 31.91 21.95 8.06 27.29 19.24 4.12 17.03 9.9 16.28 26.4 23.09 17.46 12.37 13.89 15.52 32.56 27.31 22.47 24.08 2.24 14.0 14.87 14.21 6.0 33.24 
41.05 20.25 46.53 41.0 40.61 33.02 10.63 30.87 22.63 0.0 36.0 44.18 42.44 33.62 55.61 32.06 16.55 33.24 8.49 19.92 29.55 33.06 18.97 27.17 34.18 45.88 58.26 51.4 5.0 15.26 12.81 33.97 28.3 12.21 36.89 43.19 22.47 45.28 13.04 37.12 7.81 23.85 43.74 6.08 15.26 24.04 31.26 36.01 19.42 58.9 36.4 52.8 15.23 46.69 30.36 43.01 5.83 17.0 8.54 33.73 25.0 36.25 32.53 38.9 48.26 39.05 39.41 13.6 9.85 36.89 38.83 10.3 24.52 32.06 23.43 16.12 7.81 27.89 18.87 39.81 
23.09 47.01 22.56 9.85 8.06 49.58 30.08 36.24 25.61 36.0 0.0 8.94 24.02 18.38 44.05 49.68 51.48 57.14 30.59 18.03 15.0 3.61 45.69 9.49 57.69 49.65 38.08 31.4 36.35 45.88 29.73 25.5 31.89 46.53 20.62 53.6 17.0 41.11 23.02 17.26 30.41 52.92 61.52 37.48 30.87 14.76 44.55 51.62 29.68 39.05 32.2 42.19 22.8 12.81 53.54 56.73 31.14 31.76 44.1 43.93 29.0 39.12 26.42 28.16 27.29 46.62 23.35 34.54 27.29 34.89 8.25 45.28 13.0 4.47 27.66 20.1 31.58 39.62 22.36 58.8 
21.47 53.16 18.25 13.6 5.0 53.54 37.22 39.2 30.46 44.18 8.94 0.0 21.93 19.85 41.23 53.85 59.08 62.17 39.29 25.08 18.79 11.18 51.92 18.38 62.61 50.61 33.02 27.17 44.91 52.77 36.5 26.87 35.23 55.11 20.62 55.87 25.94 40.82 31.14 17.03 38.01 59.2 65.0 46.1 37.11 23.71 48.26 55.22 35.11 34.01 33.3 39.85 30.07 12.17 58.6 59.55 39.62 37.64 52.01 47.01 33.12 41.01 28.32 28.02 23.35 48.8 22.47 41.0 35.0 36.12 13.42 53.01 21.93 13.42 32.2 28.07 39.05 43.57 28.64 62.68 
1.41 42.3 6.32 33.38 17.72 37.11 32.25 22.36 20.62 42.44 24.02 21.93 0.0 9.22 20.02 37.85 52.81 47.52 41.73 24.08 14.42 22.09 41.44 28.16 47.68 29.73 16.4 9.22 45.45 44.38 30.41 10.05 20.0 54.64 5.66 36.36 34.93 19.21 31.83 7.28 34.67 48.17 47.01 46.86 29.15 33.24 31.78 37.95 25.3 17.2 13.93 18.25 27.66 33.84 44.28 40.71 40.36 28.46 47.85 29.41 20.4 21.93 12.04 7.62 5.83 29.53 3.16 32.89 32.8 16.55 32.14 47.93 31.02 26.17 20.88 29.07 34.99 28.16 23.6 45.54 
7.81 36.06 13.0 28.23 14.87 34.0 23.77 19.42 13.04 33.62 18.38 19.85 9.22 0.0 27.46 34.44 45.12 43.32 32.53 14.87 5.39 15.52 35.01 20.1 43.66 31.38 25.61 18.44 36.4 37.22 22.14 7.21 15.65 45.79 3.61 36.07 26.25 22.8 22.63 4.0 25.94 42.11 45.22 37.8 21.38 24.74 28.65 35.51 18.03 26.4 13.89 25.18 18.6 30.23 39.85 39.7 31.24 21.1 39.56 27.2 14.32 21.26 8.49 10.05 14.87 29.0 6.71 25.32 23.85 16.64 26.57 39.85 22.56 19.24 14.04 19.85 26.4 24.17 14.76 43.05 
21.0 48.02 23.09 53.34 37.48 36.69 45.0 26.4 33.29 55.61 44.05 41.23 20.02 27.46 0.0 37.95 61.4 47.8 57.31 40.85 32.76 42.01 47.71 47.52 47.54 21.0 13.04 14.76 59.64 52.2 42.8 22.85 27.59 67.36 24.19 30.02 53.6 12.08 47.85 27.02 48.01 52.77 42.01 61.03 40.46 52.17 32.7 35.9 36.24 12.53 19.21 2.83 42.94 53.37 45.54 35.01 55.23 38.95 58.69 29.15 30.61 21.95 23.71 18.03 18.03 25.71 21.1 43.14 47.17 19.1 52.15 58.05 50.01 46.04 32.2 45.69 47.8 31.91 38.47 42.3 
37.11 13.93 44.15 58.69 48.88 1.41 25.63 15.52 24.08 32.06 49.68 53.85 37.85 34.44 37.95 0.0 28.18 10.05 38.83 33.42 35.23 46.1 14.56 45.45 10.0 19.21 47.27 43.01 37.05 19.92 24.17 28.46 18.79 39.81 35.11 12.53 46.14 25.96 34.44 38.08 28.16 16.28 12.53 38.01 21.47 46.32 6.08 4.12 20.62 47.38 24.19 35.44 30.53 62.48 7.62 11.05 35.69 19.72 29.61 9.06 20.81 17.03 26.57 30.41 42.3 12.53 35.17 19.92 30.08 22.02 56.57 27.89 45.22 48.08 22.02 34.99 26.93 10.3 28.43 9.22 
51.55 14.42 57.97 57.28 55.0 29.53 22.02 35.0 32.28 16.55 51.48 59.08 52.81 45.12 61.4 28.18 0.0 24.19 24.7 34.01 42.3 48.26 14.21 43.17 25.18 46.4 67.08 60.93 19.21 9.22 23.19 43.08 34.48 14.87 47.8 40.71 39.0 49.68 28.64 49.03 21.1 13.15 36.67 19.1 23.77 40.5 30.61 32.2 27.51 67.54 43.05 58.6 29.02 62.82 22.8 38.63 22.36 24.35 8.06 34.06 32.7 39.7 41.23 47.42 58.52 39.2 49.65 19.92 24.19 42.44 55.08 6.32 40.8 47.85 31.95 31.4 20.02 29.73 31.14 32.76 
46.69 13.0 53.76 65.6 57.27 11.18 29.83 25.18 31.76 33.24 57.14 62.17 47.52 43.32 47.8 10.05 24.19 0.0 41.15 39.82 43.38 53.54 14.32 51.74 1.0 28.18 57.31 53.0 37.95 18.44 29.0 37.85 27.89 38.05 44.38 20.0 51.09 35.9 39.05 47.13 31.62 11.05 12.65 38.6 26.91 51.66 16.0 12.08 27.46 57.43 34.06 45.35 36.07 69.89 3.61 16.28 38.01 25.61 28.28 19.1 29.15 27.07 35.9 40.2 52.15 22.14 44.72 24.08 34.21 32.0 63.41 26.17 50.91 55.0 29.97 40.31 30.23 19.42 35.0 8.94 
40.31 28.18 44.82 34.13 36.4 39.62 14.04 34.71 24.17 8.49 30.59 39.29 41.73 32.53 57.31 38.83 24.7 41.15 0.0 17.69 27.66 28.16 26.83 21.21 42.05 50.49 58.05 50.93 6.08 23.6 16.12 34.67 31.32 16.03 36.07 49.04 15.13 48.1 9.9 35.47 11.0 32.2 50.96 7.0 19.1 17.03 37.05 42.58 22.56 58.8 38.48 54.59 14.42 40.05 38.08 49.5 3.16 21.1 16.64 39.01 27.51 40.02 33.62 39.66 47.38 44.1 38.95 19.1 10.44 39.56 32.06 18.6 18.03 26.31 25.63 12.81 12.04 33.02 18.87 47.13 
22.67 29.07 27.2 25.81 21.02 33.6 12.17 22.8 10.44 19.92 18.03 25.08 24.08 14.87 40.85 33.42 34.01 39.82 17.69 0.0 10.0 14.56 27.73 12.04 40.46 38.47 40.46 33.3 21.95 27.89 11.7 18.03 18.44 31.78 18.44 39.92 14.14 33.24 7.81 17.8 13.04 34.93 45.8 23.32 13.04 13.6 29.15 36.06 12.81 41.23 23.19 38.28 5.0 30.41 36.24 42.06 16.64 14.21 27.17 29.55 14.56 27.29 17.46 22.85 29.7 33.53 21.4 16.55 10.2 25.02 23.6 28.02 12.08 15.26 12.65 5.0 14.0 24.19 5.0 42.64 
13.04 34.71 17.2 24.7 13.93 35.0 20.4 21.26 11.7 29.55 15.0 18.79 14.42 5.39 32.76 35.23 42.3 43.38 27.66 10.0 0.0 11.66 33.54 15.0 43.83 34.93 30.81 23.6 31.91 35.01 19.1 11.18 16.97 41.59 8.94 38.6 20.88 27.29 17.8 7.81 22.14 40.79 46.75 33.29 19.03 19.42 29.83 36.88 16.49 31.62 17.72 30.41 14.32 27.59 39.81 41.77 26.63 19.24 36.14 29.0 14.42 24.19 11.7 15.03 19.85 31.62 12.08 23.02 19.7 20.25 22.83 36.67 17.26 14.87 13.42 14.87 22.8 25.0 11.18 44.2 
21.02 43.46 21.54 13.04 8.6 46.01 26.68 32.8 22.02 33.06 3.61 11.18 22.09 15.52 42.01 46.1 48.26 53.54 28.16 14.56 11.66 0.0 42.15 7.81 54.08 46.52 37.0 30.08 33.73 42.45 26.25 22.47 28.43 43.93 18.11 50.22 15.62 38.33 20.02 15.0 27.17 49.4 57.98 34.93 27.31 13.45 41.01 48.08 26.08 37.95 29.15 40.01 19.42 16.4 49.93 53.26 28.44 28.18 41.01 40.46 25.46 35.85 23.26 25.5 25.96 43.27 21.02 31.02 24.08 31.78 11.18 42.11 11.4 4.12 24.08 17.0 28.28 36.07 18.79 55.23 
40.31 1.41 47.17 53.34 47.3 15.81 16.4 21.47 22.09 18.97 45.69 51.92 41.44 35.01 47.71 14.56 14.21 14.32 26.83 27.73 33.54 42.15 0.0 39.12 15.23 32.2 54.42 48.76 23.77 5.39 16.12 31.4 21.84 25.32 37.05 26.93 37.48 35.81 25.5 39.01 17.69 7.28 25.08 24.52 14.87 38.29 16.4 18.68 17.12 54.78 30.08 44.94 23.32 58.14 11.4 25.5 23.71 14.32 15.13 19.85 21.1 25.81 29.43 35.17 46.87 25.0 38.33 11.18 20.52 29.07 51.11 13.34 37.8 42.94 21.0 27.2 16.28 15.81 23.41 21.1 
26.93 40.5 28.65 14.32 16.4 45.61 22.83 34.01 21.95 27.17 9.49 18.38 28.16 20.1 47.52 45.45 43.17 51.74 21.21 12.04 15.0 7.81 39.12 0.0 52.4 49.04 43.86 36.77 27.07 38.48 23.02 26.08 29.55 37.22 23.35 51.43 7.81 42.19 14.56 20.88 22.47 46.14 57.8 28.16 24.84 5.66 41.05 48.01 24.84 44.78 32.39 45.28 15.81 19.65 48.17 53.85 22.0 26.17 35.51 41.18 25.94 37.95 26.31 30.02 32.7 44.78 26.48 28.02 19.31 34.71 12.08 36.88 3.61 5.1 24.19 12.08 23.77 36.06 17.03 54.67 
46.87 13.93 53.94 66.22 57.7 11.05 30.61 25.32 32.25 34.18 57.69 62.61 47.68 43.66 47.54 10.0 25.18 1.0 42.05 40.46 43.83 54.08 15.23 52.4 0.0 27.73 57.22 53.01 38.9 19.42 29.73 38.08 28.16 39.05 44.64 19.42 51.86 35.69 39.82 47.43 32.45 12.04 11.7 39.56 27.59 52.4 16.03 11.7 28.02 57.31 34.13 45.12 36.77 70.46 4.24 15.56 38.91 26.25 29.27 19.03 29.55 27.02 36.14 40.31 52.24 21.84 44.91 24.84 35.0 32.02 64.03 27.17 51.62 55.61 30.41 41.04 31.06 19.65 35.61 8.06 
29.7 32.02 35.61 59.48 45.8 17.8 36.5 16.0 28.16 45.88 49.65 50.61 29.73 31.38 21.0 19.21 46.4 28.18 50.49 38.47 34.93 46.52 32.2 49.04 27.73 0.0 32.76 30.87 50.7 37.44 34.37 24.19 20.1 55.95 30.0 9.06 52.61 11.18 43.0 33.6 39.62 35.38 21.02 51.92 31.4 51.97 15.81 16.12 28.07 32.56 17.49 19.1 38.01 61.59 26.63 14.04 47.68 29.43 46.07 12.53 24.08 11.18 23.26 22.67 31.91 7.21 28.32 32.28 40.2 14.76 57.7 44.78 50.22 49.77 26.08 42.11 38.83 18.03 34.13 21.59 
17.8 55.03 15.52 46.27 30.41 46.17 47.8 33.24 35.81 58.26 38.08 33.02 16.4 25.61 13.04 47.27 67.08 57.31 58.05 40.46 30.81 37.0 54.42 43.86 57.22 32.76 0.0 7.21 61.55 58.18 45.8 24.41 32.7 70.43 22.02 41.44 51.0 22.09 48.17 23.32 50.45 60.44 53.34 62.97 44.1 49.19 41.44 46.01 39.96 1.0 24.35 13.93 43.84 45.01 54.59 46.39 56.57 43.05 62.97 38.21 34.48 30.27 26.08 19.72 11.18 36.01 19.1 47.51 48.84 25.71 45.54 62.77 46.96 41.11 35.51 45.45 50.61 39.29 39.62 53.04 
10.63 49.48 9.0 40.01 24.02 42.05 41.05 28.16 29.15 51.4 31.4 27.17 9.22 18.44 14.76 43.01 60.93 53.0 50.93 33.3 23.6 30.08 48.76 36.77 53.01 30.87 7.21 0.0 54.56 52.2 39.12 17.89 26.93 63.6 14.87 38.9 43.83 19.7 41.04 16.12 43.6 55.11 50.45 55.97 37.59 42.05 37.0 42.3 33.54 8.06 19.1 14.21 36.8 39.32 50.04 43.68 49.52 36.67 56.44 34.06 28.23 26.08 19.7 13.6 4.12 32.76 12.04 41.15 41.87 21.0 39.12 56.36 39.81 34.21 29.07 38.29 43.83 34.23 32.65 49.65 
44.05 25.0 49.09 40.2 41.76 38.01 14.76 35.47 26.4 5.0 36.35 44.91 45.45 36.4 59.64 37.05 19.21 37.95 6.08 21.95 31.91 33.73 23.77 27.07 38.9 50.7 61.55 54.56 0.0 19.7 17.0 37.54 32.65 10.2 39.82 48.17 21.21 49.65 14.32 39.66 11.66 28.18 48.66 1.41 19.7 23.09 36.22 41.01 23.71 62.24 40.5 56.86 17.8 46.1 35.17 48.01 5.39 21.54 11.31 38.64 29.15 40.85 36.24 42.52 51.22 43.93 42.52 18.44 12.73 41.18 38.12 13.45 24.0 32.14 27.46 17.46 12.08 32.76 21.93 44.72 
43.17 6.08 49.82 52.8 48.37 21.19 15.81 25.81 24.19 15.26 45.88 52.77 44.38 37.22 52.2 19.92 9.22 18.44 23.6 27.89 35.01 42.45 5.39 38.48 19.42 37.44 58.18 52.2 19.7 0.0 16.28 34.48 25.5 20.1 39.62 32.31 35.81 40.46 24.19 41.19 16.12 8.6 30.0 20.25 16.0 36.89 21.63 24.04 19.24 58.6 34.0 49.41 23.09 57.94 16.03 30.81 20.62 16.12 10.0 25.0 24.04 30.48 32.57 38.63 50.0 30.23 41.23 12.0 19.24 33.29 50.57 8.06 36.72 42.72 23.54 26.4 14.76 20.52 24.19 26.0 
29.07 17.49 35.11 37.22 32.14 24.7 2.24 18.68 10.0 12.81 29.73 36.5 30.41 22.14 42.8 24.17 23.19 29.0 16.12 11.7 19.1 26.25 16.12 23.02 29.73 34.37 45.8 39.12 17.0 16.28 0.0 21.4 15.65 24.76 25.08 33.24 22.2 32.65 10.3 25.96 5.39 23.26 36.67 18.36 3.0 22.67 21.38 27.51 6.71 46.4 23.6 40.0 7.21 42.05 25.5 34.21 13.34 5.0 17.46 23.02 12.21 24.04 19.85 26.25 36.24 28.02 27.29 5.0 6.08 24.19 34.99 17.72 21.93 26.83 10.63 11.31 5.0 17.03 8.0 33.12 
9.0 32.25 16.03 35.34 21.93 27.86 23.43 13.0 11.4 33.97 25.5 26.87 10.05 7.21 22.85 28.46 43.08 37.85 34.67 18.03 11.18 22.47 31.4 26.08 38.08 24.19 24.41 17.89 37.54 34.48 21.4 0.0 10.05 46.1 6.71 29.0 31.26 16.12 25.06 10.0 26.17 38.12 38.59 38.95 19.72 30.07 22.47 29.07 15.65 25.0 6.71 20.25 20.25 37.44 34.53 32.8 32.8 18.79 38.59 20.59 10.44 14.14 2.0 5.0 15.52 21.93 7.0 23.26 24.84 9.43 33.62 38.47 28.02 25.96 11.18 22.85 26.25 18.44 15.81 36.67 
19.03 22.56 26.08 41.4 30.23 18.36 17.89 4.47 8.06 28.3 31.89 35.23 20.0 15.65 27.59 18.79 34.48 27.89 31.32 18.44 16.97 28.43 21.84 29.55 28.16 20.1 32.7 26.93 32.65 25.5 15.65 10.05 0.0 39.82 16.49 21.95 32.56 17.0 23.09 19.31 21.02 28.28 29.83 34.0 13.04 32.02 13.04 20.0 8.94 33.11 8.6 24.76 18.03 44.55 24.52 24.84 28.79 11.4 31.14 12.04 4.0 9.0 8.06 13.34 25.18 15.23 17.03 15.56 20.88 8.6 39.41 30.61 30.36 31.06 6.0 22.02 20.59 8.54 14.04 27.46 
53.25 26.17 58.67 50.04 51.92 41.0 22.67 41.88 34.71 12.21 46.53 55.11 54.64 45.79 67.36 39.81 14.87 38.05 16.03 31.78 41.59 43.93 25.32 37.22 39.05 55.95 70.43 63.6 10.2 20.1 24.76 46.1 39.82 0.0 49.09 51.92 31.02 56.61 24.35 49.24 20.0 27.17 50.04 9.06 26.91 33.0 40.5 43.93 31.14 71.06 48.17 64.54 27.29 56.01 36.01 50.8 15.52 28.43 10.2 43.46 36.8 47.17 44.6 50.99 60.46 48.85 51.61 24.41 21.95 48.41 48.01 12.04 34.06 42.3 35.36 27.51 19.85 38.01 31.06 46.04 
4.24 38.01 10.2 30.36 15.81 34.54 26.83 19.7 15.52 36.89 20.62 20.62 5.66 3.61 24.19 35.11 47.8 44.38 36.07 18.44 8.94 18.11 37.05 23.35 44.64 30.0 22.02 14.87 39.82 39.62 25.08 6.71 16.49 49.09 0.0 35.47 29.73 20.62 26.17 3.61 29.15 44.0 45.28 41.23 24.04 28.16 29.15 35.78 20.4 22.8 12.73 22.02 22.02 31.76 41.0 39.41 34.71 23.54 42.54 27.29 16.0 20.62 8.54 7.62 11.4 28.43 3.16 27.89 27.2 15.56 28.86 42.72 25.96 22.02 16.12 23.43 29.53 25.0 18.03 43.38 
36.06 26.4 42.54 63.25 50.91 11.18 35.13 17.49 29.55 43.19 53.6 55.87 36.36 36.07 30.02 12.53 40.71 20.0 49.04 39.92 38.6 50.22 26.93 51.43 19.42 9.06 41.44 38.9 48.17 32.31 33.24 29.0 21.95 51.92 35.47 0.0 53.76 19.42 42.95 38.95 38.05 28.6 12.0 49.25 30.27 53.49 12.0 8.6 27.89 41.3 22.8 28.02 38.33 66.07 19.1 5.0 46.01 28.28 41.76 10.44 25.5 14.87 27.59 28.84 39.4 7.07 34.41 30.0 39.32 20.0 61.29 40.16 52.0 53.0 27.31 42.72 37.01 16.28 35.11 12.65 
33.62 38.9 36.06 19.03 24.21 46.53 21.26 36.88 24.52 22.47 17.0 25.94 34.93 26.25 53.6 46.14 39.0 51.09 15.13 14.14 20.88 15.62 37.48 7.81 51.86 52.61 51.0 43.83 21.21 35.81 22.2 31.26 32.56 31.02 29.73 53.76 0.0 47.04 12.04 27.73 19.85 44.05 58.67 22.09 24.7 2.24 42.54 49.19 26.0 51.88 37.01 51.2 15.65 25.0 47.63 55.54 16.76 26.42 31.02 43.32 28.64 41.44 31.06 35.69 39.82 47.54 32.89 27.02 16.97 39.01 17.0 32.7 4.24 12.53 26.68 11.18 21.26 37.7 18.68 55.23 
19.42 36.06 24.76 50.92 36.24 24.74 34.89 14.87 24.04 45.28 41.11 40.82 19.21 22.8 12.08 25.96 49.68 35.9 48.1 33.24 27.29 38.33 35.81 42.19 35.69 11.18 22.09 19.7 49.65 40.46 32.65 16.12 17.0 56.61 20.62 19.42 47.04 0.0 39.29 24.17 38.01 40.71 31.26 51.0 30.02 46.0 20.62 24.19 25.94 22.02 10.05 9.49 34.21 52.33 33.53 24.33 45.69 28.3 47.51 17.09 20.62 10.0 16.0 13.0 20.81 14.04 18.36 32.2 37.7 8.54 49.34 46.69 44.01 41.98 22.47 37.66 37.59 20.0 29.83 31.0 
30.41 26.91 35.0 28.79 27.66 34.93 9.22 27.0 15.3 13.04 23.02 31.14 31.83 22.63 47.85 34.44 28.64 39.05 9.9 7.81 17.8 20.02 25.5 14.56 39.82 43.0 48.17 41.04 14.32 24.19 10.3 25.06 23.09 24.35 26.17 42.95 12.04 39.29 0.0 25.61 8.06 32.2 46.96 15.65 13.0 12.81 31.32 37.7 15.13 48.92 29.41 45.19 5.1 34.21 35.61 44.27 8.94 14.87 21.1 32.56 19.1 32.06 24.17 30.02 37.48 37.22 29.07 15.0 5.0 30.81 26.57 22.36 12.53 19.24 17.12 3.16 9.43 26.68 9.49 43.42 
6.08 40.05 9.43 26.93 12.21 37.58 27.51 22.83 17.03 37.12 17.26 17.03 7.28 4.0 27.02 38.08 49.03 47.13 35.47 17.8 7.81 15.0 39.01 20.88 47.43 33.6 23.32 16.12 39.66 41.19 25.96 10.0 19.31 49.24 3.61 38.95 27.73 24.17 25.61 0.0 29.55 46.1 48.55 41.05 25.32 26.0 32.2 38.95 22.02 24.19 16.28 25.02 21.95 28.18 43.68 42.8 34.41 25.08 43.32 30.53 18.25 24.08 11.66 11.18 12.21 31.89 6.08 29.27 27.29 19.1 25.5 43.68 23.77 19.03 18.03 22.67 30.08 27.86 18.38 46.53 
33.29 19.1 38.91 36.77 34.06 28.86 3.16 24.04 14.87 7.81 30.41 38.01 34.67 25.94 48.01 28.16 21.1 31.62 11.0 13.04 22.14 27.17 17.69 22.47 32.45 39.62 50.45 43.6 11.66 16.12 5.39 26.17 21.02 20.0 29.15 38.05 19.85 38.01 8.06 29.55 0.0 24.21 40.5 13.04 8.25 20.81 26.08 31.78 12.08 51.09 28.84 45.22 8.06 42.06 28.3 38.64 8.06 10.2 14.14 28.02 17.49 29.41 24.76 31.11 40.5 33.14 31.62 8.25 3.16 29.53 34.54 15.0 20.59 26.93 15.81 10.44 1.41 22.02 11.18 36.77 
47.1 6.08 54.04 60.42 54.57 17.69 23.32 27.2 29.27 23.85 52.92 59.2 48.17 42.11 52.77 16.28 13.15 11.05 32.2 34.93 40.79 49.4 7.28 46.14 12.04 35.38 60.44 55.11 28.18 8.6 23.26 38.12 28.28 27.17 44.0 28.6 44.05 40.71 32.2 46.1 24.21 0.0 23.54 28.64 22.14 45.0 20.25 20.0 24.33 60.73 36.14 50.09 30.41 65.31 9.85 25.94 29.21 21.59 17.72 23.85 28.0 30.87 36.12 41.59 53.46 28.43 45.1 18.38 27.2 34.79 58.18 15.52 44.65 50.09 28.07 34.13 22.8 21.19 30.68 19.65 
46.52 24.02 53.31 70.77 60.0 12.21 38.08 25.81 36.12 43.74 61.52 65.0 47.01 45.22 42.01 12.53 36.67 12.65 50.96 45.8 46.75 57.98 25.08 57.8 11.7 21.02 53.34 50.45 48.66 30.0 36.67 38.59 29.83 50.04 45.28 12.0 58.67 31.26 46.96 48.55 40.5 23.54 0.0 49.5 34.0 58.83 16.97 9.9 33.02 53.24 33.11 40.01 43.05 74.28 14.04 7.0 47.8 32.25 40.0 18.03 32.53 25.08 36.89 39.4 50.6 17.72 44.72 32.31 42.54 30.46 68.68 38.01 57.69 60.21 33.97 47.51 39.22 21.93 40.8 4.0 
45.45 25.71 50.48 41.11 43.01 39.0 16.12 36.77 27.8 6.08 37.48 46.1 46.86 37.8 61.03 38.01 19.1 38.6 7.0 23.32 33.29 34.93 24.52 28.16 39.56 51.92 62.97 55.97 1.41 20.25 18.36 38.95 34.0 9.06 41.23 49.25 22.09 51.0 15.65 41.05 13.04 28.64 49.5 0.0 21.02 24.02 37.34 42.0 25.06 63.66 41.88 58.25 19.21 47.04 35.9 49.0 6.71 22.85 11.4 39.81 30.53 42.15 37.64 43.93 52.63 45.12 43.93 19.65 14.14 42.54 39.05 13.6 25.02 33.24 28.84 18.79 13.42 33.96 23.35 45.54 
27.86 16.16 34.21 38.83 32.56 21.93 5.1 15.81 8.54 15.26 30.87 37.11 29.15 21.38 40.46 21.47 23.77 26.91 19.1 13.04 19.03 27.31 14.87 24.84 27.59 31.4 44.1 37.59 19.7 16.0 3.0 19.72 13.04 26.91 24.04 30.27 24.7 30.02 13.0 25.32 8.25 22.14 34.0 21.02 0.0 25.0 18.44 24.7 4.24 44.65 21.26 37.64 9.22 43.42 23.35 31.32 16.28 2.0 18.87 20.02 9.9 21.19 18.03 24.41 34.93 25.02 26.0 4.0 9.06 21.63 36.62 18.79 24.08 28.3 8.6 13.6 7.62 14.04 8.54 30.53 
31.95 39.7 34.13 17.12 22.02 46.65 21.93 36.4 24.04 24.04 14.76 23.71 33.24 24.74 52.17 46.32 40.5 51.66 17.03 13.6 19.42 13.45 38.29 5.66 52.4 51.97 49.19 42.05 23.09 36.89 22.67 30.07 32.02 33.0 28.16 53.49 2.24 46.0 12.81 26.0 20.81 45.0 58.83 24.02 25.0 0.0 42.49 49.24 25.94 50.09 36.01 49.82 15.81 23.02 48.17 55.46 18.44 26.63 32.57 43.08 28.16 40.79 30.0 34.37 38.01 47.13 31.32 27.59 17.8 38.12 15.03 34.18 2.24 10.3 26.25 11.4 22.2 37.58 18.38 55.47 
31.05 16.28 38.08 53.81 43.27 5.39 23.19 9.49 19.21 31.26 44.55 48.26 31.78 28.65 32.7 6.08 30.61 16.0 37.05 29.15 29.83 41.01 16.4 41.05 16.03 15.81 41.44 37.0 36.22 21.63 21.38 22.47 13.04 40.5 29.15 12.0 42.54 20.62 31.32 32.2 26.08 20.25 16.97 37.34 18.44 42.49 0.0 7.07 16.55 41.59 18.11 30.08 26.93 57.31 13.15 13.0 34.01 16.49 30.46 3.61 15.56 11.18 20.62 24.33 36.22 8.6 29.12 18.0 27.46 16.0 51.74 29.07 41.18 43.28 17.03 31.38 25.02 5.0 24.19 14.42 
37.34 18.03 44.27 60.88 50.22 3.0 29.12 16.12 26.25 36.01 51.62 55.22 37.95 35.51 35.9 4.12 32.2 12.08 42.58 36.06 36.88 48.08 18.68 48.01 11.7 16.12 46.01 42.3 41.01 24.04 27.51 29.07 20.0 43.93 35.78 8.6 49.19 24.19 37.7 38.95 31.78 20.0 9.9 42.0 24.7 49.24 7.07 0.0 23.32 46.04 24.04 33.54 33.54 64.38 10.63 7.0 39.46 22.85 33.73 8.54 22.63 16.28 27.29 30.36 41.98 10.2 35.47 23.54 33.53 21.59 58.8 32.02 48.02 50.33 24.08 38.01 30.59 12.04 31.06 7.62 
24.04 18.25 30.59 38.29 30.36 20.81 8.94 12.17 5.0 19.42 29.68 35.11 25.3 18.03 36.24 20.62 27.51 27.46 22.56 12.81 16.49 26.08 17.12 24.84 28.02 28.07 39.96 33.54 23.71 19.24 6.71 15.65 8.94 31.14 20.4 27.89 26.0 25.94 15.13 22.02 12.08 24.33 33.02 25.06 4.24 25.94 16.55 23.32 0.0 40.5 17.03 33.42 10.44 42.44 23.85 29.55 19.92 3.16 23.02 17.46 5.66 17.46 13.89 20.25 31.02 22.09 22.14 7.62 12.17 17.49 36.12 22.83 24.7 27.66 4.47 14.87 11.66 11.7 7.81 29.83 
18.6 55.36 16.49 47.27 31.4 46.27 48.41 33.53 36.4 58.9 39.05 34.01 17.2 26.4 12.53 47.38 67.54 57.43 58.8 41.23 31.62 37.95 54.78 44.78 57.31 32.56 1.0 8.06 62.24 58.6 46.4 25.0 33.11 71.06 22.8 41.3 51.88 22.02 48.92 24.19 51.09 60.73 53.24 63.66 44.65 50.09 41.59 46.04 40.5 0.0 24.7 13.6 44.55 46.01 54.74 46.27 57.28 43.57 63.51 38.33 34.99 30.41 26.63 20.25 12.08 36.0 19.85 48.02 49.52 25.96 46.53 63.29 47.85 42.06 36.06 46.23 51.22 39.56 40.31 53.01 
13.42 30.68 20.25 42.05 28.43 23.35 25.81 9.06 14.32 36.4 32.2 33.3 13.93 13.89 19.21 24.19 43.05 34.06 38.48 23.19 17.72 29.15 30.08 32.39 34.13 17.49 24.35 19.1 40.5 34.0 23.6 6.71 8.6 48.17 12.73 22.8 37.01 10.05 29.41 16.28 28.84 36.14 33.11 41.88 21.26 36.01 18.11 24.04 17.03 24.7 0.0 16.4 24.35 44.1 31.0 26.93 36.24 19.8 39.7 15.52 11.4 8.06 6.08 6.32 18.11 15.81 11.66 24.08 28.18 2.83 40.31 39.2 34.06 32.57 13.04 27.66 28.6 15.13 19.92 31.62 
19.1 45.28 21.93 51.62 35.9 34.21 42.2 23.6 30.53 52.8 42.19 39.85 18.25 25.18 2.83 35.44 58.6 45.35 54.59 38.28 30.41 40.01 44.94 45.28 45.12 19.1 13.93 14.21 56.86 49.41 40.0 20.25 24.76 64.54 22.02 28.02 51.2 9.49 45.19 25.02 45.22 50.09 40.01 58.25 37.64 49.82 30.08 33.54 33.42 13.6 16.4 0.0 40.25 51.92 43.01 33.02 52.48 36.12 55.87 26.57 27.8 19.24 21.02 15.52 17.0 23.35 19.0 40.31 44.42 16.28 50.36 55.23 47.68 44.0 29.41 43.08 45.0 29.15 35.78 40.11 
26.25 24.7 31.38 30.02 26.02 30.89 7.28 22.02 10.2 15.23 22.8 30.07 27.66 18.6 42.94 30.53 29.02 36.07 14.42 5.0 14.32 19.42 23.32 15.81 36.77 38.01 43.84 36.8 17.8 23.09 7.21 20.25 18.03 27.29 22.02 38.33 15.65 34.21 5.1 21.95 8.06 30.41 43.05 19.21 9.22 15.81 26.93 33.54 10.44 44.55 24.35 40.25 0.0 34.93 32.53 39.92 12.73 10.82 22.2 27.89 14.04 27.02 19.24 25.24 33.42 32.39 24.76 12.21 5.39 25.71 27.78 23.02 14.87 19.7 12.04 4.47 9.0 22.14 4.47 39.66 
33.24 59.48 30.41 6.08 16.16 62.37 42.15 48.84 38.42 46.69 12.81 12.17 33.84 30.23 53.37 62.48 62.82 69.89 40.05 30.41 27.59 16.4 58.14 19.65 70.46 61.59 45.01 39.32 46.1 57.94 42.05 37.44 44.55 56.01 31.76 66.07 25.0 52.33 34.21 28.18 42.06 65.31 74.28 47.04 43.42 23.02 57.31 64.38 42.44 46.01 44.1 51.92 34.93 0.0 66.29 69.35 41.3 44.42 55.11 56.59 41.77 51.4 38.6 39.36 35.51 59.03 34.01 46.96 38.9 46.87 8.0 56.52 22.2 15.23 40.46 31.62 43.32 52.4 34.99 71.59 
43.42 10.2 50.49 62.01 53.71 8.94 26.4 22.02 28.18 30.36 53.54 58.6 44.28 39.85 45.54 7.62 22.8 3.61 38.08 36.24 39.81 49.93 11.4 48.17 4.24 26.63 54.59 50.04 35.17 16.03 25.5 34.53 24.52 36.01 41.0 19.1 47.63 33.53 35.61 43.68 28.3 9.85 14.04 35.9 23.35 48.17 13.15 10.63 23.85 54.74 31.0 43.01 32.53 66.29 0.0 16.12 34.93 22.02 26.02 16.49 25.63 24.33 32.56 37.05 49.04 20.12 41.44 20.62 30.81 29.07 59.82 24.0 47.38 51.4 26.4 36.8 26.93 16.12 31.4 10.05 
40.31 24.74 46.96 66.22 54.56 10.0 35.9 20.52 31.91 43.01 56.73 59.55 40.71 39.7 35.01 11.05 38.63 16.28 49.5 42.06 41.77 53.26 25.5 53.85 15.56 14.04 46.39 43.68 48.01 30.81 34.21 32.8 24.84 50.8 39.41 5.0 55.54 24.33 44.27 42.8 38.64 25.94 7.0 49.0 31.32 55.46 13.0 7.0 29.55 46.27 26.93 33.02 39.92 69.35 16.12 0.0 46.39 29.41 40.61 12.81 28.02 18.87 31.24 33.12 44.01 11.18 38.59 30.41 40.26 24.19 64.2 38.83 54.12 55.8 29.68 44.38 37.48 17.89 37.12 8.06 
38.95 25.06 43.83 35.51 36.4 36.5 11.18 32.02 21.95 5.83 31.14 39.62 40.36 31.24 55.23 35.69 22.36 38.01 3.16 16.64 26.63 28.44 23.71 22.0 38.91 47.68 56.57 49.52 5.39 20.62 13.34 32.8 28.79 15.52 34.71 46.01 16.76 45.69 8.94 34.41 8.06 29.21 47.8 6.71 16.28 18.44 34.01 39.46 19.92 57.28 36.24 52.48 12.73 41.3 34.93 46.39 0.0 18.25 14.32 36.06 25.08 37.36 31.62 37.8 46.1 41.19 37.48 16.03 8.06 37.16 33.38 16.12 19.1 27.02 23.26 12.08 9.0 30.07 17.03 43.97 
27.2 15.52 33.73 40.0 32.98 20.12 7.07 13.93 8.06 17.0 31.76 37.64 28.46 21.1 38.95 19.72 24.35 25.61 21.1 14.21 19.24 28.18 14.32 26.17 26.25 29.43 43.05 36.67 21.54 16.12 5.0 18.79 11.4 28.43 23.54 28.28 26.42 28.3 14.87 25.08 10.2 21.59 32.25 22.85 2.0 26.63 16.49 22.85 3.16 43.57 19.8 36.12 10.82 44.42 22.02 29.41 18.25 0.0 20.0 18.03 8.6 19.31 17.0 23.32 34.18 23.02 25.3 4.47 11.05 20.0 37.8 19.72 25.61 29.41 7.62 15.26 9.49 12.04 9.43 28.84 
46.52 16.03 52.55 49.48 48.17 30.81 15.81 32.65 27.29 8.54 44.1 52.01 47.85 39.56 58.69 29.61 8.06 28.28 16.64 27.17 36.14 41.01 15.13 35.51 29.27 46.07 62.97 56.44 11.31 10.0 17.46 38.59 31.14 10.2 42.54 41.76 31.02 47.51 21.1 43.32 14.14 17.72 40.0 11.4 18.87 32.57 30.46 33.73 23.02 63.51 39.7 55.87 22.2 55.11 26.02 40.61 14.32 20.0 0.0 33.54 28.6 37.8 36.89 43.27 53.67 38.91 44.72 15.62 17.03 39.6 47.3 2.24 32.98 40.31 27.46 24.02 13.34 28.3 25.0 36.0 
28.79 19.8 35.74 53.41 42.01 8.0 25.0 7.81 19.24 33.73 43.93 47.01 29.41 27.2 29.15 9.06 34.06 19.1 39.01 29.55 29.0 40.46 19.85 41.18 19.03 12.53 38.21 34.06 38.64 25.0 23.02 20.59 12.04 43.46 27.29 10.44 43.32 17.09 32.56 30.53 28.02 23.85 18.03 39.81 20.02 43.08 3.61 8.54 17.46 38.33 15.52 26.57 27.89 56.59 16.49 12.81 36.06 18.03 33.54 0.0 15.26 8.0 18.87 21.84 33.54 5.39 26.93 20.22 29.07 13.15 51.4 32.25 41.63 43.01 17.0 32.28 27.07 6.0 24.7 16.16 
19.24 22.02 26.08 38.29 28.18 20.62 14.42 8.25 4.12 25.0 29.0 33.12 20.4 14.32 30.61 20.81 32.7 29.15 27.51 14.56 14.42 25.46 21.1 25.94 29.55 24.08 34.48 28.23 29.15 24.04 12.21 10.44 4.0 36.8 16.0 25.5 28.64 20.62 19.1 18.25 17.49 28.0 32.53 30.53 9.9 28.16 15.56 22.63 5.66 34.99 11.4 27.8 14.04 41.77 25.63 28.02 25.08 8.6 28.6 15.26 0.0 13.0 8.54 14.76 25.96 18.97 17.26 13.04 17.09 12.08 36.24 28.3 26.57 27.8 2.0 18.03 17.2 10.63 10.05 29.83 
21.47 26.08 28.23 48.88 36.07 16.0 26.25 5.39 17.03 36.25 39.12 41.01 21.93 21.26 21.95 17.03 39.7 27.07 40.02 27.29 24.19 35.85 25.81 37.95 27.02 11.18 30.27 26.08 40.85 30.48 24.04 14.14 9.0 47.17 20.62 14.87 41.44 10.0 32.06 24.08 29.41 30.87 25.08 42.15 21.19 40.79 11.18 16.28 17.46 30.41 8.06 19.24 27.02 51.4 24.33 18.87 37.36 19.31 37.8 8.0 13.0 0.0 12.81 14.32 25.71 7.81 19.72 22.83 29.61 5.39 47.01 36.88 39.05 38.91 15.0 31.02 28.79 10.0 23.02 23.77 
11.0 30.27 18.03 36.24 23.35 26.0 21.93 11.18 9.9 32.53 26.42 28.32 12.04 8.49 23.71 26.57 41.23 35.9 33.62 17.46 11.7 23.26 29.43 26.31 36.14 23.26 26.08 19.7 36.24 32.57 19.85 2.0 8.06 44.6 8.54 27.59 31.06 16.0 24.17 11.66 24.76 36.12 36.89 37.64 18.03 30.0 20.62 27.29 13.89 26.63 6.08 21.02 19.24 38.6 32.56 31.24 31.62 17.0 36.89 18.87 8.54 12.81 0.0 6.4 17.46 20.52 9.0 21.47 23.6 8.54 34.44 36.72 28.02 26.57 9.43 22.14 24.76 16.49 14.76 34.89 
7.21 35.9 13.93 37.95 23.32 29.61 28.32 15.03 16.28 38.9 28.16 28.02 7.62 10.05 18.03 30.41 47.42 40.2 39.66 22.85 15.03 25.5 35.17 30.02 40.31 22.67 19.72 13.6 42.52 38.63 26.25 5.0 13.34 50.99 7.62 28.84 35.69 13.0 30.02 11.18 31.11 41.59 39.4 43.93 24.41 34.37 24.33 30.36 20.25 20.25 6.32 15.52 25.24 39.36 37.05 33.12 37.8 23.32 43.27 21.84 14.76 14.32 6.4 0.0 12.0 21.95 5.66 27.78 29.83 8.94 36.4 43.05 32.25 29.27 15.81 27.73 31.14 21.0 20.81 37.95 
7.21 47.68 5.1 36.0 20.0 41.44 38.08 27.02 26.4 48.26 27.29 23.35 5.83 14.87 18.03 42.3 58.52 52.15 47.38 29.7 19.85 25.96 46.87 32.7 52.24 31.91 11.18 4.12 51.22 50.0 36.24 15.52 25.18 60.46 11.4 39.4 39.82 20.81 37.48 12.21 40.5 53.46 50.6 52.63 34.93 38.01 36.22 41.98 31.02 12.08 18.11 17.0 33.42 35.51 49.04 44.01 46.1 34.18 53.67 33.54 25.96 25.71 17.46 12.0 0.0 32.89 8.94 38.63 38.6 20.4 35.06 53.71 35.78 30.08 26.57 34.66 40.82 33.0 29.41 49.48 
29.15 24.84 35.78 56.3 43.84 11.18 30.07 10.77 23.09 39.05 46.62 48.8 29.53 29.0 25.71 12.53 39.2 22.14 44.1 33.53 31.62 43.27 25.0 44.78 21.84 7.21 36.01 32.76 43.93 30.23 28.02 21.93 15.23 48.85 28.43 7.07 47.54 14.04 37.22 31.89 33.14 28.43 17.72 45.12 25.02 47.13 8.6 10.2 22.09 36.0 15.81 23.35 32.39 59.03 20.12 11.18 41.19 23.02 38.91 5.39 18.97 7.81 20.52 21.95 32.89 0.0 27.46 25.5 34.0 13.04 54.38 37.59 45.54 46.14 20.88 36.67 32.25 11.18 28.86 17.03 
2.0 39.2 9.06 32.98 17.89 34.48 29.15 19.65 17.46 39.41 23.35 22.47 3.16 6.71 21.1 35.17 49.65 44.72 38.95 21.4 12.08 21.02 38.33 26.48 44.91 28.32 19.1 12.04 42.52 41.23 27.29 7.0 17.03 51.61 3.16 34.41 32.89 18.36 29.07 6.08 31.62 45.1 44.72 43.93 26.0 31.32 29.12 35.47 22.14 19.85 11.66 19.0 24.76 34.01 41.44 38.59 37.48 25.3 44.72 26.93 17.26 19.72 9.0 5.66 8.94 27.46 0.0 29.73 29.83 14.42 31.58 44.78 29.12 25.0 17.72 26.4 31.91 25.32 20.62 43.08 
31.62 12.53 38.08 42.19 36.5 20.62 5.83 17.49 12.37 13.6 34.54 41.0 32.89 25.32 43.14 19.92 19.92 24.08 19.1 16.55 23.02 31.02 11.18 28.02 24.84 32.28 47.51 41.15 18.44 12.0 5.0 23.26 15.56 24.41 27.89 30.0 27.02 32.2 15.0 29.27 8.25 18.38 32.31 19.65 4.0 27.59 18.0 23.54 7.62 48.02 24.08 40.31 12.21 46.96 20.62 30.41 16.03 4.47 15.62 20.22 13.04 22.83 21.47 27.78 38.63 25.5 29.73 0.0 10.3 24.08 39.96 15.26 26.91 31.76 12.08 16.28 7.07 14.32 12.37 28.64 
31.4 21.93 36.72 33.62 31.14 30.68 4.47 24.33 13.89 9.85 27.29 35.0 32.8 23.85 47.17 30.08 24.19 34.21 10.44 10.2 19.7 24.08 20.52 19.31 35.0 40.2 48.84 41.87 12.73 19.24 6.08 24.84 20.88 21.95 27.2 39.32 16.97 37.7 5.0 27.29 3.16 27.2 42.54 14.14 9.06 17.8 27.46 33.53 12.17 49.52 28.18 44.42 5.39 38.9 30.81 40.26 8.06 11.05 17.03 29.07 17.09 29.61 23.6 29.83 38.6 34.0 29.83 10.3 0.0 29.15 31.38 18.03 17.49 23.77 15.23 7.28 4.47 23.09 9.22 38.91 
16.12 29.55 22.85 44.72 31.24 21.1 26.42 7.62 15.52 36.89 34.89 36.12 16.55 16.64 19.1 22.02 42.44 32.0 39.56 25.02 20.25 31.78 29.07 34.71 32.02 14.76 25.71 21.0 41.18 33.29 24.19 9.43 8.6 48.41 15.56 20.0 39.01 8.54 30.81 19.1 29.53 34.79 30.46 42.54 21.63 38.12 16.0 21.59 17.49 25.96 2.83 16.28 25.71 46.87 29.07 24.19 37.16 20.0 39.6 13.15 12.08 5.39 8.54 8.94 20.4 13.04 14.42 24.08 29.15 0.0 42.95 38.95 36.22 35.11 13.93 29.27 29.15 13.6 21.38 29.12 
31.26 52.48 30.15 2.24 15.13 56.59 34.89 43.83 32.56 38.83 8.25 13.42 32.14 26.57 52.15 56.57 55.08 63.41 32.06 23.6 22.83 11.18 51.11 12.08 64.03 57.7 45.54 39.12 38.12 50.57 34.99 33.62 39.41 48.01 28.86 61.29 17.0 49.34 26.57 25.5 34.54 58.18 68.68 39.05 36.62 15.03 51.74 58.8 36.12 46.53 40.31 50.36 27.78 8.0 59.82 64.2 33.38 37.8 47.3 51.4 36.24 47.01 34.44 36.4 35.06 54.38 31.58 39.96 31.38 42.95 0.0 48.76 14.32 8.49 34.71 24.17 35.85 46.75 28.43 65.76 
46.62 14.14 52.81 50.96 49.04 29.12 16.28 31.83 27.31 10.3 45.28 53.01 47.93 39.85 58.05 27.89 6.32 26.17 18.6 28.02 36.67 42.11 13.34 36.88 27.17 44.78 62.77 56.36 13.45 8.06 17.72 38.47 30.61 12.04 42.72 40.16 32.7 46.69 22.36 43.68 15.0 15.52 38.01 13.6 18.79 34.18 29.07 32.02 22.83 63.29 39.2 55.23 23.02 56.52 24.0 38.83 16.12 19.72 2.24 32.25 28.3 36.88 36.72 43.05 53.71 37.59 44.78 15.26 18.03 38.95 48.76 0.0 34.48 41.59 27.29 25.18 14.04 27.2 25.5 34.01 
29.73 39.2 31.91 16.49 20.0 45.49 21.4 34.79 22.47 24.52 13.0 21.93 31.02 22.56 50.01 45.22 40.8 50.91 18.03 12.08 17.26 11.4 37.8 3.61 51.62 50.22 46.96 39.81 24.0 36.72 21.93 28.02 30.36 34.06 25.96 52.0 4.24 44.01 12.53 23.77 20.59 44.65 57.69 25.02 24.08 2.24 41.18 48.02 24.7 47.85 34.06 47.68 14.87 22.2 47.38 54.12 19.1 25.61 32.98 41.63 26.57 39.05 28.02 32.25 35.78 45.54 29.12 26.91 17.49 36.22 14.32 34.48 0.0 8.54 24.7 10.63 21.95 36.24 17.0 54.41 
25.08 44.29 25.63 10.63 12.04 48.1 26.93 35.51 24.08 32.06 4.47 13.42 26.17 19.24 46.04 48.08 47.85 55.0 26.31 15.26 14.87 4.12 42.94 5.1 55.61 49.77 41.11 34.21 32.14 42.72 26.83 25.96 31.06 42.3 22.02 53.0 12.53 41.98 19.24 19.03 26.93 50.09 60.21 33.24 28.3 10.3 43.28 50.33 27.66 42.06 32.57 44.0 19.7 15.23 51.4 55.8 27.02 29.41 40.31 43.01 27.8 38.91 26.57 29.27 30.08 46.14 25.0 31.76 23.77 35.11 8.49 41.59 8.54 0.0 26.25 16.49 28.16 38.29 20.0 57.28 
19.65 22.02 26.31 36.8 27.31 21.93 12.81 10.2 2.24 23.43 27.66 32.2 20.88 14.04 32.2 22.02 31.95 29.97 25.63 12.65 13.42 24.08 21.0 24.19 30.41 26.08 35.51 29.07 27.46 23.54 10.63 11.18 6.0 35.36 16.12 27.31 26.68 22.47 17.12 18.03 15.81 28.07 33.97 28.84 8.6 26.25 17.03 24.08 4.47 36.06 13.04 29.41 12.04 40.46 26.4 29.68 23.26 7.62 27.46 17.0 2.0 15.0 9.43 15.81 26.57 20.88 17.72 12.08 15.23 13.93 34.71 27.29 24.7 26.25 0.0 16.03 15.62 12.04 8.06 31.14 
27.66 28.6 32.02 26.4 24.52 35.36 10.82 26.17 14.0 16.12 20.1 28.07 29.07 19.85 45.69 34.99 31.4 40.31 12.81 5.0 14.87 17.0 27.2 12.08 41.04 42.11 45.45 38.29 17.46 26.4 11.31 22.85 22.02 27.51 23.43 42.72 11.18 37.66 3.16 22.67 10.44 34.13 47.51 18.79 13.6 11.4 31.38 38.01 14.87 46.23 27.66 43.08 4.47 31.62 36.8 44.38 12.08 15.26 24.02 32.28 18.03 31.02 22.14 27.73 34.66 36.67 26.4 16.28 7.28 29.27 24.17 25.18 10.63 16.49 16.03 0.0 11.7 26.57 8.0 44.1 
33.62 17.69 39.4 38.08 35.01 27.66 2.83 23.41 14.87 7.81 31.58 39.05 34.99 26.4 47.8 26.93 20.02 30.23 12.04 14.0 22.8 28.28 16.28 23.77 31.06 38.83 50.61 43.83 12.08 14.76 5.0 26.25 20.59 19.85 29.53 37.01 21.26 37.59 9.43 30.08 1.41 22.8 39.22 13.42 7.62 22.2 25.02 30.59 11.66 51.22 28.6 45.0 9.0 43.32 26.93 37.48 9.0 9.49 13.34 27.07 17.2 28.79 24.76 31.14 40.82 32.25 31.91 7.07 4.47 29.15 35.85 14.04 21.95 28.16 15.62 11.7 0.0 21.1 11.7 35.47 
27.29 16.12 34.37 48.84 38.59 10.0 19.0 6.08 14.21 27.89 39.62 43.57 28.16 24.17 31.91 10.3 29.73 19.42 33.02 24.19 25.0 36.07 15.81 36.06 19.65 18.03 39.29 34.23 32.76 20.52 17.03 18.44 8.54 38.01 25.0 16.28 37.7 20.0 26.68 27.86 22.02 21.19 21.93 33.96 14.04 37.58 5.0 12.04 11.7 39.56 15.13 29.15 22.14 52.4 16.12 17.89 30.07 12.04 28.3 6.0 10.63 10.0 16.49 21.0 33.0 11.18 25.32 14.32 23.09 13.6 46.75 27.2 36.24 38.29 12.04 26.57 21.1 0.0 19.24 19.21 
22.2 24.7 27.73 30.61 24.19 28.6 9.22 18.25 6.0 18.87 22.36 28.64 23.6 14.76 38.47 28.43 31.14 35.0 18.87 5.0 11.18 18.79 23.41 17.03 35.61 34.13 39.62 32.65 21.93 24.19 8.0 15.81 14.04 31.06 18.03 35.11 18.68 29.83 9.49 18.38 11.18 30.68 40.8 23.35 8.54 18.38 24.19 31.06 7.81 40.31 19.92 35.78 4.47 34.99 31.4 37.12 17.03 9.43 25.0 24.7 10.05 23.02 14.76 20.81 29.41 28.86 20.62 12.37 9.22 21.38 28.43 25.5 17.0 20.0 8.06 8.0 11.7 19.24 0.0 37.64 
44.94 20.02 51.87 67.88 57.69 9.22 34.44 23.71 33.24 39.81 58.8 62.68 45.54 43.05 42.3 9.22 32.76 8.94 47.13 42.64 44.2 55.23 21.1 54.67 8.06 21.59 53.04 49.65 44.72 26.0 33.12 36.67 27.46 46.04 43.38 12.65 55.23 31.0 43.42 46.53 36.77 19.65 4.0 45.54 30.53 55.47 14.42 7.62 29.83 53.01 31.62 40.11 39.66 71.59 10.05 8.06 43.97 28.84 36.0 16.16 29.83 23.77 34.89 37.95 49.48 17.03 43.08 28.64 38.91 29.12 65.76 34.01 54.41 57.28 31.14 44.1 35.47 19.21 37.64 0.0 
