100
0.0 58.67 53.91 35.74 28.46 46.24 11.31 20.25 44.94 37.01 22.83 42.15 35.23 33.3 63.03 12.65 27.02 22.02 22.85 39.92 42.2 37.16 31.14 39.12 27.59 15.62 42.54 4.47 18.44 33.24 31.3 48.6 19.42 53.16 30.48 21.21 27.73 48.1 16.55 49.65 42.64 34.23 65.44 5.83 34.37 27.66 23.09 6.32 40.11 32.65 19.03 61.29 23.35 31.4 18.97 3.16 36.01 14.87 21.95 53.81 36.06 25.61 40.0 29.73 24.19 41.01 18.44 45.45 25.55 38.08 49.2 30.27 51.04 21.84 21.93 43.28 32.02 39.05 20.4 7.62 24.19 38.21 46.14 60.31 22.67 19.1 53.01 34.01 33.38 9.06 20.88 43.0 31.32 42.54 8.49 37.16 53.81 28.65 44.6 31.02 
58.67 0.0 86.83 62.2 80.52 14.42 62.63 70.34 68.25 33.11 62.65 36.4 47.38 76.32 13.6 46.32 52.04 40.31 60.53 36.88 85.09 22.02 30.59 54.92 33.24 43.38 16.12 58.6 73.39 39.05 27.46 12.0 55.9 14.0 29.41 54.59 39.2 86.09 42.19 10.05 24.33 55.23 12.0 53.67 46.27 31.95 38.9 52.48 55.11 66.0 43.86 3.0 69.23 32.25 46.32 60.83 33.54 64.85 36.72 13.04 53.46 67.6 27.17 61.01 54.23 31.62 56.09 86.0 38.64 24.41 81.61 32.65 25.55 37.8 60.67 18.03 43.05 23.85 39.82 51.11 34.48 79.06 30.08 11.18 36.77 53.94 24.41 34.48 30.0 66.21 38.6 30.08 29.0 68.73 61.47 66.19 18.6 65.12 81.1 62.0 
53.91 86.83 0.0 25.0 32.98 81.61 42.64 34.99 19.03 83.35 31.89 51.04 39.46 21.47 82.01 59.82 36.77 69.63 32.8 50.16 16.03 73.74 58.82 32.06 57.94 56.3 74.73 49.58 40.72 48.05 68.54 74.97 38.01 89.84 61.68 37.74 49.65 8.0 60.46 77.1 62.51 31.78 86.0 52.35 40.61 60.54 69.89 56.59 32.02 23.32 68.41 89.81 30.81 56.32 47.01 51.22 82.49 39.2 61.77 75.17 33.38 28.32 59.68 28.18 36.24 86.83 38.6 12.0 51.62 78.79 5.39 74.79 64.01 66.04 33.42 69.23 44.15 79.71 66.29 56.64 63.06 16.55 58.01 81.02 58.14 39.66 66.03 80.78 76.94 47.71 65.19 88.12 72.45 18.11 45.45 21.19 71.01 26.4 9.43 26.83 
35.74 62.2 25.0 0.0 29.68 56.61 26.17 23.77 9.43 59.41 14.0 27.46 15.03 18.44 58.55 37.8 12.21 46.67 13.15 26.17 24.7 48.85 33.84 9.43 33.11 33.24 49.73 31.32 30.81 23.19 43.83 50.25 16.55 64.85 36.77 15.26 24.7 24.02 37.48 52.35 38.01 7.0 62.39 32.2 16.0 35.78 46.69 36.24 10.0 6.4 46.1 65.19 18.97 31.32 23.35 33.96 58.6 24.0 37.8 51.04 9.22 14.87 35.06 6.08 12.81 62.68 17.46 24.52 26.83 54.12 19.65 50.8 40.79 42.52 14.14 44.41 19.24 55.01 43.14 35.85 38.83 18.79 34.53 57.22 33.84 17.49 42.95 57.01 52.7 33.06 41.77 63.81 48.02 7.81 28.44 4.0 47.38 9.49 19.03 5.0 
28.46 80.52 32.98 29.68 0.0 70.46 19.03 10.2 34.79 64.78 19.42 52.43 40.46 13.15 81.02 39.32 31.62 49.65 21.63 50.48 17.46 61.29 50.0 38.42 47.3 39.01 65.12 25.5 10.3 44.78 55.23 68.96 25.08 78.23 51.2 26.83 42.15 25.3 42.05 70.6 59.09 33.97 84.31 30.27 40.61 48.84 50.49 33.73 39.2 23.32 47.07 83.43 12.21 48.7 34.21 25.3 63.79 16.03 46.04 72.24 36.8 15.56 55.95 25.5 28.3 68.73 24.7 21.54 42.06 64.0 30.15 57.22 65.0 48.09 21.1 62.94 41.34 65.0 47.27 34.53 48.09 17.03 58.83 78.92 44.41 26.93 67.23 61.81 60.13 19.7 47.1 70.58 57.0 31.62 21.21 27.73 70.21 20.62 24.19 25.61 
46.24 14.42 81.61 56.61 70.46 0.0 51.79 60.3 64.08 18.97 54.08 34.83 42.95 68.18 25.32 33.62 45.12 26.4 52.15 34.41 77.41 9.22 22.8 50.99 24.19 31.78 7.21 46.84 62.37 34.01 15.3 12.65 47.04 8.25 20.22 46.17 32.02 79.62 29.73 11.18 22.63 49.98 25.3 41.76 41.63 22.02 25.0 39.92 51.43 59.23 30.0 16.28 60.01 25.3 37.01 48.7 19.31 54.45 24.74 19.24 48.85 59.08 24.21 54.13 46.53 18.11 47.01 78.92 30.41 10.0 76.24 18.38 28.65 24.6 52.09 14.87 37.7 9.43 26.42 38.63 22.56 71.57 30.48 22.2 26.08 45.04 28.64 20.12 15.62 54.41 25.5 17.0 15.26 63.91 50.22 60.44 24.04 57.56 74.73 55.32 
11.31 62.63 42.64 26.17 19.03 51.79 0.0 9.49 34.93 45.89 12.37 39.2 29.55 22.02 64.66 20.4 20.25 30.81 13.04 37.01 31.06 42.58 32.65 31.4 29.55 20.1 46.84 7.21 10.77 30.48 36.5 51.48 11.7 59.41 33.24 13.93 26.25 36.8 23.02 52.92 43.01 26.31 67.6 11.4 29.07 30.68 31.58 15.23 32.39 22.14 28.46 65.46 12.04 31.91 17.2 8.6 44.91 3.61 27.17 55.57 28.64 14.42 40.0 20.1 16.76 49.82 10.77 34.21 25.24 45.01 38.01 38.21 50.25 29.07 12.04 45.62 28.02 46.01 28.28 15.81 29.27 26.91 44.55 62.27 25.96 12.53 52.4 42.95 41.11 7.07 28.07 51.62 38.01 32.28 2.83 26.93 54.41 18.03 33.3 21.21 
20.25 70.34 34.99 23.77 10.2 60.3 9.49 0.0 31.02 55.32 10.82 43.28 31.89 13.6 71.11 29.83 22.63 40.26 12.81 41.23 22.02 51.16 39.85 31.3 37.11 29.02 54.92 16.55 7.07 35.23 45.1 58.82 15.26 68.12 41.0 17.2 32.2 28.43 32.25 60.44 49.19 26.42 74.32 20.88 31.83 38.64 41.0 24.7 32.2 18.11 37.95 73.25 5.0 38.63 24.04 17.2 54.34 6.08 36.0 62.24 29.15 9.06 46.07 18.38 19.1 59.23 14.76 25.46 31.95 54.04 30.87 47.52 55.47 38.33 12.04 52.81 32.02 55.04 37.66 25.3 38.01 18.6 49.41 68.94 34.23 17.0 57.69 52.39 50.36 12.81 37.34 61.0 47.04 28.0 12.08 23.09 60.42 14.32 25.55 18.97 
44.94 68.25 19.03 9.43 34.79 64.08 34.93 31.02 0.0 68.25 22.56 32.14 21.19 21.93 63.0 47.2 21.21 55.9 22.14 31.4 24.76 56.82 41.59 13.34 41.34 42.52 57.01 40.5 38.05 30.08 52.15 56.52 25.94 72.24 44.78 24.7 32.76 21.02 46.75 58.69 43.93 14.42 67.01 41.59 22.47 44.1 55.87 45.65 13.15 13.04 55.44 71.2 26.02 38.91 32.56 43.01 67.48 32.39 46.75 56.32 15.23 22.0 41.23 15.23 22.2 71.4 26.83 23.02 35.23 62.43 14.32 59.67 45.0 51.62 23.09 50.96 26.4 63.29 52.35 45.28 47.63 20.0 39.05 62.07 42.64 26.93 47.01 65.95 61.4 41.59 50.91 72.42 56.61 3.16 37.36 8.06 52.04 17.12 16.64 13.93 
37.01 33.11 83.35 59.41 64.78 18.97 45.89 55.32 68.25 0.0 52.39 45.18 48.84 66.13 44.15 25.5 47.2 15.13 50.99 43.91 75.61 16.28 28.84 56.57 27.66 27.31 22.0 39.32 55.23 40.61 17.49 30.07 45.62 21.26 25.24 45.65 36.07 79.62 23.41 29.27 35.44 53.91 44.27 34.53 47.42 24.84 14.32 31.14 57.28 60.03 18.0 34.48 56.61 31.62 36.36 40.05 1.0 49.24 21.63 37.12 53.76 57.01 35.47 55.23 47.17 4.0 45.19 78.0 33.24 10.0 78.03 8.6 43.74 17.46 50.57 29.27 43.19 10.05 17.72 30.27 20.62 70.38 43.32 41.0 25.61 43.83 44.41 3.0 7.21 46.04 18.38 6.08 12.21 67.2 43.57 62.68 41.01 57.25 75.13 56.6 
22.83 62.65 31.89 14.0 19.42 54.08 12.37 10.82 22.56 52.39 0.0 33.02 21.21 14.14 62.03 28.02 12.21 38.08 2.24 31.06 23.54 45.28 32.14 20.62 30.0 25.08 48.01 18.36 17.46 25.5 39.46 50.8 7.07 62.2 34.0 8.06 23.54 27.29 29.07 52.61 40.16 15.65 65.46 20.52 21.26 32.06 38.47 24.76 21.54 9.85 36.62 65.62 7.21 30.41 17.12 20.62 51.48 10.0 31.32 53.45 18.36 5.0 37.0 8.06 8.94 56.08 7.28 25.63 24.08 49.24 26.87 44.01 45.65 34.93 2.0 44.72 21.95 50.22 34.89 24.76 32.98 18.03 39.45 60.08 28.44 9.06 47.89 49.66 46.49 19.1 34.01 57.58 42.45 19.92 14.87 14.56 51.08 5.83 23.02 9.0 
42.15 36.4 51.04 27.46 52.43 34.83 39.2 43.28 32.14 45.18 33.02 0.0 12.65 44.38 31.14 35.23 20.81 38.47 30.81 2.24 51.92 30.0 16.76 19.0 19.24 29.27 27.66 39.36 48.8 8.94 27.73 25.08 28.28 42.44 20.25 26.17 14.56 51.35 32.02 27.31 12.53 20.62 35.06 36.4 12.08 21.59 37.66 38.33 19.03 32.57 40.11 39.29 40.22 14.32 23.26 42.49 44.72 39.62 28.16 24.19 18.25 37.22 10.63 28.23 24.21 47.17 29.0 51.97 17.26 36.62 46.0 37.7 13.34 33.38 31.4 20.25 11.31 37.2 35.23 37.11 27.46 45.88 7.07 30.0 24.02 26.91 15.52 43.86 38.01 45.49 33.24 47.43 33.11 33.0 39.66 31.4 20.02 33.11 46.39 28.79 
35.23 47.38 39.46 15.03 40.46 42.95 29.55 31.89 21.19 48.84 21.21 12.65 0.0 31.78 43.57 32.02 9.43 38.47 19.1 11.18 39.29 36.06 20.81 8.06 21.21 26.25 35.85 31.58 38.01 8.94 31.89 35.51 17.89 51.08 24.21 15.65 12.81 39.05 30.08 37.66 23.09 8.06 47.38 30.02 1.41 24.04 38.08 33.06 8.6 19.92 39.0 50.36 28.32 18.03 17.12 34.71 48.17 29.15 28.3 36.01 6.08 25.0 20.22 15.65 13.04 51.62 18.79 39.46 15.81 42.01 34.23 40.46 25.96 33.62 19.85 29.83 5.66 42.8 34.89 32.14 28.6 33.24 19.65 42.19 23.85 17.09 28.16 46.86 41.73 36.4 33.12 52.4 36.77 21.38 30.68 19.03 32.39 20.59 34.06 16.16 
33.3 76.32 21.47 18.44 13.15 68.18 22.02 13.6 21.93 66.13 14.14 44.38 31.78 0.0 74.73 41.15 24.52 51.48 16.03 42.72 9.49 59.41 46.01 27.8 44.05 38.9 62.01 29.21 19.31 38.08 53.6 64.38 21.21 76.32 48.04 22.02 37.12 14.87 42.72 66.27 53.15 24.19 78.34 32.76 32.31 46.17 52.0 36.89 28.43 12.21 49.65 79.31 10.0 44.1 31.26 30.41 65.19 18.44 45.35 66.49 26.93 9.22 50.01 16.16 22.09 69.89 21.38 12.21 38.0 63.35 17.72 57.87 57.58 48.7 16.12 58.31 34.21 64.33 48.47 37.22 47.07 5.0 51.26 73.01 42.58 23.19 59.81 63.32 60.44 26.4 47.76 71.47 56.52 18.79 24.84 15.62 63.6 11.4 12.08 15.65 
63.03 13.6 82.01 58.55 81.02 25.32 64.66 71.11 63.0 44.15 62.03 31.14 43.57 74.73 0.0 51.66 50.29 48.02 59.81 32.39 82.76 29.97 32.2 50.09 35.61 47.42 23.26 62.01 75.29 36.69 33.84 15.26 55.95 27.29 32.56 54.23 38.91 82.49 47.42 15.23 21.93 51.62 4.12 57.49 42.76 35.38 46.65 57.28 50.04 63.35 51.31 14.76 69.08 32.76 47.51 64.66 44.38 66.24 41.77 9.22 49.37 66.73 25.08 58.69 53.14 43.42 56.36 83.02 39.45 34.48 77.06 41.63 18.0 44.41 60.17 19.8 40.52 34.21 46.62 55.87 39.7 76.69 24.08 3.16 40.36 54.13 16.03 44.92 39.56 69.4 45.0 42.19 37.12 64.07 64.07 62.51 11.18 63.32 77.52 59.44 
12.65 46.32 59.82 37.8 39.32 33.62 20.4 29.83 47.2 25.5 28.02 35.23 32.02 41.15 51.66 0.0 26.42 10.44 27.02 33.14 50.57 24.6 21.02 38.08 17.46 6.0 30.23 14.0 30.0 27.0 18.87 36.8 21.93 40.52 19.42 22.67 21.0 55.23 4.24 37.64 32.65 34.0 53.76 9.06 30.81 16.64 11.18 6.32 39.0 36.8 8.6 48.88 31.38 22.14 15.23 15.3 24.52 23.77 9.9 42.52 34.93 32.25 30.46 32.56 25.0 29.43 21.26 53.24 18.03 25.5 54.67 18.0 41.63 9.22 26.4 31.89 27.29 26.48 8.0 5.1 12.04 45.65 37.64 48.8 12.08 20.52 43.38 22.56 21.02 21.21 8.25 31.26 18.68 45.45 18.11 40.36 43.27 33.42 51.04 33.97 
27.02 52.04 36.77 12.21 31.62 45.12 20.25 22.63 21.21 47.2 12.21 20.81 9.43 24.52 50.29 26.42 0.0 34.71 10.0 18.87 33.06 37.0 22.36 12.17 21.19 21.4 38.47 23.02 28.6 13.6 31.78 40.05 8.54 53.37 25.0 6.32 13.15 34.53 25.61 42.01 28.64 7.62 53.85 22.36 9.22 23.77 34.66 25.96 13.15 14.14 34.41 55.04 19.42 20.1 11.4 26.08 46.4 19.72 25.61 41.98 9.06 16.55 25.5 9.06 3.61 50.48 9.49 34.06 14.87 42.05 31.38 38.6 33.54 30.41 10.63 34.01 9.85 42.95 31.14 25.3 26.63 27.02 27.29 48.51 21.63 8.06 35.78 44.82 40.5 27.2 29.7 51.62 35.85 20.0 21.59 15.65 39.22 13.15 29.61 10.2 
22.02 40.31 69.63 46.67 49.65 26.4 30.81 40.26 55.9 15.13 38.08 38.47 38.47 51.48 48.02 10.44 34.71 0.0 36.89 36.67 60.93 18.44 22.02 45.49 19.24 13.45 25.0 24.19 40.11 31.62 14.32 32.76 31.62 32.2 19.03 32.02 26.0 65.37 9.22 33.02 32.39 42.01 49.41 19.42 37.12 17.03 1.41 16.03 46.32 46.4 3.61 42.52 41.79 24.19 23.35 25.0 14.14 34.21 10.44 39.36 42.44 42.49 31.06 41.87 33.97 19.1 31.06 63.51 22.85 17.0 64.4 8.54 41.59 5.1 36.36 29.15 33.11 17.89 3.61 15.13 11.05 55.9 39.01 44.94 14.87 30.0 42.95 12.17 11.7 31.0 5.39 21.02 11.31 54.45 28.44 49.58 41.44 43.27 61.06 43.28 
22.85 60.53 32.8 13.15 21.63 52.15 13.04 12.81 22.14 50.99 2.24 30.81 19.1 16.03 59.81 27.02 10.0 36.89 0.0 28.84 25.32 43.42 30.07 18.97 28.02 23.71 46.0 18.38 19.24 23.26 37.66 48.66 5.39 60.3 32.02 6.0 21.38 28.64 27.78 50.49 37.95 13.93 63.25 20.0 19.1 30.15 37.22 24.21 19.92 10.0 35.61 63.51 9.43 28.28 15.3 20.88 50.09 11.18 29.73 51.24 16.55 7.07 34.79 7.07 6.71 54.63 5.83 27.2 22.02 47.54 27.66 42.54 43.42 33.54 1.0 42.58 19.72 48.51 33.62 24.08 31.32 19.65 37.22 57.87 26.68 7.28 45.65 48.3 44.94 20.0 32.65 56.08 40.8 19.7 15.3 14.32 48.85 6.4 24.19 8.25 
39.92 36.88 50.16 26.17 50.48 34.41 37.01 41.23 31.4 43.91 31.06 2.24 11.18 42.72 32.39 33.14 18.87 36.67 28.84 0.0 50.45 29.07 15.23 18.11 17.46 27.17 27.2 37.12 46.67 6.71 26.42 25.3 26.17 42.19 18.79 24.08 12.37 50.16 30.0 27.51 12.65 19.24 36.22 34.18 10.44 19.92 35.9 36.14 18.25 31.05 38.21 39.81 38.28 12.65 21.02 40.25 43.42 37.48 26.31 25.02 17.03 35.36 10.3 26.57 22.2 46.04 26.87 50.64 15.13 35.61 45.04 36.25 14.87 31.58 29.41 20.12 9.22 36.24 33.38 34.93 25.71 44.38 8.54 31.06 22.09 24.76 17.09 42.49 36.72 43.27 31.4 46.4 31.76 32.06 37.44 30.15 21.21 31.38 45.18 27.2 
42.2 85.09 16.03 24.7 17.46 77.41 31.06 22.02 24.76 75.61 23.54 51.92 39.29 9.49 82.76 50.57 33.06 60.93 25.32 50.45 0.0 68.73 55.04 34.01 53.24 48.38 71.11 38.28 26.4 46.39 62.97 73.11 30.59 85.59 57.22 31.26 46.0 8.06 52.2 75.06 61.52 31.32 86.49 42.06 40.02 55.44 61.47 46.14 34.44 19.42 59.03 88.09 19.24 53.0 40.61 39.2 74.67 27.46 54.82 74.81 33.84 18.68 58.42 24.19 31.02 79.38 30.81 4.12 47.1 72.78 14.56 67.36 65.25 58.19 25.5 67.07 42.43 73.76 57.94 46.53 56.52 6.08 58.94 81.22 51.97 32.56 67.45 72.8 69.92 34.66 57.25 80.96 65.97 22.02 33.84 21.02 71.59 20.0 8.94 23.35 
37.16 22.02 73.74 48.85 61.29 9.22 42.58 51.16 56.82 16.28 45.28 30.0 36.06 59.41 29.97 24.6 37.0 18.44 43.42 29.07 68.73 0.0 15.26 44.1 15.81 22.56 6.71 37.64 53.15 27.2 6.08 14.87 38.21 17.0 12.08 37.48 24.17 71.31 20.62 14.76 19.31 42.49 31.06 32.57 34.67 13.34 17.03 30.87 44.65 50.96 21.93 24.41 51.01 18.03 28.16 39.56 16.12 45.28 15.52 21.84 41.68 50.25 19.72 45.88 38.08 17.46 38.12 70.41 22.14 6.71 68.35 11.7 27.46 15.81 43.29 13.04 30.53 7.21 17.8 29.55 13.34 62.97 27.31 26.83 17.0 36.22 28.16 16.0 10.05 45.22 16.64 17.49 7.21 56.36 41.0 52.55 25.08 49.03 66.48 47.13 
31.14 30.59 58.82 33.84 50.0 22.8 32.65 39.85 41.59 28.84 32.14 16.76 20.81 46.01 32.2 21.02 22.36 22.02 30.07 15.23 55.04 15.26 0.0 28.84 3.61 15.81 16.12 29.83 43.38 12.04 11.4 18.97 25.32 31.05 3.61 24.08 9.22 56.89 17.09 20.62 11.66 27.31 34.99 25.46 19.42 5.0 21.1 25.81 29.41 36.5 24.08 33.54 38.64 2.83 15.81 32.56 28.3 34.54 12.17 23.02 26.42 37.12 9.49 31.4 24.02 31.24 25.5 56.32 8.06 21.26 53.45 21.02 20.62 17.0 30.15 13.0 15.26 22.02 19.03 24.41 11.0 49.09 17.12 29.68 8.94 23.35 22.36 27.29 21.63 37.2 17.03 31.83 16.64 41.23 31.91 37.64 22.67 35.06 51.97 32.56 
39.12 54.92 32.06 9.43 38.42 50.99 31.4 31.3 13.34 56.57 20.62 19.0 8.06 27.8 50.09 38.08 12.17 45.49 18.97 18.11 34.01 44.1 28.84 0.0 29.07 32.65 43.86 35.01 38.08 17.0 39.82 43.17 20.02 59.09 32.2 18.0 20.52 32.56 36.72 45.35 30.59 5.1 54.04 34.53 9.43 31.89 45.22 38.08 1.0 15.62 45.65 57.87 26.93 26.08 22.85 38.0 55.87 30.08 35.61 43.1 3.16 23.02 27.89 13.04 15.0 59.46 21.02 33.53 23.35 50.0 27.0 48.1 32.14 40.8 19.92 37.64 13.6 50.8 41.88 37.36 36.12 28.18 26.02 49.0 31.24 20.02 34.23 54.49 49.52 38.47 40.22 60.31 44.6 14.0 33.14 13.0 39.01 17.8 27.66 12.81 
27.59 33.24 57.94 33.11 47.3 24.19 29.55 37.11 41.34 27.66 30.0 19.24 21.21 44.05 35.61 17.46 21.19 19.24 28.02 17.46 53.24 15.81 3.61 29.07 0.0 12.21 18.03 26.4 40.31 13.04 10.82 21.93 23.02 32.39 4.0 22.02 8.6 55.54 13.6 23.41 15.26 26.93 38.28 21.93 19.8 2.83 18.44 22.2 29.73 35.17 21.0 36.14 36.22 5.0 13.15 29.07 27.02 31.62 9.0 26.4 26.4 35.0 13.0 30.08 22.36 30.41 23.09 54.74 6.32 21.1 52.55 19.42 24.17 14.14 28.0 16.12 15.56 21.95 16.03 20.81 8.25 47.38 20.4 33.02 5.39 21.02 25.94 25.81 20.52 33.84 14.04 31.24 15.56 40.71 28.65 36.77 26.25 33.38 50.7 31.32 
15.62 43.38 56.3 33.24 39.01 31.78 20.1 29.02 42.52 27.31 25.08 29.27 26.25 38.9 47.42 6.0 21.4 13.45 23.71 27.17 48.38 22.56 15.81 32.65 12.21 0.0 27.31 15.23 30.59 21.0 16.49 33.02 18.36 39.32 14.87 18.6 15.0 52.33 4.24 34.13 27.46 28.84 49.82 10.3 25.0 12.04 13.6 10.0 33.54 33.02 13.04 46.1 29.61 16.55 10.0 17.49 26.4 23.0 7.07 38.21 29.53 29.73 25.06 28.43 20.52 31.02 17.89 50.7 12.04 25.02 51.04 18.97 36.24 9.85 23.26 27.66 21.38 26.02 10.0 8.6 9.22 43.08 31.95 44.69 7.07 16.64 38.08 24.6 21.59 22.85 8.94 32.57 18.03 41.01 18.44 36.12 38.42 30.02 47.89 29.83 
42.54 16.12 74.73 49.73 65.12 7.21 46.84 54.92 57.01 22.0 48.01 27.66 35.85 62.01 23.26 30.23 38.47 25.0 46.0 27.2 71.11 6.71 16.12 43.86 18.03 27.31 0.0 42.54 57.57 26.93 11.4 8.25 41.05 15.23 14.04 40.0 25.32 72.99 26.08 8.06 15.62 43.01 24.41 37.58 34.54 16.28 23.6 36.36 44.28 52.61 28.43 18.79 54.23 18.44 31.14 44.72 22.02 49.24 20.59 15.3 41.79 53.01 17.03 47.52 40.11 22.36 41.11 72.44 24.02 12.0 69.38 18.38 22.47 21.93 46.01 8.06 30.68 12.04 24.04 34.99 18.36 65.19 23.6 20.12 20.88 39.05 22.8 22.2 16.49 50.16 22.67 21.84 13.89 56.92 45.54 53.6 19.03 51.16 68.07 48.66 
4.47 58.6 49.58 31.32 25.5 46.84 7.21 16.55 40.5 39.32 18.36 39.36 31.58 29.21 62.01 14.0 23.02 24.19 18.38 37.12 38.28 37.64 29.83 35.01 26.4 15.23 42.54 0.0 16.0 30.41 31.62 48.02 15.13 54.13 29.68 17.03 25.24 43.93 17.26 49.24 41.01 30.07 64.64 5.1 30.81 26.93 25.08 8.25 36.01 28.18 21.59 61.33 19.21 29.7 16.12 3.16 38.33 10.82 22.14 52.8 32.0 21.26 38.21 25.3 20.02 43.29 14.14 41.4 23.43 39.32 44.82 32.0 49.04 23.09 17.46 42.44 28.79 40.31 22.0 9.06 24.35 34.06 43.83 59.41 21.95 15.0 51.09 36.35 35.01 7.62 22.09 45.18 32.39 38.08 4.47 32.7 52.35 24.19 40.31 26.57 
18.44 73.39 40.72 30.81 10.3 62.37 10.77 7.07 38.05 55.23 17.46 48.8 38.01 19.31 75.29 30.0 28.6 40.11 19.24 46.67 26.4 53.15 43.38 38.08 40.31 30.59 57.57 16.0 0.0 40.36 47.07 62.24 20.52 69.87 44.01 22.67 36.62 33.62 33.14 63.69 53.54 33.11 78.29 21.02 37.8 41.44 41.05 24.08 39.0 25.18 37.34 76.22 12.04 42.54 27.78 15.3 54.23 9.22 37.66 66.24 35.78 16.12 50.48 25.3 25.0 59.21 19.8 30.23 35.85 55.23 37.0 48.0 60.44 39.05 18.36 56.36 37.48 56.22 38.0 25.02 39.81 24.17 54.56 72.95 36.69 21.93 62.63 52.24 51.01 9.49 38.05 61.13 48.26 35.01 12.17 30.15 64.9 21.38 31.38 25.96 
33.24 39.05 48.05 23.19 44.78 34.01 30.48 35.23 30.08 40.61 25.5 8.94 8.94 38.08 36.69 27.0 13.6 31.62 23.26 6.71 46.39 27.2 12.04 17.0 13.04 21.0 26.93 30.41 40.36 0.0 23.35 27.07 20.0 42.15 15.56 18.03 6.0 47.04 24.19 29.15 15.13 16.28 40.26 27.51 7.62 15.81 31.02 29.61 17.49 27.07 32.76 42.05 32.65 9.22 14.32 33.54 40.0 31.14 21.19 28.44 14.87 30.08 12.04 22.2 16.55 43.19 20.62 47.04 9.06 33.3 42.76 32.45 20.25 26.57 23.71 21.21 4.0 34.06 28.16 28.44 21.02 40.31 14.21 34.93 16.76 18.44 22.47 38.83 33.42 36.62 26.25 43.84 28.43 30.08 30.81 27.17 25.63 26.68 42.05 23.09 
31.3 27.46 68.54 43.83 55.23 15.3 36.5 45.1 52.15 17.49 39.46 27.73 31.89 53.6 33.84 18.87 31.78 14.32 37.66 26.42 62.97 6.08 11.4 39.82 10.82 16.49 11.4 31.62 47.07 23.35 0.0 18.6 32.39 23.02 7.81 31.78 19.42 65.8 14.76 19.1 19.03 37.74 35.47 26.57 30.48 8.06 13.0 25.06 40.46 45.54 17.49 30.02 45.04 14.21 22.36 33.62 17.0 39.2 9.49 25.06 37.2 44.41 18.44 40.5 32.57 19.85 32.25 64.76 17.0 10.3 63.16 10.2 28.02 10.63 37.48 14.87 26.25 11.18 12.81 23.71 7.28 57.27 26.48 30.81 11.05 30.41 29.15 16.16 10.3 39.22 11.31 20.52 5.39 51.48 34.93 47.42 27.2 43.42 61.03 41.79 
48.6 12.0 74.97 50.25 68.96 12.65 51.48 58.82 56.52 30.07 50.8 25.08 35.51 64.38 15.26 36.8 40.05 32.76 48.66 25.3 73.11 14.87 18.97 43.17 21.93 33.02 8.25 48.02 62.24 27.07 18.6 0.0 44.15 18.44 18.36 42.76 27.29 74.11 32.56 2.24 12.65 43.29 16.97 43.27 34.37 21.1 31.38 42.64 43.42 54.0 36.06 15.0 57.49 20.4 34.79 50.48 30.15 53.49 26.91 7.07 41.59 55.73 15.3 49.01 42.3 30.07 44.38 74.0 26.93 20.1 69.72 26.57 16.4 29.21 48.84 6.08 31.06 20.02 31.4 41.23 24.76 67.07 19.42 12.21 26.08 42.2 16.12 30.41 24.74 55.57 29.83 29.27 21.93 56.89 50.54 54.23 11.4 53.15 69.12 50.0 
19.42 55.9 38.01 16.55 25.08 47.04 11.7 15.26 25.94 45.62 7.07 28.28 17.89 21.21 55.95 21.93 8.54 31.62 5.39 26.17 30.59 38.21 25.32 20.02 23.02 18.36 41.05 15.13 20.52 20.0 32.39 44.15 0.0 55.15 27.02 2.24 17.09 34.01 22.47 45.89 34.01 15.0 59.24 15.65 17.49 25.02 31.91 19.72 21.02 14.87 30.48 58.86 13.34 23.77 10.05 18.03 44.72 11.4 24.35 47.17 17.12 12.04 30.87 10.82 5.1 49.24 1.0 32.57 17.26 42.2 32.8 37.16 40.22 28.18 5.1 38.08 16.97 43.17 28.3 19.42 25.96 25.0 34.21 53.85 21.38 2.0 42.44 42.94 39.56 18.68 27.29 50.7 35.44 23.85 13.15 18.6 45.18 11.66 29.53 12.21 
53.16 14.0 89.84 64.85 78.23 8.25 59.41 68.12 72.24 21.26 62.2 42.44 51.08 76.32 27.29 40.52 53.37 32.2 60.3 42.19 85.59 17.0 31.05 59.09 32.39 39.32 15.23 54.13 69.87 42.15 23.02 18.44 55.15 0.0 28.44 54.33 40.26 87.86 36.88 16.4 30.0 58.19 26.0 49.03 49.77 30.15 30.87 46.84 59.51 67.47 35.78 14.32 68.01 33.53 45.1 55.79 21.93 62.2 32.25 23.71 57.01 67.19 31.91 62.37 54.74 18.87 55.08 87.13 38.64 15.23 84.48 23.71 34.83 31.32 60.21 22.2 45.88 14.32 32.89 45.61 30.15 79.76 37.54 24.52 34.0 53.15 34.41 23.35 20.59 61.61 32.28 17.0 21.84 72.11 57.71 68.68 29.15 65.76 82.98 63.56 
30.48 29.41 61.68 36.77 51.2 20.22 33.24 41.0 44.78 25.24 34.0 20.25 24.21 48.04 32.56 19.42 25.0 19.03 32.02 18.79 57.22 12.08 3.61 32.2 4.0 14.87 14.04 29.68 44.01 15.56 7.81 18.36 27.02 28.44 0.0 26.02 12.08 59.44 15.26 19.7 13.6 30.41 35.0 25.0 22.8 2.83 18.0 24.76 32.8 39.05 21.38 32.28 40.2 6.4 17.12 32.2 24.7 35.44 9.85 23.35 29.68 39.0 12.04 33.96 26.31 27.66 27.07 58.69 10.2 17.8 56.3 17.46 22.8 14.14 32.0 12.81 18.6 18.6 16.28 23.35 8.25 51.35 20.0 29.83 7.81 25.02 24.35 23.71 18.03 37.22 14.32 28.28 13.04 44.28 32.2 40.5 23.85 37.34 54.57 35.17 
21.21 54.59 37.74 15.26 26.83 46.17 13.93 17.2 24.7 45.65 8.06 26.17 15.65 22.02 54.23 22.67 6.32 32.02 6.0 24.08 31.26 37.48 24.08 18.0 22.02 18.6 40.0 17.03 22.67 18.03 31.78 42.76 2.24 54.33 26.02 0.0 15.52 34.18 22.8 44.55 32.31 13.04 57.58 17.09 15.26 24.19 32.2 21.02 19.0 14.42 31.11 57.56 14.87 22.36 9.49 20.0 44.78 13.6 24.17 45.54 15.03 13.04 29.15 9.9 3.0 49.19 3.16 32.98 16.03 41.76 32.45 37.12 38.28 28.3 6.08 36.67 14.87 42.72 28.6 20.59 25.63 25.5 32.2 52.2 20.88 2.24 40.5 43.05 39.4 20.88 27.46 50.57 35.11 22.8 15.3 17.69 43.38 11.7 29.55 11.31 
27.73 39.2 49.65 24.7 42.15 32.02 26.25 32.2 32.76 36.07 23.54 14.56 12.81 37.12 38.91 21.0 13.15 26.0 21.38 12.37 46.0 24.17 9.22 20.52 8.6 15.0 25.32 25.24 36.62 6.0 19.42 27.29 17.09 40.26 12.08 15.52 0.0 47.68 18.25 29.15 17.0 18.36 42.15 21.93 11.4 11.4 25.5 23.77 21.21 27.29 26.93 42.19 30.36 7.0 9.22 28.3 35.38 27.46 15.65 30.08 17.8 28.44 13.89 22.2 15.03 38.95 17.46 47.17 3.16 29.68 44.27 27.66 24.04 21.02 21.59 21.21 7.21 30.53 22.47 22.56 15.81 40.01 18.6 36.77 11.18 15.23 26.17 34.06 29.0 31.89 20.62 39.82 24.08 32.2 26.17 28.46 28.3 26.0 42.76 23.35 
48.1 86.09 8.0 24.02 25.3 79.62 36.8 28.43 21.02 79.62 27.29 51.35 39.05 14.87 82.49 55.23 34.53 65.37 28.64 50.16 8.06 71.31 56.89 32.56 55.54 52.33 72.99 43.93 33.62 47.04 65.8 74.11 34.01 87.86 59.44 34.18 47.68 0.0 56.36 76.16 62.0 31.02 86.37 47.2 40.01 57.97 65.76 51.4 32.76 20.4 63.81 89.09 24.76 54.59 43.66 45.25 78.72 33.24 58.31 75.06 33.14 23.02 59.01 25.5 33.24 83.26 34.44 4.0 49.24 75.89 7.81 71.18 64.63 62.17 29.07 68.18 43.05 76.84 62.18 51.61 59.81 9.9 58.42 81.22 55.03 35.85 66.75 76.92 73.54 41.23 61.27 84.69 69.29 18.97 39.62 20.02 71.34 22.47 5.0 24.33 
16.55 42.19 60.46 37.48 42.05 29.73 23.02 32.25 46.75 23.41 29.07 32.02 30.08 42.72 47.42 4.24 25.61 9.22 27.78 30.0 52.2 20.62 17.09 36.72 13.6 4.24 26.08 17.26 33.14 24.19 14.76 32.56 22.47 36.88 15.26 22.8 18.25 56.36 0.0 33.42 28.64 33.02 49.52 12.17 28.79 12.53 9.43 10.3 37.59 37.2 8.94 44.78 33.24 18.44 14.21 18.97 22.47 26.17 5.66 38.29 33.62 33.62 26.57 32.65 24.76 27.2 21.95 54.63 15.13 22.09 55.22 15.3 37.7 6.08 27.29 27.66 25.0 23.09 5.83 8.94 7.81 47.01 33.96 44.55 8.25 20.81 39.4 20.62 18.11 24.74 5.1 28.86 15.13 45.25 21.02 40.36 39.12 34.13 51.97 34.06 
49.65 10.05 77.1 52.35 70.6 11.18 52.92 60.44 58.69 29.27 52.61 27.31 37.66 66.27 15.23 37.64 42.01 33.02 50.49 27.51 75.06 14.76 20.62 45.35 23.41 34.13 8.06 49.24 63.69 29.15 19.1 2.24 45.89 16.4 19.7 44.55 29.15 76.16 33.42 0.0 14.87 45.4 16.4 44.42 36.5 22.36 31.62 43.6 45.61 56.01 36.4 13.04 59.23 22.2 36.4 51.62 29.43 55.03 27.8 8.06 43.74 57.56 17.46 51.0 44.18 29.0 46.1 76.01 28.64 19.42 71.85 26.4 18.44 29.73 50.64 8.0 33.14 19.24 31.89 42.2 25.61 69.03 21.63 12.08 27.29 43.93 18.03 29.83 24.35 56.82 30.41 28.07 21.95 59.03 51.89 56.32 13.0 55.08 71.18 52.01 
42.64 24.33 62.51 38.01 59.09 22.63 43.01 49.19 43.93 35.44 40.16 12.53 23.09 53.15 21.93 32.65 28.64 32.39 37.95 12.65 61.52 19.31 11.66 30.59 15.26 27.46 15.62 41.01 53.54 15.13 19.03 12.65 34.01 30.0 13.6 32.31 17.0 62.0 28.64 14.87 0.0 31.02 25.3 36.88 22.02 16.16 31.26 37.44 30.81 42.19 34.93 27.29 47.17 11.31 25.81 43.86 35.17 44.42 23.41 13.34 29.15 44.92 3.16 37.34 31.32 36.77 34.44 62.13 17.8 26.0 57.31 29.15 9.22 27.66 38.28 7.81 19.1 26.4 29.83 36.06 21.84 55.44 8.06 19.92 20.59 32.2 10.77 34.71 28.64 48.17 27.89 36.67 24.19 44.41 42.64 42.01 11.4 41.77 57.0 38.21 
34.23 55.23 31.78 7.0 33.97 49.98 26.31 26.42 14.42 53.91 15.65 20.62 8.06 24.19 51.62 34.0 7.62 42.01 13.93 19.24 31.32 42.49 27.31 5.1 26.93 28.84 43.01 30.07 33.11 16.28 37.74 43.29 15.0 58.19 30.41 13.04 18.36 31.02 33.02 45.4 31.02 0.0 55.44 29.83 9.0 29.68 41.87 33.53 6.08 12.08 41.88 58.22 22.2 24.7 18.87 33.02 53.15 25.0 32.53 44.05 2.83 18.44 28.07 8.49 10.05 57.01 16.0 31.4 20.81 48.02 26.48 45.34 33.96 37.54 14.87 37.48 12.37 48.88 38.42 32.89 33.3 25.3 27.66 50.25 28.32 15.13 36.14 51.66 47.01 33.38 36.88 58.01 42.2 13.93 28.07 11.0 40.45 13.45 26.02 8.6 
65.44 12.0 86.0 62.39 84.31 25.3 67.6 74.32 67.01 44.27 65.46 35.06 47.38 78.34 4.12 53.76 53.85 49.41 63.25 36.22 86.49 31.06 34.99 54.04 38.28 49.82 24.41 64.64 78.29 40.26 35.47 16.97 59.24 26.0 35.0 57.58 42.15 86.37 49.52 16.4 25.3 55.44 0.0 60.0 46.53 37.8 48.01 59.55 54.01 67.08 52.8 12.37 72.45 35.78 50.54 67.2 44.6 69.32 43.86 12.08 53.24 70.21 28.46 62.37 56.61 43.17 59.62 86.83 42.49 34.93 81.02 42.54 22.02 46.1 63.57 22.2 44.15 34.54 48.27 58.14 41.73 80.41 28.02 5.39 42.8 57.38 20.1 45.31 40.25 72.11 46.75 41.77 38.28 68.03 66.89 66.37 15.03 66.94 81.39 63.15 
5.83 53.67 52.35 32.2 30.27 41.76 11.4 20.88 41.59 34.53 20.52 36.4 30.02 32.76 57.49 9.06 22.36 19.42 20.0 34.18 42.06 32.57 25.46 34.53 21.93 10.3 37.58 5.1 21.02 27.51 26.57 43.27 15.65 49.03 25.0 17.09 21.93 47.2 12.17 44.42 36.88 29.83 60.0 0.0 29.07 22.2 20.22 4.24 35.51 30.0 17.09 56.36 22.83 25.61 13.34 7.21 33.54 14.87 17.09 48.27 31.4 24.21 34.21 26.42 19.92 38.47 14.76 44.94 19.72 34.23 47.38 27.02 45.22 18.03 19.21 37.8 26.48 35.23 17.03 4.47 19.31 37.44 40.31 54.82 17.2 14.87 47.2 31.58 30.0 12.65 17.03 40.31 27.29 39.45 9.06 34.13 48.1 26.25 43.28 27.78 
34.37 46.27 40.61 16.0 40.61 41.63 29.07 31.83 22.47 47.42 21.26 12.08 1.41 32.31 42.76 30.81 9.22 37.12 19.1 10.44 40.02 34.67 19.42 9.43 19.8 25.0 34.54 30.81 37.8 7.62 30.48 34.37 17.49 49.77 22.8 15.26 11.4 40.01 28.79 36.5 22.02 9.0 46.53 29.07 0.0 22.63 36.72 32.02 10.0 20.62 37.7 49.25 28.43 16.64 16.03 33.96 46.75 28.84 26.93 35.06 7.28 25.24 19.1 16.16 12.81 50.21 18.36 40.31 14.42 40.61 35.36 39.05 25.3 32.25 19.8 28.64 4.24 41.4 33.54 31.06 27.2 33.96 18.97 41.3 22.47 16.55 27.51 45.45 40.31 35.85 31.76 50.99 35.36 22.56 30.08 20.0 31.58 21.02 35.01 16.76 
27.66 31.95 60.54 35.78 48.84 22.02 30.68 38.64 44.1 24.84 32.06 21.59 24.04 46.17 35.38 16.64 23.77 17.03 30.15 19.92 55.44 13.34 5.0 31.89 2.83 12.04 16.28 26.93 41.44 15.81 8.06 21.1 25.02 30.15 2.83 24.19 11.4 57.97 12.53 22.36 16.16 29.68 37.8 22.2 22.63 0.0 16.12 21.93 32.56 37.64 19.1 34.79 38.05 7.28 15.0 29.41 24.21 32.98 7.28 26.17 29.21 37.05 14.32 32.57 24.74 27.59 25.0 57.07 8.94 18.36 55.15 16.64 25.3 12.0 30.07 15.62 18.38 19.24 14.04 20.52 6.0 49.65 22.09 32.65 5.0 23.02 26.93 23.02 17.69 34.48 12.04 28.43 12.73 43.42 29.55 39.4 26.63 35.69 53.16 33.84 
23.09 38.9 69.89 46.69 50.49 25.0 31.58 41.0 55.87 14.32 38.47 37.66 38.08 52.0 46.65 11.18 34.66 1.41 37.22 35.9 61.47 17.03 21.1 45.22 18.44 13.6 23.6 25.08 41.05 31.02 13.0 31.38 31.91 30.87 18.0 32.2 25.5 65.76 9.43 31.62 31.26 41.87 48.01 20.22 36.72 16.12 0.0 17.0 46.04 46.62 5.0 41.11 42.38 23.35 23.35 26.02 13.34 34.93 9.85 38.01 42.2 42.95 30.02 42.01 34.06 18.25 31.38 63.98 22.36 15.65 64.64 7.28 40.45 4.47 36.72 27.86 32.65 16.55 3.61 16.03 10.2 56.36 38.0 43.57 14.32 30.23 41.77 11.4 10.44 32.02 5.0 20.1 9.9 54.49 29.27 49.68 40.16 43.57 61.4 43.42 
6.32 52.48 56.59 36.24 33.73 39.92 15.23 24.7 45.65 31.14 24.76 38.33 33.06 36.89 57.28 6.32 25.96 16.03 24.21 36.14 46.14 30.87 25.81 38.08 22.2 10.0 36.36 8.25 24.08 29.61 25.06 42.64 19.72 46.84 24.76 21.02 23.77 51.4 10.3 43.6 37.44 33.53 59.55 4.24 32.02 21.93 17.0 0.0 39.05 34.21 13.34 55.07 26.93 26.42 16.0 9.06 30.15 18.79 15.81 48.08 34.93 28.43 34.99 30.53 23.77 35.13 18.87 49.09 21.19 31.78 51.62 24.08 46.14 15.52 23.43 37.48 29.07 32.76 14.14 1.41 18.03 41.62 41.63 54.49 17.03 18.79 48.02 28.16 27.17 15.03 14.56 37.05 25.0 43.57 12.65 38.28 48.41 30.48 47.51 31.91 
40.11 55.11 32.02 10.0 39.2 51.43 32.39 32.2 13.15 57.28 21.54 19.03 8.6 28.43 50.04 39.0 13.15 46.32 19.92 18.25 34.44 44.65 29.41 1.0 29.73 33.54 44.28 36.01 39.0 17.49 40.46 43.42 21.02 59.51 32.8 19.0 21.21 32.76 37.59 45.61 30.81 6.08 54.01 35.51 10.0 32.56 46.04 39.05 0.0 16.28 46.53 58.05 27.78 26.63 23.77 39.0 56.59 31.05 36.4 43.19 4.12 23.85 28.16 13.89 16.0 60.14 22.02 33.84 24.08 50.61 27.02 48.84 32.06 41.62 20.88 37.95 14.21 51.4 42.72 38.33 36.88 28.65 26.0 49.01 32.02 21.02 34.13 55.23 50.21 39.46 41.05 60.96 45.28 14.04 34.13 13.42 39.0 18.6 27.89 13.6 
32.65 66.0 23.32 6.4 23.32 59.23 22.14 18.11 13.04 60.03 9.85 32.57 19.92 12.21 63.35 36.8 14.14 46.4 10.0 31.05 19.42 50.96 36.5 15.62 35.17 33.02 52.61 28.18 25.18 27.07 45.54 54.0 14.87 67.47 39.05 14.42 27.29 20.4 37.2 56.01 42.19 12.08 67.08 30.0 20.62 37.64 46.62 34.21 16.28 0.0 45.34 69.0 13.15 34.23 23.71 30.46 59.17 19.42 38.47 55.44 14.76 9.06 39.12 5.1 13.0 63.53 15.56 20.0 28.86 55.71 18.03 51.48 45.88 42.72 10.82 48.01 23.09 56.65 43.01 34.06 39.81 13.34 39.56 61.81 34.93 16.4 48.08 57.45 53.67 28.64 41.88 64.85 49.24 10.2 24.7 5.0 52.17 4.12 15.52 4.0 
19.03 43.86 68.41 46.1 47.07 30.0 28.46 37.95 55.44 18.0 36.62 40.11 39.0 49.65 51.31 8.6 34.41 3.61 35.61 38.21 59.03 21.93 24.08 45.65 21.0 13.04 28.43 21.59 37.34 32.76 17.49 36.06 30.48 35.78 21.38 31.11 26.93 63.81 8.94 36.4 34.93 41.88 52.8 17.09 37.7 19.1 5.0 13.34 46.53 45.34 0.0 46.1 39.81 26.0 23.02 22.09 17.0 31.95 12.0 42.54 42.54 40.82 33.38 41.01 33.3 22.0 29.83 61.77 23.77 20.59 63.25 12.08 44.15 7.28 35.0 32.2 33.84 21.47 5.1 12.65 13.15 54.2 41.19 48.26 16.12 29.0 45.61 15.0 15.23 28.07 7.07 24.02 14.87 53.81 25.96 48.8 44.38 42.01 59.64 42.43 
61.29 3.0 89.81 65.19 83.43 16.28 65.46 73.25 71.2 34.48 65.62 39.29 50.36 79.31 14.76 48.88 55.04 42.52 63.51 39.81 88.09 24.41 33.54 57.87 36.14 46.1 18.79 61.33 76.22 42.05 30.02 15.0 58.86 14.32 32.28 57.56 42.19 89.09 44.78 13.04 27.29 58.22 12.37 56.36 49.25 34.79 41.11 55.07 58.05 69.0 46.1 0.0 72.18 35.23 49.24 63.51 34.99 67.72 39.36 15.65 56.44 70.58 30.15 64.01 57.22 32.7 59.03 89.0 41.59 26.25 84.59 34.66 28.18 40.22 63.64 21.02 46.04 25.61 42.2 53.71 37.12 82.05 32.89 12.81 39.56 56.89 26.93 36.06 31.89 68.94 41.05 31.02 31.24 71.7 64.26 69.18 21.1 68.12 84.1 65.0 
23.35 69.23 30.81 18.97 12.21 60.01 12.04 5.0 26.02 56.61 7.21 40.22 28.32 10.0 69.08 31.38 19.42 41.79 9.43 38.28 19.24 51.01 38.64 26.93 36.22 29.61 54.23 19.21 12.04 32.65 45.04 57.49 13.34 68.01 40.2 14.87 30.36 24.76 33.24 59.23 47.17 22.2 72.45 22.83 28.43 38.05 42.38 26.93 27.78 13.15 39.81 72.18 0.0 37.11 23.09 20.52 55.66 8.49 36.35 60.41 25.0 4.12 44.01 13.89 16.12 60.44 13.15 22.2 30.59 54.45 26.42 48.51 52.84 39.29 8.94 51.42 29.15 55.44 38.9 27.29 38.21 14.87 46.65 67.07 34.01 15.3 55.07 53.76 51.2 17.0 38.33 62.1 47.52 23.0 14.87 18.11 58.18 9.49 21.4 14.32 
31.4 32.25 56.32 31.32 48.7 25.3 31.91 38.63 38.91 31.62 30.41 14.32 18.03 44.1 32.76 22.14 20.1 24.19 28.28 12.65 53.0 18.03 2.83 26.08 5.0 16.55 18.44 29.7 42.54 9.22 14.21 20.4 23.77 33.53 6.4 22.36 7.0 54.59 18.44 22.2 11.31 24.7 35.78 25.61 16.64 7.28 23.35 26.42 26.63 34.23 26.0 35.23 37.11 0.0 14.76 32.56 31.06 33.54 14.0 23.71 23.71 35.36 8.6 29.15 22.02 34.06 24.04 54.15 6.71 24.08 50.96 23.71 19.72 19.1 28.44 14.32 12.53 24.84 21.02 25.06 13.15 47.01 15.52 30.41 10.2 21.84 21.63 30.02 24.41 36.88 19.03 34.66 19.42 38.63 31.4 35.17 22.67 33.0 49.65 30.27 
18.97 46.32 47.01 23.35 34.21 37.01 17.2 24.04 32.56 36.36 17.12 23.26 17.12 31.26 47.51 15.23 11.4 23.35 15.3 21.02 40.61 28.16 15.81 22.85 13.15 10.0 31.14 16.12 27.78 14.32 22.36 34.79 10.05 45.1 17.12 9.49 9.22 43.66 14.21 36.4 25.81 18.87 50.54 13.34 16.03 15.0 23.35 16.0 23.77 23.71 23.02 49.24 23.09 14.76 0.0 19.24 35.51 18.79 14.76 38.47 19.7 22.09 22.8 18.87 10.82 39.82 10.0 42.45 8.06 32.28 41.68 27.78 33.24 19.21 15.13 28.79 13.15 33.24 19.8 15.03 16.16 34.93 27.8 45.18 11.4 8.06 35.36 33.84 29.97 22.67 18.44 41.15 25.63 31.14 16.97 26.4 37.2 21.19 39.0 20.25 
3.16 60.83 51.22 33.96 25.3 48.7 8.6 17.2 43.01 40.05 20.62 42.49 34.71 30.41 64.66 15.3 26.08 25.0 20.88 40.25 39.2 39.56 32.56 38.0 29.07 17.49 44.72 3.16 15.3 33.54 33.62 50.48 18.03 55.79 32.2 20.0 28.3 45.25 18.97 51.62 43.86 33.02 67.2 7.21 33.96 29.41 26.02 9.06 39.0 30.46 22.09 63.51 20.52 32.56 19.24 0.0 39.05 12.04 24.17 55.44 35.01 23.02 41.11 27.89 23.0 44.05 17.03 42.52 26.4 40.79 46.62 33.14 52.01 24.52 19.92 45.0 31.95 41.77 23.19 10.2 26.4 35.36 46.87 62.01 24.41 18.03 54.04 37.05 36.22 6.0 23.54 46.01 33.96 40.5 5.83 35.11 55.15 26.4 41.87 29.12 
36.01 33.54 82.49 58.6 63.79 19.31 44.91 54.34 67.48 1.0 51.48 44.72 48.17 65.19 44.38 24.52 46.4 14.14 50.09 43.42 74.67 16.12 28.3 55.87 27.02 26.4 22.02 38.33 54.23 40.0 17.0 30.15 44.72 21.93 24.7 44.78 35.38 78.72 22.47 29.43 35.17 53.15 44.6 33.54 46.75 24.21 13.34 30.15 56.59 59.17 17.0 34.99 55.66 31.06 35.51 39.05 0.0 48.27 20.81 37.22 53.04 56.08 35.11 54.38 46.32 5.0 44.28 77.08 32.53 10.05 77.18 7.81 43.57 16.55 49.66 29.15 42.52 10.2 16.76 29.27 19.85 69.46 43.01 41.23 24.84 42.94 44.28 2.0 6.71 45.04 17.46 7.07 11.66 66.4 42.58 61.85 41.0 56.36 74.24 55.76 
14.87 64.85 39.2 24.0 16.03 54.45 3.61 6.08 32.39 49.24 10.0 39.62 29.15 18.44 66.24 23.77 19.72 34.21 11.18 37.48 27.46 45.28 34.54 30.08 31.62 23.0 49.24 10.82 9.22 31.14 39.2 53.49 11.4 62.2 35.44 13.6 27.46 33.24 26.17 55.03 44.42 25.0 69.32 14.87 28.84 32.98 34.93 18.79 31.05 19.42 31.95 67.72 8.49 33.54 18.79 12.04 48.27 0.0 30.02 57.25 27.51 11.18 41.34 18.03 16.12 53.15 10.63 30.61 26.83 48.01 34.67 41.44 51.22 32.25 10.2 47.54 28.32 49.01 31.58 19.31 32.06 23.35 45.34 63.95 28.44 12.73 53.41 46.32 44.28 9.22 31.26 54.92 41.01 29.61 6.4 24.33 55.76 15.3 29.83 19.0 
21.95 36.72 61.77 37.8 46.04 24.74 27.17 36.0 46.75 21.63 31.32 28.16 28.3 45.35 41.77 9.9 25.61 10.44 29.73 26.31 54.82 15.52 12.17 35.61 9.0 7.07 20.59 22.14 37.66 21.19 9.49 26.91 24.35 32.25 9.85 24.17 15.65 58.31 5.66 27.8 23.41 32.53 43.86 17.09 26.93 7.28 9.85 15.81 36.4 38.47 12.0 39.36 36.35 14.0 14.76 24.17 20.81 30.02 0.0 32.65 32.65 36.14 21.59 33.62 25.55 25.06 24.04 56.92 12.53 18.11 56.44 13.04 32.57 5.39 29.41 22.02 22.83 19.1 7.07 14.42 2.24 49.34 29.27 38.9 4.47 22.47 34.18 19.21 15.23 29.73 5.1 26.4 11.18 45.61 25.5 41.05 33.62 35.85 53.71 34.99 
53.81 13.04 75.17 51.04 72.24 19.24 55.57 62.24 56.32 37.12 53.45 24.19 36.01 66.49 9.22 42.52 41.98 39.36 51.24 25.02 74.81 21.84 23.02 43.1 26.4 38.21 15.3 52.8 66.24 28.44 25.06 7.07 47.17 23.71 23.35 45.54 30.08 75.06 38.29 8.06 13.34 44.05 12.08 48.27 35.06 26.17 38.01 48.08 43.19 55.44 42.54 15.65 60.41 23.71 38.47 55.44 37.22 57.25 32.65 0.0 42.0 58.24 16.49 50.64 44.64 37.01 47.54 75.33 30.41 27.17 70.06 33.53 12.53 35.51 51.55 10.63 32.39 27.07 37.74 46.67 30.61 68.73 17.46 6.71 31.14 45.31 11.4 37.48 31.78 60.22 36.06 36.12 28.79 57.08 54.92 55.04 5.66 55.11 70.06 51.48 
36.06 53.46 33.38 9.22 36.8 48.85 28.64 29.15 15.23 53.76 18.36 18.25 6.08 26.93 49.37 34.93 9.06 42.44 16.55 17.03 33.84 41.68 26.42 3.16 26.4 29.53 41.79 32.0 35.78 14.87 37.2 41.59 17.12 57.01 29.68 15.03 17.8 33.14 33.62 43.74 29.15 2.83 53.24 31.4 7.28 29.21 42.2 34.93 4.12 14.76 42.54 56.44 25.0 23.71 19.7 35.01 53.04 27.51 32.65 42.0 0.0 21.26 26.31 11.31 12.04 56.73 18.11 33.73 20.52 47.43 28.16 45.25 31.58 37.8 17.46 35.9 11.18 48.26 38.83 34.21 33.24 27.86 25.32 48.09 28.32 17.0 33.73 51.62 46.75 35.69 37.2 57.63 41.87 15.3 30.27 13.15 38.21 16.28 28.16 11.4 
25.61 67.6 28.32 14.87 15.56 59.08 14.42 9.06 22.0 57.01 5.0 37.22 25.0 9.22 66.73 32.25 16.55 42.49 7.07 35.36 18.68 50.25 37.12 23.02 35.0 29.73 53.01 21.26 16.12 30.08 44.41 55.73 12.04 67.19 39.0 13.04 28.44 23.02 33.62 57.56 44.92 18.44 70.21 24.21 25.24 37.05 42.95 28.43 23.85 9.06 40.82 70.58 4.12 35.36 22.09 23.02 56.08 11.18 36.14 58.24 21.26 0.0 41.76 10.0 13.6 60.75 12.17 21.02 29.07 54.13 23.6 48.7 50.09 39.56 7.0 49.65 26.4 55.11 39.4 28.6 37.85 13.42 43.83 64.85 33.38 14.04 52.33 54.23 51.24 20.25 38.63 62.3 47.3 19.03 17.2 14.04 55.71 5.39 19.1 10.3 
40.0 27.17 59.68 35.06 55.95 24.21 40.0 46.07 41.23 35.47 37.0 10.63 20.22 50.01 25.08 30.46 25.5 31.06 34.79 10.3 58.42 19.72 9.49 27.89 13.0 25.06 17.03 38.21 50.48 12.04 18.44 15.3 30.87 31.91 12.04 29.15 13.89 59.01 26.57 17.46 3.16 28.07 28.46 34.21 19.1 14.32 30.02 34.99 28.16 39.12 33.38 30.15 44.01 8.6 22.8 41.11 35.11 41.34 21.59 16.49 26.31 41.76 0.0 34.23 28.16 37.12 31.3 59.08 14.87 26.42 54.45 28.64 11.18 26.17 35.11 9.85 16.03 26.93 28.28 33.62 20.22 52.35 8.06 23.09 18.38 29.07 13.04 34.48 28.46 45.28 26.31 37.22 23.77 41.59 39.7 39.05 14.42 38.64 54.01 35.13 
29.73 61.01 28.18 6.08 25.5 54.13 20.1 18.38 15.23 55.23 8.06 28.23 15.65 16.16 58.69 32.56 9.06 41.87 7.07 26.57 24.19 45.88 31.4 13.04 30.08 28.43 47.52 25.3 25.3 22.2 40.5 49.01 10.82 62.37 33.96 9.9 22.2 25.5 32.65 51.0 37.34 8.49 62.37 26.42 16.16 32.57 42.01 30.53 13.89 5.1 41.01 64.01 13.89 29.15 18.87 27.89 54.38 18.03 33.62 50.64 11.31 10.0 34.23 0.0 8.06 58.67 11.66 25.02 23.77 50.7 22.83 46.65 41.44 38.01 8.06 43.0 18.25 51.62 38.42 30.23 34.89 18.11 35.11 57.07 29.97 12.04 43.66 52.7 48.76 27.02 37.2 59.94 44.28 13.04 22.36 7.81 47.54 5.0 20.62 1.41 
24.19 54.23 36.24 12.81 28.3 46.53 16.76 19.1 22.2 47.17 8.94 24.21 13.04 22.09 53.14 25.0 3.61 33.97 6.71 22.2 31.02 38.08 24.02 15.0 22.36 20.52 40.11 20.02 25.0 16.55 32.57 42.3 5.1 54.74 26.31 3.0 15.03 33.24 24.76 44.18 31.32 10.05 56.61 19.92 12.81 24.74 34.06 23.77 16.0 13.0 33.3 57.22 16.12 22.02 10.82 23.0 46.32 16.12 25.55 44.64 12.04 13.6 28.16 8.06 0.0 50.61 6.08 32.39 16.12 42.72 30.89 38.59 36.72 30.0 7.21 36.22 13.04 43.66 30.48 23.26 26.83 25.08 30.53 51.24 21.93 5.1 38.95 44.65 40.71 23.77 29.21 51.88 36.25 20.52 18.25 15.62 42.15 11.05 28.46 9.43 
41.01 31.62 86.83 62.68 68.73 18.11 49.82 59.23 71.4 4.0 56.08 47.17 51.62 69.89 43.42 29.43 50.48 19.1 54.63 46.04 79.38 17.46 31.24 59.46 30.41 31.02 22.36 43.29 59.21 43.19 19.85 30.07 49.24 18.87 27.66 49.19 38.95 83.26 27.2 29.0 36.77 57.01 43.17 38.47 50.21 27.59 18.25 35.13 60.14 63.53 22.0 32.7 60.44 34.06 39.82 44.05 5.0 53.15 25.06 37.01 56.73 60.75 37.12 58.67 50.61 0.0 48.85 81.71 36.24 10.77 81.49 12.08 44.64 21.19 54.23 30.08 45.97 10.44 21.59 34.23 23.85 74.09 44.78 40.31 28.84 47.42 45.12 7.0 10.0 50.04 22.14 2.24 14.87 70.46 47.52 66.04 41.3 60.84 78.72 60.03 
18.44 56.09 38.6 17.46 24.7 47.01 10.77 14.76 26.83 45.19 7.28 29.0 18.79 21.38 56.36 21.26 9.49 31.06 5.83 26.87 30.81 38.12 25.5 21.02 23.09 17.89 41.11 14.14 19.8 20.62 32.25 44.38 1.0 55.08 27.07 3.16 17.46 34.44 21.95 46.1 34.44 16.0 59.62 14.76 18.36 25.0 31.38 18.87 22.02 15.56 29.83 59.03 13.15 24.04 10.0 17.03 44.28 10.63 24.04 47.54 18.11 12.17 31.3 11.66 6.08 48.85 0.0 32.89 17.46 41.98 33.42 36.77 40.8 27.73 5.39 38.33 17.69 42.95 27.78 18.6 25.71 25.3 34.83 54.23 21.21 2.24 43.01 42.49 39.22 17.72 26.83 50.33 35.17 24.7 12.17 19.42 45.65 12.21 30.02 13.04 
45.45 86.0 12.0 24.52 21.54 78.92 34.21 25.46 23.02 78.0 25.63 51.97 39.46 12.21 83.02 53.24 34.06 63.51 27.2 50.64 4.12 70.41 56.32 33.53 54.74 50.7 72.44 41.4 30.23 47.04 64.76 74.0 32.57 87.13 58.69 32.98 47.17 4.0 54.63 76.01 62.13 31.4 86.83 44.94 40.31 57.07 63.98 49.09 33.84 20.0 61.77 89.0 22.2 54.15 42.45 42.52 77.08 30.61 56.92 75.33 33.73 21.02 59.08 25.02 32.39 81.71 32.89 0.0 48.51 74.73 11.18 69.64 65.31 60.54 27.51 68.01 43.05 75.69 60.42 49.4 58.52 7.62 59.03 81.61 53.85 34.48 67.47 75.24 72.11 38.21 59.62 83.22 68.01 20.59 37.01 20.62 71.85 21.38 6.4 24.0 
25.55 38.64 51.62 26.83 42.06 30.41 25.24 31.95 35.23 33.24 24.08 17.26 15.81 38.0 39.45 18.03 14.87 22.85 22.02 15.13 47.1 22.14 8.06 23.35 6.32 12.04 24.02 23.43 35.85 9.06 17.0 26.93 17.26 38.64 10.2 16.03 3.16 49.24 15.13 28.64 17.8 20.81 42.49 19.72 14.42 8.94 22.36 21.19 24.08 28.86 23.77 41.59 30.59 6.71 8.06 26.4 32.53 26.83 12.53 30.41 20.52 29.07 14.87 23.77 16.12 36.24 17.46 48.51 0.0 27.29 46.24 24.76 25.61 17.89 22.09 20.88 10.3 28.18 19.31 19.92 12.81 41.19 20.59 37.12 8.06 15.3 27.66 31.14 26.25 30.41 17.46 37.2 21.4 34.48 24.84 30.46 29.21 27.17 44.38 25.0 
