85
0.0 53.76 23.71 30.41 11.7 64.01 59.09 41.23 52.77 56.09 44.94 62.07 53.15 14.14 50.36 15.0 27.46 58.03 41.01 33.94 38.91 25.0 49.37 15.81 21.38 32.02 15.03 31.02 4.12 48.27 13.45 50.25 64.63 53.0 54.42 62.77 68.45 13.15 8.54 17.46 68.01 46.96 64.03 36.0 30.02 26.02 15.62 45.62 21.21 17.72 55.36 27.17 36.67 63.89 6.4 17.49 61.13 55.03 2.83 22.56 22.09 2.24 35.81 33.3 11.18 31.24 35.34 13.6 32.02 52.39 20.0 33.84 24.52 25.32 54.23 28.64 59.03 36.5 56.08 66.07 17.26 17.49 27.46 46.17 43.46 
53.76 0.0 43.68 26.93 42.3 13.6 15.03 13.04 16.16 2.83 13.04 15.0 5.0 40.52 4.24 53.34 26.31 12.08 15.62 32.65 19.7 33.54 5.0 40.5 34.54 23.26 52.35 23.41 54.23 6.32 44.01 5.0 11.0 9.0 10.2 15.81 14.87 40.61 45.4 49.65 16.28 16.28 11.4 19.24 27.66 28.16 41.01 16.28 38.47 36.22 10.05 28.64 17.12 12.81 49.73 38.0 9.22 9.06 56.09 49.73 56.52 52.47 26.83 30.87 48.01 36.25 21.84 42.06 36.67 13.0 37.12 21.1 32.2 59.2 12.37 25.18 12.53 17.26 12.04 17.69 56.57 44.41 40.5 14.76 15.26 
23.71 43.68 0.0 32.2 17.0 56.65 43.1 31.02 36.12 45.12 31.4 56.36 45.31 23.19 41.79 12.53 22.63 52.33 37.2 13.34 24.33 10.82 40.85 26.31 26.93 30.41 11.66 28.28 20.81 37.36 11.18 42.15 54.34 46.96 40.05 47.1 56.44 19.1 18.25 8.06 54.01 31.0 51.24 32.65 16.16 25.0 11.05 30.02 7.21 17.09 41.05 28.84 28.65 50.04 25.71 12.65 48.26 41.11 26.42 6.08 13.04 21.47 18.0 14.04 12.53 9.49 21.84 25.08 9.85 37.0 10.3 23.26 29.07 15.52 39.0 22.67 53.23 29.15 41.0 60.01 14.56 6.32 4.47 43.01 29.27 
30.41 26.93 32.2 0.0 21.02 34.53 37.64 18.03 33.62 29.68 24.19 32.06 24.7 16.28 22.83 36.06 10.44 28.16 11.7 29.61 22.56 22.36 21.95 15.0 9.06 4.47 35.23 6.08 32.28 23.35 25.81 22.36 36.77 23.54 31.89 40.31 41.59 18.38 23.41 34.06 43.01 28.64 38.28 7.81 20.4 7.21 23.43 27.31 25.0 16.4 32.56 3.61 13.42 39.2 25.02 20.52 35.81 31.83 32.14 36.8 41.87 29.83 26.02 27.46 29.15 30.68 20.1 17.03 31.62 31.62 22.02 16.12 6.0 45.34 32.8 11.18 29.15 12.53 34.06 36.06 39.66 29.0 31.76 16.03 24.17 
11.7 42.3 17.0 21.02 0.0 53.08 47.42 29.61 41.18 44.55 33.24 51.48 42.0 6.71 39.05 15.56 16.03 47.38 30.41 23.85 27.29 14.21 38.05 9.85 12.81 21.59 14.87 20.22 12.0 36.67 6.32 39.01 53.24 42.19 42.72 51.08 56.89 2.83 3.16 14.76 56.32 35.36 52.39 25.32 18.6 15.3 6.08 34.0 11.7 6.08 43.66 17.46 25.18 52.2 10.0 6.4 49.48 43.32 14.32 18.97 22.2 10.2 24.76 22.8 8.49 21.93 23.71 8.25 22.85 40.72 9.43 22.14 15.81 25.81 42.54 17.12 48.37 25.08 44.38 55.44 19.1 11.18 19.42 35.9 31.78 
64.01 13.6 56.65 34.53 53.08 0.0 25.08 25.63 28.6 13.45 26.63 4.47 11.4 50.09 14.87 65.51 37.22 6.71 23.09 46.14 33.12 46.17 15.81 49.37 43.29 32.06 64.54 33.0 65.07 19.72 55.73 14.56 8.0 11.05 22.2 23.77 13.34 51.01 56.04 62.1 19.03 29.73 15.13 28.02 40.5 38.0 52.77 29.83 50.96 47.17 21.63 37.22 28.64 18.25 59.21 49.65 15.81 20.81 66.07 62.63 69.26 63.01 40.31 44.29 59.68 49.65 34.93 51.24 50.12 25.61 49.24 33.53 40.45 72.11 24.41 36.35 5.83 28.44 23.32 4.47 68.88 56.75 53.71 18.68 28.84 
59.09 15.03 43.1 37.64 47.42 25.08 0.0 19.8 7.0 13.04 14.42 28.16 20.02 47.71 18.44 54.74 33.02 26.31 28.18 30.0 20.25 35.17 18.68 48.6 43.28 33.3 53.76 32.53 58.52 14.76 47.13 19.42 18.03 24.02 5.83 4.0 16.4 46.53 50.57 50.49 11.7 12.37 11.31 30.0 29.41 36.24 44.27 13.6 40.02 41.59 5.39 38.18 24.76 8.6 56.44 41.79 9.43 6.32 61.74 49.04 56.04 57.38 25.18 29.07 50.96 34.0 23.77 49.65 34.01 6.71 39.85 25.55 41.73 58.01 5.0 31.62 26.48 25.46 3.61 29.55 57.43 45.89 39.01 29.12 15.65 
41.23 13.04 31.02 18.03 29.61 25.63 19.8 0.0 15.65 15.03 6.32 25.55 14.32 28.64 10.77 40.31 13.93 21.63 11.05 21.26 8.6 20.62 9.85 29.15 23.6 13.6 39.32 12.73 41.44 7.07 31.0 11.18 24.02 16.4 14.21 22.8 27.29 28.16 32.76 36.67 26.93 11.18 22.8 10.77 14.87 16.64 28.0 10.05 25.5 23.54 15.0 18.38 5.0 22.85 37.7 25.02 19.92 14.42 43.68 37.0 43.68 39.81 15.56 19.21 35.0 24.41 9.43 30.41 25.0 13.6 24.08 8.06 21.93 46.49 14.87 12.65 22.47 5.66 16.28 29.07 43.57 31.4 28.18 15.23 7.0 
52.77 16.16 36.12 33.62 41.18 28.6 7.0 15.65 0.0 15.26 9.43 30.89 20.88 42.01 18.25 47.85 27.59 28.23 25.71 23.0 13.89 28.46 18.11 43.19 38.21 29.15 46.87 28.02 52.0 13.0 40.5 19.24 22.67 24.74 6.4 11.0 22.36 40.5 44.29 43.57 18.44 5.83 17.0 26.4 22.85 31.14 37.7 7.21 33.24 35.51 7.07 33.6 20.25 14.87 50.48 35.34 14.42 7.81 55.47 42.05 49.04 50.99 18.25 22.09 44.27 27.0 17.49 44.05 27.02 3.16 33.24 19.85 37.01 51.01 4.24 26.17 28.64 21.1 5.83 33.02 50.49 39.05 32.02 28.02 9.9 
56.09 2.83 45.12 29.68 44.55 13.45 13.04 15.03 15.26 0.0 13.93 15.65 7.28 43.01 7.07 55.15 28.64 13.34 18.44 33.62 20.88 35.23 7.81 43.08 37.16 25.94 54.15 26.0 56.44 8.0 46.01 7.81 9.22 11.18 8.94 13.34 12.37 42.95 47.68 51.35 13.45 16.4 8.6 21.95 29.27 30.68 43.01 16.64 40.2 38.47 8.54 31.3 19.42 10.0 52.2 40.05 6.4 7.62 58.46 51.2 58.05 54.74 27.86 31.95 50.01 37.34 23.35 44.6 37.7 12.21 39.01 23.0 34.89 60.64 11.18 27.46 13.6 19.65 10.44 17.8 58.31 46.17 41.76 17.49 16.16 
44.94 13.04 31.4 24.19 33.24 26.63 14.42 6.32 9.43 13.93 0.0 27.59 16.28 33.29 12.81 42.01 18.6 24.08 17.03 19.7 7.07 22.02 12.21 34.21 29.0 19.72 41.01 18.6 44.64 7.07 33.54 13.6 23.09 19.42 9.49 17.89 25.08 32.2 36.4 38.01 23.35 5.0 20.0 17.09 16.03 21.93 30.59 4.12 27.02 27.31 10.44 24.21 10.82 19.24 42.06 27.89 17.0 10.2 47.54 37.48 44.41 43.32 13.93 18.03 37.48 23.41 10.05 35.23 23.77 7.81 26.31 11.18 27.66 46.87 9.43 17.2 24.76 11.66 11.18 30.61 45.01 33.02 27.89 20.4 2.24 
62.07 15.0 56.36 32.06 51.48 4.47 28.16 25.55 30.89 15.65 27.59 0.0 11.4 48.01 15.0 64.56 35.9 4.12 21.1 46.62 33.6 45.69 15.81 47.04 41.01 30.07 63.6 31.26 63.39 20.52 54.57 14.42 12.17 9.49 24.6 27.29 17.72 49.25 54.33 61.35 23.19 31.24 19.0 26.17 40.25 36.22 51.66 31.14 50.33 45.71 24.17 35.0 27.86 22.02 57.01 48.51 19.24 23.26 64.01 62.24 68.71 61.2 40.8 44.65 58.46 49.93 34.99 49.01 50.48 27.78 48.38 33.11 38.05 71.69 26.83 35.17 3.16 27.51 26.0 4.0 68.01 55.97 53.71 16.03 29.73 
53.15 5.0 45.31 24.7 42.0 11.4 20.02 14.32 20.88 7.28 16.28 11.4 0.0 39.46 3.61 54.13 26.02 7.81 13.0 35.23 22.2 34.79 4.47 39.05 32.98 21.59 53.15 22.2 54.0 9.22 44.41 3.16 12.08 4.0 15.13 20.62 17.2 40.05 45.01 50.7 20.0 20.25 15.0 17.46 29.15 27.17 41.44 20.0 39.56 36.01 15.03 26.93 17.26 17.0 48.66 38.33 13.42 14.04 55.33 51.26 57.87 52.04 29.41 33.29 48.37 38.59 23.71 40.79 39.12 17.72 37.85 22.14 30.36 60.75 17.26 25.08 8.49 17.12 17.03 14.76 57.49 45.35 42.49 10.63 18.38 
14.14 40.52 23.19 16.28 6.71 50.09 47.71 28.64 42.01 43.01 33.29 48.01 39.46 0.0 36.88 22.02 14.76 44.0 27.02 27.86 28.32 18.03 35.9 3.16 7.28 18.03 21.4 17.26 16.16 35.47 13.0 36.67 51.2 39.05 42.54 51.11 55.36 4.12 7.81 21.47 55.54 36.24 51.26 22.09 20.81 12.37 12.17 34.83 17.03 7.62 43.42 13.04 23.77 51.48 9.22 11.05 48.47 42.94 16.0 25.63 28.84 13.6 27.46 26.4 15.0 26.68 24.76 2.24 27.66 41.05 14.14 22.2 10.44 32.45 42.72 16.12 45.0 23.41 44.42 52.01 25.5 17.72 25.02 32.06 32.2 
50.36 4.24 41.79 22.83 39.05 14.87 18.44 10.77 18.25 7.07 12.81 15.0 3.61 36.88 0.0 50.8 23.02 11.31 11.4 31.62 18.6 31.32 1.0 36.69 30.68 19.31 49.82 19.65 51.04 5.83 41.19 1.0 14.32 6.71 13.04 19.7 18.79 37.22 42.11 47.3 20.52 17.0 15.62 15.23 25.63 24.52 38.21 16.64 36.14 33.02 13.15 24.7 14.04 17.03 46.1 35.13 13.45 12.17 52.61 47.76 54.41 49.16 25.81 29.68 45.18 34.99 20.12 38.33 35.51 15.13 34.53 18.68 28.23 57.25 15.0 22.0 12.04 14.0 15.13 18.36 54.13 41.98 38.91 10.77 14.87 
15.0 53.34 12.53 36.06 15.56 65.51 54.74 40.31 47.85 55.15 42.01 64.56 54.13 22.02 50.8 0.0 28.79 60.44 44.01 25.63 35.06 20.0 49.82 25.0 28.32 35.78 1.0 34.01 11.05 47.17 10.3 50.99 64.28 55.08 51.16 58.69 67.01 18.38 14.42 4.47 65.19 42.43 62.01 39.0 26.0 29.53 13.0 41.3 15.0 19.72 52.15 32.45 36.88 61.13 19.65 16.16 59.01 52.09 17.12 8.6 7.28 13.04 29.61 25.96 7.07 21.93 32.0 23.02 22.36 48.37 16.28 32.25 31.24 10.77 50.36 29.41 61.4 37.11 52.35 68.41 3.61 9.0 17.0 49.77 40.05 
27.46 26.31 22.63 10.44 16.03 37.22 33.02 13.93 27.59 28.64 18.6 35.9 26.02 14.76 23.02 28.79 0.0 31.78 15.23 19.24 14.42 12.21 22.02 15.62 10.82 7.81 27.86 5.66 28.02 20.88 18.68 23.0 37.22 26.48 27.78 36.36 41.0 14.32 19.1 25.94 40.85 21.93 36.69 10.3 10.05 4.12 15.81 20.52 15.62 10.0 28.65 8.0 9.22 36.77 23.77 12.65 33.84 28.18 29.83 27.8 33.62 26.17 16.12 17.12 22.56 20.25 11.18 16.64 21.19 26.4 13.04 7.81 10.44 36.89 28.02 1.41 32.76 9.06 29.68 39.81 32.31 20.59 21.63 21.02 17.69 
58.03 12.08 52.33 28.16 47.38 6.71 26.31 21.63 28.23 13.34 24.08 4.12 7.81 44.0 11.31 60.44 31.78 0.0 17.03 42.8 29.83 41.63 12.04 43.1 37.05 26.02 59.48 27.17 59.3 17.03 50.45 10.63 12.53 5.39 22.14 26.0 18.36 45.18 50.25 57.25 23.09 28.02 18.44 22.09 36.24 32.14 47.54 27.8 46.24 41.59 21.84 31.02 23.77 21.21 53.04 44.38 18.03 20.88 60.0 58.18 64.62 57.14 37.01 40.8 54.34 46.04 31.06 45.04 46.62 25.08 44.27 29.07 34.13 67.62 24.35 31.05 1.0 23.41 23.77 8.06 63.89 51.87 49.74 12.17 26.17 
41.01 15.62 37.2 11.7 30.41 23.09 28.18 11.05 25.71 18.44 17.03 21.1 13.0 27.02 11.4 44.01 15.23 17.03 0.0 30.23 18.97 26.4 10.63 26.31 20.22 9.0 43.08 10.2 42.3 13.42 33.84 10.82 25.08 12.04 22.36 30.23 30.02 28.16 33.24 41.15 31.89 22.02 27.02 5.1 21.93 15.13 31.02 21.0 30.53 24.74 22.83 14.14 9.43 28.28 36.12 27.86 24.76 21.95 43.01 42.72 48.76 40.11 25.06 28.02 37.64 32.65 18.36 28.16 33.42 23.09 28.18 15.0 17.46 51.97 23.77 14.76 18.03 8.6 24.6 25.08 47.54 35.78 35.38 5.83 18.03 
33.94 32.65 13.34 29.61 23.85 46.14 30.0 21.26 23.0 33.62 19.7 46.62 35.23 27.86 31.62 25.63 19.24 42.8 30.23 0.0 13.04 9.85 30.81 30.36 28.16 26.25 24.7 24.04 32.02 26.42 20.52 32.2 42.72 37.64 27.46 34.0 44.15 24.6 26.4 21.19 41.19 18.25 38.83 26.83 9.22 23.09 18.44 17.46 12.73 20.25 28.44 27.17 20.81 37.34 33.84 17.49 35.9 28.64 36.77 19.1 26.08 31.83 5.83 2.24 23.6 4.0 12.04 30.08 4.12 24.19 14.42 15.26 29.0 28.02 26.17 18.44 43.6 21.63 28.16 49.93 27.89 17.49 9.06 35.61 17.46 
38.91 19.7 24.33 22.56 27.29 33.12 20.25 8.6 13.89 20.88 7.07 33.6 22.2 28.32 18.6 35.06 14.42 29.83 18.97 13.04 0.0 15.13 17.8 29.73 25.24 18.25 34.06 16.49 38.28 13.42 26.93 19.21 30.08 24.76 16.12 24.04 32.14 26.63 30.41 31.0 30.15 8.06 27.02 17.03 9.22 18.36 24.04 6.71 20.1 21.63 17.12 21.54 10.05 26.08 36.62 21.54 24.02 17.03 41.59 30.41 37.34 37.16 7.21 11.18 30.81 16.55 3.61 30.41 17.0 13.6 19.65 6.71 24.6 39.81 15.52 13.04 30.61 11.05 17.46 36.89 38.0 26.08 20.88 23.71 5.0 
25.0 33.54 10.82 22.36 14.21 46.17 35.17 20.62 28.46 35.23 22.02 45.69 34.79 18.03 31.32 20.0 12.21 41.63 26.4 9.85 15.13 0.0 30.36 20.62 19.03 20.0 19.0 17.8 23.71 27.29 12.08 31.62 44.41 36.25 31.26 39.05 47.01 14.76 16.97 16.12 45.28 22.8 42.01 21.93 6.0 15.23 9.43 21.59 5.0 10.44 32.25 19.31 17.89 41.19 24.21 7.81 39.01 32.14 27.8 16.55 23.09 23.02 10.82 8.6 15.81 9.0 12.0 20.25 10.0 28.64 5.0 12.65 20.4 26.0 30.59 12.04 42.54 18.36 32.56 49.4 23.09 11.0 9.43 32.2 20.1 
49.37 5.0 40.85 21.95 38.05 15.81 18.68 9.85 18.11 7.81 12.21 15.81 4.47 35.9 1.0 49.82 22.02 12.04 10.63 30.81 17.8 30.36 0.0 35.74 29.73 18.38 48.84 18.68 50.04 5.39 40.2 1.41 15.3 7.21 13.15 20.12 19.7 36.22 41.11 46.32 21.26 16.55 16.4 14.32 24.7 23.54 37.22 16.12 35.17 32.02 13.34 23.77 13.04 17.69 45.12 34.13 14.14 12.37 51.62 46.82 53.45 48.17 25.0 28.84 44.18 34.13 19.24 37.36 34.67 15.03 33.54 17.72 27.31 56.3 15.03 21.0 12.81 13.0 15.3 19.24 53.15 41.0 38.01 10.44 14.21 
15.81 40.5 26.31 15.0 9.85 49.37 48.6 29.15 43.19 43.08 34.21 47.04 39.05 3.16 36.69 25.0 15.62 43.1 26.31 30.36 29.73 20.62 35.74 0.0 6.08 17.46 24.41 17.09 18.36 35.78 16.16 36.4 50.96 38.33 43.27 51.87 55.36 7.28 10.63 24.6 55.9 37.48 51.48 21.59 22.83 12.53 15.3 36.07 20.0 10.2 44.1 12.17 24.19 51.88 10.05 14.0 48.75 43.57 17.26 28.79 31.91 15.65 29.53 28.79 18.03 29.43 26.25 2.24 30.41 42.01 17.03 23.35 9.0 35.51 43.6 17.03 44.1 23.71 45.22 51.04 28.43 20.88 28.0 31.02 33.3 
21.38 34.54 26.93 9.06 12.81 43.29 43.28 23.6 38.21 37.16 29.0 41.01 32.98 7.28 30.68 28.32 10.82 37.05 20.22 28.16 25.24 19.03 29.73 6.08 0.0 11.4 27.59 11.18 23.41 30.02 18.44 30.36 44.92 32.25 37.8 46.4 49.4 10.0 14.76 27.02 50.12 32.65 45.62 15.52 19.65 7.07 16.64 31.24 19.92 9.85 38.6 6.08 18.6 46.14 16.0 14.32 42.94 38.01 23.09 30.53 34.71 20.88 26.25 26.31 21.26 28.02 21.95 8.0 29.02 36.8 16.76 18.6 3.16 38.29 38.29 12.21 38.05 18.03 39.82 45.01 31.89 22.47 27.66 25.0 28.32 
32.02 23.26 30.41 4.47 21.59 32.06 33.3 13.6 29.15 25.94 19.72 30.07 21.59 18.03 19.31 35.78 7.81 26.02 9.0 26.25 18.25 20.0 18.38 17.46 11.4 0.0 34.89 2.24 33.38 19.21 25.5 18.97 33.53 21.02 27.59 36.07 38.08 19.24 24.33 33.29 39.12 24.17 34.48 4.12 17.09 6.32 22.83 22.85 23.35 16.16 28.28 5.39 8.94 35.23 27.17 19.72 31.91 27.59 34.01 35.47 41.05 31.14 22.2 24.04 29.15 27.73 16.0 19.24 28.64 27.2 20.62 12.0 8.94 44.41 28.43 8.06 27.02 8.06 29.73 34.06 39.36 28.02 29.41 14.32 19.7 
15.03 52.35 11.66 35.23 14.87 64.54 53.76 39.32 46.87 54.15 41.01 63.6 53.15 21.4 49.82 1.0 27.86 59.48 43.08 24.7 34.06 19.0 48.84 24.41 27.59 34.89 0.0 33.11 11.18 46.17 9.43 50.01 63.29 54.12 50.16 57.71 66.01 17.69 13.89 3.61 64.2 41.44 61.01 38.08 25.0 28.65 12.08 40.31 14.0 18.87 51.16 31.62 35.9 60.13 19.42 15.23 58.01 51.09 17.26 8.06 7.62 13.0 28.64 25.0 6.4 21.02 31.0 22.47 21.47 47.38 15.3 31.26 30.48 11.18 49.37 28.46 60.44 36.14 51.35 67.45 4.47 8.0 16.12 48.85 39.05 
31.02 23.41 28.28 6.08 20.22 33.0 32.53 12.73 28.02 26.0 18.6 31.26 22.2 17.26 19.65 34.01 5.66 27.17 10.2 24.04 16.49 17.8 18.68 17.09 11.18 2.24 33.11 0.0 32.14 18.87 23.77 19.42 33.96 22.02 26.91 35.47 38.28 18.03 23.09 31.38 38.95 22.83 34.44 5.1 14.87 5.0 21.02 21.47 21.26 14.56 27.66 5.66 7.81 34.99 26.48 17.89 31.76 27.02 33.14 33.42 39.12 30.02 20.1 21.84 27.51 25.5 14.04 18.68 26.4 26.25 18.6 10.05 9.22 42.44 27.59 5.83 28.16 7.07 29.0 35.23 37.58 26.08 27.2 15.81 18.36 
4.12 54.23 20.81 32.28 12.0 65.07 58.52 41.44 52.0 56.44 44.64 63.39 54.0 16.16 51.04 11.05 28.02 59.3 42.3 32.02 38.28 23.71 50.04 18.36 23.41 33.38 11.18 32.14 0.0 48.51 11.66 51.01 65.19 54.15 54.12 62.3 68.73 14.14 9.06 13.93 67.91 46.24 64.13 37.22 29.15 27.17 14.32 44.94 19.42 18.03 55.08 28.86 37.12 63.79 10.0 16.76 61.19 54.82 6.08 18.97 18.03 2.83 34.48 31.62 8.49 29.0 34.79 16.12 29.7 51.87 18.79 33.73 26.57 21.21 53.76 29.07 60.3 37.05 55.66 67.36 13.15 14.87 24.84 47.68 43.01 
48.27 6.32 37.36 23.35 36.67 19.72 14.76 7.07 13.0 8.0 7.07 20.52 9.22 35.47 5.83 47.17 20.88 17.03 13.42 26.42 13.42 27.29 5.39 35.78 30.02 19.21 46.17 18.87 48.51 0.0 38.01 6.71 17.12 12.53 8.94 17.03 20.22 35.17 39.81 43.42 20.12 11.18 15.81 15.56 21.38 23.26 35.01 10.82 32.25 30.59 9.43 24.41 11.7 16.12 44.6 32.06 13.0 8.6 50.7 43.42 50.22 46.87 20.59 24.6 42.01 29.97 15.52 37.16 30.41 10.05 31.02 15.0 28.02 52.89 10.44 19.65 17.69 12.08 11.18 23.6 50.36 38.21 34.18 15.03 9.22 
13.45 44.01 11.18 25.81 6.32 55.73 47.13 31.0 40.5 46.01 33.54 54.57 44.41 13.0 41.19 10.3 18.68 50.45 33.84 20.52 26.93 12.08 40.2 16.16 18.44 25.5 9.43 23.77 11.66 38.01 0.0 41.3 55.01 45.12 42.95 50.96 58.14 8.94 7.07 8.6 56.89 34.79 53.34 28.79 17.72 19.24 3.0 33.53 7.81 9.43 43.93 22.2 27.17 52.77 14.56 6.08 50.36 43.74 16.28 12.65 16.28 11.31 22.83 20.0 4.0 17.8 23.54 14.56 18.6 40.52 7.28 23.02 21.21 19.85 42.45 19.42 51.42 27.29 44.38 58.46 13.89 5.0 14.32 39.56 31.78 
50.25 5.0 42.15 22.36 39.01 14.56 19.42 11.18 19.24 7.81 13.6 14.42 3.16 36.67 1.0 50.99 23.0 10.63 10.82 32.2 19.21 31.62 1.41 36.4 30.36 18.97 50.01 19.42 51.01 6.71 41.3 0.0 14.56 5.83 14.04 20.62 19.24 37.12 42.05 47.54 21.21 17.89 16.28 14.87 26.0 24.33 38.33 17.49 36.4 33.0 14.14 24.35 14.14 17.8 45.89 35.23 14.21 13.15 52.47 48.1 54.71 49.09 26.4 30.23 45.28 35.51 20.59 38.08 36.06 16.12 34.71 18.97 27.86 57.58 16.0 22.02 11.4 14.04 16.12 17.89 54.34 42.2 39.36 9.85 15.62 
64.63 11.0 54.34 36.77 53.24 8.0 18.03 24.02 22.67 9.22 23.09 12.17 12.08 51.2 14.32 64.28 37.22 12.53 25.08 42.72 30.08 44.41 15.3 50.96 44.92 33.53 63.29 33.96 65.19 17.12 55.01 14.56 0.0 14.21 16.4 16.16 5.83 51.48 56.32 60.53 11.05 25.06 7.28 29.41 38.47 38.83 52.01 25.5 49.37 47.17 15.62 38.9 28.07 10.44 60.42 49.0 8.6 15.0 66.91 60.42 67.27 63.39 37.0 41.11 59.01 46.49 32.56 52.63 46.82 20.0 48.09 32.06 42.38 69.86 18.44 36.12 12.08 28.16 16.97 12.17 67.48 55.33 50.96 22.2 25.3 
53.0 9.0 46.96 23.54 42.19 11.05 24.02 16.4 24.74 11.18 19.42 9.49 4.0 39.05 6.71 55.08 26.48 5.39 12.04 37.64 24.76 36.25 7.21 38.33 32.25 21.02 54.12 22.02 54.15 12.53 45.12 5.83 14.21 0.0 19.1 24.52 19.8 40.05 45.1 51.87 23.32 23.71 18.36 17.0 30.89 27.02 42.2 23.32 40.85 36.35 19.03 26.17 18.38 20.62 48.17 39.05 17.09 18.03 55.04 52.8 59.24 52.04 31.89 35.61 49.03 40.8 25.81 40.2 41.4 21.59 38.9 23.71 29.43 62.24 21.21 25.71 6.32 18.03 21.02 13.34 58.52 46.49 44.42 8.06 21.4 
54.42 10.2 40.05 31.89 42.72 22.2 5.83 14.21 6.4 8.94 9.49 24.6 15.13 42.54 13.04 51.16 27.78 22.14 22.36 27.46 16.12 31.26 13.15 43.27 37.8 27.59 50.16 26.91 54.12 8.94 42.95 14.04 16.4 19.1 0.0 8.6 16.76 41.63 45.88 47.04 14.04 9.22 11.4 24.21 25.32 30.81 40.02 10.05 36.22 36.77 1.0 32.56 19.21 10.0 51.43 37.36 8.54 1.41 57.01 46.1 53.08 52.81 22.09 26.17 46.87 31.4 19.42 44.42 31.58 3.61 35.69 20.62 36.12 55.33 2.24 26.42 22.47 19.85 2.24 26.63 54.04 42.19 36.22 23.54 11.18 
62.77 15.81 47.1 40.31 51.08 23.77 4.0 22.8 11.0 13.34 17.89 27.29 20.62 51.11 19.7 58.69 36.36 26.0 30.23 34.0 24.04 39.05 20.12 51.87 46.4 36.07 57.71 35.47 62.3 17.03 50.96 20.62 16.16 24.52 8.6 0.0 13.45 50.09 54.23 54.45 8.06 16.28 8.94 32.56 33.24 39.41 48.08 17.46 43.93 45.19 7.81 41.11 27.8 5.83 59.94 45.54 8.06 8.49 65.39 53.04 60.03 61.1 29.15 33.06 54.82 38.0 27.51 53.0 38.01 10.44 43.68 29.07 44.69 62.01 8.54 34.99 26.02 28.43 6.71 28.16 61.4 49.82 43.01 30.46 19.31 
68.45 14.87 56.44 41.59 56.89 13.34 16.4 27.29 22.36 12.37 25.08 17.72 17.2 55.36 18.79 67.01 41.0 18.36 30.02 44.15 32.14 47.01 19.7 55.36 49.4 38.08 66.01 38.28 68.73 20.22 58.14 19.24 5.83 19.8 16.76 13.45 0.0 55.32 60.02 63.07 6.32 25.96 5.39 34.01 41.01 43.01 55.15 26.68 52.01 50.8 15.81 43.46 31.78 7.81 64.56 52.24 8.25 15.52 70.83 62.51 69.46 67.08 38.64 42.76 62.13 48.05 35.01 56.92 48.27 20.25 51.04 35.13 47.01 71.85 18.38 39.81 17.89 32.02 16.55 17.03 70.06 58.01 52.77 27.66 27.17 
13.15 40.61 19.1 18.38 2.83 51.01 46.53 28.16 40.5 42.95 32.2 49.25 40.05 4.12 37.22 18.38 14.32 45.18 28.16 24.6 26.63 14.76 36.22 7.28 10.0 19.24 17.69 18.03 14.14 35.17 8.94 37.12 51.48 40.05 41.63 50.09 55.32 0.0 5.1 17.49 55.03 34.67 50.96 23.09 18.38 13.04 8.06 33.29 13.15 5.0 42.54 14.87 23.54 50.92 10.0 7.28 48.08 42.15 15.52 21.54 25.0 12.0 24.84 23.32 11.31 23.09 23.02 6.0 24.04 39.82 10.44 21.02 13.04 28.6 41.59 15.52 46.17 23.35 43.38 53.24 21.93 13.6 21.1 33.54 30.89 
8.54 45.4 18.25 23.41 3.16 56.04 50.57 32.76 44.29 47.68 36.4 54.33 45.01 7.81 42.11 14.42 19.1 50.25 33.24 26.4 30.41 16.97 41.11 10.63 14.76 24.33 13.89 23.09 9.06 39.81 7.07 42.05 56.32 45.1 45.88 54.23 60.02 5.1 0.0 14.56 59.48 38.47 55.54 28.16 21.63 18.11 8.06 37.12 13.89 9.22 46.82 19.92 28.28 55.36 7.62 9.22 52.63 46.49 11.18 19.24 21.47 7.07 27.66 25.5 7.62 24.19 26.83 8.6 25.06 43.86 12.04 25.3 17.89 25.06 45.69 20.22 51.24 28.16 47.54 58.31 17.8 12.04 21.19 38.64 34.93 
17.46 49.65 8.06 34.06 14.76 62.1 50.49 36.67 43.57 51.35 38.01 61.35 50.7 21.47 47.3 4.47 25.94 57.25 41.15 21.19 31.0 16.12 46.32 24.6 27.02 33.29 3.61 31.38 13.93 43.42 8.6 47.54 60.53 51.87 47.04 54.45 63.07 17.49 14.56 0.0 61.07 38.21 58.01 36.24 22.09 27.2 10.63 37.12 11.18 17.69 48.04 30.48 33.53 57.04 21.02 13.6 55.01 48.01 19.92 5.1 7.81 15.3 25.32 21.59 7.07 17.46 28.07 22.85 17.89 44.18 13.0 28.64 29.73 11.31 46.17 26.4 58.19 33.84 48.17 65.15 7.0 5.39 12.53 46.96 36.0 
68.01 16.28 54.01 43.01 56.32 19.03 11.7 26.93 18.44 13.45 23.35 23.19 20.0 55.54 20.52 65.19 40.85 23.09 31.89 41.19 30.15 45.28 21.26 55.9 50.12 39.12 64.2 38.95 67.91 20.12 56.89 21.21 11.05 23.32 14.04 8.06 6.32 55.03 59.48 61.07 0.0 23.02 5.0 35.23 39.32 43.38 53.94 24.0 50.25 50.29 13.04 44.42 31.78 4.12 64.62 51.2 7.21 13.15 70.52 60.03 67.03 66.48 36.01 40.05 60.83 45.18 33.38 57.27 45.28 17.03 49.65 34.21 48.02 69.18 15.03 39.56 22.8 32.2 13.04 23.02 68.07 56.22 50.09 30.61 25.18 
46.96 16.28 31.0 28.64 35.36 29.73 12.37 11.18 5.83 16.4 5.0 31.24 20.25 36.24 17.0 42.43 21.93 28.02 22.02 18.25 8.06 22.8 16.55 37.48 32.65 24.17 41.44 22.83 46.24 11.18 34.79 17.89 25.06 23.71 9.22 16.28 25.96 34.67 38.47 38.21 23.02 0.0 20.62 21.84 17.09 25.61 31.95 1.41 27.66 29.68 10.2 28.3 15.23 19.1 44.65 29.55 17.72 10.44 49.65 37.01 44.01 45.19 13.0 17.03 38.6 22.2 11.66 38.29 22.36 6.0 27.51 14.14 31.62 46.17 8.0 20.52 28.6 16.16 10.0 33.94 45.18 33.54 27.07 25.32 4.47 
64.03 11.4 51.24 38.28 52.39 15.13 11.31 22.8 17.0 8.6 20.0 19.0 15.0 51.26 15.62 62.01 36.69 18.44 27.02 38.83 27.02 42.01 16.4 51.48 45.62 34.48 61.01 34.44 64.13 15.81 53.34 16.28 7.28 18.36 11.4 8.94 5.39 50.96 55.54 58.01 5.0 20.62 0.0 30.53 36.01 39.0 50.36 21.38 47.01 46.32 10.44 39.82 27.51 3.16 60.41 47.52 3.0 10.2 66.48 57.31 64.28 62.59 33.38 37.48 57.31 42.76 30.02 52.92 42.95 14.87 46.17 30.41 43.42 66.61 13.0 35.44 18.25 27.86 11.18 19.42 65.01 53.01 47.52 25.61 22.02 
36.0 19.24 32.65 7.81 25.32 28.02 30.0 10.77 26.4 21.95 17.09 26.17 17.46 22.09 15.23 39.0 10.3 22.09 5.1 26.83 17.03 21.93 14.32 21.59 15.52 4.12 38.08 5.1 37.22 15.56 28.79 14.87 29.41 17.0 24.21 32.56 34.01 23.09 28.16 36.24 35.23 21.84 30.53 0.0 18.03 10.05 26.0 20.62 25.81 19.65 24.84 9.49 7.0 31.4 31.26 22.85 28.02 24.08 38.05 38.01 43.91 35.06 22.14 24.6 32.57 28.84 15.52 23.35 29.68 24.19 23.32 11.7 13.0 47.17 25.24 10.0 23.09 6.0 26.4 30.15 42.54 30.89 31.14 10.77 17.46 
30.02 27.66 16.16 20.4 18.6 40.5 29.41 14.87 22.85 29.27 16.03 40.25 29.15 20.81 25.63 26.0 10.05 36.24 21.93 9.22 9.22 6.0 24.7 22.83 19.65 17.09 25.0 14.87 29.15 21.38 17.72 26.0 38.47 30.89 25.32 33.24 41.01 18.38 21.63 22.09 39.32 17.09 36.01 18.03 0.0 14.0 14.87 15.81 11.0 13.45 26.31 18.03 12.81 35.23 28.32 12.53 33.02 26.17 32.76 22.14 28.86 28.18 6.71 7.07 21.59 10.82 6.0 23.02 11.66 22.8 10.44 7.21 20.1 31.62 24.74 9.22 37.12 13.45 26.68 43.86 29.07 17.0 13.6 27.59 14.14 
26.02 28.16 25.0 7.21 15.3 38.0 36.24 16.64 31.14 30.68 21.93 36.22 27.17 12.37 24.52 29.53 4.12 32.14 15.13 23.09 18.36 15.23 23.54 12.53 7.07 6.32 28.65 5.0 27.17 23.26 19.24 24.33 38.83 27.02 30.81 39.41 43.01 13.04 18.11 27.2 43.38 25.61 39.0 10.05 14.0 0.0 16.64 24.21 17.8 9.85 31.62 4.12 11.66 39.36 21.59 13.6 36.25 31.06 28.16 29.7 35.0 25.02 20.22 21.02 22.85 23.77 15.23 13.93 24.74 29.73 14.87 11.66 6.32 38.42 31.24 5.39 33.14 11.18 32.8 40.2 33.12 22.02 24.6 20.62 21.26 
15.62 41.01 11.05 23.43 6.08 52.77 44.27 28.0 37.7 43.01 30.59 51.66 41.44 12.17 38.21 13.0 15.81 47.54 31.02 18.44 24.04 9.43 37.22 15.3 16.64 22.83 12.08 21.02 14.32 35.01 3.0 38.33 52.01 42.2 40.02 48.08 55.15 8.06 8.06 10.63 53.94 31.95 50.36 26.0 14.87 16.64 0.0 30.68 5.83 7.07 41.0 19.85 24.19 49.82 15.65 3.16 47.38 40.79 18.44 13.89 18.44 13.6 20.25 17.69 7.0 16.12 20.62 14.04 17.0 37.64 4.47 20.02 19.21 21.93 39.56 16.49 48.51 24.33 41.48 55.54 16.55 5.83 13.34 36.77 28.86 
45.62 16.28 30.02 27.31 34.0 29.83 13.6 10.05 7.21 16.64 4.12 31.14 20.0 34.83 16.64 41.3 20.52 27.8 21.0 17.46 6.71 21.59 16.12 36.07 31.24 22.85 40.31 21.47 44.94 10.82 33.53 17.49 25.5 23.32 10.05 17.46 26.68 33.29 37.12 37.12 24.0 1.41 21.38 20.62 15.81 24.21 30.68 0.0 26.48 28.3 11.05 26.93 13.93 20.02 43.27 28.23 18.44 11.18 48.3 36.06 43.05 43.86 12.04 16.12 37.36 21.38 10.3 36.88 21.59 7.07 26.25 12.73 30.23 45.28 9.06 19.1 28.43 14.87 11.05 33.97 44.1 32.39 26.17 24.52 3.16 
21.21 38.47 7.21 25.0 11.7 50.96 40.02 25.5 33.24 40.2 27.02 50.33 39.56 17.03 36.14 15.0 15.62 46.24 30.53 12.73 20.1 5.0 35.17 20.0 19.92 23.35 14.0 21.26 19.42 32.25 7.81 36.4 49.37 40.85 36.22 43.93 52.01 13.15 13.89 11.18 50.25 27.66 47.01 25.81 11.0 17.8 5.83 26.48 0.0 10.2 37.22 21.63 22.47 46.17 21.47 6.0 44.01 37.12 24.04 12.21 18.38 19.1 15.23 12.21 11.18 10.3 17.0 19.1 11.18 33.54 3.16 17.46 21.93 21.47 35.51 15.81 47.17 22.85 37.48 54.08 18.11 6.0 8.0 36.36 25.08 
17.72 36.22 17.09 16.4 6.08 47.17 41.59 23.54 35.51 38.47 27.31 45.71 36.01 7.62 33.02 19.72 10.0 41.59 24.74 20.25 21.63 10.44 32.02 10.2 9.85 16.16 18.87 14.56 18.03 30.59 9.43 33.0 47.17 36.35 36.77 45.19 50.8 5.0 9.22 17.69 50.29 29.68 46.32 19.65 13.45 9.85 7.07 28.3 10.2 0.0 37.7 12.81 19.1 46.17 15.0 4.47 43.42 37.34 20.25 20.81 25.5 16.28 20.0 18.79 13.0 19.24 18.03 9.85 20.22 34.89 7.07 16.16 12.21 29.0 36.67 11.05 42.58 19.03 38.48 49.65 23.32 12.81 18.11 30.36 25.94 
55.36 10.05 41.05 32.56 43.66 21.63 5.39 15.0 7.07 8.54 10.44 24.17 15.03 43.42 13.15 52.15 28.65 21.84 22.83 28.44 17.12 32.25 13.34 44.1 38.6 28.28 51.16 27.66 55.08 9.43 43.93 14.14 15.62 19.03 1.0 7.81 15.81 42.54 46.82 48.04 13.04 10.2 10.44 24.84 26.31 31.62 41.0 11.05 37.22 37.7 0.0 33.3 20.0 9.0 52.33 38.33 7.62 1.0 57.94 47.1 54.08 53.76 23.09 27.17 47.85 32.39 20.4 45.28 32.56 4.47 36.67 21.54 36.88 56.32 2.83 27.29 22.14 20.62 2.0 26.08 55.04 43.19 37.22 23.77 12.17 
27.17 28.64 28.84 3.61 17.46 37.22 38.18 18.38 33.6 31.3 24.21 35.0 26.93 13.04 24.7 32.45 8.0 31.02 14.14 27.17 21.54 19.31 23.77 12.17 6.08 5.39 31.62 5.66 28.86 24.41 22.2 24.35 38.9 26.17 32.56 41.11 43.46 14.87 19.92 30.48 44.42 28.3 39.82 9.49 18.03 4.12 19.85 26.93 21.63 12.81 33.3 0.0 13.45 40.5 22.02 16.97 37.22 32.65 29.02 33.3 38.29 26.48 24.08 25.08 25.55 27.89 18.68 14.04 28.86 31.89 18.6 14.87 3.61 41.77 33.24 9.06 32.02 12.73 34.66 39.0 36.06 25.46 28.64 19.03 23.85 
36.67 17.12 28.65 13.42 25.18 28.64 24.76 5.0 20.25 19.42 10.82 27.86 17.26 23.77 14.04 36.88 9.22 23.77 9.43 20.81 10.05 17.89 13.04 24.19 18.6 8.94 35.9 7.81 37.12 11.7 27.17 14.14 28.07 18.38 19.21 27.8 31.78 23.54 28.28 33.53 31.78 15.23 27.51 7.0 12.81 11.66 24.19 13.93 22.47 19.1 20.0 13.45 0.0 27.73 32.89 21.1 24.7 19.42 39.05 34.44 40.85 35.36 15.65 18.6 31.14 23.35 8.94 25.5 24.08 18.44 20.62 5.66 16.97 43.86 19.8 8.06 24.7 1.0 21.26 31.62 40.26 28.16 26.4 14.87 10.77 
63.89 12.81 50.04 39.2 52.2 18.25 8.6 22.85 14.87 10.0 19.24 22.02 17.0 51.48 17.03 61.13 36.77 21.21 28.28 37.34 26.08 41.19 17.69 51.88 46.14 35.23 60.13 34.99 63.79 16.12 52.77 17.8 10.44 20.62 10.0 5.83 7.81 50.92 55.36 57.04 4.12 19.1 3.16 31.4 35.23 39.36 49.82 20.02 46.17 46.17 9.0 40.5 27.73 0.0 60.54 47.07 3.61 9.06 66.41 56.08 63.07 62.36 32.06 36.12 56.72 41.3 29.27 53.23 41.44 13.15 45.54 30.08 44.1 65.28 11.18 35.47 21.1 28.18 9.22 22.56 64.03 52.15 46.17 27.46 21.1 
6.4 49.73 25.71 25.02 10.0 59.21 56.44 37.7 50.48 52.2 42.06 57.01 48.66 9.22 46.1 19.65 23.77 53.04 36.12 33.84 36.62 24.21 45.12 10.05 16.0 27.17 19.42 26.48 10.0 44.6 14.56 45.89 60.42 48.17 51.43 59.94 64.56 10.0 7.62 21.02 64.62 44.65 60.41 31.26 28.32 21.59 15.65 43.27 21.47 15.0 52.33 22.02 32.89 60.54 0.0 16.4 57.58 51.89 7.28 26.0 26.93 7.21 34.66 32.8 14.0 31.76 33.02 8.0 32.65 49.74 19.42 30.89 19.03 30.36 51.48 25.08 54.04 32.57 53.24 61.01 22.47 19.42 28.79 41.0 40.82 
17.49 38.0 12.65 20.52 6.4 49.65 41.79 25.02 35.34 40.05 27.89 48.51 38.33 11.05 35.13 16.16 12.65 44.38 27.86 17.49 21.54 7.81 34.13 14.0 14.32 19.72 15.23 17.89 16.76 32.06 6.08 35.23 49.0 39.05 37.36 45.54 52.24 7.28 9.22 13.6 51.2 29.55 47.52 22.85 12.53 13.6 3.16 28.23 6.0 4.47 38.33 16.97 21.1 47.07 16.4 0.0 44.55 38.08 20.25 16.4 21.4 15.65 18.44 16.4 10.05 15.81 18.03 13.15 16.76 35.11 3.16 17.12 16.64 24.84 37.0 13.34 45.35 21.21 38.9 52.39 19.7 8.49 14.0 33.62 26.25 
61.13 9.22 48.26 35.81 49.48 15.81 9.43 19.92 14.42 6.4 17.0 19.24 13.42 48.47 13.45 59.01 33.84 18.03 24.76 35.9 24.02 39.01 14.14 48.75 42.94 31.91 58.01 31.76 61.19 13.0 50.36 14.21 8.6 17.09 8.54 8.06 8.25 48.08 52.63 55.01 7.21 17.72 3.0 28.02 33.02 36.25 47.38 18.44 44.01 43.42 7.62 37.22 24.7 3.61 57.58 44.55 0.0 7.28 63.6 54.33 61.29 59.67 30.41 34.53 54.33 39.81 27.02 50.16 40.02 12.08 43.19 27.46 40.82 63.64 10.3 32.57 18.0 25.08 8.6 20.25 62.01 50.01 44.55 23.85 19.03 
55.03 9.06 41.11 31.83 43.32 20.81 6.32 14.42 7.81 7.62 10.2 23.26 14.04 42.94 12.17 52.09 28.18 20.88 21.95 28.64 17.03 32.14 12.37 43.57 38.01 27.59 51.09 27.02 54.82 8.6 43.74 13.15 15.0 18.03 1.41 8.49 15.52 42.15 46.49 48.01 13.15 10.44 10.2 24.08 26.17 31.06 40.79 11.18 37.12 37.34 1.0 32.65 19.42 9.06 51.89 38.08 7.28 0.0 57.58 47.17 54.15 53.45 23.19 27.29 47.68 32.56 20.22 44.78 32.76 5.0 36.5 21.19 36.24 56.44 3.61 26.83 21.19 20.0 3.0 25.24 55.01 43.1 37.34 22.8 12.04 
2.83 56.09 26.42 32.14 14.32 66.07 61.74 43.68 55.47 58.46 47.54 64.01 55.33 16.0 52.61 17.12 29.83 60.0 43.01 36.77 41.59 27.8 51.62 17.26 23.09 34.01 17.26 33.14 6.08 50.7 16.28 52.47 66.91 55.04 57.01 65.39 70.83 15.52 11.18 19.92 70.52 49.65 66.48 38.05 32.76 28.16 18.44 48.3 24.04 20.25 57.94 29.02 39.05 66.41 7.28 20.25 63.6 57.58 0.0 25.0 24.0 5.0 38.6 36.12 13.89 34.06 38.01 15.13 34.83 55.04 22.8 36.4 26.17 27.07 56.86 31.05 61.0 38.83 58.69 68.01 19.03 20.25 30.23 48.04 46.1 
22.56 49.73 6.08 36.8 18.97 62.63 49.04 37.0 42.05 51.2 37.48 62.24 51.26 25.63 47.76 8.6 27.8 58.18 42.72 19.1 30.41 16.55 46.82 28.79 30.53 35.47 8.06 33.42 18.97 43.42 12.65 48.1 60.42 52.8 46.1 53.04 62.51 21.54 19.24 5.1 60.03 37.01 57.31 38.01 22.14 29.7 13.89 36.06 12.21 20.81 47.1 33.3 34.44 56.08 26.0 16.4 54.33 47.17 25.0 0.0 7.0 20.4 24.02 20.0 12.0 15.13 27.89 27.2 15.3 43.01 14.87 29.15 33.02 9.49 45.01 28.02 59.09 34.89 47.01 65.92 9.43 8.06 10.05 48.55 35.36 
22.09 56.52 13.04 41.87 22.2 69.26 56.04 43.68 49.04 58.05 44.41 68.71 57.87 28.84 54.41 7.28 33.62 64.62 48.76 26.08 37.34 23.09 53.45 31.91 34.71 41.05 7.62 39.12 18.03 50.22 16.28 54.71 67.27 59.24 53.08 60.03 69.46 25.0 21.47 7.81 67.03 44.01 64.28 43.91 28.86 35.0 18.44 43.05 18.38 25.5 54.08 38.29 40.85 63.07 26.93 21.4 61.29 54.15 24.0 7.0 0.0 20.22 31.02 27.0 13.89 22.09 34.71 30.02 22.2 50.01 20.59 35.74 37.48 3.61 52.01 34.0 65.55 41.23 54.01 72.45 5.1 13.04 17.03 54.59 42.3 
2.24 52.47 21.47 29.83 10.2 63.01 57.38 39.81 50.99 54.74 43.32 61.2 52.04 13.6 49.16 13.04 26.17 57.14 40.11 31.83 37.16 23.02 48.17 15.65 20.88 31.14 13.0 30.02 2.83 46.87 11.31 49.09 63.39 52.04 52.81 61.1 67.08 12.0 7.07 15.3 66.48 45.19 62.59 35.06 28.18 25.02 13.6 43.86 19.1 16.28 53.76 26.48 35.36 62.36 7.21 15.65 59.67 53.45 5.0 20.4 20.22 0.0 33.84 31.24 8.94 29.07 33.62 13.42 29.83 50.7 18.03 32.28 24.04 23.54 52.55 27.29 58.14 35.23 54.42 65.19 15.52 15.26 25.24 45.4 41.79 
35.81 26.83 18.0 26.02 24.76 40.31 25.18 15.56 18.25 27.86 13.93 40.8 29.41 27.46 25.81 29.61 16.12 37.01 25.06 5.83 7.21 10.82 25.0 29.53 26.25 22.2 28.64 20.1 34.48 20.59 22.83 26.4 37.0 31.89 22.09 29.15 38.64 24.84 27.66 25.32 36.01 13.0 33.38 22.14 6.71 20.22 20.25 12.04 15.23 20.0 23.09 24.08 15.65 32.06 34.66 18.44 30.41 23.19 38.6 24.02 31.02 33.84 0.0 4.12 26.4 9.49 6.71 29.68 9.85 19.0 15.81 10.44 26.48 33.24 21.0 15.03 37.8 16.55 23.0 44.1 32.25 20.88 14.14 30.23 11.7 
33.3 30.87 14.04 27.46 22.8 44.29 29.07 19.21 22.09 31.95 18.03 44.65 33.29 26.4 29.68 25.96 17.12 40.8 28.02 2.24 11.18 8.6 28.84 28.79 26.31 24.04 25.0 21.84 31.62 24.6 20.0 30.23 41.11 35.61 26.17 33.06 42.76 23.32 25.5 21.59 40.05 17.03 37.48 24.6 7.07 21.02 17.69 16.12 12.21 18.79 27.17 25.08 18.6 36.12 32.8 16.4 34.53 27.29 36.12 20.0 27.0 31.24 4.12 0.0 23.32 5.39 9.9 28.64 5.83 23.02 13.45 13.04 27.02 29.15 25.02 16.28 41.62 19.42 27.02 48.02 28.44 17.46 10.05 33.42 15.81 
11.18 48.01 12.53 29.15 8.49 59.68 50.96 35.0 44.27 50.01 37.48 58.46 48.37 15.0 45.18 7.07 22.56 54.34 37.64 23.6 30.81 15.81 44.18 18.03 21.26 29.15 6.4 27.51 8.49 42.01 4.0 45.28 59.01 49.03 46.87 54.82 62.13 11.31 7.62 7.07 60.83 38.6 57.31 32.57 21.59 22.85 7.0 37.36 11.18 13.0 47.85 25.55 31.14 56.72 14.0 10.05 54.33 47.68 13.89 12.0 13.89 8.94 26.4 23.32 0.0 20.52 27.46 16.12 21.21 44.38 11.18 27.02 24.21 17.49 46.32 23.35 55.32 31.26 48.27 62.37 10.63 6.4 16.4 43.32 35.69 
31.24 36.25 9.49 30.68 21.93 49.65 34.0 24.41 27.0 37.34 23.41 49.93 38.59 26.68 34.99 21.93 20.25 46.04 32.65 4.0 16.55 9.0 34.13 29.43 28.02 27.73 21.02 25.5 29.0 29.97 17.8 35.51 46.49 40.8 31.4 38.0 48.05 23.09 24.19 17.46 45.18 22.2 42.76 28.84 10.82 23.77 16.12 21.38 10.3 19.24 32.39 27.89 23.35 41.3 31.76 15.81 39.81 32.56 34.06 15.13 22.09 29.07 9.49 5.39 20.52 0.0 15.0 28.86 1.0 28.16 12.65 17.69 29.27 24.02 30.15 19.7 46.87 24.08 32.14 53.34 24.04 14.21 5.1 38.21 21.19 
35.34 21.84 21.84 20.1 23.71 34.93 23.77 9.43 17.49 23.35 10.05 34.99 23.71 24.76 20.12 32.0 11.18 31.06 18.36 12.04 3.61 12.0 19.24 26.25 21.95 16.0 31.0 14.04 34.79 15.52 23.54 20.59 32.56 25.81 19.42 27.51 35.01 23.02 26.83 28.07 33.38 11.66 30.02 15.52 6.0 15.23 20.62 10.3 17.0 18.03 20.4 18.68 8.94 29.27 33.02 18.03 27.02 20.22 38.01 27.89 34.71 33.62 6.71 9.9 27.46 15.0 0.0 26.87 15.62 17.09 16.28 4.0 21.54 37.36 18.97 9.85 31.91 9.85 20.88 38.47 35.06 23.0 18.79 23.6 8.25 
13.6 42.06 25.08 17.03 8.25 51.24 49.65 30.41 44.05 44.6 35.23 49.01 40.79 2.24 38.33 23.02 16.64 45.04 28.16 30.08 30.41 20.25 37.36 2.24 8.0 19.24 22.47 18.68 16.12 37.16 14.56 38.08 52.63 40.2 44.42 53.0 56.92 6.0 8.6 22.85 57.27 38.29 52.92 23.35 23.02 13.93 14.04 36.88 19.1 9.85 45.28 14.04 25.5 53.23 8.0 13.15 50.16 44.78 15.13 27.2 30.02 13.42 29.68 28.64 16.12 28.86 26.87 0.0 29.83 43.01 16.28 24.21 11.05 33.62 44.65 18.03 46.04 25.08 46.32 53.01 26.4 19.42 27.07 33.0 34.21 
32.02 36.67 9.85 31.62 22.85 50.12 34.01 25.0 27.02 37.7 23.77 50.48 39.12 27.66 35.51 22.36 21.19 46.62 33.42 4.12 17.0 10.0 34.67 30.41 29.02 28.64 21.47 26.4 29.7 30.41 18.6 36.06 46.82 41.4 31.58 38.01 48.27 24.04 25.06 17.89 45.28 22.36 42.95 29.68 11.66 24.74 17.0 21.59 11.18 20.22 32.56 28.86 24.08 41.44 32.65 16.76 40.02 32.76 34.83 15.3 22.2 29.83 9.85 5.83 21.21 1.0 15.62 29.83 0.0 28.28 13.6 18.44 30.27 24.0 30.27 20.62 47.43 24.84 32.25 53.85 24.35 14.87 5.39 38.95 21.54 
52.39 13.0 37.0 31.62 40.72 25.61 6.71 13.6 3.16 12.21 7.81 27.78 17.72 41.05 15.13 48.37 26.4 25.08 23.09 24.19 13.6 28.64 15.03 42.01 36.8 27.2 47.38 26.25 51.87 10.05 40.52 16.12 20.0 21.59 3.61 10.44 20.25 39.82 43.86 44.18 17.03 6.0 14.87 24.19 22.8 29.73 37.64 7.07 33.54 34.89 4.47 31.89 18.44 13.15 49.74 35.11 12.08 5.0 55.04 43.01 50.01 50.7 19.0 23.02 44.38 28.16 17.09 43.01 28.28 0.0 33.24 18.87 35.38 52.15 2.0 25.0 25.5 19.21 4.0 30.0 51.16 39.46 33.06 25.08 8.94 
20.0 37.12 10.3 22.02 9.43 49.24 39.85 24.08 33.24 39.01 26.31 48.38 37.85 14.14 34.53 16.28 13.04 44.27 28.18 14.42 19.65 5.0 33.54 17.03 16.76 20.62 15.3 18.6 18.79 31.02 7.28 34.71 48.09 38.9 35.69 43.68 51.04 10.44 12.04 13.0 49.65 27.51 46.17 23.32 10.44 14.87 4.47 26.25 3.16 7.07 36.67 18.6 20.62 45.54 19.42 3.16 43.19 36.5 22.8 14.87 20.59 18.03 15.81 13.45 11.18 12.65 16.28 16.28 13.6 33.24 0.0 16.03 18.79 23.85 35.17 13.42 45.22 20.88 37.11 52.2 19.65 7.62 11.05 34.0 24.52 
33.84 21.1 23.26 16.12 22.14 33.53 25.55 8.06 19.85 23.0 11.18 33.11 22.14 22.2 18.68 32.25 7.81 29.07 15.0 15.26 6.71 12.65 17.72 23.35 18.6 12.0 31.26 10.05 33.73 15.0 23.02 18.97 32.06 23.71 20.62 29.07 35.13 21.02 25.3 28.64 34.21 14.14 30.41 11.7 7.21 11.66 20.02 12.73 17.46 16.16 21.54 14.87 5.66 30.08 30.89 17.12 27.46 21.19 36.4 29.15 35.74 32.28 10.44 13.04 27.02 17.69 4.0 24.21 18.44 18.87 16.03 0.0 17.89 38.63 20.59 6.4 29.97 6.4 22.36 36.77 35.51 23.35 20.81 20.52 10.0 
24.52 32.2 29.07 6.0 15.81 40.45 41.73 21.93 37.01 34.89 27.66 38.05 30.36 10.44 28.23 31.24 10.44 34.13 17.46 29.0 24.6 20.4 27.31 9.0 3.16 8.94 30.48 9.22 26.57 28.02 21.21 27.86 42.38 29.43 36.12 44.69 47.01 13.04 17.89 29.73 48.02 31.62 43.42 13.0 20.1 6.32 19.21 30.23 21.93 12.21 36.88 3.61 16.97 44.1 19.03 16.64 40.82 36.24 26.17 33.02 37.48 24.04 26.48 27.02 24.21 29.27 21.54 11.05 30.27 35.38 18.79 17.89 0.0 41.04 36.77 11.7 35.13 16.28 38.21 42.05 34.83 25.0 29.41 22.02 27.2 
25.32 59.2 15.52 45.34 25.81 72.11 58.01 46.49 51.01 60.64 46.87 71.69 60.75 32.45 57.25 10.77 36.89 67.62 51.97 28.02 39.81 26.0 56.3 35.51 38.29 44.41 11.18 42.44 21.21 52.89 19.85 57.58 69.86 62.24 55.33 62.01 71.85 28.6 25.06 11.31 69.18 46.17 66.61 47.17 31.62 38.42 21.93 45.28 21.47 29.0 56.32 41.77 43.86 65.28 30.36 24.84 63.64 56.44 27.07 9.49 3.61 23.54 33.24 29.15 17.49 24.02 37.36 33.62 24.0 52.15 23.85 38.63 41.04 0.0 54.15 37.22 68.54 44.28 56.14 75.39 8.06 16.4 19.1 57.8 44.72 
54.23 12.37 39.0 32.8 42.54 24.41 5.0 14.87 4.24 11.18 9.43 26.83 17.26 42.72 15.0 50.36 28.02 24.35 23.77 26.17 15.52 30.59 15.03 43.6 38.29 28.43 49.37 27.59 53.76 10.44 42.45 16.0 18.44 21.21 2.24 8.54 18.38 41.59 45.69 46.17 15.03 8.0 13.0 25.24 24.74 31.24 39.56 9.06 35.51 36.67 2.83 33.24 19.8 11.18 51.48 37.0 10.3 3.61 56.86 45.01 52.01 52.55 21.0 25.02 46.32 30.15 18.97 44.65 30.27 2.0 35.17 20.59 36.77 54.15 0.0 26.63 24.7 20.52 2.0 28.84 53.15 41.44 35.06 25.32 10.77 
28.64 25.18 22.67 11.18 17.12 36.35 31.62 12.65 26.17 27.46 17.2 35.17 25.08 16.12 22.0 29.41 1.41 31.05 14.76 18.44 13.04 12.04 21.0 17.03 12.21 8.06 28.46 5.83 29.07 19.65 19.42 22.02 36.12 25.71 26.42 34.99 39.81 15.52 20.22 26.4 39.56 20.52 35.44 10.0 9.22 5.39 16.49 19.1 15.81 11.05 27.29 9.06 8.06 35.47 25.08 13.34 32.57 26.83 31.05 28.02 34.0 27.29 15.03 16.28 23.35 19.7 9.85 18.03 20.62 25.0 13.42 6.4 11.7 37.22 26.63 0.0 32.02 8.0 28.3 39.05 32.89 21.02 21.4 20.59 16.28 
59.03 12.53 53.23 29.15 48.37 5.83 26.48 22.47 28.64 13.6 24.76 3.16 8.49 45.0 12.04 61.4 32.76 1.0 18.03 43.6 30.61 42.54 12.81 44.1 38.05 27.02 60.44 28.16 60.3 17.69 51.42 11.4 12.08 6.32 22.47 26.02 17.89 46.17 51.24 58.19 22.8 28.6 18.25 23.09 37.12 33.14 48.51 28.43 47.17 42.58 22.14 32.02 24.7 21.1 54.04 45.35 18.0 21.19 61.0 59.09 65.55 58.14 37.8 41.62 55.32 46.87 31.91 46.04 47.43 25.5 45.22 29.97 35.13 68.54 24.7 32.02 0.0 24.35 24.04 7.07 64.85 52.81 50.61 13.15 26.87 
36.5 17.26 29.15 12.53 25.08 28.44 25.46 5.66 21.1 19.65 11.66 27.51 17.12 23.41 14.0 37.11 9.06 23.41 8.6 21.63 11.05 18.36 13.0 23.71 18.03 8.06 36.14 7.07 37.05 12.08 27.29 14.04 28.16 18.03 19.85 28.43 32.02 23.35 28.16 33.84 32.2 16.16 27.86 6.0 13.45 11.18 24.33 14.87 22.85 19.03 20.62 12.73 1.0 28.18 32.57 21.21 25.08 20.0 38.83 34.89 41.23 35.23 16.55 19.42 31.26 24.08 9.85 25.08 24.84 19.21 20.88 6.4 16.28 44.28 20.52 8.0 24.35 0.0 21.93 31.32 40.52 28.46 27.02 14.14 11.7 
56.08 12.04 41.0 34.06 44.38 23.32 3.61 16.28 5.83 10.44 11.18 26.0 17.03 44.42 15.13 52.35 29.68 23.77 24.6 28.16 17.46 32.56 15.3 45.22 39.82 29.73 51.35 29.0 55.66 11.18 44.38 16.12 16.97 21.02 2.24 6.71 16.55 43.38 47.54 48.17 13.04 10.0 11.18 26.4 26.68 32.8 41.48 11.05 37.48 38.48 2.0 34.66 21.26 9.22 53.24 38.9 8.6 3.0 58.69 47.01 54.01 54.42 23.0 27.02 48.27 32.14 20.88 46.32 32.25 4.0 37.11 22.36 38.21 56.14 2.0 28.3 24.04 21.93 0.0 27.78 55.15 43.42 37.05 25.71 12.65 
66.07 17.69 60.01 36.06 55.44 4.47 29.55 29.07 33.02 17.8 30.61 4.0 14.76 52.01 18.36 68.41 39.81 8.06 25.08 49.93 36.89 49.4 19.24 51.04 45.01 34.06 67.45 35.23 67.36 23.6 58.46 17.89 12.17 13.34 26.63 28.16 17.03 53.24 58.31 65.15 23.02 33.94 19.42 30.15 43.86 40.2 55.54 33.97 54.08 49.65 26.08 39.0 31.62 22.56 61.01 52.39 20.25 25.24 68.01 65.92 72.45 65.19 44.1 48.02 62.37 53.34 38.47 53.01 53.85 30.0 52.2 36.77 42.05 75.39 28.84 39.05 7.07 31.32 27.78 0.0 71.84 59.77 57.25 20.02 32.8 
17.26 56.57 14.56 39.66 19.1 68.88 57.43 43.57 50.49 58.31 45.01 68.01 57.49 25.5 54.13 3.61 32.31 63.89 47.54 27.89 38.0 23.09 53.15 28.43 31.89 39.36 4.47 37.58 13.15 50.36 13.89 54.34 67.48 58.52 54.04 61.4 70.06 21.93 17.8 7.0 68.07 45.18 65.01 42.54 29.07 33.12 16.55 44.1 18.11 23.32 55.04 36.06 40.26 64.03 22.47 19.7 62.01 55.01 19.03 9.43 5.1 15.52 32.25 28.44 10.63 24.04 35.06 26.4 24.35 51.16 19.65 35.51 34.83 8.06 53.15 32.89 64.85 40.52 55.15 71.84 0.0 12.17 18.97 53.31 43.0 
17.49 44.41 6.32 29.0 11.18 56.75 45.89 31.4 39.05 46.17 33.02 55.97 45.35 17.72 41.98 9.0 20.59 51.87 35.78 17.49 26.08 11.0 41.0 20.88 22.47 28.02 8.0 26.08 14.87 38.21 5.0 42.2 55.33 46.49 42.19 49.82 58.01 13.6 12.04 5.39 56.22 33.54 53.01 30.89 17.0 22.02 5.83 32.39 6.0 12.81 43.19 25.46 28.16 52.15 19.42 8.49 50.01 43.1 20.25 8.06 13.04 15.26 20.88 17.46 6.4 14.21 23.0 19.42 14.87 39.46 7.62 23.35 25.0 16.4 41.44 21.02 52.81 28.46 43.42 59.77 12.17 0.0 10.0 41.59 31.06 
