95
0.0 109.22 87.86 63.06 89.2 81.93 84.86 144.25 79.56 66.73 127.39 150.84 76.66 94.37 102.65 80.65 61.13 28.84 71.59 110.89 105.82 57.72 138.23 128.13 89.89 64.13 135.24 81.88 143.68 131.47 116.21 99.04 104.55 60.17 70.52 150.23 135.2 111.04 76.32 40.31 90.51 80.23 110.26 57.27 153.47 56.59 62.97 143.11 136.06 83.1 95.08 117.2 26.83 22.09 11.18 40.26 94.18 116.11 28.86 91.92 71.31 49.19 74.09 99.81 60.01 114.13 75.29 121.2 144.1 116.97 72.11 113.22 103.25 90.43 101.14 13.6 104.39 81.84 67.36 47.42 117.52 57.22 131.93 81.94 117.64 85.99 33.54 138.93 59.2 73.01 22.2 127.49 92.42 140.8 114.48 
109.22 0.0 25.5 59.24 41.01 55.33 25.06 62.18 51.35 51.66 41.88 49.04 61.4 55.9 14.87 44.55 79.63 81.84 42.06 3.16 18.79 63.07 83.63 69.66 24.04 62.3 81.69 59.03 63.13 44.78 15.65 52.89 34.93 68.25 51.55 46.39 35.36 4.47 43.42 69.03 20.25 52.09 3.61 64.88 52.04 52.8 72.56 45.54 85.43 26.17 47.85 11.05 85.15 92.1 99.72 75.21 20.02 20.81 87.32 48.37 54.82 62.63 44.72 31.05 84.72 62.65 61.01 31.62 54.08 21.63 49.34 6.0 9.06 23.09 48.38 96.9 32.7 35.44 90.09 62.43 68.96 89.11 37.0 38.83 45.45 58.03 85.87 51.89 60.84 54.15 87.11 51.74 29.27 38.01 51.31 
87.86 25.5 0.0 50.09 44.41 31.95 7.62 83.52 49.77 26.25 62.64 74.33 58.82 61.03 14.87 42.95 54.23 59.4 32.39 28.28 35.11 52.04 98.81 84.63 25.46 54.23 96.4 58.69 84.12 66.22 39.05 60.31 47.43 42.76 44.91 71.85 60.0 29.15 18.03 47.8 6.32 28.16 28.16 54.04 77.32 31.91 47.17 70.03 99.64 14.32 54.04 36.22 62.29 73.43 79.4 59.14 6.4 42.58 63.6 53.01 49.24 46.17 19.24 41.4 59.3 74.33 36.5 52.63 77.1 43.57 43.17 27.31 17.09 24.76 57.28 76.61 45.49 32.65 65.01 40.46 80.66 63.64 60.41 37.12 61.77 59.48 61.59 73.98 50.01 29.02 66.4 70.26 9.85 63.29 65.22 
63.06 59.24 50.09 0.0 26.93 69.35 43.0 81.27 16.49 50.48 65.37 91.05 16.16 32.0 60.53 18.6 72.62 45.71 18.11 59.51 48.41 5.39 77.41 66.01 35.34 4.47 74.43 20.4 80.65 69.35 60.0 36.22 42.72 61.55 8.49 91.35 75.82 59.03 53.31 34.18 48.09 65.3 58.6 6.4 93.41 30.48 67.94 82.42 75.95 37.12 32.02 63.29 49.65 41.44 51.92 22.8 54.04 58.05 55.32 28.86 8.25 18.03 51.89 39.05 76.03 52.0 68.24 60.61 81.84 58.73 10.63 64.85 57.49 36.25 38.08 49.48 43.01 24.19 85.0 34.67 56.22 77.7 71.4 22.02 54.78 24.19 57.57 76.49 4.0 60.21 43.1 64.51 59.41 82.07 51.42 
89.2 41.01 44.41 26.93 0.0 73.11 37.01 55.32 12.21 58.18 38.47 64.44 21.54 16.64 48.38 8.54 85.8 68.26 21.38 40.05 25.0 32.25 58.31 44.92 19.7 27.66 55.54 18.25 54.92 42.49 36.4 16.4 15.81 73.54 18.79 65.07 49.52 39.12 56.22 55.04 39.45 68.88 39.05 33.29 66.71 43.93 79.71 55.61 58.14 30.48 10.0 41.23 72.25 68.03 78.19 49.24 45.18 33.12 77.03 8.6 19.21 40.79 55.8 13.04 90.14 32.2 74.89 33.97 55.04 33.62 17.09 47.01 43.17 20.62 14.87 75.61 16.28 13.04 98.23 52.24 38.08 93.01 44.69 9.49 28.64 17.03 78.06 49.77 30.41 66.29 68.15 38.64 54.08 55.97 27.07 
81.93 55.33 31.95 69.35 73.11 0.0 37.59 115.43 75.17 19.65 94.56 104.08 82.42 89.14 41.01 69.31 28.84 54.34 55.44 58.42 67.07 68.94 129.85 115.76 56.08 73.82 127.32 83.87 116.06 98.08 70.21 89.5 78.77 22.47 67.42 101.0 90.67 59.54 16.97 49.01 38.28 4.24 58.55 70.77 107.07 40.16 22.67 100.84 130.36 43.27 83.1 66.37 55.36 75.24 76.9 67.9 35.69 74.22 53.31 81.47 71.85 57.28 17.8 72.56 33.62 104.62 7.81 84.48 108.68 75.19 66.4 55.0 46.27 55.57 87.2 74.53 76.94 60.21 36.4 42.19 110.8 38.59 91.78 64.38 93.47 85.7 49.19 105.77 67.54 10.05 64.78 102.16 26.08 93.13 96.38 
84.86 25.06 7.62 43.0 37.01 37.59 0.0 78.85 42.15 28.02 58.05 72.37 51.24 53.6 18.79 35.34 57.04 57.01 25.08 27.31 30.41 45.28 92.36 78.23 18.6 47.04 89.87 51.08 79.31 61.81 36.35 53.08 41.18 45.01 37.48 70.34 57.43 27.86 21.84 44.55 5.83 33.54 26.93 47.27 75.31 28.28 50.09 67.19 93.01 6.71 46.75 34.79 60.22 69.07 75.82 53.71 11.18 39.0 62.27 45.61 41.77 40.72 22.36 34.99 62.01 67.48 41.11 48.37 73.25 40.0 35.69 28.43 18.38 18.03 50.25 73.0 39.36 25.06 68.47 37.64 73.76 66.03 57.0 29.53 55.95 51.88 60.84 69.72 43.19 32.98 62.97 64.85 17.46 61.39 58.83 
144.25 62.18 83.52 81.27 55.32 115.43 78.85 0.0 64.85 106.21 20.88 31.58 69.77 51.97 76.92 63.79 135.34 123.32 75.43 59.06 48.51 86.65 34.0 27.31 62.29 80.78 34.13 64.41 2.0 17.46 46.53 46.53 41.11 123.04 73.76 36.14 31.24 57.71 100.66 109.9 77.2 111.68 58.59 87.32 31.14 97.05 128.57 24.17 38.05 74.81 49.4 52.15 127.28 122.7 133.15 104.04 80.06 41.63 131.75 52.55 73.05 96.1 101.2 47.01 140.16 36.07 119.82 31.02 11.7 40.72 72.28 65.19 70.68 62.39 43.46 130.65 42.01 65.19 147.14 106.23 37.44 143.78 26.25 63.64 26.68 60.42 132.31 10.63 85.07 111.83 123.45 16.76 90.25 34.48 30.41 
79.56 51.35 49.77 16.49 12.21 75.17 42.15 64.85 0.0 58.14 49.65 76.38 10.05 16.49 56.57 7.07 83.73 61.13 19.8 50.8 36.77 21.84 62.17 50.09 28.02 16.12 59.23 8.94 64.2 53.54 48.33 20.0 27.59 71.87 10.2 77.16 61.62 50.01 58.26 48.66 45.88 70.94 49.82 22.47 78.57 40.71 78.23 67.36 61.13 35.47 15.52 52.81 65.12 57.87 68.41 39.29 51.92 45.28 70.46 12.37 8.25 33.06 57.38 25.24 87.66 36.22 75.69 45.97 65.86 45.79 9.85 57.31 52.09 29.02 21.59 65.97 28.32 17.46 96.25 47.43 41.0 89.96 56.59 13.15 38.48 10.63 72.18 60.42 20.4 67.18 59.41 48.1 59.62 68.12 34.93 
66.73 51.66 26.25 50.48 58.18 19.65 28.02 106.21 58.14 0.0 85.59 100.13 64.44 73.24 40.25 53.01 29.15 38.01 38.42 54.34 58.14 49.65 116.3 102.55 44.15 54.92 113.6 66.48 106.53 89.45 64.28 74.43 66.76 17.0 49.52 97.86 85.38 55.11 9.9 30.27 31.58 16.12 54.13 51.43 103.1 20.62 22.36 95.19 116.3 31.4 68.1 62.17 39.96 57.07 60.17 48.37 32.31 67.01 39.7 66.04 53.81 37.64 7.81 60.44 34.06 90.35 17.8 76.16 101.12 68.01 48.8 53.49 43.32 43.93 72.9 57.58 65.25 45.18 41.0 23.02 96.25 38.01 85.01 48.88 82.01 68.77 36.8 97.42 48.37 9.85 47.43 91.44 27.02 89.11 83.57 
127.39 41.88 62.64 65.37 38.47 94.56 58.05 20.88 49.65 85.59 0.0 28.65 56.64 40.61 56.44 46.96 114.74 104.79 56.75 38.83 27.66 70.71 44.72 32.28 42.0 65.73 43.46 51.62 21.54 4.12 26.4 35.0 22.85 102.49 57.25 31.02 18.0 37.44 79.83 91.22 56.32 90.8 38.28 71.69 30.23 77.52 107.91 18.87 47.54 54.23 35.38 32.56 108.68 106.45 116.47 87.66 59.24 21.1 112.79 38.29 57.45 78.43 80.41 27.89 119.6 32.39 98.95 10.3 16.76 20.25 55.46 45.45 50.12 42.01 30.48 113.85 23.09 46.32 126.44 86.98 37.01 123.33 11.0 45.54 13.42 48.1 113.0 12.04 68.88 91.01 105.95 11.7 69.46 24.19 21.19 
150.84 49.04 74.33 91.05 64.44 104.08 72.37 31.58 76.38 100.13 28.65 0.0 84.29 69.07 63.07 72.47 128.56 125.92 79.26 46.1 45.19 96.21 65.28 56.22 61.33 92.1 65.07 79.51 33.54 26.0 36.14 63.51 48.8 116.97 82.62 5.0 15.65 45.18 92.35 112.4 68.59 101.0 46.17 97.45 3.0 97.14 121.5 9.85 69.12 70.88 63.25 38.12 129.62 130.92 140.29 112.33 69.07 34.93 132.85 65.95 83.63 101.71 93.54 52.01 133.63 60.08 110.0 30.48 20.1 34.01 80.6 49.16 58.01 60.93 58.82 137.56 48.17 69.12 139.13 106.98 63.79 137.93 19.8 69.63 42.06 76.22 132.2 24.08 94.2 103.17 128.83 37.36 78.03 11.05 49.66 
76.66 61.4 58.82 16.16 21.54 82.42 51.24 69.77 10.05 64.44 56.64 84.29 0.0 18.03 66.37 17.0 88.23 61.61 27.29 60.83 46.49 20.4 62.03 51.48 38.0 13.15 59.03 5.39 68.88 60.31 57.94 23.26 35.81 76.84 15.0 85.43 70.0 60.02 65.73 50.33 55.32 78.24 59.84 20.1 86.31 45.45 83.24 74.97 60.3 44.64 21.26 62.64 65.51 54.59 65.49 37.0 61.39 54.56 71.31 18.38 10.63 34.18 64.64 34.44 91.81 37.48 82.22 54.2 72.2 55.01 16.12 67.36 62.03 39.0 26.63 63.29 36.89 27.17 100.69 50.61 41.01 93.65 64.54 23.02 44.41 9.49 73.68 66.61 19.92 73.88 58.08 53.34 68.62 76.61 39.36 
94.37 55.9 61.03 32.0 16.64 89.14 53.6 51.97 16.49 73.24 40.61 69.07 18.03 0.0 64.62 20.25 99.73 77.41 34.99 54.45 38.05 37.05 45.71 34.01 36.24 30.27 42.76 12.65 51.0 43.93 48.17 5.66 23.35 87.71 26.68 70.83 55.9 53.34 72.18 65.12 56.08 84.9 53.46 37.22 70.8 56.86 94.02 59.41 44.64 47.01 8.06 54.01 81.39 72.37 83.19 54.33 61.77 43.57 86.83 8.06 24.08 49.37 71.59 25.08 103.79 20.0 90.43 40.31 55.23 43.74 26.25 61.81 59.14 37.12 10.3 80.89 25.18 29.0 112.25 63.89 24.52 106.23 49.74 24.76 27.59 8.54 88.65 49.58 36.0 81.84 75.06 35.81 70.72 62.61 21.63 
102.65 14.87 14.87 60.53 48.38 41.01 18.79 76.92 56.57 40.25 56.44 63.07 66.37 64.62 0.0 49.5 66.71 74.25 42.43 18.03 31.11 63.35 96.88 82.73 28.86 64.28 94.76 65.12 77.83 59.48 30.46 62.61 46.4 55.97 54.04 60.01 50.01 19.31 31.02 62.48 13.0 38.05 18.38 65.31 66.07 46.4 59.67 60.21 98.35 23.54 56.86 25.71 77.16 87.66 94.02 72.5 8.49 35.36 78.41 56.65 58.0 59.51 32.7 41.34 71.81 74.4 47.17 46.14 68.95 36.24 52.01 14.04 6.4 27.89 58.67 91.21 44.2 39.2 76.53 55.23 80.8 76.4 51.87 43.42 58.73 65.0 76.28 66.71 61.19 41.0 81.06 65.8 15.03 52.15 63.78 
80.65 44.55 42.95 18.6 8.54 69.31 35.34 63.79 7.07 53.01 46.96 72.47 17.0 20.25 49.5 0.0 79.62 60.07 14.76 44.15 30.89 23.85 64.85 51.97 21.0 19.85 61.98 15.81 63.35 50.99 42.54 22.14 24.19 67.54 10.3 72.86 57.31 43.42 52.35 47.01 38.9 65.07 43.17 25.0 74.81 37.0 73.82 63.82 64.26 28.64 16.28 46.62 64.07 59.51 69.64 40.72 44.92 40.0 69.01 13.6 11.4 32.39 51.62 20.52 83.77 38.6 70.29 42.01 63.56 40.61 8.54 50.49 45.04 22.0 22.09 67.07 24.41 10.44 92.14 44.72 44.01 86.38 52.8 6.08 37.11 16.64 70.26 58.31 21.95 61.72 59.67 47.07 52.8 63.64 35.01 
61.13 79.63 54.23 72.62 85.8 28.84 57.04 135.34 83.73 29.15 114.74 128.56 88.23 99.73 66.71 79.62 0.0 38.9 64.88 82.49 87.28 70.09 144.1 130.63 73.16 76.69 141.32 91.27 135.64 118.61 93.05 101.64 95.57 12.37 74.09 126.02 114.11 83.38 36.22 41.4 60.07 29.97 82.39 71.45 131.55 43.05 7.07 124.04 143.78 60.53 95.46 90.45 37.85 61.68 59.41 61.85 59.68 96.02 33.14 93.11 77.94 55.87 35.06 89.27 5.1 117.92 21.1 105.3 130.25 97.02 73.93 80.6 70.86 72.99 100.66 57.71 94.15 73.05 12.53 38.21 123.57 9.85 114.02 76.32 110.86 94.15 28.07 126.57 69.53 25.71 50.0 120.42 51.92 117.52 111.97 
28.84 81.84 59.4 45.71 68.26 54.34 57.01 123.32 61.13 38.01 104.79 125.92 61.61 77.41 74.25 60.07 38.9 0.0 48.05 83.76 80.78 41.23 123.04 111.22 64.62 48.51 120.07 66.1 123.04 108.91 90.34 81.1 82.38 34.0 51.04 124.81 110.31 84.06 47.51 13.6 62.48 52.2 83.22 41.76 128.69 29.15 38.33 118.93 121.66 56.08 76.0 90.55 4.0 22.8 22.56 26.93 65.76 91.0 9.85 73.01 53.34 28.07 45.28 76.9 39.81 97.33 48.37 97.42 121.51 91.92 52.0 85.43 75.29 65.0 82.01 20.22 81.79 58.46 48.76 19.42 101.83 39.12 107.84 59.68 96.75 69.87 13.45 116.71 41.77 44.92 11.18 106.79 63.6 115.45 95.08 
71.59 42.06 32.39 18.11 21.38 55.44 25.08 75.43 19.8 38.42 56.75 79.26 27.29 34.99 42.43 14.76 64.88 48.05 0.0 42.72 34.41 21.19 79.38 66.22 19.1 22.0 76.55 28.43 75.24 60.88 45.34 36.77 34.37 52.77 12.65 78.77 63.63 42.44 38.6 34.53 30.02 51.22 41.88 23.09 81.88 22.56 59.06 71.59 78.92 19.03 30.68 47.51 51.97 52.01 61.06 33.94 36.0 44.65 56.32 28.23 17.09 22.47 37.64 28.86 69.08 53.14 55.9 49.77 73.5 45.49 11.18 47.42 39.56 19.85 36.14 58.31 33.73 10.44 77.39 31.02 58.69 71.78 60.42 12.04 49.04 30.41 57.01 68.66 18.97 47.38 49.66 59.08 41.98 69.34 48.37 
110.89 3.16 28.28 59.51 40.05 58.42 27.31 59.06 50.8 54.34 38.83 46.1 60.83 54.45 18.03 44.15 82.49 83.76 42.72 0.0 16.76 63.53 80.92 67.01 24.17 62.39 79.03 58.22 60.03 41.68 12.53 51.2 32.89 71.02 51.62 43.57 32.25 1.41 46.27 70.8 22.8 55.15 1.0 65.3 49.09 54.64 75.43 42.43 82.8 27.8 46.39 8.0 87.13 93.38 101.24 76.22 23.0 17.8 89.47 47.1 54.71 63.78 47.52 29.43 87.57 60.37 64.03 28.6 50.92 18.6 49.4 7.62 12.17 23.26 46.57 98.41 30.68 35.47 93.05 64.35 66.65 91.92 33.84 38.6 42.8 57.01 88.14 48.75 61.29 57.08 88.73 48.84 32.39 35.06 48.88 
105.82 18.79 35.11 48.41 25.0 67.07 30.41 48.51 36.77 58.14 27.66 45.19 46.49 38.05 31.11 30.89 87.28 80.78 34.41 16.76 0.0 53.15 65.76 51.62 16.16 50.48 63.66 43.17 49.04 31.4 11.66 34.53 16.16 75.11 40.0 44.42 29.55 15.52 52.17 67.23 28.79 63.25 15.81 54.67 47.93 52.2 80.4 38.33 67.27 27.02 30.02 16.28 84.5 86.4 95.41 68.12 32.25 10.3 87.93 31.06 42.19 56.86 52.77 13.0 92.2 43.91 71.31 18.03 43.01 11.18 37.8 24.35 24.76 15.81 29.83 92.65 13.93 24.76 98.86 61.98 50.25 96.05 27.46 26.4 27.66 41.44 87.56 39.32 50.99 63.35 83.73 35.36 42.54 34.99 32.8 
57.72 63.07 52.04 5.39 32.25 68.94 45.28 86.65 21.84 49.65 70.71 96.21 20.4 37.05 63.35 23.85 70.09 41.23 21.19 63.53 53.15 0.0 82.22 71.06 39.45 7.28 79.23 25.08 86.02 74.71 64.66 41.44 48.02 59.46 13.6 96.43 80.92 63.13 53.45 30.41 50.64 65.0 62.65 2.0 98.6 29.15 65.8 87.66 80.62 39.81 37.36 67.68 45.12 36.06 46.57 17.46 56.44 62.94 50.96 34.21 13.6 14.42 51.87 44.2 73.25 57.04 67.23 65.8 87.21 63.64 15.62 68.54 60.73 40.31 43.42 44.15 48.26 28.6 82.33 31.89 61.07 74.63 76.61 26.87 60.17 29.02 53.49 81.86 2.24 59.48 38.01 69.89 61.03 87.11 56.75 
138.23 83.63 98.81 77.41 58.31 129.85 92.36 34.0 62.17 116.3 44.72 65.28 62.03 45.71 96.88 64.85 144.1 123.04 79.38 80.92 65.76 82.22 0.0 14.21 73.78 75.11 3.0 57.14 32.0 44.01 69.4 42.72 51.4 131.85 72.37 69.58 61.35 79.51 113.37 110.82 92.8 125.72 80.16 82.1 65.07 101.83 138.0 56.89 4.47 86.61 48.7 76.03 127.01 116.16 127.14 99.02 97.31 63.6 132.52 51.24 69.72 95.04 113.25 57.43 148.41 26.25 132.48 53.54 45.18 63.01 71.81 88.24 90.51 74.33 43.46 125.06 53.41 71.18 156.54 109.38 21.21 151.16 54.78 67.78 38.21 53.24 134.35 41.77 81.39 123.94 120.1 33.12 107.45 66.22 33.6 
128.13 69.66 84.63 66.01 44.92 115.76 78.23 27.31 50.09 102.55 32.28 56.22 51.48 34.01 82.73 51.97 130.63 111.22 66.22 67.01 51.62 71.06 14.21 0.0 59.68 64.2 12.04 46.27 25.5 32.39 55.76 30.15 37.2 118.33 60.21 60.03 49.82 65.6 99.36 98.62 78.6 111.65 66.22 71.18 56.57 88.77 124.42 47.01 15.81 72.56 35.69 62.43 115.21 106.07 116.97 88.28 83.1 49.93 120.5 38.47 58.01 83.15 99.3 43.27 135.03 14.04 118.53 40.25 36.67 49.4 59.41 74.4 76.38 60.21 30.08 114.74 39.2 57.58 143.02 96.69 11.66 137.93 42.95 54.41 24.21 42.19 122.05 32.14 70.01 110.02 109.07 20.62 93.24 55.33 19.42 
89.89 24.04 25.46 35.34 19.7 56.08 18.6 62.29 28.02 44.15 42.0 61.33 38.0 36.24 28.86 21.0 73.16 64.62 19.1 24.17 16.16 39.45 73.78 59.68 0.0 38.28 71.28 36.35 62.51 46.01 26.4 35.0 22.85 60.83 27.51 60.42 45.69 23.71 39.81 51.08 20.0 51.97 23.26 41.18 64.08 36.14 66.49 54.41 74.4 13.0 28.84 28.43 68.35 70.94 79.63 53.04 25.55 26.4 71.84 28.18 30.81 41.23 39.92 16.55 77.93 48.92 59.09 33.38 58.22 27.31 25.3 29.83 24.08 1.0 31.83 76.84 21.19 11.4 85.15 45.88 55.23 81.5 43.42 15.03 37.95 36.14 71.59 54.01 37.22 50.7 67.74 47.3 34.83 51.0 40.31 
64.13 62.3 54.23 4.47 27.66 73.82 47.04 80.78 16.12 54.92 65.73 92.1 13.15 30.27 64.28 19.85 76.69 48.51 22.0 62.39 50.48 7.28 75.11 64.2 38.28 0.0 72.11 18.0 80.06 69.64 62.13 34.93 43.42 65.76 10.77 92.63 77.08 61.85 57.78 37.58 52.01 69.77 61.47 7.0 94.37 34.83 72.14 83.24 73.44 41.01 31.38 65.76 52.39 42.2 52.95 24.08 58.0 59.82 58.24 28.23 8.49 21.47 56.36 40.31 80.0 50.16 72.67 61.62 81.99 60.44 13.0 68.01 61.0 39.22 37.34 50.64 43.93 26.93 89.02 38.6 54.01 81.54 72.35 24.19 54.56 22.02 60.75 76.54 7.21 64.66 45.01 64.08 63.64 83.45 50.6 
135.24 81.69 96.4 74.43 55.54 127.32 89.87 34.13 59.23 113.6 43.46 65.07 59.03 42.76 94.76 61.98 141.32 120.07 76.55 79.03 63.66 79.23 3.0 12.04 71.28 72.11 0.0 54.15 32.14 43.01 67.68 39.85 49.04 129.08 69.43 69.26 60.44 77.62 110.79 107.87 90.43 123.17 78.24 79.1 65.0 98.98 135.25 56.44 4.12 84.06 45.88 74.33 124.04 113.16 124.15 96.02 95.02 61.85 129.55 48.38 66.75 92.07 110.64 55.0 145.6 23.41 129.87 51.97 45.01 61.29 68.88 86.4 88.41 71.85 40.72 122.07 51.09 68.45 153.77 106.48 18.25 148.33 53.76 65.0 36.24 50.25 131.4 41.3 78.41 121.31 117.11 31.78 105.12 65.51 31.24 
81.88 59.03 58.69 20.4 18.25 83.87 51.08 64.41 8.94 66.48 51.62 79.51 5.39 12.65 65.12 15.81 91.27 66.1 28.43 58.22 43.17 25.08 57.14 46.27 36.35 18.0 54.15 0.0 63.51 55.23 54.41 17.89 31.38 79.63 17.2 80.8 65.46 57.31 67.01 54.41 54.71 79.65 57.22 25.0 81.47 48.26 86.02 70.09 55.58 44.38 16.28 59.44 70.04 59.84 70.71 42.05 60.73 50.7 75.71 13.6 13.42 38.33 66.07 30.68 95.02 32.25 84.15 49.65 67.01 51.08 17.69 65.03 60.41 37.34 21.4 68.47 32.65 26.25 103.77 54.13 36.01 97.06 59.82 21.84 39.2 4.12 77.88 61.4 24.33 75.69 63.01 48.02 68.54 72.11 34.0 
143.68 63.13 84.12 80.65 54.92 116.06 79.31 2.0 64.2 106.53 21.54 33.54 68.88 51.0 77.83 63.35 135.64 123.04 75.24 60.03 49.04 86.02 32.0 25.5 62.51 80.06 32.14 63.51 0.0 18.36 47.51 45.62 41.01 123.32 73.25 38.08 32.8 58.67 101.14 109.66 77.79 112.27 59.54 86.65 33.14 97.01 128.89 26.0 36.06 75.13 48.7 53.25 127.01 122.07 132.56 103.45 80.78 42.49 131.55 51.87 72.42 95.71 101.64 47.01 140.43 34.66 120.33 31.78 13.6 41.59 71.81 66.29 71.55 62.65 42.72 130.08 42.01 65.07 147.49 106.12 35.81 144.01 27.59 63.39 26.31 59.48 132.19 12.04 84.48 112.29 123.0 16.28 91.0 36.24 29.55 
131.47 44.78 66.22 69.35 42.49 98.08 61.81 17.46 53.54 89.45 4.12 26.0 60.31 43.93 59.48 50.99 118.61 108.91 60.88 41.68 31.4 74.71 44.01 32.39 46.01 69.64 43.01 55.23 18.36 0.0 29.15 38.29 26.93 106.38 61.27 28.86 17.46 40.31 83.55 95.34 59.91 94.37 41.18 75.66 27.29 81.61 111.76 16.16 47.13 58.14 39.05 35.0 112.81 110.49 120.54 91.71 62.63 24.17 116.9 42.01 61.4 82.54 84.17 32.02 123.49 34.21 102.61 13.6 12.65 23.26 59.51 48.01 53.23 46.0 33.94 117.92 27.2 50.45 130.25 91.08 38.33 127.25 10.77 49.65 16.4 51.62 117.1 8.0 72.9 94.73 110.05 12.0 72.8 23.02 23.71 
116.21 15.65 39.05 60.0 36.4 70.21 36.35 46.53 48.33 64.28 26.4 36.14 57.94 48.17 30.46 42.54 93.05 90.34 45.34 12.53 11.66 64.66 69.4 55.76 26.4 62.13 67.68 54.41 47.51 29.15 0.0 44.0 25.0 81.22 51.61 34.54 21.1 11.18 57.01 76.94 33.0 66.75 12.08 66.22 39.05 61.33 86.02 31.0 71.56 34.79 40.31 6.71 93.94 97.31 106.02 79.25 34.53 5.83 96.93 41.77 53.85 67.62 58.01 23.77 98.08 50.6 75.43 16.28 38.6 6.4 49.41 19.1 24.35 25.81 39.01 103.23 23.02 36.12 104.04 71.18 56.65 102.24 21.59 38.01 31.76 52.39 96.14 36.25 62.48 68.07 94.03 36.8 44.38 25.3 38.63 
99.04 52.89 60.31 36.22 16.4 89.5 53.08 46.53 20.0 74.43 35.0 63.51 23.26 5.66 62.61 22.14 101.64 81.1 36.77 51.2 34.53 41.44 42.72 30.15 35.0 34.93 39.85 17.89 45.62 38.29 44.0 0.0 19.0 89.47 30.07 65.37 50.57 50.01 72.62 68.47 55.0 85.28 50.22 41.77 65.22 59.14 95.71 53.82 42.15 46.67 6.4 50.09 85.09 77.13 87.86 58.86 60.46 39.12 90.35 8.54 28.07 53.04 72.2 21.84 105.85 16.49 91.26 35.11 49.58 39.2 29.27 58.69 56.86 35.81 5.1 85.51 21.02 29.41 114.13 66.71 21.93 108.5 44.29 25.55 21.93 13.89 91.92 43.93 40.2 82.66 79.31 30.23 69.81 57.27 16.12 
104.55 34.93 47.43 42.72 15.81 78.77 41.18 41.11 27.59 66.76 22.85 48.8 35.81 23.35 46.4 24.19 95.57 82.38 34.37 32.89 16.16 48.02 51.4 37.2 22.85 43.42 49.04 31.38 41.01 26.93 25.0 19.0 0.0 83.2 34.48 49.68 34.21 31.62 62.65 68.88 41.4 74.71 31.95 49.09 50.99 56.0 89.02 39.82 52.4 35.85 15.81 31.14 86.31 83.63 93.62 64.85 46.01 20.22 90.67 17.89 35.0 55.66 62.77 6.32 100.22 28.02 81.94 18.44 39.56 20.4 32.65 40.5 40.22 23.26 14.04 91.0 2.24 24.08 107.7 65.12 34.41 103.58 29.0 22.8 15.3 28.64 91.2 34.48 46.14 73.54 83.17 25.08 56.08 40.8 17.8 
60.17 68.25 42.76 61.55 73.54 22.47 45.01 123.04 71.87 17.0 102.49 116.97 76.84 87.71 55.97 67.54 12.37 34.0 52.77 71.02 75.11 59.46 131.85 118.33 60.83 65.76 129.08 79.63 123.32 106.38 81.22 89.47 83.2 0.0 62.43 114.59 102.31 71.85 25.0 32.7 48.37 21.93 70.86 60.96 119.94 31.4 6.4 112.16 131.59 48.26 83.26 78.92 34.23 56.32 56.22 53.23 48.51 84.01 31.32 80.96 66.4 45.61 23.54 76.9 17.12 105.7 15.23 93.13 118.11 85.01 62.13 69.64 59.67 60.67 88.39 54.08 81.79 60.75 24.7 28.02 111.4 21.02 102.0 64.08 98.49 82.38 26.93 114.35 58.69 15.81 45.04 108.06 41.63 105.93 99.62 
70.52 51.55 44.91 8.49 18.79 67.42 37.48 73.76 10.2 49.52 57.25 82.62 15.0 26.68 54.04 10.3 74.09 51.04 12.65 51.62 40.0 13.6 72.37 60.21 27.51 10.77 69.43 17.2 73.25 61.27 51.61 30.07 34.48 62.43 0.0 82.88 67.36 51.08 50.77 38.47 42.11 63.25 50.7 14.87 85.0 31.06 68.82 74.06 71.31 31.14 25.08 55.07 55.04 49.24 59.46 30.46 48.17 49.58 60.3 22.02 4.47 23.0 49.65 30.61 77.9 46.39 67.27 52.2 73.82 50.25 2.24 57.28 50.49 28.46 31.14 56.92 34.67 16.16 86.61 37.34 51.2 80.06 63.01 13.6 47.13 20.12 61.98 68.54 11.66 58.9 49.82 57.01 54.57 73.59 44.41 
150.23 46.39 71.85 91.35 65.07 101.0 70.34 36.14 77.16 97.86 31.02 5.0 85.43 70.83 60.01 72.86 126.02 124.81 78.77 43.57 44.42 96.43 69.58 60.03 60.42 92.63 69.26 80.8 38.08 28.86 34.54 65.37 49.68 114.59 82.88 0.0 15.56 42.76 89.81 111.36 66.29 98.05 43.74 97.74 7.21 95.85 118.95 13.04 73.33 69.29 64.64 35.69 128.44 130.67 139.82 112.2 66.37 34.13 131.47 67.2 84.15 101.24 91.08 52.35 131.11 63.06 107.12 31.24 24.52 33.29 80.81 46.0 55.23 59.94 60.54 137.06 48.84 68.82 136.37 105.7 67.08 135.48 21.1 69.66 44.38 77.67 130.63 28.02 94.37 100.5 128.13 40.61 75.03 9.43 52.2 
135.2 35.36 60.0 75.82 49.52 90.67 57.43 31.24 61.62 85.38 18.0 15.65 70.0 55.9 50.01 57.31 114.11 110.31 63.63 32.25 29.55 80.92 61.35 49.82 45.69 77.08 60.44 65.46 32.8 17.46 21.1 50.57 34.21 102.31 67.36 15.56 0.0 31.14 78.01 96.77 54.04 87.37 32.14 82.22 18.38 81.6 107.07 10.2 64.56 55.54 49.4 24.33 114.02 115.38 124.68 96.83 55.15 19.31 117.32 51.87 68.59 86.09 79.06 36.8 119.15 50.25 96.19 15.81 20.62 18.38 65.3 36.69 44.41 45.31 45.62 121.94 33.3 53.54 125.0 91.42 55.01 123.33 7.0 54.2 30.59 62.43 116.76 20.81 78.87 89.01 113.18 29.27 64.63 6.71 38.64 
111.04 4.47 29.15 59.03 39.12 59.54 27.86 57.71 50.01 55.11 37.44 45.18 60.02 53.34 19.31 43.42 83.38 84.06 42.44 1.41 15.52 63.13 79.51 65.6 23.71 61.85 77.62 57.31 58.67 40.31 11.18 50.01 31.62 71.85 51.08 42.76 31.14 0.0 47.17 71.03 23.54 56.22 1.0 64.88 48.17 54.92 76.32 41.3 81.4 28.02 45.28 7.07 87.46 93.35 101.32 76.06 24.02 16.4 89.89 46.04 54.08 63.7 48.37 28.28 88.46 59.03 65.07 27.2 49.65 17.2 48.85 8.94 13.34 22.83 45.35 98.49 29.41 34.93 94.02 64.66 65.3 92.78 32.57 37.95 41.4 56.04 88.64 47.42 60.9 58.03 88.87 47.42 33.54 34.13 47.51 
76.32 43.42 18.03 53.31 56.22 16.97 21.84 100.66 58.26 9.9 79.83 92.35 65.73 72.18 31.02 52.35 36.22 47.51 38.6 46.27 52.17 53.45 113.37 99.36 39.81 57.78 110.79 67.01 101.14 83.55 57.01 72.62 62.65 25.0 50.77 89.81 78.01 47.17 0.0 38.6 24.02 12.73 46.17 55.36 95.34 26.02 29.15 88.01 113.74 26.83 66.22 54.23 49.65 65.52 69.35 55.01 23.54 60.3 49.58 64.54 55.23 43.19 2.24 56.36 41.3 87.92 19.31 70.04 94.76 61.29 49.65 44.64 34.71 39.4 70.46 66.71 60.93 43.28 47.04 31.05 94.05 45.71 78.23 47.42 77.62 68.77 46.69 91.41 51.87 11.18 56.46 86.65 17.2 81.3 80.06 
40.31 69.03 47.8 34.18 55.04 49.01 44.55 109.9 48.66 30.27 91.22 112.4 50.33 65.12 62.48 47.01 41.4 13.6 34.53 70.8 67.23 30.41 110.82 98.62 51.08 37.58 107.87 54.41 109.66 95.34 76.94 68.47 68.88 32.7 38.47 111.36 96.77 71.03 38.6 0.0 50.21 46.04 70.21 31.38 115.16 16.28 38.47 105.34 109.66 43.01 63.13 77.39 17.46 26.93 31.62 20.59 54.04 77.47 22.0 60.21 41.23 16.16 36.4 63.35 43.86 84.85 44.55 83.82 107.94 78.39 39.2 72.92 62.94 51.48 69.07 28.84 68.25 44.91 53.08 7.62 89.63 44.69 94.24 46.27 83.38 57.97 23.54 103.16 30.46 39.0 18.6 93.43 53.24 101.98 82.0 
90.51 20.25 6.32 48.09 39.45 38.28 5.83 77.2 45.88 31.58 56.32 68.59 55.32 56.08 13.0 38.9 60.07 62.48 30.02 22.8 28.79 50.64 92.8 78.6 20.0 52.01 90.43 54.71 77.79 59.91 33.0 55.0 41.4 48.37 42.11 66.29 54.04 23.54 24.02 50.21 0.0 34.48 22.56 52.61 71.57 33.97 53.04 64.0 93.72 11.0 48.83 30.59 65.6 74.89 81.57 59.51 6.08 36.35 67.42 48.02 46.27 46.52 25.02 35.47 65.12 68.59 42.76 46.32 70.86 37.34 40.2 23.02 12.81 19.21 51.74 78.75 39.41 28.46 71.06 43.19 74.95 69.35 54.23 32.89 55.57 55.15 65.76 67.68 48.51 35.13 68.68 63.98 14.87 57.56 59.2 
80.23 52.09 28.16 65.3 68.88 4.24 33.54 111.68 70.94 16.12 90.8 101.0 78.24 84.9 38.05 65.07 29.97 52.2 51.22 55.15 63.25 65.0 125.72 111.65 51.97 69.77 123.17 79.65 112.27 94.37 66.75 85.28 74.71 21.93 63.25 98.05 87.37 56.22 12.73 46.04 34.48 0.0 55.23 66.85 104.0 36.4 23.32 97.51 126.19 39.12 78.87 63.13 53.49 72.56 74.73 64.5 32.25 70.61 51.88 77.23 67.68 53.6 13.6 68.48 34.93 100.44 9.22 80.78 105.12 71.59 62.2 52.09 43.05 51.48 83.01 72.28 72.9 55.97 38.64 39.01 106.61 39.81 88.28 60.14 89.47 81.47 48.02 102.11 63.56 7.28 62.37 98.23 23.02 90.02 92.28 
110.26 3.61 28.16 58.6 39.05 58.55 26.93 58.59 49.82 54.13 38.28 46.17 59.84 53.46 18.38 43.17 82.39 83.22 41.88 1.0 15.81 62.65 80.16 66.22 23.26 61.47 78.24 57.22 59.54 41.18 12.08 50.22 31.95 70.86 50.7 43.74 32.14 1.0 46.17 70.21 22.56 55.23 0.0 64.41 49.16 54.08 75.33 42.3 82.01 27.2 45.4 8.06 86.61 92.66 100.57 75.43 23.02 17.2 89.01 46.1 53.76 63.03 47.38 28.44 87.46 59.48 64.07 28.02 50.6 18.03 48.47 8.54 12.37 22.36 45.61 97.74 29.73 34.54 93.02 63.81 65.76 91.79 33.53 37.64 42.01 56.01 87.73 48.33 60.42 57.04 88.09 48.17 32.56 35.13 48.02 
57.27 64.88 54.04 6.4 33.29 70.77 47.27 87.32 22.47 51.43 71.69 97.45 20.1 37.22 65.31 25.0 71.45 41.76 23.09 65.3 54.67 2.0 82.1 71.18 41.18 7.0 79.1 25.0 86.65 75.66 66.22 41.77 49.09 60.96 14.87 97.74 82.22 64.88 55.36 31.38 52.61 66.85 64.41 0.0 99.81 30.89 67.27 88.81 80.4 41.77 37.95 69.34 45.61 35.44 46.1 17.12 58.42 64.38 51.55 34.79 14.32 15.62 53.76 45.45 74.52 57.14 68.96 67.01 88.12 65.07 16.97 70.38 62.64 42.06 43.97 43.74 49.41 30.23 83.63 33.24 61.01 75.8 77.8 28.32 60.93 29.02 54.23 82.73 4.12 61.27 38.01 70.58 63.03 88.46 57.28 
153.47 52.04 77.32 93.41 66.71 107.07 75.31 31.14 78.57 103.1 30.23 3.0 86.31 70.8 66.07 74.81 131.55 128.69 81.88 49.09 47.93 98.6 65.07 56.57 64.08 94.37 65.0 81.47 33.14 27.29 39.05 65.22 50.99 119.94 85.0 7.21 18.38 48.17 95.34 115.16 71.57 104.0 49.16 99.81 0.0 99.96 124.49 11.4 69.01 73.76 65.19 41.11 132.4 133.45 142.89 114.83 72.06 37.7 135.68 67.94 85.91 104.32 96.52 54.41 136.62 61.1 113.0 32.8 20.02 36.77 83.01 52.15 61.01 63.69 60.61 140.16 50.45 71.69 142.13 109.79 64.56 140.91 22.02 72.11 43.57 78.1 135.06 24.52 96.61 106.17 131.49 38.28 81.02 14.04 51.0 
56.59 52.8 31.91 30.48 43.93 40.16 28.28 97.05 40.71 20.62 77.52 97.14 45.45 56.86 46.4 37.0 43.05 29.15 22.56 54.64 52.2 29.15 101.83 88.77 36.14 34.83 98.98 48.26 97.01 81.61 61.33 59.14 56.0 31.4 31.06 95.85 81.6 54.92 26.02 16.28 33.97 36.4 54.08 30.89 99.96 0.0 37.8 90.52 101.24 26.93 53.16 61.4 32.65 41.59 47.63 29.07 38.01 62.3 35.74 50.6 35.0 17.26 24.08 50.04 46.96 75.58 38.08 69.43 94.05 63.25 30.89 56.64 46.67 36.4 58.69 44.82 55.04 32.06 55.57 9.85 80.99 49.4 79.56 34.53 71.06 51.11 35.51 89.56 28.02 30.46 34.71 81.02 38.28 86.54 70.86 
62.97 72.56 47.17 67.94 79.71 22.67 50.09 128.57 78.23 22.36 107.91 121.5 83.24 94.02 59.67 73.82 7.07 38.33 59.06 75.43 80.4 65.8 138.0 124.42 66.49 72.14 135.25 86.02 128.89 111.76 86.02 95.71 89.02 6.4 68.82 118.95 107.07 76.32 29.15 38.47 53.04 23.32 75.33 67.27 124.49 37.8 0.0 117.02 137.8 53.76 89.47 83.38 38.01 61.0 60.0 59.06 52.61 89.05 34.23 87.21 72.8 51.86 28.02 82.71 12.17 111.89 14.87 98.41 123.33 90.05 68.51 73.55 63.79 66.29 94.54 58.03 87.56 66.85 18.68 34.21 117.63 16.76 107.04 70.26 104.29 88.75 29.43 119.71 65.05 18.68 49.5 113.78 44.92 110.45 105.62 
143.11 45.54 70.03 82.42 55.61 100.84 67.19 24.17 67.36 95.19 18.87 9.85 74.97 59.41 60.21 63.82 124.04 118.93 71.59 42.43 38.33 87.66 56.89 47.01 54.41 83.24 56.44 70.09 26.0 16.16 31.0 53.82 39.82 112.16 74.06 13.04 10.2 41.3 88.01 105.34 64.0 97.51 42.3 88.81 11.4 90.52 117.02 0.0 60.53 64.94 53.81 34.53 122.7 122.8 132.41 104.1 65.28 28.44 126.24 56.59 74.81 93.91 89.01 43.57 129.06 50.29 106.3 21.95 12.53 27.46 72.11 46.84 54.59 54.12 49.2 129.71 39.41 61.27 135.03 100.28 54.13 133.18 11.18 61.4 32.25 66.71 125.88 15.13 85.7 99.05 121.25 27.66 74.81 10.63 39.81 
136.06 85.43 99.64 75.95 58.14 130.36 93.01 38.05 61.13 116.3 47.54 69.12 60.3 44.64 98.35 64.26 143.78 121.66 78.92 82.8 67.27 80.62 4.47 15.81 74.4 73.44 4.12 55.58 36.06 47.13 71.56 42.15 52.4 131.59 71.31 73.33 64.56 81.4 113.74 109.66 93.72 126.19 82.01 80.4 69.01 101.24 137.8 60.53 0.0 87.09 48.33 78.23 125.6 114.02 125.02 97.19 98.41 65.73 131.21 50.7 68.45 93.74 113.53 58.26 148.0 25.94 132.74 55.95 49.04 65.19 70.88 90.21 92.02 75.0 43.42 123.0 54.49 71.12 156.26 108.52 20.25 150.63 57.87 67.54 40.0 51.79 133.2 45.4 79.91 124.17 118.34 35.85 108.47 69.63 34.66 
83.1 26.17 14.32 37.12 30.48 43.27 6.71 74.81 35.47 31.4 54.23 70.88 44.64 47.01 23.54 28.64 60.53 56.08 19.03 27.8 27.02 39.81 86.61 72.56 13.0 41.01 84.06 44.38 75.13 58.14 34.79 46.67 35.85 48.26 31.14 69.29 55.54 28.02 26.83 43.01 11.0 39.12 27.2 41.77 73.76 26.93 53.76 64.94 87.09 0.0 40.31 34.48 59.54 66.07 73.55 49.74 17.03 36.5 62.24 39.05 35.36 36.89 26.93 29.55 65.38 61.4 46.1 45.0 70.0 37.48 29.27 30.61 21.47 12.65 44.05 70.72 34.18 18.36 72.37 36.72 67.62 69.12 54.33 22.83 50.92 45.18 61.35 66.12 37.66 37.7 60.96 60.17 24.17 60.08 53.24 
95.08 47.85 54.04 32.02 10.0 83.1 46.75 49.4 15.52 68.1 35.38 63.25 21.26 8.06 56.86 16.28 95.46 76.0 30.68 46.39 30.02 37.36 48.7 35.69 28.84 31.38 45.88 16.28 48.7 39.05 40.31 6.4 15.81 83.26 25.08 64.64 49.4 45.28 66.22 63.13 48.83 78.87 45.4 37.95 65.19 53.16 89.47 53.81 48.33 40.31 0.0 46.04 80.0 73.38 83.93 54.82 54.38 35.9 85.09 3.16 23.77 48.04 65.8 17.03 99.72 22.47 84.88 33.62 51.04 36.14 24.0 53.76 51.26 29.68 6.08 81.49 17.46 23.02 107.94 61.0 28.18 102.46 43.6 19.24 23.32 13.04 86.47 45.49 35.9 76.28 74.81 32.7 63.6 56.08 19.42 
117.2 11.05 36.22 63.29 41.23 66.37 34.79 52.15 52.81 62.17 32.56 38.12 62.64 54.01 25.71 46.62 90.45 90.55 47.51 8.0 16.28 67.68 76.03 62.43 28.43 65.76 74.33 59.44 53.25 35.0 6.71 50.09 31.14 78.92 55.07 35.69 24.33 7.07 54.23 77.39 30.59 63.13 8.06 69.34 41.11 61.4 83.38 34.53 78.23 34.48 46.04 0.0 94.02 99.04 107.3 81.39 31.0 12.53 96.61 47.27 57.7 69.31 55.44 29.15 95.52 57.25 72.03 22.67 43.46 13.04 52.84 13.04 20.1 27.66 45.18 104.48 29.07 39.12 101.04 71.2 63.32 99.85 26.4 41.59 38.47 57.71 95.46 41.68 65.46 65.07 95.0 43.28 40.31 27.07 45.31 
26.83 85.15 62.29 49.65 72.25 55.36 60.22 127.28 65.12 39.96 108.68 129.62 65.51 81.39 77.16 64.07 37.85 4.0 51.97 87.13 84.5 45.12 127.01 115.21 68.35 52.39 124.04 70.04 127.01 112.81 93.94 85.09 86.31 34.23 55.04 128.44 114.02 87.46 49.65 17.46 65.6 53.49 86.61 45.61 132.4 32.65 38.01 122.7 125.6 59.54 80.0 94.02 0.0 24.17 22.02 30.41 68.68 94.7 6.4 77.01 57.31 32.06 47.43 80.81 38.28 101.32 49.03 101.24 125.4 95.63 56.0 88.6 78.41 68.71 86.01 20.02 85.7 62.37 47.01 22.83 105.8 37.12 111.63 63.64 100.72 73.82 10.82 120.62 45.71 46.24 12.53 110.77 66.07 119.1 99.08 
22.09 92.1 73.43 41.44 68.03 75.24 69.07 122.7 57.87 57.07 106.45 130.92 54.59 72.37 87.66 59.51 61.68 22.8 52.01 93.38 86.4 36.06 116.16 106.07 70.94 42.2 113.16 59.84 122.07 110.49 97.31 77.13 83.63 56.32 49.24 130.67 115.38 93.35 65.52 26.93 74.89 72.56 92.66 35.44 133.45 41.59 61.0 122.8 114.02 66.07 73.38 99.04 24.17 0.0 11.0 18.79 79.4 96.61 30.02 70.21 49.65 29.73 63.32 79.26 62.39 92.07 70.0 100.85 123.07 97.42 50.99 96.67 87.2 71.59 79.4 9.22 83.65 61.85 71.18 34.48 95.43 61.27 111.65 61.4 96.21 63.95 34.89 117.78 37.7 65.38 11.7 105.95 79.71 121.25 92.72 
11.18 99.72 79.4 51.92 78.19 76.9 75.82 133.15 68.41 60.17 116.47 140.29 65.49 83.19 94.02 69.64 59.41 22.56 61.06 101.24 95.41 46.57 127.14 116.97 79.63 52.95 124.15 70.71 132.56 120.54 106.02 87.86 93.62 56.22 59.46 139.82 124.68 101.32 69.35 31.62 81.57 74.73 100.57 46.1 142.89 47.63 60.0 132.41 125.02 73.55 83.93 107.3 22.02 11.0 0.0 29.12 85.6 105.69 26.31 80.78 60.17 38.59 67.12 89.0 59.23 102.96 70.86 110.48 133.15 106.53 61.1 103.97 94.18 80.21 89.99 2.83 93.52 71.2 67.45 39.12 106.38 57.28 121.24 71.11 106.57 74.81 31.4 127.95 48.08 67.45 13.04 116.39 84.72 130.38 103.32 
40.26 75.21 59.14 22.8 49.24 67.9 53.71 104.04 39.29 48.37 87.66 112.33 37.0 54.33 72.5 40.72 61.85 26.93 33.94 76.22 68.12 17.46 99.02 88.28 53.04 24.08 96.02 42.05 103.45 91.71 79.25 58.86 64.85 53.23 30.46 112.2 96.83 76.06 55.01 20.59 59.51 64.5 75.43 17.12 114.83 29.07 59.06 104.1 97.19 49.74 54.82 81.39 30.41 18.79 29.12 0.0 64.62 78.24 36.72 51.66 31.05 13.0 53.0 60.54 64.03 74.24 64.29 82.15 104.28 79.03 32.2 80.16 71.2 53.76 60.88 26.68 64.88 43.42 73.25 25.96 78.01 64.38 92.96 42.72 77.49 46.1 40.22 99.01 18.97 57.87 21.21 87.28 66.71 102.8 74.22 
94.18 20.02 6.4 54.04 45.18 35.69 11.18 80.06 51.92 32.31 59.24 69.07 61.39 61.77 8.49 44.92 59.68 65.76 36.0 23.0 32.25 56.44 97.31 83.1 25.55 58.0 95.02 60.73 80.78 62.63 34.53 60.46 46.01 48.51 48.17 66.37 55.15 24.02 23.54 54.04 6.08 32.25 23.02 58.42 72.06 38.01 52.61 65.28 98.41 17.03 54.38 31.0 68.68 79.4 85.6 64.62 0.0 38.6 70.0 53.71 52.35 51.62 25.0 40.31 64.78 73.59 41.05 49.04 73.01 39.56 46.27 21.19 11.18 24.7 57.01 82.8 43.93 34.48 70.06 46.75 79.98 69.23 56.09 38.9 59.64 61.1 67.96 70.21 54.33 34.13 72.62 67.6 10.3 58.03 63.78 
116.11 20.81 42.58 58.05 33.12 74.22 39.0 41.63 45.28 67.01 21.1 34.93 54.56 43.57 35.36 40.0 96.02 91.0 44.65 17.8 10.3 62.94 63.6 49.93 26.4 59.82 61.85 50.7 42.49 24.17 5.83 39.12 20.22 84.01 49.58 34.13 19.31 16.4 60.3 77.47 36.35 70.61 17.2 64.38 37.7 62.3 89.05 28.44 65.73 36.5 35.9 12.53 94.7 96.61 105.69 78.24 38.6 0.0 98.03 37.64 51.4 67.12 61.13 20.12 101.0 44.92 79.08 10.82 34.53 1.0 47.42 24.76 29.07 26.0 34.06 102.93 18.44 34.83 107.3 72.11 50.92 105.02 18.0 36.07 25.94 48.38 97.53 31.62 60.81 71.45 94.02 31.11 48.7 24.7 32.89 
28.86 87.32 63.6 55.32 77.03 53.31 62.27 131.75 70.46 39.7 112.79 132.85 71.31 86.83 78.41 69.01 33.14 9.85 56.32 89.47 87.93 50.96 132.52 120.5 71.84 58.24 129.55 75.71 131.55 116.9 96.93 90.35 90.67 31.32 60.3 131.47 117.32 89.89 49.58 22.0 67.42 51.88 89.01 51.55 135.68 35.74 34.23 126.24 131.21 62.24 85.09 96.61 6.4 30.02 26.31 36.72 70.0 98.03 0.0 82.15 62.8 37.48 47.42 85.0 32.98 106.68 46.49 105.02 129.44 98.98 61.13 90.43 80.16 72.12 91.05 24.74 89.94 66.61 41.44 25.96 111.31 31.38 115.25 68.18 105.3 79.43 5.1 124.78 51.42 44.78 18.6 115.35 66.47 122.2 104.0 
91.92 48.37 53.01 28.86 8.6 81.47 45.61 52.55 12.37 66.04 38.29 65.95 18.38 8.06 56.65 13.6 93.11 73.01 28.23 47.1 31.06 34.21 51.24 38.47 28.18 28.23 48.38 13.6 51.87 42.01 41.77 8.54 17.89 80.96 22.02 67.2 51.87 46.04 64.54 60.21 48.02 77.23 46.1 34.79 67.94 50.6 87.21 56.59 50.7 39.05 3.16 47.27 77.01 70.21 80.78 51.66 53.71 37.64 82.15 0.0 20.62 45.01 64.03 18.11 97.31 25.0 83.01 36.06 54.08 37.95 21.02 54.33 51.24 29.07 9.22 78.34 19.31 21.26 105.6 58.25 30.46 99.96 46.23 17.2 26.42 10.77 83.6 48.55 32.76 74.4 71.7 35.85 62.68 58.52 22.56 
71.31 54.82 49.24 8.25 19.21 71.85 41.77 73.05 8.25 53.81 57.45 83.63 10.63 24.08 58.0 11.4 77.94 53.34 17.09 54.71 42.19 13.6 69.72 58.01 30.81 8.49 66.75 13.42 72.42 61.4 53.85 28.07 35.0 66.4 4.47 84.15 68.59 54.08 55.23 41.23 46.27 67.68 53.76 14.32 85.91 35.0 72.8 74.81 68.45 35.36 23.77 57.7 57.31 49.65 60.17 31.05 52.35 51.4 62.8 20.62 0.0 25.32 54.08 31.83 81.63 44.05 71.59 53.15 73.82 52.01 6.08 60.64 54.23 31.78 29.83 57.72 35.47 19.42 90.43 40.72 48.51 83.65 63.89 16.16 46.62 16.76 64.76 68.43 12.17 63.25 51.24 56.3 58.94 74.97 43.17 
49.19 62.63 46.17 18.03 40.79 57.28 40.72 96.1 33.06 37.64 78.43 101.71 34.18 49.37 59.51 32.39 55.87 28.07 22.47 63.78 56.86 14.42 95.04 83.15 41.23 21.47 92.07 38.33 95.71 82.54 67.62 53.04 55.66 45.61 23.0 101.24 86.09 63.7 43.19 16.16 46.52 53.6 63.03 15.62 104.32 17.26 51.86 93.91 93.74 36.89 48.04 69.31 32.06 29.73 38.59 13.0 51.62 67.12 37.48 45.01 25.32 0.0 41.3 50.7 58.9 69.26 54.63 72.01 95.19 67.96 24.08 67.42 58.31 41.87 54.08 35.85 55.36 32.65 68.01 17.69 73.82 60.22 82.73 32.89 69.43 41.98 39.56 90.14 14.32 47.43 27.51 79.43 53.94 91.81 67.27 
74.09 44.72 19.24 51.89 55.8 17.8 22.36 101.2 57.38 7.81 80.41 93.54 64.64 71.59 32.7 51.62 35.06 45.28 37.64 47.52 52.77 51.87 113.25 99.3 39.92 56.36 110.64 66.07 101.64 84.17 58.01 72.2 62.77 23.54 49.65 91.08 79.06 48.37 2.24 36.4 25.02 13.6 47.38 53.76 96.52 24.08 28.02 89.01 113.53 26.93 65.8 55.44 47.43 63.32 67.12 53.0 25.0 61.13 47.42 64.03 54.08 41.3 0.0 56.46 40.11 87.66 19.24 70.71 95.52 62.13 48.6 46.17 36.14 39.56 70.18 64.47 61.1 42.8 46.17 28.86 93.74 44.41 79.1 46.86 77.83 67.94 44.6 92.07 50.33 10.77 54.23 86.98 19.21 82.49 80.06 
99.81 31.05 41.4 39.05 13.04 72.56 34.99 47.01 25.24 60.44 27.89 52.01 34.44 25.08 41.34 20.52 89.27 76.9 28.86 29.43 13.0 44.2 57.43 43.27 16.55 40.31 55.0 30.68 47.01 32.02 23.77 21.84 6.32 76.9 30.61 52.35 36.8 28.28 56.36 63.35 35.47 68.48 28.44 45.45 54.41 50.04 82.71 43.57 58.26 29.55 17.03 29.15 80.81 79.26 89.0 60.54 40.31 20.12 85.0 18.11 31.83 50.7 56.46 0.0 93.94 33.3 75.64 21.63 44.64 20.59 28.6 36.88 35.36 17.0 17.46 86.33 5.0 18.44 101.39 59.3 39.7 97.32 32.45 17.89 21.59 28.64 85.38 39.81 42.2 67.23 78.19 31.26 50.25 43.14 23.85 
60.01 84.72 59.3 76.03 90.14 33.62 62.01 140.16 87.66 34.06 119.6 133.63 91.81 103.79 71.81 83.77 5.1 39.81 69.08 87.57 92.2 73.25 148.41 135.03 77.93 80.0 145.6 95.02 140.43 123.49 98.08 105.85 100.22 17.12 77.9 131.11 119.15 88.46 41.3 43.86 65.12 34.93 87.46 74.52 136.62 46.96 12.17 129.06 148.0 65.38 99.72 95.52 38.28 62.39 59.23 64.03 64.78 101.0 32.98 97.31 81.63 58.9 40.11 93.94 0.0 122.2 25.94 110.22 135.18 102.0 77.83 85.7 75.95 77.78 105.0 57.72 98.84 77.49 9.22 41.4 127.77 5.0 119.0 80.65 115.52 98.01 27.89 131.46 72.8 30.81 50.7 125.13 57.01 122.59 116.48 
114.13 62.65 74.33 52.0 32.2 104.62 67.48 36.07 36.22 90.35 32.39 60.08 37.48 20.0 74.4 38.6 117.92 97.33 53.14 60.37 43.91 57.04 26.25 14.04 48.92 50.16 23.41 32.25 34.66 34.21 50.6 16.49 28.02 105.7 46.39 63.06 50.25 59.03 87.92 84.85 68.59 100.44 59.48 57.14 61.1 75.58 111.89 50.29 25.94 61.4 22.47 57.25 101.32 92.07 102.96 74.24 73.59 44.92 106.68 25.0 44.05 69.26 87.66 33.3 122.2 0.0 106.85 37.22 42.54 44.64 45.71 67.98 68.24 49.58 17.49 100.72 30.23 45.18 130.39 83.2 6.4 124.92 43.29 41.63 20.02 28.16 108.34 37.12 56.0 98.27 95.05 22.85 83.44 56.57 12.17 
75.29 61.01 36.5 68.24 74.89 7.81 41.11 119.82 75.69 17.8 98.95 110.0 82.22 90.43 47.17 70.29 21.1 48.37 55.9 64.03 71.31 67.23 132.48 118.53 59.09 72.67 129.87 84.15 120.33 102.61 75.43 91.26 81.94 15.23 67.27 107.12 96.19 65.07 19.31 44.55 42.76 9.22 64.07 68.96 113.0 38.08 14.87 106.3 132.74 46.1 84.88 72.03 49.03 70.0 70.86 64.29 41.05 79.08 46.49 83.01 71.59 54.63 19.24 75.64 25.94 106.85 0.0 89.05 113.6 80.06 66.48 61.2 52.0 58.69 89.36 68.59 80.23 61.85 29.43 38.33 112.9 30.89 96.88 65.8 96.93 86.31 42.15 110.42 66.04 8.6 59.14 105.95 32.14 99.0 99.28 
121.2 31.62 52.63 60.61 33.97 84.48 48.37 31.02 45.97 76.16 10.3 30.48 54.2 40.31 46.14 42.01 105.3 97.42 49.77 28.6 18.03 65.8 53.54 40.25 33.38 61.62 51.97 49.65 31.78 13.6 16.28 35.11 18.44 93.13 52.2 31.24 15.81 27.2 70.04 83.82 46.32 80.78 28.02 67.01 32.8 69.43 98.41 21.95 55.95 45.0 33.62 22.67 101.24 100.85 110.48 82.15 49.04 10.82 105.02 36.06 53.15 72.01 70.71 21.63 110.22 37.22 89.05 0.0 25.0 10.0 50.22 35.38 39.82 33.24 30.08 107.78 17.69 39.4 116.84 79.08 42.76 114.07 10.82 39.45 17.26 46.65 104.92 21.38 63.82 81.22 99.4 20.62 59.24 22.47 25.08 
144.1 54.08 77.1 81.84 55.04 108.68 73.25 11.7 65.86 101.12 16.76 20.1 72.2 55.23 68.95 63.56 130.25 121.51 73.5 50.92 43.01 87.21 45.18 36.67 58.22 81.99 45.01 67.01 13.6 12.65 38.6 49.58 39.56 118.11 73.82 24.52 20.62 49.65 94.76 107.94 70.86 105.12 50.6 88.12 20.02 94.05 123.33 12.53 49.04 70.0 51.04 43.46 125.4 123.07 133.15 104.28 73.01 34.53 129.44 54.08 73.82 95.19 95.52 44.64 135.18 42.54 113.6 25.0 0.0 33.54 72.09 56.36 62.94 58.14 45.61 130.55 39.85 63.06 141.69 103.58 45.31 139.06 17.09 62.3 27.8 63.25 129.55 5.66 85.43 105.93 122.7 20.0 82.97 23.02 33.97 
116.97 21.63 43.57 58.73 33.62 75.19 40.0 40.72 45.79 68.01 20.25 34.01 55.01 43.74 36.24 40.61 97.02 91.92 45.49 18.6 11.18 63.64 63.01 49.4 27.31 60.44 61.29 51.08 41.59 23.26 6.4 39.2 20.4 85.01 50.25 33.29 18.38 17.2 61.29 78.39 37.34 71.59 18.03 65.07 36.77 63.25 90.05 27.46 65.19 37.48 36.14 13.04 95.63 97.42 106.53 79.03 39.56 1.0 98.98 37.95 52.01 67.96 62.13 20.59 102.0 44.64 80.06 10.0 33.54 0.0 48.1 25.46 29.97 26.93 34.13 103.77 18.68 35.61 108.3 73.05 50.6 106.02 17.0 36.77 25.5 48.7 98.49 30.68 61.52 72.44 94.89 30.41 49.65 23.85 32.57 
72.11 49.34 43.17 10.63 17.09 66.4 35.69 72.28 9.85 48.8 55.46 80.6 16.12 26.25 52.01 8.54 73.93 52.0 11.18 49.4 37.8 15.62 71.81 59.41 25.3 13.0 68.88 17.69 71.81 59.51 49.41 29.27 32.65 62.13 2.24 80.81 65.3 48.85 49.65 39.2 40.2 62.2 48.47 16.97 83.01 30.89 68.51 72.11 70.88 29.27 24.0 52.84 56.0 50.99 61.1 32.2 46.27 47.42 61.13 21.02 6.08 24.08 48.6 28.6 77.83 45.71 66.48 50.22 72.09 48.1 0.0 55.08 48.37 26.25 30.02 58.52 32.76 13.93 86.45 37.64 50.7 80.11 61.03 11.4 45.61 20.25 62.65 66.85 13.6 58.05 51.2 55.54 52.89 71.51 43.19 
