25
0.0 9.9 15.65 1.0 18.11 11.18 8.54 30.07 11.05 32.06 5.0 28.44 32.02 22.02 22.47 6.71 16.03 17.12 3.61 30.08 7.62 25.32 26.17 2.0 12.53 
9.9 0.0 7.0 10.63 12.08 6.4 4.12 24.7 7.21 26.57 5.0 21.1 25.71 16.16 14.04 4.12 12.04 13.45 6.4 22.02 4.0 18.25 19.42 8.6 4.12 
15.65 7.0 0.0 16.55 6.4 5.83 7.21 18.36 6.71 20.12 10.77 14.14 18.97 10.0 7.07 8.94 8.25 9.49 12.65 15.03 11.0 11.4 12.65 14.87 3.16 
1.0 10.63 16.55 0.0 19.1 12.17 9.49 31.06 12.04 33.06 5.83 29.43 33.02 23.02 23.41 7.62 17.03 18.11 4.24 31.05 8.06 26.31 27.17 2.24 13.42 
18.11 12.08 6.4 19.1 0.0 7.0 10.05 12.65 7.07 14.56 14.04 10.44 14.04 4.12 6.71 12.04 3.61 4.12 16.03 12.53 15.81 7.28 8.06 18.0 8.06 
11.18 6.4 5.83 12.17 7.0 0.0 3.16 19.42 1.0 21.38 7.07 17.26 21.02 11.05 11.66 5.1 5.83 7.21 9.06 18.97 9.43 14.14 15.03 11.0 4.0 
8.54 4.12 7.21 9.49 10.05 3.16 0.0 22.56 3.61 24.52 4.0 20.1 24.08 14.14 13.93 2.0 8.94 10.3 6.0 21.59 6.4 17.03 18.0 8.06 4.24 
30.07 24.7 18.36 31.06 12.65 19.42 22.56 0.0 19.24 2.0 26.48 7.28 3.61 8.54 13.45 24.52 14.04 13.0 28.44 10.05 28.46 7.81 6.4 30.27 20.62 
11.05 7.21 6.71 12.04 7.07 1.0 3.61 19.24 0.0 21.21 7.28 17.46 21.0 11.0 12.21 5.39 5.39 6.71 9.22 19.31 10.0 14.32 15.13 11.05 5.0 
32.06 26.57 20.12 33.06 14.56 21.38 24.52 2.0 21.21 0.0 28.44 8.06 3.0 10.44 14.87 26.48 16.03 15.0 30.41 10.44 30.36 9.22 7.81 32.25 22.47 
5.0 5.0 10.77 5.83 14.04 7.07 4.0 26.48 7.28 28.44 0.0 24.08 28.07 18.11 17.72 2.0 12.65 13.93 2.0 25.5 4.12 21.02 22.0 4.12 7.62 
28.44 21.1 14.14 29.43 10.44 17.26 20.1 7.28 17.46 8.06 24.08 0.0 5.66 7.21 7.62 22.09 13.42 13.04 26.08 3.16 25.08 3.16 2.83 28.16 17.03 
32.02 25.71 18.97 33.02 14.04 21.02 24.08 3.61 21.0 3.0 28.07 5.66 0.0 10.0 13.04 26.08 16.12 15.3 30.07 7.62 29.61 7.62 6.32 32.02 21.59 
22.02 16.16 10.0 23.02 4.12 11.05 14.14 8.54 11.0 10.44 18.11 7.21 10.0 0.0 7.07 16.12 6.32 5.83 20.1 9.9 19.92 4.24 4.47 22.02 12.08 
22.47 14.04 7.07 23.41 6.71 11.66 13.93 13.45 12.21 14.87 17.72 7.62 13.04 7.07 0.0 15.81 10.3 10.77 19.65 8.0 18.03 5.66 7.07 21.84 10.2 
6.71 4.12 8.94 7.62 12.04 5.1 2.0 24.52 5.39 26.48 2.0 22.09 26.08 16.12 15.81 0.0 10.77 12.08 4.0 23.54 5.0 19.03 20.0 6.08 5.83 
16.03 12.04 8.25 17.03 3.61 5.83 8.94 14.04 5.39 16.03 12.65 13.42 16.12 6.32 10.3 10.77 0.0 1.41 14.56 15.81 15.26 10.3 10.77 16.28 8.6 
17.12 13.45 9.49 18.11 4.12 7.21 10.3 13.0 6.71 15.0 13.93 13.04 15.3 5.83 10.77 12.08 1.41 0.0 15.81 15.62 16.64 10.0 10.3 17.46 10.0 
3.61 6.4 12.65 4.24 16.03 9.06 6.0 28.44 9.22 30.41 2.0 26.08 30.07 20.1 19.65 4.0 14.56 15.81 0.0 27.46 4.12 23.02 24.0 2.24 9.49 
30.08 22.02 15.03 31.05 12.53 18.97 21.59 10.05 19.31 10.44 25.5 3.16 7.62 9.9 8.0 23.54 15.81 15.62 27.46 0.0 26.02 5.66 5.83 29.61 18.11 
7.62 4.0 11.0 8.06 15.81 9.43 6.4 28.46 10.0 30.36 4.12 25.08 29.61 19.92 18.03 5.0 15.26 16.64 4.12 26.02 0.0 22.2 23.35 5.83 8.06 
25.32 18.25 11.4 26.31 7.28 14.14 17.03 7.81 14.32 9.22 21.02 3.16 7.62 4.24 5.66 19.03 10.3 10.0 23.02 5.66 22.2 0.0 1.41 25.08 14.14 
26.17 19.42 12.65 27.17 8.06 15.03 18.0 6.4 15.13 7.81 22.0 2.83 6.32 4.47 7.07 20.0 10.77 10.3 24.0 5.83 23.35 1.41 0.0 26.02 15.3 
2.0 8.6 14.87 2.24 18.0 11.0 8.06 30.27 11.05 32.25 4.12 28.16 32.02 22.02 21.84 6.08 16.28 17.46 2.24 29.61 5.83 25.08 26.02 0.0 11.7 
12.53 4.12 3.16 13.42 8.06 4.0 4.24 20.62 5.0 22.47 7.62 17.03 21.59 12.08 10.2 5.83 8.6 10.0 9.49 18.11 8.06 14.14 15.3 11.7 0.0 
