50
0.0 30.41 41.59 17.8 11.4 39.41 50.16 53.82 51.87 18.03 27.2 41.48 29.97 28.86 42.45 35.69 37.01 8.54 36.4 37.34 17.2 32.25 26.0 37.54 22.36 40.25 22.14 7.07 17.8 35.36 43.57 22.47 47.17 23.19 37.22 45.28 52.5 9.0 31.32 8.6 61.29 39.12 19.0 39.05 59.03 28.44 33.62 23.41 40.11 51.62 
30.41 0.0 33.6 38.0 39.56 69.64 47.51 30.27 36.4 47.01 37.64 30.53 27.0 7.07 15.52 65.46 34.71 24.74 66.48 13.45 46.4 17.8 51.16 42.05 52.77 23.77 52.39 36.4 48.02 38.28 35.23 39.82 58.14 31.32 49.4 38.01 56.08 22.8 5.83 32.76 37.66 9.22 27.46 58.05 33.53 58.19 64.01 20.62 21.4 24.17 
41.59 33.6 0.0 32.45 42.05 74.95 14.21 24.19 12.81 58.52 63.64 4.12 57.58 39.96 26.83 63.78 7.21 33.24 66.07 46.86 57.57 15.81 43.84 71.31 57.71 12.08 55.57 42.38 56.08 13.42 2.0 62.01 32.02 20.59 27.51 4.47 24.7 41.05 39.41 36.06 28.79 32.8 23.09 40.31 30.41 57.8 68.26 19.03 55.0 30.41 
17.8 38.0 32.45 0.0 11.0 42.54 36.67 51.61 44.82 29.02 45.0 34.06 46.62 39.62 44.6 31.89 25.94 15.23 33.94 48.84 28.02 30.41 13.6 55.32 25.63 36.4 23.26 13.6 25.18 21.84 34.13 39.82 29.53 12.04 19.7 34.89 36.35 24.41 41.3 9.22 58.26 44.55 12.08 21.95 57.69 25.5 35.85 20.62 53.76 52.8 
11.4 39.56 42.05 11.0 0.0 33.42 47.52 58.69 53.85 18.03 36.8 43.05 41.23 39.2 49.4 26.0 36.06 14.87 27.29 48.04 17.03 36.8 14.76 47.51 15.81 43.93 14.14 4.47 14.32 32.56 43.86 30.61 39.56 21.54 30.08 44.94 47.27 20.22 41.44 7.21 65.8 47.54 19.42 29.07 64.44 18.79 26.91 26.87 51.35 58.25 
39.41 69.64 74.95 42.54 33.42 0.0 78.19 91.97 87.09 23.41 48.01 76.28 59.84 67.08 81.69 16.28 68.48 46.75 13.34 74.46 23.77 70.04 33.96 57.22 17.69 77.34 19.42 34.66 21.63 63.98 76.66 40.05 63.39 54.38 56.52 77.41 74.73 47.01 69.77 40.36 99.16 78.49 52.8 48.04 97.58 18.44 6.71 60.21 74.73 90.79 
50.16 47.51 14.21 36.67 47.52 78.19 0.0 35.51 21.02 65.28 74.73 18.03 70.21 53.6 40.82 64.88 13.93 42.58 67.54 60.88 64.28 29.73 44.72 83.22 62.1 26.08 59.48 49.09 61.81 15.03 13.04 72.01 23.26 27.02 23.43 10.3 12.0 51.66 53.26 43.01 38.01 47.01 31.26 36.07 41.19 60.01 71.51 30.46 68.88 43.32 
53.82 30.27 24.19 51.61 58.69 91.97 35.51 0.0 14.87 71.85 67.68 20.4 57.14 37.12 15.0 83.41 30.81 45.61 85.28 39.46 71.03 21.93 64.66 72.25 74.28 15.26 72.84 57.38 71.06 37.11 24.02 68.95 56.14 39.96 51.42 26.02 47.38 49.19 35.01 51.62 7.62 23.09 39.82 63.89 6.32 76.69 85.56 31.83 47.85 10.0 
51.87 36.4 12.81 44.82 53.85 87.09 21.02 14.87 0.0 69.46 71.01 10.82 62.8 43.42 24.41 76.42 20.0 43.32 78.64 48.33 68.54 21.02 56.59 77.41 69.64 13.04 67.68 53.67 67.54 26.08 11.66 70.58 42.95 32.8 39.81 12.65 33.02 49.65 42.06 47.41 17.12 32.25 34.48 52.77 20.22 70.29 80.45 28.46 56.86 23.85 
18.03 47.01 58.52 29.02 18.03 23.41 65.28 71.85 69.46 0.0 26.93 58.87 37.05 43.91 60.14 26.25 53.15 26.42 25.5 51.08 1.0 50.25 28.65 37.34 11.18 58.18 13.6 16.28 5.66 50.25 60.44 18.97 57.01 38.64 47.85 61.85 65.28 24.21 46.65 22.56 79.32 56.08 35.44 44.72 77.01 20.59 19.1 41.15 51.42 69.35 
27.2 37.64 63.64 45.0 36.8 48.01 74.73 67.68 71.01 26.93 0.0 62.2 14.21 31.38 53.16 53.16 60.88 32.7 52.39 34.21 27.2 50.0 51.22 10.82 37.95 58.03 39.92 32.53 31.95 60.75 65.62 8.06 74.33 48.85 64.35 67.9 78.79 23.09 34.01 35.81 75.19 46.24 44.01 65.76 71.17 47.17 45.28 44.72 30.61 61.68 
41.48 30.53 4.12 34.06 43.05 76.28 18.03 20.4 10.82 58.87 62.2 0.0 55.36 37.12 22.83 65.76 10.44 32.98 67.94 43.6 57.94 13.0 46.1 69.43 58.83 8.06 56.86 42.95 56.8 16.76 5.0 61.07 36.0 22.02 31.05 7.81 28.79 40.05 36.36 36.67 25.5 29.07 23.71 43.66 26.68 59.55 69.63 18.25 51.87 26.31 
29.97 27.0 57.58 46.62 41.23 59.84 70.21 57.14 62.8 37.05 14.21 55.36 0.0 20.02 42.19 62.29 56.36 31.89 62.07 20.59 37.01 42.45 55.95 15.13 47.1 49.82 48.37 36.77 41.05 57.69 59.46 20.62 74.25 46.86 64.35 62.03 76.28 22.2 22.2 37.74 64.38 34.53 41.87 68.51 59.84 55.58 56.14 39.82 16.4 50.01 
28.86 7.07 39.96 39.62 39.2 67.08 53.6 37.12 43.42 43.91 31.38 37.12 20.02 0.0 22.2 64.54 40.36 25.02 65.25 9.22 43.42 24.19 52.09 35.13 50.92 30.68 50.96 35.51 45.69 43.28 41.68 34.41 62.43 34.89 53.24 44.42 61.52 20.25 2.83 33.0 44.41 14.87 30.46 60.73 40.02 57.27 61.85 25.0 15.62 30.36 
42.45 15.52 26.83 44.6 49.4 81.69 40.82 15.0 24.41 60.14 53.16 22.83 42.19 22.2 0.0 75.18 31.05 35.0 76.66 24.74 59.41 15.03 58.19 57.31 64.2 14.76 63.25 47.2 60.21 36.5 27.78 55.04 57.07 34.53 50.09 30.53 51.48 36.4 20.02 42.19 22.2 8.25 32.57 61.13 18.03 68.1 75.6 24.04 33.24 9.22 
35.69 65.46 63.78 31.89 26.0 16.28 64.88 83.41 76.42 26.25 53.16 65.76 62.29 64.54 75.18 0.0 56.85 40.85 3.0 72.99 25.96 61.85 20.25 63.57 15.3 68.25 14.0 29.12 21.38 51.61 65.3 45.22 48.05 43.86 42.15 65.6 60.08 44.55 66.94 33.11 90.14 73.54 43.6 32.39 89.4 7.28 11.66 51.87 75.11 83.86 
37.01 34.71 7.21 25.94 36.06 68.48 13.93 30.81 20.0 53.15 60.88 10.44 56.36 40.36 31.05 56.85 0.0 29.07 59.2 48.17 52.17 17.49 36.8 69.29 51.48 17.03 49.19 36.88 50.29 6.32 8.49 58.42 26.17 14.56 20.62 8.94 21.4 37.85 40.31 30.59 35.85 35.78 18.03 33.24 37.11 51.04 61.77 16.55 55.87 36.01 
8.54 24.74 33.24 15.23 14.87 46.75 42.58 45.61 43.32 26.42 32.7 32.98 31.89 25.02 35.0 40.85 29.07 0.0 42.05 34.13 25.55 23.85 27.07 42.19 29.21 31.76 28.3 12.21 25.5 28.16 35.23 29.43 42.52 16.16 32.56 37.05 46.1 10.0 27.02 8.06 53.01 32.7 11.4 37.12 50.99 33.62 40.61 14.87 38.6 44.05 
36.4 66.48 66.07 33.94 27.29 13.34 67.54 85.28 78.64 25.5 52.39 67.94 62.07 65.25 76.66 3.0 59.2 42.05 0.0 73.55 25.32 63.6 22.83 62.64 15.0 70.18 14.32 30.08 21.02 54.08 67.62 44.38 50.99 45.97 44.94 68.01 62.94 45.12 67.72 34.48 92.1 74.73 45.45 35.36 91.21 8.6 9.22 53.6 75.33 85.44 
37.34 13.45 46.86 48.84 48.04 74.46 60.88 39.46 48.33 51.08 34.21 43.6 20.59 9.22 24.74 72.99 48.17 34.13 73.55 0.0 50.7 31.14 61.2 35.11 58.94 36.36 59.23 44.18 53.45 51.61 48.41 38.95 71.2 43.86 62.17 51.22 69.53 28.44 8.06 42.05 46.1 16.49 39.56 69.92 41.0 65.76 69.57 33.62 8.54 31.0 
17.2 46.4 57.57 28.02 17.03 23.77 64.28 71.03 68.54 1.0 27.2 57.94 37.01 43.42 59.41 25.96 52.17 25.55 25.32 50.7 0.0 49.4 27.78 37.7 10.77 57.31 13.04 15.3 5.0 49.25 59.48 19.31 56.04 37.66 46.87 60.88 64.28 23.6 46.14 21.59 78.49 55.44 34.48 43.83 76.22 20.12 19.24 40.25 51.2 68.62 
32.25 17.8 15.81 30.41 36.8 70.04 29.73 21.93 21.02 50.25 50.0 13.0 42.45 24.19 15.03 61.85 17.49 23.85 63.6 31.14 49.4 0.0 43.86 56.72 52.35 8.25 50.93 35.47 49.2 22.14 17.49 49.65 42.72 19.65 35.23 20.25 38.83 28.86 23.6 29.7 29.21 18.38 18.36 46.1 27.66 55.0 63.64 10.0 39.2 22.47 
26.0 51.16 43.84 13.6 14.76 33.96 44.72 64.66 56.59 28.65 51.22 46.1 55.95 52.09 58.19 20.25 36.8 27.07 22.83 61.2 27.78 43.86 0.0 62.01 20.4 49.4 17.26 19.24 23.26 31.4 45.28 44.55 30.02 24.7 22.56 45.45 40.79 34.48 54.01 19.24 71.03 58.05 25.63 16.16 70.83 15.52 27.46 34.18 65.31 66.31 
37.54 42.05 71.31 55.32 47.51 57.22 83.22 72.25 77.41 37.34 10.82 69.43 15.13 35.13 57.31 63.57 69.29 42.19 62.64 35.11 37.7 56.72 62.01 0.0 48.47 64.38 50.57 43.19 42.54 69.78 73.25 18.38 84.4 58.18 74.4 75.69 88.12 32.25 37.34 46.1 79.51 49.65 53.24 76.38 74.97 57.78 55.11 52.81 29.15 65.12 
22.36 52.77 57.71 25.63 15.81 17.69 62.1 74.28 69.64 11.18 37.95 58.83 47.1 50.92 64.2 15.3 51.48 29.21 15.0 58.94 10.77 52.35 20.4 48.47 0.0 59.67 3.16 17.03 6.08 47.43 59.48 30.08 50.25 37.12 42.01 60.42 60.13 30.68 53.49 22.67 81.47 61.4 35.23 36.4 79.91 9.43 11.4 42.52 60.41 73.25 
40.25 23.77 12.08 36.4 43.93 77.34 26.08 15.26 13.04 58.18 58.03 8.06 49.82 30.68 14.76 68.25 17.03 31.76 70.18 36.36 57.31 8.25 49.4 64.38 59.67 0.0 58.05 43.01 56.86 23.02 13.04 57.87 43.19 24.7 37.22 15.81 36.77 37.11 29.55 37.01 21.93 21.21 24.76 49.24 21.47 61.62 70.84 17.2 44.78 19.0 
22.14 52.39 55.57 23.26 14.14 19.42 59.48 72.84 67.68 13.6 39.92 56.86 48.37 50.96 63.25 14.0 49.19 28.3 14.32 59.23 13.04 50.93 17.26 50.57 3.16 58.05 0.0 16.12 8.06 44.94 57.31 32.2 47.17 34.99 39.05 58.14 57.22 30.81 53.45 21.26 79.93 60.83 33.42 33.24 78.57 7.28 12.81 41.01 61.13 72.2 
7.07 36.4 42.38 13.6 4.47 34.66 49.09 57.38 53.67 16.28 32.53 42.95 36.77 35.51 47.2 29.12 36.88 12.21 30.08 44.18 15.3 35.47 19.24 43.19 17.03 43.01 16.12 0.0 13.89 34.06 44.27 26.63 42.95 22.36 33.24 45.61 49.82 16.03 37.85 6.32 64.66 44.72 19.31 33.24 62.94 21.84 28.43 25.81 47.17 56.22 
17.8 48.02 56.08 25.18 14.32 21.63 61.81 71.06 67.54 5.66 31.95 56.8 41.05 45.69 60.21 21.38 50.29 25.5 21.02 53.45 5.0 49.2 23.26 42.54 6.08 56.86 8.06 13.89 0.0 46.87 57.94 24.17 52.17 35.74 43.29 59.14 61.03 25.5 48.33 20.12 78.41 56.86 33.11 39.4 76.49 15.23 16.16 39.66 54.59 69.35 
35.36 38.28 13.42 21.84 32.56 63.98 15.03 37.11 26.08 50.25 60.75 16.76 57.69 43.28 36.5 51.61 6.32 28.16 54.08 51.61 49.25 22.14 31.4 69.78 47.43 23.02 44.94 34.06 46.87 0.0 14.42 57.49 20.62 12.17 14.32 14.14 18.6 37.7 43.6 28.0 42.15 40.5 16.76 26.93 43.42 46.14 57.27 18.38 58.9 42.01 
43.57 35.23 2.0 34.13 43.86 76.66 13.04 24.02 11.66 60.44 65.62 5.0 59.46 41.68 27.78 65.3 8.49 35.23 67.62 48.41 59.48 17.49 45.28 73.25 59.48 13.04 57.31 44.27 57.94 14.42 0.0 64.01 32.14 22.36 28.23 2.83 24.04 43.05 41.05 37.95 28.16 34.06 25.0 41.15 30.15 59.41 69.97 21.02 56.61 30.81 
22.47 39.82 62.01 39.82 30.61 40.05 72.01 68.95 70.58 18.97 8.06 61.07 20.62 34.41 55.04 45.22 58.42 29.43 44.38 38.95 19.31 49.65 44.55 18.38 30.08 57.87 32.2 26.63 24.17 57.49 64.01 0.0 69.35 45.35 59.48 66.07 74.95 21.02 37.2 30.87 76.55 48.88 40.79 59.67 73.01 39.4 37.22 43.0 36.72 63.95 
47.17 58.14 32.02 29.53 39.56 63.39 23.26 56.14 42.95 57.01 74.33 36.0 74.25 62.43 57.07 48.05 26.17 42.52 50.99 71.2 56.04 42.72 30.02 84.4 50.25 43.19 47.17 42.95 52.17 20.62 32.14 69.35 0.0 27.8 10.0 30.41 13.45 52.5 63.13 38.59 60.02 61.03 32.65 15.81 62.29 45.1 57.14 37.59 77.94 62.13 
23.19 31.32 20.59 12.04 21.54 54.38 27.02 39.96 32.8 38.64 48.85 22.02 46.86 34.89 34.53 43.86 14.56 16.16 45.97 43.86 37.66 19.65 24.7 58.18 37.12 24.7 34.99 22.36 35.74 12.17 22.36 45.35 27.8 0.0 18.36 23.41 29.97 25.94 35.85 16.12 46.4 36.06 5.0 27.07 46.14 37.54 47.71 11.05 50.25 42.06 
37.22 49.4 27.51 19.7 30.08 56.52 23.43 51.42 39.81 47.85 64.35 31.05 64.35 53.24 50.09 42.15 20.62 32.56 44.94 62.17 46.87 35.23 22.56 74.4 42.01 37.22 39.05 33.24 43.29 14.32 28.23 59.48 10.0 18.36 0.0 27.29 18.25 42.52 54.13 28.65 56.3 53.15 23.02 13.04 57.72 38.08 50.01 28.79 68.6 56.14 
45.28 38.01 4.47 34.89 44.94 77.41 10.3 26.02 12.65 61.85 67.9 7.81 62.03 44.42 30.53 65.6 8.94 37.05 68.01 51.22 60.88 20.25 45.45 75.69 60.42 15.81 58.14 45.61 59.14 14.14 2.83 66.07 30.41 23.41 27.29 0.0 21.59 45.18 43.83 39.29 29.61 36.88 26.48 40.31 32.02 59.91 70.71 23.19 59.41 33.24 
52.5 56.08 24.7 36.35 47.27 74.73 12.0 47.38 33.02 65.28 78.79 28.79 76.28 61.52 51.48 60.08 21.4 46.1 62.94 69.53 64.28 38.83 40.79 88.12 60.13 36.77 57.22 49.82 61.03 18.6 24.04 74.95 13.45 29.97 18.25 21.59 0.0 55.9 61.62 44.38 50.01 56.94 34.89 28.65 53.15 56.29 68.25 36.88 77.1 54.82 
9.0 22.8 41.05 24.41 20.22 47.01 51.66 49.19 49.65 24.21 23.09 40.05 22.2 20.25 36.4 44.55 37.85 10.0 45.12 28.44 23.6 28.86 34.48 32.25 30.68 37.11 30.81 16.03 25.5 37.7 43.05 21.02 52.5 25.94 42.52 45.18 55.9 0.0 22.85 15.65 56.8 31.89 21.02 46.32 53.85 37.34 41.63 22.02 31.14 45.61 
31.32 5.83 39.41 41.3 41.44 69.77 53.26 35.01 42.06 46.65 34.01 36.36 22.2 2.83 20.02 66.94 40.31 27.02 67.72 8.06 46.14 23.6 54.01 37.34 53.49 29.55 53.45 37.85 48.33 43.6 41.05 37.2 63.13 35.85 54.13 43.83 61.62 22.85 0.0 35.06 42.19 12.37 31.62 62.1 37.66 59.67 64.47 25.55 15.62 27.89 
8.6 32.76 36.06 9.22 7.21 40.36 43.01 51.62 47.41 22.56 35.81 36.67 37.74 33.0 42.19 33.11 30.59 8.06 34.48 42.05 21.59 29.7 19.24 46.1 22.67 37.01 21.26 6.32 20.12 28.0 37.95 30.87 38.59 16.12 28.65 39.29 44.38 15.65 35.06 0.0 58.8 40.5 13.0 30.81 57.31 25.94 33.94 19.85 46.1 51.04 
61.29 37.66 28.79 58.26 65.8 99.16 38.01 7.62 17.12 79.32 75.19 25.5 64.38 44.41 22.2 90.14 35.85 53.01 92.1 46.1 78.49 29.21 71.03 79.51 81.47 21.93 79.93 64.66 78.41 42.15 28.16 76.55 60.02 46.4 56.3 29.61 50.01 56.8 42.19 58.8 0.0 30.02 46.69 69.08 5.83 83.55 92.7 38.95 54.33 15.3 
39.12 9.22 32.8 44.55 47.54 78.49 47.01 23.09 32.25 56.08 46.24 29.07 34.53 14.87 8.25 73.54 35.78 32.7 74.73 16.49 55.44 18.38 58.05 49.65 61.4 21.21 60.83 44.72 56.86 40.5 34.06 48.88 61.03 36.06 53.15 36.88 56.94 31.89 12.37 40.5 30.02 0.0 33.06 63.13 25.32 66.31 72.72 25.02 25.0 15.52 
19.0 27.46 23.09 12.08 19.42 52.8 31.26 39.82 34.48 35.44 44.01 23.71 41.87 30.46 32.57 43.6 18.03 11.4 45.45 39.56 34.48 18.36 25.63 53.24 35.23 24.76 33.42 19.31 33.11 16.76 25.0 40.79 32.65 5.0 23.02 26.48 34.89 21.02 31.62 13.0 46.69 33.06 0.0 30.59 45.8 36.88 46.23 8.54 45.65 40.72 
39.05 58.05 40.31 21.95 29.07 48.04 36.07 63.89 52.77 44.72 65.76 43.66 68.51 60.73 61.13 32.39 33.24 37.12 35.36 69.92 43.83 46.1 16.16 76.38 36.4 49.24 33.24 33.24 39.4 26.93 41.15 59.67 15.81 27.07 13.04 40.31 28.65 46.32 62.1 30.81 69.08 63.13 30.59 0.0 70.21 30.07 42.01 38.12 75.39 67.9 
59.03 33.53 30.41 57.69 64.44 97.58 41.19 6.32 20.22 77.01 71.17 26.68 59.84 40.02 18.03 89.4 37.11 50.99 91.21 41.0 76.22 27.66 70.83 74.97 79.91 21.47 78.57 62.94 76.49 43.42 30.15 73.01 62.29 46.14 57.72 32.02 53.15 53.85 37.66 57.31 5.83 25.32 45.8 70.21 0.0 82.62 91.24 37.64 49.09 10.0 
28.44 58.19 57.8 25.5 18.79 18.44 60.01 76.69 70.29 20.59 47.17 59.55 55.58 57.27 68.1 7.28 51.04 33.62 8.6 65.76 20.12 55.0 15.52 57.78 9.43 61.62 7.28 21.84 15.23 46.14 59.41 39.4 45.1 37.54 38.08 59.91 56.29 37.34 59.67 25.94 83.55 66.31 36.88 30.07 82.62 0.0 12.04 45.0 68.03 76.85 
33.62 64.01 68.26 35.85 26.91 6.71 71.51 85.56 80.45 19.1 45.28 69.63 56.14 61.85 75.6 11.66 61.77 40.61 9.22 69.57 19.24 63.64 27.46 55.11 11.4 70.84 12.81 28.43 16.16 57.27 69.97 37.22 57.14 47.71 50.01 70.71 68.25 41.63 64.47 33.94 92.7 72.72 46.23 42.01 91.24 12.04 0.0 53.76 70.41 84.65 
23.41 20.62 19.03 20.62 26.87 60.21 30.46 31.83 28.46 41.15 44.72 18.25 39.82 25.0 24.04 51.87 16.55 14.87 53.6 33.62 40.25 10.0 34.18 52.81 42.52 17.2 41.01 25.81 39.66 18.38 21.02 43.0 37.59 11.05 28.79 23.19 36.88 22.02 25.55 19.85 38.95 25.02 8.54 38.12 37.64 45.0 53.76 0.0 40.61 32.2 
40.11 21.4 55.0 53.76 51.35 74.73 68.88 47.85 56.86 51.42 30.61 51.87 16.4 15.62 33.24 75.11 55.87 38.6 75.33 8.54 51.2 39.2 65.31 29.15 60.41 44.78 61.13 47.17 54.59 58.9 56.61 36.72 77.94 50.25 68.6 59.41 77.1 31.14 15.62 46.1 54.33 25.0 45.65 75.39 49.09 68.03 70.41 40.61 0.0 39.12 
51.62 24.17 30.41 52.8 58.25 90.79 43.32 10.0 23.85 69.35 61.68 26.31 50.01 30.36 9.22 83.86 36.01 44.05 85.44 31.0 68.62 22.47 66.31 65.12 73.25 19.0 72.2 56.22 69.35 42.01 30.81 63.95 62.13 42.06 56.14 33.24 54.82 45.61 27.89 51.04 15.3 15.52 40.72 67.9 10.0 76.85 84.65 32.2 39.12 0.0 
