100
0.0 175.89 62.97 124.58 96.01 18.03 89.29 104.0 113.05 152.11 132.44 128.41 56.08 82.73 84.01 181.11 52.15 70.71 58.31 126.81 101.04 170.33 189.24 59.14 171.14 23.85 76.55 83.38 10.82 185.15 51.48 117.29 111.4 165.33 72.57 52.39 110.02 165.22 70.71 31.02 77.8 121.07 127.77 166.0 81.88 132.64 21.38 33.29 35.85 150.63 33.14 80.45 94.83 97.13 68.62 71.56 25.0 106.44 10.05 125.72 20.1 154.9 161.14 96.88 108.04 64.76 74.73 32.25 186.66 91.92 163.77 136.82 95.19 125.6 142.97 117.1 79.31 23.02 149.28 76.37 173.08 91.39 56.8 61.0 136.97 74.33 138.06 173.07 103.73 157.11 115.95 32.76 163.47 146.75 18.44 168.47 95.75 134.2 155.98 54.42 
175.89 0.0 113.88 60.67 143.09 190.85 96.4 74.32 79.16 41.23 72.57 62.39 152.8 154.74 118.34 15.0 133.69 117.29 152.41 51.87 83.93 58.52 25.94 148.81 27.66 168.44 121.51 114.54 165.08 27.02 160.24 59.48 97.0 135.2 112.81 141.15 94.05 129.4 177.87 152.23 169.2 99.69 88.65 103.37 133.51 88.81 195.58 180.32 176.48 26.25 156.54 95.6 93.74 159.33 127.2 112.72 185.18 72.18 169.5 56.6 163.48 38.6 23.19 131.1 104.4 118.14 103.32 193.1 11.4 131.38 73.01 86.37 138.13 122.64 72.11 160.7 99.7 190.79 42.76 101.53 151.6 88.46 120.1 149.45 48.85 163.98 58.42 5.0 81.27 22.09 97.13 155.59 26.0 145.06 193.05 36.69 152.09 63.29 66.48 170.5 
62.97 113.88 0.0 62.01 69.53 79.4 44.28 41.04 64.33 89.38 84.01 75.0 64.28 84.76 58.14 120.42 39.46 40.8 65.49 63.89 39.81 118.04 129.45 62.8 108.19 61.74 35.23 36.77 52.33 125.87 68.01 54.64 58.01 138.68 37.54 34.93 55.15 136.34 93.09 46.49 91.41 84.53 86.03 127.47 50.99 91.08 81.84 76.32 65.12 89.47 44.15 22.0 50.16 98.09 32.56 18.38 71.69 49.25 55.8 68.73 49.65 92.1 101.24 62.43 73.78 32.76 25.06 85.96 124.91 58.25 115.73 94.25 65.6 100.26 95.04 95.78 29.55 81.02 86.56 13.6 151.21 38.64 18.68 49.4 80.06 85.51 76.32 111.41 52.77 94.4 63.01 51.92 100.5 128.08 79.4 111.4 92.57 72.95 106.3 65.49 
124.58 60.67 62.01 0.0 83.1 141.35 68.03 22.47 66.85 27.59 76.61 61.4 117.44 129.39 93.0 72.0 93.64 83.19 117.88 13.6 24.7 92.28 83.05 114.48 47.43 122.97 61.35 54.12 114.11 81.39 123.33 19.31 38.08 147.34 78.09 82.86 34.53 142.84 146.01 107.04 140.73 95.46 89.07 123.24 72.84 92.44 142.27 136.95 118.85 44.38 100.21 51.55 69.46 139.0 67.62 55.22 129.4 45.35 116.67 49.2 109.12 30.48 58.69 71.11 92.18 79.81 63.06 147.57 72.01 71.01 98.86 92.91 78.06 118.93 84.29 102.84 61.98 143.0 24.76 48.41 163.11 56.0 74.69 89.54 54.56 134.81 16.12 60.13 59.67 38.64 39.56 111.83 40.71 147.08 140.07 75.61 132.03 15.3 88.73 110.86 
96.01 143.09 69.53 83.1 0.0 113.22 111.4 79.06 126.57 104.09 144.01 131.18 127.63 151.72 127.66 155.05 105.19 110.26 129.36 94.76 64.29 170.5 166.15 127.48 124.15 110.64 34.66 36.36 90.35 164.44 128.75 92.65 46.27 206.31 107.06 46.32 49.04 203.4 154.0 101.53 155.47 151.21 150.33 190.9 18.6 155.08 102.39 125.16 67.72 126.89 63.03 85.43 116.66 165.85 37.44 52.35 83.68 105.55 86.0 120.9 76.01 107.2 141.15 12.0 141.77 102.0 93.35 128.04 154.21 13.0 173.08 157.44 5.1 169.07 154.3 26.25 97.0 119.02 101.83 67.62 219.66 102.42 86.84 35.01 130.29 149.97 85.84 143.0 115.12 121.04 47.07 107.56 119.94 197.28 101.79 156.89 160.91 80.75 162.86 49.24 
18.03 190.85 79.4 141.35 113.22 0.0 100.72 120.28 124.23 168.77 142.95 140.46 58.14 82.46 91.41 195.26 61.68 80.65 60.21 142.84 118.22 181.3 202.89 62.03 187.45 26.31 94.58 101.39 27.46 198.6 51.62 133.0 129.36 168.76 83.38 70.34 127.91 169.3 65.0 40.31 74.32 128.72 136.57 172.84 99.64 141.22 19.85 26.4 49.48 165.21 50.8 95.27 105.85 95.82 86.65 89.19 34.93 120.11 27.89 138.92 37.85 171.49 175.03 114.59 115.74 76.06 88.2 18.03 201.4 109.66 173.49 145.56 112.64 130.03 153.08 133.38 92.44 7.81 165.95 92.96 174.95 104.45 70.8 78.23 149.97 72.11 155.21 187.8 115.83 172.74 133.93 39.29 179.61 148.48 17.69 181.14 95.8 151.48 166.34 69.23 
89.29 96.4 44.28 68.03 111.4 100.72 0.0 48.05 23.77 88.84 43.42 39.82 56.4 62.17 25.08 97.59 39.45 21.26 56.04 60.67 59.62 81.04 103.86 52.43 101.95 75.66 76.84 75.66 79.08 99.2 63.89 50.25 86.31 95.0 17.49 78.77 82.29 92.36 82.29 60.42 74.95 40.31 42.2 83.52 93.41 47.3 110.6 85.6 104.24 70.21 83.49 26.17 6.08 71.01 76.01 59.2 106.38 25.63 86.15 40.31 84.1 90.47 77.08 102.53 30.41 24.7 19.31 99.3 105.65 99.09 75.24 50.8 106.96 58.14 54.23 137.36 14.76 98.88 86.49 43.86 108.3 12.17 35.01 93.62 50.45 69.29 84.0 92.46 15.62 83.19 90.8 62.27 93.41 86.83 107.7 80.78 64.01 83.15 66.91 108.42 
104.0 74.32 41.04 22.47 79.06 120.28 48.05 0.0 52.63 48.83 67.01 53.0 95.08 108.02 72.44 82.71 71.17 61.29 95.57 23.02 15.26 91.48 92.76 92.2 67.18 100.96 50.01 44.41 93.35 89.94 100.88 15.3 41.73 134.95 56.22 67.05 37.48 131.05 123.76 84.91 118.83 80.71 76.49 114.63 64.78 80.62 122.61 114.74 102.16 51.97 82.3 29.12 50.6 118.34 54.33 38.6 111.14 29.83 96.67 42.05 89.87 51.4 65.38 67.78 75.15 57.49 40.79 125.67 85.62 66.1 94.37 82.07 74.0 102.88 76.55 102.42 40.11 121.51 46.04 27.8 150.0 35.9 52.35 76.66 51.24 112.87 38.33 72.45 43.05 53.85 45.45 89.55 59.46 131.61 120.25 79.16 111.54 36.35 84.1 97.08 
113.05 79.16 64.33 66.85 126.57 124.23 23.77 52.63 0.0 81.15 20.0 17.69 76.49 75.59 39.82 77.8 62.65 43.83 75.69 55.79 67.21 57.28 82.73 72.18 90.09 98.84 93.02 90.21 102.84 77.79 84.39 47.54 94.26 82.33 40.85 99.25 90.03 78.52 99.4 83.93 90.21 28.64 24.08 64.41 109.59 28.6 134.37 107.91 127.0 54.08 106.04 43.01 18.38 80.65 93.78 76.16 129.87 22.8 109.84 23.54 107.47 82.02 57.69 116.5 27.02 48.38 41.01 121.94 87.13 113.74 52.0 30.89 121.79 52.2 31.02 151.73 36.01 122.1 79.31 60.01 97.42 25.71 58.22 113.32 30.53 85.15 81.32 74.71 11.7 70.21 98.08 85.43 81.74 80.23 131.47 58.41 73.38 81.93 43.29 129.71 
152.11 41.23 89.38 27.59 104.09 168.77 88.84 48.83 81.15 0.0 84.77 70.09 141.87 151.01 113.77 55.36 118.97 106.57 142.09 28.46 52.01 88.46 66.73 138.58 20.62 149.77 87.21 79.62 141.6 66.71 148.25 39.22 57.87 155.24 101.51 109.84 55.54 150.08 169.81 133.69 163.49 108.34 99.69 127.14 96.77 101.92 169.85 163.45 145.89 37.8 127.61 76.94 88.81 159.14 94.02 82.62 156.82 63.64 144.26 58.86 136.69 3.16 49.58 92.23 108.07 104.39 87.73 174.5 51.48 93.17 99.05 101.19 99.3 132.52 89.55 120.1 85.8 170.24 2.83 75.82 171.59 77.62 101.02 115.39 58.87 157.7 18.25 42.72 77.23 21.63 57.22 138.23 16.0 159.13 167.66 68.01 151.95 23.35 89.89 136.85 
132.44 72.57 84.01 76.61 144.01 142.95 43.42 67.01 20.0 84.77 0.0 15.26 92.36 86.68 54.64 67.62 81.27 62.3 91.26 63.81 82.2 38.48 70.18 87.92 89.2 117.18 111.23 107.79 122.38 64.9 100.4 58.14 108.47 71.12 59.91 118.87 104.24 66.37 112.43 102.79 102.07 27.2 16.12 47.63 127.63 17.26 153.81 125.24 147.0 51.04 126.04 62.37 37.66 88.68 112.58 94.87 149.75 38.47 129.55 27.46 127.39 84.9 49.48 133.46 34.21 67.68 61.01 139.53 78.43 131.06 32.0 16.55 139.12 50.25 11.05 168.59 56.01 140.39 83.49 78.75 87.24 45.4 78.16 132.67 26.31 97.62 89.07 67.68 31.26 69.35 111.8 103.82 81.5 74.81 150.88 44.41 81.63 90.74 23.54 149.48 
128.41 62.39 75.0 61.4 131.18 140.46 39.82 53.0 17.69 70.09 15.26 0.0 94.11 92.78 57.49 60.22 79.26 60.75 93.35 48.55 68.26 43.1 65.05 89.83 76.03 115.49 99.33 95.27 117.95 60.14 101.98 43.14 94.02 86.35 57.31 109.29 89.81 81.63 117.0 100.18 107.62 39.0 29.61 62.24 115.43 31.95 149.58 125.1 139.52 38.47 118.42 53.0 35.23 96.93 101.41 83.74 143.75 26.48 124.45 12.21 121.2 70.41 40.31 120.3 42.06 64.4 54.34 138.97 69.84 118.19 42.06 31.76 126.21 63.07 23.6 155.24 49.48 138.71 68.68 67.9 102.42 37.66 72.28 122.33 13.6 102.65 73.82 57.78 24.7 56.01 97.19 102.08 68.01 89.05 146.73 41.05 89.69 75.47 32.02 140.23 
56.08 152.8 64.28 117.44 127.63 58.14 56.4 95.08 76.49 141.87 92.36 94.11 0.0 27.2 37.74 153.57 25.0 35.85 2.24 113.46 100.6 130.51 159.14 4.47 156.97 32.98 96.57 100.02 50.77 154.25 8.06 102.69 122.1 110.65 40.71 82.37 119.02 111.16 29.07 29.0 27.86 73.39 82.76 115.92 109.56 86.93 74.95 34.71 87.2 126.61 72.92 65.97 59.46 42.01 91.08 82.04 80.5 81.3 59.68 96.54 64.66 143.92 133.12 123.33 60.93 37.64 54.41 49.24 161.97 118.6 120.34 91.39 124.79 72.01 101.21 152.95 56.08 53.04 139.28 75.03 117.39 65.37 46.01 97.1 106.1 22.36 133.41 148.84 71.7 138.92 127.1 24.41 148.49 90.96 72.03 134.83 39.82 131.24 114.61 101.12 
82.73 154.74 84.76 129.39 151.72 82.46 62.17 108.02 75.59 151.01 86.68 92.78 27.2 0.0 37.36 152.86 46.53 47.17 25.0 122.81 116.52 122.43 156.6 25.46 163.51 59.09 119.1 121.49 77.94 151.4 31.38 112.29 140.62 88.09 52.09 107.65 137.12 89.56 27.29 56.08 15.62 62.37 73.55 99.16 133.3 76.58 100.57 56.72 114.4 129.36 99.7 80.22 62.64 14.87 114.49 103.12 107.42 87.56 86.82 98.49 91.83 152.61 133.09 146.32 52.5 53.15 68.26 70.18 162.61 141.79 109.81 80.92 148.49 52.81 93.34 177.51 68.01 76.3 148.66 93.17 92.78 73.68 66.13 122.8 106.07 12.65 145.5 150.3 74.95 144.22 145.53 51.61 154.98 66.37 97.74 131.03 13.34 144.17 106.15 128.04 
84.01 118.34 58.14 93.0 127.66 91.41 25.08 72.44 39.82 113.77 54.64 57.49 37.74 37.36 0.0 117.61 32.39 17.8 36.62 85.71 82.71 92.78 122.43 33.29 126.18 65.12 93.24 93.74 75.33 117.41 45.79 75.33 108.5 84.31 20.62 88.81 104.68 83.17 59.64 53.0 50.99 37.34 45.54 82.01 109.12 50.0 105.04 71.31 106.9 92.59 87.85 46.82 25.3 46.01 90.55 75.8 105.22 50.22 83.73 61.77 84.65 115.32 97.42 120.21 24.33 26.4 35.78 85.8 126.75 116.21 83.01 54.41 123.69 44.28 63.53 153.91 33.84 87.8 111.46 62.65 95.02 37.0 42.01 104.4 70.21 45.65 109.02 114.06 37.7 106.98 113.22 52.35 117.64 70.6 102.04 97.62 39.12 108.04 76.94 115.38 
181.11 15.0 120.42 72.0 155.05 195.26 97.59 82.71 77.8 55.36 67.62 60.22 153.57 152.86 117.61 0.0 136.24 118.83 152.97 61.52 93.9 46.69 11.4 149.4 42.64 171.82 131.53 124.9 170.31 12.04 161.28 67.45 109.37 125.14 114.69 149.72 106.17 119.21 177.2 155.8 167.8 94.7 83.22 92.54 144.42 82.57 201.36 182.88 184.38 31.02 163.98 100.72 94.11 156.08 136.69 121.3 192.11 75.21 175.35 57.31 170.0 52.92 20.52 143.06 101.12 120.74 107.07 196.16 12.04 143.0 62.2 79.56 150.03 116.48 65.0 173.67 103.0 194.61 56.61 108.85 141.35 91.21 124.56 159.05 47.51 162.86 71.81 12.65 82.02 34.71 109.9 158.67 40.71 136.94 198.73 26.02 148.95 76.49 57.14 179.74 
52.15 133.69 39.46 93.64 105.19 61.68 39.45 71.17 62.65 118.97 81.27 79.26 25.0 46.53 32.39 136.24 0.0 18.97 26.08 90.82 75.8 119.62 143.0 23.35 135.15 36.24 72.8 75.69 43.05 138.45 29.83 80.13 97.13 116.06 21.95 61.72 94.02 115.25 54.04 21.59 51.97 69.0 75.66 114.07 86.77 80.5 73.44 46.69 75.03 107.49 56.94 42.15 44.28 60.75 67.98 57.49 72.84 61.52 51.35 79.03 52.5 121.2 115.75 99.92 56.01 15.56 31.38 60.0 143.56 95.34 112.06 84.72 101.97 75.89 91.48 131.03 34.21 59.48 116.3 50.04 125.72 45.25 21.02 77.16 89.63 46.1 109.42 130.11 54.92 118.0 102.12 22.83 126.78 100.24 70.46 120.22 56.22 107.0 104.69 85.15 
70.71 117.29 40.8 83.19 110.26 80.65 21.26 61.29 43.83 106.57 62.3 60.75 35.85 47.17 17.8 118.83 18.97 0.0 35.78 78.11 69.35 100.66 125.1 32.2 121.2 55.04 76.03 77.03 61.13 120.42 43.01 67.36 93.86 101.55 5.1 71.03 90.24 100.09 63.25 40.52 57.56 51.35 57.14 96.52 91.68 62.07 92.07 64.4 90.47 91.05 70.84 33.06 25.55 58.94 73.0 58.83 90.14 45.49 69.0 61.52 68.73 108.5 98.31 103.17 38.64 8.6 21.1 78.23 126.73 99.05 93.17 66.19 106.4 61.77 72.53 136.5 21.21 78.29 104.04 46.82 112.68 29.53 24.21 86.61 71.7 51.62 99.3 113.45 36.88 103.08 98.72 41.63 112.7 88.41 89.11 101.79 52.81 97.62 85.73 97.99 
58.31 152.41 65.49 117.88 129.36 60.21 56.04 95.57 75.69 142.09 91.26 93.35 2.24 25.0 36.62 152.97 26.08 35.78 0.0 113.65 101.4 129.32 158.4 3.61 156.98 35.17 98.08 101.41 53.0 153.48 9.49 102.88 123.2 108.56 40.72 84.22 120.07 109.11 28.28 31.14 26.25 71.87 81.39 114.14 111.23 85.49 77.13 36.5 89.4 126.25 75.01 66.49 58.9 39.82 92.7 83.36 82.73 81.12 61.91 96.05 66.84 144.1 132.55 124.92 59.51 38.08 54.82 50.99 161.48 120.21 118.97 89.96 126.46 70.03 99.98 154.74 56.3 55.01 139.52 76.0 115.21 65.3 47.1 99.02 105.48 20.62 133.88 148.4 71.22 138.8 128.19 26.63 148.48 88.77 74.22 133.96 37.59 131.8 113.37 103.24 
126.81 51.87 63.89 13.6 94.76 142.84 60.67 23.02 55.79 28.46 63.81 48.55 113.46 122.81 85.71 61.52 90.82 78.11 113.65 0.0 32.39 78.77 72.17 110.14 44.82 122.61 70.04 63.39 116.1 70.0 119.92 10.77 50.92 134.83 73.05 89.32 47.13 130.17 141.35 106.4 135.09 84.12 76.97 109.99 83.05 80.06 145.6 135.92 124.81 32.14 105.19 49.09 61.07 131.38 75.43 60.93 134.11 36.0 119.63 36.36 112.89 30.46 46.39 82.87 82.04 76.06 59.48 147.43 63.25 82.3 85.28 80.26 89.68 107.97 71.06 115.52 57.38 143.75 25.96 50.8 150.76 49.24 73.6 97.74 41.04 129.28 25.63 50.45 50.09 30.89 52.8 110.68 36.8 135.68 143.22 62.64 124.26 26.93 75.17 118.68 
101.04 83.93 39.81 24.7 64.29 118.22 59.62 15.26 67.21 52.01 82.2 68.26 100.6 116.52 82.71 93.9 75.8 69.35 101.4 32.39 0.0 106.25 104.48 98.25 72.11 101.55 37.66 31.06 90.8 102.12 105.55 28.44 27.2 149.48 64.5 58.18 23.02 145.73 129.65 86.16 126.0 94.81 91.22 129.81 51.04 95.48 118.09 116.08 94.15 64.03 75.6 36.35 63.06 127.91 43.32 30.61 104.81 44.55 92.76 57.25 84.86 55.0 78.01 52.81 88.32 64.0 48.26 125.71 95.34 51.42 109.57 97.08 59.2 116.28 91.81 87.24 49.03 120.42 49.2 26.57 164.3 47.85 55.32 65.52 66.13 120.0 37.01 82.76 57.01 62.3 31.38 91.42 65.37 145.11 115.97 92.91 121.4 33.29 99.28 86.65 
170.33 58.52 118.04 92.28 170.5 181.3 81.04 91.48 57.28 88.46 38.48 43.1 130.51 122.43 92.78 46.69 119.62 100.66 129.32 78.77 106.25 0.0 43.1 126.05 83.73 155.62 140.43 135.59 160.08 38.01 138.57 78.19 129.28 79.03 98.03 152.08 125.3 73.01 149.04 141.06 138.03 60.11 48.92 46.04 155.98 45.97 191.64 163.68 182.62 50.93 161.52 96.05 75.58 122.02 143.27 125.78 186.59 69.03 166.93 50.49 164.07 87.21 39.41 159.06 70.6 105.65 97.16 178.0 58.69 157.56 16.28 41.77 165.42 77.18 29.41 193.13 92.23 178.85 88.39 110.29 95.02 80.62 114.93 164.68 40.26 134.06 99.64 53.85 67.08 67.62 131.49 142.24 78.49 93.15 188.74 21.93 115.43 103.0 16.28 183.07 
189.24 25.94 129.45 83.05 166.15 202.89 103.86 92.76 82.73 66.73 70.18 65.05 159.14 156.6 122.43 11.4 143.0 125.1 158.4 72.17 104.48 43.1 0.0 154.87 53.25 178.92 142.02 135.53 178.47 5.39 166.97 77.47 120.6 122.1 121.21 159.59 117.35 116.07 181.69 163.08 171.82 96.65 85.0 89.01 155.21 83.67 209.75 189.45 193.88 40.79 173.3 109.17 99.9 158.81 146.97 131.24 201.11 82.86 183.84 64.07 178.85 64.26 28.23 154.16 104.29 127.64 114.74 203.0 19.21 154.01 59.3 80.23 161.11 117.18 65.8 184.98 110.45 201.91 68.01 118.3 138.0 98.48 132.48 169.33 53.41 167.11 83.2 24.04 88.24 46.1 121.2 165.65 51.89 135.71 207.06 25.94 151.79 87.86 56.04 189.84 
59.14 148.81 62.8 114.48 127.48 62.03 52.43 92.2 72.18 138.58 87.92 89.83 4.47 25.46 33.29 149.4 23.35 32.2 3.61 110.14 98.25 126.05 154.87 0.0 153.4 36.5 95.82 98.95 53.24 149.97 12.53 99.37 120.34 106.92 37.16 82.68 117.15 107.3 31.58 30.81 28.64 68.95 78.29 111.63 109.25 82.46 78.45 39.05 89.31 122.64 74.25 63.15 55.32 40.31 90.62 80.81 83.26 77.52 62.18 92.46 66.61 140.58 128.97 122.78 56.46 34.71 51.42 53.6 157.89 118.11 115.87 86.93 124.48 68.01 96.75 153.0 52.81 57.14 136.01 73.03 114.02 61.72 44.28 97.65 101.91 22.8 130.5 144.81 67.62 135.2 125.32 26.83 144.9 87.64 75.5 130.48 37.44 128.46 110.15 102.59 
171.14 27.66 108.19 47.43 124.15 187.45 101.95 67.18 90.09 20.62 89.2 76.03 156.97 163.51 126.18 42.64 135.15 121.2 156.98 44.82 72.11 83.73 53.25 153.4 0.0 167.43 107.79 100.22 160.51 54.67 163.77 55.22 78.1 156.92 116.28 130.17 75.96 151.38 184.09 151.21 176.85 115.02 105.08 126.53 117.32 106.38 189.38 180.65 166.21 38.21 147.63 93.81 100.88 170.29 114.53 102.65 176.82 76.32 163.6 66.61 156.34 17.46 44.78 112.38 116.97 120.07 103.77 192.26 35.34 113.51 96.77 104.81 119.44 139.0 91.59 139.03 101.21 188.52 23.26 94.79 173.42 91.71 118.41 135.99 63.03 171.23 38.6 31.14 88.6 20.02 77.1 155.43 8.54 163.88 187.11 61.91 163.02 43.68 88.87 157.44 
23.85 168.44 61.74 122.97 110.64 26.31 75.66 100.96 98.84 149.77 117.18 115.49 32.98 59.09 65.12 171.82 36.24 55.04 35.17 122.61 101.55 155.62 178.92 36.5 167.43 0.0 85.21 90.8 21.95 174.45 27.73 112.29 117.15 143.4 58.18 64.5 114.98 143.68 47.63 16.28 54.04 102.42 110.35 146.58 94.34 114.98 41.98 15.13 58.14 142.43 49.04 73.76 80.5 73.36 78.03 75.43 48.83 96.67 29.83 114.86 37.59 152.3 151.4 109.22 89.44 51.31 65.12 24.84 178.64 104.24 147.41 119.33 108.9 104.24 127.14 133.93 68.88 23.26 147.0 75.13 150.37 80.6 49.04 76.66 125.64 50.48 137.83 165.1 91.07 151.49 122.02 13.42 159.3 123.94 39.05 156.42 72.24 134.61 140.46 74.95 
76.55 121.51 35.23 61.35 34.66 94.58 76.84 50.01 93.02 87.21 111.23 99.33 96.57 119.1 93.24 131.53 72.8 76.03 98.08 70.04 37.66 140.43 142.02 95.82 107.79 85.21 0.0 7.81 68.15 139.52 98.84 65.03 35.81 171.82 72.62 25.24 35.38 169.03 124.34 73.17 124.33 116.83 116.47 157.43 16.64 121.31 89.36 100.32 60.14 101.4 45.28 51.04 82.2 132.82 8.06 17.69 73.25 73.05 66.85 90.03 57.27 90.34 115.16 27.29 107.17 67.96 58.69 106.3 132.91 23.02 141.38 123.89 30.48 134.42 121.84 60.83 62.37 98.76 84.53 33.29 185.04 68.26 53.24 28.23 100.28 118.6 69.97 120.42 81.41 99.72 39.96 79.23 101.77 162.64 87.82 129.14 127.53 65.19 131.32 49.66 
83.38 114.54 36.77 54.12 36.36 101.39 75.66 44.41 90.21 79.62 107.79 95.27 100.02 121.49 93.74 124.9 75.69 77.03 101.41 63.39 31.06 135.59 135.53 98.95 100.22 90.8 7.81 0.0 74.63 133.18 102.83 59.08 28.3 170.29 73.25 32.8 27.66 167.26 128.27 78.01 127.58 115.11 113.99 154.55 20.4 118.73 96.8 105.93 67.94 95.08 52.7 49.52 80.72 134.85 15.62 18.38 80.92 69.35 73.82 85.44 64.41 82.76 109.0 26.87 106.08 69.32 58.41 112.54 125.93 23.6 137.3 121.08 31.62 133.69 118.19 61.85 61.62 105.3 76.97 31.83 183.93 66.22 55.36 35.78 95.34 121.75 62.27 113.6 78.77 92.65 32.65 84.0 94.34 162.19 95.19 123.49 129.28 57.45 127.14 57.25 
10.82 165.08 52.33 114.11 90.35 27.46 79.08 93.35 102.84 141.6 122.38 117.95 50.77 77.94 75.33 170.31 43.05 61.13 53.0 116.1 90.8 160.08 178.47 53.24 160.51 21.95 68.15 74.63 0.0 174.41 47.51 106.53 102.32 157.89 62.65 45.1 100.72 157.5 69.4 23.09 74.95 112.02 118.27 157.11 75.06 123.2 31.62 35.17 36.8 139.82 27.66 69.64 84.72 92.66 60.42 61.77 30.36 95.71 8.94 115.04 15.65 144.36 150.36 90.09 99.05 54.74 64.08 38.33 175.84 85.09 153.88 127.32 89.05 117.9 133.0 112.81 68.71 30.68 138.77 65.8 166.36 80.78 46.1 55.73 126.32 70.84 127.8 162.25 93.3 146.35 106.98 26.42 152.79 140.22 28.79 157.85 90.55 124.04 145.91 53.0 
185.15 27.02 125.87 81.39 164.44 198.6 99.2 89.94 77.79 66.71 64.9 60.14 154.25 151.4 117.41 12.04 138.45 120.42 153.48 70.0 102.12 38.01 5.39 149.97 54.67 174.45 139.52 133.18 174.41 0.0 162.11 74.67 119.22 117.04 116.61 156.52 115.85 111.02 176.58 158.69 166.64 91.3 79.65 84.01 153.03 78.29 205.77 184.81 190.52 38.12 169.84 105.31 95.13 153.5 144.26 128.27 197.45 78.71 179.92 59.68 175.11 64.4 24.74 152.47 99.05 123.15 110.54 198.44 22.36 152.16 54.15 74.85 159.38 111.79 60.42 183.81 106.17 197.5 67.78 114.98 133.0 94.15 128.36 166.6 48.83 161.97 82.57 24.19 83.6 45.54 120.03 161.15 52.48 130.42 203.06 20.59 146.49 87.09 50.7 186.94 
51.48 160.24 68.01 123.33 128.75 51.62 63.89 100.88 84.39 148.25 100.4 101.98 8.06 31.38 45.79 161.28 29.83 43.01 9.49 119.92 105.55 138.57 166.97 12.53 163.77 27.73 98.84 102.83 47.51 162.11 0.0 109.17 126.02 117.27 47.71 82.86 123.1 118.02 25.5 27.78 27.8 81.34 90.8 123.56 111.02 94.94 69.26 27.17 84.29 134.01 71.61 71.78 67.18 45.65 92.89 85.21 76.32 88.48 56.22 104.14 62.24 150.38 140.8 125.16 68.94 43.86 60.54 41.59 169.53 120.33 128.38 99.4 126.18 79.16 109.27 153.63 62.61 46.04 145.62 79.51 123.36 72.4 50.36 97.06 113.85 23.35 139.18 156.34 79.31 145.96 131.02 22.2 155.31 96.88 66.41 142.76 44.6 136.82 122.67 99.36 
117.29 59.48 54.64 19.31 92.65 133.0 50.25 15.3 47.54 39.22 58.14 43.14 102.69 112.29 75.33 67.45 80.13 67.36 102.88 10.77 28.44 78.19 77.47 99.37 55.22 112.29 65.03 59.08 106.53 74.67 109.17 0.0 51.62 128.41 62.3 82.28 47.51 124.04 130.6 96.05 124.43 76.16 69.97 105.36 79.31 73.5 136.48 125.43 117.18 36.67 97.08 38.6 51.01 121.15 69.58 53.85 125.71 26.31 110.44 31.14 104.1 41.23 50.16 81.04 73.01 65.31 48.76 137.13 70.68 79.83 82.68 74.2 87.56 99.62 66.53 114.95 46.62 133.69 36.69 42.06 144.06 38.64 63.25 91.92 38.47 118.6 34.37 57.38 40.61 39.82 54.41 100.21 47.01 127.77 134.03 64.5 114.07 34.48 72.4 112.38 
111.4 97.0 58.01 38.08 46.27 129.36 86.31 41.73 94.26 57.87 108.47 94.02 122.1 140.62 108.5 109.37 97.13 93.86 123.2 50.92 27.2 129.28 120.6 120.34 78.1 117.15 35.81 28.3 102.32 119.22 126.02 51.62 0.0 176.58 89.29 61.03 4.24 172.74 151.03 103.25 148.76 122.0 118.19 156.08 40.31 122.35 125.1 132.22 95.52 82.46 80.99 61.68 90.05 152.8 43.83 41.77 109.02 71.51 101.97 82.42 92.66 61.0 96.77 34.37 115.43 87.48 73.08 139.78 108.04 35.44 134.3 123.76 41.44 143.42 117.61 64.76 74.67 132.97 55.58 47.52 191.47 74.79 76.11 61.72 90.05 142.79 39.62 97.13 84.2 75.03 5.0 109.04 73.68 172.26 123.49 113.53 146.56 34.53 124.02 82.8 
165.33 135.2 138.68 147.34 206.31 168.76 95.0 134.95 82.33 155.24 71.12 86.35 110.65 88.09 84.31 125.14 116.06 101.55 108.56 134.83 149.48 79.03 122.1 106.92 156.92 143.4 171.82 170.29 157.89 117.04 117.27 128.41 176.58 0.0 102.88 171.92 172.35 6.08 113.28 134.85 100.98 55.23 58.6 33.24 188.4 54.92 185.28 144.09 191.04 119.25 172.15 120.88 89.64 78.26 170.89 154.2 188.22 105.12 166.64 98.49 168.55 155.08 112.97 197.08 64.9 110.02 113.72 158.0 137.18 193.85 63.01 54.59 201.79 40.16 65.79 232.13 109.62 163.31 154.16 138.68 16.49 104.14 125.24 187.3 96.38 100.32 160.18 130.25 92.66 137.93 180.41 132.57 150.0 24.6 182.32 99.25 75.33 161.74 68.73 199.54 
72.57 112.81 37.54 78.09 107.06 83.38 17.49 56.22 40.85 101.51 59.91 57.31 40.71 52.09 20.62 114.69 21.95 5.1 40.72 73.05 64.5 98.03 121.21 37.16 116.28 58.18 72.62 73.25 62.65 116.61 47.71 62.3 89.29 102.88 0.0 69.12 85.62 101.13 68.31 43.08 62.65 51.2 56.01 96.18 88.53 61.03 93.94 68.25 90.43 86.56 70.34 28.16 22.47 63.56 70.01 55.22 91.0 40.8 70.18 57.38 69.18 103.46 94.18 99.62 38.9 8.0 16.28 81.84 122.38 95.6 91.24 65.0 103.08 63.51 70.41 133.3 16.12 81.41 98.98 42.54 114.55 24.7 22.36 84.6 67.8 56.72 94.2 109.04 33.02 98.27 94.11 44.78 107.78 90.79 91.01 98.27 57.28 92.54 83.43 96.93 
52.39 141.15 34.93 82.86 46.32 70.34 78.77 67.05 99.25 109.84 118.87 109.29 82.37 107.65 88.81 149.72 61.72 71.03 84.22 89.32 58.18 152.08 159.59 82.68 130.17 64.5 25.24 32.8 45.1 156.52 82.86 82.28 61.03 171.92 69.12 0.0 60.44 169.96 107.91 55.36 110.02 118.7 120.81 162.23 30.0 125.87 64.14 79.23 36.06 118.85 20.12 56.57 84.76 122.2 17.2 28.46 48.17 83.05 42.45 102.02 32.57 112.9 131.8 45.01 107.33 62.43 59.46 83.38 152.51 40.01 150.47 129.12 44.41 132.61 129.88 70.77 64.2 75.13 107.07 42.11 183.62 73.55 46.87 15.62 113.11 104.71 93.41 139.46 87.66 120.02 65.19 61.35 123.55 159.4 62.65 143.78 117.92 88.87 140.91 31.0 
110.02 94.05 55.15 34.53 49.04 127.91 82.29 37.48 90.03 55.54 104.24 89.81 119.02 137.12 104.68 106.17 94.02 90.24 120.07 47.13 23.02 125.3 117.35 117.15 75.96 114.98 35.38 27.66 100.72 115.85 123.1 47.51 4.24 172.35 85.62 60.44 0.0 168.51 148.0 100.81 145.5 117.8 113.95 151.86 41.63 118.11 124.28 130.0 95.46 78.85 80.21 57.87 85.96 149.16 43.28 39.56 108.58 67.27 100.72 78.24 91.59 58.69 93.17 37.05 111.31 84.01 69.38 137.9 105.17 37.66 130.17 119.52 44.1 139.28 113.41 68.41 70.84 131.31 53.15 44.18 187.26 70.71 73.01 62.2 85.96 139.52 37.36 94.02 80.0 72.01 8.54 106.53 71.2 168.12 122.59 109.77 142.87 32.28 119.89 83.49 
165.22 129.4 136.34 142.84 203.4 169.3 92.36 131.05 78.52 150.08 66.37 81.63 111.16 89.56 83.17 119.21 115.25 100.09 109.11 130.17 145.73 73.01 116.07 107.3 151.38 143.68 169.03 167.26 157.5 111.02 118.02 124.04 172.74 6.08 101.13 169.96 168.51 0.0 115.32 134.54 102.96 52.2 54.56 27.17 185.65 50.61 185.43 145.0 190.07 113.84 170.88 118.0 86.84 80.52 168.36 151.48 187.76 101.24 166.17 93.81 167.72 149.86 107.28 193.98 62.65 108.46 111.31 159.08 131.24 190.85 57.04 49.93 198.83 39.62 60.54 229.11 107.07 164.05 149.05 135.8 22.2 101.04 123.48 185.24 91.29 101.97 155.42 124.46 89.14 132.5 176.48 132.52 144.54 28.6 182.46 93.34 77.1 157.1 62.97 198.01 
70.71 177.87 93.09 146.01 154.0 65.0 82.29 123.76 99.4 169.81 112.43 117.0 29.07 27.29 59.64 177.2 54.04 63.25 28.28 141.35 129.65 149.04 181.69 31.58 184.09 47.63 124.34 128.27 69.4 176.58 25.5 130.6 151.03 113.28 68.31 107.91 148.0 115.32 0.0 52.55 12.37 89.2 100.12 126.32 136.4 103.41 84.6 38.83 105.76 151.95 95.38 94.73 84.22 35.13 118.36 110.55 95.52 107.84 77.47 121.26 84.88 171.74 157.05 150.62 78.57 66.29 82.98 49.4 186.39 145.77 136.82 107.8 151.53 79.85 119.75 178.64 84.2 57.71 167.29 104.08 116.0 92.48 75.01 121.74 129.85 15.0 162.05 173.64 96.75 165.48 156.03 46.62 175.56 90.2 82.1 156.46 38.33 160.03 132.77 122.32 
31.02 152.23 46.49 107.04 101.53 40.31 60.42 84.91 83.93 133.69 102.79 100.18 29.0 56.08 53.0 155.8 21.59 40.52 31.14 106.4 86.16 141.06 163.08 30.81 151.21 16.28 73.17 78.01 23.09 158.69 27.78 96.05 103.25 134.85 43.08 55.36 100.81 134.54 52.55 0.0 55.47 90.14 97.16 135.0 84.17 101.97 52.09 29.97 58.52 126.25 44.05 57.49 65.55 70.94 66.61 61.52 53.45 80.6 31.95 99.02 35.81 136.18 135.43 98.66 77.1 35.78 48.92 41.11 162.48 93.74 133.65 106.21 99.2 94.92 113.05 126.09 52.8 38.83 130.92 59.62 143.28 64.64 32.8 69.32 109.93 50.61 122.09 148.92 75.59 135.21 108.19 6.08 143.06 117.18 49.09 140.94 68.24 119.01 126.24 72.14 
77.8 169.2 91.41 140.73 155.47 74.32 74.95 118.83 90.21 163.49 102.07 107.62 27.86 15.62 50.99 167.8 51.97 57.56 26.25 135.09 126.0 138.03 171.82 28.64 176.85 54.04 124.33 127.58 74.95 166.64 27.8 124.43 148.76 100.98 62.65 110.02 145.5 102.96 12.37 55.47 0.0 77.99 89.14 114.13 137.42 92.2 93.48 47.93 111.73 143.56 99.4 90.2 76.16 23.0 118.93 109.44 102.8 100.57 83.49 112.71 89.94 165.25 147.87 151.16 67.94 62.01 78.23 59.91 177.34 146.44 125.42 96.54 152.64 67.62 108.9 180.7 78.77 67.42 161.05 101.32 104.02 85.87 72.84 124.53 120.74 6.0 156.85 164.84 88.64 157.85 153.73 50.0 168.31 78.06 90.82 146.35 25.96 155.17 121.75 127.14 
121.07 99.69 84.53 95.46 151.21 128.72 40.31 80.71 28.64 108.34 27.2 39.0 73.39 62.37 37.34 94.7 69.0 51.35 71.87 84.12 94.81 60.11 96.65 68.95 115.02 102.42 116.83 115.11 112.02 91.3 81.34 76.16 122.0 55.23 51.2 118.7 117.8 52.2 89.2 90.14 77.99 0.0 11.66 45.18 133.45 14.21 142.23 107.86 141.6 77.23 121.51 65.8 34.67 62.43 116.28 99.3 141.43 51.11 120.15 49.5 120.07 108.9 76.66 141.87 13.04 59.03 59.48 122.41 105.62 138.68 47.71 18.6 146.65 24.19 31.4 176.95 55.07 124.95 106.71 83.6 69.53 48.92 73.08 133.75 52.15 74.2 109.73 94.83 37.8 95.01 126.02 89.68 107.0 51.62 139.23 70.71 55.61 110.49 43.84 147.68 
127.77 88.65 86.03 89.07 150.33 136.57 42.2 76.49 24.08 99.69 16.12 29.61 82.76 73.55 45.54 83.22 75.66 57.14 81.39 76.97 91.22 48.92 85.0 78.29 105.08 110.35 116.47 113.99 118.27 79.65 90.8 69.97 118.19 58.6 56.01 120.81 113.95 54.56 100.12 97.16 89.14 11.66 0.0 41.44 133.09 5.1 149.09 116.81 145.99 67.0 125.45 65.74 36.14 74.06 116.73 99.3 147.0 46.69 126.06 41.11 125.14 100.02 65.51 140.43 21.95 64.01 61.4 131.32 94.25 137.57 37.58 9.06 145.61 34.13 19.85 175.65 56.61 133.24 98.23 83.24 74.09 48.3 76.79 135.42 42.05 85.15 102.55 83.74 35.23 85.15 121.92 97.29 97.25 59.44 146.11 59.06 67.2 103.75 32.65 150.62 
166.0 103.37 127.47 123.24 190.9 172.84 83.52 114.63 64.41 127.14 47.63 62.24 115.92 99.16 82.01 92.54 114.07 96.52 114.14 109.99 129.81 46.04 89.01 111.63 126.53 146.58 157.43 154.55 157.11 84.01 123.56 105.36 156.08 33.24 96.18 162.23 151.86 27.17 126.32 135.0 114.13 45.18 41.44 0.0 174.0 36.4 187.04 150.63 186.59 89.9 166.31 107.02 77.49 93.65 157.99 140.46 186.6 85.7 165.3 74.25 165.22 126.59 81.91 180.62 58.08 104.09 102.79 165.13 104.58 178.02 30.41 33.54 186.08 46.52 38.95 215.82 98.03 168.58 126.4 124.34 49.0 89.55 117.69 176.85 69.4 111.79 134.4 98.49 76.03 108.34 159.36 134.18 120.15 51.11 184.04 66.91 88.55 136.65 37.7 191.9 
81.88 133.51 50.99 72.84 18.6 99.64 93.41 64.78 109.59 96.77 127.63 115.43 109.56 133.3 109.12 144.42 86.77 91.68 111.23 83.05 51.04 155.98 155.21 109.25 117.32 94.34 16.64 20.4 75.06 153.03 111.02 79.31 40.31 188.4 88.53 30.0 41.63 185.65 136.4 84.17 137.42 133.45 133.09 174.0 0.0 137.93 91.18 109.17 58.31 115.0 48.84 67.68 98.81 147.35 18.87 34.21 73.35 89.32 71.85 105.77 61.81 99.93 129.03 15.03 123.69 83.41 75.07 113.28 144.84 10.05 157.49 140.47 15.23 150.81 138.16 44.82 78.87 104.81 94.25 49.93 201.53 84.91 68.24 23.32 115.73 131.85 78.77 132.85 98.01 111.46 43.01 90.24 112.09 178.91 90.14 143.78 142.36 73.74 147.36 43.14 
132.64 88.81 91.08 92.44 155.08 141.22 47.3 80.62 28.6 101.92 17.26 31.95 86.93 76.58 50.0 82.57 80.5 62.07 85.49 80.06 95.48 45.97 83.67 82.46 106.38 114.98 121.31 118.73 123.2 78.29 94.94 73.5 122.35 54.92 61.03 125.87 118.11 50.61 103.41 101.97 92.2 14.21 5.1 36.4 137.93 0.0 153.94 121.15 151.08 68.18 130.54 70.68 41.23 76.22 121.67 104.2 152.01 50.93 131.03 43.86 130.19 102.11 65.62 145.09 26.0 69.03 66.48 135.68 93.86 142.28 33.62 4.47 150.33 33.96 17.89 180.31 61.68 137.79 100.58 88.12 70.71 53.23 81.88 140.46 43.57 88.41 105.55 83.86 39.96 86.58 125.99 101.98 98.73 57.56 150.96 57.78 69.53 106.94 29.73 155.71 
21.38 195.58 81.84 142.27 102.39 19.85 110.6 122.61 134.37 169.85 153.81 149.58 74.95 100.57 105.04 201.36 73.44 92.07 77.13 145.6 118.09 191.64 209.75 78.45 189.38 41.98 89.36 96.8 31.62 205.77 69.26 136.48 125.1 185.28 93.94 64.14 124.28 185.43 84.6 52.09 93.48 142.23 149.09 187.04 91.18 153.94 0.0 45.79 35.13 170.67 44.1 100.65 116.18 114.39 81.3 87.73 19.03 127.12 26.08 146.54 33.24 172.74 181.57 105.62 129.19 86.12 95.63 37.54 206.49 100.9 185.15 158.15 102.62 145.88 164.35 120.1 100.3 27.59 167.03 94.81 192.34 112.36 77.62 68.31 157.85 90.87 154.9 192.94 124.92 176.23 129.32 53.08 181.95 165.89 3.0 189.41 113.84 150.75 177.34 55.04 
33.29 180.32 76.32 136.95 125.16 26.4 85.6 114.74 107.91 163.45 125.24 125.1 34.71 56.72 71.31 182.88 46.69 64.4 36.5 135.92 116.08 163.68 189.45 39.05 180.65 15.13 100.32 105.93 35.17 184.81 27.17 125.43 132.22 144.09 68.25 79.23 130.0 145.0 38.83 29.97 47.93 107.86 116.81 150.63 109.17 121.15 45.79 0.0 69.12 154.15 62.82 86.84 89.87 69.64 93.09 90.47 57.38 108.19 41.63 125.61 50.6 165.89 162.37 124.1 95.19 62.24 77.34 14.56 190.24 119.1 154.31 125.59 123.58 106.3 134.66 147.96 80.66 19.65 160.7 89.55 149.48 91.93 62.43 90.8 136.03 45.88 152.05 176.78 101.21 164.15 137.1 25.24 172.41 123.04 43.27 166.15 70.04 148.98 148.07 87.24 
35.85 176.48 65.12 118.85 67.72 49.48 104.24 102.16 127.0 145.89 147.0 139.52 87.2 114.4 106.9 184.38 75.03 90.47 89.4 124.81 94.15 182.62 193.88 89.31 166.21 58.14 60.14 67.94 36.8 190.52 84.29 117.18 95.52 191.04 90.43 36.06 95.46 190.07 105.76 58.52 111.73 141.6 145.99 186.59 58.31 151.08 35.13 69.12 0.0 153.38 21.1 86.83 110.29 129.2 52.5 63.95 16.12 114.27 28.32 133.82 22.83 148.95 165.8 72.01 129.07 82.57 86.0 66.73 187.77 67.54 179.0 154.83 68.35 150.88 158.01 85.02 91.0 56.61 143.12 75.58 200.64 102.12 69.26 34.99 145.17 107.63 129.4 174.55 116.04 155.64 99.25 62.8 159.51 174.9 35.0 176.5 126.75 124.81 170.05 20.02 
150.63 26.25 89.47 44.38 126.89 165.21 70.21 51.97 54.08 37.8 51.04 38.47 126.61 129.36 92.59 31.02 107.49 91.05 126.25 32.14 64.03 50.93 40.79 122.64 38.21 142.43 101.4 95.08 139.82 38.12 134.01 36.67 82.46 119.25 86.56 118.85 78.85 113.84 151.95 126.25 143.56 77.23 67.0 89.9 115.0 68.18 170.67 154.15 153.38 0.0 132.97 70.18 67.74 134.71 106.21 90.47 161.14 45.97 144.63 30.87 139.09 36.89 14.32 114.98 80.28 91.93 77.34 167.03 36.24 114.44 61.29 66.61 121.81 101.04 53.6 147.22 73.59 164.92 37.54 77.83 135.72 62.24 94.4 128.57 25.08 138.24 49.09 22.67 55.23 18.68 83.82 129.5 30.81 125.67 168.08 31.76 127.44 52.84 52.35 149.05 
33.14 156.54 44.15 100.21 63.03 50.8 83.49 82.3 106.04 127.61 126.04 118.42 72.92 99.7 87.85 163.98 56.94 70.84 75.01 105.19 75.6 161.52 173.3 74.25 147.63 49.04 45.28 52.7 27.66 169.84 71.61 97.08 80.99 172.15 70.34 20.12 80.21 170.88 95.38 44.05 99.4 121.51 125.45 166.31 48.84 130.54 44.1 62.82 21.1 132.97 0.0 65.76 89.56 114.56 37.22 45.0 29.21 93.21 23.09 112.79 13.04 130.6 145.15 63.79 109.2 62.64 65.03 65.01 167.76 58.86 158.03 134.21 62.07 132.1 137.06 85.15 70.03 56.14 124.81 55.15 182.46 81.06 48.66 28.16 124.15 94.64 111.87 154.43 95.01 136.08 85.23 49.41 140.62 157.16 42.54 155.54 111.29 107.52 149.01 28.43 
80.45 95.6 22.0 51.55 85.43 95.27 26.17 29.12 43.01 76.94 62.37 53.0 65.97 80.22 46.82 100.72 42.15 33.06 66.49 49.09 36.35 96.05 109.17 63.15 93.81 73.76 51.04 49.52 69.64 105.31 71.78 38.6 61.68 120.88 28.16 56.57 57.87 118.0 94.73 57.49 90.2 65.8 65.74 107.02 67.68 70.68 100.65 86.84 86.83 70.18 65.76 0.0 31.24 91.59 50.99 33.62 92.35 27.46 74.69 47.07 69.89 79.26 80.96 76.38 56.57 28.44 12.0 98.6 106.25 73.0 93.9 73.54 80.92 84.29 73.35 111.29 13.0 95.48 74.24 17.8 134.42 17.46 24.76 70.34 58.46 84.21 67.45 92.66 31.32 77.79 66.41 61.61 85.6 112.93 98.01 89.99 85.15 65.31 84.38 87.37 
94.83 93.74 50.16 69.46 116.66 105.85 6.08 50.6 18.38 88.81 37.66 35.23 59.46 62.64 25.3 94.11 44.28 25.55 58.9 61.07 63.06 75.58 99.9 55.32 100.88 80.5 82.2 80.72 84.72 95.13 67.18 51.01 90.05 89.64 22.47 84.76 85.96 86.84 84.22 65.55 76.16 34.67 36.14 77.49 98.81 41.23 116.18 89.87 110.29 67.74 89.56 31.24 0.0 70.35 81.63 64.64 112.29 25.18 91.92 37.2 90.05 90.26 73.66 107.56 25.61 30.08 25.3 103.77 102.62 104.24 69.35 44.72 112.16 53.6 48.37 142.52 20.62 103.75 86.58 49.04 103.25 15.26 41.05 99.54 46.67 70.68 85.21 89.63 12.53 81.71 94.41 67.08 92.35 82.42 113.27 76.28 63.2 84.72 61.19 114.48 
97.13 159.33 98.09 139.0 165.85 95.82 71.01 118.34 80.65 159.14 88.68 96.93 42.01 14.87 46.01 156.08 60.75 58.94 39.82 131.38 127.91 122.02 158.81 40.31 170.29 73.36 132.82 134.85 92.66 153.5 45.65 121.15 152.8 78.26 63.56 122.2 149.16 80.52 35.13 70.94 23.0 62.43 74.06 93.65 147.35 76.22 114.39 69.64 129.2 134.71 114.56 91.59 70.35 0.0 128.5 116.47 121.94 95.52 101.51 104.12 106.67 160.51 136.97 160.1 55.04 65.79 79.83 82.38 166.44 155.65 108.19 80.28 162.5 47.43 93.81 191.76 78.92 89.29 156.92 105.65 81.02 83.01 79.62 137.44 110.49 23.77 155.0 154.69 82.04 150.62 157.65 66.4 161.83 55.08 111.62 132.92 7.28 154.05 105.89 142.9 
68.62 127.2 32.56 67.62 37.44 86.65 76.01 54.33 93.78 94.02 112.58 101.41 91.08 114.49 90.55 136.69 67.98 73.0 92.7 75.43 43.32 143.27 146.97 90.62 114.53 78.03 8.06 15.62 60.42 144.26 92.89 69.58 43.83 170.89 70.01 17.2 43.28 168.36 118.36 66.61 118.93 116.28 116.73 157.99 18.87 121.67 81.3 93.09 52.5 106.21 37.22 50.99 81.63 128.5 0.0 17.72 65.3 74.95 58.87 92.78 49.24 97.13 119.71 32.28 106.02 64.66 57.2 98.66 138.6 27.51 143.34 124.48 34.0 132.77 123.37 63.6 61.29 90.96 91.3 33.84 183.66 68.45 49.41 22.36 103.39 113.3 77.1 125.88 82.08 105.62 48.02 72.69 108.26 160.64 79.76 133.0 123.49 72.42 133.42 43.32 
71.56 112.72 18.38 55.22 52.35 89.19 59.2 38.6 76.16 82.62 94.87 83.74 82.04 103.12 75.8 121.3 57.49 58.83 83.36 60.93 30.61 125.78 131.24 80.81 102.65 75.43 17.69 18.38 61.77 128.27 85.21 53.85 41.77 154.2 55.22 28.46 39.56 151.48 110.55 61.52 109.44 99.3 99.3 140.46 34.21 104.2 87.73 90.47 63.95 90.47 45.0 33.62 64.64 116.47 17.72 0.0 74.2 57.27 62.8 75.33 54.49 85.6 103.58 44.41 89.5 51.0 41.01 98.43 124.06 40.46 125.63 106.93 48.1 116.73 105.65 78.49 44.69 92.14 79.81 16.16 167.36 51.0 37.0 39.01 86.09 103.59 67.18 111.0 64.47 91.71 46.69 67.36 95.72 144.97 85.7 116.16 110.92 63.03 115.73 58.69 
25.0 185.18 71.69 129.4 83.68 34.93 106.38 111.14 129.87 156.82 149.75 143.75 80.5 107.42 105.22 192.11 72.84 90.14 82.73 134.11 104.81 186.59 201.11 83.26 176.82 48.83 73.25 80.92 30.36 197.45 76.32 125.71 109.02 188.22 91.0 48.17 108.58 187.76 95.52 53.45 102.8 141.43 147.0 186.6 73.35 152.01 19.03 57.38 16.12 161.14 29.21 92.35 112.29 121.94 65.3 74.2 0.0 119.64 21.59 139.28 22.56 159.81 172.89 87.46 128.56 83.0 89.44 52.77 196.33 82.86 181.62 156.0 84.12 148.19 160.61 101.08 94.37 42.49 154.01 83.65 196.7 106.1 71.7 50.16 150.69 99.3 141.01 182.91 119.52 164.98 113.0 56.46 169.75 170.53 19.1 182.28 120.31 136.62 173.16 36.01 
106.44 72.18 49.25 45.35 105.55 120.11 25.63 29.83 22.8 63.64 38.47 26.48 81.3 87.56 50.22 75.21 61.52 45.49 81.12 36.0 44.55 69.03 82.86 77.52 76.32 96.67 73.05 69.35 95.71 78.71 88.48 26.31 71.51 105.12 40.8 83.05 67.27 101.24 107.84 80.6 100.57 51.11 46.69 85.7 89.32 50.93 127.12 108.19 114.27 45.97 93.21 27.46 25.18 95.52 74.95 57.27 119.64 0.0 101.39 19.65 97.12 65.12 54.92 95.02 46.84 45.97 31.91 121.17 82.07 92.59 68.41 52.63 100.65 73.93 48.85 130.17 27.8 119.4 61.4 41.44 120.21 16.28 49.65 95.89 31.05 94.92 60.67 68.59 14.32 57.71 75.29 83.63 67.78 102.42 124.39 62.64 88.36 60.64 58.46 114.04 
10.05 169.5 55.8 116.67 86.0 27.89 86.15 96.67 109.84 144.26 129.55 124.45 59.68 86.82 83.73 175.35 51.35 69.0 61.91 119.63 92.76 166.93 183.84 62.18 163.6 29.83 66.85 73.82 8.94 179.92 56.22 110.44 101.97 166.64 70.18 42.45 100.72 166.17 77.47 31.95 83.49 120.15 126.06 165.3 71.85 131.03 26.08 41.63 28.32 144.63 23.09 74.69 91.92 101.51 58.87 62.8 21.59 101.39 0.0 120.9 10.05 147.11 155.64 86.83 107.23 62.2 70.21 42.11 180.42 81.88 161.25 135.09 85.15 126.61 140.29 107.35 75.0 33.06 141.43 68.88 175.23 86.98 52.2 51.01 132.26 79.51 129.73 166.87 99.92 150.21 106.45 35.36 156.08 149.12 23.6 163.87 99.48 125.73 153.06 45.62 
125.72 56.6 68.73 49.2 120.9 138.92 40.31 42.05 23.54 58.86 27.46 12.21 96.54 98.49 61.77 57.31 79.03 61.52 96.05 36.36 57.25 50.49 64.07 92.46 66.61 114.86 90.03 85.44 115.04 59.68 104.14 31.14 82.42 98.49 57.38 102.02 78.24 93.81 121.26 99.02 112.71 49.5 41.11 74.25 105.77 43.86 146.54 125.61 133.82 30.87 112.79 47.07 37.2 104.12 92.78 75.33 139.28 19.65 120.9 0.0 116.76 59.41 36.8 109.77 50.36 63.6 50.99 139.01 65.44 107.91 52.33 43.91 115.88 73.68 35.38 144.46 46.53 137.84 57.27 60.01 114.49 34.48 68.94 114.28 11.4 107.42 61.72 52.43 24.84 46.69 85.43 101.61 58.31 100.42 143.78 43.01 96.84 63.29 42.05 133.02 
20.1 163.48 49.65 109.12 76.01 37.85 84.1 89.87 107.47 136.69 127.39 121.2 64.66 91.83 84.65 170.0 52.5 68.73 66.84 112.89 84.86 164.07 178.85 66.61 156.34 37.59 57.27 64.41 15.65 175.11 62.24 104.1 92.66 168.55 69.18 32.57 91.59 167.72 84.88 35.81 89.94 120.07 125.14 165.22 61.81 130.19 33.24 50.6 22.83 139.09 13.04 69.89 90.05 106.67 49.24 54.49 22.56 97.12 10.05 116.76 0.0 139.6 150.62 76.79 107.35 61.2 66.91 52.04 174.54 71.85 159.31 134.09 75.11 128.39 138.29 97.67 71.85 43.1 133.87 62.13 177.92 83.55 49.25 41.05 128.16 85.56 121.66 161.06 97.02 143.67 97.06 40.36 149.01 152.12 31.24 159.77 104.04 117.52 150.75 37.44 
154.9 38.6 92.1 30.48 107.2 171.49 90.47 51.4 82.02 3.16 84.9 70.41 143.92 152.61 115.32 52.92 121.2 108.5 144.1 30.46 55.0 87.21 64.26 140.58 17.46 152.3 90.34 82.76 144.36 64.4 150.38 41.23 61.0 155.08 103.46 112.9 58.69 149.86 171.74 136.18 165.25 108.9 100.02 126.59 99.93 102.11 172.74 165.89 148.95 36.89 130.6 79.26 90.26 160.51 97.13 85.6 159.81 65.12 147.11 59.41 139.6 0.0 48.08 95.35 109.0 106.51 89.9 177.05 48.66 96.32 98.18 101.24 102.42 133.09 89.32 123.07 87.85 172.88 5.83 78.57 171.47 79.4 103.46 118.53 58.82 159.48 21.38 40.31 78.52 19.85 60.3 140.66 13.04 159.45 170.53 66.48 153.31 26.48 89.19 139.99 
161.14 23.19 101.24 58.69 141.15 175.03 77.08 65.38 57.69 49.58 49.48 40.31 133.12 133.09 97.42 20.52 115.75 98.31 132.55 46.39 78.01 39.41 28.23 128.97 44.78 151.4 115.16 109.0 150.36 24.74 140.8 50.16 96.77 112.97 94.18 131.8 93.17 107.28 157.05 135.43 147.87 76.66 65.51 81.91 129.03 65.62 181.57 162.37 165.8 14.32 145.15 80.96 73.66 136.97 119.71 103.58 172.89 54.92 155.64 36.8 150.62 48.08 0.0 129.26 81.94 100.26 86.82 175.7 29.53 128.66 52.0 63.2 136.07 99.46 49.01 161.53 82.66 174.26 49.82 90.25 129.44 70.8 104.45 142.02 27.2 142.84 62.65 18.25 61.52 28.32 98.08 138.22 39.12 122.0 178.9 18.44 129.77 66.64 44.38 162.26 
