90
0.0 3.61 104.12 31.14 20.1 18.11 103.7 90.2 72.01 43.05 128.65 58.59 137.36 34.66 89.29 51.0 61.85 49.52 49.74 62.2 37.66 36.0 48.37 35.81 131.47 42.06 57.22 88.06 104.69 70.41 50.33 14.32 6.4 106.04 105.02 98.66 131.94 130.0 137.46 9.49 105.08 3.16 133.82 24.08 130.14 3.16 14.32 145.12 109.18 111.07 126.06 27.2 71.78 137.82 16.28 144.0 20.02 44.72 140.01 92.42 48.7 126.7 136.07 14.87 49.73 137.01 28.3 12.81 90.67 41.19 116.93 19.1 114.02 16.97 122.05 120.34 107.12 54.08 105.95 145.25 3.16 69.72 148.43 51.97 21.47 11.18 112.22 75.64 98.79 130.38 
3.61 0.0 106.48 34.37 17.46 15.0 106.47 93.09 75.06 46.17 131.21 60.42 140.23 35.47 91.68 52.8 63.91 50.25 51.43 65.07 40.31 39.05 51.62 37.22 133.88 44.38 60.07 90.47 107.0 72.99 52.5 10.77 8.25 109.0 108.0 101.27 134.39 132.44 140.16 7.0 107.79 6.08 136.47 27.0 133.06 4.12 17.89 148.22 111.88 114.16 129.02 28.65 74.04 140.6 12.81 147.03 17.03 46.62 143.0 94.92 50.96 129.25 138.81 11.4 52.17 140.06 25.06 14.32 93.43 44.05 119.44 20.0 116.42 18.03 124.79 123.2 110.22 57.22 108.16 147.98 5.39 72.44 150.88 54.59 21.4 8.25 115.11 77.62 100.9 133.24 
104.12 106.48 0.0 76.06 123.94 121.05 17.26 25.08 41.04 64.88 26.17 48.04 41.59 76.11 14.87 55.23 43.29 66.37 57.14 44.94 66.73 70.26 62.68 71.45 27.46 62.1 49.24 16.16 2.0 34.44 54.13 115.32 98.23 26.68 27.46 11.4 28.16 26.17 37.11 104.92 14.56 100.96 32.76 80.65 37.8 102.36 93.78 57.01 15.26 34.79 36.07 79.08 32.56 39.56 112.29 53.25 123.22 60.67 48.26 12.81 55.54 24.19 37.0 116.5 54.41 48.27 115.11 92.42 20.59 64.08 14.32 88.28 10.05 89.63 24.7 28.28 34.71 56.04 6.0 45.12 105.95 36.36 44.55 52.55 90.55 106.71 25.06 31.06 10.63 35.51 
31.14 34.37 76.06 0.0 51.01 49.25 73.55 59.68 41.05 12.04 99.33 36.62 106.79 28.86 61.27 30.41 37.48 39.12 30.46 32.02 11.66 5.83 17.26 24.08 102.88 18.36 27.2 59.93 76.92 41.63 26.4 44.91 26.93 75.24 74.17 69.26 103.12 101.24 107.49 36.06 75.19 28.28 104.05 8.6 99.41 30.59 18.25 114.04 79.31 80.01 95.26 21.02 45.22 107.52 44.6 113.02 51.16 24.7 109.11 63.69 24.21 97.42 105.91 45.71 23.35 106.0 53.34 23.71 60.64 12.21 87.92 24.76 85.62 24.21 91.98 89.81 76.03 23.0 78.77 115.12 32.0 40.16 119.54 23.85 30.41 38.28 81.61 50.99 72.4 99.85 
20.1 17.46 123.94 51.01 0.0 4.47 123.79 110.29 92.01 63.0 148.66 77.62 157.46 51.62 109.14 70.01 81.27 66.03 68.54 82.3 57.71 56.04 68.12 54.13 151.34 61.85 77.32 107.94 124.45 90.43 69.92 10.63 25.71 126.1 125.06 118.7 151.86 149.91 157.54 20.25 125.16 23.19 153.88 44.18 150.21 21.59 33.24 165.05 129.26 131.02 146.12 45.69 91.48 157.92 16.64 164.0 3.0 63.91 160.05 112.38 68.41 146.7 156.16 9.22 69.63 157.0 26.48 31.62 110.77 61.29 136.89 36.67 133.88 34.93 142.14 140.43 127.04 74.01 125.57 165.34 19.03 89.81 168.34 72.01 36.62 19.21 132.31 94.92 118.27 150.48 
18.11 15.0 121.05 49.25 4.47 0.0 121.41 108.07 90.05 61.13 145.99 74.33 155.21 47.89 106.3 66.73 78.16 62.13 65.19 80.06 55.23 54.04 66.48 50.7 148.49 59.03 75.06 105.12 121.51 87.82 66.94 6.4 23.09 124.0 123.0 116.11 149.05 147.09 155.05 16.55 122.69 21.02 151.33 42.0 148.05 19.03 32.02 163.2 126.78 129.14 144.01 42.38 88.53 155.54 12.21 162.03 2.24 60.73 158.0 109.66 65.51 144.01 153.73 5.0 66.91 155.05 22.2 28.64 108.37 59.03 134.16 33.24 131.03 31.62 139.7 138.18 125.2 72.17 122.53 162.89 17.72 87.37 165.53 69.46 32.76 15.26 130.1 91.71 115.13 148.22 
103.7 106.47 17.26 73.55 123.79 121.41 0.0 14.32 33.62 61.61 26.93 53.16 34.06 80.06 20.81 59.23 47.54 73.05 61.39 41.59 66.19 68.07 57.87 74.55 32.56 63.01 46.53 21.1 19.24 34.06 56.32 116.16 98.33 9.49 10.2 8.49 32.02 30.48 33.96 106.04 3.16 100.6 30.68 79.63 27.66 102.4 91.78 45.69 6.4 17.89 24.35 81.1 36.69 34.13 114.0 43.01 123.49 63.51 38.33 15.81 57.14 25.24 32.39 117.21 55.01 36.77 118.61 93.09 13.04 62.51 17.8 90.02 19.31 91.0 18.44 17.26 17.46 51.24 23.19 41.59 105.08 34.06 47.51 52.04 93.26 108.02 10.3 38.95 26.4 27.07 
90.2 93.09 25.08 59.68 110.29 108.07 14.32 0.0 19.31 47.68 41.18 43.42 47.17 68.68 18.44 48.47 37.59 63.53 50.7 28.02 53.01 54.33 43.68 62.82 46.4 50.49 33.02 17.72 26.93 22.47 44.64 103.0 85.02 16.28 15.52 13.89 46.04 44.41 48.08 93.05 16.64 87.14 44.94 66.12 40.0 89.05 77.93 56.29 20.59 23.26 36.06 68.73 27.8 47.85 101.18 54.45 110.11 51.92 50.16 15.0 45.12 39.45 46.32 104.0 42.58 47.68 106.53 80.02 5.0 49.04 31.24 77.41 31.24 78.23 32.57 30.15 20.25 37.11 30.68 55.54 91.44 21.38 61.77 39.2 81.05 95.08 22.02 32.65 30.07 40.2 
72.01 75.06 41.04 41.05 92.01 90.05 33.62 19.31 0.0 29.02 60.37 34.41 65.92 54.59 28.65 36.8 29.15 53.04 38.95 11.66 35.9 36.01 24.52 48.3 65.19 34.93 16.16 27.29 42.52 15.3 31.4 85.29 67.19 34.23 33.14 31.4 65.0 63.29 67.36 75.66 35.78 69.03 64.26 48.09 58.42 71.11 59.21 73.17 39.81 39.12 54.23 52.81 24.33 66.94 84.01 72.0 92.02 38.28 68.07 28.43 31.06 58.59 65.52 86.21 27.78 65.01 90.52 62.65 21.63 31.4 49.93 60.88 49.04 61.39 51.87 49.03 35.23 18.11 45.61 74.73 73.03 11.4 80.95 23.71 65.15 77.78 40.79 32.14 42.06 59.03 
43.05 46.17 64.88 12.04 63.0 61.13 61.61 47.68 29.02 0.0 87.6 30.36 94.76 33.02 50.25 26.08 29.53 39.05 27.0 20.25 10.82 7.28 6.4 26.93 91.39 15.3 15.65 48.88 65.86 30.53 20.4 56.57 38.47 63.2 62.13 57.58 91.55 89.69 95.57 47.3 63.32 40.11 92.18 19.42 87.37 42.3 30.27 102.08 67.45 68.03 83.22 27.66 35.36 95.52 55.79 101.0 63.07 22.2 97.08 52.33 18.25 85.7 93.94 57.43 15.81 94.0 63.56 34.48 48.76 6.32 76.32 34.0 74.25 34.01 80.05 77.78 64.07 11.05 67.96 103.16 44.01 28.64 107.91 14.42 39.12 49.48 69.58 42.01 62.01 87.82 
128.65 131.21 26.17 99.33 148.66 145.99 26.93 41.18 60.37 87.6 0.0 74.01 19.42 102.0 40.05 81.02 69.03 92.54 83.01 67.36 91.01 93.68 84.31 97.13 8.06 86.98 72.12 41.11 26.48 58.25 79.4 140.43 122.98 30.48 31.89 30.08 6.32 6.0 11.66 130.12 24.6 125.51 7.21 104.79 20.4 127.1 117.44 37.22 20.59 33.54 22.0 104.48 58.08 15.56 137.71 32.45 148.12 86.21 27.78 36.35 80.62 2.0 12.73 141.57 79.08 30.08 141.01 117.39 39.0 87.8 12.0 113.64 16.49 114.86 11.18 18.03 36.36 77.62 27.51 19.31 130.27 59.2 20.59 76.69 116.21 131.97 23.6 57.22 35.44 16.49 
58.59 60.42 48.04 36.62 77.62 74.33 53.16 43.42 34.41 30.36 74.01 0.0 86.68 28.07 34.13 7.62 5.83 20.12 9.22 24.17 25.0 31.38 33.24 23.77 75.33 18.44 22.56 33.24 48.17 21.4 10.3 68.31 52.33 59.09 58.6 45.89 76.16 74.17 84.29 57.87 53.37 55.47 80.16 37.54 80.78 56.36 51.09 98.68 57.07 66.65 77.49 31.95 16.49 85.84 64.76 96.17 76.55 13.89 91.48 38.47 12.53 72.01 83.6 69.57 14.56 89.81 67.07 46.1 41.23 25.5 62.01 41.11 58.08 42.72 69.87 70.34 63.63 30.07 48.66 92.35 60.9 24.04 92.44 17.03 42.76 59.48 63.25 17.46 41.0 79.83 
137.36 140.23 41.59 106.79 157.46 155.21 34.06 47.17 65.92 94.76 19.42 86.68 0.0 113.99 52.89 93.06 81.22 106.23 95.19 75.17 100.04 101.49 90.43 108.56 26.0 97.05 80.16 53.6 42.54 68.12 90.35 150.05 132.14 31.78 32.98 40.79 23.77 24.6 10.05 140.0 33.38 134.3 13.0 113.28 8.06 136.18 125.03 17.89 29.61 29.53 12.53 115.16 70.21 5.0 148.01 13.04 157.26 97.51 8.54 48.27 91.2 20.62 7.28 151.08 89.05 12.0 152.64 127.02 47.01 96.19 28.02 124.06 33.6 125.02 17.09 17.03 33.54 84.01 44.65 11.4 138.61 68.0 26.93 86.0 127.32 142.0 25.18 71.17 51.97 7.0 
34.66 35.47 76.11 28.86 51.62 47.89 80.06 68.68 54.59 33.02 102.0 28.07 113.99 0.0 62.01 21.02 33.02 14.87 19.0 42.94 22.2 27.73 39.2 6.4 103.39 20.0 38.59 61.03 76.24 46.32 24.04 41.59 28.32 84.9 84.2 73.33 104.24 102.24 112.11 31.38 80.62 31.89 108.04 23.0 107.69 31.83 32.89 124.91 84.48 91.71 104.14 9.22 44.05 113.44 37.34 122.78 50.12 16.76 118.26 66.12 23.77 100.0 111.29 42.94 26.83 116.18 39.01 22.02 67.47 27.02 90.01 15.56 86.15 17.69 97.42 97.32 88.26 41.04 76.66 120.15 37.54 47.43 120.5 30.89 15.23 32.65 89.82 45.4 68.88 107.06 
89.29 91.68 14.87 61.27 109.14 106.3 20.81 18.44 28.65 50.25 40.05 34.13 52.89 62.01 0.0 41.0 29.0 53.37 43.01 30.61 51.87 55.46 48.41 57.08 42.2 47.3 34.67 1.41 15.65 19.72 39.46 100.62 83.43 29.0 29.07 12.53 42.76 40.79 50.16 90.26 20.12 86.13 46.04 65.79 47.54 87.56 78.92 66.19 23.41 37.54 44.72 64.5 18.03 51.79 97.74 63.16 108.47 46.17 58.31 5.0 40.79 38.05 49.5 101.79 39.56 57.25 101.0 77.67 13.6 49.24 28.07 73.68 24.74 74.97 35.9 37.16 35.81 41.87 17.8 58.22 91.09 22.02 59.23 37.7 76.16 92.07 31.06 18.38 13.42 46.17 
51.0 52.8 55.23 30.41 70.01 66.73 59.23 48.47 36.8 26.08 81.02 7.62 93.06 21.02 41.0 0.0 12.0 16.28 2.24 25.5 18.79 25.63 30.15 16.28 82.61 12.08 22.47 40.01 55.44 26.0 6.32 60.73 44.72 64.51 63.91 52.35 83.38 81.39 91.09 50.29 59.68 47.89 87.02 30.41 86.88 48.75 43.86 104.4 63.51 71.69 83.43 24.35 23.02 92.44 57.27 102.11 68.95 6.4 97.51 45.1 8.06 79.03 90.27 61.98 11.4 95.6 60.0 38.48 46.84 20.4 69.03 33.53 65.28 35.11 76.42 76.49 68.45 28.46 56.09 99.13 53.34 27.78 99.72 15.23 35.36 51.92 69.12 25.0 48.51 86.15 
61.85 63.91 43.29 37.48 81.27 78.16 47.54 37.59 29.15 29.53 69.03 5.83 81.22 33.02 29.0 12.0 0.0 25.94 14.04 19.65 26.25 31.89 31.32 28.16 70.71 20.25 19.0 28.02 43.57 15.62 11.66 72.28 55.71 53.31 52.8 40.45 71.45 69.46 79.1 61.85 47.85 58.69 75.03 39.66 75.19 59.81 53.25 92.97 51.62 60.83 71.84 35.9 11.05 80.5 69.05 90.52 80.36 17.46 85.87 33.14 13.6 67.03 78.31 73.5 14.21 84.12 72.0 49.65 35.47 25.61 57.04 45.12 53.34 46.57 64.5 64.76 57.8 27.17 44.38 87.14 63.98 18.44 87.82 15.23 47.27 63.56 57.57 13.89 37.0 74.33 
49.52 50.25 66.37 39.12 66.03 62.13 73.05 63.53 53.04 39.05 92.54 20.12 106.23 14.87 53.37 16.28 25.94 0.0 14.21 41.77 29.15 36.06 44.27 15.81 93.02 23.77 38.6 52.63 66.19 41.34 22.2 55.76 43.19 79.2 78.72 65.52 94.09 92.09 103.25 45.8 73.08 46.75 98.99 35.44 100.58 46.67 46.96 118.68 76.66 86.77 97.41 23.32 36.4 105.12 51.0 116.06 64.35 17.09 111.32 57.97 23.32 90.55 102.77 57.14 26.93 109.79 50.45 36.88 61.33 32.76 80.62 30.41 76.24 32.56 89.27 90.14 83.73 43.83 66.01 111.31 52.4 43.6 110.0 31.06 29.41 46.87 83.22 35.36 58.0 99.46 
49.74 51.43 57.14 30.46 68.54 65.19 61.39 50.7 38.95 27.0 83.01 9.22 95.19 19.0 43.01 2.24 14.04 14.21 0.0 27.59 18.97 25.96 31.4 14.56 84.48 12.37 24.41 42.05 57.31 28.23 8.06 59.14 43.42 66.73 66.13 54.45 85.29 83.29 93.13 48.7 61.81 46.65 89.05 29.83 89.05 47.41 43.14 106.61 65.62 73.93 85.62 22.85 25.08 94.53 55.54 104.29 67.42 5.83 99.69 47.17 9.49 81.01 92.35 60.41 13.0 97.8 58.01 37.12 49.04 21.1 71.01 31.95 67.19 33.62 78.52 78.64 70.68 30.08 57.87 101.18 52.15 30.02 101.6 17.0 33.54 50.29 71.31 26.68 50.22 88.28 
62.2 65.07 44.94 32.02 82.3 80.06 41.59 28.02 11.66 20.25 67.36 24.17 75.17 42.94 30.61 25.5 19.65 41.77 27.59 0.0 25.08 26.48 17.8 36.67 71.18 23.41 5.0 29.21 46.04 11.4 19.85 75.01 57.01 44.05 43.1 37.34 71.31 69.46 75.5 65.12 43.17 59.14 72.03 38.12 68.01 61.03 50.22 83.73 47.3 49.82 64.01 41.48 18.97 75.66 73.33 82.22 82.1 26.63 78.06 32.25 19.42 65.46 73.98 76.0 16.12 75.33 79.31 52.09 28.64 21.02 56.08 49.82 54.12 50.49 60.02 58.14 46.1 11.31 48.41 83.19 63.51 8.6 87.66 12.08 53.85 67.19 50.04 26.93 43.14 68.18 
37.66 40.31 66.73 11.66 57.71 55.23 66.19 53.01 35.9 10.82 91.01 25.0 100.04 22.2 51.87 18.79 26.25 29.15 18.97 25.08 0.0 7.07 17.03 16.12 93.96 6.71 20.1 50.6 67.42 32.76 14.87 50.01 32.14 69.12 68.18 61.0 94.37 92.44 99.85 40.05 67.48 34.53 96.18 13.93 93.01 36.22 27.29 108.78 71.57 74.81 89.05 17.49 34.89 100.32 48.26 107.3 57.31 13.34 103.12 54.82 12.73 89.05 98.51 51.04 12.53 100.4 54.71 27.02 53.15 5.0 79.31 25.0 76.54 25.5 84.48 83.02 71.02 19.72 68.94 107.67 39.29 32.14 110.86 14.32 29.55 42.11 75.0 40.0 62.18 93.05 
36.0 39.05 70.26 5.83 56.04 54.04 68.07 54.33 36.01 7.28 93.68 31.38 101.49 27.73 55.46 25.63 31.89 36.06 25.96 26.48 7.07 0.0 13.42 22.14 97.14 13.6 21.59 54.13 71.11 35.85 21.1 49.37 31.26 70.06 69.03 63.6 97.41 95.52 101.98 40.02 69.63 33.02 98.49 12.17 94.19 35.13 23.77 109.17 73.76 75.11 90.09 21.26 39.41 102.11 48.51 108.0 56.01 20.4 104.02 57.94 18.87 91.76 100.45 50.25 17.69 101.02 56.36 27.2 55.11 6.4 82.22 26.93 79.85 26.83 86.49 84.48 71.18 18.25 72.95 109.66 37.12 34.48 113.84 18.03 32.2 42.2 76.32 45.28 66.57 94.53 
48.37 51.62 62.68 17.26 68.12 66.48 57.87 43.68 24.52 6.4 84.31 33.24 90.43 39.2 48.41 30.15 31.32 44.27 31.4 17.8 17.03 13.42 0.0 33.02 88.55 20.62 14.21 47.01 63.82 29.0 24.02 62.17 44.15 58.69 57.56 54.56 88.57 86.76 91.76 53.16 59.81 45.54 88.54 25.3 82.87 47.85 35.0 97.0 63.91 63.03 78.64 34.06 35.23 91.44 61.68 96.13 68.36 27.2 92.35 49.93 22.09 82.46 89.99 62.97 19.0 89.09 69.78 40.5 45.31 12.21 73.35 40.31 71.69 40.25 76.24 73.55 59.01 6.71 66.22 99.2 49.09 26.4 104.79 16.28 45.49 55.36 65.31 42.54 60.83 83.55 
35.81 37.22 71.45 24.08 54.13 50.7 74.55 62.82 48.3 26.93 97.13 23.77 108.56 6.4 57.08 16.28 28.16 15.81 14.56 36.67 16.12 22.14 33.02 0.0 98.86 13.6 32.25 56.04 71.7 40.61 18.25 44.6 29.41 79.08 78.34 68.07 99.61 97.62 107.0 34.18 75.24 32.8 103.0 19.65 102.11 33.29 31.38 119.1 79.16 85.73 98.48 8.6 39.05 108.17 41.0 117.09 52.92 11.05 112.61 61.0 17.72 95.13 106.08 45.88 20.62 110.42 44.1 23.02 61.81 20.81 85.15 17.46 81.5 19.24 92.14 91.79 82.22 34.66 72.37 115.02 38.42 41.48 115.97 24.6 19.1 35.74 84.17 41.23 64.76 101.6 
131.47 133.88 27.46 102.88 151.34 148.49 32.56 46.4 65.19 91.39 8.06 75.33 26.0 103.39 42.2 82.61 70.71 93.02 84.48 71.18 93.96 97.14 88.55 98.86 0.0 89.5 75.77 43.42 27.17 61.35 81.58 142.77 125.63 37.44 38.83 34.0 2.24 2.24 16.64 132.38 29.83 128.32 13.0 107.86 28.16 129.76 120.81 43.86 26.17 41.23 30.02 106.53 60.02 21.47 139.74 38.91 150.66 88.12 34.54 39.22 82.98 8.54 18.79 143.95 81.74 37.36 142.35 119.85 43.57 91.08 15.26 115.74 17.46 117.09 18.97 25.96 43.83 81.84 27.02 22.67 133.24 62.77 17.12 79.7 117.96 134.16 30.89 58.08 35.06 24.19 
42.06 44.38 62.1 18.36 61.85 59.03 63.01 50.49 34.93 15.3 86.98 18.44 97.05 20.0 47.3 12.08 20.25 23.77 12.37 23.41 6.71 13.6 20.62 13.6 89.5 0.0 18.79 46.1 62.64 29.02 8.6 53.46 36.14 66.75 65.92 57.22 90.03 88.07 96.25 43.19 64.03 38.9 92.44 19.42 90.27 40.26 33.02 106.71 68.07 73.01 86.47 18.25 29.73 97.02 51.01 104.94 61.19 7.0 100.6 50.64 6.71 85.0 95.08 54.59 8.0 98.15 56.09 30.41 50.04 9.06 75.13 27.02 72.03 28.02 81.06 80.1 69.38 21.26 63.91 104.17 44.01 29.15 106.51 11.4 30.59 45.1 72.25 34.13 56.86 90.05 
57.22 60.07 49.24 27.2 77.32 75.06 46.53 33.02 16.16 15.65 72.12 22.56 80.16 38.59 34.67 22.47 19.0 38.6 24.41 5.0 20.1 21.59 14.21 32.25 75.77 18.79 0.0 33.29 50.25 15.0 16.4 70.01 52.01 49.04 48.09 42.06 75.96 74.09 80.41 60.13 48.05 54.15 76.9 33.14 73.01 56.04 45.35 88.68 52.17 54.74 69.01 36.69 21.1 80.62 68.36 87.21 77.1 22.67 83.05 36.67 15.56 70.21 78.92 71.0 12.04 80.31 74.46 47.1 33.54 16.03 60.75 44.91 58.6 45.54 64.94 63.13 50.99 8.54 52.43 88.12 58.55 13.0 92.36 7.81 49.04 62.2 55.04 28.64 46.75 73.17 
88.06 90.47 16.16 59.93 107.94 105.12 21.1 17.72 27.29 48.88 41.11 33.24 53.6 61.03 1.41 40.01 28.02 52.63 42.05 29.21 50.6 54.13 47.01 56.04 43.42 46.1 33.29 0.0 17.0 18.36 38.33 99.46 82.23 29.0 29.0 13.0 43.93 41.98 51.09 89.11 20.62 84.9 47.01 64.51 48.1 86.35 77.62 66.64 24.04 37.48 45.19 63.39 17.0 52.61 96.63 63.69 107.28 45.1 58.87 5.39 39.62 39.12 50.36 100.62 38.33 57.7 100.0 76.49 13.0 47.93 29.15 72.56 25.96 73.82 36.67 37.7 35.61 40.46 19.21 59.14 89.84 20.62 60.42 36.4 75.11 90.93 31.38 17.89 14.76 46.84 
104.69 107.0 2.0 76.92 124.45 121.51 19.24 26.93 42.52 65.86 26.48 48.17 42.54 76.24 15.65 55.44 43.57 66.19 57.31 46.04 67.42 71.11 63.82 71.7 27.17 62.64 50.25 17.0 0.0 35.36 54.57 115.73 98.76 28.64 29.43 13.34 28.02 26.02 37.64 105.32 16.49 101.53 33.24 81.34 39.05 102.88 94.54 58.26 17.0 36.69 37.48 79.43 32.98 40.31 112.61 54.41 123.69 61.0 49.41 14.14 56.04 24.52 37.7 116.93 55.03 49.58 115.21 92.89 22.36 64.88 14.87 88.65 10.05 90.03 25.81 29.73 36.67 57.2 4.0 45.61 106.57 37.44 44.28 53.31 90.8 107.08 26.83 31.0 9.43 36.62 
70.41 72.99 34.44 41.63 90.43 87.82 34.06 22.47 15.3 30.53 58.25 21.4 68.12 46.32 19.72 26.0 15.62 41.34 28.23 11.4 32.76 35.85 29.0 40.61 61.35 29.02 15.0 18.36 35.36 0.0 22.36 82.39 64.78 38.6 37.95 28.28 61.68 59.77 67.27 72.17 35.01 67.27 63.51 46.57 61.52 68.88 59.46 78.59 39.05 45.69 57.87 47.04 9.06 68.01 80.02 76.49 89.94 29.61 72.01 22.14 23.09 56.29 66.07 83.49 21.02 69.86 84.59 59.3 21.21 29.73 46.57 56.0 44.01 57.04 52.04 51.24 42.49 22.67 37.44 75.17 72.03 4.0 78.16 18.44 59.21 74.11 43.57 17.0 31.83 61.13 
50.33 52.5 54.13 26.4 69.92 66.94 56.32 44.64 31.4 20.4 79.4 10.3 90.35 24.04 39.46 6.32 11.66 22.2 8.06 19.85 14.87 21.1 24.02 18.25 81.58 8.6 16.4 38.33 54.57 22.36 0.0 61.19 44.27 60.88 60.17 50.0 82.2 80.23 89.02 50.8 57.08 47.17 85.09 28.02 83.86 48.38 41.62 100.9 61.03 67.68 80.23 25.08 21.59 90.05 58.31 98.84 69.12 7.28 94.37 43.1 2.24 77.41 88.01 62.37 5.1 92.2 62.29 38.33 43.57 15.23 67.48 34.23 64.13 35.51 74.03 73.55 64.26 22.14 55.66 97.01 52.39 23.41 98.66 8.94 37.01 52.61 65.92 25.55 48.47 83.38 
14.32 10.77 115.32 44.91 10.63 6.4 116.16 103.0 85.29 56.57 140.43 68.31 150.05 41.59 100.62 60.73 72.28 55.76 59.14 75.01 50.01 49.37 62.17 44.6 142.77 53.46 70.01 99.46 115.73 82.39 61.19 0.0 18.11 119.04 118.07 110.65 143.38 141.41 149.66 10.44 117.35 16.76 145.88 37.22 143.0 14.32 28.64 158.46 121.41 124.4 139.01 36.4 82.76 150.27 6.32 157.16 8.6 54.82 153.05 104.09 59.84 138.45 148.41 1.41 61.4 150.21 18.11 23.09 103.12 54.04 128.57 27.2 125.32 25.71 134.37 133.03 120.5 67.6 116.66 157.54 15.0 82.1 159.84 64.12 26.42 8.94 125.0 85.73 109.2 143.06 
6.4 8.25 98.23 26.93 25.71 23.09 98.33 85.02 67.19 38.47 122.98 52.33 132.14 28.32 83.43 44.72 55.71 43.19 43.42 57.01 32.14 31.26 44.15 29.41 125.63 36.14 52.01 82.23 98.76 64.78 44.27 18.11 0.0 101.0 100.02 93.06 126.15 124.2 131.97 9.43 99.61 3.61 128.27 19.1 125.02 4.12 12.81 140.36 103.7 106.3 121.0 20.81 65.8 132.46 17.89 139.09 25.18 38.48 135.01 86.68 42.72 121.02 130.65 19.03 43.93 132.14 28.28 6.4 85.29 36.0 111.2 12.81 108.17 10.63 116.62 115.11 102.4 49.5 99.93 139.81 9.22 64.28 142.64 46.39 15.81 11.66 107.04 69.46 92.7 125.14 
106.04 109.0 26.68 75.24 126.1 124.0 9.49 16.28 34.23 63.2 30.48 59.09 31.78 84.9 29.0 64.51 53.31 79.2 66.73 44.05 69.12 70.06 58.69 79.08 37.44 66.75 49.04 29.0 28.64 38.6 60.88 119.04 101.0 0.0 1.41 17.49 36.4 35.23 34.48 109.17 12.17 103.02 32.2 82.01 24.19 105.0 93.43 40.02 13.15 8.6 20.02 85.0 42.94 33.24 117.35 38.21 126.02 68.15 34.01 24.08 61.39 29.21 32.2 120.02 58.86 31.4 122.81 96.13 17.89 65.01 24.35 93.65 27.29 94.43 19.85 15.23 8.06 52.35 32.56 41.23 107.17 37.66 50.33 55.44 97.32 111.22 7.21 46.4 35.85 25.0 
105.02 108.0 27.46 74.17 125.06 123.0 10.2 15.52 33.14 62.13 31.89 58.6 32.98 84.2 29.07 63.91 52.8 78.72 66.13 43.1 68.18 69.03 57.56 78.34 38.83 65.92 48.09 29.0 29.43 37.95 60.17 118.07 100.02 1.41 0.0 17.89 37.8 36.62 35.85 108.23 13.04 102.0 33.6 81.0 25.32 104.0 92.35 40.79 14.32 8.49 21.1 84.17 42.54 34.54 116.43 39.12 125.0 67.45 35.0 24.21 60.64 30.61 33.54 119.04 58.05 32.25 122.0 95.19 17.49 64.03 25.63 92.78 28.44 93.54 21.26 16.55 7.28 51.24 33.38 42.54 106.12 36.88 51.74 54.59 96.51 110.29 8.6 46.23 36.4 26.25 
98.66 101.27 11.4 69.26 118.7 116.11 8.49 13.89 31.4 57.58 30.08 45.89 40.79 73.33 12.53 52.35 40.45 65.52 54.45 37.34 61.0 63.6 54.56 68.07 34.0 57.22 42.06 13.0 13.34 28.28 50.0 110.65 93.06 17.49 17.89 0.0 34.01 32.2 39.05 100.4 7.62 95.52 35.23 74.73 35.11 97.16 87.36 53.67 11.18 26.08 32.2 75.03 29.43 40.11 108.17 50.7 118.23 57.04 45.88 7.62 51.04 28.16 38.01 111.76 49.25 44.72 112.16 87.57 9.9 57.72 18.79 84.1 17.69 85.21 24.08 24.7 25.08 47.85 17.26 47.01 100.22 29.12 50.33 46.69 87.01 102.31 18.6 30.87 18.68 33.96 
131.94 134.39 28.16 103.12 151.86 149.05 32.02 46.04 65.0 91.55 6.32 76.16 23.77 104.24 42.76 83.38 71.45 94.09 85.29 71.31 94.37 97.41 88.57 99.61 2.24 90.03 75.96 43.93 28.02 61.68 82.2 143.38 126.15 36.4 37.8 34.01 0.0 2.0 14.42 133.0 29.41 128.79 10.77 108.24 26.08 130.27 121.12 41.63 25.61 39.81 28.07 107.2 60.67 19.24 140.43 36.67 151.21 88.81 32.31 39.56 83.55 7.21 16.55 144.54 82.23 35.17 143.22 120.42 43.42 91.39 15.23 116.4 18.11 117.71 17.46 24.35 42.54 81.86 28.16 20.62 133.66 62.97 16.49 80.08 118.71 134.81 29.68 59.01 36.22 22.09 
130.0 132.44 26.17 101.24 149.91 147.09 30.48 44.41 63.29 89.69 6.0 74.17 24.6 102.24 40.79 81.39 69.46 92.09 83.29 69.46 92.44 95.52 86.76 97.62 2.24 88.07 74.09 41.98 26.02 59.77 80.23 141.41 124.2 35.23 36.62 32.2 2.0 0.0 15.62 131.03 27.8 126.85 11.66 106.32 26.31 128.32 119.22 42.49 24.08 39.0 28.0 105.22 58.69 20.25 138.45 37.59 149.25 86.83 33.11 37.64 81.58 6.32 17.49 142.58 80.28 35.74 141.23 118.46 41.68 89.49 13.42 114.42 16.12 115.74 16.76 23.77 41.59 80.06 26.17 22.2 131.73 61.1 18.44 78.16 116.73 132.83 28.65 57.01 34.23 22.36 
137.46 140.16 37.11 107.49 157.54 155.05 33.96 48.08 67.36 95.57 11.66 84.29 10.05 112.11 50.16 91.09 79.1 103.25 93.13 75.5 99.85 101.98 91.76 107.0 16.64 96.25 80.41 51.09 37.64 67.27 89.02 149.66 131.97 34.48 35.85 39.05 14.42 15.62 0.0 139.43 32.39 134.35 4.47 113.44 15.23 136.07 125.72 27.51 28.28 34.66 18.87 114.07 68.07 5.1 147.22 22.47 157.15 96.0 18.44 46.01 90.09 13.42 3.16 150.75 88.28 22.02 151.05 126.57 46.87 96.34 22.8 123.15 27.86 124.26 15.52 19.42 38.29 85.16 39.0 8.06 138.92 67.74 17.89 85.59 126.0 141.35 27.29 67.9 46.82 11.66 
9.49 7.0 104.92 36.06 20.25 16.55 106.04 93.05 75.66 47.3 130.12 57.87 140.0 31.38 90.26 50.29 61.85 45.8 48.7 65.12 40.05 40.02 53.16 34.18 132.38 43.19 60.13 89.11 105.32 72.17 50.8 10.44 9.43 109.17 108.23 100.4 133.0 131.03 139.43 0.0 107.17 10.0 135.62 27.89 133.03 7.21 21.93 148.76 111.22 114.74 129.1 25.96 72.37 140.13 8.54 147.34 18.79 44.38 143.17 93.77 49.5 128.13 138.23 11.7 51.16 140.43 19.21 13.04 93.02 44.28 118.23 16.76 114.93 15.3 124.2 123.0 110.89 58.25 106.23 147.34 12.17 72.01 149.46 54.01 16.4 2.24 115.02 75.29 98.76 133.0 
105.08 107.79 14.56 75.19 125.16 122.69 3.16 16.64 35.78 63.32 24.6 53.37 33.38 80.62 20.12 59.68 47.85 73.08 61.81 43.17 67.48 69.63 59.81 75.24 29.83 64.03 48.05 20.62 16.49 35.01 57.08 117.35 99.61 12.17 13.04 7.62 29.41 27.8 32.39 107.17 0.0 101.97 28.86 81.05 27.51 103.7 93.39 46.07 4.12 20.25 24.6 82.01 36.88 33.0 115.04 43.08 124.79 64.2 38.28 15.23 58.01 22.83 31.06 118.42 56.04 37.12 119.34 94.26 14.56 63.95 14.87 91.01 16.16 92.05 17.03 17.09 20.22 53.14 20.4 40.2 106.53 35.36 45.18 53.24 94.09 109.11 11.31 38.48 24.19 26.48 
3.16 6.08 100.96 28.28 23.19 21.02 100.6 87.14 69.03 40.11 125.51 55.47 134.3 31.89 86.13 47.89 58.69 46.75 46.65 59.14 34.53 33.02 45.54 32.8 128.32 38.9 54.15 84.9 101.53 67.27 47.17 16.76 3.61 103.02 102.0 95.52 128.79 126.85 134.35 10.0 101.97 0.0 130.7 21.02 127.1 2.83 12.21 142.17 106.07 108.12 123.04 24.21 68.62 134.73 17.8 141.01 23.0 41.59 137.0 89.27 45.54 123.56 132.97 17.46 46.57 134.03 29.21 9.9 87.57 38.12 113.78 16.4 110.86 14.21 118.95 117.27 104.17 51.16 102.79 142.14 5.66 66.61 145.28 48.84 19.31 12.04 109.17 72.5 95.63 127.32 
133.82 136.47 32.76 104.05 153.88 151.33 30.68 44.94 64.26 92.18 7.21 80.16 13.0 108.04 46.04 87.02 75.03 98.99 89.05 72.03 96.18 98.49 88.54 103.0 13.0 92.44 76.9 47.01 33.24 63.51 85.09 145.88 128.27 32.2 33.6 35.23 10.77 11.66 4.47 135.62 28.86 130.7 0.0 109.84 16.12 132.37 122.25 30.87 24.74 33.42 18.97 110.16 64.01 8.6 143.35 25.94 153.44 92.02 21.54 42.01 86.21 8.94 5.83 146.99 84.48 24.52 147.01 122.8 43.42 92.76 18.44 119.27 23.41 120.42 12.53 17.69 36.8 81.91 34.54 12.37 135.33 64.13 18.44 81.88 122.04 137.52 25.0 63.64 42.38 12.17 
24.08 27.0 80.65 8.6 44.18 42.0 79.63 66.12 48.09 19.42 104.79 37.54 113.28 23.0 65.79 30.41 39.66 35.44 29.83 38.12 13.93 12.17 25.3 19.65 107.86 19.42 33.14 64.51 81.34 46.57 28.02 37.22 19.1 82.01 81.0 74.73 108.24 106.32 113.44 27.89 81.05 21.02 109.84 0.0 106.08 23.02 13.6 121.26 85.16 87.21 102.02 14.14 48.75 113.75 36.4 120.04 44.01 24.08 116.0 68.68 26.08 102.84 112.01 38.12 26.4 113.07 44.78 15.23 66.61 17.12 93.15 16.28 90.44 15.62 98.01 96.25 83.29 30.41 82.86 121.2 25.5 45.71 124.72 28.16 22.02 30.08 88.14 53.54 76.03 106.3 
130.14 133.06 37.8 99.41 150.21 148.05 27.66 40.0 58.42 87.37 20.4 80.78 8.06 107.69 47.54 86.88 75.19 100.58 89.05 68.01 93.01 94.19 82.87 102.11 28.16 90.27 73.01 48.1 39.05 61.52 83.86 143.0 125.02 24.19 25.32 35.11 26.08 26.31 15.23 133.03 27.51 127.1 16.12 106.08 0.0 129.03 117.61 19.21 24.17 21.47 4.47 108.46 64.29 11.4 141.13 15.65 150.08 91.08 10.77 42.72 84.59 20.88 12.08 144.0 82.3 10.63 146.11 120.02 40.31 89.02 25.61 117.27 31.24 118.15 13.45 10.44 25.5 76.53 41.73 19.1 131.31 61.13 33.11 79.1 120.7 135.06 18.03 65.92 48.41 4.0 
3.16 4.12 102.36 30.59 21.59 19.03 102.4 89.05 71.11 42.3 127.1 56.36 136.18 31.83 87.56 48.75 59.81 46.67 47.41 61.03 36.22 35.13 47.85 33.29 129.76 40.26 56.04 86.35 102.88 68.88 48.38 14.32 4.12 105.0 104.0 97.16 130.27 128.32 136.07 7.21 103.7 2.83 132.37 23.02 129.03 0.0 15.0 144.28 107.79 110.22 125.0 24.7 69.92 136.53 15.0 143.06 21.1 42.54 139.0 90.8 46.84 125.13 134.73 15.13 48.05 136.09 26.4 10.3 89.36 40.01 115.32 16.28 112.29 14.21 120.7 119.15 106.3 53.34 104.04 143.89 6.32 68.36 146.76 50.49 18.36 9.22 111.07 73.54 96.8 129.19 
14.32 17.89 93.78 18.25 33.24 32.02 91.78 77.93 59.21 30.27 117.44 51.09 125.03 32.89 78.92 43.86 53.25 46.96 43.14 50.22 27.29 23.77 35.0 31.38 120.81 33.02 45.35 77.62 94.54 59.46 41.62 28.64 12.81 93.43 92.35 87.36 121.12 119.22 125.72 21.93 93.39 12.21 122.25 13.6 117.61 15.0 0.0 132.0 97.51 98.02 113.44 23.77 62.18 125.77 30.0 131.1 33.73 37.48 127.25 81.6 39.66 115.52 124.15 29.15 39.82 124.06 41.04 14.32 78.85 29.73 105.95 20.0 103.46 18.03 110.22 108.05 94.01 41.11 96.18 133.36 14.32 58.24 137.57 41.23 25.18 24.08 99.85 67.12 89.47 118.09 
145.12 148.22 57.01 114.04 165.05 163.2 45.69 56.29 73.17 102.08 37.22 98.68 17.89 124.91 66.19 104.4 92.97 118.68 106.61 83.73 108.78 109.17 97.0 119.1 43.86 106.71 88.68 66.64 58.26 78.59 100.9 158.46 140.36 40.02 40.79 53.67 41.63 42.49 27.51 148.76 46.07 142.17 30.87 121.26 19.21 144.28 132.0 0.0 43.05 34.06 21.47 124.95 82.28 22.47 157.04 5.1 165.15 108.17 9.43 61.27 101.41 38.28 25.08 159.38 98.84 8.94 162.79 135.72 57.57 104.48 44.55 133.51 50.21 134.21 32.56 29.15 38.01 91.05 60.88 25.02 146.03 77.67 42.01 95.35 137.3 150.85 35.47 84.53 67.62 21.93 
109.18 111.88 15.26 79.31 129.26 126.78 6.4 20.59 39.81 67.45 20.59 57.07 29.61 84.48 23.41 63.51 51.62 76.66 65.62 47.3 71.57 73.76 63.91 79.16 26.17 68.07 52.17 24.04 17.0 39.05 61.03 121.41 103.7 13.15 14.32 11.18 25.61 24.08 28.28 111.22 4.12 106.07 24.74 85.16 24.17 107.79 97.51 43.05 0.0 20.22 21.63 86.0 40.61 29.02 119.07 39.81 128.88 68.12 34.93 18.68 62.0 18.87 27.02 122.49 60.07 34.13 123.26 98.33 18.68 68.07 11.66 95.02 14.14 96.08 13.0 13.89 21.02 57.25 20.62 36.12 110.64 39.46 41.18 57.31 98.05 113.16 9.85 41.79 25.61 22.8 
111.07 114.16 34.79 80.01 131.02 129.14 17.89 23.26 39.12 68.03 33.54 66.65 29.53 91.71 37.54 71.69 60.83 86.77 73.93 49.82 74.81 75.11 63.03 85.73 41.23 73.01 54.74 37.48 36.69 45.69 67.68 124.4 106.3 8.6 8.49 26.08 39.81 39.0 34.66 114.74 20.25 108.12 33.42 87.21 21.47 110.22 98.02 34.06 20.22 0.0 17.0 91.22 50.77 32.2 123.04 33.14 131.1 74.95 29.61 32.65 68.01 32.7 31.89 125.32 65.25 26.08 129.07 101.71 25.81 70.46 30.15 99.64 34.01 100.28 22.36 15.81 4.12 57.01 40.52 40.22 112.0 44.27 51.86 61.61 103.59 116.84 11.05 54.67 44.28 23.6 
126.06 129.02 36.07 95.26 146.12 144.01 24.35 36.06 54.23 83.22 22.0 77.49 12.53 104.14 44.72 83.43 71.84 97.41 85.62 64.01 89.05 90.09 78.64 98.48 30.02 86.47 69.01 45.19 37.48 57.87 80.23 139.01 121.0 20.02 21.1 32.2 28.07 28.0 18.87 129.1 24.6 123.04 18.97 102.02 4.47 125.0 113.44 21.47 21.63 17.0 0.0 104.69 61.03 15.56 137.23 18.68 146.03 87.48 14.14 39.81 80.89 22.09 15.81 140.0 78.52 12.53 142.41 116.07 36.67 85.0 25.06 113.44 30.53 114.28 13.0 7.81 21.02 72.34 40.46 23.43 127.19 57.31 36.72 75.24 116.97 131.14 14.32 63.07 46.69 7.21 
27.2 28.65 79.08 21.02 45.69 42.38 81.1 68.73 52.81 27.66 104.48 31.95 115.16 9.22 64.5 24.35 35.9 23.32 22.85 41.48 17.49 21.26 34.06 8.6 106.53 18.25 36.69 63.39 79.43 47.04 25.08 36.4 20.81 85.0 84.17 75.03 107.2 105.22 114.07 25.96 82.01 24.21 110.16 14.14 108.46 24.7 23.77 124.95 86.0 91.22 104.69 0.0 46.53 115.0 33.24 123.18 44.6 18.44 118.83 68.18 24.0 102.49 113.0 37.64 26.17 116.4 37.85 14.42 68.18 22.47 92.54 9.22 89.11 10.77 99.0 98.25 87.56 37.22 80.28 122.04 29.83 47.38 123.63 29.61 12.37 27.66 90.45 49.34 72.8 108.17 
71.78 74.04 32.56 45.22 91.48 88.53 36.69 27.8 24.33 35.36 58.08 16.49 70.21 44.05 18.03 23.02 11.05 36.4 25.08 18.97 34.89 39.41 35.23 39.05 60.02 29.73 21.1 17.0 32.98 9.06 21.59 82.76 65.8 42.94 42.54 29.43 60.67 58.69 68.07 72.37 36.88 68.62 64.01 48.75 64.29 69.92 62.18 82.28 40.61 50.77 61.03 46.53 0.0 69.46 79.76 79.7 90.71 28.16 75.0 22.09 23.09 56.08 67.27 83.95 22.36 73.39 83.01 59.91 25.06 33.02 46.1 55.73 42.58 57.07 53.46 53.85 48.01 29.53 34.18 76.11 73.74 13.04 77.1 21.4 58.14 74.15 46.82 8.06 27.29 63.35 
137.82 140.6 39.56 107.52 157.92 155.54 34.13 47.85 66.94 95.52 15.56 85.84 5.0 113.44 51.79 92.44 80.5 105.12 94.53 75.66 100.32 102.11 91.44 108.17 21.47 97.02 80.62 52.61 40.31 68.01 90.05 150.27 132.46 33.24 34.54 40.11 19.24 20.25 5.1 140.13 33.0 134.73 8.6 113.75 11.4 136.53 125.77 22.47 29.02 32.2 15.56 115.0 69.46 0.0 148.03 17.46 157.62 97.13 13.34 47.38 91.01 17.03 2.83 151.33 89.02 17.0 152.27 127.19 47.17 96.63 25.5 124.0 30.89 125.04 16.03 18.03 36.06 84.93 42.06 8.06 139.17 68.18 22.14 86.15 127.06 142.09 26.25 69.86 49.66 8.6 
16.28 12.81 112.29 44.6 16.64 12.21 114.0 101.18 84.01 55.79 137.71 64.76 148.01 37.34 97.74 57.27 69.05 51.0 55.54 73.33 48.26 48.51 61.68 41.0 139.74 51.01 68.36 96.63 112.61 80.02 58.31 6.32 17.89 117.35 116.43 108.17 140.43 138.45 147.22 8.54 115.04 17.8 143.35 36.4 141.13 15.0 30.0 157.04 119.07 123.04 137.23 33.24 79.76 148.03 0.0 155.54 14.21 51.62 151.33 101.4 57.14 135.72 146.09 7.62 59.01 148.66 12.65 21.38 101.0 52.61 125.78 24.08 122.33 23.0 132.06 131.03 119.22 66.71 113.36 155.16 18.03 80.02 156.85 62.03 22.14 6.32 123.1 82.23 105.76 141.01 
144.0 147.03 53.25 113.02 164.0 162.03 43.01 54.45 72.0 101.0 32.45 96.17 13.04 122.78 63.16 102.11 90.52 116.06 104.29 82.22 107.3 108.0 96.13 117.09 38.91 104.94 87.21 63.69 54.41 76.49 98.84 157.16 139.09 38.21 39.12 50.7 36.67 37.59 22.47 147.34 43.08 141.01 25.94 120.04 15.65 143.06 131.1 5.1 39.81 33.14 18.68 123.18 79.7 17.46 155.54 0.0 164.01 106.1 5.0 58.31 99.46 33.6 20.12 158.11 97.02 7.07 160.95 134.3 55.32 103.12 40.36 131.86 46.01 132.64 28.6 26.0 37.22 90.02 56.85 20.0 145.01 75.8 37.0 93.65 135.48 149.41 32.98 81.54 63.82 17.8 
20.02 17.03 123.22 51.16 3.0 2.24 123.49 110.11 92.02 63.07 148.12 76.55 157.26 50.12 108.47 68.95 80.36 64.35 67.42 82.1 57.31 56.01 68.36 52.92 150.66 61.19 77.1 107.28 123.69 89.94 69.12 8.6 25.18 126.02 125.0 118.23 151.21 149.25 157.15 18.79 124.79 23.0 153.44 44.01 150.08 21.1 33.73 165.15 128.88 131.1 146.03 44.6 90.71 157.62 14.21 164.01 0.0 62.94 160.0 111.8 67.68 146.15 155.82 7.21 69.05 157.03 23.54 30.81 110.45 61.07 136.31 35.47 133.2 33.84 141.8 140.23 127.14 74.11 124.72 164.98 19.42 89.45 167.69 71.57 34.99 17.49 132.14 93.92 117.34 150.27 
44.72 46.62 60.67 24.7 63.91 60.73 63.51 51.92 38.28 22.2 86.21 13.89 97.51 16.76 46.17 6.4 17.46 17.09 5.83 26.63 13.34 20.4 27.2 11.05 88.12 7.0 22.67 45.1 61.0 29.61 7.28 54.82 38.48 68.15 67.45 57.04 88.81 86.83 96.0 44.38 64.2 41.59 92.02 24.08 91.08 42.54 37.48 108.17 68.12 74.95 87.48 18.44 28.16 97.13 51.62 106.1 62.94 0.0 101.61 50.01 7.21 84.21 95.05 56.04 10.63 99.46 55.15 32.31 50.8 16.03 74.24 27.66 70.71 29.12 81.1 80.75 71.51 26.93 61.85 104.0 47.01 30.68 105.22 14.87 30.02 46.1 73.16 31.02 54.41 90.55 
140.01 143.0 48.26 109.11 160.05 158.0 38.33 50.16 68.07 97.08 27.78 91.48 8.54 118.26 58.31 97.51 85.87 111.32 99.69 78.06 103.12 104.02 92.35 112.61 34.54 100.6 83.05 58.87 49.41 72.01 94.37 153.05 135.01 34.01 35.0 45.88 32.31 33.11 18.44 143.17 38.28 137.0 21.54 116.0 10.77 139.0 127.25 9.43 34.93 29.61 14.14 118.83 75.0 13.34 151.33 5.0 160.0 101.61 0.0 53.49 95.04 28.84 15.81 154.03 92.66 5.0 156.55 130.14 50.8 99.02 35.38 127.57 41.04 128.39 23.6 21.19 33.73 86.15 51.86 17.46 141.09 71.45 34.23 89.36 131.11 145.22 28.44 76.69 58.82 12.81 
92.42 94.92 12.81 63.69 112.38 109.66 15.81 15.0 28.43 52.33 36.35 38.47 48.27 66.12 5.0 45.1 33.14 57.97 47.17 32.25 54.82 57.94 49.93 61.0 39.22 50.64 36.67 5.39 14.14 22.14 43.1 104.09 86.68 24.08 24.21 7.62 39.56 37.64 46.01 93.77 15.23 89.27 42.01 68.68 42.72 90.8 81.6 61.27 18.68 32.65 39.81 68.18 22.09 47.38 101.4 58.31 111.8 50.01 53.49 0.0 44.28 34.37 45.18 105.22 42.76 52.33 105.04 81.05 10.0 51.87 24.52 77.32 21.93 78.52 31.4 32.31 31.06 43.27 17.2 54.04 94.11 23.71 56.04 40.52 80.02 95.63 26.08 23.26 15.13 41.48 
48.7 50.96 55.54 24.21 68.41 65.51 57.14 45.12 31.06 18.25 80.62 12.53 91.2 23.77 40.79 8.06 13.6 23.32 9.49 19.42 12.73 18.87 22.09 17.72 82.98 6.71 15.56 39.62 56.04 23.09 2.24 59.84 42.72 61.39 60.64 51.04 83.55 81.58 90.09 49.5 58.01 45.54 86.21 26.08 84.59 46.84 39.66 101.41 62.0 68.01 80.89 24.0 23.09 91.01 57.14 99.46 67.68 7.21 95.04 44.28 0.0 78.64 89.01 61.0 3.61 92.76 61.52 36.88 44.28 13.0 68.73 33.06 65.51 34.23 75.0 74.33 64.51 20.62 57.25 98.05 50.7 23.77 100.02 7.81 36.12 51.35 66.61 27.46 50.16 84.21 
126.7 129.25 24.19 97.42 146.7 144.01 25.24 39.45 58.59 85.7 2.0 72.01 20.62 100.0 38.05 79.03 67.03 90.55 81.01 65.46 89.05 91.76 82.46 95.13 8.54 85.0 70.21 39.12 24.52 56.29 77.41 138.45 121.02 29.21 30.61 28.16 7.21 6.32 13.42 128.13 22.83 123.56 8.94 102.84 20.88 125.13 115.52 38.28 18.87 32.7 22.09 102.49 56.08 17.03 135.72 33.6 146.15 84.21 28.84 34.37 78.64 0.0 14.21 139.59 77.1 30.87 139.01 115.41 37.16 85.87 10.0 111.65 14.56 112.87 10.44 17.46 35.36 75.77 25.63 21.19 128.32 57.28 22.36 74.73 114.21 129.99 22.47 55.23 33.53 17.09 
136.07 138.81 37.0 105.91 156.16 153.73 32.39 46.32 65.52 93.94 12.73 83.6 7.28 111.29 49.5 90.27 78.31 102.77 92.35 73.98 98.51 100.45 89.99 106.08 18.79 95.08 78.92 50.36 37.7 66.07 88.01 148.41 130.65 32.2 33.54 38.01 16.55 17.49 3.16 138.23 31.06 132.97 5.83 112.01 12.08 134.73 124.15 25.08 27.02 31.89 15.81 113.0 67.27 2.83 146.09 20.12 155.82 95.05 15.81 45.18 89.01 14.21 0.0 149.48 87.09 19.1 150.16 125.32 45.4 94.89 22.85 122.04 28.18 123.1 14.04 17.0 35.61 83.43 39.36 9.22 137.46 66.37 21.02 84.29 125.02 140.17 25.08 67.47 47.01 8.6 
14.87 11.4 116.5 45.71 9.22 5.0 117.21 104.0 86.21 57.43 141.57 69.57 151.08 42.94 101.79 61.98 73.5 57.14 60.41 76.0 51.04 50.25 62.97 45.88 143.95 54.59 71.0 100.62 116.93 83.49 62.37 1.41 19.03 120.02 119.04 111.76 144.54 142.58 150.75 11.7 118.42 17.46 146.99 38.12 144.0 15.13 29.15 159.38 122.49 125.32 140.0 37.64 83.95 151.33 7.62 158.11 7.21 56.04 154.03 105.22 61.0 139.59 149.48 0.0 62.51 151.16 19.03 24.19 104.17 55.01 129.71 28.46 126.5 26.93 135.45 134.06 121.41 68.47 117.88 158.62 15.26 83.15 161.01 65.19 27.78 10.3 126.02 86.98 110.44 144.09 
49.73 52.17 54.41 23.35 69.63 66.91 55.01 42.58 27.78 15.81 79.08 14.56 89.05 26.83 39.56 11.4 14.21 26.93 13.0 16.12 12.53 17.69 19.0 20.62 81.74 8.0 12.04 38.33 55.03 21.02 5.1 61.4 43.93 58.86 58.05 49.25 82.23 80.28 88.28 51.16 56.04 46.57 84.48 26.4 82.3 48.05 39.82 98.84 60.07 65.25 78.52 26.17 22.36 89.02 59.01 97.02 69.05 10.63 92.66 42.76 3.61 77.1 87.09 62.51 0.0 90.26 63.95 38.33 42.05 11.4 67.27 35.01 64.29 36.01 73.06 72.11 61.68 17.09 56.46 96.19 51.55 21.21 98.72 4.24 38.47 53.08 64.28 27.66 49.65 82.05 
137.01 140.06 48.27 106.0 157.0 155.05 36.77 47.68 65.01 94.0 30.08 89.81 12.0 116.18 57.25 95.6 84.12 109.79 97.8 75.33 100.4 101.02 89.09 110.42 37.36 98.15 80.31 57.7 49.58 69.86 92.2 150.21 132.14 31.4 32.25 44.72 35.17 35.74 22.02 140.43 37.12 134.03 24.52 113.07 10.63 136.09 124.06 8.94 34.13 26.08 12.53 116.4 73.39 17.0 148.66 7.07 157.03 99.46 5.0 52.33 92.76 30.87 19.1 151.16 90.26 0.0 154.21 127.39 48.76 96.19 36.24 125.03 41.87 125.78 24.08 20.25 30.15 83.01 52.33 22.14 138.0 69.05 38.64 86.83 128.72 142.51 26.57 75.58 58.9 13.89 
28.3 25.06 115.11 53.34 26.48 22.2 118.61 106.53 90.52 63.56 141.01 67.07 152.64 39.01 101.0 60.0 72.0 50.45 58.01 79.31 54.71 56.36 69.78 44.1 142.35 56.09 74.46 100.0 115.21 84.59 62.29 18.11 28.28 122.81 122.0 112.16 143.22 141.23 151.05 19.21 119.34 29.21 147.01 44.78 146.11 26.4 41.04 162.79 123.26 129.07 142.41 37.85 83.01 152.27 12.65 160.95 23.54 55.15 156.55 105.04 61.52 139.01 150.16 19.03 63.95 154.21 0.0 29.68 105.8 59.46 129.02 29.73 125.14 29.55 136.24 135.83 125.4 74.09 115.52 159.08 30.41 85.16 159.45 67.47 25.5 17.2 128.13 84.29 107.67 145.67 
12.81 14.32 92.42 23.71 31.62 28.64 93.09 80.02 62.65 34.48 117.39 46.1 127.02 22.02 77.67 38.48 49.65 36.88 37.12 52.09 27.02 27.2 40.5 23.02 119.85 30.41 47.1 76.49 92.89 59.3 38.33 23.09 6.4 96.13 95.19 87.57 120.42 118.46 126.57 13.04 94.26 9.9 122.8 15.23 120.02 10.3 14.32 135.72 98.33 101.71 116.07 14.42 59.91 127.19 21.38 134.3 30.81 32.31 130.14 81.05 36.88 115.41 125.32 24.19 38.33 127.39 29.68 0.0 80.06 31.26 105.55 6.71 102.39 4.47 111.29 110.0 97.87 45.35 93.96 134.45 15.56 59.03 136.89 41.05 11.0 15.13 102.0 63.32 86.65 120.02 
90.67 93.43 20.59 60.64 110.77 108.37 13.04 5.0 21.63 48.76 39.0 41.23 47.01 67.47 13.6 46.84 35.47 61.33 49.04 28.64 53.15 55.11 45.31 61.81 43.57 50.04 33.54 13.0 22.36 21.21 43.57 103.12 85.29 17.89 17.49 9.9 43.42 41.68 46.87 93.02 14.56 87.57 43.42 66.61 40.31 89.36 78.85 57.57 18.68 25.81 36.67 68.18 25.06 47.17 101.0 55.32 110.45 50.8 50.8 10.0 44.28 37.16 45.4 104.17 42.05 48.76 105.8 80.06 0.0 49.5 28.3 77.06 27.59 78.01 31.4 30.07 23.35 38.63 26.0 54.59 92.07 21.02 59.51 39.01 80.4 95.01 22.36 29.0 25.08 40.01 
41.19 44.05 64.08 12.21 61.29 59.03 62.51 49.04 31.4 6.32 87.8 25.5 96.19 27.02 49.24 20.4 25.61 32.76 21.1 21.02 5.0 6.4 12.21 20.81 91.08 9.06 16.03 47.93 64.88 29.73 15.23 54.04 36.0 65.01 64.03 57.72 91.39 89.49 96.34 44.28 63.95 38.12 92.76 17.12 89.02 40.01 29.73 104.48 68.07 70.46 85.0 22.47 33.02 96.63 52.61 103.12 61.07 16.03 99.02 51.87 13.0 85.87 94.89 55.01 11.4 96.19 59.46 31.26 49.5 0.0 76.24 29.73 73.74 30.08 80.89 79.16 66.61 14.76 66.65 104.09 42.58 28.64 107.86 11.66 34.44 46.39 71.06 38.9 60.21 89.2 
116.93 119.44 14.32 87.92 136.89 134.16 17.8 31.24 49.93 76.32 12.0 62.01 28.02 90.01 28.07 69.03 57.04 80.62 71.01 56.08 79.31 82.22 73.35 85.15 15.26 75.13 60.75 29.15 14.87 46.57 67.48 128.57 111.2 24.35 25.63 18.79 15.23 13.42 22.8 118.23 14.87 113.78 18.44 93.15 25.61 115.32 105.95 44.55 11.66 30.15 25.06 92.54 46.1 25.5 125.78 40.36 136.31 74.24 35.38 24.52 68.73 10.0 22.85 129.71 67.27 36.24 129.02 105.55 28.3 76.24 0.0 101.71 5.66 102.96 12.21 18.03 31.78 66.64 16.64 30.81 118.6 47.76 31.62 65.0 104.24 120.07 19.1 45.28 24.17 22.63 
19.1 20.0 88.28 24.76 36.67 33.24 90.02 77.41 60.88 34.0 113.64 41.11 124.06 15.56 73.68 33.53 45.12 30.41 31.95 49.82 25.0 26.93 40.31 17.46 115.74 27.02 44.91 72.56 88.65 56.0 34.23 27.2 12.81 93.65 92.78 84.1 116.4 114.42 123.15 16.76 91.01 16.4 119.27 16.28 117.27 16.28 20.0 133.51 95.02 99.64 113.44 9.22 55.73 124.0 24.08 131.86 35.47 27.66 127.57 77.32 33.06 111.65 122.04 28.46 35.01 125.03 29.73 6.71 77.06 29.73 101.71 0.0 98.31 2.24 108.02 107.12 95.9 44.38 89.5 131.1 22.02 56.14 132.83 38.21 5.83 18.44 99.25 58.52 82.01 117.07 
114.02 116.42 10.05 85.62 133.88 131.03 19.31 31.24 49.04 74.25 16.49 58.08 33.6 86.15 24.74 65.28 53.34 76.24 67.19 54.12 76.54 79.85 71.69 81.5 17.46 72.03 58.6 25.96 10.05 44.01 64.13 125.32 108.17 27.29 28.44 17.69 18.11 16.12 27.86 114.93 16.16 110.86 23.41 90.44 31.24 112.29 103.46 50.21 14.14 34.01 30.53 89.11 42.58 30.89 122.33 46.01 133.2 70.71 41.04 21.93 65.51 14.56 28.18 126.5 64.29 41.87 125.14 102.39 27.59 73.74 5.66 98.31 0.0 99.64 17.8 23.26 35.13 65.0 11.18 35.74 115.8 45.62 34.53 62.3 100.6 116.73 23.09 41.01 18.97 28.28 
