10
0.0 12.17 8.49 2.0 8.25 14.32 2.24 5.83 4.0 8.0 
12.17 0.0 7.21 12.65 15.23 15.0 13.6 8.6 16.12 4.47 
8.49 7.21 0.0 10.0 8.25 8.54 10.63 9.06 11.66 6.32 
2.0 12.65 10.0 0.0 10.2 16.28 1.0 5.1 4.47 8.25 
8.25 15.23 8.25 10.2 0.0 7.81 10.05 13.04 8.25 12.81 
14.32 15.0 8.54 16.28 7.81 0.0 16.49 17.12 15.65 14.87 
2.24 13.6 10.63 1.0 10.05 16.49 0.0 6.08 3.61 9.22 
5.83 8.6 9.06 5.1 13.04 17.12 6.08 0.0 9.49 4.24 
4.0 16.12 11.66 4.47 8.25 15.65 3.61 9.49 0.0 12.0 
8.0 4.47 6.32 8.25 12.81 14.87 9.22 4.24 12.0 0.0 
