55
0.0 17.0 62.59 54.57 15.0 10.0 43.29 34.53 24.17 9.22 16.0 48.17 43.19 36.35 30.81 22.36 24.04 19.42 17.89 23.02 2.24 61.0 11.7 39.0 2.24 53.04 15.13 21.38 22.2 27.8 35.51 15.65 51.26 18.6 13.04 59.23 18.36 24.76 50.16 57.71 27.2 51.0 61.07 18.25 5.39 11.18 47.54 18.11 33.84 28.6 16.76 1.0 28.65 18.03 11.31 
17.0 0.0 46.39 38.33 3.16 9.43 30.87 19.1 37.05 24.74 8.06 35.11 28.28 21.21 14.14 38.9 17.0 34.23 16.03 10.63 14.76 46.69 5.66 25.3 15.81 38.47 6.0 7.21 10.2 38.08 24.41 15.03 34.48 3.0 26.02 43.19 10.0 10.2 35.23 45.31 19.42 36.88 46.27 11.4 22.36 10.77 31.26 19.72 17.26 12.04 12.81 16.55 40.45 25.96 23.0 
62.59 46.39 0.0 8.06 49.25 52.89 26.17 28.16 83.1 71.02 47.13 22.2 20.59 26.57 36.22 84.93 43.42 80.62 50.09 40.16 60.42 14.0 50.99 26.08 60.88 14.42 47.54 41.23 48.17 83.05 32.8 51.48 13.6 46.1 72.34 3.61 52.04 44.18 14.87 23.35 41.34 17.2 11.0 46.24 67.91 52.5 15.13 63.13 29.15 38.12 56.04 62.37 86.0 71.01 69.26 
54.57 38.33 8.06 0.0 41.19 44.92 20.59 20.25 75.06 62.97 39.22 17.72 13.45 18.79 28.44 76.9 36.06 72.56 42.54 32.31 52.39 15.26 42.95 19.1 52.89 11.0 39.56 33.24 40.31 75.11 26.17 43.83 7.07 38.05 64.28 5.1 44.1 36.35 9.49 22.36 34.21 13.15 12.81 38.48 59.91 44.6 7.07 55.23 21.1 30.27 48.09 54.34 78.01 63.03 61.2 
15.0 3.16 49.25 41.19 0.0 9.22 34.01 22.2 34.01 22.14 9.85 38.28 31.4 24.33 15.81 36.4 19.42 31.4 17.46 13.6 12.81 49.82 5.1 28.46 14.14 41.59 7.62 10.3 9.06 34.93 27.46 16.12 37.11 3.61 23.09 46.1 7.62 10.3 38.33 48.47 22.02 40.02 49.37 13.42 20.25 11.05 34.13 16.64 20.1 13.6 9.9 14.42 37.34 22.8 20.02 
10.0 9.43 52.89 44.92 9.22 0.0 33.38 24.74 33.53 19.1 6.0 38.21 33.24 26.48 23.43 32.25 14.76 29.27 10.0 13.04 8.06 51.0 4.12 29.0 8.06 43.05 5.39 11.7 18.25 36.24 25.71 8.06 42.05 12.08 22.14 49.48 16.03 19.31 40.2 47.85 17.89 41.0 51.09 8.54 15.13 2.24 37.95 21.63 24.6 21.4 16.76 10.05 37.7 25.0 19.7 
43.29 30.87 26.17 20.59 34.01 33.38 0.0 14.21 66.71 52.47 27.46 5.1 9.0 12.21 29.21 65.01 20.1 62.65 27.17 20.88 41.44 18.68 33.24 6.4 41.19 12.21 28.86 23.77 37.8 68.62 8.06 29.07 23.54 32.25 55.32 22.67 39.96 34.71 11.4 14.56 17.26 9.43 19.7 25.08 48.09 32.14 17.26 50.54 19.42 29.73 43.42 43.42 70.6 56.65 52.63 
34.53 19.1 28.16 20.25 22.2 24.74 14.21 0.0 56.14 43.19 18.97 17.2 9.22 2.24 15.0 56.89 17.03 53.04 22.8 12.08 32.39 27.66 23.09 7.81 32.76 19.42 19.42 13.15 24.19 57.07 12.04 23.85 18.44 19.65 45.01 24.74 26.93 20.81 16.12 27.46 16.12 18.03 27.17 18.36 39.81 24.35 13.42 37.95 5.39 15.56 30.68 34.37 59.54 44.91 42.05 
24.17 37.05 83.1 75.06 34.01 33.53 66.71 56.14 0.0 15.26 39.29 71.39 65.28 58.22 47.68 14.0 48.1 6.71 42.05 45.89 25.63 83.6 33.54 61.81 26.4 75.43 37.85 43.42 35.9 7.0 59.2 39.81 70.46 37.01 11.4 80.02 31.58 39.81 72.25 81.25 51.26 73.68 83.29 42.06 20.81 35.11 68.03 21.54 54.01 45.54 27.66 23.77 5.0 13.0 14.14 
9.22 24.74 71.02 62.97 22.14 19.1 52.47 43.19 15.26 0.0 25.08 57.31 52.04 45.1 37.58 14.32 33.24 10.2 26.93 32.02 11.05 70.03 20.1 48.04 11.4 62.0 24.0 30.07 27.2 19.85 44.72 24.7 59.2 25.63 5.39 67.74 22.8 30.53 59.03 66.91 36.4 60.03 70.01 27.46 5.66 20.4 55.9 17.46 41.98 35.34 19.8 9.06 20.0 13.04 6.08 
16.0 8.06 47.13 39.22 9.85 6.0 27.46 18.97 39.29 25.08 0.0 32.25 27.29 20.62 20.12 38.21 9.9 35.23 8.0 7.07 14.04 45.0 6.4 23.0 14.04 37.05 2.24 6.4 18.25 41.63 19.92 7.28 36.72 11.05 27.89 43.68 17.46 18.03 34.23 41.98 12.81 35.0 45.1 3.61 21.1 5.39 32.31 25.46 19.42 18.38 19.42 16.03 43.32 30.02 25.3 
48.17 35.11 22.2 17.72 38.28 38.21 5.1 17.2 71.39 57.31 32.25 0.0 9.43 15.0 31.83 70.0 25.18 67.48 32.25 25.5 46.27 13.6 37.85 9.85 46.1 7.81 33.54 28.16 41.34 73.08 13.15 34.13 22.0 36.25 60.02 18.87 43.83 38.01 8.25 10.3 22.36 5.0 14.76 30.02 53.04 37.05 16.12 54.63 21.93 32.65 47.42 48.26 75.19 61.03 57.27 
43.19 28.28 20.59 13.45 31.4 33.24 9.0 9.22 65.28 52.04 27.29 9.43 0.0 7.07 22.8 65.49 22.83 62.0 29.55 20.22 41.11 18.44 32.0 5.66 41.3 10.2 28.07 22.0 33.11 66.29 12.81 31.02 14.87 28.86 54.08 17.0 36.06 29.53 7.0 19.1 20.81 8.94 18.03 25.96 48.37 32.56 8.54 47.13 13.04 23.85 39.85 43.1 68.73 54.13 51.16 
36.35 21.21 26.57 18.79 24.33 26.48 12.21 2.24 58.22 45.1 20.62 15.0 7.07 0.0 17.03 58.69 17.69 55.01 23.85 13.6 34.23 25.5 25.02 5.83 34.53 17.26 21.21 15.03 26.42 59.23 11.05 25.06 17.69 21.84 47.04 23.09 29.15 23.02 14.04 25.24 16.4 15.81 25.08 19.7 41.59 25.96 12.21 40.16 7.21 17.69 32.89 36.22 61.66 47.07 44.1 
30.81 14.14 36.22 28.44 15.81 23.43 29.21 15.0 47.68 37.58 20.12 31.83 22.8 17.03 0.0 51.89 25.08 46.17 27.51 17.12 28.6 40.25 19.8 22.8 29.83 32.25 18.87 14.56 12.0 47.01 26.0 27.31 23.0 12.21 37.64 33.54 16.12 8.0 28.65 41.87 26.02 31.62 39.0 22.14 36.06 24.41 21.84 27.0 9.9 2.24 20.1 30.23 50.16 35.13 34.48 
22.36 38.9 84.93 76.9 36.4 32.25 65.01 56.89 14.0 14.32 38.21 70.0 65.49 58.69 51.89 0.0 45.1 8.54 38.21 45.28 24.52 83.1 33.96 61.13 24.19 75.24 37.48 43.74 41.34 21.0 57.04 36.12 73.38 39.92 15.56 81.58 36.89 44.78 72.44 79.16 48.17 73.11 83.29 40.01 17.12 33.06 69.86 29.73 56.04 49.66 33.6 22.56 18.25 22.47 18.44 
24.04 17.0 43.42 36.06 19.42 14.76 20.1 17.03 48.1 33.24 9.9 25.18 22.83 17.69 25.08 45.1 0.0 43.42 7.07 8.0 22.47 38.64 16.28 17.46 21.84 31.32 12.04 11.18 26.93 51.0 12.04 9.0 35.36 19.7 36.77 39.82 26.93 25.71 29.15 34.06 3.16 28.86 39.29 6.4 28.44 13.0 29.83 35.36 20.12 24.0 29.21 24.35 52.39 39.66 34.44 
19.42 34.23 80.62 72.56 31.4 29.27 62.65 53.04 6.71 10.2 35.23 67.48 62.0 55.01 46.17 8.54 43.42 0.0 37.0 42.11 21.21 80.1 30.0 58.14 21.59 72.03 34.06 40.0 34.93 13.34 54.92 34.79 68.45 34.71 8.54 77.41 30.46 38.63 69.0 77.1 46.57 70.11 80.01 37.66 15.23 30.59 65.49 22.02 51.48 43.97 26.83 19.24 11.66 14.21 11.7 
17.89 16.03 50.09 42.54 17.46 10.0 27.17 22.8 42.05 26.93 8.0 32.25 29.55 23.85 27.51 38.21 7.07 37.0 0.0 11.4 16.64 45.71 13.0 24.35 15.65 38.33 10.05 13.0 26.17 45.49 19.1 2.24 41.23 19.03 30.89 46.52 25.0 26.02 36.06 41.01 10.0 35.9 46.32 5.39 21.84 7.81 36.06 31.62 24.84 25.96 26.4 18.36 46.53 34.71 28.84 
23.02 10.63 40.16 32.31 13.6 13.04 20.88 12.08 45.89 32.02 7.07 25.5 20.22 13.6 17.12 45.28 8.0 42.11 11.4 0.0 21.0 38.01 12.37 16.03 21.1 30.02 8.06 3.61 19.72 47.76 13.89 12.04 30.23 12.81 34.53 36.69 20.52 18.03 27.17 35.44 9.49 28.02 38.05 6.4 28.16 12.37 25.5 30.23 13.45 16.0 23.43 23.0 49.73 35.85 31.78 
2.24 14.76 60.42 52.39 12.81 8.06 41.44 32.39 25.63 11.05 14.04 46.27 41.11 34.23 28.6 24.52 22.47 21.21 16.64 21.0 0.0 59.01 9.49 37.01 2.0 51.01 13.04 19.24 20.25 28.84 33.73 14.42 49.04 16.4 14.32 57.07 16.55 22.67 48.09 55.9 25.63 49.01 59.03 16.49 7.62 9.49 45.35 17.46 31.62 26.4 15.3 2.0 29.97 18.44 12.21 
61.0 46.69 14.0 15.26 49.82 51.0 18.68 27.66 83.6 70.03 45.0 13.6 18.44 25.5 40.25 83.1 38.64 80.1 45.71 38.01 59.01 0.0 50.16 22.0 59.01 8.25 46.04 40.2 51.26 84.72 26.68 47.52 22.2 47.3 72.34 12.37 54.41 47.54 11.7 9.85 35.9 10.0 3.0 43.1 66.03 50.04 19.21 65.52 31.02 41.63 58.24 61.01 87.13 72.57 69.46 
11.7 5.66 50.99 42.95 5.1 4.12 33.24 23.09 33.54 20.1 6.4 37.85 32.0 25.02 19.8 33.96 16.28 30.0 13.0 12.37 9.49 50.16 0.0 28.28 10.3 42.05 4.47 10.0 14.14 35.47 26.0 11.4 39.56 8.06 22.2 47.68 12.17 15.23 39.0 47.8 19.21 40.2 50.01 9.9 17.09 6.0 35.9 19.1 22.14 17.69 13.42 11.4 37.36 23.71 19.42 
39.0 25.3 26.08 19.1 28.46 29.0 6.4 7.81 61.81 48.04 23.0 9.85 5.66 5.83 22.8 61.13 17.46 58.14 24.35 16.03 37.01 22.0 28.28 0.0 37.01 14.14 24.08 18.44 31.62 63.32 7.21 25.96 20.12 26.4 50.49 22.47 34.0 28.43 11.7 20.12 15.26 12.0 22.2 21.21 44.05 28.07 13.89 44.78 13.04 23.35 37.58 39.01 65.51 51.24 47.68 
2.24 15.81 60.88 52.89 14.14 8.06 41.19 32.76 26.4 11.4 14.04 46.1 41.3 34.53 29.83 24.19 21.84 21.59 15.65 21.1 2.0 59.01 10.3 37.01 0.0 51.09 13.34 19.65 21.95 30.0 33.38 13.42 49.77 17.69 15.26 57.49 18.38 24.21 48.26 55.58 25.0 49.01 59.14 16.12 7.07 9.06 45.88 19.42 32.31 27.66 17.26 2.83 30.89 20.0 13.45 
53.04 38.47 14.42 11.0 41.59 43.05 12.21 19.42 75.43 62.0 37.05 7.81 10.2 17.26 32.25 75.24 31.32 72.03 38.33 30.02 51.01 8.25 42.05 14.14 51.09 0.0 38.0 32.06 43.08 76.49 19.7 40.02 16.76 39.05 64.2 11.18 46.17 39.4 3.61 11.7 28.79 2.83 8.06 35.36 58.14 42.19 12.21 57.28 22.85 33.54 50.0 53.01 78.92 64.33 61.29 
15.13 6.0 47.54 39.56 7.62 5.39 28.86 19.42 37.85 24.0 2.24 33.54 28.07 21.21 18.87 37.48 12.04 34.06 10.05 8.06 13.04 46.04 4.47 24.08 13.34 38.0 0.0 6.32 16.12 39.92 21.54 9.06 36.67 9.0 26.48 44.15 15.23 16.12 35.06 43.42 14.87 36.06 46.01 5.83 20.4 5.66 32.57 23.35 19.24 17.0 17.2 15.03 41.76 28.18 23.77 
21.38 7.21 41.23 33.24 10.3 11.7 23.77 13.15 43.42 30.07 6.4 28.16 22.0 15.03 14.56 43.74 11.18 40.0 13.0 3.61 19.24 40.2 10.0 18.44 19.65 32.06 6.32 0.0 16.12 44.92 17.2 13.04 30.41 9.22 32.14 37.85 16.97 14.56 29.0 38.28 13.0 30.27 40.01 7.62 26.68 11.66 26.25 26.93 13.04 13.15 20.0 21.21 47.07 32.89 29.27 
22.2 10.2 48.17 40.31 9.06 18.25 37.8 24.19 35.9 27.2 18.25 41.34 33.11 26.42 12.0 41.34 26.93 34.93 26.17 19.72 20.25 51.26 14.14 31.62 21.95 43.08 16.12 16.12 0.0 35.01 32.56 25.02 35.0 7.28 26.4 45.4 4.47 4.0 39.56 51.62 29.07 42.05 50.29 21.59 26.91 20.1 33.54 15.0 20.25 10.05 8.25 21.4 38.21 23.19 23.26 
27.8 38.08 83.05 75.11 34.93 36.24 68.62 57.07 7.0 19.85 41.63 73.08 66.29 59.23 47.01 21.0 51.0 13.34 45.49 47.76 28.84 84.72 35.47 63.32 30.0 76.49 39.92 44.92 35.01 0.0 61.47 43.27 70.01 37.48 14.87 80.16 31.02 39.01 73.16 83.17 54.12 74.95 84.17 44.72 25.5 38.08 68.18 20.02 54.33 45.0 27.02 27.2 4.24 12.17 16.64 
35.51 24.41 32.8 26.17 27.46 25.71 8.06 12.04 59.2 44.72 19.92 13.15 12.81 11.05 26.0 57.04 12.04 54.92 19.1 13.89 33.73 26.68 26.0 7.21 33.38 19.7 21.54 17.2 32.56 61.47 0.0 21.02 27.29 26.25 47.8 29.21 34.06 30.0 18.03 22.2 9.22 17.09 27.51 17.26 40.2 24.33 21.1 44.1 17.26 25.94 37.2 35.69 63.25 49.66 45.22 
15.65 15.03 51.48 43.83 16.12 8.06 29.07 23.85 39.81 24.7 7.28 34.13 31.02 25.06 27.31 36.12 9.0 34.79 2.24 12.04 14.42 47.52 11.4 25.96 13.42 40.02 9.06 13.04 25.02 43.27 21.02 0.0 42.2 18.03 28.65 47.93 23.54 25.18 37.64 43.05 12.04 37.66 48.05 5.66 19.65 5.83 37.22 29.68 25.46 25.63 24.7 16.12 44.29 32.56 26.63 
51.26 34.48 13.6 7.07 37.11 42.05 23.54 18.44 70.46 59.2 36.72 22.0 14.87 17.69 23.0 73.38 35.36 68.45 41.23 30.23 49.04 22.2 39.56 20.12 49.77 16.76 36.67 30.41 35.0 70.01 27.29 42.2 0.0 33.73 60.02 11.66 39.05 31.0 14.14 28.46 34.06 18.25 19.85 36.62 56.65 42.06 6.32 50.0 17.46 25.02 43.05 50.92 73.11 58.08 56.89 
18.6 3.0 46.1 38.05 3.61 12.08 32.25 19.65 37.01 25.63 11.05 36.25 28.86 21.84 12.21 39.92 19.7 34.71 19.03 12.81 16.4 47.3 8.06 26.4 17.69 39.05 9.0 9.22 7.28 37.48 26.25 18.03 33.73 0.0 26.31 43.01 7.81 7.28 35.69 46.52 21.95 37.64 46.69 14.32 23.85 13.6 31.02 18.38 17.0 10.0 11.18 18.03 40.11 25.32 23.19 
13.04 26.02 72.34 64.28 23.09 22.14 55.32 45.01 11.4 5.39 27.89 60.02 54.08 47.04 37.64 15.56 36.77 8.54 30.89 34.53 14.32 72.34 22.2 50.49 15.26 64.2 26.48 32.14 26.4 14.87 47.8 28.65 60.02 26.31 0.0 69.18 21.93 30.08 61.07 69.86 39.92 62.39 72.11 30.68 10.82 23.77 57.22 14.21 43.19 35.44 18.36 12.53 15.65 8.06 3.16 
59.23 43.19 3.61 5.1 46.1 49.48 22.67 24.74 80.02 67.74 43.68 18.87 17.0 23.09 33.54 81.58 39.82 77.41 46.52 36.69 57.07 12.37 47.68 22.47 57.49 11.18 44.15 37.85 45.4 80.16 29.21 47.93 11.66 43.01 69.18 0.0 49.16 41.44 11.31 21.02 37.74 13.89 9.49 42.72 64.54 49.04 12.0 60.3 26.02 35.36 53.15 59.03 83.02 68.07 66.12 
18.36 10.0 52.04 44.1 7.62 16.03 39.96 26.93 31.58 22.8 17.46 43.83 36.06 29.15 16.12 36.89 26.93 30.46 25.0 20.52 16.55 54.41 12.17 34.0 18.38 46.17 15.23 16.97 4.47 31.02 34.06 23.54 39.05 7.81 21.93 49.16 0.0 8.25 42.72 54.12 29.41 44.94 53.6 21.02 22.8 18.11 37.22 11.18 23.54 14.04 4.0 17.49 34.06 19.03 18.79 
24.76 10.2 44.18 36.35 10.3 19.31 34.71 20.81 39.81 30.53 18.03 38.01 29.53 23.02 8.0 44.78 25.71 38.63 26.02 18.03 22.67 47.54 15.23 28.43 24.21 39.4 16.12 14.56 4.0 39.01 30.0 25.18 31.0 7.28 30.08 41.44 8.25 0.0 35.85 48.26 27.51 38.47 46.49 21.02 29.73 20.88 29.61 19.0 16.55 6.08 12.17 24.04 42.19 27.17 26.93 
50.16 35.23 14.87 9.49 38.33 40.2 11.4 16.12 72.25 59.03 34.23 8.25 7.0 14.04 28.65 72.44 29.15 69.0 36.06 27.17 48.09 11.7 39.0 11.7 48.26 3.61 35.06 29.0 39.56 73.16 18.03 37.64 14.14 35.69 61.07 11.31 42.72 35.85 0.0 14.76 26.83 4.12 11.05 32.76 55.33 39.46 8.94 53.85 19.31 29.97 46.57 50.09 75.66 61.0 58.14 
57.71 45.31 23.35 22.36 48.47 47.85 14.56 27.46 81.25 66.91 41.98 10.3 19.1 25.24 41.87 79.16 34.06 77.1 41.01 35.44 55.9 9.85 47.8 20.12 55.58 11.7 43.42 38.28 51.62 83.17 22.2 43.05 28.46 46.52 69.86 21.02 54.12 48.26 14.76 0.0 31.02 10.82 12.65 39.46 62.39 46.53 23.71 64.88 32.02 42.8 57.7 57.87 85.16 71.17 67.19 
27.2 19.42 41.34 34.21 22.02 17.89 17.26 16.12 51.26 36.4 12.81 22.36 20.81 16.4 26.02 48.17 3.16 46.57 10.0 9.49 25.63 35.9 19.21 15.26 25.0 28.79 14.87 13.0 29.07 54.12 9.22 12.04 34.06 21.95 39.92 37.74 29.41 27.51 26.83 31.02 0.0 26.25 36.69 9.43 31.58 16.16 28.28 38.21 19.92 25.18 31.89 27.51 55.54 42.72 37.58 
51.0 36.88 17.2 13.15 40.02 41.0 9.43 18.03 73.68 60.03 35.0 5.0 8.94 15.81 31.62 73.11 28.86 70.11 35.9 28.02 49.01 10.0 40.2 12.0 49.01 2.83 36.06 30.27 42.05 74.95 17.09 37.66 18.25 37.64 62.39 13.89 44.94 38.47 4.12 10.82 26.25 0.0 10.44 33.14 56.04 40.05 13.0 55.97 21.95 32.76 48.7 51.01 77.28 62.82 59.54 
61.07 46.27 11.0 12.81 49.37 51.09 19.7 27.17 83.29 70.01 45.1 14.76 18.03 25.08 39.0 83.29 39.29 80.01 46.32 38.05 59.03 3.0 50.01 22.2 59.14 8.06 46.01 40.01 50.29 84.17 27.51 48.05 19.85 46.69 72.11 9.49 53.6 46.49 11.05 12.65 36.69 10.44 0.0 43.42 66.19 50.25 17.49 64.76 30.08 40.5 57.49 61.03 86.7 72.01 69.18 
18.25 11.4 46.24 38.48 13.42 8.54 25.08 18.36 42.06 27.46 3.61 30.02 25.96 19.7 22.14 40.01 6.4 37.66 5.39 6.4 16.49 43.1 9.9 21.21 16.12 35.36 5.83 7.62 21.59 44.72 17.26 5.66 36.62 14.32 30.68 42.72 21.02 21.02 32.76 39.46 9.43 33.14 43.42 0.0 23.02 7.07 31.76 29.0 19.8 20.62 23.02 18.44 46.24 33.29 28.23 
5.39 22.36 67.91 59.91 20.25 15.13 48.09 39.81 20.81 5.66 21.1 53.04 48.37 41.59 36.06 17.12 28.44 15.23 21.84 28.16 7.62 66.03 17.09 44.05 7.07 58.14 20.4 26.68 26.91 25.5 40.2 19.65 56.65 23.85 10.82 64.54 22.8 29.73 55.33 62.39 31.58 56.04 66.19 23.02 0.0 16.0 52.89 20.22 39.22 33.84 20.59 5.83 25.61 17.72 10.44 
11.18 10.77 52.5 44.6 11.05 2.24 32.14 24.35 35.11 20.4 5.39 37.05 32.56 25.96 24.41 33.06 13.0 30.59 7.81 12.37 9.49 50.04 6.0 28.07 9.06 42.19 5.66 11.66 20.1 38.08 24.33 5.83 42.06 13.6 23.77 49.04 18.11 20.88 39.46 46.53 16.16 40.05 50.25 7.07 16.0 0.0 37.7 23.85 24.7 22.47 18.97 11.4 39.4 27.02 21.47 
47.54 31.26 15.13 7.07 34.13 37.95 17.26 13.42 68.03 55.9 32.31 16.12 8.54 12.21 21.84 69.86 29.83 65.49 36.06 25.5 45.35 19.21 35.9 13.89 45.88 12.21 32.57 26.25 33.54 68.18 21.1 37.22 6.32 31.02 57.22 12.0 37.22 29.61 8.94 23.71 28.28 13.0 17.49 31.76 52.89 37.7 0.0 48.37 14.04 23.54 41.19 47.3 71.03 56.08 54.15 
18.11 19.72 63.13 55.23 16.64 21.63 50.54 37.95 21.54 17.46 25.46 54.63 47.13 40.16 27.0 29.73 35.36 22.02 31.62 30.23 17.46 65.52 19.1 44.78 19.42 57.28 23.35 26.93 15.0 20.02 44.1 29.68 50.0 18.38 14.21 60.3 11.18 19.0 53.85 64.88 38.21 55.97 64.76 29.0 20.22 23.85 48.37 0.0 34.71 25.02 7.28 17.12 23.35 8.54 11.66 
33.84 17.26 29.15 21.1 20.1 24.6 19.42 5.39 54.01 41.98 19.42 21.93 13.04 7.21 9.9 56.04 20.12 51.48 24.84 13.45 31.62 31.02 22.14 13.04 32.31 22.85 19.24 13.04 20.25 54.33 17.26 25.46 17.46 17.0 43.19 26.02 23.54 16.55 19.31 32.02 19.92 21.95 30.08 19.8 39.22 24.7 14.04 34.71 0.0 10.82 27.46 33.53 57.08 42.19 40.11 
28.6 12.04 38.12 30.27 13.6 21.4 29.73 15.56 45.54 35.34 18.38 32.65 23.85 17.69 2.24 49.66 24.0 43.97 25.96 16.0 26.4 41.63 17.69 23.35 27.66 33.54 17.0 13.15 10.05 45.0 25.94 25.63 25.02 10.0 35.44 35.36 14.04 6.08 29.97 42.8 25.18 32.76 40.5 20.62 33.84 22.47 23.54 25.02 10.82 0.0 18.03 28.02 48.09 33.06 32.28 
16.76 12.81 56.04 48.09 9.9 16.76 43.42 30.68 27.66 19.8 19.42 47.42 39.85 32.89 20.1 33.6 29.21 26.83 26.4 23.43 15.3 58.24 13.42 37.58 17.26 50.0 17.2 20.0 8.25 27.02 37.2 24.7 43.05 11.18 18.36 53.15 4.0 12.17 46.57 57.7 31.89 48.7 57.49 23.02 20.59 18.97 41.19 7.28 27.46 18.03 0.0 15.81 30.07 15.03 15.26 
1.0 16.55 62.37 54.34 14.42 10.05 43.42 34.37 23.77 9.06 16.03 48.26 43.1 36.22 30.23 22.56 24.35 19.24 18.36 23.0 2.0 61.01 11.4 39.01 2.83 53.01 15.03 21.21 21.4 27.2 35.69 16.12 50.92 18.03 12.53 59.03 17.49 24.04 50.09 57.87 27.51 51.01 61.03 18.44 5.83 11.4 47.3 17.12 33.53 28.02 15.81 0.0 28.18 17.2 10.63 
28.65 40.45 86.0 78.01 37.34 37.7 70.6 59.54 5.0 20.0 43.32 75.19 68.73 61.66 50.16 18.25 52.39 11.66 46.53 49.73 29.97 87.13 37.36 65.51 30.89 78.92 41.76 47.07 38.21 4.24 63.25 44.29 73.11 40.11 15.65 83.02 34.06 42.19 75.66 85.16 55.54 77.28 86.7 46.24 25.61 39.4 71.03 23.35 57.08 48.09 30.07 28.18 0.0 15.03 18.03 
18.03 25.96 71.01 63.03 22.8 25.0 56.65 44.91 13.0 13.04 30.02 61.03 54.13 47.07 35.13 22.47 39.66 14.21 34.71 35.85 18.44 72.57 23.71 51.24 20.0 64.33 28.18 32.89 23.19 12.17 49.66 32.56 58.08 25.32 8.06 68.07 19.03 27.17 61.0 71.17 42.72 62.82 72.01 33.29 17.72 27.02 56.08 8.54 42.19 33.06 15.03 17.2 15.03 0.0 7.28 
11.31 23.0 69.26 61.2 20.02 19.7 52.63 42.05 14.14 6.08 25.3 57.27 51.16 44.1 34.48 18.44 34.44 11.7 28.84 31.78 12.21 69.46 19.42 47.68 13.45 61.29 23.77 29.27 23.26 16.64 45.22 26.63 56.89 23.19 3.16 66.12 18.79 26.93 58.14 67.19 37.58 59.54 69.18 28.23 10.44 21.47 54.15 11.66 40.11 32.28 15.26 10.63 18.03 7.28 0.0 
