70
0.0 14.32 85.7 67.23 74.46 56.04 54.59 74.73 60.73 72.69 19.85 23.19 93.94 45.28 87.71 74.46 6.08 53.71 62.0 83.52 60.22 82.73 72.95 22.8 56.64 72.11 29.68 101.79 96.26 24.7 17.49 64.78 40.46 78.57 53.85 68.15 33.96 84.15 25.61 58.25 93.01 76.85 46.1 24.02 40.85 73.25 34.54 51.62 58.25 17.8 68.03 41.88 81.1 75.17 39.41 115.42 103.28 54.13 5.39 96.26 69.46 60.3 55.87 13.0 74.63 27.02 25.0 40.36 93.01 79.31 
14.32 0.0 71.51 58.52 60.17 55.36 46.57 76.16 46.49 73.05 30.68 26.25 80.06 46.1 74.09 67.47 15.3 43.01 48.09 69.26 50.57 68.47 59.36 26.25 45.79 58.42 17.03 88.6 83.24 20.62 31.38 61.13 33.62 66.6 41.63 55.71 37.2 70.03 36.4 48.85 80.78 63.6 32.25 25.81 35.01 59.68 24.08 52.8 45.54 11.4 54.12 33.42 67.01 61.52 26.91 102.73 91.35 40.31 14.42 84.22 58.31 46.87 44.41 27.2 61.72 13.6 13.42 28.84 78.75 65.76 
85.7 71.51 0.0 55.76 12.73 87.6 58.52 106.93 25.08 101.08 97.16 84.15 12.65 87.66 14.56 67.01 84.9 59.36 33.84 4.12 50.57 17.03 18.38 90.14 45.22 33.24 57.27 28.28 27.07 72.17 102.88 79.61 73.59 33.97 51.04 47.43 89.14 23.19 101.71 52.0 55.58 20.62 40.02 82.1 66.75 34.93 63.89 91.92 46.65 71.39 19.0 68.68 24.0 33.54 49.25 44.15 43.42 32.39 85.62 38.33 57.57 39.96 42.45 98.68 25.0 61.29 62.37 51.01 8.06 35.06 
67.23 58.52 55.76 0.0 54.45 36.06 12.81 52.2 46.65 46.17 66.53 50.93 54.08 41.11 45.88 12.53 62.68 81.39 64.4 57.2 9.06 67.18 37.8 84.76 16.49 72.72 42.95 51.04 45.1 43.01 83.01 24.74 84.05 24.52 74.22 81.54 48.88 72.86 68.41 10.05 101.24 35.36 39.81 48.8 27.59 74.95 71.03 42.58 73.68 49.65 41.04 81.01 71.59 75.17 35.06 58.46 43.01 38.08 70.66 37.66 90.14 69.08 19.92 78.01 30.89 59.41 45.22 31.26 63.13 79.06 
74.46 60.17 12.73 54.45 0.0 82.73 54.38 103.25 14.04 97.64 87.21 75.11 24.7 81.27 23.54 66.6 74.15 47.01 21.47 9.43 47.63 12.81 17.89 77.7 41.05 23.0 47.1 39.22 36.67 63.13 91.39 76.61 60.88 36.77 38.59 36.5 81.22 18.44 92.05 48.6 49.04 23.09 30.0 73.17 60.08 25.02 51.22 86.16 34.44 61.2 13.45 55.97 17.49 24.19 40.2 55.36 52.09 23.35 74.0 46.01 46.69 27.73 37.74 87.36 26.4 49.24 52.15 42.76 18.79 26.93 
56.04 55.36 87.6 36.06 82.73 0.0 29.12 22.02 71.02 17.89 44.92 33.02 88.46 11.4 80.23 32.7 50.01 93.19 85.04 88.02 37.66 95.29 69.26 78.41 42.38 95.27 48.26 87.0 81.01 34.79 66.29 14.42 88.39 60.07 88.41 99.76 23.77 99.98 43.86 35.9 123.17 68.66 57.49 32.02 24.76 97.31 76.92 7.81 90.03 43.97 69.86 87.24 97.94 98.23 47.38 94.2 78.45 60.75 61.13 73.55 106.04 87.68 45.31 61.81 64.33 63.95 46.53 43.19 95.51 102.62 
54.59 46.57 58.52 12.81 54.38 29.12 0.0 48.88 43.86 43.27 53.91 38.29 59.54 31.14 51.35 21.1 49.93 73.68 60.0 59.09 9.06 67.12 40.16 72.8 13.42 69.43 32.02 59.54 53.46 30.23 70.21 22.63 74.17 32.39 67.23 76.32 37.16 72.2 56.04 7.0 97.95 39.62 33.12 36.12 14.87 71.59 61.29 34.13 67.54 37.16 41.18 71.57 70.43 72.18 25.71 68.95 54.13 33.97 58.18 48.1 84.08 63.81 16.64 65.22 35.36 49.01 33.54 21.38 66.41 76.38 
74.73 76.16 106.93 52.2 103.25 22.02 48.88 0.0 92.2 6.08 60.01 51.66 106.25 30.08 98.03 44.18 68.66 115.11 106.83 107.78 56.36 115.97 88.57 97.51 62.27 116.93 70.21 102.42 96.69 55.9 82.01 27.51 109.59 76.66 110.42 121.75 40.79 120.93 57.14 55.01 145.0 87.09 79.25 51.24 46.75 119.0 98.49 23.41 112.04 64.88 90.05 108.71 119.04 119.85 69.31 107.02 91.02 82.01 80.05 87.37 128.06 109.62 65.51 78.1 82.64 85.59 68.26 65.05 114.63 124.2 
60.73 46.49 25.08 46.65 14.04 71.02 43.86 92.2 0.0 86.83 73.17 61.2 34.83 68.54 30.61 59.17 60.21 41.0 18.44 22.8 38.6 25.0 18.03 65.6 31.24 26.08 33.06 46.62 42.54 49.25 77.83 66.48 51.62 35.0 32.56 35.9 67.68 29.07 78.03 39.05 54.64 24.04 16.03 59.3 47.42 28.3 40.46 73.79 30.02 47.17 10.77 47.01 26.93 28.6 26.48 62.43 55.66 10.3 60.54 48.76 45.4 24.08 27.66 73.68 25.18 36.36 38.12 29.41 32.28 32.65 
72.69 73.05 101.08 46.17 97.64 17.89 43.27 6.08 86.83 0.0 59.21 49.5 100.24 27.46 92.03 38.12 66.61 110.98 101.82 102.0 50.54 110.39 82.73 95.35 56.6 111.8 66.04 96.34 90.61 52.55 81.15 21.54 106.23 70.6 106.02 117.03 39.05 115.43 56.89 49.24 140.01 81.15 74.25 48.84 42.2 113.9 94.81 21.1 107.45 61.68 84.38 105.12 113.6 114.69 64.54 101.0 85.01 76.69 77.93 81.3 123.6 104.8 59.91 77.03 76.69 81.84 64.41 60.21 108.75 119.0 
19.85 30.68 97.16 66.53 87.21 44.92 53.91 60.01 73.17 59.21 0.0 15.62 103.58 33.53 96.46 70.6 15.65 72.95 78.09 95.63 61.61 97.02 82.01 40.82 60.42 88.65 40.11 108.85 102.96 26.0 22.0 56.8 60.31 83.24 72.24 86.38 21.19 99.32 5.83 59.41 111.43 84.76 57.31 17.8 39.05 90.03 53.71 38.64 76.22 26.02 78.45 61.61 96.42 91.78 48.05 120.83 107.07 64.78 24.76 100.5 88.55 77.37 60.84 18.25 81.71 44.27 35.06 47.13 104.94 96.1 
23.19 26.25 84.15 50.93 75.11 33.02 38.29 51.66 61.2 49.5 15.62 0.0 89.63 22.09 82.23 55.47 17.12 68.77 68.95 83.01 46.04 85.84 68.07 45.89 45.19 79.71 28.86 93.98 88.02 12.0 34.18 43.01 59.64 67.98 66.29 79.76 11.18 88.84 18.38 43.83 104.71 70.34 45.18 2.24 23.43 81.34 50.21 28.44 69.46 16.64 65.19 59.67 86.12 82.87 35.0 105.55 91.59 52.0 28.44 85.09 83.6 69.35 45.88 29.41 67.05 38.42 24.35 33.24 92.09 87.32 
93.94 80.06 12.65 54.08 24.7 88.46 59.54 106.25 34.83 100.24 103.58 89.63 0.0 90.14 8.25 63.95 92.48 71.69 46.14 16.76 50.8 29.15 21.59 100.42 47.04 45.88 64.62 16.0 16.16 77.88 111.36 78.75 85.28 29.97 63.29 60.08 93.26 35.01 107.71 52.61 67.12 20.02 47.85 87.48 70.03 47.54 74.95 93.65 59.06 78.43 25.94 80.43 36.22 46.1 55.66 31.58 32.57 39.81 94.41 28.65 70.21 52.35 45.01 106.93 24.19 71.03 69.64 56.52 13.6 47.38 
45.28 46.1 87.66 41.11 81.27 11.4 31.14 30.08 68.54 27.46 33.53 22.09 90.14 0.0 82.05 40.8 39.2 86.05 80.71 87.56 40.2 93.41 69.72 67.9 43.1 91.27 41.73 90.67 84.59 26.08 54.92 24.21 79.61 63.51 82.04 94.26 12.37 97.58 32.65 38.12 118.41 70.11 53.71 21.38 21.19 93.19 68.8 6.71 84.22 34.89 69.12 78.89 95.27 94.34 43.05 99.46 84.12 58.31 50.49 78.59 99.72 82.62 45.4 50.49 66.03 56.04 39.05 39.36 95.71 98.79 
87.71 74.09 14.56 45.88 23.54 80.23 51.35 98.03 30.61 92.03 96.46 82.23 8.25 82.05 0.0 55.95 85.91 69.86 44.6 18.25 42.58 31.4 14.76 95.59 39.0 46.27 58.14 16.12 13.15 70.6 105.19 70.52 82.1 21.95 61.33 60.02 85.48 37.66 100.42 44.41 70.04 12.04 41.88 80.05 62.13 48.17 71.06 85.48 57.58 71.69 20.52 77.39 38.21 47.04 48.85 32.2 29.07 33.84 88.51 23.77 70.21 50.92 37.12 100.65 16.03 65.95 63.07 49.34 19.21 49.04 
74.46 67.47 67.01 12.53 66.6 32.7 21.1 44.18 59.17 38.12 70.6 55.47 63.95 40.8 55.95 0.0 69.35 93.39 76.92 68.77 21.19 79.25 49.52 93.62 28.79 85.23 53.08 58.46 52.89 49.77 89.07 18.68 95.05 34.0 86.4 94.02 50.91 85.04 71.51 21.59 113.74 46.4 51.92 53.54 33.62 87.46 82.1 40.25 86.03 57.57 53.26 92.27 83.87 87.66 46.17 63.03 47.04 50.57 78.43 43.19 102.53 81.54 32.31 84.12 42.01 70.01 54.59 42.05 74.06 91.53 
6.08 15.3 84.9 62.68 74.15 50.01 49.93 68.66 60.21 66.61 15.65 17.12 92.48 39.2 85.91 69.35 0.0 57.31 63.29 82.98 56.08 83.15 71.18 28.86 53.08 73.68 27.86 99.48 93.81 19.72 20.52 59.03 45.25 75.43 56.65 70.84 27.89 85.01 21.47 54.04 95.86 74.71 44.92 18.0 35.78 74.97 38.08 45.54 60.73 14.42 66.73 46.23 82.02 76.79 37.12 112.65 100.0 52.81 11.4 93.09 72.9 62.17 52.63 15.56 72.2 28.86 22.85 37.44 92.42 81.05 
53.71 43.01 59.36 81.39 47.01 93.19 73.68 115.11 41.0 110.98 72.95 68.77 71.69 86.05 69.86 93.39 57.31 0.0 25.55 55.47 72.37 46.67 58.94 43.0 64.94 29.21 44.94 85.91 82.64 60.21 65.31 94.43 18.44 75.54 8.54 17.72 79.21 44.2 78.77 71.81 40.31 65.0 41.59 67.94 68.96 28.84 19.24 92.62 12.81 52.35 51.66 14.04 41.23 31.06 48.1 102.04 96.57 45.0 49.98 89.74 15.81 19.42 61.66 63.32 66.1 30.41 47.01 52.55 63.25 33.54 
62.0 48.09 33.84 64.4 21.47 85.04 60.0 106.83 18.44 101.82 78.09 68.95 46.14 80.71 44.6 76.92 63.29 25.55 0.0 30.0 55.95 22.83 35.06 60.17 48.37 10.77 40.31 60.54 57.57 57.78 77.52 82.46 40.46 53.15 17.2 17.46 77.39 22.56 83.55 56.08 38.18 41.11 27.59 67.42 60.44 12.53 32.7 86.61 13.0 52.89 28.0 35.47 19.42 13.93 37.8 76.69 72.18 26.42 60.21 65.62 27.07 6.32 44.78 74.17 43.01 35.01 44.6 41.87 38.18 18.38 
83.52 69.26 4.12 57.2 9.43 88.02 59.09 107.78 22.8 102.0 95.63 83.01 16.76 87.56 18.25 68.77 82.98 55.47 30.0 0.0 51.48 13.15 19.42 87.13 45.69 29.12 55.58 32.39 31.02 71.01 100.57 80.62 70.01 36.4 47.2 43.32 88.46 19.42 100.32 52.77 51.79 22.67 38.33 81.0 66.49 30.81 60.61 92.05 42.72 69.72 18.44 65.07 20.02 29.43 48.01 48.27 47.27 31.02 83.22 41.98 53.45 36.06 42.72 96.46 26.87 58.6 60.67 50.09 9.49 31.02 
60.22 50.57 50.57 9.06 47.63 37.66 9.06 56.36 38.6 50.54 61.61 46.04 50.8 40.2 42.58 21.19 56.08 72.37 55.95 51.48 0.0 60.44 32.2 76.69 7.62 64.64 34.48 50.49 44.41 36.77 76.58 29.15 75.11 23.35 65.25 72.92 45.88 65.86 64.14 2.24 93.23 31.05 30.81 43.83 22.83 66.85 62.07 43.05 64.85 42.44 34.21 72.0 64.35 67.2 26.17 60.17 45.65 29.53 63.29 39.4 81.34 60.42 11.18 71.59 26.68 50.64 37.16 22.56 58.31 71.22 
82.73 68.47 17.03 67.18 12.81 95.29 67.12 115.97 25.0 110.39 97.02 85.84 29.15 93.41 31.4 79.25 83.15 46.67 22.83 13.15 60.44 0.0 30.0 82.86 53.82 18.03 57.22 45.1 44.1 73.98 99.04 89.4 63.01 48.37 39.05 32.25 92.65 6.32 102.12 61.4 38.64 34.48 40.79 84.01 72.24 19.24 55.46 98.49 33.97 71.06 26.25 58.01 7.07 17.46 51.42 60.67 60.41 35.11 81.58 55.11 42.05 27.8 50.48 95.35 38.28 56.29 62.13 54.41 17.46 18.25 
72.95 59.36 18.38 37.8 17.89 69.26 40.16 88.57 18.03 82.73 82.01 68.07 21.59 69.72 14.76 49.52 71.18 58.94 35.06 19.42 32.2 30.0 0.0 81.32 26.93 39.81 43.38 29.7 25.0 56.29 90.43 61.29 69.35 18.97 50.45 52.04 72.03 36.06 86.12 33.62 66.85 6.08 27.2 65.92 49.09 41.98 57.69 73.76 47.52 57.01 7.28 64.85 35.36 41.48 34.18 45.0 37.64 19.21 73.78 30.81 62.0 41.19 24.33 85.88 8.54 51.62 48.33 34.93 26.25 44.6 
22.8 26.25 90.14 84.76 77.7 78.41 72.8 97.51 65.6 95.35 40.82 45.89 100.42 67.9 95.59 93.62 28.86 43.0 60.17 87.13 76.69 82.86 81.32 0.0 71.55 68.41 42.49 111.02 106.1 45.1 24.7 86.09 25.32 91.26 46.69 60.21 56.75 82.54 46.04 75.03 83.15 86.31 54.56 46.53 60.67 68.88 27.51 74.33 51.97 36.35 75.07 29.02 79.38 71.06 51.97 125.99 115.8 62.24 17.46 108.6 58.22 56.32 69.84 24.76 85.15 29.7 39.56 54.56 96.38 74.53 
56.64 45.79 45.22 16.49 41.05 42.38 13.42 62.27 31.24 56.6 60.42 45.19 47.04 43.1 39.0 28.79 53.08 64.94 48.37 45.69 7.62 53.82 26.93 71.55 0.0 57.2 29.07 49.04 43.01 34.67 73.55 35.61 68.36 22.83 57.72 65.31 46.87 59.03 63.56 7.81 85.8 27.02 23.35 42.95 23.35 59.41 55.33 46.87 57.25 38.9 27.78 65.07 57.38 59.82 19.92 60.42 47.01 21.95 59.2 40.22 73.74 52.8 3.61 68.62 23.02 44.38 32.45 17.0 53.16 63.89 
72.11 58.42 33.24 72.72 23.0 95.27 69.43 116.93 26.08 111.8 88.65 79.71 45.88 91.27 46.27 85.23 73.68 29.21 10.77 29.12 64.64 18.03 39.81 68.41 57.2 0.0 51.08 61.39 59.41 68.54 87.14 92.02 46.53 58.69 22.36 14.32 88.14 15.0 94.15 65.0 28.6 45.54 37.8 78.19 70.8 2.24 41.0 97.08 17.0 63.6 33.53 41.59 12.04 3.16 48.26 77.37 75.06 35.47 70.01 69.01 24.35 12.17 53.6 84.01 48.27 45.1 55.36 52.2 35.36 7.62 
29.68 17.03 57.27 42.95 47.1 48.26 32.02 70.21 33.06 66.04 40.11 28.86 64.62 41.73 58.14 53.08 27.86 44.94 40.31 55.58 34.48 57.22 43.38 42.49 29.07 51.08 0.0 72.11 66.61 17.46 47.17 50.29 42.43 49.58 40.36 52.63 37.12 60.02 45.0 32.98 77.1 47.17 17.26 27.2 24.17 52.8 29.83 48.1 42.52 14.14 38.9 40.26 57.27 54.23 9.9 85.91 74.33 25.0 31.14 67.21 58.05 41.34 27.46 42.54 45.0 17.12 5.1 12.08 64.94 58.69 
101.79 88.6 28.28 51.04 39.22 87.0 59.54 102.42 46.62 96.34 108.85 93.98 16.0 90.67 16.12 58.46 99.48 85.91 60.54 32.39 50.49 45.1 29.7 111.02 49.04 61.39 72.11 0.0 6.08 82.86 119.27 75.43 98.18 27.17 77.39 75.43 95.8 51.01 112.36 52.61 83.1 25.0 56.73 91.76 72.28 63.15 87.01 93.13 73.54 85.09 36.24 93.49 52.15 61.81 62.43 16.16 18.03 48.84 103.0 16.64 85.62 66.85 48.1 114.59 27.29 81.32 76.85 62.18 29.27 63.29 
96.26 83.24 27.07 45.1 36.67 81.01 53.46 96.69 42.54 90.61 102.96 88.02 16.16 84.59 13.15 52.89 93.81 82.64 57.57 31.02 44.41 44.1 25.0 106.1 43.01 59.41 66.61 6.08 0.0 76.97 113.72 69.58 94.15 21.1 74.09 73.16 89.74 50.25 106.4 46.53 82.61 19.8 51.62 85.8 66.22 61.29 82.66 87.09 70.52 79.4 31.91 89.55 51.04 60.13 56.86 20.0 16.49 43.86 97.62 12.81 83.36 63.89 42.15 109.0 21.63 76.42 71.28 56.44 29.73 62.0 
24.7 20.62 72.17 43.01 63.13 34.79 30.23 55.9 49.25 52.55 26.0 12.0 77.88 26.08 70.6 49.77 19.72 60.21 57.78 71.01 36.77 73.98 56.29 45.1 34.67 68.54 17.46 82.86 76.97 0.0 40.0 41.01 53.71 57.45 56.73 69.63 19.72 77.13 29.83 34.66 94.34 58.82 33.24 10.05 16.16 70.26 42.72 32.76 59.41 9.22 53.24 52.84 74.46 71.69 23.0 95.02 81.61 40.0 28.86 74.89 74.33 58.67 34.89 35.0 55.71 30.0 13.6 21.38 80.1 76.16 
17.49 31.38 102.88 83.01 91.39 66.29 70.21 82.01 77.83 81.15 22.0 34.18 111.36 54.92 105.19 89.07 20.52 65.31 77.52 100.57 76.58 99.04 90.43 24.7 73.55 87.14 47.17 119.27 113.72 40.0 0.0 77.16 49.04 95.78 67.19 81.39 42.58 99.98 25.5 74.52 105.55 94.34 63.51 35.85 55.76 88.05 47.17 60.41 72.06 34.71 85.43 51.92 96.88 90.09 56.86 132.8 120.42 71.55 17.46 113.45 81.02 75.06 73.0 5.0 92.09 42.76 42.44 57.63 110.05 94.02 
64.78 61.13 79.61 24.74 76.61 14.42 22.63 27.51 66.48 21.54 56.8 43.01 78.75 24.21 70.52 18.68 59.03 94.43 82.46 80.62 29.15 89.4 61.29 86.09 35.61 92.02 50.29 75.43 69.58 41.01 77.16 0.0 92.42 49.24 88.59 98.47 35.85 94.64 56.6 28.02 120.51 59.62 55.22 41.48 26.48 94.18 80.08 22.2 89.36 50.01 63.25 90.52 92.96 94.79 46.53 81.3 65.38 56.59 69.46 61.01 105.82 86.02 39.05 72.42 55.15 67.19 50.01 42.06 87.24 99.01 
40.46 33.62 73.59 84.05 60.88 88.39 74.17 109.59 51.62 106.23 60.31 59.64 85.28 79.61 82.1 95.05 45.25 18.44 40.46 70.01 75.11 63.01 69.35 25.32 68.36 46.53 42.43 98.18 94.15 53.71 49.04 92.42 0.0 83.49 24.19 36.14 70.72 61.4 66.07 74.03 58.01 75.13 46.32 59.36 65.97 46.52 13.04 86.31 29.53 44.72 62.27 5.0 58.31 48.75 49.01 114.06 106.51 52.2 35.81 99.4 33.02 35.23 65.62 47.85 75.24 25.32 42.45 53.01 78.57 51.62 
78.57 66.6 33.97 24.52 36.77 60.07 32.39 76.66 35.0 70.6 83.24 67.98 29.97 63.51 21.95 34.0 75.43 75.54 53.15 36.4 23.35 48.37 18.97 91.26 22.83 58.69 49.58 27.17 21.1 57.45 95.78 49.24 83.49 0.0 67.27 70.46 68.96 54.59 86.33 25.5 85.8 13.89 37.58 65.74 45.54 60.88 70.94 66.03 65.01 61.07 25.32 79.4 54.13 60.44 39.7 37.59 24.76 31.32 80.62 17.69 80.22 59.03 22.8 90.91 10.44 62.27 53.74 38.21 40.46 63.57 
53.85 41.63 51.04 74.22 38.59 88.41 67.23 110.42 32.56 106.02 72.24 66.29 63.29 82.04 61.33 86.4 56.65 8.54 17.2 47.2 65.25 39.05 50.45 46.69 57.72 22.36 40.36 77.39 74.09 56.73 67.19 88.59 24.19 67.27 0.0 14.32 76.22 37.22 78.0 64.85 39.22 56.52 34.48 65.22 63.82 22.47 20.02 88.46 5.39 49.65 43.17 19.24 34.13 24.7 42.06 93.52 88.06 37.12 50.8 81.25 17.69 11.31 54.34 64.63 57.71 28.18 43.19 46.53 55.23 27.89 
68.15 55.71 47.43 81.54 36.5 99.76 76.32 121.75 35.9 117.03 86.38 79.76 60.08 94.26 60.02 94.02 70.84 17.72 17.46 43.32 72.92 32.25 52.04 60.21 65.31 14.32 52.63 75.43 73.16 69.63 81.39 98.47 36.14 70.46 14.32 0.0 89.31 28.43 92.11 72.9 25.08 58.01 43.27 78.55 75.01 13.04 34.23 100.5 10.3 63.13 45.18 31.58 25.81 15.0 52.5 91.48 88.46 43.46 65.12 82.15 10.2 12.53 61.74 78.92 60.21 42.15 56.04 56.85 49.65 16.4 
33.96 37.2 89.14 48.88 81.22 23.77 37.16 40.79 67.68 39.05 21.19 11.18 93.26 12.37 85.48 50.91 27.89 79.21 77.39 88.46 45.88 92.65 72.03 56.75 46.87 88.14 37.12 95.8 89.74 19.72 42.58 35.85 70.72 68.96 76.22 89.31 0.0 96.17 20.81 43.66 114.06 73.44 51.92 11.4 23.54 89.9 60.96 18.0 79.06 26.87 70.18 70.6 93.61 91.29 41.23 106.04 91.29 57.87 39.29 85.23 93.72 78.39 48.37 38.21 69.72 48.8 33.29 38.47 97.19 95.75 
84.15 70.03 23.19 72.86 18.44 99.98 72.2 120.93 29.07 115.43 99.32 88.84 35.01 97.58 37.66 85.04 85.01 44.2 22.56 19.42 65.86 6.32 36.06 82.54 59.03 15.0 60.02 51.01 50.25 77.13 99.98 94.64 61.4 54.59 37.22 28.43 96.17 0.0 104.58 66.71 32.39 40.71 44.27 87.1 76.49 15.56 55.03 102.86 31.91 73.55 31.83 56.44 3.16 13.45 55.03 66.37 66.61 39.36 82.61 61.39 37.74 26.4 55.61 96.52 44.42 57.31 64.78 58.31 22.56 13.0 
25.61 36.4 101.71 68.41 92.05 43.86 56.04 57.14 78.03 56.89 5.83 18.38 107.71 32.65 100.42 71.51 21.47 78.77 83.55 100.32 64.14 102.12 86.12 46.04 63.56 94.15 45.0 112.36 106.4 29.83 25.5 56.6 66.07 86.33 78.0 92.11 20.81 104.58 0.0 61.91 117.18 88.6 62.07 20.62 41.34 95.57 59.54 37.0 81.93 31.06 82.87 67.42 101.71 97.29 52.47 123.88 109.77 69.35 30.41 103.35 94.37 82.97 64.26 22.47 85.38 49.98 40.01 51.2 109.55 101.64 
58.25 48.85 52.0 10.05 48.6 35.9 7.0 55.01 39.05 49.24 59.41 43.83 52.61 38.12 44.41 21.59 54.04 71.81 56.08 52.77 2.24 61.4 33.62 75.03 7.81 65.0 32.98 52.61 46.53 34.66 74.52 28.02 74.03 25.5 64.85 72.9 43.66 66.71 61.91 0.0 93.6 32.76 30.36 41.62 20.59 67.2 61.01 41.11 64.62 40.5 35.23 71.03 65.12 67.62 25.02 62.39 47.89 29.68 61.4 41.63 81.15 60.37 11.4 69.53 28.44 49.37 35.47 21.21 59.81 71.7 
93.01 80.78 55.58 101.24 49.04 123.17 97.95 145.0 54.64 140.01 111.43 104.71 67.12 118.41 70.04 113.74 95.86 40.31 38.18 51.79 93.23 38.64 66.85 83.15 85.8 28.6 77.1 83.1 82.61 94.34 105.55 120.51 58.01 85.8 39.22 25.08 114.06 32.39 117.18 93.6 0.0 72.11 65.76 103.45 98.49 26.4 58.69 124.47 35.34 88.12 61.27 54.15 32.02 26.08 75.82 98.02 98.99 64.03 89.74 93.74 25.0 35.81 82.2 103.37 75.39 67.23 80.78 79.98 54.0 22.36 
76.85 63.6 20.62 35.36 23.09 68.66 39.62 87.09 24.04 81.15 84.76 70.34 20.02 70.11 12.04 46.4 74.71 65.0 41.11 22.67 31.05 34.48 6.08 86.31 27.02 45.54 47.17 25.0 19.8 58.82 94.34 59.62 75.13 13.89 56.52 58.01 73.44 40.71 88.6 32.76 72.11 0.0 31.83 68.15 50.09 47.68 63.29 73.68 53.6 60.37 13.34 70.68 40.31 47.07 37.59 39.7 31.62 24.08 78.01 24.74 68.01 47.27 25.08 89.69 4.47 56.64 51.97 37.7 27.78 50.0 
46.1 32.25 40.02 39.81 30.0 57.49 33.12 79.25 16.03 74.25 57.31 45.18 47.85 53.71 41.88 51.92 44.92 41.59 27.59 38.33 30.81 40.79 27.2 54.56 23.35 37.8 17.26 56.73 51.62 33.24 63.51 55.22 46.32 37.58 34.48 43.27 51.92 44.27 62.07 30.36 65.76 31.83 0.0 43.29 33.02 39.82 33.53 59.36 34.44 31.4 21.93 42.58 41.79 40.8 10.77 71.45 61.59 8.06 46.65 54.38 50.99 30.81 20.1 59.09 30.61 25.0 22.36 14.42 47.68 45.22 
24.02 25.81 82.1 48.8 73.17 32.02 36.12 51.24 59.3 48.84 17.8 2.24 87.48 21.38 80.05 53.54 18.0 67.94 67.42 81.0 43.83 84.01 65.92 46.53 42.95 78.19 27.2 91.76 85.8 10.05 35.85 41.48 59.36 65.74 65.22 78.55 11.4 87.1 20.62 41.62 103.45 68.15 43.29 0.0 21.26 79.85 49.58 27.89 68.26 15.62 63.13 59.2 84.4 81.34 33.02 103.31 89.36 50.01 29.15 82.86 82.62 67.98 43.66 31.02 64.85 37.54 22.85 31.14 90.05 85.8 
40.85 35.01 66.75 27.59 60.08 24.76 14.87 46.75 47.42 42.2 39.05 23.43 70.03 21.19 62.13 33.62 35.78 68.96 60.44 66.49 22.83 72.24 49.09 60.67 23.35 70.8 24.17 72.28 66.22 16.16 55.76 26.48 65.97 45.54 63.82 75.01 23.54 76.49 41.34 20.59 98.49 50.09 33.02 21.26 0.0 72.8 53.76 26.42 65.3 24.33 48.05 64.2 74.24 73.82 22.67 82.86 68.48 37.16 44.92 62.17 81.4 62.94 25.02 50.77 46.27 40.8 23.54 18.6 74.81 78.24 
73.25 59.68 34.93 74.95 25.02 97.31 71.59 119.0 28.3 113.9 90.03 81.34 47.54 93.19 48.17 87.46 74.97 28.84 12.53 30.81 66.85 19.24 41.98 68.88 59.41 2.24 52.8 63.15 61.29 70.26 88.05 94.18 46.52 60.88 22.47 13.04 89.9 15.56 95.57 67.2 26.4 47.68 39.82 79.85 72.8 0.0 41.59 99.05 17.09 65.15 35.74 41.63 12.81 2.24 50.22 79.08 77.03 37.64 71.01 71.03 22.85 13.0 55.8 85.01 50.45 46.27 57.01 54.2 36.67 6.08 
34.54 24.08 63.89 71.03 51.22 76.92 61.29 98.49 40.46 94.81 53.71 50.21 74.95 68.8 71.06 82.1 38.08 19.24 32.7 60.61 62.07 55.46 57.69 27.51 55.33 41.0 29.83 87.01 82.66 42.72 47.17 80.08 13.04 70.94 20.02 34.23 60.96 55.03 59.54 61.01 58.69 63.29 33.53 49.58 53.76 41.59 0.0 75.47 25.02 34.21 50.8 10.44 51.87 43.74 36.0 102.65 94.37 39.81 31.05 87.21 34.93 28.86 52.61 44.72 63.06 13.0 30.46 40.05 69.63 47.38 
51.62 52.8 91.92 42.58 86.16 7.81 34.13 23.41 73.79 21.1 38.64 28.44 93.65 6.71 85.48 40.25 45.54 92.62 86.61 92.05 43.05 98.49 73.76 74.33 46.87 97.08 48.1 93.13 87.09 32.76 60.41 22.2 86.31 66.03 88.46 100.5 18.0 102.86 37.0 41.11 124.47 73.68 59.36 27.89 26.42 99.05 75.47 0.0 90.52 41.59 73.68 85.59 100.65 100.12 48.83 101.0 85.38 63.51 56.89 80.23 106.15 88.73 49.48 56.14 69.46 62.68 45.61 44.94 99.92 104.56 
58.25 45.54 46.65 73.68 34.44 90.03 67.54 112.04 30.02 107.45 76.22 69.46 59.06 84.22 57.58 86.03 60.73 12.81 13.0 42.72 64.85 33.97 47.52 51.97 57.25 17.0 42.52 73.54 70.52 59.41 72.06 89.36 29.53 65.01 5.39 10.3 79.06 31.91 81.93 64.62 35.34 53.6 34.44 68.26 65.3 17.09 25.02 90.52 0.0 52.84 40.31 24.6 28.84 19.31 43.01 89.69 84.93 35.9 55.44 78.26 16.55 6.71 53.76 69.35 55.15 31.95 45.8 47.43 50.45 22.56 
17.8 11.4 71.39 49.65 61.2 43.97 37.16 64.88 47.17 61.68 26.02 16.64 78.43 34.89 71.69 57.57 14.42 52.35 52.89 69.72 42.44 71.06 57.01 36.35 38.9 63.6 14.14 85.09 79.4 9.22 34.71 50.01 44.72 61.07 49.65 63.13 26.87 73.55 31.06 40.5 88.12 60.37 31.4 15.62 24.33 65.15 34.21 41.59 52.84 0.0 52.89 44.1 70.71 66.76 22.85 98.23 85.7 39.05 21.02 78.75 67.01 52.92 38.29 29.83 57.8 21.93 9.06 23.02 79.08 71.17 
68.03 54.12 19.0 41.04 13.45 69.86 41.18 90.05 10.77 84.38 78.45 65.19 25.94 69.12 20.52 53.26 66.73 51.66 28.0 18.44 34.21 26.25 7.28 75.07 27.78 33.53 38.9 36.24 31.91 53.24 85.43 63.25 62.27 25.32 43.17 45.18 70.18 31.83 82.87 35.23 61.27 13.34 21.93 63.13 48.05 35.74 50.8 73.68 40.31 52.89 0.0 57.71 30.61 35.47 30.41 51.87 44.92 13.93 68.48 38.08 55.04 34.06 24.6 81.02 15.03 45.45 43.97 32.02 27.02 38.91 
41.88 33.42 68.68 81.01 55.97 87.24 71.57 108.71 47.01 105.12 61.61 59.67 80.43 78.89 77.39 92.27 46.23 14.04 35.47 65.07 72.0 58.01 64.85 29.02 65.07 41.59 40.26 93.49 89.55 52.84 51.92 90.52 5.0 79.4 19.24 31.58 70.6 56.44 67.42 71.03 54.15 70.68 42.58 59.2 64.2 41.63 10.44 85.59 24.6 44.1 57.71 0.0 53.34 43.86 46.1 109.42 102.16 48.08 37.59 95.08 29.27 30.23 62.2 50.33 70.94 23.41 40.85 50.25 73.59 46.82 
81.1 67.01 24.0 71.59 17.49 97.94 70.43 119.04 26.93 113.6 96.42 86.12 36.22 95.27 38.21 83.87 82.02 41.23 19.42 20.02 64.35 7.07 35.36 79.38 57.38 12.04 57.27 52.15 51.04 74.46 96.88 92.96 58.31 54.13 34.13 25.81 93.61 3.16 101.71 65.12 32.02 40.31 41.79 84.4 74.24 12.81 51.87 100.65 28.84 70.71 30.61 53.34 0.0 10.82 52.55 67.74 67.27 37.22 79.51 61.81 35.36 23.26 53.91 93.43 43.83 54.23 61.98 55.95 24.35 11.18 
75.17 61.52 33.54 75.17 24.19 98.23 72.18 119.85 28.6 114.69 91.78 82.87 46.1 94.34 47.04 87.66 76.79 31.06 13.93 29.43 67.2 17.46 41.48 71.06 59.82 3.16 54.23 61.81 60.13 71.69 90.09 94.79 48.75 60.44 24.7 15.0 91.29 13.45 97.29 67.62 26.08 47.07 40.8 81.34 73.82 2.24 43.74 100.12 19.31 66.76 35.47 43.86 10.82 0.0 51.31 77.67 76.0 38.21 73.0 70.11 24.6 15.03 56.22 87.0 50.0 48.17 58.52 55.22 34.93 4.47 
39.41 26.91 49.25 35.06 40.2 47.38 25.71 69.31 26.48 64.54 48.05 35.0 55.66 43.05 48.85 46.17 37.12 48.1 37.8 48.01 26.17 51.42 34.18 51.97 19.92 48.26 9.9 62.43 56.86 23.0 56.86 46.53 49.01 39.7 42.06 52.5 41.23 55.03 52.47 25.02 75.82 37.59 10.77 33.02 22.67 50.22 36.0 48.83 43.01 22.85 30.41 46.1 52.55 51.31 0.0 76.06 64.44 17.0 41.04 57.31 59.36 40.31 17.89 52.15 35.23 24.52 14.42 4.47 57.14 55.76 
115.42 102.73 44.15 58.46 55.36 94.2 68.95 107.02 62.43 101.0 120.83 105.55 31.58 99.46 32.2 63.03 112.65 102.04 76.69 48.27 60.17 60.67 45.0 125.99 60.42 77.37 85.91 16.16 20.0 95.02 132.8 81.3 114.06 37.59 93.52 91.48 106.04 66.37 123.88 62.39 98.02 39.7 71.45 103.31 82.86 79.08 102.65 101.0 89.69 98.23 51.87 109.42 67.74 77.67 76.06 0.0 16.0 63.78 117.03 20.88 101.65 83.01 60.21 128.0 41.04 96.33 90.43 75.21 44.05 78.92 
103.28 91.35 43.42 43.01 52.09 78.45 54.13 91.02 55.66 85.01 107.07 91.59 32.57 84.12 29.07 47.04 100.0 96.57 72.18 47.27 45.65 60.41 37.64 115.8 47.01 75.06 74.33 18.03 16.49 81.61 120.42 65.38 106.51 24.76 88.06 88.46 91.29 66.61 109.77 47.89 98.99 31.62 61.59 89.36 68.48 77.03 94.37 85.38 84.93 85.7 44.92 102.16 67.27 76.0 64.44 16.0 0.0 54.59 105.38 7.21 98.62 78.45 47.42 115.52 31.3 86.53 78.49 62.94 46.17 78.1 
54.13 40.31 32.39 38.08 23.35 60.75 33.97 82.01 10.3 76.69 64.78 52.0 39.81 58.31 33.84 50.57 52.81 45.0 26.42 31.02 29.53 35.11 19.21 62.24 21.95 35.47 25.0 48.84 43.86 40.0 71.55 56.59 52.2 31.32 37.12 43.46 57.87 39.36 69.35 29.68 64.03 24.08 8.06 50.01 37.16 37.64 39.81 63.51 35.9 39.05 13.93 48.08 37.22 38.21 17.0 63.78 54.59 0.0 54.71 47.41 52.2 31.02 18.36 67.12 23.32 32.56 30.08 19.42 40.2 42.43 
5.39 14.42 85.62 70.66 74.0 61.13 58.18 80.05 60.54 77.93 24.76 28.44 94.41 50.49 88.51 78.43 11.4 49.98 60.21 83.22 63.29 81.58 73.78 17.46 59.2 70.01 31.14 103.0 97.62 28.86 17.46 69.46 35.81 80.62 50.8 65.12 39.29 82.61 30.41 61.4 89.74 78.01 46.65 29.15 44.92 71.01 31.05 56.89 55.44 21.02 68.48 37.59 79.51 73.0 41.04 117.03 105.38 54.71 0.0 98.29 65.79 58.01 58.14 14.0 76.06 25.32 26.91 42.52 92.7 77.03 
96.26 84.22 38.33 37.66 46.01 73.55 48.1 87.37 48.76 81.3 100.5 85.09 28.65 78.59 23.77 43.19 93.09 89.74 65.62 41.98 39.4 55.11 30.81 108.6 40.22 69.01 67.21 16.64 12.81 74.89 113.45 61.01 99.4 17.69 81.25 82.15 85.23 61.39 103.35 41.63 93.74 24.74 54.38 82.86 62.17 71.03 87.21 80.23 78.26 78.75 38.08 95.08 61.81 70.11 57.31 20.88 7.21 47.41 98.29 0.0 92.27 71.85 40.46 108.58 24.17 79.32 71.42 55.9 42.05 72.44 
69.46 58.31 57.57 90.14 46.69 106.04 84.08 128.06 45.4 123.6 88.55 83.6 70.21 99.72 70.21 102.53 72.9 15.81 27.07 53.45 81.34 42.05 62.0 58.22 73.74 24.35 58.05 85.62 83.36 74.33 81.02 105.82 33.02 80.22 17.69 10.2 93.72 37.74 94.37 81.15 25.0 68.01 50.99 82.62 81.4 22.85 34.93 106.15 16.55 67.01 55.04 29.27 35.36 24.6 59.36 101.65 98.62 52.2 65.79 92.27 0.0 21.38 70.23 79.12 70.06 45.22 60.83 63.81 59.51 25.0 
60.3 46.87 39.96 69.08 27.73 87.68 63.81 109.62 24.08 104.8 77.37 69.35 52.35 82.62 50.92 81.54 62.17 19.42 6.32 36.06 60.42 27.8 41.19 56.32 52.8 12.17 41.34 66.85 63.89 58.67 75.06 86.02 35.23 59.03 11.31 12.53 78.39 26.4 82.97 60.37 35.81 47.27 30.81 67.98 62.94 13.0 28.86 88.73 6.71 52.92 34.06 30.23 23.26 15.03 40.31 83.01 78.45 31.02 58.01 71.85 21.38 0.0 49.24 72.01 49.01 33.38 45.18 44.6 43.93 19.03 
55.87 44.41 42.45 19.92 37.74 45.31 16.64 65.51 27.66 59.91 60.84 45.88 45.01 45.4 37.12 32.31 52.63 61.66 44.78 42.72 11.18 50.48 24.33 69.84 3.61 53.6 27.46 48.1 42.15 34.89 73.0 39.05 65.62 22.8 54.34 61.74 48.37 55.61 64.26 11.4 82.2 25.08 20.1 43.66 25.02 55.8 52.61 49.48 53.76 38.29 24.6 62.2 53.91 56.22 17.89 60.21 47.42 18.36 58.14 40.46 70.23 49.24 0.0 68.12 21.38 42.06 31.24 15.62 50.45 60.31 
13.0 27.2 98.68 78.01 87.36 61.81 65.22 78.1 73.68 77.03 18.25 29.41 106.93 50.49 100.65 84.12 15.56 63.32 74.17 96.46 71.59 95.35 85.88 24.76 68.62 84.01 42.54 114.59 109.0 35.0 5.0 72.42 47.85 90.91 64.63 78.92 38.21 96.52 22.47 69.53 103.37 89.69 59.09 31.02 50.77 85.01 44.72 56.14 69.35 29.83 81.02 50.33 93.43 87.0 52.15 128.0 115.52 67.12 14.0 108.58 79.12 72.01 68.12 0.0 87.37 39.2 37.74 52.8 105.95 91.02 
74.63 61.72 25.0 30.89 26.4 64.33 35.36 82.64 25.18 76.69 81.71 67.05 24.19 66.03 16.03 42.01 72.2 66.1 43.01 26.87 26.68 38.28 8.54 85.15 23.02 48.27 45.0 27.29 21.63 55.71 92.09 55.15 75.24 10.44 57.71 60.21 69.72 44.42 85.38 28.44 75.39 4.47 30.61 64.85 46.27 50.45 63.06 69.46 55.15 57.8 15.03 70.94 43.83 50.0 35.23 41.04 31.3 23.32 76.06 24.17 70.06 49.01 21.38 87.37 0.0 55.61 49.65 34.89 32.25 53.14 
27.02 13.6 61.29 59.41 49.24 63.95 49.01 85.59 36.36 81.84 44.27 38.42 71.03 56.04 65.95 70.01 28.86 30.41 35.01 58.6 50.64 56.29 51.62 29.7 44.38 45.1 17.12 81.32 76.42 30.0 42.76 67.19 25.32 62.27 28.18 42.15 48.8 57.31 49.98 49.37 67.23 56.64 25.0 37.54 40.8 46.27 13.0 62.68 31.95 21.93 45.45 23.41 54.23 48.17 24.52 96.33 86.53 32.56 25.32 79.32 45.22 33.38 42.06 39.2 55.61 0.0 17.46 28.16 68.03 52.35 
25.0 13.42 62.37 45.22 52.15 46.53 33.54 68.26 38.12 64.41 35.06 24.35 69.64 39.05 63.07 54.59 22.85 47.01 44.6 60.67 37.16 62.13 48.33 39.56 32.45 55.36 5.1 76.85 71.28 13.6 42.44 50.01 42.45 53.74 43.19 56.04 33.29 64.78 40.01 35.47 80.78 51.97 22.36 22.85 23.54 57.01 30.46 45.61 45.8 9.06 43.97 40.85 61.98 58.52 14.42 90.43 78.49 30.08 26.91 71.42 60.83 45.18 31.24 37.74 49.65 17.46 0.0 15.62 70.04 62.97 
40.36 28.84 51.01 31.26 42.76 43.19 21.38 65.05 29.41 60.21 47.13 33.24 56.52 39.36 49.34 42.05 37.44 52.55 41.87 50.09 22.56 54.41 34.93 54.56 17.0 52.2 12.08 62.18 56.44 21.38 57.63 42.06 53.01 38.21 46.53 56.85 38.47 58.31 51.2 21.21 79.98 37.7 14.42 31.14 18.6 54.2 40.05 44.94 47.43 23.02 32.02 50.25 55.95 55.22 4.47 75.21 62.94 19.42 42.52 55.9 63.81 44.6 15.62 52.8 34.89 28.16 15.62 0.0 59.0 59.64 
93.01 78.75 8.06 63.13 18.79 95.51 66.41 114.63 32.28 108.75 104.94 92.09 13.6 95.71 19.21 74.06 92.42 63.25 38.18 9.49 58.31 17.46 26.25 96.38 53.16 35.36 64.94 29.27 29.73 80.1 110.05 87.24 78.57 40.46 55.23 49.65 97.19 22.56 109.55 59.81 54.0 27.78 47.68 90.05 74.81 36.67 69.63 99.92 50.45 79.08 27.02 73.59 24.35 34.93 57.14 44.05 46.17 40.2 92.7 42.05 59.51 43.93 50.45 105.95 32.25 68.03 70.04 59.0 0.0 35.44 
79.31 65.76 35.06 79.06 26.93 102.62 76.38 124.2 32.65 119.0 96.1 87.32 47.38 98.79 49.04 91.53 81.05 33.54 18.38 31.02 71.22 18.25 44.6 74.53 63.89 7.62 58.69 63.29 62.0 76.16 94.02 99.01 51.62 63.57 27.89 16.4 95.75 13.0 101.64 71.7 22.36 50.0 45.22 85.8 78.24 6.08 47.38 104.56 22.56 71.17 38.91 46.82 11.18 4.47 55.76 78.92 78.1 42.43 77.03 72.44 25.0 19.03 60.31 91.02 53.14 52.35 62.97 59.64 35.44 0.0 
