10
0.0 13.6 18.68 19.03 14.56 8.25 7.81 8.06 16.12 10.0 
13.6 0.0 7.62 10.63 5.0 6.71 5.83 10.0 3.0 5.0 
18.68 7.62 0.0 4.12 4.12 10.44 12.0 17.26 5.0 12.37 
19.03 10.63 4.12 0.0 5.83 11.05 13.6 19.31 8.6 14.76 
14.56 5.0 4.12 5.83 0.0 6.32 8.06 13.6 4.0 8.94 
8.25 6.71 10.44 11.05 6.32 0.0 3.61 9.22 8.49 6.32 
7.81 5.83 12.0 13.6 8.06 3.61 0.0 5.83 8.54 3.0 
8.06 10.0 17.26 19.31 13.6 9.22 5.83 0.0 13.0 5.0 
16.12 3.0 5.0 8.6 4.0 8.49 8.54 13.0 0.0 8.0 
10.0 5.0 12.37 14.76 8.94 6.32 3.0 5.0 8.0 0.0 
