35
0.0 7.28 10.82 14.04 10.2 12.37 1.0 15.13 15.3 18.0 13.04 25.06 7.21 5.66 1.0 22.02 19.65 22.8 20.81 6.4 18.97 3.61 15.81 19.85 1.41 10.0 9.22 7.81 17.8 12.04 18.44 16.76 3.16 5.39 5.39 
7.28 0.0 11.05 7.07 5.0 7.07 6.32 17.72 17.46 21.19 6.71 24.52 6.08 3.61 7.62 24.74 21.1 24.02 19.65 7.62 20.02 5.1 12.53 18.03 8.06 8.06 14.21 3.16 16.49 15.23 16.76 18.11 9.43 11.4 2.0 
10.82 11.05 0.0 12.81 8.06 8.49 10.3 7.21 6.71 10.82 10.63 14.32 5.0 13.15 10.0 13.93 10.05 13.0 10.0 4.47 9.0 12.65 7.0 9.22 12.21 3.61 8.0 14.0 7.07 5.83 7.81 7.07 9.22 8.94 11.05 
14.04 7.07 12.81 0.0 5.0 4.47 13.04 20.0 19.42 23.6 2.24 23.09 9.43 10.44 14.14 26.42 21.93 24.35 18.11 11.66 20.62 12.17 10.05 16.03 15.0 9.22 18.87 8.94 15.3 18.38 15.13 19.24 15.52 17.09 9.06 
10.2 5.0 8.06 5.0 0.0 2.24 9.22 15.26 14.76 18.87 3.16 20.1 4.47 8.49 10.05 21.93 17.72 20.4 15.13 6.71 16.49 9.43 7.62 13.34 11.4 4.47 13.89 8.06 12.04 13.45 12.17 14.87 11.05 12.37 6.4 
12.37 7.07 8.49 4.47 2.24 0.0 11.4 15.62 15.0 19.21 2.24 19.0 6.08 10.63 12.17 21.95 17.46 19.92 14.0 8.25 16.16 11.66 6.08 12.04 13.6 5.0 15.23 10.0 11.05 14.21 11.0 14.76 13.0 14.14 8.6 
1.0 6.32 10.3 13.04 9.22 11.4 0.0 15.03 15.13 18.03 12.04 24.6 6.4 5.0 1.41 22.0 19.42 22.56 20.25 5.83 18.68 3.16 15.0 19.21 2.24 9.22 9.49 7.07 17.2 12.0 17.8 16.49 3.61 5.83 4.47 
15.13 17.72 7.21 20.0 15.26 15.62 15.03 0.0 1.0 3.61 17.8 12.21 11.7 19.1 14.14 7.07 5.0 8.06 10.2 10.2 5.0 18.0 12.53 11.0 16.28 10.82 7.21 20.4 9.06 3.16 10.05 3.16 12.37 10.77 17.26 
15.3 17.46 6.71 19.42 14.76 15.0 15.13 1.0 0.0 4.24 17.2 11.4 11.4 19.03 14.32 7.28 4.47 7.62 9.22 10.05 4.24 18.03 11.66 10.0 16.49 10.3 7.81 20.22 8.06 3.61 9.06 2.24 12.65 11.18 17.12 
18.0 21.19 10.82 23.6 18.87 19.21 18.03 3.61 4.24 0.0 21.4 12.65 15.23 22.36 17.0 4.12 5.1 7.21 12.04 13.6 6.0 21.1 15.81 13.34 19.03 14.42 9.22 23.77 11.7 6.08 12.65 5.39 15.03 13.15 20.62 
13.04 6.71 10.63 2.24 3.16 2.24 12.04 17.8 17.2 21.4 0.0 21.02 7.62 10.3 13.0 24.19 19.7 22.14 16.03 9.85 18.38 11.7 8.0 14.0 14.14 7.07 17.0 9.22 13.15 16.28 13.04 17.0 14.14 15.52 8.54 
25.06 24.52 14.32 23.09 20.1 19.0 24.6 12.21 11.4 12.65 21.02 0.0 18.97 27.2 24.19 11.0 7.62 6.0 5.0 18.79 7.21 26.93 13.04 7.07 26.42 16.49 19.1 27.66 8.06 14.87 8.0 9.22 23.02 22.02 25.0 
7.21 6.08 5.0 9.43 4.47 6.08 6.4 11.7 11.4 15.23 7.62 18.97 0.0 8.25 6.71 18.68 15.03 18.0 14.32 2.24 14.0 8.06 8.6 13.04 8.6 2.83 9.43 9.0 11.18 9.43 11.66 12.04 7.07 8.06 6.08 
5.66 3.61 13.15 10.44 8.49 10.63 5.0 19.1 19.03 22.36 10.3 27.2 8.25 0.0 6.4 26.17 23.02 26.08 22.47 9.0 22.09 2.24 15.81 21.02 5.83 10.77 14.32 2.24 19.31 16.28 19.7 20.02 8.6 10.82 2.24 
1.0 7.62 10.0 14.14 10.05 12.17 1.41 14.14 14.32 17.0 13.0 24.19 6.71 6.4 0.0 21.02 18.68 21.84 20.0 5.66 18.03 4.47 15.26 19.1 2.24 9.43 8.25 8.49 17.03 11.05 17.69 15.81 2.24 4.47 5.83 
22.02 24.74 13.93 26.42 21.93 21.95 22.0 7.07 7.28 4.12 24.19 11.0 18.68 26.17 21.02 0.0 5.0 5.0 12.08 17.26 6.4 25.02 17.69 13.89 23.09 17.46 13.34 27.46 12.81 10.0 13.6 7.21 19.1 17.26 24.33 
19.65 21.1 10.05 21.93 17.72 17.46 19.42 5.0 4.47 5.1 19.7 7.62 15.03 23.02 18.68 5.0 0.0 3.16 7.28 14.04 1.41 22.2 12.81 8.94 20.88 13.34 12.21 24.02 7.81 8.06 8.6 3.0 17.09 15.65 21.0 
22.8 24.02 13.0 24.35 20.4 19.92 22.56 8.06 7.62 7.21 22.14 6.0 18.0 26.08 21.84 5.0 3.16 0.0 7.81 17.12 4.0 25.32 14.76 9.9 24.04 16.12 15.26 27.0 9.43 11.18 10.0 6.08 20.25 18.79 24.02 
20.81 19.65 10.0 18.11 15.13 14.0 20.25 10.2 9.22 12.04 16.03 5.0 14.32 22.47 20.0 12.08 7.28 7.81 0.0 14.42 6.08 22.36 8.06 2.24 22.2 11.7 16.12 22.8 3.16 12.08 3.0 7.07 19.1 18.44 20.25 
6.4 7.62 4.47 11.66 6.71 8.25 5.83 10.2 10.05 13.6 9.85 18.79 2.24 9.0 5.66 17.26 14.04 17.12 14.42 0.0 13.15 8.25 9.85 13.45 7.81 4.12 7.21 10.2 11.4 7.62 12.04 11.05 5.39 6.0 7.07 
18.97 20.02 9.0 20.62 16.49 16.16 18.68 5.0 4.24 6.0 18.38 7.21 14.0 22.09 18.03 6.4 1.41 4.0 6.08 13.15 0.0 21.38 11.4 7.62 20.25 12.17 12.04 23.0 6.4 7.81 7.21 2.24 16.55 15.26 20.02 
3.61 5.1 12.65 12.17 9.43 11.66 3.16 18.0 18.03 21.1 11.7 26.93 8.06 2.24 4.47 25.02 22.2 25.32 22.36 8.25 21.38 0.0 16.28 21.1 3.61 10.82 12.65 4.47 19.24 15.03 19.72 19.24 6.71 8.94 3.16 
15.81 12.53 7.0 10.05 7.62 6.08 15.0 12.53 11.66 15.81 8.0 13.04 8.6 15.81 15.26 17.69 12.81 14.76 8.06 9.85 11.4 16.28 0.0 6.0 17.2 5.83 15.0 15.65 5.39 12.37 5.1 10.63 15.23 15.52 13.6 
19.85 18.03 9.22 16.03 13.34 12.04 19.21 11.0 10.0 13.34 14.0 7.07 13.04 21.02 19.1 13.89 8.94 9.9 2.24 13.45 7.62 21.1 6.0 0.0 21.26 10.3 16.16 21.19 2.24 12.37 1.41 8.06 18.44 18.03 18.79 
1.41 8.06 12.21 15.0 11.4 13.6 2.24 16.28 16.49 19.03 14.14 26.42 8.6 5.83 2.24 23.09 20.88 24.04 22.2 7.81 20.25 3.61 17.2 21.26 0.0 11.4 10.05 8.06 19.21 13.15 19.85 18.03 4.0 6.08 6.08 
10.0 8.06 3.61 9.22 4.47 5.0 9.22 10.82 10.3 14.42 7.07 16.49 2.83 10.77 9.43 17.46 13.34 16.12 11.7 4.12 12.17 10.82 5.83 10.3 11.4 0.0 10.44 11.18 8.54 9.22 8.94 10.44 9.49 10.05 8.54 
9.22 14.21 8.0 18.87 13.89 15.23 9.49 7.21 7.81 9.22 17.0 19.1 9.43 14.32 8.25 13.34 12.21 15.26 16.12 7.21 12.04 12.65 15.0 16.16 10.05 10.44 0.0 16.12 13.93 4.24 14.87 9.9 6.08 4.0 13.04 
7.81 3.16 14.0 8.94 8.06 10.0 7.07 20.4 20.22 23.77 9.22 27.66 9.0 2.24 8.49 27.46 24.02 27.0 22.8 10.2 23.0 4.47 15.65 21.19 8.06 11.18 16.12 0.0 19.65 17.72 19.92 21.02 10.63 12.81 3.16 
17.8 16.49 7.07 15.3 12.04 11.05 17.2 9.06 8.06 11.7 13.15 8.06 11.18 19.31 17.03 12.81 7.81 9.43 3.16 11.4 6.4 19.24 5.39 2.24 19.21 8.54 13.93 19.65 0.0 10.2 1.0 6.32 16.28 15.81 17.09 
12.04 15.23 5.83 18.38 13.45 14.21 12.0 3.16 3.61 6.08 16.28 14.87 9.43 16.28 11.05 10.0 8.06 11.18 12.08 7.62 7.81 15.03 12.37 12.37 13.15 9.22 4.24 17.72 10.2 0.0 11.18 5.66 9.22 7.62 14.56 
18.44 16.76 7.81 15.13 12.17 11.0 17.8 10.05 9.06 12.65 13.04 8.0 11.66 19.7 17.69 13.6 8.6 10.0 3.0 12.04 7.21 19.72 5.1 1.41 19.85 8.94 14.87 19.92 1.0 11.18 0.0 7.28 17.03 16.64 17.46 
16.76 18.11 7.07 19.24 14.87 14.76 16.49 3.16 2.24 5.39 17.0 9.22 12.04 20.02 15.81 7.21 3.0 6.08 7.07 11.05 2.24 19.24 10.63 8.06 18.03 10.44 9.9 21.02 6.32 5.66 7.28 0.0 14.32 13.04 18.0 
3.16 9.43 9.22 15.52 11.05 13.0 3.61 12.37 12.65 15.03 14.14 23.02 7.07 8.6 2.24 19.1 17.09 20.25 19.1 5.39 16.55 6.71 15.23 18.44 4.0 9.49 6.08 10.63 16.28 9.22 17.03 14.32 0.0 2.24 7.81 
5.39 11.4 8.94 17.09 12.37 14.14 5.83 10.77 11.18 13.15 15.52 22.02 8.06 10.82 4.47 17.26 15.65 18.79 18.44 6.0 15.26 8.94 15.52 18.03 6.08 10.05 4.0 12.81 15.81 7.62 16.64 13.04 2.24 0.0 9.9 
5.39 2.0 11.05 9.06 6.4 8.6 4.47 17.26 17.12 20.62 8.54 25.0 6.08 2.24 5.83 24.33 21.0 24.02 20.25 7.07 20.02 3.16 13.6 18.79 6.08 8.54 13.04 3.16 17.09 14.56 17.46 18.0 7.81 9.9 0.0 
