70
0.0 64.28 16.12 56.61 10.3 24.04 85.7 51.87 83.01 105.54 73.35 13.42 80.4 70.94 97.69 20.4 58.69 33.54 15.13 112.0 68.35 49.4 48.83 10.3 86.58 19.31 10.05 54.04 39.12 76.0 39.32 56.59 33.53 100.72 106.23 12.17 33.6 33.12 27.29 51.62 62.63 7.07 85.88 84.48 33.54 64.56 30.59 85.38 87.32 94.76 12.53 69.72 6.71 75.17 39.0 30.36 60.17 56.04 55.73 13.6 91.27 107.21 90.2 92.14 73.01 41.23 82.22 14.32 59.82 75.39 
64.28 0.0 48.17 32.45 73.01 48.27 22.83 50.93 37.66 42.54 11.31 58.31 16.12 20.1 41.23 44.05 19.72 35.17 49.16 54.45 18.0 52.35 49.52 73.82 22.36 46.01 63.13 10.77 25.18 13.42 27.31 40.22 78.43 36.5 48.8 62.29 39.56 53.23 63.57 19.1 36.25 57.43 36.06 24.76 63.98 12.17 62.77 21.1 30.0 30.59 70.18 6.4 58.08 35.01 57.45 35.13 11.66 8.94 17.49 60.41 29.97 46.62 26.0 30.08 10.3 28.84 18.0 50.09 35.36 22.8 
16.12 48.17 0.0 43.14 25.18 15.03 69.63 43.01 68.6 89.5 57.27 14.14 64.28 55.46 82.29 4.47 43.42 19.1 1.0 96.61 52.8 41.23 39.85 25.96 70.46 5.39 17.0 38.0 23.02 60.03 24.04 44.65 39.7 84.59 90.8 17.2 21.1 27.0 27.73 36.4 49.58 9.49 71.02 68.62 32.57 48.7 29.73 69.26 71.69 78.64 23.77 53.6 10.05 61.07 34.01 14.76 44.27 40.0 40.52 16.28 75.54 91.42 74.11 76.32 57.01 26.83 66.12 2.24 46.75 59.93 
56.61 32.45 43.14 0.0 61.72 33.12 41.23 19.72 26.93 57.87 32.2 45.18 42.2 21.19 44.28 38.95 12.81 24.08 43.84 58.05 20.12 21.93 19.31 66.85 46.14 38.21 50.54 32.02 30.81 44.6 38.64 7.81 56.01 57.94 52.61 48.75 23.02 30.27 42.43 41.3 6.71 51.74 30.81 36.14 40.0 21.93 40.11 46.32 36.12 52.39 56.46 32.53 50.0 18.79 31.14 29.41 20.81 32.57 42.95 46.52 60.21 56.0 51.62 59.67 41.87 43.42 45.0 43.86 4.12 24.52 
10.3 73.01 25.18 61.72 0.0 28.64 93.77 53.74 88.57 113.44 81.5 16.55 89.05 77.88 104.36 29.02 65.52 40.26 24.19 118.6 75.43 50.93 50.93 10.0 95.13 27.07 11.18 63.07 48.04 85.15 49.03 60.46 27.02 109.22 112.89 13.04 39.0 34.66 25.55 61.39 67.23 17.09 91.92 91.98 31.76 72.18 29.15 94.05 94.37 103.24 6.71 78.16 15.13 80.5 39.2 38.21 67.9 65.07 65.51 15.26 100.72 114.48 99.01 101.49 82.1 51.24 91.01 23.09 64.5 82.28 
24.04 48.27 15.03 33.12 28.64 0.0 67.0 28.64 59.93 86.21 55.08 12.08 63.64 49.82 75.96 13.34 37.48 13.15 15.13 90.14 47.52 26.57 25.5 34.06 69.35 10.05 17.46 39.92 26.08 61.4 31.11 32.56 30.89 83.15 84.48 15.81 10.44 12.04 16.4 42.2 38.83 20.59 63.32 64.38 19.42 45.01 17.03 68.59 66.29 77.16 23.77 52.47 17.8 51.88 19.1 14.42 41.01 41.79 46.04 13.6 77.79 86.49 73.82 78.16 58.24 35.47 65.92 14.32 36.06 54.13 
85.7 22.83 69.63 41.23 93.77 67.0 0.0 60.84 29.07 19.92 12.37 78.16 9.85 20.12 21.84 65.31 30.59 54.04 70.61 33.02 21.19 63.16 60.54 95.57 7.28 66.75 83.29 33.54 47.13 18.79 50.09 48.3 95.19 16.76 27.78 82.15 57.08 69.05 80.62 41.4 41.34 79.08 24.35 7.62 79.62 22.02 79.08 9.06 13.15 11.18 90.2 16.55 79.25 31.89 71.57 55.58 26.02 31.76 38.95 80.1 25.0 24.08 12.53 23.41 19.42 51.62 11.18 71.39 42.06 17.8 
51.87 50.93 43.01 19.72 53.74 28.64 60.84 0.0 42.0 76.66 51.87 38.6 61.85 40.72 61.2 40.02 32.02 28.02 43.32 74.01 39.82 3.16 3.16 61.22 65.86 37.64 43.28 48.02 41.23 63.7 49.03 12.65 40.52 77.47 69.03 41.11 23.09 19.1 29.68 55.54 20.4 49.19 47.1 55.36 25.08 41.4 26.42 66.04 54.57 72.01 47.42 51.86 46.14 34.06 15.65 34.0 39.62 49.09 58.14 39.05 79.65 73.68 71.34 79.2 60.83 54.13 64.64 42.72 18.97 43.66 
83.01 37.66 68.6 26.93 88.57 59.93 29.07 42.0 0.0 37.74 29.02 72.01 36.14 17.72 19.65 64.2 26.25 49.65 69.4 32.02 20.25 45.01 43.1 93.3 36.25 64.07 77.39 44.38 51.22 43.29 57.69 30.27 81.74 42.45 27.07 75.64 49.65 56.75 68.88 54.78 22.36 77.67 5.83 21.47 65.76 26.57 66.29 37.7 17.03 38.6 83.38 33.06 76.32 8.25 56.44 54.04 29.97 43.66 54.41 73.41 53.85 32.57 41.59 52.39 42.05 61.4 38.6 69.63 24.74 15.03 
105.54 42.54 89.5 57.87 113.44 86.21 19.92 76.66 37.74 0.0 32.28 97.62 27.46 37.12 19.85 85.15 49.0 73.44 90.47 21.0 39.01 79.31 76.9 115.45 21.4 86.49 102.83 53.31 67.05 35.47 69.86 64.03 113.36 11.4 18.68 101.6 76.06 87.21 99.08 60.54 56.32 98.95 31.91 22.02 97.51 41.3 97.25 23.43 22.14 14.21 109.66 36.4 99.04 43.86 88.96 75.31 45.54 51.48 57.69 99.5 32.31 10.05 21.4 30.08 37.2 71.12 27.02 91.22 57.72 33.38 
73.35 11.31 57.27 32.2 81.5 55.08 12.37 51.87 29.02 32.28 0.0 66.03 10.0 13.42 30.0 52.95 20.12 42.01 58.25 43.14 12.81 53.85 51.11 83.2 14.56 54.45 71.11 21.63 34.79 14.56 38.08 39.82 83.95 28.07 37.48 70.03 45.4 57.97 69.23 30.41 33.97 66.71 26.31 13.45 68.68 10.77 67.91 14.32 18.87 22.09 78.06 5.0 66.91 28.46 61.1 43.29 14.14 20.0 28.6 68.01 28.32 35.51 19.7 27.59 13.04 40.0 12.81 59.03 33.97 14.14 
13.42 58.31 14.14 45.18 16.55 12.08 78.16 38.6 72.01 97.62 66.03 0.0 74.11 61.61 87.93 16.12 49.24 24.19 13.45 102.14 59.23 36.06 35.61 22.67 80.02 13.0 5.39 49.03 34.21 71.02 37.12 44.2 25.61 94.0 96.46 4.0 22.47 19.72 15.13 49.24 50.77 13.04 75.39 75.95 21.0 56.32 18.0 79.1 78.1 88.0 12.04 63.03 9.0 63.95 25.63 23.19 52.15 50.99 53.31 2.24 87.1 98.27 84.21 87.66 67.9 40.5 76.24 12.04 48.02 65.97 
80.4 16.12 64.28 42.2 89.05 63.64 9.85 61.85 36.14 27.46 10.0 74.11 0.0 22.8 31.62 60.13 30.02 50.49 65.28 42.72 22.63 63.81 61.06 89.94 6.32 62.01 79.03 26.68 41.3 8.94 43.01 49.82 93.15 20.4 37.59 78.1 54.34 67.36 78.34 33.12 43.84 73.55 32.25 16.03 78.11 20.59 77.2 5.0 22.09 14.56 86.05 11.18 74.17 37.12 70.77 51.01 23.41 24.74 30.23 76.16 18.6 33.3 10.2 17.69 9.9 43.86 2.83 66.19 43.93 22.36 
70.94 20.1 55.46 21.19 77.88 49.82 20.12 40.72 17.72 37.12 13.42 61.61 22.8 0.0 26.83 50.99 12.37 37.64 56.36 41.15 2.83 43.08 40.5 81.15 25.61 51.62 66.94 26.83 35.47 27.86 41.11 28.18 76.24 36.77 35.34 65.51 39.46 50.09 62.01 37.16 21.4 64.88 17.2 15.13 60.41 8.94 60.13 26.17 16.49 31.3 73.55 16.28 64.26 15.3 51.97 40.72 12.81 26.0 36.69 63.35 41.4 36.67 31.24 40.46 25.96 44.41 25.61 56.86 21.95 4.47 
97.69 41.23 82.29 44.28 104.36 75.96 21.84 61.2 19.65 19.85 30.0 87.93 31.62 26.83 0.0 77.82 39.0 64.26 83.19 14.32 29.53 64.12 62.03 107.94 28.28 78.39 93.3 50.91 61.85 40.5 66.71 49.01 100.18 27.86 8.54 91.76 65.52 74.55 86.7 60.31 41.01 91.71 14.14 16.64 84.15 34.41 84.38 30.41 11.31 26.31 99.72 35.0 91.0 27.17 75.03 67.54 38.83 49.52 58.6 89.56 45.01 13.0 32.0 43.05 40.72 69.31 32.98 83.67 43.01 22.36 
20.4 44.05 4.47 38.95 29.02 13.34 65.31 40.02 64.2 85.15 52.95 16.12 60.13 50.99 77.82 0.0 38.95 14.87 5.39 92.14 48.33 38.47 36.88 30.36 66.27 3.61 19.92 34.06 19.03 56.14 21.02 40.82 41.04 80.4 86.33 19.7 17.46 25.32 28.02 33.24 45.45 13.93 66.57 64.2 32.2 44.27 29.53 65.12 67.23 74.43 26.93 49.37 14.04 56.73 32.39 10.3 39.85 36.06 37.34 18.36 71.85 86.98 70.03 72.56 53.08 24.41 62.03 6.08 42.64 55.46 
58.69 19.72 43.42 12.81 65.52 37.48 30.59 32.02 26.25 49.0 20.12 49.24 30.02 12.37 39.0 38.95 0.0 25.3 44.29 53.31 10.05 33.84 31.06 68.94 34.54 39.4 54.57 21.0 25.0 31.83 31.76 20.62 64.63 47.3 47.54 53.15 27.17 38.47 50.16 31.14 16.76 52.77 27.8 27.02 49.03 9.43 48.51 34.44 28.86 41.48 61.19 19.85 52.0 20.12 41.11 28.65 8.06 21.1 32.02 50.99 47.63 49.03 39.81 47.2 29.07 35.85 32.76 44.72 15.65 16.76 
33.54 35.17 19.1 24.08 40.26 13.15 54.04 28.02 49.65 73.44 42.01 24.19 50.49 37.64 64.26 14.87 25.3 0.0 19.85 78.55 35.17 27.29 25.08 43.83 56.22 14.42 29.43 27.29 15.0 48.38 21.93 26.4 43.46 70.06 72.8 28.16 5.83 19.8 28.64 31.14 30.61 28.02 52.35 51.79 30.0 32.14 28.3 55.44 54.12 64.07 36.22 39.32 26.83 42.01 25.81 6.08 28.02 29.07 34.66 26.08 64.85 74.22 60.67 65.15 45.22 26.93 52.77 20.0 27.8 42.06 
15.13 49.16 1.0 43.84 24.19 15.13 70.61 43.32 69.4 90.47 58.25 13.45 65.28 56.36 83.19 5.39 44.29 19.85 0.0 97.51 53.71 41.48 40.16 25.0 71.45 5.83 16.12 39.0 24.02 61.03 25.0 45.22 39.05 85.59 91.71 16.4 21.63 27.02 27.31 37.36 50.25 8.54 71.87 69.57 32.28 49.65 29.41 70.26 72.62 79.63 22.85 54.59 9.06 61.85 34.0 15.65 45.22 41.0 41.48 15.56 76.53 92.36 75.11 77.32 58.01 27.73 67.12 1.41 47.42 60.84 
112.0 54.45 96.61 58.05 118.6 90.14 33.02 74.01 32.02 21.0 43.14 102.14 42.72 41.15 14.32 92.14 53.31 78.55 97.51 0.0 43.83 77.03 75.11 122.25 38.01 92.7 107.52 64.54 76.01 51.62 80.6 62.2 113.64 32.14 5.83 105.95 79.7 88.28 100.45 73.54 54.23 106.02 27.29 29.73 97.62 48.55 98.01 40.25 25.24 33.24 113.89 48.08 105.31 40.11 88.36 81.86 53.0 63.03 71.51 103.74 52.39 11.05 40.16 50.22 52.43 82.98 43.42 97.99 56.44 36.67 
68.35 18.0 52.8 20.12 75.43 47.52 21.19 39.82 20.25 39.01 12.81 59.23 22.63 2.83 29.53 48.33 10.05 35.17 53.71 43.83 0.0 42.05 39.4 78.55 26.08 49.04 64.54 24.17 32.65 26.83 38.29 27.46 74.43 37.95 38.01 63.15 37.22 48.26 60.07 34.54 21.21 62.24 20.0 17.0 58.69 6.32 58.31 26.4 18.97 32.31 71.2 14.87 61.68 17.03 50.45 38.08 10.0 23.41 34.21 61.0 41.11 39.05 31.62 40.31 24.7 41.62 25.46 54.23 21.4 7.21 
49.4 52.35 41.23 21.93 50.93 26.57 63.16 3.16 45.01 79.31 53.85 36.06 63.81 43.08 64.12 38.47 33.84 27.29 41.48 77.03 42.05 0.0 2.83 58.6 68.0 35.9 40.61 48.83 41.11 65.3 48.76 15.3 37.36 79.85 72.01 38.42 22.02 16.4 26.63 55.9 23.19 47.01 50.04 57.87 21.93 43.27 23.32 68.1 57.27 74.32 44.55 53.6 43.83 37.01 12.53 33.14 41.23 50.0 58.67 36.4 81.4 76.53 73.43 81.02 62.37 53.85 66.57 40.8 21.59 46.17 
48.83 49.52 39.85 19.31 50.93 25.5 60.54 3.16 43.1 76.9 51.11 35.61 61.06 40.5 62.03 36.88 31.06 25.08 40.16 75.11 39.4 2.83 0.0 58.26 65.3 34.48 40.36 46.04 38.6 62.48 46.32 13.04 38.83 77.25 70.01 38.21 20.02 16.28 27.29 53.23 21.02 46.07 48.0 55.36 23.09 40.5 24.17 65.37 54.92 71.69 44.69 50.8 43.05 35.01 13.6 31.02 38.42 47.2 55.95 36.12 78.6 74.33 70.71 78.24 59.55 51.42 63.81 39.56 19.24 43.68 
10.3 73.82 25.96 66.85 10.0 34.06 95.57 61.22 93.3 115.45 83.2 22.67 89.94 81.15 107.94 30.36 68.94 43.83 25.0 122.25 78.55 58.6 58.26 0.0 96.18 29.55 18.03 63.39 48.66 85.15 48.0 66.6 37.01 110.32 116.47 20.25 43.83 42.2 34.54 60.07 72.8 16.49 96.18 94.56 40.85 74.63 38.08 94.89 97.5 104.39 16.28 79.43 17.0 85.44 47.51 40.5 70.21 65.38 64.12 22.2 100.02 117.32 99.61 101.0 82.22 49.25 91.66 24.35 70.0 85.62 
86.58 22.36 70.46 46.14 95.13 69.35 7.28 65.86 36.25 21.4 14.56 80.02 6.32 25.61 28.28 66.27 34.54 56.22 71.45 38.01 26.08 68.0 65.3 96.18 0.0 68.07 85.0 32.98 47.52 14.14 49.34 53.54 98.49 14.14 33.24 84.02 59.84 72.53 83.74 39.36 47.01 79.76 31.62 14.87 83.24 25.3 82.46 2.24 20.4 8.25 92.01 17.0 80.31 38.6 75.61 57.01 28.64 31.05 36.36 82.05 17.72 28.02 5.66 16.16 15.81 50.16 5.66 72.34 47.43 24.08 
19.31 46.01 5.39 38.21 27.07 10.05 66.75 37.64 64.07 86.49 54.45 13.0 62.01 51.62 78.39 3.61 39.4 14.42 5.83 92.7 49.04 35.9 34.48 29.55 68.07 0.0 17.26 36.35 21.38 58.42 24.19 39.41 37.54 82.15 86.93 16.76 15.81 22.09 24.41 36.25 44.55 13.6 66.73 65.25 28.64 45.35 25.94 67.01 68.01 76.16 24.33 51.09 12.65 56.4 29.15 11.18 41.0 38.33 40.31 15.23 74.33 87.93 72.01 74.97 55.33 27.8 64.01 5.66 41.73 56.08 
10.05 63.13 17.0 50.54 11.18 17.46 83.29 43.28 77.39 102.83 71.11 5.39 79.03 66.94 93.3 19.92 54.57 29.43 16.12 107.52 64.54 40.61 40.36 18.03 85.0 17.26 0.0 53.6 38.64 75.66 40.85 49.41 24.6 99.02 101.83 2.24 27.86 24.21 17.26 53.14 56.08 12.53 80.78 81.22 23.54 61.52 20.62 84.02 83.43 93.02 7.07 68.0 8.6 69.32 29.53 28.02 57.31 55.58 57.25 4.24 91.59 103.59 89.09 92.23 72.56 43.83 81.1 14.76 53.34 71.31 
54.04 10.77 38.0 32.02 63.07 39.92 33.54 48.02 44.38 53.31 21.63 49.03 26.68 26.83 50.91 34.06 21.0 27.29 39.0 64.54 24.17 48.83 46.04 63.39 32.98 36.35 53.6 0.0 15.03 22.09 16.55 39.22 70.68 47.07 58.8 52.95 32.45 46.62 55.9 10.44 37.34 47.1 43.91 34.83 57.14 17.89 55.57 31.58 39.6 41.23 60.67 17.0 48.01 40.02 51.74 25.96 14.56 2.0 11.05 51.2 38.08 57.14 36.22 38.64 19.03 18.44 28.28 40.01 35.69 30.53 
39.12 25.18 23.02 30.81 48.04 26.08 47.13 41.23 51.22 67.05 34.79 34.21 41.3 35.47 61.85 19.03 25.0 15.0 24.02 76.01 32.65 41.11 38.6 48.66 47.52 21.38 38.64 15.03 0.0 37.12 8.0 36.06 56.94 61.66 70.18 38.08 20.81 34.71 42.44 16.28 37.36 32.25 52.33 46.96 44.6 27.46 42.64 46.27 50.77 55.73 45.71 30.81 33.0 44.94 40.8 11.66 23.02 17.03 20.0 36.4 52.95 69.78 51.09 53.6 34.06 13.04 43.1 25.0 34.93 39.82 
76.0 13.42 60.03 44.6 85.15 61.4 18.79 63.7 43.29 35.47 14.56 71.02 8.94 27.86 40.5 56.14 31.83 48.38 61.03 51.62 26.83 65.3 62.48 85.15 14.14 58.42 75.66 22.09 37.12 0.0 37.34 52.4 91.76 26.83 46.53 74.97 52.92 66.64 76.9 26.25 47.43 69.01 40.0 24.52 77.39 22.8 76.16 12.04 30.59 21.63 82.73 12.21 70.06 43.01 70.83 47.85 24.08 20.1 22.85 73.16 16.55 42.01 15.23 16.76 3.16 37.36 8.49 62.07 47.01 28.64 
39.32 27.31 24.04 38.64 49.03 31.11 50.09 49.03 57.69 69.86 38.08 37.12 43.01 41.11 66.71 21.02 31.76 21.93 25.0 80.6 38.29 48.76 46.32 48.0 49.34 24.19 40.85 16.55 8.0 37.34 0.0 44.05 61.4 63.32 74.81 40.72 27.73 41.05 47.42 12.37 45.12 32.25 58.26 51.04 50.33 32.53 48.1 47.8 55.44 57.57 47.76 33.54 33.96 51.88 47.51 17.2 28.32 18.38 16.49 39.36 52.04 73.57 52.17 53.0 34.53 5.1 44.38 26.25 42.76 45.28 
56.59 40.22 44.65 7.81 60.46 32.56 48.3 12.65 30.27 64.03 39.82 44.2 49.82 28.18 49.01 40.82 20.62 26.4 45.22 62.2 27.46 15.3 13.04 66.6 53.54 39.41 49.41 39.22 36.06 52.4 44.05 0.0 51.48 64.88 57.04 47.43 23.6 26.93 38.9 48.05 8.0 52.5 35.01 42.72 35.51 29.7 36.14 53.82 41.98 59.48 54.71 40.31 50.21 22.09 26.17 32.31 28.6 39.92 50.0 45.22 67.94 61.29 59.08 67.36 49.68 49.01 52.63 45.0 6.32 31.02 
33.53 78.43 39.7 56.01 27.02 30.89 95.19 40.52 81.74 113.36 83.95 25.61 93.15 76.24 100.18 41.04 64.63 43.46 39.05 113.64 74.43 37.36 38.83 37.01 98.49 37.54 24.6 70.68 56.94 91.76 61.4 51.48 0.0 111.8 108.37 23.32 38.9 26.17 14.87 72.95 59.41 37.12 86.37 91.35 16.03 73.35 16.12 97.98 92.02 105.91 21.38 82.01 33.12 73.55 25.32 45.28 69.86 72.5 76.85 23.6 108.27 112.0 103.32 108.5 88.6 65.3 95.6 37.64 57.22 80.1 
100.72 36.5 84.59 57.94 109.22 83.15 16.76 77.47 42.45 11.4 28.07 94.0 20.4 36.77 27.86 80.4 47.3 70.06 85.59 32.14 37.95 79.85 77.25 110.32 14.14 82.15 99.02 47.07 61.66 26.83 63.32 64.88 111.8 0.0 29.07 98.0 73.44 85.7 97.16 52.92 57.71 93.9 36.88 22.47 96.32 38.47 95.71 15.52 25.46 6.0 106.0 31.06 94.43 47.01 88.32 71.06 42.19 45.12 49.66 96.01 21.02 21.1 11.66 18.79 29.15 63.91 18.97 86.47 58.6 34.0 
106.23 48.8 90.8 52.61 112.89 84.48 27.78 69.03 27.07 18.68 37.48 96.46 37.59 35.34 8.54 86.33 47.54 72.8 91.71 5.83 38.01 72.01 70.01 116.47 33.24 86.93 101.83 58.8 70.18 46.53 74.81 57.04 108.37 29.07 0.0 100.28 74.04 82.87 95.04 67.9 49.04 100.22 22.02 24.04 92.35 42.72 92.66 35.47 19.42 29.27 108.24 42.45 99.54 35.0 83.15 76.06 47.17 57.31 65.95 98.08 48.51 8.94 35.9 46.39 47.17 77.23 38.48 92.2 51.16 30.87 
12.17 62.29 17.2 48.75 13.04 15.81 82.15 41.11 75.64 101.6 70.03 4.0 78.1 65.51 91.76 19.7 53.15 28.16 16.4 105.95 63.15 38.42 38.21 20.25 84.02 16.76 2.24 52.95 38.08 74.97 40.72 47.43 23.32 98.0 100.28 0.0 26.25 22.02 15.13 52.92 54.2 13.93 79.12 79.91 21.38 60.3 18.44 83.1 82.0 92.0 8.06 67.03 9.85 67.54 27.29 27.17 56.14 54.92 57.01 2.24 91.01 102.18 88.2 91.59 71.85 43.91 80.22 15.0 51.48 69.86 
33.6 39.56 21.1 23.02 39.0 10.44 57.08 23.09 49.65 76.06 45.4 22.47 54.34 39.46 65.52 17.46 27.17 5.83 21.63 79.7 37.22 22.02 20.02 43.83 59.84 15.81 27.86 32.45 20.81 52.92 27.73 23.6 38.9 73.44 74.04 26.25 0.0 14.21 24.04 36.88 29.07 29.0 52.92 54.15 24.7 35.06 23.26 59.23 55.9 67.48 34.21 43.17 27.02 41.68 20.0 11.18 31.26 34.13 40.31 24.04 69.46 76.12 64.54 69.64 49.77 32.7 56.75 21.4 26.25 43.74 
33.12 53.23 27.0 30.27 34.66 12.04 69.05 19.1 56.75 87.21 57.97 19.72 67.36 50.09 74.55 25.32 38.47 19.8 27.02 88.28 48.26 16.4 16.28 42.2 72.53 22.09 24.21 46.62 34.71 66.64 41.05 26.93 26.17 85.7 82.87 22.02 14.21 0.0 12.17 50.93 34.48 31.32 61.0 65.19 10.77 47.3 10.05 72.12 66.01 79.83 28.43 56.3 27.86 48.51 7.07 23.85 43.97 48.26 54.45 20.0 83.19 86.09 77.49 83.26 63.51 45.79 69.89 26.08 32.02 54.01 
27.29 63.57 27.73 42.43 25.55 16.4 80.62 29.68 68.88 99.08 69.23 15.13 78.34 62.01 86.7 28.02 50.16 28.64 27.31 100.45 60.07 26.63 27.29 34.54 83.74 24.41 17.26 55.9 42.44 76.9 47.42 38.9 14.87 97.16 95.04 15.13 24.04 12.17 0.0 58.6 46.57 28.16 73.16 77.06 6.32 58.69 3.61 83.2 78.06 91.24 18.87 67.19 24.08 60.64 14.21 30.81 55.11 57.7 62.43 14.0 93.41 98.18 88.53 93.64 73.74 51.62 80.78 26.0 44.15 66.01 
51.62 19.1 36.4 41.3 61.39 42.2 41.4 55.54 54.78 60.54 30.41 49.24 33.12 37.16 60.31 33.24 31.14 31.14 37.36 73.54 34.54 55.9 53.23 60.07 39.36 36.25 53.14 10.44 16.28 26.25 12.37 48.05 72.95 52.92 67.9 52.92 36.88 50.93 58.6 0.0 47.04 44.55 54.12 43.86 60.88 28.23 58.9 37.58 49.04 47.42 60.08 25.46 46.32 50.45 56.85 27.8 25.0 11.18 4.12 51.48 40.01 65.44 41.44 41.11 23.77 11.18 34.01 38.6 45.18 40.71 
62.63 36.25 49.58 6.71 67.23 38.83 41.34 20.4 22.36 56.32 33.97 50.77 43.84 21.4 41.01 45.45 16.76 30.61 50.25 54.23 21.21 23.19 21.02 72.8 47.01 44.55 56.08 37.34 37.36 47.43 45.12 8.0 59.41 57.71 49.04 54.2 29.07 34.48 46.57 47.04 0.0 58.0 27.02 35.34 43.42 24.7 43.93 47.51 34.21 52.48 61.72 35.23 56.08 14.14 34.13 36.06 24.7 37.66 48.37 51.97 62.29 53.34 52.63 61.52 44.94 49.82 46.67 50.21 2.83 23.71 
7.07 57.43 9.49 51.74 17.09 20.59 79.08 49.19 77.67 98.95 66.71 13.04 73.55 64.88 91.71 13.93 52.77 28.02 8.54 106.02 62.24 47.01 46.07 16.49 79.76 13.6 12.53 47.1 32.25 69.01 32.25 52.5 37.12 93.9 100.22 13.93 29.0 31.32 28.16 44.55 58.0 0.0 80.26 78.11 34.01 58.19 31.02 78.52 81.15 87.97 17.69 62.97 4.12 70.0 37.85 24.17 53.76 49.09 48.66 14.32 84.21 100.9 83.29 85.09 66.03 34.21 75.33 8.06 55.17 69.35 
85.88 36.06 71.02 30.81 91.92 63.32 24.35 47.1 5.83 31.91 26.31 75.39 32.25 17.2 14.14 66.57 27.8 52.35 71.87 27.29 20.0 50.04 48.0 96.18 31.62 66.73 80.78 43.91 52.33 40.0 58.26 35.01 86.37 36.88 22.02 79.12 52.92 61.0 73.16 54.12 27.02 80.26 0.0 16.76 70.35 26.08 70.71 33.24 11.66 33.29 86.98 30.81 79.18 13.04 61.13 56.3 30.0 42.94 53.31 76.9 49.34 26.93 36.77 47.76 39.12 61.61 34.53 72.2 29.15 13.42 
84.48 24.76 68.62 36.14 91.98 64.38 7.62 55.36 21.47 22.02 13.45 75.95 16.03 15.13 16.64 64.2 27.02 51.79 69.57 29.73 17.0 57.87 55.36 94.56 14.87 65.25 81.22 34.83 46.96 24.52 51.04 42.72 91.35 22.47 24.04 79.91 54.15 65.19 77.06 43.86 35.34 78.11 16.76 0.0 75.54 19.92 75.24 16.49 6.08 17.69 87.97 18.44 77.88 24.76 67.08 54.12 24.35 33.3 42.01 77.78 32.57 22.85 20.12 31.02 24.35 53.26 18.03 70.21 36.4 11.7 
33.54 63.98 32.57 40.0 31.76 19.42 79.62 25.08 65.76 97.51 68.68 21.0 78.11 60.41 84.15 32.2 49.03 30.0 32.28 97.62 58.69 21.93 23.09 40.85 83.24 28.64 23.54 57.14 44.6 77.39 50.33 35.51 16.03 96.32 92.35 21.38 24.7 10.77 6.32 60.88 43.42 34.01 70.35 75.54 0.0 57.97 3.0 82.86 76.06 90.47 25.06 67.07 30.0 57.56 9.49 33.24 54.71 58.83 64.54 20.1 93.94 96.0 88.23 94.02 74.25 54.82 80.65 31.05 41.19 64.2 
64.56 12.17 48.7 21.93 72.18 45.01 22.02 41.4 26.57 41.3 10.77 56.32 20.59 8.94 34.41 44.27 9.43 32.14 49.65 48.55 6.32 43.27 40.5 74.63 25.3 45.35 61.52 17.89 27.46 22.8 32.53 29.7 73.35 38.47 42.72 60.3 35.06 47.3 58.69 28.23 24.7 58.19 26.08 19.92 57.97 0.0 57.27 25.08 23.32 32.56 68.36 10.63 57.97 23.02 50.33 34.21 4.47 17.09 27.89 58.22 38.29 42.72 30.46 37.8 20.25 35.61 23.32 50.29 24.21 12.81 
30.59 62.77 29.73 40.11 29.15 17.03 79.08 26.42 66.29 97.25 67.91 18.0 77.2 60.13 84.38 29.53 48.51 28.3 29.41 98.01 58.31 23.32 24.17 38.08 82.46 25.94 20.62 55.57 42.64 76.16 48.1 36.14 16.12 95.71 92.66 18.44 23.26 10.05 3.61 58.9 43.93 31.02 70.71 75.24 3.0 57.27 0.0 82.01 76.0 89.82 22.47 66.1 27.0 58.05 10.82 31.14 53.85 57.31 62.63 17.12 92.7 96.05 87.36 92.85 73.01 52.5 79.7 28.16 41.59 64.03 
85.38 21.1 69.26 46.32 94.05 68.59 9.06 66.04 37.7 23.43 14.32 79.1 5.0 26.17 30.41 65.12 34.44 55.44 70.26 40.25 26.4 68.1 65.37 94.89 2.24 67.01 84.02 31.58 46.27 12.04 47.8 53.82 97.98 15.52 35.47 83.1 59.23 72.12 83.2 37.58 47.51 78.52 33.24 16.49 82.86 25.08 82.01 0.0 22.2 9.85 91.05 16.12 79.16 39.66 75.39 56.01 28.16 29.61 34.48 81.15 16.16 30.23 5.39 14.76 13.89 48.47 3.61 71.18 47.8 25.0 
87.32 30.0 71.69 36.12 94.37 66.29 13.15 54.57 17.03 22.14 18.87 78.1 22.09 16.49 11.31 67.23 28.86 54.12 72.62 25.24 18.97 57.27 54.92 97.5 20.4 68.01 83.43 39.6 50.77 30.59 55.44 41.98 92.02 25.46 19.42 82.0 55.9 66.01 78.06 49.04 34.21 81.15 11.66 6.08 76.06 23.32 76.0 22.2 0.0 21.63 90.03 23.85 80.65 21.95 67.27 57.01 27.78 38.21 47.43 79.83 38.08 20.22 25.3 36.4 30.36 58.0 24.0 73.16 35.69 12.17 
94.76 30.59 78.64 52.39 103.24 77.16 11.18 72.01 38.6 14.21 22.09 88.0 14.56 31.3 26.31 74.43 41.48 64.07 79.63 33.24 32.31 74.32 71.69 104.39 8.25 76.16 93.02 41.23 55.73 21.63 57.57 59.48 105.91 6.0 29.27 92.0 67.48 79.83 91.24 47.42 52.48 87.97 33.29 17.69 90.47 32.56 89.82 9.85 21.63 0.0 100.0 25.08 88.46 42.45 82.57 65.07 36.22 39.29 44.29 90.01 19.24 22.47 7.21 17.12 23.71 58.31 13.42 80.5 53.24 28.84 
12.53 70.18 23.77 56.46 6.71 23.77 90.2 47.42 83.38 109.66 78.06 12.04 86.05 73.55 99.72 26.93 61.19 36.22 22.85 113.89 71.2 44.55 44.69 16.28 92.01 24.33 7.07 60.67 45.71 82.73 47.76 54.71 21.38 106.0 108.24 8.06 34.21 28.43 18.87 60.08 61.72 17.69 86.98 87.97 25.06 68.36 22.47 91.05 90.03 100.0 0.0 75.01 14.42 75.24 32.65 35.06 64.2 62.65 64.2 10.2 98.66 110.22 96.13 99.3 79.63 50.57 88.14 21.54 59.03 77.88 
69.72 6.4 53.6 32.53 78.16 52.47 16.55 51.86 33.06 36.4 5.0 63.03 11.18 16.28 35.0 49.37 19.85 39.32 54.59 48.08 14.87 53.6 50.8 79.43 17.0 51.09 68.0 17.0 30.81 12.21 33.54 40.31 82.01 31.06 42.45 67.03 43.17 56.3 67.19 25.46 35.23 62.97 30.81 18.44 67.07 10.63 66.1 16.12 23.85 25.08 75.01 0.0 63.39 31.58 59.93 40.01 12.53 15.26 23.6 65.07 27.8 40.22 21.38 27.46 9.85 35.23 13.6 55.44 34.83 18.03 
6.71 58.08 10.05 50.0 15.13 17.8 79.25 46.14 76.32 99.04 66.91 9.0 74.17 64.26 91.0 14.04 52.0 26.83 9.06 105.31 61.68 43.83 43.05 17.0 80.31 12.65 8.6 48.01 33.0 70.06 33.96 50.21 33.12 94.43 99.54 9.85 27.02 27.86 24.08 46.32 56.08 4.12 79.18 77.88 30.0 57.97 27.0 79.16 80.65 88.46 14.42 63.39 0.0 68.51 34.21 23.77 53.6 50.01 50.45 10.2 85.59 100.58 84.05 86.37 67.03 36.4 76.06 8.0 53.26 68.71 
75.17 35.01 61.07 18.79 80.5 51.88 31.89 34.06 8.25 43.86 28.46 63.95 37.12 15.3 27.17 56.73 20.12 42.01 61.85 40.11 17.03 37.01 35.01 85.44 38.6 56.4 69.32 40.02 44.94 43.01 51.88 22.09 73.55 47.01 35.0 67.54 41.68 48.51 60.64 50.45 14.14 70.0 13.04 24.76 57.56 23.02 58.05 39.66 21.95 42.45 75.24 31.58 68.51 0.0 48.26 46.69 25.5 39.62 50.64 65.31 55.57 39.81 44.2 54.38 41.23 55.95 39.82 62.01 16.49 14.76 
39.0 57.45 34.01 31.14 39.2 19.1 71.57 15.65 56.44 88.96 61.1 25.63 70.77 51.97 75.03 32.39 41.11 25.81 34.0 88.36 50.45 12.53 13.6 47.51 75.61 29.15 29.53 51.74 40.8 70.83 47.51 26.17 25.32 88.32 83.15 27.29 20.0 7.07 14.21 56.85 34.13 37.85 61.13 67.08 9.49 50.33 10.82 75.39 67.27 82.57 32.65 59.93 34.21 48.26 0.0 30.41 47.42 53.26 60.21 25.5 87.32 87.05 80.78 87.24 67.74 52.35 73.41 33.02 32.02 55.58 
30.36 35.13 14.76 29.41 38.21 14.42 55.58 34.0 54.04 75.31 43.29 23.19 51.01 40.72 67.54 10.3 28.65 6.08 15.65 81.86 38.08 33.14 31.02 40.5 57.01 11.18 28.02 25.96 11.66 47.85 17.2 32.31 45.28 71.06 76.06 27.17 11.18 23.85 30.81 27.8 36.06 24.17 56.3 54.12 33.24 34.21 31.14 56.01 57.01 65.07 35.06 40.01 23.77 46.69 30.41 0.0 29.83 27.89 31.62 25.32 64.03 76.84 61.07 64.54 44.72 21.95 53.08 16.16 33.29 45.19 
60.17 11.66 44.27 20.81 67.9 41.01 26.02 39.62 29.97 45.54 14.14 52.15 23.41 12.81 38.83 39.85 8.06 28.02 45.22 53.0 10.0 41.23 38.42 70.21 28.64 41.0 57.31 14.56 23.02 24.08 28.32 28.6 69.86 42.19 47.17 56.14 31.26 43.97 55.11 25.0 24.7 53.76 30.0 24.35 54.71 4.47 53.85 28.16 27.78 36.22 64.2 12.53 53.6 25.5 47.42 29.83 0.0 14.14 25.18 54.08 40.22 47.17 33.53 39.96 21.21 31.62 26.0 45.88 23.71 16.97 
56.04 8.94 40.0 32.57 65.07 41.79 31.76 49.09 43.66 51.48 20.0 50.99 24.74 26.0 49.52 36.06 21.1 29.07 41.0 63.03 23.41 50.0 47.2 65.38 31.05 38.33 55.58 2.0 17.03 20.1 18.38 39.92 72.5 45.12 57.31 54.92 34.13 48.26 57.7 11.18 37.66 49.09 42.94 33.3 58.83 17.09 57.31 29.61 38.21 39.29 62.65 15.26 50.01 39.62 53.26 27.89 14.14 0.0 11.05 53.15 36.14 55.47 34.23 36.67 17.03 20.0 26.31 42.01 36.14 29.53 
55.73 17.49 40.52 42.95 65.51 46.04 38.95 58.14 54.41 57.69 28.6 53.31 30.23 36.69 58.6 37.34 32.02 34.66 41.48 71.51 34.21 58.67 55.95 64.12 36.36 40.31 57.25 11.05 20.0 22.85 16.49 50.0 76.85 49.66 65.95 57.01 40.31 54.45 62.43 4.12 48.37 48.66 53.31 42.01 64.54 27.89 62.63 34.48 47.43 44.29 64.2 23.6 50.45 50.64 60.21 31.62 25.18 11.05 0.0 55.54 36.06 63.03 38.08 37.22 20.59 15.03 30.89 42.72 46.69 39.92 
13.6 60.41 16.28 46.52 15.26 13.6 80.1 39.05 73.41 99.5 68.01 2.24 76.16 63.35 89.56 18.36 50.99 26.08 15.56 103.74 61.0 36.4 36.12 22.2 82.05 15.23 4.24 51.2 36.4 73.16 39.36 45.22 23.6 96.01 98.08 2.24 24.04 20.0 14.0 51.48 51.97 14.32 76.9 77.78 20.1 58.22 17.12 81.15 79.83 90.01 10.2 65.07 10.2 65.31 25.5 25.32 54.08 53.15 55.54 0.0 89.27 100.02 86.28 89.82 70.04 42.72 78.31 14.14 49.24 67.68 
91.27 29.97 75.54 60.21 100.72 77.79 25.0 79.65 53.85 32.31 28.32 87.1 18.6 41.4 45.01 71.85 47.63 64.85 76.53 52.39 41.11 81.4 78.6 100.02 17.72 74.33 91.59 38.08 52.95 16.55 52.04 67.94 108.27 21.02 48.51 91.01 69.46 83.19 93.41 40.01 62.29 84.21 49.34 32.57 93.94 38.29 92.7 16.16 38.08 19.24 98.66 27.8 85.59 55.57 87.32 64.03 40.22 36.14 36.06 89.27 0.0 41.48 13.04 2.24 19.7 51.09 15.81 77.65 62.23 40.82 
107.21 46.62 91.42 56.0 114.48 86.49 24.08 73.68 32.57 10.05 35.51 98.27 33.3 36.67 13.0 86.98 49.03 74.22 92.36 11.05 39.05 76.53 74.33 117.32 28.02 87.93 103.59 57.14 69.78 42.01 73.57 61.29 112.0 21.1 8.94 102.18 76.12 86.09 98.18 65.44 53.34 100.9 26.93 22.85 96.0 42.72 96.05 30.23 20.22 22.47 110.22 40.22 100.58 39.81 87.05 76.84 47.17 55.47 63.03 100.02 41.48 0.0 29.55 39.29 43.19 75.45 33.6 92.97 55.15 32.39 
90.2 26.0 74.11 51.62 99.01 73.82 12.53 71.34 41.59 21.4 19.7 84.21 10.2 31.24 32.0 70.03 39.81 60.67 75.11 40.16 31.62 73.43 70.71 99.61 5.66 72.01 89.09 36.22 51.09 15.23 52.17 59.08 103.32 11.66 35.9 88.2 64.54 77.49 88.53 41.44 52.63 83.29 36.77 20.12 88.23 30.46 87.36 5.39 25.3 7.21 96.13 21.38 84.05 44.2 80.78 61.07 33.53 34.23 38.08 86.28 13.04 29.55 0.0 11.18 17.72 52.5 8.0 76.06 53.01 29.73 
92.14 30.08 76.32 59.67 101.49 78.16 23.41 79.2 52.39 30.08 27.59 87.66 17.69 40.46 43.05 72.56 47.2 65.15 77.32 50.22 40.31 81.02 78.24 101.0 16.16 74.97 92.23 38.64 53.6 16.76 53.0 67.36 108.5 18.79 46.39 91.59 69.64 83.26 93.64 41.11 61.52 85.09 47.76 31.02 94.02 37.8 92.85 14.76 36.4 17.12 99.3 27.46 86.37 54.38 87.24 64.54 39.96 36.67 37.22 89.82 2.24 39.29 11.18 0.0 19.92 52.24 14.87 78.41 61.55 39.66 
73.01 10.3 57.01 41.87 82.1 58.24 19.42 60.83 42.05 37.2 13.04 67.9 9.9 25.96 40.72 53.08 29.07 45.22 58.01 52.43 24.7 62.37 59.55 82.22 15.81 55.33 72.56 19.03 34.06 3.16 34.53 49.68 88.6 29.15 47.17 71.85 49.77 63.51 73.74 23.77 44.94 66.03 39.12 24.35 74.25 20.25 73.01 13.89 30.36 23.71 79.63 9.85 67.03 41.23 67.74 44.72 21.21 17.03 20.59 70.04 19.7 43.19 17.72 19.92 0.0 34.79 10.3 59.03 44.41 27.17 
41.23 28.84 26.83 43.42 51.24 35.47 51.62 54.13 61.4 71.12 40.0 40.5 43.86 44.41 69.31 24.41 35.85 26.93 27.73 82.98 41.62 53.85 51.42 49.25 50.16 27.8 43.83 18.44 13.04 37.36 5.1 49.01 65.3 63.91 77.23 43.91 32.7 45.79 51.62 11.18 49.82 34.21 61.61 53.26 54.82 35.61 52.5 48.47 58.0 58.31 50.57 35.23 36.4 55.95 52.35 21.95 31.62 20.0 15.03 42.72 51.09 75.45 52.5 52.24 34.79 0.0 44.94 29.07 47.52 48.41 
82.22 18.0 66.12 45.0 91.01 65.92 11.18 64.64 38.6 27.02 12.81 76.24 2.83 25.61 32.98 62.03 32.76 52.77 67.12 43.42 25.46 66.57 63.81 91.66 5.66 64.01 81.1 28.28 43.1 8.49 44.38 52.63 95.6 18.97 38.48 80.22 56.75 69.89 80.78 34.01 46.67 75.33 34.53 18.03 80.65 23.32 79.7 3.61 24.0 13.42 88.14 13.6 76.06 39.82 73.41 53.08 26.0 26.31 30.89 78.31 15.81 33.6 8.0 14.87 10.3 44.94 0.0 68.07 46.75 25.06 
14.32 50.09 2.24 43.86 23.09 14.32 71.39 42.72 69.63 91.22 59.03 12.04 66.19 56.86 83.67 6.08 44.72 20.0 1.41 97.99 54.23 40.8 39.56 24.35 72.34 5.66 14.76 40.01 25.0 62.07 26.25 45.0 37.64 86.47 92.2 15.0 21.4 26.08 26.0 38.6 50.21 8.06 72.2 70.21 31.05 50.29 28.16 71.18 73.16 80.5 21.54 55.44 8.0 62.01 33.02 16.16 45.88 42.01 42.72 14.14 77.65 92.97 76.06 78.41 59.03 29.07 68.07 0.0 47.38 61.33 
59.82 35.36 46.75 4.12 64.5 36.06 42.06 18.97 24.74 57.72 33.97 48.02 43.93 21.95 43.01 42.64 15.65 27.8 47.42 56.44 21.4 21.59 19.24 70.0 47.43 41.73 53.34 35.69 34.93 47.01 42.76 6.32 57.22 58.6 51.16 51.48 26.25 32.02 44.15 45.18 2.83 55.17 29.15 36.4 41.19 24.21 41.59 47.8 35.69 53.24 59.03 34.83 53.26 16.49 32.02 33.29 23.71 36.14 46.69 49.24 62.23 55.15 53.01 61.55 44.41 47.52 46.75 47.38 0.0 24.7 
75.39 22.8 59.93 24.52 82.28 54.13 17.8 43.66 15.03 33.38 14.14 65.97 22.36 4.47 22.36 55.46 16.76 42.06 60.84 36.67 7.21 46.17 43.68 85.62 24.08 56.08 71.31 30.53 39.82 28.64 45.28 31.02 80.1 34.0 30.87 69.86 43.74 54.01 66.01 40.71 23.71 69.35 13.42 11.7 64.2 12.81 64.03 25.0 12.17 28.84 77.88 18.03 68.71 14.76 55.58 45.19 16.97 29.53 39.92 67.68 40.82 32.39 29.73 39.66 27.17 48.41 25.06 61.33 24.7 0.0 
