95
0.0 54.74 111.11 24.6 94.15 32.53 94.54 123.04 31.83 33.24 88.26 30.41 101.61 94.05 36.12 101.51 79.31 27.29 72.11 123.33 123.0 4.0 43.05 100.6 106.04 46.52 19.65 55.8 119.1 36.89 55.57 102.12 38.08 25.63 18.03 118.46 49.66 130.92 58.01 37.48 29.53 28.18 47.01 81.0 69.87 141.01 70.58 62.29 86.98 103.97 119.0 30.15 51.09 55.23 79.65 52.8 142.04 94.03 47.07 52.35 85.7 70.88 69.97 89.05 32.0 39.96 48.17 109.2 107.45 73.82 47.76 91.71 93.62 95.02 70.04 90.14 103.41 12.17 75.58 116.18 11.4 87.66 42.45 28.0 93.41 72.01 101.84 33.53 56.3 117.96 50.21 32.31 31.4 85.09 53.04 
54.74 0.0 133.72 66.29 106.57 34.01 124.28 141.51 78.09 58.0 95.08 81.71 130.63 122.59 46.86 107.08 29.68 68.66 35.85 126.89 152.32 58.69 96.14 126.91 141.87 96.63 56.44 102.4 118.15 37.01 62.65 121.33 19.92 34.99 37.12 147.34 99.72 120.21 85.43 66.48 70.09 53.26 96.03 104.96 25.0 126.37 101.04 110.64 34.41 83.68 101.14 55.15 102.04 99.04 49.65 65.37 130.86 88.05 100.0 47.76 66.75 32.2 113.41 91.59 67.8 54.2 98.9 144.81 139.03 104.64 26.57 126.91 42.52 63.51 102.18 115.25 91.44 66.91 86.73 98.72 45.04 118.6 33.3 27.51 98.06 26.0 137.0 68.01 10.05 143.66 93.68 84.05 85.09 106.47 80.92 
111.11 133.72 0.0 133.14 31.4 136.89 21.63 14.42 134.21 81.79 44.82 91.59 17.03 20.12 88.87 40.85 133.69 135.24 113.57 44.41 23.77 111.0 94.58 12.53 35.11 136.12 92.54 71.69 53.04 97.86 71.12 13.45 132.2 106.04 119.05 19.65 137.93 76.01 53.34 74.81 137.3 87.86 138.75 30.41 124.4 88.05 41.19 74.79 164.83 89.0 86.83 141.23 85.09 152.32 104.66 68.54 81.5 64.5 127.76 86.45 87.62 116.66 59.68 51.61 79.16 81.27 84.86 35.17 23.09 38.47 107.35 33.94 173.74 107.42 42.58 21.0 73.93 109.22 48.01 85.44 118.83 27.73 146.01 115.8 45.79 159.68 32.65 143.09 142.35 11.66 149.25 125.51 118.88 27.51 58.42 
24.6 66.29 133.14 0.0 118.14 34.01 115.16 145.67 12.0 57.78 112.72 44.38 122.2 115.04 60.22 125.94 94.56 2.83 91.42 147.72 142.9 23.09 51.11 122.0 123.98 31.06 44.01 70.52 143.67 59.4 80.13 125.03 46.53 46.75 32.25 138.61 34.01 155.4 80.89 61.4 5.0 52.77 30.02 103.59 86.54 165.32 92.02 74.73 93.26 127.4 142.9 16.12 61.72 33.54 100.8 77.39 166.53 118.51 37.0 75.93 108.93 89.47 85.73 113.64 55.11 64.5 59.51 127.12 127.01 95.0 67.68 110.48 98.15 116.4 91.01 112.16 127.64 24.02 99.96 140.09 25.0 108.17 41.0 44.78 117.92 75.8 120.22 10.05 64.07 139.06 28.18 21.47 26.25 108.05 76.12 
94.15 106.57 31.4 118.14 0.0 115.04 37.01 35.36 121.84 61.52 13.45 82.49 38.83 34.01 65.12 13.6 103.47 120.6 83.23 31.4 54.71 95.08 90.27 32.02 58.42 128.02 74.53 70.84 32.76 72.84 44.72 18.03 108.05 83.1 98.05 50.12 130.36 54.08 38.95 56.75 122.8 67.36 130.18 22.83 94.67 66.73 36.4 77.2 135.96 58.52 59.08 123.18 83.44 142.7 73.59 44.05 62.61 33.62 121.49 58.82 56.22 86.53 64.5 20.25 63.25 58.01 82.07 59.84 48.51 36.36 80.01 49.25 144.9 76.03 39.41 25.08 44.15 95.52 20.22 57.22 99.61 37.48 123.33 92.35 14.87 132.52 54.15 127.58 115.8 43.01 138.8 115.39 109.59 17.46 42.95 
32.53 34.01 136.89 34.01 115.04 0.0 122.7 147.36 46.01 55.11 106.23 62.94 129.65 121.76 50.01 119.42 63.53 36.01 65.07 140.91 151.49 35.47 75.0 127.61 136.4 65.07 45.69 88.09 134.35 43.74 71.18 126.29 14.42 32.02 18.03 146.73 68.03 141.4 83.93 62.36 37.12 49.03 64.0 106.51 57.2 149.56 98.35 94.79 59.3 108.3 125.22 21.19 83.55 65.51 77.01 71.01 152.51 105.77 70.21 60.88 89.89 62.24 101.83 104.94 59.62 57.04 80.66 139.53 136.49 101.84 44.78 121.67 64.54 92.31 98.43 116.42 112.36 43.01 95.0 122.54 21.26 116.11 10.0 23.54 110.55 42.2 131.95 34.21 30.27 145.07 60.21 54.13 56.92 109.66 78.85 
94.54 124.28 21.63 115.16 37.01 122.7 0.0 36.06 115.16 68.45 48.05 72.17 7.07 3.0 77.7 50.09 128.89 117.07 109.48 60.93 28.79 93.9 73.76 9.22 21.84 115.73 77.2 50.6 66.94 87.37 63.64 23.77 119.87 93.47 104.68 24.04 117.39 89.63 39.36 60.54 119.04 74.32 118.46 20.81 118.83 102.18 24.35 53.24 157.11 94.37 96.08 124.62 63.91 132.2 102.93 59.55 96.84 69.43 107.0 79.21 88.64 112.04 38.08 55.32 63.32 70.18 63.89 23.77 14.87 20.88 98.86 13.42 165.86 108.75 24.52 12.37 80.75 91.14 45.18 94.19 103.32 7.0 132.26 103.32 51.35 149.79 17.26 125.2 132.08 24.08 129.4 105.8 98.99 22.47 44.28 
123.04 141.51 14.42 145.67 35.36 147.36 36.06 0.0 147.31 92.44 48.26 105.02 31.14 34.48 98.27 40.36 138.68 147.87 118.43 36.5 30.15 123.2 108.63 26.93 47.51 149.91 104.02 85.91 47.13 106.74 79.06 21.1 141.66 115.92 129.76 27.89 151.79 69.23 65.03 86.05 149.97 98.51 152.49 42.11 130.0 80.5 54.34 89.19 171.3 88.23 83.26 153.0 99.32 165.94 108.23 77.37 73.06 65.12 141.74 93.78 89.87 121.79 74.09 54.04 91.05 90.8 99.01 46.96 35.51 51.92 114.95 48.17 180.25 108.93 56.04 33.96 72.67 121.93 54.78 82.29 130.14 42.06 156.18 125.51 47.51 167.5 45.8 155.54 150.55 18.97 162.74 138.97 132.44 38.01 70.01 
31.83 78.09 134.21 12.0 121.84 46.01 115.16 147.31 0.0 63.51 117.62 43.01 122.1 115.35 67.9 130.61 106.04 10.2 101.97 152.2 142.06 29.07 46.17 122.59 121.93 19.1 49.65 67.74 149.0 68.41 86.61 127.12 58.42 56.3 43.08 138.0 22.02 162.05 83.52 65.74 9.85 59.2 18.03 105.54 97.74 172.43 93.06 70.6 105.23 135.79 150.75 27.2 57.28 23.43 110.68 83.22 173.1 125.21 25.94 84.17 117.52 100.22 83.02 119.2 58.69 71.22 55.54 125.03 126.06 95.75 77.9 109.17 110.03 126.19 91.66 113.44 134.95 26.4 104.65 147.92 35.34 108.17 52.77 55.54 123.0 87.69 118.51 16.4 76.06 139.23 18.38 12.21 18.79 110.35 79.06 
33.24 58.0 81.79 57.78 61.52 55.11 68.45 92.44 63.51 0.0 55.03 35.44 75.24 67.23 12.65 68.31 71.17 60.42 56.44 90.14 97.17 34.89 49.82 72.73 84.4 74.28 13.89 47.13 85.91 21.95 23.35 71.34 51.43 25.06 37.34 92.31 77.16 98.6 29.15 8.49 62.65 6.08 75.66 51.42 60.41 109.22 44.29 56.04 92.2 75.17 88.62 61.66 51.04 86.21 58.42 19.72 109.62 61.85 71.03 26.48 58.14 57.07 56.08 55.9 12.04 9.49 48.01 87.42 82.76 47.89 36.25 69.4 100.5 72.03 44.94 61.4 72.12 37.64 42.45 85.8 38.12 62.18 64.29 34.89 60.17 82.46 79.63 66.73 64.66 90.14 81.61 60.11 56.08 54.59 24.17 
88.26 95.08 44.82 112.72 13.45 106.23 48.05 48.26 117.62 55.03 0.0 80.92 50.92 45.12 56.32 13.34 90.43 115.32 70.18 35.17 67.96 89.69 90.61 44.38 69.86 125.67 68.71 73.57 31.62 63.01 35.06 31.4 98.13 74.24 89.94 63.29 128.22 49.09 38.29 51.88 117.55 60.44 127.58 30.07 81.88 61.4 41.11 80.95 123.48 46.32 49.37 116.18 85.21 139.43 60.21 35.9 59.03 21.38 120.1 47.68 42.8 73.57 69.89 7.28 59.17 49.82 83.41 71.57 60.75 42.2 68.66 59.14 132.42 62.68 44.27 35.69 33.02 91.24 13.04 47.17 92.42 47.1 114.0 83.02 5.66 120.88 65.31 121.76 104.56 56.4 135.2 112.36 107.07 26.08 41.04 
30.41 81.71 91.59 44.38 82.49 62.94 72.17 105.02 43.01 35.44 80.92 0.0 79.1 72.44 46.39 93.01 101.97 45.89 90.05 113.74 99.13 27.66 15.03 79.76 79.62 45.62 27.07 26.4 112.45 53.01 56.82 85.38 67.42 47.54 47.43 95.02 47.89 128.72 43.57 32.25 47.68 35.23 47.93 63.91 91.55 140.26 50.7 32.02 115.39 109.59 121.76 56.8 20.81 61.03 93.56 51.62 139.3 93.24 39.2 61.85 93.23 90.01 41.44 84.15 24.6 44.92 17.8 82.76 83.15 53.15 67.19 66.37 122.59 107.45 49.03 71.06 104.62 21.47 68.01 118.98 41.77 65.19 72.84 54.23 86.56 101.55 75.95 54.34 85.0 96.25 57.72 33.96 27.51 69.08 40.0 
101.61 130.63 17.03 122.2 38.83 129.65 7.07 31.14 122.1 75.24 50.92 79.1 0.0 8.06 84.22 51.16 134.38 124.1 114.77 59.48 21.93 100.98 80.28 7.0 20.02 122.38 84.2 57.01 66.61 93.81 69.43 23.09 126.63 100.22 111.63 17.09 123.98 89.56 46.1 67.42 126.06 81.15 125.13 26.17 124.46 101.97 31.32 59.09 163.22 97.12 97.62 131.69 70.21 138.92 107.65 65.6 96.1 72.12 113.51 85.04 92.59 117.46 43.86 58.19 70.34 76.66 70.34 21.1 9.85 27.89 105.0 17.03 172.0 112.71 31.58 16.4 82.98 98.18 49.65 95.89 110.35 14.04 139.18 110.07 53.6 156.25 16.49 132.24 138.57 17.26 136.19 112.64 105.8 26.63 51.08 
94.05 122.59 20.12 115.04 34.01 121.76 3.0 34.48 115.35 67.23 45.12 72.44 8.06 0.0 76.16 47.1 126.67 117.0 107.17 58.18 29.97 93.54 74.63 7.62 24.74 116.42 76.4 51.62 64.03 85.76 61.55 21.02 118.6 92.2 103.74 25.08 118.14 86.68 38.08 59.46 119.0 73.16 119.1 18.44 116.67 99.25 23.54 54.71 155.24 91.44 93.09 124.17 65.0 132.77 100.4 57.63 93.96 66.49 107.86 77.16 85.91 109.79 39.66 52.39 62.59 68.6 64.85 26.57 17.03 20.22 97.01 16.16 164.01 106.02 24.08 9.49 77.78 91.02 42.54 91.2 102.61 7.62 131.24 102.04 48.37 148.19 20.22 125.06 130.51 24.02 129.88 106.21 99.46 19.7 43.08 
36.12 46.86 88.87 60.22 65.12 50.01 77.7 98.27 67.9 12.65 56.32 46.39 84.22 76.16 0.0 69.58 58.52 63.01 44.1 91.24 106.07 38.9 61.2 80.96 95.02 81.02 20.62 59.77 85.44 9.9 21.38 77.37 43.42 18.0 33.73 101.12 84.05 95.38 38.6 20.59 65.22 11.18 82.01 59.09 47.76 105.12 54.2 68.68 80.62 68.01 82.88 60.75 63.29 91.22 47.3 21.1 106.55 58.59 79.18 16.64 50.0 44.55 68.48 55.54 24.52 7.62 60.21 97.95 92.36 57.8 23.71 80.06 89.11 61.68 55.32 69.35 67.42 43.83 45.01 80.06 37.16 71.85 58.22 27.29 60.83 72.11 90.14 68.1 54.38 98.09 86.28 66.61 63.63 61.35 34.06 
101.51 107.08 40.85 125.94 13.6 119.42 50.09 40.36 130.61 68.31 13.34 93.01 51.16 47.1 69.58 0.0 100.18 128.51 80.06 21.84 64.62 102.88 101.86 44.18 71.06 138.13 81.93 83.41 19.85 76.03 48.26 28.64 111.02 87.46 103.25 60.41 140.62 40.5 49.68 64.88 130.74 73.76 140.13 36.25 92.31 53.14 49.4 90.14 134.26 48.37 46.53 129.52 95.67 152.2 68.8 49.24 49.24 24.76 132.2 60.21 49.82 83.67 77.83 15.52 72.01 63.15 94.11 72.25 60.53 49.65 80.89 62.65 143.17 68.59 52.48 38.47 33.11 104.22 26.0 44.91 105.76 50.99 127.06 96.13 9.06 132.67 67.0 135.03 116.73 52.39 148.06 125.03 119.57 31.02 53.01 
79.31 29.68 133.69 94.56 103.47 63.53 128.89 138.68 106.04 71.17 90.43 101.97 134.38 126.67 58.52 100.18 0.0 97.08 20.25 117.05 154.94 83.29 116.97 129.42 148.84 123.98 74.97 118.27 106.61 49.73 65.44 120.42 49.19 55.04 63.35 149.97 127.12 103.31 93.19 78.92 98.68 68.41 123.69 108.25 10.77 107.07 108.23 127.13 36.12 65.12 82.0 84.53 120.83 127.81 32.28 70.21 113.04 77.25 126.15 50.22 52.2 17.03 126.63 85.09 82.86 63.98 117.69 151.49 143.68 111.61 35.17 134.4 44.55 41.11 110.11 118.09 76.69 91.14 85.8 80.02 71.39 124.33 62.8 51.48 91.79 42.72 143.84 97.17 36.77 144.69 122.43 110.64 110.65 108.21 89.69 
27.29 68.66 135.24 2.83 120.6 36.01 117.07 147.87 10.2 60.42 115.32 45.89 124.1 117.0 63.01 128.51 97.08 0.0 94.15 150.28 144.68 25.63 51.88 124.02 125.51 29.27 46.62 71.84 146.32 62.23 82.86 127.28 48.84 49.58 34.99 140.43 32.14 158.15 83.19 63.89 2.24 55.47 28.02 105.8 89.16 168.11 94.09 75.77 95.13 130.23 145.72 17.09 62.65 30.87 103.6 80.06 169.28 121.26 35.85 78.75 111.76 92.18 87.09 116.3 57.49 67.23 60.54 128.65 128.76 97.02 70.46 112.15 99.85 119.2 93.01 114.28 130.43 26.02 102.53 142.9 27.8 110.07 42.58 47.51 120.54 77.52 121.82 8.54 66.19 141.01 25.5 20.81 26.17 110.32 78.45 
72.11 35.85 113.57 91.42 83.23 65.07 109.48 118.43 101.97 56.44 70.18 90.05 114.77 107.17 44.1 80.06 20.25 94.15 0.0 97.42 135.06 75.89 105.02 109.62 129.85 118.47 63.2 103.16 87.32 37.22 46.65 100.26 51.09 46.49 59.17 130.11 121.63 86.05 75.13 63.35 96.04 55.01 118.7 88.73 13.04 91.24 89.69 112.18 54.82 48.51 65.92 84.5 107.38 124.91 14.14 51.88 96.33 57.57 118.96 32.31 33.24 4.0 110.05 64.88 68.47 48.05 104.31 132.41 124.2 92.96 24.35 115.66 63.6 27.78 91.79 98.41 58.22 82.97 65.8 63.64 66.65 105.21 67.42 46.65 71.59 57.14 124.85 96.02 45.54 124.65 119.57 104.4 103.16 88.41 72.09 
123.33 126.89 44.41 147.72 31.4 140.91 60.93 36.5 152.2 90.14 35.17 113.74 59.48 58.18 91.24 21.84 117.05 150.28 97.42 0.0 66.07 124.65 121.66 52.81 79.08 159.15 103.73 101.82 12.04 97.33 69.87 37.16 132.06 109.04 124.95 63.01 161.55 32.76 70.18 86.54 152.51 95.6 161.25 53.08 110.16 44.1 67.18 107.71 152.2 57.63 48.83 151.34 114.63 173.54 84.86 71.06 37.12 39.85 152.82 81.01 65.0 101.24 94.2 36.06 93.52 84.93 113.36 79.43 67.27 66.6 101.18 74.32 161.01 81.3 70.04 51.62 42.44 125.8 47.76 48.41 127.58 64.01 148.34 117.52 30.41 152.07 75.96 156.85 136.72 54.0 169.5 146.29 140.66 47.42 73.93 
123.0 152.32 23.77 142.9 54.71 151.49 28.79 30.15 142.06 97.17 67.96 99.13 21.93 29.97 106.07 64.62 154.94 144.68 135.06 66.07 0.0 122.18 98.51 25.61 23.71 140.8 105.95 75.24 75.8 115.6 90.6 36.72 148.56 122.16 133.46 5.0 142.14 98.51 68.03 89.32 146.58 103.08 143.68 47.43 145.25 110.16 53.14 75.5 184.61 112.73 110.44 152.97 87.82 157.62 127.02 87.09 103.0 88.12 131.38 106.21 110.68 137.93 60.67 74.95 92.05 98.49 88.46 21.63 16.0 49.65 126.49 33.06 193.44 130.63 53.16 37.2 97.69 118.95 69.31 109.11 132.0 35.44 161.05 132.0 69.35 178.02 25.0 152.95 160.38 12.37 155.26 132.03 125.06 46.75 73.01 
4.0 58.69 111.0 23.09 95.08 35.47 93.9 123.2 29.07 34.89 89.69 27.66 100.98 93.54 38.9 102.88 83.29 25.63 75.89 124.65 122.18 0.0 39.66 100.24 104.68 42.94 21.02 53.54 120.77 40.31 57.69 102.4 41.79 29.41 21.84 117.71 46.07 133.14 58.22 38.33 27.86 30.23 43.57 81.1 73.82 143.41 70.18 59.67 90.76 106.89 121.7 30.81 48.1 52.33 83.19 54.59 144.22 96.26 43.17 55.32 88.73 74.73 68.0 90.79 32.25 42.2 45.25 107.84 106.51 73.33 51.55 90.52 97.31 98.49 69.46 90.01 105.89 8.25 76.9 118.87 14.76 86.98 45.28 32.0 94.94 75.58 100.58 32.56 60.08 117.52 47.42 28.64 27.46 85.38 53.34 
43.05 96.14 94.58 51.11 90.27 75.0 73.76 108.63 46.17 49.82 90.61 15.03 80.28 74.63 61.2 101.86 116.97 51.88 105.02 121.66 98.51 39.66 0.0 82.22 77.01 42.3 42.11 23.35 121.63 68.03 70.01 90.35 80.95 62.37 60.83 94.89 43.74 139.31 52.35 45.54 53.23 50.09 45.18 69.64 106.57 151.21 55.57 24.52 129.47 122.65 133.96 65.6 11.18 59.14 108.19 64.47 149.58 104.85 33.24 76.3 106.89 105.02 38.01 94.64 38.33 59.23 10.05 80.02 82.61 57.25 82.22 65.49 136.42 121.81 53.24 75.15 116.62 32.02 78.1 131.23 54.38 67.05 84.65 68.62 96.26 115.0 74.06 60.37 98.9 97.51 57.01 34.71 27.66 75.17 49.82 
100.6 126.91 12.53 122.0 32.02 127.61 9.22 26.93 122.59 72.73 44.38 79.76 7.0 7.62 80.96 44.18 129.42 124.02 109.62 52.81 25.61 100.24 82.22 0.0 27.02 123.94 82.57 59.24 59.68 90.35 65.0 16.12 123.86 97.5 109.64 20.62 125.69 82.61 43.68 65.25 126.04 78.75 126.61 21.95 119.67 95.04 30.07 62.27 159.03 90.44 90.67 130.75 72.62 140.25 102.0 61.59 89.27 65.46 115.43 80.6 86.45 112.43 47.17 51.62 68.88 73.35 72.45 28.07 16.49 27.0 100.96 22.2 167.86 106.55 31.02 11.66 76.16 98.01 44.05 88.96 108.85 15.23 136.97 107.34 46.84 152.69 23.35 132.0 135.12 17.46 137.3 113.6 106.89 21.21 48.76 
106.04 141.87 35.11 123.98 58.42 136.4 21.84 47.51 121.93 84.4 69.86 79.62 20.02 24.74 95.02 71.06 148.84 125.51 129.85 79.08 23.71 104.68 77.01 27.02 0.0 119.07 90.82 54.23 86.58 104.89 83.41 43.1 135.37 109.29 118.53 22.02 120.2 109.55 56.59 76.03 127.28 89.87 122.04 42.05 138.54 121.93 41.01 53.15 175.45 116.18 117.43 135.36 66.01 136.03 124.04 78.75 115.92 91.22 109.29 98.72 110.31 132.2 39.05 77.13 77.03 87.78 67.03 3.16 12.08 37.48 117.38 15.0 184.04 130.39 39.7 34.21 102.42 100.42 66.71 115.62 115.95 24.7 146.25 118.98 72.99 166.82 5.0 133.96 149.01 29.21 134.01 111.29 104.24 44.27 60.96 
46.52 96.63 136.12 31.06 128.02 65.07 115.73 149.91 19.1 74.28 125.67 45.62 122.38 116.42 81.02 138.13 123.98 29.27 118.47 159.15 140.8 42.94 42.3 123.94 119.07 0.0 61.07 65.62 157.29 83.24 97.59 130.74 77.16 72.09 60.64 137.19 3.16 172.25 89.07 74.52 28.64 71.06 3.16 109.38 115.25 183.25 95.86 66.0 124.33 148.84 162.86 46.1 53.08 17.03 126.13 93.38 183.1 135.83 10.77 97.65 131.02 117.05 80.22 128.23 66.84 82.98 52.35 122.04 124.9 98.03 94.15 107.79 129.12 141.42 93.92 116.06 146.39 37.2 112.65 160.03 52.63 108.91 71.85 72.8 131.24 106.79 116.28 34.18 95.01 139.64 16.16 14.42 18.6 114.63 85.23 
19.65 56.44 92.54 44.01 74.53 45.69 77.2 104.02 49.65 13.89 68.71 27.07 84.2 76.4 20.62 81.93 74.97 46.62 63.2 103.73 105.95 21.02 42.11 82.57 90.82 61.07 0.0 46.04 99.74 26.02 37.01 83.0 45.34 21.47 27.73 101.24 64.03 112.41 39.2 18.03 48.85 10.0 62.29 62.2 64.5 122.92 52.89 54.2 90.74 87.8 101.86 49.04 46.17 72.47 67.72 33.62 123.46 75.6 58.67 37.12 70.18 63.01 57.98 69.77 13.93 21.93 43.01 93.94 90.82 56.32 40.11 76.03 98.47 82.28 52.81 71.7 85.63 24.04 55.97 99.04 26.31 70.52 55.46 29.83 73.93 78.64 86.31 53.16 61.22 100.02 67.8 46.75 43.27 66.01 34.13 
55.8 102.4 71.69 70.52 70.84 88.09 50.6 85.91 67.74 47.13 73.57 26.4 57.01 51.62 59.77 83.41 118.27 71.84 103.16 101.82 75.24 53.54 23.35 59.24 54.23 65.62 46.04 0.0 103.23 68.71 61.07 68.51 90.69 67.42 71.42 71.57 67.08 122.64 36.4 39.81 73.5 50.16 68.47 48.84 107.52 134.97 34.66 9.06 136.75 111.32 120.33 83.19 13.42 82.39 103.24 55.08 132.31 90.62 56.52 71.57 97.74 104.05 15.3 78.71 35.47 55.11 13.34 57.31 59.3 35.61 83.22 42.19 144.52 115.04 31.89 53.0 102.88 47.85 62.17 117.75 66.84 44.01 98.08 75.8 79.08 124.47 51.01 80.36 107.2 74.22 80.06 57.08 50.04 54.49 35.9 
119.1 118.15 53.04 143.67 32.76 134.35 66.94 47.13 149.0 85.91 31.62 112.45 66.61 64.03 85.44 19.85 106.61 146.32 87.32 12.04 75.8 120.77 121.63 59.68 86.58 157.29 99.74 103.23 0.0 90.61 64.2 43.57 124.68 102.84 119.1 72.34 159.84 23.02 69.35 83.35 148.56 91.0 159.2 55.57 100.22 35.36 69.07 109.86 142.13 45.8 36.89 146.1 115.52 170.99 74.33 66.31 30.08 30.15 151.65 73.68 54.41 91.22 97.25 30.08 90.74 79.71 113.95 87.28 75.17 69.12 93.05 80.08 150.86 69.84 72.11 56.3 30.89 122.67 44.65 36.4 122.38 68.95 141.28 110.82 26.08 142.9 83.02 152.46 128.1 63.51 166.71 143.96 138.7 50.12 72.47 
36.89 37.01 97.86 59.4 72.84 43.74 87.37 106.74 68.41 21.95 63.01 53.01 93.81 85.76 9.9 76.03 49.73 62.23 37.22 97.33 115.6 40.31 68.03 90.35 104.89 83.24 26.02 68.71 90.61 0.0 28.16 86.02 35.23 13.04 29.53 110.64 86.35 98.49 48.41 30.23 64.35 18.68 83.86 68.43 39.05 107.42 64.03 77.49 70.72 68.12 84.05 57.31 71.2 91.83 42.95 29.41 109.66 62.3 82.64 17.46 49.58 37.0 78.03 61.29 33.24 17.2 68.07 107.81 102.08 67.62 14.56 89.94 79.21 58.18 65.19 78.71 69.77 46.62 52.61 81.27 34.83 81.61 51.04 20.22 67.07 62.43 100.0 66.22 44.78 107.35 86.68 68.88 66.85 70.38 43.93 
55.57 62.65 71.12 80.13 44.72 71.18 63.64 79.06 86.61 23.35 35.06 56.82 69.43 61.55 21.38 48.26 65.44 82.86 46.65 69.87 90.6 57.69 70.01 65.0 83.41 97.59 37.01 61.07 64.2 28.16 0.0 58.69 63.39 39.2 55.11 85.6 100.45 75.45 28.79 24.6 85.09 27.46 99.01 43.28 55.23 85.91 43.05 70.03 94.05 52.77 65.44 81.91 68.66 109.48 43.17 6.0 86.53 38.6 94.02 15.62 37.11 48.83 65.12 34.21 32.25 15.65 65.97 86.05 78.49 46.32 36.24 69.07 102.9 54.0 45.18 53.41 48.8 60.96 24.52 62.63 58.19 58.9 79.01 48.0 39.46 88.64 78.41 88.57 71.51 81.3 104.81 83.45 79.31 44.1 26.48 
102.12 121.33 13.45 125.03 18.03 126.29 23.77 21.1 127.12 71.34 31.4 85.38 23.09 21.02 77.37 28.64 120.42 127.28 100.26 37.16 36.72 102.4 90.35 16.12 43.1 130.74 83.0 68.51 43.57 86.02 58.69 0.0 120.78 94.92 108.66 32.2 132.77 66.48 44.18 65.01 129.4 77.41 133.2 21.59 111.25 78.92 34.93 73.11 151.95 76.16 75.13 132.02 81.84 146.41 91.22 56.61 73.25 51.43 123.07 73.79 74.2 103.41 58.69 38.28 70.18 69.86 81.12 44.0 32.06 33.12 94.85 37.16 160.88 94.05 37.12 15.62 61.35 101.43 34.99 73.55 109.07 27.2 135.15 104.56 32.65 147.33 39.46 134.84 130.17 25.0 143.0 119.25 112.89 17.03 49.09 
38.08 19.92 132.2 46.53 108.05 14.42 119.87 141.66 58.42 51.43 98.13 67.42 126.63 118.6 43.42 111.02 49.19 48.84 51.09 132.06 148.56 41.79 80.95 123.86 135.37 77.16 45.34 90.69 124.68 35.23 63.39 120.78 0.0 26.4 20.12 143.67 80.22 130.08 80.53 59.54 50.22 45.65 76.42 102.18 42.8 137.64 95.71 98.23 49.04 95.75 112.92 35.34 88.2 79.12 63.51 64.33 141.09 95.35 81.15 51.09 77.62 48.1 103.28 96.02 58.6 50.96 85.15 138.44 134.18 99.3 32.57 120.42 55.54 78.6 96.25 112.36 100.96 49.98 87.82 110.31 27.2 113.6 17.09 16.55 102.0 34.13 130.7 48.1 18.44 141.15 73.76 65.07 66.75 104.69 75.58 
25.63 34.99 106.04 46.75 83.1 32.02 93.47 115.92 56.3 25.06 74.24 47.54 100.22 92.2 18.0 87.46 55.04 49.58 46.49 109.04 122.16 29.41 62.37 97.5 109.29 72.09 21.47 67.42 102.84 13.04 39.2 94.92 26.4 0.0 16.55 117.27 75.24 111.4 54.13 33.29 51.66 19.42 72.45 75.89 45.04 120.44 69.35 75.66 69.34 81.06 97.08 44.29 67.42 79.63 54.38 39.05 122.58 75.03 72.53 30.41 62.48 45.35 78.75 73.16 33.24 25.18 64.26 112.33 107.82 72.95 22.14 94.3 77.2 69.89 69.97 86.03 82.76 36.67 63.01 94.3 21.93 87.24 40.31 9.85 78.64 58.0 104.56 53.26 40.31 114.83 74.4 57.94 56.75 78.59 49.19 
18.03 37.12 119.05 32.25 98.05 18.03 104.68 129.76 43.08 37.34 89.94 47.43 111.63 103.74 33.73 103.25 63.35 34.99 59.17 124.95 133.46 21.84 60.83 109.64 118.53 60.64 27.73 71.42 119.1 29.53 55.11 108.66 20.12 16.55 0.0 128.71 63.79 127.95 65.97 44.38 36.89 31.26 60.44 88.65 54.71 136.95 80.32 78.64 68.95 97.2 113.44 27.78 68.24 65.76 68.88 54.23 139.13 91.55 63.13 46.96 78.6 57.25 84.65 89.27 41.63 40.2 65.22 121.66 118.47 83.82 35.61 103.75 75.64 84.5 80.41 98.49 99.3 30.08 78.23 110.68 8.06 98.08 27.73 12.53 94.54 54.2 114.04 37.48 38.28 127.09 60.42 47.38 48.01 91.92 60.88 
118.46 147.34 19.65 138.61 50.12 146.73 24.04 27.89 138.0 92.31 63.29 95.02 17.09 25.08 101.12 60.41 149.97 140.43 130.11 63.01 5.0 117.71 94.89 20.62 22.02 137.19 101.24 71.57 72.34 110.64 85.6 32.2 143.67 117.27 128.71 0.0 138.6 95.19 63.16 84.5 142.35 98.23 140.04 42.44 140.26 107.02 48.38 72.28 179.61 108.34 106.48 148.48 84.34 153.94 122.15 82.1 100.08 83.63 127.91 101.21 105.95 132.97 57.27 70.33 87.36 93.54 84.85 20.52 12.37 44.92 121.49 29.43 188.44 125.94 48.51 32.2 93.41 114.63 64.38 105.08 127.35 30.81 156.26 127.12 64.85 173.05 22.36 148.66 155.42 9.06 151.48 128.14 121.2 41.77 68.15 
49.66 99.72 137.93 34.01 130.36 68.03 117.39 151.79 22.02 77.16 128.22 47.89 123.98 118.14 84.05 140.62 127.12 32.14 121.63 161.55 142.14 46.07 43.74 125.69 120.2 3.16 64.03 67.08 159.84 86.35 100.45 132.77 80.22 75.24 63.79 138.6 0.0 174.98 91.42 77.23 31.4 74.03 4.47 111.49 118.41 186.03 97.86 67.07 127.25 151.82 165.76 48.84 54.33 16.49 129.25 96.18 185.8 138.62 11.05 100.69 134.03 120.21 81.5 130.87 69.53 85.91 53.76 123.15 126.29 99.96 97.31 109.18 131.97 144.53 95.86 117.99 149.24 40.22 115.21 162.94 55.79 110.6 74.67 75.96 133.81 109.66 117.52 36.69 98.02 141.22 16.64 17.49 21.26 116.78 87.66 
130.92 120.21 76.01 155.4 54.08 141.4 89.63 69.23 162.05 98.6 49.09 128.72 89.56 86.68 95.38 40.5 103.31 158.15 86.05 32.76 98.51 133.14 139.31 82.61 109.55 172.25 112.41 122.64 23.02 98.49 75.45 66.48 130.08 111.4 127.95 95.19 174.98 0.0 87.2 97.74 160.38 102.9 173.88 76.69 99.02 12.65 89.44 129.87 139.43 38.21 22.47 155.64 134.27 184.81 72.01 79.03 11.18 36.89 167.6 81.02 53.46 90.05 118.11 44.69 105.48 90.97 132.41 110.29 98.18 89.96 97.53 102.61 147.76 62.97 92.57 78.59 29.12 136.21 61.22 23.77 132.41 91.21 147.12 118.11 43.57 143.17 105.93 163.48 130.25 86.28 180.21 158.38 153.72 71.51 89.5 
58.01 85.43 53.34 80.89 38.95 83.93 39.36 65.03 83.52 29.15 38.29 43.57 46.1 38.08 38.6 49.68 93.19 83.19 75.13 70.18 68.03 58.22 52.35 43.68 56.59 89.07 39.2 36.4 69.35 48.41 28.79 44.18 80.53 54.13 65.97 63.16 91.42 87.2 0.0 21.59 85.33 35.11 91.24 23.02 82.66 99.3 15.62 44.64 118.87 75.31 83.93 88.02 47.17 103.87 71.84 23.26 97.31 54.23 82.66 43.05 63.01 77.03 37.05 42.72 26.02 31.24 45.22 59.46 53.85 19.21 60.83 41.73 127.48 81.61 17.03 32.56 66.48 57.49 26.08 81.34 65.49 33.29 93.3 63.98 43.93 110.68 51.66 90.67 92.91 61.13 100.09 76.56 70.66 27.17 5.1 
37.48 66.48 74.81 61.4 56.75 62.36 60.54 86.05 65.74 8.49 51.88 32.25 67.42 59.46 20.59 64.88 78.92 63.89 63.35 86.54 89.32 38.33 45.54 65.25 76.03 74.52 18.03 39.81 83.35 30.23 24.6 65.01 59.54 33.29 44.38 84.5 77.23 97.74 21.59 0.0 66.1 13.89 76.22 44.41 68.15 108.89 36.25 48.84 100.66 77.37 89.63 67.07 45.18 87.66 64.01 19.42 108.58 61.55 70.09 32.02 61.35 64.29 47.89 53.82 7.81 15.3 42.3 79.06 74.69 39.81 44.29 61.03 108.98 76.79 36.72 54.13 72.62 39.36 38.91 86.84 44.1 54.13 71.78 43.05 57.31 90.91 71.28 70.83 73.11 82.71 83.35 60.8 55.97 48.04 16.49 
29.53 70.09 137.3 5.0 122.8 37.12 119.04 149.97 9.85 62.65 117.55 47.68 126.06 119.0 65.22 130.74 98.68 2.24 96.04 152.51 146.58 27.86 53.23 126.04 127.28 28.64 48.85 73.5 148.56 64.35 85.09 129.4 50.22 51.66 36.89 142.35 31.4 160.38 85.33 66.1 0.0 57.71 27.17 107.91 90.87 170.32 96.13 77.25 96.05 132.38 147.9 17.46 64.08 29.15 105.6 82.29 171.51 123.49 35.78 80.92 113.9 94.02 88.77 118.53 59.67 69.46 62.03 130.42 130.65 99.05 72.42 113.99 100.6 121.21 95.02 116.35 132.64 28.07 104.75 145.09 29.83 112.04 43.29 49.4 122.77 78.31 123.63 7.21 67.36 143.0 23.77 21.26 27.02 112.45 80.6 
28.18 53.26 87.86 52.77 67.36 49.03 74.32 98.51 59.2 6.08 60.44 35.23 81.15 73.16 11.18 73.76 68.41 55.47 55.01 95.6 103.08 30.23 50.09 78.75 89.87 71.06 10.0 50.16 91.0 18.68 27.46 77.41 45.65 19.42 31.26 98.23 74.03 102.9 35.11 13.89 57.71 0.0 72.25 57.49 57.72 113.23 50.09 58.87 87.62 77.8 91.93 55.9 52.61 82.22 58.46 24.7 113.99 66.03 68.6 27.31 60.21 55.23 60.22 60.93 14.76 12.04 49.5 92.91 88.55 53.67 33.24 74.89 95.78 72.73 50.61 67.45 75.82 33.97 48.05 89.11 32.25 67.98 58.24 29.15 65.46 77.23 85.15 61.47 59.46 96.17 77.47 56.73 53.25 60.67 30.08 
47.01 96.03 138.75 30.02 130.18 64.0 118.46 152.49 18.03 75.66 127.58 47.93 125.13 119.1 82.01 140.13 123.69 28.02 118.7 161.25 143.68 43.57 45.18 126.61 122.04 3.16 62.29 68.47 159.2 83.86 99.01 133.2 76.42 72.45 60.44 140.04 4.47 173.88 91.24 76.22 27.17 72.25 0.0 111.79 115.13 184.78 98.35 69.01 123.15 149.94 164.15 44.55 56.04 14.0 126.66 94.92 184.76 137.36 13.93 98.6 132.0 117.18 83.15 130.0 68.6 84.22 55.23 125.02 127.77 100.58 94.43 110.65 127.77 142.02 96.46 118.6 147.79 38.29 114.55 161.32 52.5 111.61 70.46 72.73 133.14 105.48 119.21 32.28 94.09 142.39 13.0 15.56 20.59 117.0 87.32 
81.0 104.96 30.41 103.59 22.83 106.51 20.81 42.11 105.54 51.42 30.07 63.91 26.17 18.44 59.09 36.25 108.25 105.8 88.73 53.08 47.43 81.1 69.64 21.95 42.05 109.38 62.2 48.84 55.57 68.43 43.28 21.59 102.18 75.89 88.65 42.44 111.49 76.69 23.02 44.41 107.91 57.49 111.79 0.0 98.29 89.32 14.21 54.67 137.2 75.54 79.4 111.04 61.85 124.92 82.15 39.66 85.42 51.04 101.97 58.9 68.35 91.35 41.68 37.0 49.0 51.48 60.8 44.29 35.47 13.6 79.06 29.61 146.01 88.39 16.97 10.3 63.01 79.91 24.7 77.23 88.46 17.72 115.69 85.7 34.53 130.74 37.16 113.44 113.18 39.0 121.46 97.72 91.42 5.66 28.07 
69.87 25.0 124.4 86.54 94.67 57.2 118.83 130.0 97.74 60.41 81.88 91.55 124.46 116.67 47.76 92.31 10.77 89.16 13.04 110.16 145.25 73.82 106.57 119.67 138.54 115.25 64.5 107.52 100.22 39.05 55.23 111.25 42.8 45.04 54.71 140.26 118.41 99.02 82.66 68.15 90.87 57.72 115.13 98.29 0.0 103.95 97.8 116.39 42.06 61.29 78.64 77.7 110.22 120.02 27.02 59.82 109.22 70.34 116.9 39.82 46.27 9.06 115.87 76.97 72.12 53.23 107.08 141.23 133.66 101.21 24.52 124.02 50.92 39.22 99.62 108.25 71.25 81.5 76.4 76.42 62.64 114.11 58.0 42.45 83.67 44.28 133.54 89.94 34.0 135.25 114.63 101.64 101.27 98.49 79.08 
141.01 126.37 88.05 165.32 66.73 149.56 102.18 80.5 172.43 109.22 61.4 140.26 101.97 99.25 105.12 53.14 107.07 168.11 91.24 44.1 110.16 143.41 151.21 95.04 121.93 183.25 122.92 134.97 35.36 107.42 85.91 78.92 137.64 120.44 136.95 107.02 186.03 12.65 99.3 108.89 170.32 113.23 184.78 89.32 103.95 0.0 101.98 142.3 143.0 42.76 25.32 164.73 146.44 195.39 77.1 89.87 9.22 47.42 178.93 90.05 60.08 95.19 130.68 56.61 116.67 101.21 144.52 122.59 110.45 102.55 105.11 115.21 151.03 66.01 105.12 91.21 37.74 146.86 73.24 27.66 141.83 103.85 154.73 126.57 55.95 148.22 118.38 173.1 136.34 98.05 190.69 169.25 164.79 84.15 101.4 
70.58 101.04 41.19 92.02 36.4 98.35 24.35 54.34 93.06 44.29 41.11 50.7 31.32 23.54 54.2 49.4 108.23 94.09 89.69 67.18 53.14 70.18 55.57 30.07 41.01 95.86 52.89 34.66 69.07 64.03 43.05 34.93 95.71 69.35 80.32 48.38 97.86 89.44 15.62 36.25 96.13 50.09 98.35 14.21 97.8 101.98 0.0 40.8 134.47 84.02 90.03 100.72 47.63 111.68 85.23 38.01 98.62 60.67 88.14 58.01 74.15 91.81 28.79 47.3 39.05 46.86 46.62 43.86 38.47 3.61 76.37 26.25 143.09 93.62 3.16 20.4 72.99 68.07 32.06 87.66 79.08 17.89 107.91 79.18 46.24 126.25 36.07 102.0 108.47 47.38 108.42 84.65 78.16 19.85 20.25 
62.29 110.64 74.79 74.73 77.2 94.79 53.24 89.19 70.6 56.04 80.95 32.02 59.09 54.71 68.68 90.14 127.13 75.77 112.18 107.71 75.5 59.67 24.52 62.27 53.15 66.0 54.2 9.06 109.86 77.49 70.03 73.11 98.23 75.66 78.64 72.28 67.07 129.87 44.64 48.84 77.25 58.87 69.01 54.67 116.39 142.3 40.8 0.0 144.92 119.85 128.41 88.32 13.34 83.01 112.29 64.03 139.28 98.68 56.14 80.62 106.57 113.03 15.23 86.41 44.27 64.13 15.23 56.08 59.91 41.11 92.03 43.01 152.55 124.02 37.8 57.49 111.0 53.25 70.01 125.87 73.55 47.17 104.74 83.76 86.35 132.2 50.64 84.31 115.11 75.96 81.22 59.23 52.17 60.31 44.55 
86.98 34.41 164.83 93.26 135.96 59.3 157.11 171.3 105.23 92.2 123.48 115.39 163.22 155.24 80.62 134.26 36.12 95.13 54.82 152.2 184.61 90.76 129.47 159.03 175.45 124.33 90.74 136.75 142.13 70.72 94.05 151.95 49.04 69.34 68.95 179.61 127.25 139.43 118.87 100.66 96.05 87.62 123.15 137.2 42.06 143.0 134.47 144.92 0.0 101.24 118.04 79.01 135.96 123.26 68.07 97.62 149.12 112.36 129.4 78.49 87.86 50.96 147.8 118.85 102.2 87.69 132.83 178.33 171.96 138.03 58.26 160.55 8.94 77.0 135.79 147.41 112.61 98.98 116.97 116.11 76.24 151.74 53.04 61.29 125.54 18.44 170.53 92.05 30.68 175.29 118.15 113.28 115.52 138.13 114.56 
103.97 83.68 89.0 127.4 58.52 108.3 94.37 88.23 135.79 75.17 46.32 109.59 97.12 91.44 68.01 48.37 65.12 130.23 48.51 57.63 112.73 106.89 122.65 90.44 116.18 148.84 87.8 111.32 45.8 68.12 52.77 76.16 95.75 81.06 97.2 108.34 151.82 38.21 75.31 77.37 132.38 77.8 149.94 75.54 61.29 42.76 84.02 119.85 101.24 0.0 17.46 124.85 120.49 159.18 34.37 58.18 48.01 25.0 146.17 51.62 18.6 52.47 111.65 39.05 85.0 66.03 117.99 117.88 106.9 86.01 63.53 105.08 109.55 25.0 87.05 82.0 15.62 111.66 52.0 15.13 102.94 93.06 112.81 85.98 43.66 105.57 111.61 134.32 93.62 100.62 154.18 134.47 131.02 72.18 75.43 
119.0 101.14 86.83 142.9 59.08 125.22 96.08 83.26 150.75 88.62 49.37 121.76 97.62 93.09 82.88 46.53 82.0 145.72 65.92 48.83 110.44 121.7 133.96 90.67 117.43 162.86 101.86 120.33 36.89 84.05 65.44 75.13 112.92 97.08 113.44 106.48 165.76 22.47 83.93 89.63 147.9 91.93 164.15 79.4 78.64 25.32 90.03 128.41 118.04 17.46 0.0 141.2 130.61 174.0 51.79 70.21 31.14 29.73 159.46 67.01 35.34 69.87 118.6 42.76 97.42 79.93 128.35 118.71 107.06 91.41 80.53 108.02 126.19 41.11 93.17 84.01 17.46 125.9 58.52 2.83 118.81 96.05 130.0 102.58 45.04 122.92 113.22 150.21 111.09 98.08 169.12 148.6 144.69 75.11 85.0 
30.15 55.15 141.23 16.12 123.18 21.19 124.62 153.0 27.2 61.66 116.18 56.8 131.69 124.17 60.75 129.52 84.53 17.09 84.5 151.34 152.97 30.81 65.6 130.75 135.36 46.1 49.04 83.19 146.1 57.31 81.91 132.02 35.34 44.29 27.78 148.48 48.84 155.64 88.02 67.07 17.46 55.9 44.55 111.04 77.7 164.73 100.72 88.32 79.01 124.85 141.2 0.0 75.72 44.55 95.46 80.28 166.82 119.1 52.92 74.71 106.25 82.01 98.09 116.09 62.07 66.48 73.25 138.52 137.32 103.95 62.29 121.3 83.29 111.02 100.13 120.27 127.06 35.34 103.94 138.44 23.77 117.71 26.02 39.05 121.04 61.07 131.32 13.15 51.2 148.1 39.32 37.59 42.2 115.0 83.01 
51.09 102.04 85.09 61.72 83.44 83.55 63.91 99.32 57.28 51.04 85.21 20.81 70.21 65.0 63.29 95.67 120.83 62.65 107.38 114.63 87.82 48.1 11.18 72.62 66.01 53.08 46.17 13.42 115.52 71.2 68.66 81.84 88.2 67.42 68.24 84.34 54.33 134.27 47.17 45.18 64.08 52.61 56.04 61.85 110.22 146.44 47.63 13.34 135.96 120.49 130.61 75.72 0.0 70.03 109.11 62.82 144.2 101.07 43.57 77.06 105.76 107.79 27.17 89.89 39.01 60.01 3.16 69.0 72.01 48.83 85.7 54.92 143.27 121.93 45.0 66.37 113.16 41.11 73.25 127.95 62.48 57.38 93.38 74.69 90.8 122.33 63.2 71.18 105.68 87.36 68.07 45.89 38.83 67.48 45.62 
55.23 99.04 152.32 33.54 142.7 65.51 132.2 165.94 23.43 86.21 139.43 61.03 138.92 132.77 91.22 152.2 127.81 30.87 124.91 173.54 157.62 52.33 59.14 140.25 136.03 17.03 72.47 82.39 170.99 91.83 109.48 146.41 79.12 79.63 65.76 153.94 16.49 184.81 103.87 87.66 29.15 82.22 14.0 124.92 120.02 195.39 111.68 83.01 123.26 159.18 174.0 44.55 70.03 0.0 133.96 105.8 195.8 148.05 27.46 107.56 140.93 123.0 97.13 141.45 80.26 94.26 69.18 139.01 141.69 114.02 101.02 124.58 127.0 149.51 109.9 132.0 158.04 48.6 126.4 171.17 58.31 125.32 70.26 78.29 144.92 105.08 133.18 31.4 95.71 156.18 5.39 27.31 33.53 130.03 99.74 
79.65 49.65 104.66 100.8 73.59 77.01 102.93 108.23 110.68 58.42 60.21 93.56 107.65 100.4 47.3 68.8 32.28 103.6 14.14 84.86 127.02 83.19 108.19 102.0 124.04 126.13 67.72 103.24 74.33 42.95 43.17 91.22 63.51 54.38 68.88 122.15 129.25 72.01 71.84 64.01 105.6 58.46 126.66 82.15 27.02 77.1 85.23 112.29 68.07 34.37 51.79 95.46 109.11 133.96 0.0 49.03 82.22 45.19 125.54 32.06 19.92 18.11 108.26 54.2 70.26 49.16 106.17 126.4 117.32 88.24 33.3 110.46 76.69 15.62 87.66 91.26 44.55 89.55 58.01 49.5 75.8 99.36 80.26 56.64 60.8 71.25 119.08 106.3 59.48 116.04 128.71 111.8 109.77 81.02 69.63 
52.8 65.37 68.54 77.39 44.05 71.01 59.55 77.37 83.22 19.72 35.9 51.62 65.6 57.63 21.1 49.24 70.21 80.06 51.88 71.06 87.09 54.59 64.47 61.59 78.75 93.38 33.62 55.08 66.31 29.41 6.0 56.61 64.33 39.05 54.23 82.1 96.18 79.03 23.26 19.42 82.29 24.7 94.92 39.66 59.82 89.87 38.01 64.03 97.62 58.18 70.21 80.28 62.82 105.8 49.03 0.0 90.0 42.45 89.38 20.0 42.95 53.85 59.23 36.25 27.2 14.04 60.17 81.47 74.41 41.4 39.41 64.2 106.4 60.0 39.96 49.93 53.26 57.2 24.02 67.42 56.52 54.45 79.31 48.37 40.8 91.24 73.76 86.16 73.82 78.29 101.26 79.4 74.95 41.15 20.62 
142.04 130.86 81.5 166.53 62.61 152.51 96.84 73.06 173.1 109.62 59.03 139.3 96.1 93.96 106.55 49.24 113.04 169.28 96.33 37.12 103.0 144.22 149.58 89.27 115.92 183.1 123.46 132.31 30.08 109.66 86.53 73.25 141.09 122.58 139.13 100.08 185.8 11.18 97.31 108.58 171.51 113.99 184.76 85.42 109.22 9.22 98.62 139.28 149.12 48.01 31.14 166.82 144.2 195.8 82.22 90.0 0.0 48.02 178.28 92.2 64.13 100.32 127.06 55.15 116.28 102.08 142.44 116.4 104.24 98.88 108.52 110.06 157.32 72.25 101.71 86.38 40.16 147.2 71.51 33.02 143.59 99.02 158.15 129.24 53.41 153.47 112.59 174.64 140.89 91.05 191.23 169.29 164.54 80.06 99.82 
94.03 88.05 64.5 118.51 33.62 105.77 69.43 65.12 125.21 61.85 21.38 93.24 72.12 66.49 58.59 24.76 77.25 121.26 57.57 39.85 88.12 96.26 104.85 65.46 91.22 135.83 75.6 90.62 30.15 62.3 38.6 51.43 95.35 75.03 91.55 83.63 138.62 36.89 54.23 61.55 123.49 66.03 137.36 51.04 70.34 47.42 60.67 98.68 112.36 25.0 29.73 119.1 101.07 148.05 45.19 42.45 48.02 0.0 131.64 44.92 25.55 61.4 89.05 14.14 69.35 54.08 98.88 92.89 81.91 62.29 63.29 80.4 121.17 43.84 63.79 57.07 12.37 99.49 28.86 27.2 95.71 68.36 112.18 82.28 18.79 112.75 86.68 126.66 98.02 76.16 143.41 121.83 117.39 47.38 55.47 
47.07 100.0 127.76 37.0 121.49 70.21 107.0 141.74 25.94 71.03 120.1 39.2 113.51 107.86 79.18 132.2 126.15 35.85 118.96 152.82 131.38 43.17 33.24 115.43 109.29 10.77 58.67 56.52 151.65 82.64 94.02 123.07 81.15 72.53 63.13 127.91 11.05 167.6 82.66 70.09 35.78 68.6 13.93 101.97 116.9 178.93 88.14 56.14 129.4 146.17 159.46 52.92 43.57 27.46 125.54 89.38 178.28 131.64 0.0 95.77 128.8 117.88 70.71 123.17 62.29 80.16 43.17 112.22 115.57 90.08 94.64 98.48 134.73 140.53 86.01 108.08 142.64 36.06 107.17 156.65 55.08 100.28 77.88 74.67 125.73 112.38 106.68 42.19 99.41 130.73 26.93 16.12 15.81 107.35 79.2 
52.35 47.76 86.45 75.93 58.82 60.88 79.21 93.78 84.17 26.48 47.68 61.85 85.04 77.16 16.64 60.21 50.22 78.75 32.31 81.01 106.21 55.32 76.3 80.6 98.72 97.65 37.12 71.57 73.68 17.46 15.62 73.79 51.09 30.41 46.96 101.21 100.69 81.02 43.05 32.02 80.92 27.31 98.6 58.9 39.82 90.05 58.01 80.62 78.49 51.62 67.01 74.71 77.06 107.56 32.06 20.0 92.2 44.92 95.77 0.0 33.42 34.0 77.79 45.01 38.21 17.12 74.11 101.41 94.07 61.4 21.19 84.2 87.37 45.61 59.91 69.03 52.35 60.46 39.0 64.2 51.87 74.33 67.6 37.36 51.16 73.74 93.72 83.23 57.01 96.8 102.55 83.23 80.26 59.64 39.81 
85.7 66.75 87.62 108.93 56.22 89.89 88.64 89.87 117.52 58.14 42.8 93.23 92.59 85.91 50.0 49.82 52.2 111.76 33.24 65.0 110.68 88.73 106.89 86.45 110.31 131.02 70.18 97.74 54.41 49.58 37.11 74.2 77.62 62.48 78.6 105.95 134.03 53.46 63.01 61.35 113.9 60.21 132.0 68.35 46.27 60.08 74.15 106.57 87.86 18.6 35.34 106.25 105.76 140.93 19.92 42.95 64.13 25.55 128.8 33.42 0.0 37.22 100.04 36.12 68.71 48.76 103.08 112.4 102.42 76.69 45.19 97.72 96.54 20.12 76.94 76.49 25.02 93.81 43.66 32.7 84.39 86.03 94.7 67.42 42.43 90.0 105.48 115.75 76.79 99.2 135.88 116.61 113.44 66.21 62.13 
70.88 32.2 116.66 89.47 86.53 62.24 112.04 121.79 100.22 57.07 73.57 90.01 117.46 109.79 44.55 83.67 17.03 92.18 4.0 101.24 137.93 74.73 105.02 112.43 132.2 117.05 63.01 104.05 91.22 37.0 48.83 103.41 48.1 45.35 57.25 132.97 120.21 90.05 77.03 64.29 94.02 55.23 117.18 91.35 9.06 95.19 91.81 113.03 50.96 52.47 69.87 82.01 107.79 123.0 18.11 53.85 100.32 61.4 117.88 34.0 37.22 0.0 111.43 68.43 69.05 49.04 104.69 134.81 126.81 95.13 23.35 117.89 59.77 31.3 93.81 101.14 62.2 82.0 68.77 67.6 64.88 107.62 64.2 44.72 75.13 53.15 127.2 93.74 41.79 127.66 117.65 103.09 102.11 91.22 73.79 
69.97 113.41 59.68 85.73 64.5 101.83 38.08 74.09 83.02 56.08 69.89 41.44 43.86 39.66 68.48 77.83 126.63 87.09 110.05 94.2 60.67 68.0 38.01 47.17 39.05 80.22 57.98 15.3 97.25 78.03 65.12 58.69 103.28 78.75 84.65 57.27 81.5 118.11 37.05 47.89 88.77 60.22 83.15 41.68 115.87 130.68 28.79 15.23 147.8 111.65 118.6 98.09 27.17 97.13 108.26 59.23 127.06 89.05 70.71 77.79 100.04 111.43 0.0 75.96 45.61 62.65 28.0 42.11 44.91 28.18 92.18 27.89 155.86 118.61 25.63 43.14 101.41 62.77 60.21 116.18 80.71 32.2 111.83 87.73 75.03 136.56 36.06 95.6 119.0 60.75 95.0 72.25 65.19 47.17 38.64 
89.05 91.59 51.61 113.64 20.25 104.94 55.32 54.04 119.2 55.9 7.28 84.15 58.19 52.39 55.54 15.52 85.09 116.3 64.88 36.06 74.95 90.79 94.64 51.62 77.13 128.23 69.77 78.71 30.08 61.29 34.21 38.28 96.02 73.16 89.27 70.33 130.87 44.69 42.72 53.82 118.53 60.93 130.0 37.0 76.97 56.61 47.3 86.41 118.85 39.05 42.76 116.09 89.89 141.45 54.2 36.25 55.15 14.14 123.17 45.01 36.12 68.43 75.96 0.0 61.4 49.65 87.92 78.85 68.01 48.66 65.49 66.27 127.77 55.8 50.45 42.95 26.02 92.96 16.64 40.45 92.35 54.23 112.29 81.5 6.71 117.15 72.57 122.38 101.27 63.25 137.06 114.62 109.64 33.24 44.82 
32.0 67.8 79.16 55.11 63.25 59.62 63.32 91.05 58.69 12.04 59.17 24.6 70.34 62.59 24.52 72.01 82.86 57.49 68.47 93.52 92.05 32.25 38.33 68.88 77.03 66.84 13.93 35.47 90.74 33.24 32.25 70.18 58.6 33.24 41.63 87.36 69.53 105.48 26.02 7.81 59.67 14.76 68.6 49.0 72.12 116.67 39.05 44.27 102.2 85.0 97.42 62.07 39.01 80.26 70.26 27.2 116.28 69.35 62.29 38.21 68.71 69.05 45.61 61.4 0.0 21.1 36.0 80.13 76.9 42.45 47.76 62.18 110.26 83.55 38.9 58.22 80.43 32.31 46.14 94.63 40.02 56.61 69.35 42.52 64.66 91.22 72.47 64.78 73.55 86.31 76.06 53.25 48.27 53.15 21.1 
39.96 54.2 81.27 64.5 58.01 57.04 70.18 90.8 71.22 9.49 49.82 44.92 76.66 68.6 7.62 63.15 63.98 67.23 48.05 84.93 98.49 42.2 59.23 73.35 87.78 82.98 21.93 55.11 79.71 17.2 15.65 69.86 50.96 25.18 40.2 93.54 85.91 90.97 31.24 15.3 69.46 12.04 84.22 51.48 53.23 101.21 46.86 64.13 87.69 66.03 79.93 66.48 60.01 94.26 49.16 14.04 102.08 54.08 80.16 17.12 48.76 49.04 62.65 49.65 21.1 0.0 57.04 90.69 84.88 50.45 30.0 72.86 96.26 62.59 48.1 61.74 63.78 45.97 38.05 77.1 42.72 64.4 65.49 34.71 54.57 79.61 82.88 72.92 61.91 90.47 89.5 68.68 65.0 53.76 26.87 
48.17 98.9 84.86 59.51 82.07 80.66 63.89 99.01 55.54 48.01 83.41 17.8 70.34 64.85 60.21 94.11 117.69 60.54 104.31 113.36 88.46 45.25 10.05 72.45 67.03 52.35 43.01 13.34 113.95 68.07 65.97 81.12 85.15 64.26 65.22 84.85 53.76 132.41 45.22 42.3 62.03 49.5 55.23 60.8 107.08 144.52 46.62 15.23 132.83 117.99 128.35 73.25 3.16 69.18 106.17 60.17 142.44 98.88 43.17 74.11 103.08 104.69 28.0 87.92 36.0 57.04 0.0 70.06 72.56 48.02 82.57 55.44 140.16 119.08 44.1 65.76 110.91 38.42 71.28 125.67 59.55 57.25 90.52 71.55 89.02 119.27 64.03 69.08 102.58 87.56 67.0 44.41 37.34 66.4 43.42 
109.2 144.81 35.17 127.12 59.84 139.53 23.77 46.96 125.03 87.42 71.57 82.76 21.1 26.57 97.95 72.25 151.49 128.65 132.41 79.43 21.63 107.84 80.02 28.07 3.16 122.04 93.94 57.31 87.28 107.81 86.05 44.0 138.44 112.33 121.66 20.52 123.15 110.29 59.46 79.06 130.42 92.91 125.02 44.29 141.23 122.59 43.86 56.08 178.33 117.88 118.71 138.52 69.0 139.01 126.4 81.47 116.4 92.89 112.22 101.41 112.4 134.81 42.11 78.85 80.13 90.69 70.06 0.0 12.17 40.31 120.22 18.03 186.94 132.5 42.64 36.06 103.94 103.58 68.88 116.97 119.1 27.2 149.38 122.04 74.53 169.81 7.81 137.1 152.0 28.3 137.03 114.35 107.3 46.24 63.89 
