70
0.0 15.81 14.76 66.75 44.1 19.42 17.26 34.53 19.42 11.4 5.0 18.25 21.1 39.32 17.03 64.01 74.24 56.52 60.0 23.35 16.4 9.43 9.22 17.72 97.67 73.98 16.12 22.2 12.65 83.55 26.93 25.0 17.2 65.97 17.03 48.51 38.01 69.18 21.54 54.04 12.04 36.0 90.35 53.94 79.91 2.0 17.89 20.62 53.34 30.53 14.87 19.85 17.2 35.51 38.6 54.23 100.08 33.84 76.4 61.4 38.01 86.09 66.75 96.25 10.82 18.03 76.03 13.6 53.76 85.02 
15.81 0.0 29.73 75.06 55.36 20.22 12.81 47.01 14.32 10.2 16.4 18.36 25.63 51.26 2.0 74.33 85.15 64.0 70.21 33.24 1.0 18.79 17.46 11.31 105.12 82.01 13.04 34.89 9.49 91.05 40.31 38.59 19.03 73.06 4.47 57.31 48.51 78.41 35.81 64.76 22.02 46.84 99.13 66.13 88.01 17.49 17.26 13.6 62.39 35.13 24.02 24.0 23.19 39.46 46.04 65.52 109.37 47.51 83.22 70.26 49.04 95.43 78.45 105.17 7.0 26.93 85.71 2.24 60.13 95.19 
14.76 29.73 0.0 55.66 31.26 23.09 31.62 21.02 27.51 26.0 13.45 31.26 31.26 26.08 31.24 51.35 61.01 46.52 47.52 14.87 30.48 13.0 14.32 32.31 86.68 62.94 30.36 9.85 27.31 72.73 13.0 11.0 21.21 55.95 31.62 37.7 26.25 57.27 7.07 41.3 21.1 24.04 78.45 40.11 68.68 13.93 23.54 35.11 42.06 26.42 23.35 20.1 17.03 31.06 30.0 41.05 87.69 19.42 66.31 50.0 25.71 73.82 53.08 84.17 25.55 13.6 63.64 27.66 44.94 72.17 
66.75 75.06 55.66 0.0 25.55 55.33 83.29 35.78 62.65 77.32 62.39 85.0 86.59 30.89 77.06 11.18 17.89 11.4 11.66 43.42 76.06 58.22 59.14 83.15 31.05 7.28 82.39 45.88 78.23 17.09 43.46 45.31 56.14 6.32 79.01 18.25 29.41 5.83 49.4 16.97 76.4 31.62 24.08 23.85 13.15 67.08 58.31 86.15 13.6 40.45 78.85 51.09 52.0 37.11 29.02 19.21 34.53 39.96 12.04 5.83 30.08 20.88 20.0 30.15 75.11 49.16 12.81 74.01 16.55 22.47 
44.1 55.36 31.26 25.55 0.0 38.08 61.29 10.44 45.65 55.33 40.45 62.0 62.51 5.39 57.28 20.1 30.15 19.42 16.28 22.14 56.32 36.88 38.08 61.52 56.08 32.65 60.21 22.0 56.44 42.49 18.44 20.4 38.01 27.59 58.69 10.77 7.21 26.25 24.52 10.05 52.35 8.54 47.3 11.4 38.08 44.01 40.71 64.5 12.73 26.17 54.59 33.12 32.7 26.08 15.65 10.2 56.44 14.42 37.2 19.72 6.32 42.58 23.09 52.95 53.76 28.46 32.39 53.85 21.19 41.01 
19.42 20.22 23.09 55.33 38.08 0.0 30.87 31.83 7.62 25.55 14.76 34.67 39.62 35.0 22.2 55.66 66.73 44.1 51.55 16.97 21.21 11.4 10.77 30.08 85.02 62.13 30.41 21.95 25.94 71.0 27.46 26.42 2.24 53.0 24.52 38.08 30.89 59.03 25.63 46.62 31.4 29.68 79.4 49.4 68.12 21.1 3.0 32.89 43.17 15.0 34.21 5.0 6.71 19.24 26.48 47.85 89.81 34.21 63.07 50.8 31.91 75.95 60.84 85.48 22.36 11.66 66.49 19.65 40.01 76.16 
17.26 12.81 31.62 83.29 61.29 30.87 0.0 51.79 26.4 6.0 21.0 6.08 14.04 56.57 11.66 81.1 91.44 72.69 77.06 40.01 12.21 25.08 24.19 2.0 113.99 90.45 1.41 39.46 5.1 99.85 44.15 42.2 29.15 82.04 8.94 65.12 55.04 86.02 38.6 71.18 15.0 53.08 107.12 71.2 96.42 17.72 28.18 3.61 70.06 44.92 15.65 33.53 31.78 49.65 54.59 71.45 117.0 50.96 92.4 78.1 55.15 103.0 84.01 113.07 8.54 34.13 93.01 12.04 69.43 102.12 
34.53 47.01 21.02 35.78 10.44 31.83 51.79 0.0 39.05 45.89 31.32 52.09 52.24 5.1 48.85 30.41 40.0 28.32 26.68 14.87 47.93 28.23 29.55 52.17 66.48 42.95 50.64 12.37 47.07 52.8 8.06 10.05 31.24 37.2 49.98 19.1 8.06 36.69 14.14 20.4 42.11 6.32 57.72 19.42 48.47 34.23 34.06 55.11 22.47 23.41 44.28 26.87 25.61 25.32 17.26 20.02 66.75 5.39 47.17 29.97 6.4 52.95 32.25 63.35 44.64 20.81 42.76 45.31 28.6 51.16 
19.42 14.32 27.51 62.65 45.65 7.62 26.4 39.05 0.0 21.93 16.0 31.11 37.2 42.44 16.16 63.25 74.33 51.35 59.14 24.21 15.23 14.56 13.34 25.24 92.01 69.35 26.25 28.43 21.93 78.06 34.06 32.8 7.81 60.07 18.79 45.61 38.47 66.49 31.38 54.23 30.46 37.22 86.7 56.94 75.33 21.38 5.0 27.78 50.7 22.2 33.11 12.53 13.45 26.0 33.96 55.46 97.16 41.04 70.0 58.25 39.45 83.36 68.45 92.78 18.38 18.38 73.98 14.42 47.04 83.68 
11.4 10.2 26.0 77.32 55.33 25.55 6.0 45.89 21.93 0.0 15.0 9.22 15.65 50.64 10.0 75.11 85.48 66.75 71.06 34.01 10.05 19.1 18.25 6.32 108.05 84.48 5.1 33.54 1.41 93.9 38.33 36.4 23.71 76.12 8.25 59.14 49.04 80.02 32.89 65.19 12.37 47.1 101.12 65.31 90.45 12.08 23.02 9.22 64.07 39.22 14.04 27.86 25.96 44.01 48.66 65.49 111.0 45.22 86.49 72.11 49.16 97.01 78.09 107.07 3.61 28.16 87.01 8.54 63.56 96.13 
5.0 16.4 13.45 62.39 40.45 14.76 21.0 31.32 16.0 15.0 0.0 22.8 26.08 35.9 18.03 60.13 70.58 51.97 56.08 19.03 17.2 4.47 4.24 21.1 93.21 69.58 20.02 18.97 16.03 79.08 24.17 22.36 12.53 61.39 18.79 44.18 34.06 65.03 19.42 50.25 16.97 32.14 86.15 50.7 75.54 6.4 13.6 24.08 49.09 25.55 19.8 14.87 12.21 30.53 33.96 50.64 96.01 31.3 71.81 57.14 34.23 82.01 63.35 92.09 13.34 13.34 72.01 14.42 49.04 81.15 
18.25 18.36 31.26 85.0 62.0 34.67 6.08 52.09 31.11 9.22 22.8 0.0 8.0 57.04 17.46 82.02 92.05 74.73 78.06 41.59 17.89 27.2 26.57 8.06 115.92 92.23 5.39 40.0 9.22 101.79 44.18 42.19 32.76 84.17 14.87 66.75 56.14 87.37 38.33 72.01 11.66 54.08 108.56 71.34 98.15 18.03 32.2 8.25 71.57 47.93 11.31 36.67 34.54 52.8 56.75 72.03 118.21 50.64 94.59 79.63 56.04 104.24 84.29 114.44 12.73 36.14 94.13 17.2 71.84 103.0 
21.1 25.63 31.26 86.59 62.51 39.62 14.04 52.24 37.2 15.65 26.08 8.0 0.0 57.31 25.0 82.61 92.14 76.84 78.77 43.66 25.3 30.53 30.23 16.03 117.63 93.86 13.15 40.79 16.16 103.58 44.18 42.19 37.54 86.33 22.56 68.41 57.27 88.46 38.12 72.56 10.2 55.11 109.66 71.01 99.69 20.12 37.48 16.12 73.01 51.62 8.0 40.8 38.28 56.6 59.24 72.25 118.95 50.0 96.77 81.02 56.89 105.08 84.01 115.41 19.24 38.91 94.89 24.17 74.46 103.39 
39.32 51.26 26.08 30.89 5.39 35.0 56.57 5.1 42.44 50.64 35.9 57.04 57.31 0.0 53.14 25.32 35.01 24.08 21.59 18.36 52.2 32.57 33.84 56.89 61.47 38.01 55.44 17.12 51.79 47.85 13.15 15.13 34.67 32.65 54.41 15.0 6.08 31.62 19.24 15.3 47.17 5.83 52.63 14.87 43.46 39.12 37.44 59.84 17.8 24.7 49.37 30.0 29.15 25.63 16.12 15.0 61.66 9.22 42.44 25.06 4.12 47.85 27.46 58.25 49.24 24.6 37.66 49.65 25.06 46.1 
17.03 2.0 31.24 77.06 57.28 22.2 11.66 48.85 16.16 10.0 18.03 17.46 25.0 53.14 0.0 76.3 87.1 66.0 72.18 35.17 1.0 20.62 19.31 10.0 107.12 84.01 12.08 36.67 9.06 93.05 42.06 40.31 21.02 75.06 2.83 59.3 50.45 80.4 37.44 66.71 22.2 48.76 101.12 68.01 90.01 18.6 19.24 12.04 64.38 37.12 24.02 26.0 25.18 41.44 48.04 67.45 111.36 49.24 85.21 72.25 50.96 97.42 80.36 107.17 7.28 28.86 87.69 3.61 62.13 97.16 
64.01 74.33 51.35 11.18 20.1 55.66 81.1 30.41 63.25 75.11 60.13 82.02 82.61 25.32 76.3 0.0 11.18 16.64 4.12 41.3 75.31 56.32 57.43 81.22 37.22 15.81 80.06 42.05 76.16 24.76 38.47 40.45 56.04 17.0 77.93 17.89 26.08 7.81 44.55 10.05 72.44 28.02 27.51 14.21 19.85 64.01 58.52 84.21 13.04 41.63 74.67 50.96 51.2 39.45 29.55 10.77 36.35 33.53 22.36 8.54 26.0 22.56 9.22 32.98 73.33 47.52 12.37 72.99 22.2 21.02 
74.24 85.15 61.01 17.89 30.15 66.73 91.44 40.0 74.33 85.48 70.58 92.05 92.14 35.01 87.1 11.18 0.0 26.87 15.23 51.97 86.12 66.91 68.07 91.66 32.56 18.03 90.35 52.09 86.58 23.41 48.01 50.01 67.05 24.17 88.65 29.07 36.67 12.08 54.04 20.4 82.05 38.47 21.26 21.38 18.68 74.11 69.57 94.64 24.19 52.8 84.15 61.98 62.1 50.61 40.72 20.02 27.86 42.3 25.0 18.38 36.35 15.62 8.94 25.55 83.86 58.25 8.25 83.74 32.53 11.7 
56.52 64.0 46.52 11.4 19.42 44.1 72.69 28.32 51.35 66.75 51.97 74.73 76.84 24.08 66.0 16.64 26.87 0.0 13.93 33.24 65.0 47.68 48.51 72.44 41.3 18.03 71.85 36.67 67.6 27.17 35.23 36.89 45.01 9.49 68.03 9.22 20.81 16.12 40.82 15.03 66.73 23.02 35.36 23.09 24.02 57.01 47.1 75.43 7.28 29.15 69.29 40.0 41.11 25.71 18.11 18.03 45.89 33.24 19.92 8.49 22.02 32.28 25.5 41.44 64.38 38.64 23.71 63.03 5.66 33.54 
60.0 70.21 47.52 11.66 16.28 51.55 77.06 26.68 59.14 71.06 56.08 78.06 78.77 21.59 72.18 4.12 15.23 13.93 0.0 37.22 71.2 52.24 53.34 77.16 40.25 17.69 76.03 38.12 72.11 27.2 34.71 36.67 51.92 16.49 73.82 13.89 22.02 10.3 40.79 6.32 68.59 24.0 31.05 12.21 22.47 60.03 54.41 80.16 9.22 37.58 70.86 46.84 47.07 35.51 25.5 7.81 40.2 30.08 23.6 7.07 22.02 26.31 11.66 36.67 69.26 43.42 16.12 68.88 19.24 25.08 
23.35 33.24 14.87 43.42 22.14 16.97 40.01 14.87 24.21 34.01 19.03 41.59 43.66 18.36 35.17 41.3 51.97 33.24 37.22 0.0 34.21 15.03 16.12 40.01 74.33 50.64 39.05 7.07 35.0 60.21 11.4 11.05 16.4 42.72 36.67 25.18 15.3 46.01 12.37 31.58 33.62 13.6 67.12 33.11 56.57 23.77 19.21 43.01 30.07 12.37 36.25 12.04 10.82 16.55 15.65 32.28 77.0 17.49 53.16 38.12 15.81 63.0 45.22 73.06 32.06 6.32 53.04 31.78 30.87 62.29 
16.4 1.0 30.48 76.06 56.32 21.21 12.21 47.93 15.23 10.05 17.2 17.89 25.3 52.2 1.0 75.31 86.12 65.0 71.2 34.21 0.0 19.7 18.38 10.63 106.12 83.01 12.53 35.78 9.22 92.05 41.18 39.45 20.02 74.06 3.61 58.31 49.48 79.4 36.62 65.73 22.09 47.8 100.12 67.07 89.01 18.03 18.25 12.81 63.39 36.12 24.0 25.0 24.19 40.45 47.04 66.48 110.37 48.37 84.21 71.25 50.0 96.42 79.4 106.17 7.07 27.89 86.7 2.83 61.13 96.18 
9.43 18.79 13.0 58.22 36.88 11.4 25.08 28.23 14.56 19.1 4.47 27.2 30.53 32.57 20.62 56.32 66.91 47.68 52.24 15.03 19.7 0.0 1.41 25.0 88.96 65.38 24.19 16.12 20.02 74.81 21.63 20.0 9.22 57.07 21.84 40.05 30.27 61.0 17.69 46.53 21.26 28.44 82.05 47.43 71.34 10.63 11.0 28.0 45.01 21.1 24.08 10.63 7.81 26.08 29.61 47.07 92.01 28.84 67.47 53.04 30.59 78.01 59.91 88.02 17.03 9.06 68.07 17.09 44.64 77.32 
9.22 17.46 14.32 59.14 38.08 10.77 24.19 29.55 13.34 18.25 4.24 26.57 30.23 33.84 19.31 57.43 68.07 48.51 53.34 16.12 18.38 1.41 0.0 24.02 89.81 66.27 23.35 17.49 19.1 75.66 23.02 21.4 8.54 57.87 20.62 41.01 31.4 62.01 19.1 47.68 21.21 29.61 83.02 48.7 72.25 10.63 10.05 27.02 46.0 21.47 24.04 10.63 8.06 26.42 30.41 48.27 93.02 30.23 68.25 54.01 31.78 79.03 61.13 89.01 16.0 10.0 69.12 15.81 45.35 78.41 
17.72 11.31 32.31 83.15 61.52 30.08 2.0 52.17 25.24 6.32 21.1 8.06 16.03 56.89 10.0 81.22 91.66 72.44 77.16 40.01 10.63 25.0 24.02 0.0 113.75 90.27 3.16 39.81 5.1 99.61 44.64 42.72 28.46 81.74 7.21 65.03 55.15 86.0 39.22 71.34 16.64 53.24 107.04 71.59 96.25 18.38 27.31 3.0 70.01 44.38 17.46 32.98 31.4 49.04 54.33 71.7 117.0 51.55 92.07 78.03 55.33 103.0 84.34 113.02 8.06 34.01 93.05 10.82 69.05 102.24 
97.67 105.12 86.68 31.05 56.08 85.02 113.99 66.48 92.01 108.05 93.21 115.92 117.63 61.47 107.12 37.22 32.56 41.3 40.25 74.33 106.12 88.96 89.81 113.75 0.0 23.77 113.14 76.92 108.9 14.14 74.33 76.22 86.09 32.06 109.22 49.24 60.44 29.97 80.32 46.52 107.45 62.64 11.66 51.31 18.03 98.06 88.02 116.73 44.64 70.03 109.9 81.15 82.39 66.01 59.41 47.89 14.56 70.26 22.02 36.69 61.03 17.2 41.04 11.0 105.68 79.91 25.61 104.24 45.01 22.83 
73.98 82.01 62.94 7.28 32.65 62.13 90.45 42.95 69.35 84.48 69.58 92.23 93.86 38.01 84.01 15.81 18.03 18.03 17.69 50.64 83.01 65.38 66.27 90.27 23.77 0.0 89.56 53.16 85.38 9.85 50.7 52.55 63.03 9.85 86.01 25.5 36.69 8.06 56.65 23.6 83.68 38.9 17.46 29.73 6.0 74.33 65.12 93.26 20.88 47.17 86.13 58.01 59.03 43.57 36.01 25.5 28.16 47.01 7.07 13.0 37.34 15.26 23.09 23.54 82.22 56.32 10.44 81.01 22.56 18.44 
16.12 13.04 30.36 82.39 60.21 30.41 1.41 50.64 26.25 5.1 20.02 5.39 13.15 55.44 12.08 80.06 90.35 71.85 76.03 39.05 12.53 24.19 23.35 3.16 113.14 89.56 0.0 38.33 4.47 98.99 42.95 41.0 28.64 81.22 9.49 64.2 54.01 85.05 37.36 70.11 13.6 52.04 106.17 70.04 95.52 16.49 27.78 5.0 69.12 44.27 14.32 32.89 31.05 49.04 53.76 70.35 116.02 49.73 91.59 77.16 54.08 102.02 82.87 112.11 8.06 33.24 92.0 12.04 68.66 101.08 
22.2 34.89 9.85 45.88 22.0 21.95 39.46 12.37 28.43 33.54 18.97 40.0 40.79 17.12 36.67 42.05 52.09 36.67 38.12 7.07 35.78 16.12 17.49 39.81 76.92 53.16 38.33 0.0 34.71 62.94 5.66 4.47 20.81 46.1 37.7 27.86 16.49 47.68 5.39 32.02 30.59 14.32 68.88 31.78 58.94 22.02 23.6 42.76 32.28 19.42 32.98 17.46 15.26 23.41 20.52 32.06 78.31 12.81 56.46 40.26 16.12 64.38 44.55 74.67 32.28 10.3 54.23 33.11 35.23 63.01 
12.65 9.49 27.31 78.23 56.44 25.94 5.1 47.07 21.93 1.41 16.03 9.22 16.16 51.79 9.06 76.16 86.58 67.6 72.11 35.0 9.22 20.02 19.1 5.1 108.9 85.38 4.47 34.71 0.0 94.76 39.56 37.64 24.17 76.94 7.07 60.07 50.09 81.01 34.18 66.27 13.6 48.17 102.08 66.49 91.35 13.42 23.32 8.06 65.03 39.85 15.13 28.46 26.68 44.6 49.5 66.61 112.0 46.49 87.3 73.06 50.25 98.0 79.25 108.04 3.61 29.07 88.02 8.06 64.33 97.19 
83.55 91.05 72.73 17.09 42.49 71.0 99.85 52.8 78.06 93.9 79.08 101.79 103.58 47.85 93.05 24.76 23.41 27.17 27.2 60.21 92.05 74.81 75.66 99.61 14.14 9.85 98.99 62.94 94.76 0.0 60.54 62.39 72.03 18.0 95.13 35.17 46.49 17.03 66.48 33.29 93.41 48.7 11.31 38.95 5.0 83.95 74.0 102.59 30.68 56.0 95.88 67.07 68.26 52.09 45.28 35.0 21.63 56.82 8.54 22.85 47.17 12.65 30.53 16.64 91.55 65.76 15.23 90.14 31.02 18.25 
26.93 40.31 13.0 43.46 18.44 27.46 44.15 8.06 34.06 38.33 24.17 44.18 44.18 13.15 42.06 38.47 48.01 35.23 34.71 11.4 41.18 21.63 23.02 44.64 74.33 50.7 42.95 5.66 39.56 60.54 0.0 2.0 26.4 44.42 42.95 26.08 14.42 44.64 6.08 28.44 34.06 12.21 65.73 27.17 56.3 26.48 29.21 47.54 29.97 23.0 36.22 22.83 20.81 26.31 21.1 28.07 74.81 7.21 54.59 37.7 13.42 61.0 40.11 71.39 37.34 15.81 50.8 38.47 34.66 59.21 
25.0 38.59 11.0 45.31 20.4 26.42 42.2 10.05 32.8 36.4 22.36 42.19 42.19 15.13 40.31 40.45 50.01 36.89 36.67 11.05 39.45 20.0 21.4 42.72 76.22 52.55 41.0 4.47 37.64 62.39 2.0 0.0 25.24 46.14 41.15 27.78 16.12 46.57 4.12 30.41 32.06 13.89 67.68 29.15 58.19 24.52 28.02 45.61 31.78 23.09 34.23 21.93 19.72 26.68 22.2 30.07 76.79 8.94 56.36 39.56 15.23 62.97 42.11 73.35 35.47 14.76 52.77 36.72 36.12 61.2 
17.2 19.03 21.21 56.14 38.01 2.24 29.15 31.24 7.81 23.71 12.53 32.76 37.54 34.67 21.02 56.04 67.05 45.01 51.92 16.4 20.02 9.22 8.54 28.46 86.09 63.03 28.64 20.81 24.17 72.03 26.4 25.24 0.0 54.04 23.19 38.64 30.87 59.68 24.17 46.82 29.21 29.53 80.22 49.24 69.03 18.87 2.83 31.32 43.74 16.12 32.02 5.1 5.66 20.62 27.17 47.93 90.55 33.3 64.2 51.48 31.76 76.66 60.93 86.28 20.62 10.63 67.08 18.25 41.11 76.69 
65.97 73.06 55.95 6.32 27.59 53.0 82.04 37.2 60.07 76.12 61.39 84.17 86.33 32.65 75.06 17.0 24.17 9.49 16.49 42.72 74.06 57.07 57.87 81.74 32.06 9.85 81.22 46.1 76.94 18.0 44.42 46.14 54.04 0.0 77.16 18.36 30.02 12.08 50.12 20.59 76.22 32.25 27.2 28.23 15.52 66.48 56.0 84.72 14.87 38.0 78.77 49.09 50.36 34.13 27.46 23.26 37.95 41.87 10.44 9.49 31.06 25.06 26.08 33.24 73.68 48.05 18.44 72.17 13.04 27.66 
17.03 4.47 31.62 79.01 58.69 24.52 8.94 49.98 18.79 8.25 18.79 14.87 22.56 54.41 2.83 77.93 88.65 68.03 73.82 36.67 3.61 21.84 20.62 7.21 109.22 86.01 9.49 37.7 7.07 95.13 42.95 41.15 23.19 77.16 0.0 61.13 51.97 82.22 38.08 68.25 20.62 50.22 103.04 69.26 92.01 18.38 21.59 9.22 66.19 39.32 22.2 28.07 27.02 43.74 50.0 68.88 113.22 50.09 87.37 74.11 52.39 99.25 81.74 109.07 6.4 30.41 89.45 5.0 64.28 98.86 
48.51 57.31 37.7 18.25 10.77 38.08 65.12 19.1 45.61 59.14 44.18 66.75 68.41 15.0 59.3 17.89 29.07 9.22 13.89 25.18 58.31 40.05 41.01 65.03 49.24 25.5 64.2 27.86 60.07 35.17 26.08 27.78 38.64 18.36 61.13 0.0 11.66 21.1 31.76 10.82 58.24 13.89 42.01 17.72 31.4 48.84 41.0 68.03 5.1 23.77 60.73 33.54 34.13 21.63 11.7 13.42 52.09 24.08 28.64 13.0 12.81 38.12 24.76 48.0 57.01 31.02 28.44 56.14 10.44 38.08 
38.01 48.51 26.25 29.41 7.21 30.89 55.04 8.06 38.47 49.04 34.06 56.14 57.27 6.08 50.45 26.08 36.67 20.81 22.02 15.3 49.48 30.27 31.4 55.15 60.44 36.69 54.01 16.49 50.09 46.49 14.42 16.12 30.87 30.02 51.97 11.66 0.0 31.26 20.12 16.28 47.07 2.24 52.47 18.6 42.45 38.12 33.54 58.14 15.81 19.21 49.48 25.94 25.63 19.7 10.05 17.09 62.07 13.42 40.25 23.77 2.0 48.09 30.08 58.31 47.27 21.59 38.01 47.07 20.62 47.1 
69.18 78.41 57.27 5.83 26.25 59.03 86.02 36.69 66.49 80.02 65.03 87.37 88.46 31.62 80.4 7.81 12.08 16.12 10.3 46.01 79.4 61.0 62.01 86.0 29.97 8.06 85.05 47.68 81.01 17.03 44.64 46.57 59.68 12.08 82.22 21.1 31.26 0.0 50.7 16.55 78.26 33.38 21.21 21.93 12.21 69.35 61.98 89.0 16.03 44.38 80.6 54.59 55.23 41.44 32.56 18.03 31.02 40.31 14.87 8.25 31.58 17.03 15.3 27.07 78.01 52.01 7.62 77.23 21.63 17.46 
21.54 35.81 7.07 49.4 24.52 25.63 38.6 14.14 31.38 32.89 19.42 38.33 38.12 19.24 37.44 44.55 54.04 40.82 40.79 12.37 36.62 17.69 19.1 39.22 80.32 56.65 37.36 5.39 34.18 66.48 6.08 4.12 24.17 50.12 38.08 31.76 20.12 50.7 0.0 34.53 28.02 17.89 71.81 33.06 62.3 20.88 26.83 42.06 35.85 24.74 30.15 21.59 18.97 28.79 25.5 34.13 80.89 12.37 60.37 43.66 19.31 67.08 46.04 77.47 32.2 14.32 56.89 33.84 39.82 65.28 
54.04 64.76 41.3 16.97 10.05 46.62 71.18 20.4 54.23 65.19 50.25 72.01 72.56 15.3 66.71 10.05 20.4 15.03 6.32 31.58 65.73 46.53 47.68 71.34 46.52 23.6 70.11 32.02 66.27 33.29 28.44 30.41 46.82 20.59 68.25 10.82 16.28 16.55 34.53 0.0 62.39 18.11 37.36 8.06 28.65 54.0 49.4 74.33 8.06 33.29 64.63 41.79 41.76 31.89 21.4 3.0 46.39 23.77 29.0 11.4 16.03 32.56 14.42 42.95 63.51 37.85 22.36 63.35 19.24 31.0 
12.04 22.02 21.1 76.4 52.35 31.4 15.0 42.11 30.46 12.37 16.97 11.66 10.2 47.17 22.2 72.44 82.05 66.73 68.59 33.62 22.09 21.26 21.21 16.64 107.45 83.68 13.6 30.59 13.6 93.41 34.06 32.06 29.21 76.22 20.62 58.24 47.07 78.26 28.02 62.39 0.0 44.91 99.46 61.01 89.5 10.63 29.68 18.44 62.82 42.2 2.83 31.83 29.07 47.2 49.24 62.13 108.78 40.05 86.65 70.83 46.69 94.89 74.01 105.22 15.03 29.15 84.72 20.0 64.47 93.26 
36.0 46.84 24.04 31.62 8.54 29.68 53.08 6.32 37.22 47.1 32.14 54.08 55.11 5.83 48.76 28.02 38.47 23.02 24.0 13.6 47.8 28.44 29.61 53.24 62.64 38.9 52.04 14.32 48.17 48.7 12.21 13.89 29.53 32.25 50.22 13.89 2.24 33.38 17.89 18.11 44.91 0.0 54.59 19.72 44.64 36.06 32.25 56.22 18.03 18.87 47.3 24.7 24.17 19.92 11.05 18.68 64.12 11.7 42.49 25.96 2.24 50.16 31.62 60.41 45.4 19.92 40.05 45.35 22.67 49.04 
90.35 99.13 78.45 24.08 47.3 79.4 107.12 57.72 86.7 101.12 86.15 108.56 109.66 52.63 101.12 27.51 21.26 35.36 31.05 67.12 100.12 82.05 83.02 107.04 11.66 17.46 106.17 68.88 102.08 11.31 65.73 67.68 80.22 27.2 103.04 42.01 52.47 21.21 71.81 37.36 99.46 54.59 0.0 41.15 11.7 90.55 82.39 110.04 37.05 64.5 101.79 75.17 76.03 61.0 53.08 38.28 10.77 61.03 19.42 29.02 52.77 5.66 30.0 6.08 99.02 73.03 15.23 98.05 40.02 11.18 
53.94 66.13 40.11 23.85 11.4 49.4 71.2 19.42 56.94 65.31 50.7 71.34 71.01 14.87 68.01 14.21 21.38 23.09 12.21 33.11 67.07 47.43 48.7 71.59 51.31 29.73 70.04 31.78 66.49 38.95 27.17 29.15 49.24 28.23 69.26 17.72 18.6 21.93 33.06 8.06 61.01 19.72 41.15 0.0 34.06 53.6 51.97 74.53 16.0 37.48 63.01 44.42 43.83 37.01 26.4 5.1 49.04 21.02 35.81 18.79 17.49 35.85 13.0 46.24 64.03 39.4 25.94 64.51 27.07 32.98 
79.91 88.01 68.68 13.15 38.08 68.12 96.42 48.47 75.33 90.45 75.54 98.15 99.69 43.46 90.01 19.85 18.68 24.02 22.47 56.57 89.01 71.34 72.25 96.25 18.03 6.0 95.52 58.94 91.35 5.0 56.3 58.19 69.03 15.52 92.01 31.4 42.45 12.21 62.3 28.65 89.5 44.64 11.7 34.06 0.0 80.23 71.11 99.25 26.68 53.15 91.92 64.01 65.03 49.5 42.01 30.23 22.47 52.33 8.6 18.68 43.01 10.63 25.55 17.72 88.2 62.29 10.44 87.01 28.44 15.23 
2.0 17.49 13.93 67.08 44.01 21.1 17.72 34.23 21.38 12.08 6.4 18.03 20.12 39.12 18.6 64.01 74.11 57.01 60.03 23.77 18.03 10.63 10.63 18.38 98.06 74.33 16.49 22.02 13.42 83.95 26.48 24.52 18.87 66.48 18.38 48.84 38.12 69.35 20.88 54.0 10.63 36.06 90.55 53.6 80.23 0.0 19.7 21.19 53.6 31.62 13.45 21.21 18.44 36.62 39.22 54.08 100.18 33.24 76.92 61.66 38.01 86.21 66.48 96.42 12.04 18.79 76.11 15.26 54.42 85.0 
17.89 17.26 23.54 58.31 40.71 3.0 28.18 34.06 5.0 23.02 13.6 32.2 37.48 37.44 19.24 58.52 69.57 47.1 54.41 19.21 18.25 11.0 10.05 27.31 88.02 65.12 27.78 23.6 23.32 74.0 29.21 28.02 2.83 56.0 21.59 41.0 33.54 61.98 26.83 49.4 29.68 32.25 82.39 51.97 71.11 19.7 0.0 30.08 46.1 18.0 32.45 7.62 8.49 22.2 29.43 50.57 92.78 36.12 66.07 53.76 34.48 78.92 63.56 88.46 19.72 13.45 69.43 16.76 43.01 79.08 
20.62 13.6 35.11 86.15 64.5 32.89 3.61 55.11 27.78 9.22 24.08 8.25 16.12 59.84 12.04 84.21 94.64 75.43 80.16 43.01 12.81 28.0 27.02 3.0 116.73 93.26 5.0 42.76 8.06 102.59 47.54 45.61 31.32 84.72 9.22 68.03 58.14 89.0 42.06 74.33 18.44 56.22 110.04 74.53 99.25 21.19 30.08 0.0 73.01 47.3 18.87 35.9 34.37 51.92 57.31 74.67 120.0 54.41 95.04 81.02 58.31 106.0 87.3 116.02 11.05 37.01 96.05 13.42 72.01 105.23 
53.34 62.39 42.06 13.6 12.73 43.17 70.06 22.47 50.7 64.07 49.09 71.57 73.01 17.8 64.38 13.04 24.19 7.28 9.22 30.07 63.39 45.01 46.0 70.01 44.64 20.88 69.12 32.28 65.03 30.68 29.97 31.78 43.74 14.87 66.19 5.1 15.81 16.03 35.85 8.06 62.82 18.03 37.05 16.0 26.68 53.6 46.1 73.01 0.0 28.79 65.25 38.64 39.2 26.42 16.76 11.05 47.04 27.02 24.7 8.06 16.55 33.06 20.62 43.01 62.0 36.0 23.35 61.2 11.18 32.98 
30.53 35.13 26.42 40.45 26.17 15.0 44.92 23.41 22.2 39.22 25.55 47.93 51.62 24.7 37.12 41.63 52.8 29.15 37.58 12.37 36.12 21.1 21.47 44.38 70.03 47.17 44.27 19.42 39.85 56.0 23.0 23.09 16.12 38.0 39.32 23.77 19.21 44.38 24.74 33.29 42.2 18.87 64.5 37.48 53.15 31.62 18.0 47.3 28.79 0.0 45.0 11.4 13.42 5.0 12.08 35.0 74.97 27.66 48.09 36.14 20.81 61.19 47.71 70.58 36.4 13.45 51.92 34.37 25.02 61.68 
14.87 24.02 23.35 78.85 54.59 34.21 15.65 44.28 33.11 14.04 19.8 11.31 8.0 49.37 24.02 74.67 84.15 69.29 70.86 36.25 24.0 24.08 24.04 17.46 109.9 86.13 14.32 32.98 15.13 95.88 36.22 34.23 32.02 78.77 22.2 60.73 49.48 80.6 30.15 64.63 2.83 47.3 101.79 63.01 91.92 13.45 32.45 18.87 65.25 45.0 0.0 34.66 31.89 50.0 51.89 64.28 111.02 42.0 89.2 73.25 49.03 97.16 76.01 107.52 17.03 31.91 86.98 22.09 67.12 95.43 
19.85 24.0 20.1 51.09 33.12 5.0 33.53 26.87 12.53 27.86 14.87 36.67 40.8 30.0 26.0 50.96 61.98 40.0 46.84 12.04 25.0 10.63 10.63 32.98 81.15 58.01 32.89 17.46 28.46 67.07 22.83 21.93 5.1 49.09 28.07 33.54 25.94 54.59 21.59 41.79 31.83 24.7 75.17 44.42 64.01 21.21 7.62 35.9 38.64 11.4 34.66 0.0 3.16 16.16 22.09 42.95 85.48 29.41 59.3 46.39 26.93 71.57 55.95 81.22 25.0 7.28 61.98 23.09 36.22 71.59 
17.2 23.19 17.03 52.0 32.7 6.71 31.78 25.61 13.45 25.96 12.21 34.54 38.28 29.15 25.18 51.2 62.1 41.11 47.07 10.82 24.19 7.81 8.06 31.4 82.39 59.03 31.05 15.26 26.68 68.26 20.81 19.72 5.66 50.36 27.02 34.13 25.63 55.23 18.97 41.76 29.07 24.17 76.03 43.83 65.03 18.44 8.49 34.37 39.2 13.42 31.89 3.16 0.0 18.36 23.02 42.72 86.21 27.66 60.67 47.1 26.4 72.25 55.71 82.05 23.35 5.0 62.51 22.02 37.66 72.01 
35.51 39.46 31.06 37.11 26.08 19.24 49.65 25.32 26.0 44.01 30.53 52.8 56.6 25.63 41.44 39.45 50.61 25.71 35.51 16.55 40.45 26.08 26.42 49.04 66.01 43.57 49.04 23.41 44.6 52.09 26.31 26.68 20.62 34.13 43.74 21.63 19.7 41.44 28.79 31.89 47.2 19.92 61.0 37.01 49.5 36.62 22.2 51.92 26.42 5.0 50.0 16.16 18.36 0.0 10.63 33.94 71.59 30.07 44.0 33.24 21.54 57.97 46.23 67.08 41.11 18.38 49.04 38.83 21.1 58.87 
38.6 46.04 30.0 29.02 15.65 26.48 54.59 17.26 33.96 48.66 33.96 56.75 59.24 16.12 48.04 29.55 40.72 18.11 25.5 15.65 47.04 29.61 30.41 54.33 59.41 36.01 53.76 20.52 49.5 45.28 21.1 22.2 27.17 27.46 50.0 11.7 10.05 32.56 25.5 21.4 49.24 11.05 53.08 26.4 42.01 39.22 29.43 57.31 16.76 12.08 51.89 22.09 23.02 10.63 0.0 23.35 63.39 22.56 37.85 24.33 12.04 49.5 35.81 59.14 46.27 20.62 40.02 45.0 15.23 49.73 
54.23 65.52 41.05 19.21 10.2 47.85 71.45 20.02 55.46 65.49 50.64 72.03 72.25 15.0 67.45 10.77 20.02 18.03 7.81 32.28 66.48 47.07 48.27 71.7 47.89 25.5 70.35 32.06 66.61 35.0 28.07 30.07 47.93 23.26 68.88 13.42 17.09 18.03 34.13 3.0 62.13 18.68 38.28 5.1 30.23 54.08 50.57 74.67 11.05 35.0 64.28 42.95 42.72 33.94 23.35 0.0 46.87 22.8 31.24 13.89 16.49 33.24 13.0 43.68 63.95 38.6 23.09 64.03 22.2 31.14 
100.08 109.37 87.69 34.53 56.44 89.81 117.0 66.75 97.16 111.0 96.01 118.21 118.95 61.66 111.36 36.35 27.86 45.89 40.2 77.0 110.37 92.01 93.02 117.0 14.56 28.16 116.02 78.31 112.0 21.63 74.81 76.79 90.55 37.95 113.22 52.09 62.07 31.02 80.89 46.39 108.78 64.12 10.77 49.04 22.47 100.18 92.78 120.0 47.04 74.97 111.02 85.48 86.21 71.59 63.39 46.87 0.0 69.63 30.02 39.12 62.2 14.0 36.77 5.0 109.02 83.02 24.08 108.23 50.7 16.16 
33.84 47.51 19.42 39.96 14.42 34.21 50.96 5.39 41.04 45.22 31.3 50.64 50.0 9.22 49.24 33.53 42.3 33.24 30.08 17.49 48.37 28.84 30.23 51.55 70.26 47.01 49.73 12.81 46.49 56.82 7.21 8.94 33.3 41.87 50.09 24.08 13.42 40.31 12.37 23.77 40.05 11.7 61.03 21.02 52.33 33.24 36.12 54.41 27.02 27.66 42.0 29.41 27.66 30.07 22.56 22.8 69.63 0.0 51.61 34.13 11.66 56.04 34.01 66.48 44.38 22.67 45.88 45.65 33.84 53.76 
76.4 83.22 66.31 12.04 37.2 63.07 92.4 47.17 70.0 86.49 71.81 94.59 96.77 42.44 85.21 22.36 25.0 19.92 23.6 53.16 84.21 67.47 68.25 92.07 22.02 7.07 91.59 56.46 87.3 8.54 54.59 56.36 64.2 10.44 87.37 28.64 40.25 14.87 60.37 29.0 86.65 42.49 19.42 35.81 8.6 76.92 66.07 95.04 24.7 48.09 89.2 59.3 60.67 44.0 37.85 31.24 30.02 51.61 0.0 17.69 41.18 19.21 30.08 25.06 84.01 58.46 17.12 82.39 23.09 23.71 
61.4 70.26 50.0 5.83 19.72 50.8 78.1 29.97 58.25 72.11 57.14 79.63 81.02 25.06 72.25 8.54 18.38 8.49 7.07 38.12 71.25 53.04 54.01 78.03 36.69 13.0 77.16 40.26 73.06 22.85 37.7 39.56 51.48 9.49 74.11 13.0 23.77 8.25 43.66 11.4 70.83 25.96 29.02 18.79 18.68 61.66 53.76 81.02 8.06 36.14 73.25 46.39 47.1 33.24 24.33 13.89 39.12 34.13 17.69 0.0 24.35 25.18 17.72 35.0 70.01 44.01 15.81 69.12 14.14 25.63 
38.01 49.04 25.71 30.08 6.32 31.91 55.15 6.4 39.45 49.16 34.23 56.04 56.89 4.12 50.96 26.0 36.35 22.02 22.02 15.81 50.0 30.59 31.78 55.33 61.03 37.34 54.08 16.12 50.25 47.17 13.42 15.23 31.76 31.06 52.39 12.81 2.0 31.58 19.31 16.03 46.69 2.24 52.77 17.49 43.01 38.01 34.48 58.31 16.55 20.81 49.03 26.93 26.4 21.54 12.04 16.49 62.2 11.66 41.18 24.35 0.0 48.26 29.41 58.55 47.52 22.14 38.12 47.54 22.2 47.01 
86.09 95.43 73.82 20.88 42.58 75.95 103.0 52.95 83.36 97.01 82.01 104.24 105.08 47.85 97.42 22.56 15.62 32.28 26.31 63.0 96.42 78.01 79.03 103.0 17.2 15.26 102.02 64.38 98.0 12.65 61.0 62.97 76.66 25.06 99.25 38.12 48.09 17.03 67.08 32.56 94.89 50.16 5.66 35.85 10.63 86.21 78.92 106.0 33.06 61.19 97.16 71.57 72.25 57.97 49.5 33.24 14.0 56.04 19.21 25.18 48.26 0.0 24.41 10.44 95.02 69.03 10.2 94.26 37.34 6.08 
66.75 78.45 53.08 20.0 23.09 60.84 84.01 32.25 68.45 78.09 63.35 84.29 84.01 27.46 80.36 9.22 8.94 25.5 11.66 45.22 79.4 59.91 61.13 84.34 41.04 23.09 82.87 44.55 79.25 30.53 40.11 42.11 60.93 26.08 81.74 24.76 30.08 15.3 46.04 14.42 74.01 31.62 30.0 13.0 25.55 66.48 63.56 87.3 20.62 47.71 76.01 55.95 55.71 46.23 35.81 13.0 36.77 34.01 30.08 17.72 29.41 24.41 0.0 34.48 76.69 51.55 15.62 76.92 30.89 20.62 
96.25 105.17 84.17 30.15 52.95 85.48 113.07 63.35 92.78 107.07 92.09 114.44 115.41 58.25 107.17 32.98 25.55 41.44 36.67 73.06 106.17 88.02 89.01 113.02 11.0 23.54 112.11 74.67 108.04 16.64 71.39 73.35 86.28 33.24 109.07 48.0 58.31 27.07 77.47 42.95 105.22 60.41 6.08 46.24 17.72 96.42 88.46 116.02 43.01 70.58 107.52 81.22 82.05 67.08 59.14 43.68 5.0 66.48 25.06 35.0 58.55 10.44 34.48 0.0 105.0 79.01 20.62 104.08 46.1 14.21 
10.82 7.0 25.55 75.11 53.76 22.36 8.54 44.64 18.38 3.61 13.34 12.73 19.24 49.24 7.28 73.33 83.86 64.38 69.26 32.06 7.07 17.03 16.0 8.06 105.68 82.22 8.06 32.28 3.61 91.55 37.34 35.47 20.62 73.68 6.4 57.01 47.27 78.01 32.2 63.51 15.03 45.4 99.02 64.03 88.2 12.04 19.72 11.05 62.0 36.4 17.03 25.0 23.35 41.11 46.27 63.95 109.02 44.38 84.01 70.01 47.52 95.02 76.69 105.0 0.0 26.0 85.09 5.1 61.0 94.34 
18.03 26.93 13.6 49.16 28.46 11.66 34.13 20.81 18.38 28.16 13.34 36.14 38.91 24.6 28.86 47.52 58.25 38.64 43.42 6.32 27.89 9.06 10.0 34.01 79.91 56.32 33.24 10.3 29.07 65.76 15.81 14.76 10.63 48.05 30.41 31.02 21.59 52.01 14.32 37.85 29.15 19.92 73.03 39.4 62.29 18.79 13.45 37.01 36.0 13.45 31.91 7.28 5.0 18.38 20.62 38.6 83.02 22.67 58.46 44.01 22.14 69.03 51.55 79.01 26.0 0.0 59.14 25.5 35.74 68.47 
76.03 85.71 63.64 12.81 32.39 66.49 93.01 42.76 73.98 87.01 72.01 94.13 94.89 37.66 87.69 12.37 8.25 23.71 16.12 53.04 86.7 68.07 69.12 93.05 25.61 10.44 92.0 54.23 88.02 15.23 50.8 52.77 67.08 18.44 89.45 28.44 38.01 7.62 56.89 22.36 84.72 40.05 15.23 25.94 10.44 76.11 69.43 96.05 23.35 51.92 86.98 61.98 62.51 49.04 40.02 23.09 24.08 45.88 17.12 15.81 38.12 10.2 15.62 20.62 85.09 59.14 0.0 84.48 29.15 9.85 
13.6 2.24 27.66 74.01 53.85 19.65 12.04 45.31 14.42 8.54 14.42 17.2 24.17 49.65 3.61 72.99 83.74 63.03 68.88 31.78 2.83 17.09 15.81 10.82 104.24 81.01 12.04 33.11 8.06 90.14 38.47 36.72 18.25 72.17 5.0 56.14 47.07 77.23 33.84 63.35 20.0 45.35 98.05 64.51 87.01 15.26 16.76 13.42 61.2 34.37 22.09 23.09 22.02 38.83 45.0 64.03 108.23 45.65 82.39 69.12 47.54 94.26 76.92 104.08 5.1 25.5 84.48 0.0 59.3 93.9 
53.76 60.13 44.94 16.55 21.19 40.01 69.43 28.6 47.04 63.56 49.04 71.84 74.46 25.06 62.13 22.2 32.53 5.66 19.24 30.87 61.13 44.64 45.35 69.05 45.01 22.56 68.66 35.23 64.33 31.02 34.66 36.12 41.11 13.04 64.28 10.44 20.62 21.63 39.82 19.24 64.47 22.67 40.02 27.07 28.44 54.42 43.01 72.01 11.18 25.02 67.12 36.22 37.66 21.1 15.23 22.2 50.7 33.84 23.09 14.14 22.2 37.34 30.89 46.1 61.0 35.74 29.15 59.3 0.0 38.95 
85.02 95.19 72.17 22.47 41.01 76.16 102.12 51.16 83.68 96.13 81.15 103.0 103.39 46.1 97.16 21.02 11.7 33.54 25.08 62.29 96.18 77.32 78.41 102.24 22.83 18.44 101.08 63.01 97.19 18.25 59.21 61.2 76.69 27.66 98.86 38.08 47.1 17.46 65.28 31.0 93.26 49.04 11.18 32.98 15.23 85.0 79.08 105.23 32.98 61.68 95.43 71.59 72.01 58.87 49.73 31.14 16.16 53.76 23.71 25.63 47.01 6.08 20.62 14.21 94.34 68.47 9.85 93.9 38.95 0.0 
