40
0.0 15.26 19.42 21.54 15.81 29.53 19.8 26.4 15.26 17.03 3.0 30.89 9.22 38.42 18.25 18.11 26.0 26.08 38.9 10.0 6.0 34.79 20.62 10.82 27.51 13.15 10.82 13.93 11.4 16.28 12.65 26.0 12.04 36.69 32.56 18.79 15.23 28.46 25.55 20.62 
15.26 0.0 25.3 24.19 19.31 39.46 6.08 34.93 26.0 26.17 12.81 33.84 20.1 43.05 18.87 14.87 28.02 30.41 44.72 24.35 20.62 34.66 29.43 7.07 28.43 26.68 4.47 18.68 24.52 3.16 25.32 37.05 21.02 27.07 25.0 22.85 27.07 29.07 29.53 27.2 
19.42 25.3 0.0 5.0 6.08 15.13 25.08 10.0 8.25 5.39 21.26 11.7 10.77 19.1 8.25 13.15 8.06 6.71 20.0 16.03 16.76 17.0 5.83 18.38 10.2 14.14 22.36 6.71 13.0 23.54 12.04 14.32 7.62 29.07 23.35 3.16 10.44 11.18 6.32 2.0 
21.54 24.19 5.0 0.0 5.83 18.97 22.8 13.6 13.0 10.3 22.83 9.9 14.04 18.87 5.39 10.2 4.47 6.32 20.62 20.1 20.1 13.34 10.63 17.8 6.08 18.68 22.02 7.62 17.26 21.93 16.49 18.87 11.0 24.21 18.44 3.0 15.23 7.07 5.39 6.4 
15.81 19.31 6.08 5.83 0.0 21.02 19.03 16.03 10.63 8.94 17.0 15.62 9.22 24.21 3.61 7.62 10.3 11.4 25.55 15.81 15.03 18.97 11.18 12.53 11.7 15.26 16.64 2.0 13.42 17.46 13.04 19.65 6.71 25.61 20.25 3.61 12.73 12.65 10.63 8.06 
29.53 39.46 15.13 18.97 21.02 0.0 40.0 5.39 14.32 13.34 32.2 17.03 20.62 16.12 23.35 28.28 18.87 14.42 14.04 21.26 24.41 24.21 10.05 32.39 20.81 17.69 35.9 21.02 18.6 38.12 17.2 4.47 18.68 42.54 36.72 18.25 14.42 21.4 15.26 13.15 
19.8 6.08 25.08 22.8 19.03 40.0 0.0 35.06 27.66 27.17 17.8 31.78 22.47 41.23 17.46 12.65 26.0 29.12 43.32 27.78 24.41 31.4 30.02 9.43 25.94 29.55 9.43 19.03 27.31 3.61 27.86 38.21 22.56 21.21 19.7 22.2 29.12 26.42 28.16 27.07 
26.4 34.93 10.0 13.6 16.03 5.39 35.06 0.0 11.31 9.43 28.84 12.53 17.2 14.32 18.11 23.09 13.6 9.22 13.42 19.42 21.93 19.72 5.83 27.89 15.62 16.12 31.62 16.28 16.4 33.38 15.0 6.71 14.76 37.22 31.38 13.04 12.21 16.28 10.0 8.0 
15.26 26.0 8.25 13.0 10.63 14.32 27.66 11.31 0.0 3.0 17.89 19.1 6.32 24.6 14.14 18.03 16.28 14.04 24.41 8.54 10.63 25.08 5.83 19.03 18.44 6.0 22.09 9.43 5.39 25.18 4.12 11.18 5.1 36.12 30.61 10.3 2.24 19.42 14.0 8.0 
17.03 26.17 5.39 10.3 8.94 13.34 27.17 9.43 3.0 0.0 19.42 16.12 7.81 21.95 12.21 16.55 13.34 11.05 22.02 11.4 13.04 22.09 3.61 19.1 15.52 9.0 22.56 8.25 8.25 25.0 7.07 11.05 5.39 33.94 28.32 7.81 5.1 16.49 11.0 5.0 
3.0 12.81 21.26 22.83 17.0 32.2 17.8 28.84 17.89 19.42 0.0 32.45 11.66 40.36 18.97 18.03 27.29 27.8 41.04 13.0 9.0 35.85 23.02 9.49 28.64 16.12 8.49 15.26 14.32 14.21 15.52 28.79 14.21 35.9 32.14 20.25 18.03 29.55 27.2 22.63 
30.89 33.84 11.7 9.9 15.62 17.03 31.78 12.53 19.1 16.12 32.45 0.0 22.47 9.49 15.0 19.24 5.83 5.1 12.04 27.46 28.46 7.21 14.04 27.66 6.08 25.08 31.89 17.2 24.33 31.38 23.19 19.24 19.31 27.2 21.59 12.21 21.02 6.0 5.39 11.18 
9.22 20.1 10.77 14.04 9.22 20.62 22.47 17.2 6.32 7.81 11.66 22.47 0.0 29.41 12.65 15.0 18.25 17.46 29.73 6.71 6.08 27.29 11.4 13.34 20.1 7.21 16.0 7.28 5.0 19.65 5.39 17.46 3.16 34.13 29.07 11.05 7.0 21.1 17.09 11.66 
38.42 43.05 19.1 18.87 24.21 16.12 41.23 14.32 24.6 21.95 40.36 9.49 29.41 0.0 24.19 28.64 15.23 12.81 3.61 33.11 34.99 13.34 18.79 36.62 15.52 30.08 40.8 25.5 29.97 40.71 28.64 20.0 26.4 35.36 30.07 20.62 26.0 15.3 13.6 17.8 
18.25 18.87 8.25 5.39 3.61 23.35 17.46 18.11 14.14 12.21 18.97 15.0 12.65 24.19 0.0 5.0 9.22 11.7 26.0 19.31 18.25 17.0 13.93 12.73 10.0 18.87 16.97 5.39 17.0 16.55 16.64 22.47 10.3 22.02 16.64 5.1 16.28 10.82 10.77 10.2 
18.11 14.87 13.15 10.2 7.62 28.28 12.65 23.09 18.03 16.55 18.03 19.24 15.0 28.64 5.0 0.0 13.42 16.49 30.68 21.63 19.7 19.85 18.68 9.85 13.6 21.93 13.89 8.6 19.85 12.21 19.8 27.2 13.45 19.24 14.56 10.05 20.0 14.21 15.52 15.13 
26.0 28.02 8.06 4.47 10.3 18.87 26.0 13.6 16.28 13.34 27.29 5.83 18.25 15.23 9.22 13.42 0.0 4.47 17.46 24.0 24.33 9.06 12.53 21.93 2.24 22.2 26.17 12.08 21.02 25.55 20.1 19.8 15.13 23.71 17.89 7.28 18.44 3.16 3.61 8.54 
26.08 30.41 6.71 6.32 11.4 14.42 29.12 9.22 14.04 11.05 27.8 5.1 17.46 12.81 11.7 16.49 4.47 0.0 14.32 22.36 23.41 11.4 9.22 23.85 6.4 20.02 28.02 12.73 19.24 28.23 18.11 15.62 14.32 28.18 22.36 7.81 16.0 7.07 1.0 6.08 
38.9 44.72 20.0 20.62 25.55 14.04 43.32 13.42 24.41 22.02 41.04 12.04 29.73 3.61 26.0 30.68 17.46 14.32 0.0 32.76 35.0 16.76 18.6 38.08 18.11 29.53 42.19 26.63 29.68 42.54 28.3 18.25 26.87 38.64 33.24 21.95 25.55 18.03 15.23 18.44 
10.0 24.35 16.03 20.1 15.81 21.26 27.78 19.42 8.54 11.4 13.0 27.46 6.71 33.11 19.31 21.63 24.0 22.36 32.76 0.0 4.0 33.02 14.32 18.36 26.02 3.61 19.92 13.93 3.16 24.6 4.47 17.2 9.22 40.82 35.78 17.12 7.21 27.02 22.2 16.28 
6.0 20.62 16.76 20.1 15.03 24.41 24.41 21.93 10.63 13.04 9.0 28.46 6.08 34.99 18.25 19.7 24.33 23.41 35.0 4.0 0.0 33.38 16.4 15.0 26.17 7.28 16.16 13.04 5.83 21.1 7.21 20.59 9.22 38.91 34.18 17.12 10.0 27.17 23.09 17.46 
34.79 34.66 17.0 13.34 18.97 24.21 31.4 19.72 25.08 22.09 35.85 7.21 27.29 13.34 17.0 19.85 9.06 11.4 16.76 33.02 33.38 0.0 20.62 29.41 7.28 31.06 33.6 20.88 30.0 31.83 29.02 26.42 24.19 22.09 17.03 16.28 27.17 6.32 11.18 17.12 
20.62 29.43 5.83 10.63 11.18 10.05 30.02 5.83 5.83 3.61 23.02 14.04 11.4 18.79 13.93 18.68 12.53 9.22 18.6 14.32 16.4 20.62 0.0 22.36 14.76 11.4 25.96 11.0 11.18 28.07 9.85 8.54 8.94 34.83 29.07 8.94 7.28 15.65 9.49 4.24 
10.82 7.07 18.38 17.8 12.53 32.39 9.43 27.89 19.03 19.1 9.49 27.66 13.34 36.62 12.73 9.85 21.93 23.85 38.08 18.36 15.0 29.41 22.36 0.0 22.67 20.25 4.24 11.7 18.03 6.32 18.68 30.02 14.0 26.48 23.0 16.12 20.22 23.43 23.02 20.25 
27.51 28.43 10.2 6.08 11.7 20.81 25.94 15.62 18.44 15.52 28.64 6.08 20.1 15.52 10.0 13.6 2.24 6.4 18.11 26.02 26.17 7.28 14.76 22.67 0.0 24.33 26.91 13.6 23.09 25.81 22.2 21.93 17.03 21.93 16.16 9.06 20.62 1.0 5.66 10.77 
13.15 26.68 14.14 18.68 15.26 17.69 29.55 16.12 6.0 9.0 16.12 25.08 7.21 30.08 18.87 21.93 22.2 20.02 29.53 3.61 7.28 31.06 11.4 20.25 24.33 0.0 22.36 13.6 2.24 26.57 2.24 13.6 8.6 40.8 35.51 15.81 4.12 25.32 20.0 14.0 
10.82 4.47 22.36 22.02 16.64 35.9 9.43 31.62 22.09 22.56 8.49 31.89 16.0 40.8 16.97 13.89 26.17 28.02 42.19 19.92 16.16 33.6 25.96 4.24 26.91 22.36 0.0 15.65 20.22 5.83 21.1 33.24 17.26 29.07 26.17 20.25 23.0 27.66 27.2 24.17 
13.93 18.68 6.71 7.62 2.0 21.02 19.03 16.28 9.43 8.25 15.26 17.2 7.28 25.5 5.39 8.6 12.08 12.73 26.63 13.93 13.04 20.88 11.0 11.7 13.6 13.6 15.65 0.0 11.66 17.12 11.4 19.24 5.0 27.2 21.95 5.0 11.4 14.56 12.04 8.54 
11.4 24.52 13.0 17.26 13.42 18.6 27.31 16.4 5.39 8.25 14.32 24.33 5.0 29.97 17.0 19.85 21.02 19.24 29.68 3.16 5.83 30.0 11.18 18.03 23.09 2.24 20.22 11.66 0.0 24.35 1.41 14.76 6.71 38.83 33.62 14.32 4.24 24.08 19.1 13.15 
16.28 3.16 23.54 21.93 17.46 38.12 3.61 33.38 25.18 25.0 14.21 31.38 19.65 40.71 16.55 12.21 25.55 28.23 42.54 24.6 21.1 31.83 28.07 6.32 25.81 26.57 5.83 17.12 24.35 0.0 25.0 36.01 20.1 24.02 21.84 20.88 26.48 26.4 27.31 25.5 
12.65 25.32 12.04 16.49 13.04 17.2 27.86 15.0 4.12 7.07 15.52 23.19 5.39 28.64 16.64 19.8 20.1 18.11 28.3 4.47 7.21 29.02 9.85 18.68 22.2 2.24 21.1 11.4 1.41 25.0 0.0 13.42 6.4 38.6 33.29 13.6 2.83 23.19 18.03 12.04 
26.0 37.05 14.32 18.87 19.65 4.47 38.21 6.71 11.18 11.05 28.79 19.24 17.46 20.0 22.47 27.2 19.8 15.62 18.25 17.2 20.59 26.42 8.54 30.02 21.93 13.6 33.24 19.24 14.76 36.01 13.42 0.0 16.03 43.01 37.2 17.46 10.77 22.67 16.28 12.53 
12.04 21.02 7.62 11.0 6.71 18.68 22.56 14.76 5.1 5.39 14.21 19.31 3.16 26.4 10.3 13.45 15.13 14.32 26.87 9.22 9.22 24.19 8.94 14.0 17.03 8.6 17.26 5.0 6.71 20.1 6.4 16.03 0.0 32.2 26.93 8.0 6.71 18.03 13.93 8.6 
36.69 27.07 29.07 24.21 25.61 42.54 21.21 37.22 36.12 33.94 35.9 27.2 34.13 35.36 22.02 19.24 23.71 28.18 38.64 40.82 38.91 22.09 34.83 26.48 21.93 40.8 29.07 27.2 38.83 24.02 38.6 43.01 32.2 0.0 5.83 26.17 38.29 21.54 27.29 30.61 
32.56 25.0 23.35 18.44 20.25 36.72 19.7 31.38 30.61 28.32 32.14 21.59 29.07 30.07 16.64 14.56 17.89 22.36 33.24 35.78 34.18 17.03 29.07 23.0 16.16 35.51 26.17 21.95 33.62 21.84 33.29 37.2 26.93 5.83 0.0 20.52 32.8 15.81 21.47 24.84 
18.79 22.85 3.16 3.0 3.61 18.25 22.2 13.04 10.3 7.81 20.25 12.21 11.05 20.62 5.1 10.05 7.28 7.81 21.95 17.12 17.12 16.28 8.94 16.12 9.06 15.81 20.25 5.0 14.32 20.88 13.6 17.46 8.0 26.17 20.52 0.0 12.53 10.05 7.07 5.1 
15.23 27.07 10.44 15.23 12.73 14.42 29.12 12.21 2.24 5.1 18.03 21.02 7.0 26.0 16.28 20.0 18.44 16.0 25.55 7.21 10.0 27.17 7.28 20.22 20.62 4.12 23.0 11.4 4.24 26.48 2.83 10.77 6.71 38.29 32.8 12.53 0.0 21.59 16.03 10.05 
28.46 29.07 11.18 7.07 12.65 21.4 26.42 16.28 19.42 16.49 29.55 6.0 21.1 15.3 10.82 14.21 3.16 7.07 18.03 27.02 27.17 6.32 15.65 23.43 1.0 25.32 27.66 14.56 24.08 26.4 23.19 22.67 18.03 21.54 15.81 10.05 21.59 0.0 6.4 11.7 
25.55 29.53 6.32 5.39 10.63 15.26 28.16 10.0 14.0 11.0 27.2 5.39 17.09 13.6 10.77 15.52 3.61 1.0 15.23 22.2 23.09 11.18 9.49 23.02 5.66 20.0 27.2 12.04 19.1 27.31 18.03 16.28 13.93 27.29 21.47 7.07 16.03 6.4 0.0 6.0 
20.62 27.2 2.0 6.4 8.06 13.15 27.07 8.0 8.0 5.0 22.63 11.18 11.66 17.8 10.2 15.13 8.54 6.08 18.44 16.28 17.46 17.12 4.24 20.25 10.77 14.0 24.17 8.54 13.15 25.5 12.04 12.53 8.6 30.61 24.84 5.1 10.05 11.7 6.0 0.0 
