80
0.0 39.62 52.09 23.02 34.93 62.17 21.47 16.49 64.2 77.67 12.73 32.57 50.33 32.39 55.73 36.72 52.8 50.09 53.71 63.0 49.34 27.07 10.77 49.01 10.0 45.35 57.28 53.37 37.85 83.24 57.8 47.51 85.8 55.23 24.19 24.17 37.01 37.12 39.62 29.97 31.26 45.88 21.1 15.03 59.41 38.47 24.04 68.95 69.43 53.41 62.94 64.66 13.0 49.2 64.38 32.39 23.43 38.47 51.88 28.0 44.38 64.0 29.21 52.7 78.82 12.08 57.94 24.74 17.03 71.11 39.46 41.87 37.16 69.64 66.22 41.48 35.9 27.0 11.7 67.8 
39.62 0.0 36.07 28.64 72.07 38.01 20.62 27.31 72.11 38.91 52.35 19.42 20.12 32.14 44.41 61.66 19.65 31.89 18.03 43.42 45.69 61.33 29.83 34.41 29.7 21.93 53.0 45.28 20.62 43.83 19.92 65.12 46.23 70.71 39.81 39.32 6.32 33.53 76.03 57.72 23.09 20.62 30.08 31.3 19.8 47.52 63.66 64.4 29.83 63.79 23.35 28.44 28.3 60.21 40.31 34.37 47.13 70.21 56.3 29.02 48.08 44.2 47.17 15.13 39.82 28.43 28.16 33.38 22.63 37.05 23.26 56.22 75.72 73.35 59.03 39.56 22.47 27.07 50.33 75.03 
52.09 36.07 0.0 56.65 70.49 12.73 33.73 36.01 42.01 61.52 62.17 22.14 55.61 63.95 80.16 48.8 54.08 67.9 51.11 79.4 80.16 58.31 48.51 70.18 46.27 57.98 19.24 80.6 55.61 62.0 32.56 44.29 62.13 46.49 66.48 32.7 30.48 16.16 72.42 49.2 55.57 15.81 56.92 54.34 41.48 27.66 71.84 29.07 49.37 37.36 42.76 31.14 40.05 35.47 75.8 21.54 71.02 61.62 27.66 24.19 22.83 80.16 35.81 47.01 61.29 47.68 18.11 61.68 42.2 30.46 58.41 36.06 76.54 40.61 23.32 73.06 17.72 57.27 63.39 44.05 
23.02 28.64 56.65 0.0 57.43 62.97 23.85 25.5 80.92 60.88 32.98 34.54 30.61 9.85 32.98 58.19 33.97 27.29 36.12 40.01 27.78 50.09 13.93 26.0 16.55 24.19 68.24 31.02 16.64 67.62 48.51 67.12 70.8 74.43 11.18 40.22 30.0 46.04 62.29 51.92 9.43 44.55 2.24 8.0 46.52 53.91 43.08 80.45 55.23 70.6 50.09 57.07 22.2 66.4 41.77 43.28 18.79 61.4 66.47 37.01 58.0 41.01 47.51 36.62 62.37 13.42 55.04 5.1 15.62 65.49 17.46 59.91 58.69 84.85 76.32 19.72 39.0 4.12 28.79 84.39 
34.93 72.07 70.49 57.43 0.0 82.93 51.62 44.94 59.21 110.94 25.02 58.8 85.07 66.07 89.01 26.08 87.32 84.72 87.85 97.33 81.3 12.21 45.61 83.29 44.27 80.28 65.52 86.09 72.78 115.76 87.62 39.05 117.89 45.54 55.15 38.42 67.96 54.64 5.1 22.14 66.1 71.42 55.33 49.5 91.27 44.94 19.24 73.82 101.55 50.01 94.58 92.7 43.83 47.17 99.14 49.41 50.01 14.56 54.92 49.52 51.87 98.33 34.89 86.33 111.89 46.84 82.88 58.03 50.7 97.0 74.33 40.61 7.0 67.07 73.98 74.06 60.11 61.52 30.15 62.39 
62.17 38.01 12.73 62.97 82.93 0.0 42.05 45.71 51.97 54.71 73.08 30.07 55.44 68.96 82.15 61.52 53.08 69.34 49.5 79.51 83.67 70.72 57.04 72.2 55.15 59.36 28.64 83.24 58.6 53.76 27.46 56.6 53.24 58.18 73.55 44.78 33.84 28.3 85.0 61.85 60.08 18.44 63.64 62.07 36.89 40.36 83.22 35.23 42.72 48.85 37.12 22.8 49.5 47.41 74.97 33.62 79.06 74.33 39.0 35.11 35.23 80.16 48.41 45.25 54.12 56.01 11.4 68.07 50.01 19.24 61.27 48.6 88.84 49.04 29.15 77.25 26.31 62.82 73.76 53.46 
21.47 20.62 33.73 23.85 51.62 42.05 0.0 6.71 58.52 59.51 33.84 12.0 37.01 32.56 53.0 42.01 38.12 43.08 37.66 56.3 50.25 40.72 15.0 43.83 13.15 34.93 44.41 52.2 29.15 64.14 36.8 47.54 66.29 54.08 32.89 20.22 16.4 22.2 55.47 37.48 25.81 24.74 23.71 20.62 39.66 31.76 45.0 56.61 49.93 48.76 43.01 43.27 8.6 44.72 55.32 19.85 37.34 49.73 43.42 13.45 34.83 57.25 28.28 35.44 60.37 14.04 36.69 28.65 8.54 49.66 31.78 39.22 55.61 61.72 52.48 42.43 16.12 25.5 33.11 61.85 
16.49 27.31 36.01 25.5 44.94 45.71 6.71 0.0 55.44 66.21 28.18 16.16 43.05 35.0 56.8 36.06 44.41 47.8 44.15 61.13 53.01 34.01 13.42 48.1 10.77 40.31 43.83 55.57 33.96 70.83 43.14 42.72 72.95 49.66 32.76 15.23 23.02 22.14 48.76 31.14 29.55 29.55 24.76 20.25 46.32 28.43 39.12 55.95 56.6 45.22 49.65 49.2 4.12 41.05 60.67 18.36 35.74 43.17 41.04 12.65 32.65 62.1 23.09 42.06 67.08 13.04 41.63 29.73 10.3 55.07 36.4 34.89 49.04 59.41 52.39 45.0 19.42 28.02 28.16 58.9 
64.2 72.11 42.01 80.92 59.21 51.97 58.52 55.44 0.0 103.24 67.08 52.92 92.11 90.43 111.52 33.73 91.71 101.12 89.56 114.04 108.41 50.45 67.9 102.22 65.07 92.14 23.35 110.68 87.32 104.0 74.17 20.22 104.12 14.14 87.0 41.01 65.79 38.63 58.0 39.85 84.31 55.58 80.06 74.97 82.61 27.02 71.47 21.26 91.14 10.82 84.29 73.11 58.8 15.0 112.0 38.95 87.62 45.01 15.81 45.28 24.17 114.93 35.0 85.87 103.12 67.94 60.07 84.96 65.6 71.2 90.05 22.47 66.19 8.25 25.55 100.42 49.65 83.41 71.2 3.61 
77.67 38.91 61.52 60.88 110.94 54.71 59.51 66.21 103.24 0.0 90.21 55.54 31.06 58.52 53.76 99.46 27.2 43.32 24.76 44.01 61.4 100.22 67.2 47.43 67.68 38.59 80.75 57.27 45.0 8.06 29.07 100.84 12.04 105.23 70.6 77.2 43.66 67.36 114.93 96.14 51.86 48.01 62.97 66.53 21.21 82.61 101.4 89.5 12.17 97.02 19.0 31.95 67.12 94.13 37.0 70.04 79.03 108.85 88.02 65.97 81.06 44.0 84.65 25.0 2.0 65.8 44.15 64.03 60.75 38.59 45.49 91.79 114.39 102.11 83.43 60.01 56.72 57.49 87.46 105.48 
12.73 52.35 62.17 32.98 25.02 73.08 33.84 28.18 67.08 90.21 0.0 44.28 62.17 41.19 64.0 35.47 64.88 60.21 66.04 72.56 56.32 21.1 23.02 58.55 22.67 56.65 64.38 61.07 49.04 95.9 70.43 48.26 98.49 56.04 30.15 31.02 49.68 46.39 30.07 28.43 42.06 57.7 30.81 25.3 72.14 43.93 11.31 75.31 82.13 56.36 75.66 77.1 25.24 52.39 74.73 41.19 25.63 32.65 57.01 38.08 50.64 73.55 33.24 65.22 91.4 24.41 69.78 33.14 29.73 83.24 50.29 44.78 25.71 73.54 73.44 49.04 47.17 37.11 5.39 70.66 
32.57 19.42 22.14 34.54 58.8 30.07 12.0 16.16 52.92 55.54 44.28 0.0 39.22 42.19 60.21 43.97 39.05 48.83 37.34 61.4 59.03 47.01 27.0 50.45 25.08 39.45 35.38 60.11 35.47 58.87 29.15 46.0 60.42 51.35 44.38 21.93 13.15 14.32 62.01 41.15 34.21 13.42 34.79 32.39 34.48 28.16 55.07 47.38 44.6 44.38 37.34 33.94 19.65 40.79 59.09 15.03 49.25 54.12 37.16 10.44 28.79 62.27 29.12 34.06 56.04 26.02 25.5 39.56 20.22 39.12 38.29 37.01 63.66 54.71 42.64 51.61 4.47 35.36 44.27 55.95 
50.33 20.12 55.61 30.61 85.07 55.44 37.01 43.05 92.11 31.06 62.17 39.22 0.0 27.46 28.16 79.0 4.12 15.3 8.0 24.08 33.0 75.71 39.56 19.1 40.8 7.62 73.06 30.41 14.14 38.47 30.46 84.01 42.05 90.03 39.7 57.14 26.4 53.49 89.56 74.17 21.26 39.82 32.8 37.22 23.35 66.94 72.95 84.31 28.44 83.52 26.08 39.22 42.43 79.81 20.25 53.85 48.17 85.84 76.32 48.05 68.01 24.76 65.19 11.4 32.76 38.28 44.41 33.24 34.71 48.7 14.42 75.31 87.46 93.47 78.82 29.83 42.54 26.91 58.67 95.08 
32.39 32.14 63.95 9.85 66.07 68.96 32.56 35.0 90.43 58.52 41.19 42.19 27.46 0.0 23.35 68.01 31.38 19.7 34.44 31.4 18.03 59.41 23.77 17.46 26.4 20.0 76.84 21.19 13.93 65.86 51.09 76.94 69.35 84.22 13.04 49.93 35.17 54.67 71.03 61.68 9.06 50.6 11.4 17.46 47.3 63.41 50.45 89.02 54.78 80.21 50.7 60.03 31.91 76.03 34.18 52.33 21.4 70.86 75.74 45.97 67.21 32.39 57.31 36.06 60.21 23.26 60.02 8.06 24.84 69.01 13.04 69.64 66.75 94.11 84.63 10.0 46.65 7.07 36.5 93.86 
55.73 44.41 80.16 32.98 89.01 82.15 53.0 56.8 111.52 53.76 64.0 60.21 28.16 23.35 0.0 91.09 31.78 13.0 35.9 12.04 10.0 82.73 46.84 10.0 49.34 22.83 95.59 4.24 24.76 61.81 58.52 99.4 65.76 106.45 34.13 72.01 49.68 74.03 94.02 84.9 27.29 65.0 34.71 40.79 51.42 84.72 72.44 107.52 55.08 101.71 53.94 67.36 54.23 97.62 18.36 72.67 41.0 94.2 96.26 66.29 87.66 12.73 79.71 39.56 55.73 46.17 71.59 31.14 46.52 76.84 21.93 91.68 89.2 114.4 102.53 15.13 64.38 29.41 59.03 114.83 
36.72 61.66 48.8 58.19 26.08 61.52 42.01 36.06 33.73 99.46 35.47 43.97 79.0 68.01 91.09 0.0 80.1 83.36 79.4 96.69 85.62 16.76 44.27 83.2 41.76 76.32 40.31 89.2 69.72 102.79 72.62 13.6 104.18 21.02 60.9 22.36 56.09 34.67 25.96 7.07 64.54 54.12 56.65 50.7 78.45 21.26 38.08 47.85 88.54 24.02 81.27 75.66 37.48 21.1 96.63 30.41 59.2 13.42 29.12 33.53 27.46 97.67 14.87 76.79 100.0 44.92 64.07 60.93 45.54 78.01 72.01 14.87 33.06 41.3 48.38 77.62 43.46 61.68 40.31 37.11 
52.8 19.65 54.08 33.97 87.32 53.08 38.12 44.41 91.71 27.2 64.88 39.05 4.12 31.38 31.78 80.1 0.0 19.1 4.12 26.63 37.01 77.62 42.05 23.02 43.08 11.7 72.01 34.23 17.8 34.48 27.29 84.48 38.01 90.26 43.42 58.0 25.96 53.16 91.71 75.54 24.76 38.28 36.12 40.22 19.65 67.08 75.8 83.01 24.33 83.43 22.2 35.85 44.15 79.83 21.93 53.94 51.86 87.48 75.89 48.37 67.72 27.2 66.01 8.06 28.84 40.72 41.87 36.88 36.69 45.31 18.36 75.66 89.96 92.7 77.39 33.96 42.06 30.41 61.59 94.58 
50.09 31.89 67.9 27.29 84.72 69.34 43.08 47.8 101.12 43.32 60.21 48.83 15.3 19.7 13.0 83.36 19.1 0.0 23.19 13.34 18.25 77.01 40.01 4.12 42.11 10.0 84.02 15.13 13.93 51.24 45.54 90.44 55.08 97.14 32.65 62.94 37.48 62.97 89.56 77.65 19.03 52.5 29.43 35.23 38.64 74.73 69.92 95.78 43.05 91.71 41.3 54.41 45.89 87.73 14.56 62.18 40.82 88.05 85.59 55.9 77.03 14.32 70.88 26.68 45.22 39.05 58.67 27.51 37.85 63.89 11.4 82.28 85.91 103.46 90.61 17.2 52.8 23.19 55.79 104.32 
53.71 18.03 51.11 36.12 87.85 49.5 37.66 44.15 89.56 24.76 66.04 37.34 8.0 34.44 35.9 79.4 4.12 23.19 0.0 30.53 41.0 77.79 43.05 27.07 43.83 15.3 69.35 38.33 20.59 31.62 23.32 83.15 34.99 88.68 46.04 57.14 24.19 51.2 92.11 75.13 27.2 35.36 38.21 41.87 15.52 65.49 77.1 80.13 20.62 81.58 18.11 31.78 44.27 78.09 25.5 52.35 54.41 87.32 73.76 47.04 65.73 31.06 65.07 4.24 26.25 41.68 38.21 39.41 37.16 41.23 21.54 74.24 90.79 90.25 74.43 37.66 40.02 32.8 63.01 92.35 
63.0 43.42 79.4 40.01 97.33 79.51 56.3 61.13 114.04 44.01 72.56 61.4 24.08 31.4 12.04 96.69 26.63 13.34 30.53 0.0 21.93 90.02 53.15 14.04 55.33 21.95 96.26 16.28 27.2 52.04 53.85 103.74 56.04 110.39 43.68 76.24 49.41 75.66 102.24 90.93 32.25 63.7 42.05 48.01 45.62 87.85 81.79 107.8 47.3 104.79 47.54 62.18 59.23 100.85 7.07 75.15 51.26 101.18 98.41 68.94 89.89 1.0 84.2 34.67 46.01 52.24 68.41 39.46 51.2 71.55 24.74 95.52 98.15 116.11 102.45 25.5 65.19 36.0 67.9 117.18 
49.34 45.69 80.16 27.78 81.3 83.67 50.25 53.01 108.41 61.4 56.32 59.03 33.0 18.03 10.0 85.62 37.01 18.25 41.0 21.93 0.0 75.93 41.59 14.14 44.29 26.17 94.18 5.83 25.08 69.38 62.17 94.89 73.25 102.22 26.17 67.96 50.12 72.14 86.37 79.12 24.84 65.76 29.07 34.93 56.14 81.4 64.03 106.3 61.2 98.23 59.03 71.2 49.93 94.05 27.8 70.09 32.14 87.56 93.61 63.7 85.04 22.67 75.29 44.1 63.32 41.18 73.74 24.7 42.8 80.6 22.47 87.66 81.0 111.95 101.67 8.06 63.41 25.0 51.16 111.83 
27.07 61.33 58.31 50.09 12.21 70.72 40.72 34.01 50.45 100.22 21.1 47.01 75.71 59.41 82.73 16.76 77.62 77.01 77.79 90.02 75.93 0.0 37.05 76.06 35.23 71.57 54.13 80.23 64.28 104.71 76.03 30.36 106.68 37.7 50.0 26.25 56.82 42.44 15.0 11.0 58.03 59.41 48.17 42.11 80.13 33.24 21.47 63.13 90.43 40.45 83.35 80.81 33.53 37.12 91.14 37.2 46.52 11.7 44.1 37.48 40.26 91.02 22.85 75.96 101.08 38.12 70.77 51.62 41.0 84.9 66.12 30.0 18.38 57.87 62.8 68.25 48.1 54.04 26.42 53.85 
10.77 29.83 48.51 13.93 45.61 57.04 15.0 13.42 67.9 67.2 23.02 27.0 39.56 23.77 46.84 44.27 42.05 40.01 43.05 53.15 41.59 37.05 0.0 39.32 2.83 34.71 57.25 44.94 27.29 73.0 48.88 53.34 75.69 60.75 19.42 26.91 28.18 35.47 50.22 38.08 21.0 39.46 12.53 7.07 49.58 41.04 34.21 69.35 59.4 57.38 53.15 56.36 9.43 53.15 54.08 31.76 22.56 48.04 54.04 26.0 45.8 54.15 33.84 42.2 68.41 1.41 51.2 17.2 7.62 63.57 29.07 46.4 47.93 72.35 65.8 33.54 31.06 17.46 20.52 71.42 
49.01 34.41 70.18 26.0 83.29 72.2 43.83 48.1 102.22 47.43 58.55 50.45 19.1 17.46 10.0 83.2 23.02 4.12 27.07 14.04 14.14 76.06 39.32 0.0 41.59 13.0 85.8 11.4 15.0 55.36 49.04 90.82 59.2 97.69 30.08 63.32 39.7 64.4 88.2 77.28 18.68 55.0 28.02 34.0 42.43 75.59 67.91 97.67 47.1 92.59 45.18 57.97 45.88 88.55 17.0 63.29 38.01 87.28 86.82 56.94 78.23 15.03 71.17 30.41 49.34 38.47 61.72 25.5 37.95 67.45 12.21 82.86 84.17 104.86 92.63 13.45 54.56 22.02 53.94 105.48 
10.0 29.7 46.27 16.55 44.27 55.15 13.15 10.77 65.07 67.68 22.67 25.08 40.8 26.4 49.34 41.76 43.08 42.11 43.83 55.33 44.29 35.23 2.83 41.59 0.0 36.35 54.56 47.54 29.07 73.25 48.26 50.61 75.82 57.98 22.2 24.08 27.46 32.89 48.76 35.69 23.09 37.85 15.26 9.9 49.5 38.21 33.97 66.65 59.46 54.56 53.04 55.47 6.71 50.33 56.01 29.07 25.0 46.0 51.22 23.41 43.01 56.32 31.06 42.72 68.82 3.16 49.73 20.0 7.07 62.39 31.0 43.6 46.96 69.53 63.16 36.24 29.0 19.92 20.81 68.59 
45.35 21.93 57.98 24.19 80.28 59.36 34.93 40.31 92.14 38.59 56.65 39.45 7.62 20.0 22.83 76.32 11.7 10.0 15.3 21.95 26.17 71.57 34.71 13.0 36.35 0.0 74.4 24.35 7.62 46.07 36.14 82.46 49.66 88.89 32.53 55.11 27.66 53.71 84.93 71.03 14.76 42.52 26.42 31.38 30.02 66.13 67.12 86.05 35.9 83.01 33.02 45.12 39.01 79.12 20.4 53.31 41.01 82.15 76.48 47.17 67.98 22.83 63.15 18.0 40.31 33.54 48.76 26.25 31.0 54.57 7.07 74.04 82.22 94.15 80.81 22.36 43.27 20.25 52.8 95.26 
57.28 53.0 19.24 68.24 65.52 28.64 44.41 43.83 23.35 80.75 64.38 35.38 73.06 76.84 95.59 40.31 72.01 84.02 69.35 96.26 94.18 54.13 57.25 85.8 54.56 74.4 0.0 95.46 70.84 81.06 51.79 31.24 81.01 30.81 76.54 33.54 46.87 22.2 66.13 43.42 69.35 34.18 67.96 64.01 60.64 21.1 72.01 12.21 68.59 21.4 61.98 50.0 47.85 21.26 93.3 25.5 79.31 53.71 12.04 31.38 14.04 97.08 32.06 65.39 80.5 56.82 37.01 72.95 52.7 47.85 73.66 25.5 72.28 21.38 9.06 86.56 31.24 69.81 67.08 25.02 
53.37 45.28 80.6 31.02 86.09 83.24 52.2 55.57 110.68 57.27 61.07 60.11 30.41 21.19 4.24 89.2 34.23 15.13 38.33 16.28 5.83 80.23 44.94 11.4 47.54 24.35 95.46 0.0 25.0 65.31 60.44 97.94 69.23 105.12 31.0 70.71 50.22 73.66 91.14 82.86 26.4 65.73 32.57 38.6 53.76 83.76 69.18 107.49 58.0 100.7 56.44 69.38 52.77 96.57 22.47 72.01 37.48 91.78 95.6 65.6 87.01 16.97 78.26 41.77 59.23 44.38 72.92 28.64 45.28 78.85 22.2 90.43 86.05 113.85 102.65 12.04 64.38 27.73 56.01 114.04 
37.85 20.62 55.61 16.64 72.78 58.6 29.15 33.96 87.32 45.0 49.04 35.47 14.14 13.93 24.76 69.72 17.8 13.93 20.59 27.2 25.08 64.28 27.29 15.0 29.07 7.62 70.84 25.0 0.0 52.15 38.05 76.54 55.57 83.22 25.61 49.04 25.24 49.41 77.47 64.2 7.21 40.82 18.87 23.77 33.54 60.84 59.51 82.76 40.85 77.82 36.88 47.1 32.25 73.82 27.02 48.37 34.06 75.03 71.87 42.06 63.29 28.16 57.01 22.14 46.62 26.17 48.7 19.1 24.19 56.32 2.83 68.35 74.63 89.87 77.79 19.24 39.62 12.81 45.19 90.55 
83.24 43.83 62.0 67.62 115.76 53.76 64.14 70.83 104.0 8.06 95.9 58.87 38.47 65.86 61.81 102.79 34.48 51.24 31.62 52.04 69.38 104.71 73.0 55.36 73.25 46.07 81.06 65.31 52.15 0.0 30.59 103.16 4.0 107.06 77.67 80.78 47.89 69.63 119.57 99.92 58.82 49.82 69.66 72.86 24.6 84.93 107.17 88.96 14.32 98.51 21.54 31.14 72.11 95.89 45.01 72.8 86.02 112.81 89.2 69.29 82.73 52.01 87.92 31.14 6.08 71.59 44.05 71.03 66.22 36.06 52.84 94.15 119.54 102.24 82.87 67.78 59.48 64.4 93.43 106.02 
57.8 19.92 32.56 48.51 87.62 27.46 36.8 43.14 74.17 29.07 70.43 29.15 30.46 51.09 58.52 72.62 27.29 45.54 23.32 53.85 62.17 76.03 48.88 49.04 48.26 36.14 51.79 60.44 38.05 30.59 0.0 72.57 31.62 76.53 59.67 51.0 20.81 39.05 91.02 70.24 42.19 19.24 50.0 51.08 9.43 54.34 81.69 61.03 17.0 68.12 10.2 9.06 45.34 65.38 48.6 42.38 67.05 83.24 59.0 39.36 52.24 54.38 57.78 19.24 29.0 47.51 16.12 53.15 41.34 18.44 40.2 63.56 92.1 73.16 55.03 57.22 29.15 46.69 69.07 76.42 
47.51 65.12 44.29 67.12 39.05 56.6 47.54 42.72 20.22 100.84 48.26 46.0 84.01 76.94 99.4 13.6 84.48 90.44 83.15 103.74 94.89 30.36 53.34 90.82 50.61 82.46 31.24 97.94 76.54 103.16 72.57 0.0 104.05 7.81 71.4 27.51 59.03 33.54 38.12 20.12 72.24 53.37 65.86 60.21 79.63 18.25 51.62 36.4 89.27 11.4 82.04 74.0 45.19 10.0 102.84 31.02 70.72 25.08 19.21 36.12 21.47 104.69 19.7 80.02 101.12 53.71 61.47 70.49 52.92 74.69 79.06 9.06 46.04 28.02 38.08 86.83 44.18 70.21 52.8 23.54 
85.8 46.23 62.13 70.8 117.89 53.24 66.29 72.95 104.12 12.04 98.49 60.42 42.05 69.35 65.76 104.18 38.01 55.08 34.99 56.04 73.25 106.68 75.69 59.2 75.82 49.66 81.01 69.23 55.57 4.0 31.62 104.05 0.0 107.69 80.99 82.35 49.93 70.6 121.59 101.55 62.13 50.7 72.8 75.82 26.63 85.87 109.79 88.46 16.4 98.99 23.32 31.02 74.4 96.51 49.01 74.0 89.31 114.49 89.56 70.77 83.36 56.01 89.32 34.21 10.05 74.28 44.05 74.33 68.77 34.93 56.36 95.08 121.83 102.04 82.39 71.51 60.75 67.68 96.18 106.02 
55.23 70.71 46.49 74.43 45.54 58.18 54.08 49.66 14.14 105.23 56.04 51.35 90.03 84.22 106.45 21.02 90.26 97.14 88.68 110.39 102.22 37.7 60.75 97.69 57.98 88.89 30.81 105.12 83.22 107.06 76.53 7.81 107.69 0.0 79.03 34.44 64.5 38.0 44.05 27.78 79.2 57.31 73.25 67.68 84.1 23.19 59.09 33.29 93.43 9.43 86.28 77.13 52.35 11.18 109.2 36.35 78.49 31.14 19.24 41.98 24.33 111.33 26.93 85.38 105.39 61.06 64.29 77.94 59.93 76.9 85.8 14.87 52.47 22.36 36.12 94.15 49.04 77.41 60.61 17.0 
24.19 39.81 66.48 11.18 55.15 73.55 32.89 32.76 87.0 70.6 30.15 44.38 39.7 13.04 34.13 60.9 43.42 32.65 46.04 43.68 26.17 50.0 19.42 30.08 22.2 32.53 76.54 31.0 25.61 77.67 59.67 71.4 80.99 79.03 0.0 46.01 41.05 54.56 60.21 54.12 18.87 55.23 10.0 12.53 57.38 60.31 38.33 88.68 65.76 76.37 60.93 68.25 28.84 72.12 47.01 51.11 8.49 61.68 73.41 45.18 65.22 44.64 52.4 47.01 72.2 19.72 66.0 6.71 24.35 76.66 25.46 65.12 55.08 91.68 84.97 19.03 48.76 13.42 25.02 90.55 
24.17 39.32 32.7 40.22 38.42 44.78 20.22 15.23 41.01 77.2 31.02 21.93 57.14 49.93 72.01 22.36 58.0 62.94 57.14 76.24 67.96 26.25 26.91 63.32 24.08 55.11 33.54 70.71 49.04 80.78 51.0 27.51 82.35 34.44 46.01 0.0 33.73 16.55 41.01 19.24 44.78 33.42 39.2 33.97 56.3 14.42 39.62 44.92 66.48 30.48 59.24 55.0 18.03 26.25 75.5 11.18 47.17 32.25 27.78 11.66 20.25 77.2 8.06 54.45 77.79 27.02 44.55 44.05 25.5 58.69 51.55 19.72 44.1 45.8 42.58 59.91 22.2 43.05 33.54 44.55 
37.01 6.32 30.48 30.0 67.96 33.84 16.4 23.02 65.79 43.66 49.68 13.15 26.4 35.17 49.68 56.09 25.96 37.48 24.19 49.41 50.12 56.82 28.18 39.7 27.46 27.66 46.87 50.22 25.24 47.89 20.81 59.03 49.93 64.5 41.05 33.73 0.0 27.2 71.69 52.5 26.25 15.65 31.06 31.05 23.32 41.3 60.96 58.41 33.62 57.49 26.63 28.23 24.76 53.94 46.53 28.16 47.68 65.19 49.98 23.02 41.76 50.22 41.44 21.0 44.38 26.83 25.08 35.01 20.59 35.9 28.02 50.09 72.01 67.08 53.15 43.46 16.16 29.27 48.26 68.71 
37.12 33.53 16.16 46.04 54.64 28.3 22.2 22.14 38.63 67.36 46.39 14.32 53.49 54.67 74.03 34.67 53.16 62.97 51.2 75.66 72.14 42.44 35.47 64.4 32.89 53.71 22.2 73.66 49.41 69.63 39.05 33.54 70.6 38.0 54.56 16.55 27.2 0.0 56.85 33.94 47.38 19.92 45.79 42.05 46.17 15.3 55.79 34.41 55.73 30.41 48.51 41.15 26.25 27.07 73.41 5.39 57.87 46.75 22.85 9.49 14.56 76.54 20.52 47.68 67.6 34.93 29.41 50.77 30.53 43.42 52.2 24.52 60.54 40.5 30.41 64.44 11.18 47.63 48.01 41.63 
39.62 76.03 72.42 62.29 5.1 85.0 55.47 48.76 58.0 114.93 30.07 62.01 89.56 71.03 94.02 25.96 91.71 89.56 92.11 102.24 86.37 15.0 50.22 88.2 48.76 84.93 66.13 91.14 77.47 119.57 91.02 38.12 121.59 44.05 60.21 41.01 71.69 56.85 0.0 23.32 70.86 74.33 60.21 54.33 95.02 46.07 24.17 73.76 105.31 49.37 98.27 95.78 47.93 46.87 103.95 51.74 55.11 13.04 55.08 52.4 52.8 103.24 36.62 90.47 115.84 51.42 85.56 63.01 55.03 99.7 79.08 40.8 9.43 66.03 74.33 79.1 63.03 66.37 35.23 61.03 
29.97 57.72 49.2 51.92 22.14 61.85 37.48 31.14 39.85 96.14 28.43 41.15 74.17 61.68 84.9 7.07 75.54 77.65 75.13 90.93 79.12 11.0 38.08 77.28 35.69 71.03 43.42 82.86 64.2 99.92 70.24 20.12 101.55 27.78 54.12 19.24 52.5 33.94 23.32 0.0 58.69 52.43 50.29 44.27 75.39 22.85 31.62 52.15 85.62 29.61 78.39 74.06 32.02 26.17 91.2 29.07 52.2 13.04 33.14 30.89 29.73 91.92 13.45 72.78 96.8 38.83 63.13 54.42 40.05 77.23 66.37 19.0 28.86 47.07 51.97 71.17 41.34 55.54 33.24 43.32 
31.26 23.09 55.57 9.43 66.1 60.08 25.81 29.55 84.31 51.86 42.06 34.21 21.26 9.06 27.29 64.54 24.76 19.03 27.2 32.25 24.84 58.03 21.0 18.68 23.09 14.76 69.35 26.4 7.21 58.82 42.19 72.24 62.13 79.2 18.87 44.78 26.25 47.38 70.86 58.69 0.0 41.79 11.66 16.76 38.9 57.45 52.39 81.47 46.96 74.43 42.38 51.09 27.2 70.33 33.14 45.61 27.2 69.03 69.2 39.2 60.61 33.24 52.55 28.18 53.41 20.02 50.99 12.21 19.31 60.0 8.25 64.4 67.72 87.46 76.84 17.49 38.6 5.66 38.08 87.66 
45.88 20.62 15.81 44.55 71.42 18.44 24.74 29.55 55.58 48.01 57.7 13.42 39.82 50.6 65.0 54.12 38.28 52.5 35.36 63.7 65.76 59.41 39.46 55.0 37.85 42.52 34.18 65.73 40.82 49.82 19.24 53.37 50.7 57.31 55.23 33.42 15.65 19.92 74.33 52.43 41.79 0.0 45.28 44.01 27.07 35.17 68.48 44.78 36.12 49.01 29.02 21.63 32.89 46.17 60.0 23.71 61.01 65.46 40.11 21.93 33.06 64.44 39.45 31.3 48.09 38.33 12.08 49.65 32.14 25.81 43.57 44.38 76.58 55.36 39.12 59.09 11.31 44.38 57.58 58.05 
21.1 30.08 56.92 2.24 55.33 63.64 23.71 24.76 80.06 62.97 30.81 34.79 32.8 11.4 34.71 56.65 36.12 29.43 38.21 42.05 29.07 48.17 12.53 28.02 15.26 26.42 67.96 32.57 18.87 69.66 50.0 65.86 72.8 73.25 10.0 39.2 31.06 45.79 60.21 50.29 11.66 45.28 0.0 6.08 48.3 53.08 40.85 80.16 57.14 69.66 51.88 58.46 21.26 65.44 43.93 42.8 17.09 59.54 65.8 36.62 57.38 43.05 46.32 38.6 64.44 12.21 56.0 5.0 15.26 66.75 19.7 58.82 56.52 84.17 76.16 21.02 39.22 6.32 26.57 83.55 
15.03 31.3 54.34 8.0 49.5 62.07 20.62 20.25 74.97 66.53 25.3 32.39 37.22 17.46 40.79 50.7 40.22 35.23 41.87 48.01 34.93 42.11 7.07 34.0 9.9 31.38 64.01 38.6 23.77 72.86 51.08 60.21 75.82 67.68 12.53 33.97 31.05 42.05 54.33 44.27 16.76 44.01 6.08 0.0 50.48 48.1 35.78 76.16 59.82 64.44 54.08 59.14 16.4 60.21 49.65 38.59 17.0 53.46 61.07 32.65 52.8 49.01 40.8 41.73 67.9 7.21 55.33 10.3 12.17 66.94 25.0 53.41 50.96 79.4 72.45 26.93 36.67 12.04 21.47 78.49 
59.41 19.8 41.48 46.52 91.27 36.89 39.66 46.32 82.61 21.21 72.14 34.48 23.35 47.3 51.42 78.45 19.65 38.64 15.52 45.62 56.14 80.13 49.58 42.43 49.5 30.02 60.64 53.76 33.54 24.6 9.43 79.63 26.63 84.1 57.38 56.3 23.32 46.17 95.02 75.39 38.9 27.07 48.3 50.48 0.0 61.4 83.45 70.23 10.3 76.01 3.61 16.64 47.8 73.03 39.96 48.84 65.31 88.24 67.19 44.92 60.0 46.07 63.6 12.04 21.59 48.17 25.55 50.7 42.43 25.94 35.23 70.58 95.21 82.0 64.26 52.09 35.51 44.01 70.09 85.0 
38.47 47.52 27.66 53.91 44.94 40.36 31.76 28.43 27.02 82.61 43.93 28.16 66.94 63.41 84.72 21.26 67.08 74.73 65.49 87.85 81.4 33.24 41.04 75.59 38.21 66.13 21.1 83.76 60.84 84.93 54.34 18.25 85.87 23.19 60.31 14.42 41.3 15.3 46.07 22.85 57.45 35.17 53.08 48.1 61.4 0.0 51.01 31.4 71.02 17.0 63.79 56.08 31.83 13.0 86.33 13.15 61.59 34.41 13.42 18.97 7.07 88.77 11.0 62.2 82.87 41.01 43.83 58.0 38.6 57.45 63.51 9.22 51.55 31.4 30.02 73.41 26.02 56.4 47.13 30.48 
24.04 63.66 71.84 43.08 19.24 83.22 45.0 39.12 71.47 101.4 11.31 55.07 72.95 50.45 72.44 38.08 75.8 69.92 77.1 81.79 64.03 21.47 34.21 67.91 33.97 67.12 72.01 69.18 59.51 107.17 81.69 51.62 109.79 59.09 38.33 39.62 60.96 55.79 24.17 31.62 52.39 68.48 40.85 35.78 83.45 51.01 0.0 82.22 93.43 61.13 86.98 88.23 36.4 57.49 84.48 50.45 32.02 31.14 63.39 48.1 58.0 82.76 40.01 76.4 102.62 35.61 80.53 42.45 41.04 94.15 60.54 50.01 17.12 78.59 81.0 57.31 57.7 47.17 14.32 74.95 
68.95 64.4 29.07 80.45 73.82 35.23 56.61 55.95 21.26 89.5 75.31 47.38 84.31 89.02 107.52 47.85 83.01 95.78 80.13 107.8 106.3 63.13 69.35 97.67 66.65 86.05 12.21 107.49 82.76 88.96 61.03 36.4 88.46 33.29 88.68 44.92 58.41 34.41 73.76 52.15 81.47 44.78 80.16 76.16 70.23 31.4 82.22 0.0 77.37 25.08 71.17 57.87 59.94 26.93 104.56 37.59 91.29 60.88 19.03 43.57 24.74 108.6 42.3 76.06 89.05 68.96 45.35 85.15 64.9 54.01 85.59 33.24 80.75 15.23 6.08 98.72 43.14 82.01 78.34 21.1 
69.43 29.83 49.37 55.23 101.55 42.72 49.93 56.6 91.14 12.17 82.13 44.6 28.44 54.78 55.08 88.54 24.33 43.05 20.62 47.3 61.2 90.43 59.4 47.1 59.46 35.9 68.59 58.0 40.85 14.32 17.0 89.27 16.4 93.43 65.76 66.48 33.62 55.73 105.31 85.62 46.96 36.12 57.14 59.82 10.3 71.02 93.43 77.37 0.0 85.09 7.28 20.12 58.01 82.3 40.8 58.69 73.93 98.49 76.0 55.03 69.18 47.54 73.68 18.79 12.0 57.98 32.02 59.06 52.4 27.66 42.06 80.23 105.44 89.94 71.31 58.25 45.35 52.35 79.91 93.34 
53.41 63.79 37.36 70.6 50.01 48.85 48.76 45.22 10.82 97.02 56.36 44.38 83.52 80.21 101.71 24.02 83.43 91.71 81.58 104.79 98.23 40.45 57.38 92.59 54.56 83.01 21.4 100.7 77.82 98.51 68.12 11.4 98.99 9.43 76.37 30.48 57.49 30.41 49.37 29.61 74.43 49.01 69.66 64.44 76.01 17.0 61.13 25.08 85.09 0.0 78.03 68.25 48.41 4.24 103.12 29.73 76.84 36.35 9.85 35.85 16.03 105.7 24.21 78.09 97.08 57.49 55.32 74.52 55.47 67.68 80.5 11.66 57.01 17.46 27.2 90.21 41.59 73.24 60.42 14.42 
62.94 23.35 42.76 50.09 94.58 37.12 43.01 49.65 84.29 19.0 75.66 37.34 26.08 50.7 53.94 81.27 22.2 41.3 18.11 47.54 59.03 83.35 53.15 45.18 53.04 33.02 61.98 56.44 36.88 21.54 10.2 82.04 23.32 86.28 60.93 59.24 26.63 48.51 98.27 78.39 42.38 29.02 51.88 54.08 3.61 63.79 86.98 71.17 7.28 78.03 0.0 15.56 51.22 75.17 41.59 51.42 68.88 91.29 69.03 47.76 62.07 47.93 66.41 15.03 19.1 51.74 26.0 54.23 45.97 24.41 38.47 72.99 98.6 83.36 65.15 55.23 38.08 47.54 73.66 86.58 
64.66 28.44 31.14 57.07 92.7 22.8 43.27 49.2 73.11 31.95 77.1 33.94 39.22 60.03 67.36 75.66 35.85 54.41 31.78 62.18 71.2 80.81 56.36 57.97 55.47 45.12 50.0 69.38 47.1 31.14 9.06 74.0 31.02 77.13 68.25 55.0 28.23 41.15 95.78 74.06 51.09 21.63 58.46 59.14 16.64 56.08 88.23 57.87 20.12 68.25 15.56 0.0 51.87 65.97 56.6 45.28 75.43 87.09 58.69 43.42 52.89 62.65 61.06 27.86 31.32 55.04 13.04 61.81 48.75 9.49 49.25 65.19 97.59 71.11 51.79 66.27 32.8 55.44 76.16 75.01 
13.0 28.3 40.05 22.2 43.83 49.5 8.6 4.12 58.8 67.12 25.24 19.65 42.43 31.91 54.23 37.48 44.15 45.89 44.27 59.23 49.93 33.53 9.43 45.88 6.71 39.01 47.85 52.77 32.25 72.11 45.34 45.19 74.4 52.35 28.84 18.03 24.76 26.25 47.93 32.02 27.2 32.89 21.26 16.4 47.8 31.83 36.4 59.94 58.01 48.41 51.22 51.87 0.0 44.2 59.21 22.36 31.62 43.42 44.69 16.76 36.4 60.21 25.5 42.54 68.1 9.22 44.94 26.17 8.06 58.14 34.53 37.74 47.43 63.03 56.46 41.88 23.19 25.06 24.7 62.29 
49.2 60.21 35.47 66.4 47.17 47.41 44.72 41.05 15.0 94.13 52.39 40.79 79.81 76.03 97.62 21.1 79.83 87.73 78.09 100.85 94.05 37.12 53.15 88.55 50.33 79.12 21.26 96.57 73.82 95.89 65.38 10.0 96.51 11.18 72.12 26.25 53.94 27.07 46.87 26.17 70.33 46.17 65.44 60.21 73.03 13.0 57.49 26.93 82.3 4.24 75.17 65.97 44.2 0.0 99.3 25.96 72.62 33.96 9.22 31.95 13.15 101.77 20.0 74.67 94.26 53.26 53.16 70.29 51.31 65.92 76.49 7.62 54.15 21.19 28.18 86.02 38.21 69.07 56.36 18.6 
64.38 40.31 75.8 41.77 99.14 74.97 55.32 60.67 112.0 37.0 74.73 59.09 20.25 34.18 18.36 96.63 21.93 14.56 25.5 7.07 27.8 91.14 54.08 17.0 56.01 20.4 93.3 22.47 27.02 45.01 48.6 102.84 49.01 109.2 47.01 75.5 46.53 73.41 103.95 91.2 33.14 60.0 43.93 49.65 39.96 86.33 84.48 104.56 40.8 103.12 41.59 56.6 59.21 99.3 0.0 73.39 55.01 102.0 96.25 67.36 87.85 7.0 83.55 29.73 39.0 53.04 63.7 42.06 51.16 65.86 25.02 94.37 100.44 113.6 99.05 30.0 62.61 37.66 70.34 115.04 
32.39 34.37 21.54 43.28 49.41 33.62 19.85 18.36 38.95 70.04 41.19 15.03 53.85 52.33 72.67 30.41 53.94 62.18 52.35 75.15 70.09 37.2 31.76 63.29 29.07 53.31 25.5 72.01 48.37 72.8 42.38 31.02 74.0 36.35 51.11 11.18 28.16 5.39 51.74 29.07 45.61 23.71 42.8 38.59 48.84 13.15 50.45 37.59 58.69 29.73 51.42 45.28 22.36 25.96 73.39 0.0 53.85 42.01 23.6 6.4 15.0 76.06 15.81 49.09 70.41 31.38 34.06 47.8 27.66 48.17 51.11 22.0 55.23 41.87 34.18 62.24 13.34 45.25 43.01 42.19 
23.43 47.13 71.02 18.79 50.01 79.06 37.34 35.74 87.62 79.03 25.63 49.25 48.17 21.4 41.0 59.2 51.86 40.82 54.41 51.26 32.14 46.52 22.56 38.01 25.0 41.01 79.31 37.48 34.06 86.02 67.05 70.72 89.31 78.49 8.49 47.17 47.68 57.87 55.11 52.2 27.2 61.01 17.09 17.0 65.31 61.59 32.02 91.29 73.93 76.84 68.88 75.43 31.62 72.62 55.01 53.85 0.0 58.18 74.95 48.38 67.12 52.2 52.63 55.23 80.6 23.35 72.25 15.0 29.07 83.55 33.94 65.3 49.09 92.91 88.02 25.96 53.46 21.63 20.25 91.21 
38.47 70.21 61.62 61.4 14.56 74.33 49.73 43.17 45.01 108.85 32.65 54.12 85.84 70.86 94.2 13.42 87.48 88.05 87.32 101.18 87.56 11.7 48.04 87.28 46.0 82.15 53.71 91.78 75.03 112.81 83.24 25.08 114.49 31.14 61.68 32.25 65.19 46.75 13.04 13.04 69.03 65.46 59.54 53.46 88.24 34.41 31.14 60.88 98.49 36.35 91.29 87.09 43.42 33.96 102.0 42.01 58.18 0.0 42.38 43.91 40.82 102.18 26.25 85.16 109.56 49.01 76.06 63.15 51.24 90.14 77.0 28.23 21.38 53.01 61.68 79.83 54.38 65.28 38.01 48.09 
51.88 56.3 27.66 66.47 54.92 39.0 43.42 41.04 15.81 88.02 57.01 37.16 76.32 75.74 96.26 29.12 75.89 85.59 73.76 98.41 93.61 44.1 54.04 86.82 51.22 76.48 12.04 95.6 71.87 89.2 59.0 19.21 89.56 19.24 73.41 27.78 49.98 22.85 55.08 33.14 69.2 40.11 65.8 61.07 67.19 13.42 63.39 19.03 76.0 9.85 69.03 58.69 44.69 9.22 96.25 23.6 74.95 42.38 0.0 30.0 8.6 99.3 23.77 70.09 88.0 53.91 45.71 70.77 50.93 57.87 74.63 14.32 61.81 18.38 19.31 85.7 33.84 68.68 60.41 18.79 
28.0 29.02 24.19 37.01 49.52 35.11 13.45 12.65 45.28 65.97 38.08 10.44 48.05 45.97 66.29 33.53 48.37 55.9 47.04 68.94 63.7 37.48 26.0 56.94 23.41 47.17 31.38 65.6 42.06 69.29 39.36 36.12 70.77 41.98 45.18 11.66 23.02 9.49 52.4 30.89 39.2 21.93 36.62 32.65 44.92 18.97 48.1 43.57 55.03 35.85 47.76 43.42 16.76 31.95 67.36 6.4 48.38 43.91 30.0 0.0 21.4 69.86 18.68 44.01 66.48 25.5 33.42 41.62 21.4 47.51 44.78 27.29 54.82 48.27 39.81 55.87 10.63 38.9 39.2 48.55 
44.38 48.08 22.83 58.0 51.87 35.23 34.83 32.65 24.17 81.06 50.64 28.79 68.01 67.21 87.66 27.46 67.72 77.03 65.73 89.89 85.04 40.26 45.8 78.23 43.01 67.98 14.04 87.01 63.29 82.73 52.24 21.47 83.36 24.33 65.22 20.25 41.76 14.56 52.8 29.73 60.61 33.06 57.38 52.8 60.0 7.07 58.0 24.74 69.18 16.03 62.07 52.89 36.4 13.15 87.85 15.0 67.12 40.82 8.6 21.4 0.0 90.79 18.03 62.17 81.15 45.61 40.16 62.37 42.43 53.23 66.04 13.45 58.52 26.91 23.0 77.16 25.71 60.14 53.6 27.29 
64.0 44.2 80.16 41.01 98.33 80.16 57.25 62.1 114.93 44.0 73.55 62.27 24.76 32.39 12.73 97.67 27.2 14.32 31.06 1.0 22.67 91.02 54.15 15.03 56.32 22.83 97.08 16.97 28.16 52.01 54.38 104.69 56.01 111.33 44.64 77.2 50.22 76.54 103.24 91.92 33.24 64.44 43.05 49.01 46.07 88.77 82.76 108.6 47.54 105.7 47.93 62.65 60.21 101.77 7.0 76.06 52.2 102.18 99.3 69.86 90.79 0.0 85.16 35.23 46.0 53.24 69.03 40.45 52.17 72.01 25.71 96.46 99.14 116.97 103.23 26.4 66.04 37.0 68.88 118.07 
29.21 47.17 35.81 47.51 34.89 48.41 28.28 23.09 35.0 84.65 33.24 29.12 65.19 57.31 79.71 14.87 66.01 70.88 65.07 84.2 75.29 22.85 33.84 71.17 31.06 63.15 32.06 78.26 57.01 87.92 57.78 19.7 89.32 26.93 52.4 8.06 41.44 20.52 36.62 13.45 52.55 39.45 46.32 40.8 63.6 11.0 40.01 42.3 73.68 24.21 66.41 61.06 25.5 20.0 83.55 15.81 52.63 26.25 23.77 18.68 18.03 85.16 0.0 62.29 85.16 34.13 49.82 51.04 33.24 63.89 59.48 12.73 41.23 40.71 41.01 67.23 28.64 50.54 36.77 38.6 
52.7 15.13 47.01 36.62 86.33 45.25 35.44 42.06 85.87 25.0 65.22 34.06 11.4 36.06 39.56 76.79 8.06 26.68 4.24 34.67 44.1 75.96 42.2 30.41 42.72 18.0 65.39 41.77 22.14 31.14 19.24 80.02 34.21 85.38 47.01 54.45 21.0 47.68 90.47 72.78 28.18 31.3 38.6 41.73 12.04 62.2 76.4 76.06 18.79 78.09 15.03 27.86 42.54 74.67 29.73 49.09 55.23 85.16 70.09 44.01 62.17 35.23 62.29 0.0 26.25 40.8 33.97 40.31 35.85 37.34 23.54 71.06 89.55 86.38 70.33 40.2 36.5 33.62 62.48 88.6 
78.82 39.82 61.29 62.37 111.89 54.12 60.37 67.08 103.12 2.0 91.4 56.04 32.76 60.21 55.73 100.0 28.84 45.22 26.25 46.01 63.32 101.08 68.41 49.34 68.82 40.31 80.5 59.23 46.62 6.08 29.0 101.12 10.05 105.39 72.2 77.79 44.38 67.6 115.84 96.8 53.41 48.09 64.44 67.9 21.59 82.87 102.62 89.05 12.0 97.08 19.1 31.32 68.1 94.26 39.0 70.41 80.6 109.56 88.0 66.48 81.15 46.0 85.16 26.25 0.0 67.01 43.74 65.6 61.85 37.59 47.17 92.07 115.43 101.83 82.98 61.85 57.07 59.03 88.73 105.3 
12.08 28.43 47.68 13.42 46.84 56.01 14.04 13.04 67.94 65.8 24.41 26.02 38.28 23.26 46.17 44.92 40.72 39.05 41.68 52.24 41.18 38.12 1.41 38.47 3.16 33.54 56.82 44.38 26.17 71.59 47.51 53.71 74.28 61.06 19.72 27.02 26.83 34.93 51.42 38.83 20.02 38.33 12.21 7.21 48.17 41.01 35.61 68.96 57.98 57.49 51.74 55.04 9.22 53.26 53.04 31.38 23.35 49.01 53.91 25.5 45.61 53.24 34.13 40.8 67.01 0.0 50.01 17.03 6.32 62.3 28.02 46.62 49.24 72.25 65.31 33.12 30.15 16.76 21.93 71.45 
57.94 28.16 18.11 55.04 82.88 11.4 36.69 41.63 60.07 44.15 69.78 25.5 44.41 60.02 71.59 64.07 41.87 58.67 38.21 68.41 73.74 70.77 51.2 61.72 49.73 48.76 37.01 72.92 48.7 44.05 16.12 61.47 44.05 64.29 66.0 44.55 25.08 29.41 85.56 63.13 50.99 12.08 56.0 55.33 25.55 43.83 80.53 45.35 32.02 55.32 26.0 13.04 44.94 53.16 63.7 34.06 72.25 76.06 45.71 33.42 40.16 69.03 49.82 33.97 43.74 50.01 0.0 60.07 43.74 14.14 51.26 52.8 88.24 58.22 39.29 67.72 23.02 54.33 69.64 62.0 
24.74 33.38 61.68 5.1 58.03 68.07 28.65 29.73 84.96 64.03 33.14 39.56 33.24 8.06 31.14 60.93 36.88 27.51 39.41 39.46 24.7 51.62 17.2 25.5 20.0 26.25 72.95 28.64 19.1 71.03 53.15 70.49 74.33 77.94 6.71 44.05 35.01 50.77 63.01 54.42 12.21 49.65 5.0 10.3 50.7 58.0 42.45 85.15 59.06 74.52 54.23 61.81 26.17 70.29 42.06 47.8 15.0 63.15 70.77 41.62 62.37 40.45 51.04 40.31 65.6 17.03 60.07 0.0 20.25 70.35 19.21 63.6 58.69 89.14 81.12 16.76 44.01 6.71 28.44 88.46 
17.03 22.63 42.2 15.62 50.7 50.01 8.54 10.3 65.6 60.75 29.73 20.22 34.71 24.84 46.52 45.54 36.69 37.85 37.16 51.2 42.8 41.0 7.62 37.95 7.07 31.0 52.7 45.28 24.19 66.22 41.34 52.92 68.77 59.93 24.35 25.5 20.59 30.53 55.03 40.05 19.31 32.14 15.26 12.17 42.43 38.6 41.04 64.9 52.4 55.47 45.97 48.75 8.06 51.31 51.16 27.66 29.07 51.24 50.93 21.4 42.43 52.17 33.24 35.85 61.85 6.32 43.74 20.25 0.0 55.97 26.48 45.18 53.71 69.31 60.9 34.83 24.52 17.8 27.8 69.03 
71.11 37.05 30.46 65.49 97.0 19.24 49.66 55.07 71.2 38.59 83.24 39.12 48.7 69.01 76.84 78.01 45.31 63.89 41.23 71.55 80.6 84.9 63.57 67.45 62.39 54.57 47.85 78.85 56.32 36.06 18.44 74.69 34.93 76.9 76.66 58.69 35.9 43.42 99.7 77.23 60.0 25.81 66.75 66.94 25.94 57.45 94.15 54.01 27.66 67.68 24.41 9.49 58.14 65.92 65.86 48.17 83.55 90.14 57.87 47.51 53.23 72.01 63.89 37.34 37.59 62.3 14.14 70.35 55.97 0.0 58.55 66.24 102.3 68.18 48.0 75.54 37.01 64.12 82.76 72.69 
39.46 23.26 58.41 17.46 74.33 61.27 31.78 36.4 90.05 45.49 50.29 38.29 14.42 13.04 21.93 72.01 18.36 11.4 21.54 24.74 22.47 66.12 29.07 12.21 31.0 7.07 73.66 22.2 2.83 52.84 40.2 79.06 56.36 85.8 25.46 51.55 28.02 52.2 79.08 66.37 8.25 43.57 19.7 25.0 35.23 63.51 60.54 85.59 42.06 80.5 38.47 49.25 34.53 76.49 25.02 51.11 33.94 77.0 74.63 44.78 66.04 25.71 59.48 23.54 47.17 28.02 51.26 19.21 26.48 58.55 0.0 70.94 75.96 92.66 80.62 17.03 42.45 13.42 46.24 93.3 
41.87 56.22 36.06 59.91 40.61 48.6 39.22 34.89 22.47 91.79 44.78 37.01 75.31 69.64 91.68 14.87 75.66 82.28 74.24 95.52 87.66 30.0 46.4 82.86 43.6 74.04 25.5 90.43 68.35 94.15 63.56 9.06 95.08 14.87 65.12 19.72 50.09 24.52 40.8 19.0 64.4 44.38 58.82 53.41 70.58 9.22 50.01 33.24 80.23 11.66 72.99 65.19 37.74 7.62 94.37 22.0 65.3 28.23 14.32 27.29 13.45 96.46 12.73 71.06 92.07 46.62 52.8 63.6 45.18 66.24 70.94 0.0 47.52 28.79 33.53 79.61 35.13 62.77 48.76 26.08 
37.16 75.72 76.54 58.69 7.0 88.84 55.61 49.04 66.19 114.39 25.71 63.66 87.46 66.75 89.2 33.06 89.96 85.91 90.79 98.15 81.0 18.38 47.93 84.17 46.96 82.22 72.28 86.05 74.63 119.54 92.1 46.04 121.83 52.47 55.08 44.1 72.01 60.54 9.43 28.86 67.72 76.58 56.52 50.96 95.21 51.55 17.12 80.75 105.44 57.01 98.6 97.59 47.43 54.15 100.44 55.23 49.09 21.38 61.81 54.82 58.52 99.14 41.23 89.55 115.43 49.24 88.24 58.69 53.71 102.3 75.96 47.52 0.0 74.06 80.81 74.11 65.3 62.82 30.27 69.35 
69.64 73.35 40.61 84.85 67.07 49.04 61.72 59.41 8.25 102.11 73.54 54.71 93.47 94.11 114.4 41.3 92.7 103.46 90.25 116.11 111.95 57.87 72.35 104.86 69.53 94.15 21.38 113.85 89.87 102.24 73.16 28.02 102.04 22.36 91.68 45.8 67.08 40.5 66.03 47.07 87.46 55.36 84.17 79.4 82.0 31.4 78.59 15.23 89.94 17.46 83.36 71.11 63.03 21.19 113.6 41.87 92.91 53.01 18.38 48.27 26.91 116.97 40.71 86.38 101.83 72.25 58.22 89.14 69.31 68.18 92.66 28.79 74.06 0.0 20.62 104.06 51.0 87.05 77.39 6.4 
66.22 59.03 23.32 76.32 73.98 29.15 52.48 52.39 25.55 83.43 73.44 42.64 78.82 84.63 102.53 48.38 77.39 90.61 74.43 102.45 101.67 62.8 65.8 92.63 63.16 80.81 9.06 102.65 77.79 82.87 55.03 38.08 82.39 36.12 84.97 42.58 53.15 30.41 74.33 51.97 76.84 39.12 76.16 72.45 64.26 30.02 81.0 6.08 71.31 27.2 65.15 51.79 56.46 28.18 99.05 34.18 88.02 61.68 19.31 39.81 23.0 103.23 41.01 70.33 82.98 65.31 39.29 81.12 60.9 48.0 80.62 33.53 80.81 20.62 0.0 94.2 38.29 77.67 76.12 26.0 
41.48 39.56 73.06 19.72 74.06 77.25 42.43 45.0 100.42 60.01 49.04 51.61 29.83 10.0 15.13 77.62 33.96 17.2 37.66 25.5 8.06 68.25 33.54 13.45 36.24 22.36 86.56 12.04 19.24 67.78 57.22 86.83 71.51 94.15 19.03 59.91 43.46 64.44 79.1 71.17 17.49 59.09 21.02 26.93 52.09 73.41 57.31 98.72 58.25 90.21 55.23 66.27 41.88 86.02 30.0 62.24 25.96 79.83 85.7 55.87 77.16 26.4 67.23 40.2 61.85 33.12 67.72 16.76 34.83 75.54 17.03 79.61 74.11 104.06 94.2 0.0 56.04 17.03 44.0 103.86 
35.9 22.47 17.72 39.0 60.11 26.31 16.12 19.42 49.65 56.72 47.17 4.47 42.54 46.65 64.38 43.46 42.06 52.8 40.02 65.19 63.41 48.1 31.06 54.56 29.0 43.27 31.24 64.38 39.62 59.48 29.15 44.18 60.75 49.04 48.76 22.2 16.16 11.18 63.03 41.34 38.6 11.31 39.22 36.67 35.51 26.02 57.7 43.14 45.35 41.59 38.08 32.8 23.19 38.21 62.61 13.34 53.46 54.38 33.84 10.63 25.71 66.04 28.64 36.5 57.07 30.15 23.02 44.01 24.52 37.01 42.45 35.13 65.3 51.0 38.29 56.04 0.0 39.82 47.54 52.55 
27.0 27.07 57.27 4.12 61.52 62.82 25.5 28.02 83.41 57.49 37.11 35.36 26.91 7.07 29.41 61.68 30.41 23.19 32.8 36.0 25.0 54.04 17.46 22.02 19.92 20.25 69.81 27.73 12.81 64.4 46.69 70.21 67.68 77.41 13.42 43.05 29.27 47.63 66.37 55.54 5.66 44.38 6.32 12.04 44.01 56.4 47.17 82.01 52.35 73.24 47.54 55.44 25.06 69.07 37.66 45.25 21.63 65.28 68.68 38.9 60.14 37.0 50.54 33.62 59.03 16.76 54.33 6.71 17.8 64.12 13.42 62.77 62.82 87.05 77.67 17.03 39.82 0.0 32.89 86.83 
11.7 50.33 63.39 28.79 30.15 73.76 33.11 28.16 71.2 87.46 5.39 44.27 58.67 36.5 59.03 40.31 61.59 55.79 63.01 67.9 51.16 26.42 20.52 53.94 20.81 52.8 67.08 56.01 45.19 93.43 69.07 52.8 96.18 60.61 25.02 33.54 48.26 48.01 35.23 33.24 38.08 57.58 26.57 21.47 70.09 47.13 14.32 78.34 79.91 60.42 73.66 76.16 24.7 56.36 70.34 43.01 20.25 38.01 60.41 39.2 53.6 68.88 36.77 62.48 88.73 21.93 69.64 28.44 27.8 82.76 46.24 48.76 30.27 77.39 76.12 44.0 47.54 32.89 0.0 74.79 
67.8 75.03 44.05 84.39 62.39 53.46 61.85 58.9 3.61 105.48 70.66 55.95 95.08 93.86 114.83 37.11 94.58 104.32 92.35 117.18 111.83 53.85 71.42 105.48 68.59 95.26 25.02 114.04 90.55 106.02 76.42 23.54 106.02 17.0 90.55 44.55 68.71 41.63 61.03 43.32 87.66 58.05 83.55 78.49 85.0 30.48 74.95 21.1 93.34 14.42 86.58 75.01 62.29 18.6 115.04 42.19 91.21 48.09 18.79 48.55 27.29 118.07 38.6 88.6 105.3 71.45 62.0 88.46 69.03 72.69 93.3 26.08 69.35 6.4 26.0 103.86 52.55 86.83 74.79 0.0 
