65
0.0 39.12 79.08 23.09 23.32 94.79 72.8 47.71 71.7 84.31 113.41 44.72 26.91 13.42 13.0 85.71 67.36 80.22 50.22 90.87 84.5 33.0 40.2 81.99 35.0 111.79 23.35 71.78 62.17 66.31 76.16 58.18 24.19 53.24 54.15 56.92 99.72 107.45 86.76 66.03 102.86 55.36 51.04 99.04 34.93 22.02 66.64 31.78 34.71 99.02 31.06 48.92 40.71 58.59 53.71 84.93 46.24 14.14 121.43 27.46 48.51 75.89 76.97 15.3 89.55 
39.12 0.0 73.25 60.54 21.02 56.85 35.36 61.98 55.04 45.22 77.83 17.03 51.01 40.02 26.4 77.67 36.77 64.88 65.15 62.13 48.75 21.0 25.96 50.64 35.85 83.38 17.46 73.11 29.41 40.61 45.28 20.22 20.12 27.2 27.02 36.25 96.05 102.42 57.22 33.38 72.18 20.62 26.17 61.85 28.18 22.83 73.25 14.14 7.28 85.49 8.06 11.7 54.12 67.54 30.08 80.28 10.77 26.87 88.54 26.68 33.42 76.49 38.6 30.59 61.07 
79.08 73.25 0.0 80.62 63.16 83.02 96.25 40.16 24.04 88.6 82.87 90.27 58.22 66.37 77.16 7.28 106.96 19.1 40.31 50.25 68.25 90.55 97.64 54.45 44.92 59.93 67.54 14.14 99.16 42.54 52.39 85.28 83.63 49.04 99.82 39.2 22.8 29.53 51.0 56.36 60.64 90.55 99.36 81.22 48.75 84.58 24.08 83.53 67.42 23.71 72.4 67.94 42.43 29.53 45.45 7.07 82.81 80.65 78.77 92.14 39.82 12.53 94.89 65.0 49.16 
23.09 60.54 80.62 0.0 41.34 113.81 95.21 42.11 80.11 105.12 130.11 67.74 22.56 22.02 35.69 87.82 90.45 86.98 43.42 104.04 102.07 56.04 63.03 97.08 43.57 123.82 43.38 70.0 85.16 79.81 91.35 80.32 47.27 68.59 77.23 69.4 98.08 106.08 100.6 82.81 116.61 78.1 74.11 117.29 47.51 45.1 62.29 54.74 55.01 103.16 52.55 68.96 38.21 54.15 68.01 85.15 68.68 37.22 136.03 50.09 60.22 74.01 99.02 31.06 102.65 
23.32 21.02 63.16 41.34 0.0 72.62 56.32 42.94 51.04 63.98 90.27 34.18 30.0 19.7 15.0 68.95 56.52 60.3 46.07 67.78 61.55 29.0 36.88 58.67 19.21 88.87 5.0 59.41 49.65 43.32 52.84 41.19 20.81 29.97 44.94 34.53 85.42 92.61 63.56 42.8 79.62 41.19 42.95 76.42 14.56 21.47 57.28 23.02 14.32 80.23 14.32 27.73 34.89 50.45 30.68 69.78 31.14 18.11 98.11 29.15 27.0 63.25 59.23 10.3 66.48 
94.79 56.85 83.02 113.81 72.62 0.0 39.01 98.23 59.3 18.03 25.0 62.24 97.95 91.84 82.76 82.46 58.03 64.76 100.9 36.72 15.0 74.3 74.85 28.64 75.24 48.01 71.51 92.05 53.6 43.19 31.02 44.01 76.61 47.54 62.82 52.17 100.88 103.62 33.62 32.89 35.47 51.55 65.52 7.07 68.43 79.4 98.13 69.34 60.11 78.72 64.44 45.97 92.66 96.88 49.65 88.84 54.59 83.63 40.79 81.63 59.77 93.26 33.02 82.8 37.12 
72.8 35.36 96.25 95.21 56.32 39.01 0.0 95.04 73.41 21.1 64.01 30.0 86.21 75.31 59.81 98.6 19.03 82.22 98.15 64.88 41.44 43.6 41.04 52.48 68.59 82.54 52.77 100.22 15.65 54.67 50.0 15.13 49.65 47.85 26.08 57.31 118.0 122.92 60.03 41.04 69.57 18.03 29.41 46.0 60.53 52.35 102.79 41.59 42.11 101.14 42.95 31.58 87.57 98.49 51.43 103.17 26.57 59.09 79.31 51.4 59.81 102.86 6.32 65.92 64.5 
47.71 61.98 40.16 42.11 42.94 98.23 95.04 0.0 47.51 96.25 107.35 76.97 21.54 34.41 51.66 47.43 98.68 51.22 3.16 76.28 83.82 71.28 79.32 73.82 26.48 92.66 47.89 28.16 91.39 56.08 69.08 80.6 62.2 51.48 87.73 46.17 56.01 64.01 74.43 65.51 88.81 82.57 85.87 99.3 34.53 61.85 20.22 65.86 54.71 63.69 56.86 63.51 8.06 12.04 48.84 43.74 72.73 55.17 108.6 69.53 38.64 32.06 96.33 38.29 74.89 
71.7 55.04 24.04 80.11 51.04 59.3 73.41 47.51 0.0 64.62 61.98 71.59 58.18 61.13 66.03 25.24 85.7 9.85 49.2 29.55 44.41 74.63 80.78 31.0 37.36 45.28 54.33 33.14 77.99 18.87 28.44 63.7 69.43 28.3 80.16 18.79 44.65 49.58 28.86 32.76 41.68 69.81 80.26 58.01 37.05 71.02 40.52 67.36 50.6 30.46 56.32 47.43 45.45 41.59 25.06 30.46 63.29 69.12 61.29 77.88 24.08 34.01 71.56 56.44 28.23 
84.31 45.22 88.6 105.12 63.98 18.03 21.1 96.25 64.62 0.0 43.01 46.87 92.05 83.67 71.61 89.47 40.11 72.01 99.18 48.84 24.08 59.82 59.17 37.64 71.02 63.95 61.77 95.34 36.14 46.17 37.22 28.6 63.66 45.0 45.88 52.47 108.67 112.51 44.55 32.76 51.0 35.36 48.85 25.08 63.35 66.48 99.85 55.87 50.12 88.81 53.25 36.25 89.68 97.13 48.04 95.08 40.36 71.84 58.69 67.48 58.0 97.27 15.0 74.25 48.8 
113.41 77.83 82.87 130.11 90.27 25.0 64.01 107.35 61.98 43.01 0.0 85.73 111.66 108.21 102.34 80.16 83.02 63.79 109.57 32.76 29.15 96.93 98.37 33.84 88.24 31.3 90.21 94.59 78.41 51.87 39.2 67.91 97.95 61.52 87.3 62.43 96.19 97.02 33.24 47.51 23.09 75.71 89.82 18.03 82.81 100.65 102.49 91.29 79.61 71.57 84.72 66.24 103.25 103.25 62.37 87.28 77.49 103.77 17.0 103.87 71.4 94.73 58.01 99.9 33.96 
44.72 17.03 90.27 67.74 34.18 62.24 30.0 76.97 71.59 46.87 85.73 0.0 63.15 50.16 32.14 94.63 23.02 81.41 80.11 75.33 57.87 13.6 12.65 63.07 51.62 96.05 29.41 89.94 17.46 55.97 58.31 18.36 20.62 43.38 10.77 52.84 113.07 119.4 70.26 46.39 84.02 12.04 9.22 68.35 44.41 23.09 89.63 13.04 23.43 101.97 20.12 25.0 68.94 83.53 46.53 97.31 9.06 30.59 98.48 21.4 50.45 93.38 35.38 41.59 74.43 
26.91 51.01 58.22 22.56 30.0 97.95 86.21 21.54 58.18 92.05 111.66 63.15 0.0 14.42 33.54 65.38 85.99 64.62 23.71 83.63 84.91 54.78 62.77 77.99 23.43 102.65 34.13 48.26 79.4 60.14 72.47 71.11 45.31 50.77 73.76 49.52 76.53 84.48 80.62 65.51 96.33 71.11 71.31 100.5 29.53 44.28 41.48 50.7 44.1 80.6 44.1 56.29 16.03 33.24 49.41 63.0 61.07 36.72 116.04 51.48 40.36 52.35 88.81 21.59 82.22 
13.42 40.02 66.37 22.02 19.7 91.84 75.31 34.41 61.13 83.67 108.21 50.16 14.42 0.0 19.31 73.17 73.17 69.05 37.01 83.01 80.06 40.8 48.7 75.43 23.77 103.31 22.56 58.52 67.0 58.52 69.66 60.21 31.32 46.75 60.53 48.37 86.59 94.37 79.32 60.83 95.41 59.14 57.87 95.27 26.08 30.08 53.23 37.34 33.84 87.09 32.39 47.42 27.29 45.18 46.4 72.01 49.25 22.36 114.62 37.12 39.36 62.64 78.59 9.49 81.63 
13.0 26.4 77.16 35.69 15.0 82.76 59.81 51.66 66.03 71.61 102.34 32.14 33.54 19.31 0.0 83.24 55.04 75.24 54.56 81.91 73.24 21.59 29.41 72.09 32.31 103.16 12.65 72.07 49.5 57.72 66.31 45.19 12.17 43.97 42.01 49.37 99.01 106.4 77.49 55.47 93.41 42.45 39.12 87.32 29.27 10.77 68.6 19.1 22.8 95.04 18.44 36.8 43.84 61.07 45.12 83.57 33.24 3.61 111.36 18.03 42.0 76.06 63.98 13.45 80.65 
85.71 77.67 7.28 87.82 68.95 82.46 98.6 47.43 25.24 89.47 80.16 94.63 65.38 73.17 83.24 0.0 110.31 17.72 47.54 48.04 68.01 95.71 102.58 53.85 51.2 55.36 73.16 20.81 102.53 44.1 52.55 88.41 89.16 52.35 103.86 42.45 19.42 24.84 49.5 57.98 57.43 94.11 103.6 80.06 54.42 90.25 30.81 88.59 72.2 16.64 77.41 71.51 49.65 36.67 48.84 7.28 86.83 86.68 74.73 97.69 44.42 18.38 96.8 71.39 47.1 
67.36 36.77 106.96 90.45 56.52 58.03 19.03 98.68 85.7 40.11 83.02 23.02 85.99 73.17 55.04 110.31 0.0 95.13 101.84 81.71 59.44 34.71 29.15 69.08 72.62 100.42 51.97 108.72 7.81 67.8 65.74 22.02 43.19 58.0 13.34 67.9 129.45 135.07 76.69 55.23 87.56 16.64 16.76 65.01 64.88 45.4 109.66 36.0 44.01 115.0 42.2 39.05 90.76 104.22 61.55 114.02 26.0 53.24 98.18 41.76 68.01 111.83 25.18 64.5 81.15 
80.22 64.88 19.1 86.98 60.3 64.76 82.22 51.22 9.85 72.01 63.79 81.41 64.62 69.05 75.24 17.72 95.13 0.0 52.4 31.14 50.29 84.43 90.62 36.14 45.4 42.44 63.79 31.38 87.46 27.59 34.93 73.11 79.08 38.08 89.89 28.64 36.67 40.8 32.06 41.23 41.76 79.4 90.05 62.51 46.04 80.6 40.31 77.16 60.41 20.62 66.1 57.14 50.61 43.28 34.89 24.19 73.06 78.41 60.42 87.56 33.54 31.05 80.0 65.07 30.07 
50.22 65.15 40.31 43.42 46.07 100.9 98.15 3.16 49.2 99.18 109.57 80.11 23.71 37.01 54.56 47.54 101.84 52.4 0.0 78.23 86.4 74.33 82.38 76.16 29.61 94.18 51.0 27.66 94.56 58.52 71.51 83.74 65.22 54.33 90.87 48.76 55.04 63.03 76.54 68.25 90.7 85.73 89.0 101.83 37.66 64.82 19.0 68.96 57.87 63.98 60.01 66.61 11.18 11.18 51.62 43.42 75.89 58.05 110.44 72.47 41.44 31.4 99.41 41.23 76.85 
90.87 62.13 50.25 104.04 67.78 36.72 64.88 76.28 29.55 48.84 32.76 75.33 83.63 83.01 81.91 48.04 81.71 31.14 78.23 0.0 24.76 83.1 87.05 12.65 60.61 21.38 69.26 61.85 74.95 24.6 17.03 61.13 81.05 37.95 80.81 34.67 65.31 67.36 5.1 29.02 12.73 68.88 82.2 32.89 56.94 83.36 69.89 76.24 61.0 42.15 66.91 51.0 73.11 71.11 37.16 55.0 66.27 84.2 32.56 88.57 43.83 61.98 60.75 76.03 1.41 
84.5 48.75 68.25 102.07 61.55 15.0 41.44 83.82 44.41 24.08 29.15 57.87 84.91 80.06 73.24 68.01 59.44 50.29 86.4 24.76 0.0 68.31 70.41 14.32 61.77 41.11 61.22 77.06 53.46 28.28 16.03 41.01 68.88 34.13 61.0 37.64 86.73 89.9 20.62 19.42 28.16 49.01 63.07 15.65 55.47 71.55 83.15 62.39 50.48 65.51 55.57 37.12 78.55 82.04 35.78 74.22 49.24 74.63 40.61 75.03 45.69 78.31 36.67 71.42 24.76 
33.0 21.0 90.55 56.04 29.0 74.3 43.6 71.28 74.63 59.82 96.93 13.6 54.78 40.8 21.59 95.71 34.71 84.43 74.33 83.1 68.31 0.0 8.06 71.45 48.1 104.31 24.04 88.09 30.46 61.4 66.19 31.24 9.49 47.68 21.38 56.04 113.21 120.07 78.16 54.23 92.91 25.61 18.11 80.06 42.2 11.05 86.28 7.28 24.04 105.0 18.38 32.25 63.25 79.4 50.22 97.42 19.72 19.1 108.67 7.81 51.48 91.83 48.92 33.54 82.05 
40.2 25.96 97.64 63.03 36.88 74.85 41.04 79.32 80.78 59.17 98.37 12.65 62.77 48.7 29.41 102.58 29.15 90.62 82.38 87.05 70.41 8.06 0.0 75.01 55.87 108.0 31.89 95.67 26.4 66.49 70.03 30.87 17.46 53.16 16.12 62.03 120.37 127.09 82.02 58.03 96.19 23.85 12.53 80.99 49.68 18.68 94.11 14.21 30.41 111.23 25.24 36.12 71.28 87.32 55.97 104.56 21.21 26.68 111.0 13.04 58.18 99.36 46.86 41.59 86.09 
81.99 50.64 54.45 97.08 58.67 28.64 52.48 73.82 31.0 37.64 33.84 63.07 77.99 75.43 72.09 53.85 69.08 36.14 76.16 12.65 14.32 71.45 75.01 0.0 54.56 33.0 59.51 64.07 62.3 18.03 5.83 48.51 70.09 28.84 68.25 28.6 72.45 75.58 7.62 17.26 21.59 56.29 69.72 27.02 49.58 72.53 70.86 64.78 50.29 51.31 56.04 39.2 69.46 70.6 29.07 60.21 54.04 74.09 39.45 77.28 37.64 65.01 48.6 67.68 12.08 
35.0 35.85 44.92 43.57 19.21 75.24 68.59 26.48 37.36 71.02 88.24 51.62 23.43 23.77 32.31 51.2 72.62 45.4 29.61 60.61 61.77 48.1 55.87 54.56 0.0 80.26 24.08 40.22 65.19 36.77 49.04 54.13 40.0 27.73 62.27 26.17 66.71 74.09 57.38 42.49 73.25 56.3 60.75 77.41 8.06 40.5 38.29 41.77 28.64 64.03 31.62 37.12 19.03 31.91 26.08 51.26 46.62 35.85 92.85 48.26 16.97 44.1 70.06 20.22 59.2 
111.79 83.38 59.93 123.82 88.87 48.01 82.54 92.66 45.28 63.95 31.3 96.05 102.65 103.31 103.16 55.36 100.42 42.44 94.18 21.38 41.11 104.31 108.0 33.0 80.26 0.0 90.52 73.43 94.15 45.54 38.12 80.89 102.42 59.2 100.84 55.04 68.47 68.0 26.17 50.09 13.0 88.81 102.49 41.87 77.39 104.74 82.68 97.51 82.38 43.29 88.28 72.11 90.69 85.6 58.19 62.63 87.02 105.51 20.02 109.9 63.95 72.45 77.62 96.77 22.56 
23.35 17.46 67.54 43.38 5.0 71.51 52.77 47.89 54.33 61.77 90.21 29.41 34.13 22.56 12.65 73.16 51.97 63.79 51.0 69.26 61.22 24.04 31.89 59.51 24.08 90.52 0.0 64.2 45.28 45.12 53.71 37.66 16.12 31.32 40.16 37.05 89.94 97.05 64.85 43.05 80.78 37.01 38.08 75.69 18.79 17.09 62.24 18.03 11.66 83.95 10.0 25.81 39.82 55.44 32.56 74.24 27.0 15.13 98.84 24.6 30.27 68.01 56.04 13.15 68.01 
71.78 73.11 14.14 70.0 59.41 92.05 100.22 28.16 33.14 95.34 94.59 89.94 48.26 58.52 72.07 20.81 108.72 31.38 27.66 61.85 77.06 88.09 95.67 64.07 40.22 73.43 64.2 0.0 100.96 49.5 61.03 87.82 80.21 52.39 100.12 43.32 28.28 36.22 61.81 62.59 73.05 92.09 99.16 91.09 46.01 80.71 10.0 81.47 66.53 37.44 70.72 69.97 32.25 16.49 48.85 15.81 83.41 75.66 91.79 88.48 40.82 4.12 99.72 59.03 60.64 
62.17 29.41 99.16 85.16 49.65 53.6 15.65 91.39 77.99 36.14 78.41 17.46 79.4 67.0 49.5 102.53 7.81 87.46 94.56 74.95 53.46 30.46 26.4 62.3 65.19 94.15 45.28 100.96 0.0 60.22 58.69 14.42 38.08 50.21 10.63 60.11 121.66 127.31 69.89 47.89 81.39 8.94 14.14 60.41 57.38 40.52 102.0 30.41 36.69 107.42 35.36 31.24 83.52 96.66 53.76 106.22 18.68 48.05 93.0 38.01 60.22 104.04 21.93 58.08 74.33 
66.31 40.61 42.54 79.81 43.32 43.19 54.67 56.08 18.87 46.17 51.87 55.97 60.14 58.52 57.72 44.1 67.8 27.59 58.52 24.6 28.28 61.4 66.49 18.03 36.77 45.54 45.12 49.5 60.22 0.0 13.0 45.8 58.03 14.04 63.51 10.63 63.51 68.25 20.81 13.89 36.89 52.48 64.08 43.42 32.45 60.13 55.01 54.23 38.0 47.2 44.0 31.02 51.48 53.76 12.65 49.19 47.17 60.21 56.22 66.01 19.8 51.2 52.7 51.43 23.26 
76.16 45.28 52.39 91.35 52.84 31.02 50.0 69.08 28.44 37.22 39.2 58.31 72.47 69.66 66.31 52.55 65.74 34.93 71.51 17.03 16.03 66.19 70.03 5.83 49.04 38.12 53.71 61.03 58.69 13.0 0.0 44.6 64.54 23.02 64.03 23.32 71.59 75.29 12.0 12.0 27.2 52.2 65.31 30.59 43.86 66.94 67.27 59.41 44.64 51.86 50.45 34.01 64.41 66.49 23.35 58.52 49.25 68.35 45.28 71.85 32.2 62.29 46.69 61.85 16.12 
58.18 20.22 85.28 80.32 41.19 44.01 15.13 80.6 63.7 28.6 67.91 18.36 71.11 60.21 45.19 88.41 22.02 73.11 83.74 61.13 41.01 31.24 30.87 48.51 54.13 80.89 37.66 87.82 14.42 45.8 44.6 0.0 35.81 36.24 20.02 46.1 107.63 113.14 56.04 33.54 68.36 8.0 22.09 50.29 46.1 38.6 89.55 27.8 27.02 93.01 27.89 17.89 72.99 84.76 39.82 92.31 12.21 44.78 81.39 38.95 47.01 90.74 18.79 50.8 60.44 
24.19 20.12 83.63 47.27 20.81 76.61 49.65 62.2 69.43 63.66 97.95 20.62 45.31 31.32 12.17 89.16 43.19 79.08 65.22 81.05 68.88 9.49 17.46 70.09 40.0 102.42 16.12 80.21 38.08 58.03 64.54 35.81 0.0 44.01 30.02 51.35 106.07 113.15 76.3 52.89 91.68 31.78 27.02 81.84 34.89 2.83 77.83 8.06 20.1 99.46 14.14 31.78 54.2 70.72 46.04 90.35 23.6 10.05 108.5 8.54 45.61 84.05 54.38 24.19 79.91 
53.24 27.2 49.04 68.59 29.97 47.54 47.85 51.48 28.3 45.0 61.52 43.38 50.77 46.75 43.97 52.35 58.0 38.08 54.33 37.95 34.13 47.68 53.16 28.84 27.73 59.2 31.32 52.39 50.21 14.04 23.02 36.24 44.01 0.0 51.87 9.9 71.45 77.16 33.62 14.76 49.66 41.77 51.97 49.74 21.4 46.1 55.54 40.45 24.02 58.59 30.02 19.21 45.35 52.24 3.61 56.08 34.99 46.32 68.26 52.04 13.0 55.01 47.43 38.83 36.69 
54.15 27.02 99.82 77.23 44.94 62.82 26.08 87.73 80.16 45.88 87.3 10.77 73.76 60.53 42.01 103.86 13.34 89.89 90.87 80.81 61.0 21.38 16.12 68.25 62.27 100.84 40.16 100.12 10.63 63.51 64.03 20.02 30.02 51.87 0.0 61.61 122.58 128.69 75.71 52.5 88.36 12.04 3.61 69.43 54.92 32.14 100.12 23.19 33.84 110.28 30.87 32.76 79.71 94.15 55.22 106.89 17.03 40.05 101.24 28.46 60.11 103.48 32.25 52.17 80.05 
56.92 36.25 39.2 69.4 34.53 52.17 57.31 46.17 18.79 52.47 62.43 52.84 49.52 48.37 49.37 42.45 67.9 28.64 48.76 34.67 37.64 56.04 62.03 28.6 26.17 55.04 37.05 43.32 60.11 10.63 23.32 46.1 51.35 9.9 61.61 0.0 61.55 67.27 31.24 20.0 47.2 51.66 61.59 53.14 22.36 53.15 47.38 48.76 32.02 49.24 37.85 29.07 41.15 45.04 6.4 46.23 44.65 52.15 66.71 59.68 9.22 45.69 56.46 41.79 33.29 
99.72 96.05 22.8 98.08 85.42 100.88 118.0 56.01 44.65 108.67 96.19 113.07 76.53 86.59 99.01 19.42 129.45 36.67 55.04 65.31 86.73 113.21 120.37 72.45 66.71 68.47 89.94 28.28 121.66 63.51 71.59 107.63 106.07 71.45 122.58 61.55 0.0 8.0 67.45 77.39 73.11 113.14 122.15 97.98 71.2 106.89 36.06 106.23 90.21 25.18 95.13 90.51 60.53 44.0 67.9 15.81 105.55 102.55 88.46 114.53 62.63 24.19 116.21 86.38 64.54 
107.45 102.42 29.53 106.08 92.61 103.62 122.92 64.01 49.58 112.51 97.02 119.4 84.48 94.37 106.4 24.84 135.07 40.8 63.03 67.36 89.9 120.07 127.09 75.58 74.09 68.0 97.05 36.22 127.31 68.25 75.29 113.14 113.15 77.16 128.69 67.27 8.0 0.0 70.01 82.01 73.98 118.93 128.41 100.24 78.26 114.06 44.05 113.02 96.8 25.5 101.87 96.33 68.47 52.0 73.66 22.85 111.66 109.93 88.01 121.64 69.07 32.14 120.8 93.92 66.73 
86.76 57.22 51.0 100.6 63.56 33.62 60.03 74.43 28.86 44.55 33.24 70.26 80.62 79.32 77.49 49.5 76.69 32.06 76.54 5.1 20.62 78.16 82.02 7.62 57.38 26.17 64.85 61.81 69.89 20.81 12.0 56.04 76.3 33.62 75.71 31.24 67.45 70.01 0.0 24.0 16.12 63.79 77.1 30.59 53.25 78.64 69.38 71.34 56.29 45.18 62.17 46.01 70.8 70.01 33.12 56.22 61.2 79.7 35.47 83.73 40.46 62.29 56.04 72.07 4.47 
66.03 33.38 56.36 82.81 42.8 32.89 41.04 65.51 32.76 32.76 47.51 46.39 65.51 60.83 55.47 57.98 55.23 41.23 68.25 29.02 19.42 54.23 58.03 17.26 42.49 50.09 43.05 62.59 47.89 13.89 12.0 33.54 52.89 14.76 52.5 20.0 77.39 82.01 24.0 0.0 38.83 40.85 53.6 34.99 36.06 55.36 67.27 47.52 33.24 60.21 38.9 22.02 59.77 65.03 16.76 63.06 37.34 57.27 55.95 60.02 26.93 64.56 38.83 52.4 28.07 
102.86 72.18 60.64 116.61 79.62 35.47 69.57 88.81 41.68 51.0 23.09 84.02 96.33 95.41 93.41 57.43 87.56 41.76 90.7 12.73 28.16 92.91 96.19 21.59 73.25 13.0 80.78 73.05 81.39 36.89 27.2 68.36 91.68 49.66 88.36 47.2 73.11 73.98 16.12 38.83 0.0 76.32 90.14 29.73 69.34 94.11 81.54 86.31 71.84 48.51 77.62 60.67 85.8 83.24 49.24 64.63 75.06 95.52 19.85 98.84 56.4 72.8 64.62 88.19 14.14 
55.36 20.62 90.55 78.1 41.19 51.55 18.03 82.57 69.81 35.36 75.71 12.04 71.11 59.14 42.45 94.11 16.64 79.4 85.73 68.88 49.01 25.61 23.85 56.29 56.3 88.81 37.01 92.09 8.94 52.48 52.2 8.0 31.78 41.77 12.04 51.66 113.14 118.93 63.79 40.85 76.32 0.0 14.14 57.97 48.47 34.44 93.06 23.77 27.89 99.57 27.02 22.63 74.73 87.73 45.28 97.62 10.05 41.44 89.36 33.42 51.4 95.21 23.35 50.01 68.15 
51.04 26.17 99.36 74.11 42.95 65.52 29.41 85.87 80.26 48.85 89.82 9.22 71.31 57.87 39.12 103.6 16.76 90.05 89.0 82.2 63.07 18.11 12.53 69.72 60.75 102.49 38.08 99.16 14.14 64.08 65.31 22.09 27.02 51.97 3.61 61.59 122.15 128.41 77.1 53.6 90.14 14.14 0.0 72.03 53.6 29.02 98.81 20.62 32.65 110.54 29.15 33.11 77.82 92.65 55.23 106.4 17.0 37.0 103.48 25.0 59.55 102.59 35.51 49.73 81.39 
99.04 61.85 81.22 117.29 76.42 7.07 46.0 99.3 58.01 25.08 18.03 68.35 100.5 95.27 87.32 80.06 65.01 62.51 101.83 32.89 15.65 80.06 80.99 27.02 77.41 41.87 75.69 91.09 60.41 43.42 30.59 50.29 81.84 49.74 69.43 53.14 97.98 100.24 30.59 34.99 29.73 57.97 72.03 0.0 71.02 84.6 97.74 74.79 64.54 75.03 69.2 50.61 94.15 97.08 51.43 86.7 60.42 88.41 33.73 87.24 61.33 92.0 40.05 86.45 33.53 
34.93 28.18 48.75 47.51 14.56 68.43 60.53 34.53 37.05 63.35 82.81 44.41 29.53 26.08 29.27 54.42 64.88 46.04 37.66 56.94 55.47 42.2 49.68 49.58 8.06 77.39 18.79 46.01 57.38 32.45 43.86 46.1 34.89 21.4 54.92 22.36 71.2 78.26 53.25 36.06 69.34 48.47 53.6 71.02 0.0 35.85 45.22 35.47 21.1 65.76 24.76 29.07 27.07 39.36 20.52 55.47 38.91 32.56 88.6 43.38 13.6 49.68 62.03 19.65 55.57 
22.02 22.83 84.58 45.1 21.47 79.4 52.35 61.85 71.02 66.48 100.65 23.09 44.28 30.08 10.77 90.25 45.4 80.6 64.82 83.36 71.55 11.05 18.68 72.53 40.5 104.74 17.09 80.71 40.52 60.13 66.94 38.6 2.83 46.1 32.14 53.15 106.89 114.06 78.64 55.36 94.11 34.44 29.02 84.6 35.85 0.0 77.99 10.82 22.36 100.9 16.49 34.44 53.91 70.72 48.0 91.24 26.4 8.06 111.07 7.81 47.07 84.6 57.14 23.6 82.2 
66.64 73.25 24.08 62.29 57.28 98.13 102.79 20.22 40.52 99.85 102.49 89.63 41.48 53.23 68.6 30.81 109.66 40.31 19.0 69.89 83.15 86.28 94.11 70.86 38.29 82.68 62.24 10.0 102.0 55.01 67.27 89.55 77.83 55.54 100.12 47.38 36.06 44.05 69.38 67.27 81.54 93.06 98.81 97.74 45.22 77.99 0.0 80.06 66.29 47.43 69.81 71.69 26.0 8.25 52.17 25.5 83.86 72.2 100.62 85.8 43.01 13.0 102.88 55.22 68.62 
31.78 14.14 83.53 54.74 23.02 69.34 41.59 65.86 67.36 55.87 91.29 13.04 50.7 37.34 19.1 88.59 36.0 77.16 68.96 76.24 62.39 7.28 14.21 64.78 41.77 97.51 18.03 81.47 30.41 54.23 59.41 27.8 8.06 40.45 23.19 48.76 106.23 113.02 71.34 47.52 86.31 23.77 20.62 74.79 35.47 10.82 80.06 0.0 16.76 97.74 11.18 25.71 57.8 73.41 42.95 90.43 15.62 17.72 102.49 12.65 44.28 85.15 46.32 29.12 75.17 
34.71 7.28 67.42 55.01 14.32 60.11 42.11 54.71 50.6 50.12 79.61 23.43 44.1 33.84 22.8 72.2 44.01 60.41 57.87 61.0 50.48 24.04 30.41 50.29 28.64 82.38 11.66 66.53 36.69 38.0 44.64 27.02 20.1 24.02 33.84 32.02 90.21 96.8 56.29 33.24 71.84 27.89 32.65 64.54 21.1 22.36 66.29 16.76 0.0 80.99 6.0 14.21 46.84 60.42 26.31 74.4 18.03 24.19 89.16 28.02 27.78 70.01 44.91 24.35 59.84 
99.02 85.49 23.71 103.16 80.23 78.72 101.14 63.69 30.46 88.81 71.57 101.97 80.6 87.09 95.04 16.64 115.0 20.62 63.98 42.15 65.51 105.0 111.23 51.31 64.03 43.29 83.95 37.44 107.42 47.2 51.86 93.01 99.46 58.59 110.28 49.24 25.18 25.5 45.18 60.21 48.51 99.57 110.54 75.03 65.76 100.9 47.43 97.74 80.99 0.0 86.65 77.52 65.25 53.24 55.46 22.63 93.54 98.31 63.29 107.97 53.85 34.83 98.35 84.15 41.63 
31.06 8.06 72.4 52.55 14.32 64.44 42.95 56.86 56.32 53.25 84.72 20.12 44.1 32.39 18.44 77.41 42.2 66.1 60.01 66.91 55.57 18.38 25.24 56.04 31.62 88.28 10.0 70.72 35.36 44.0 50.45 27.89 14.14 30.02 30.87 37.85 95.13 101.87 62.17 38.9 77.62 27.02 29.15 69.2 24.76 16.49 69.81 11.18 6.0 86.65 0.0 18.6 48.85 63.51 32.25 79.32 17.0 19.21 94.7 22.02 33.11 74.33 46.49 23.09 65.76 
48.92 11.7 67.94 68.96 27.73 45.97 31.58 63.51 47.43 36.25 66.24 25.0 56.29 47.42 36.8 71.51 39.05 57.14 66.61 51.0 37.12 32.25 36.12 39.2 37.12 72.11 25.81 69.97 31.24 31.02 34.01 17.89 31.78 19.21 32.76 29.07 90.51 96.33 46.01 22.02 60.67 22.63 33.11 50.61 29.07 34.44 71.69 25.71 14.21 77.52 18.6 0.0 56.14 67.05 22.67 75.01 16.16 37.8 76.84 38.33 29.15 72.95 33.0 38.01 50.01 
40.71 54.12 42.43 38.21 34.89 92.66 87.57 8.06 45.45 89.68 103.25 68.94 16.03 27.29 43.84 49.65 90.76 50.61 11.18 73.11 78.55 63.25 71.28 69.46 19.03 90.69 39.82 32.25 83.52 51.48 64.41 72.99 54.2 45.35 79.71 41.15 60.53 68.47 70.8 59.77 85.8 74.73 77.82 94.15 27.07 53.91 26.0 57.8 46.84 65.25 48.85 56.14 0.0 17.89 43.01 47.01 64.85 47.38 105.65 61.62 32.89 36.35 89.09 30.41 71.7 
58.59 67.54 29.53 54.15 50.45 96.88 98.49 12.04 41.59 97.13 103.25 83.53 33.24 45.18 61.07 36.67 104.22 43.28 11.18 71.11 82.04 79.4 87.32 70.6 31.91 85.6 55.44 16.49 96.66 53.76 66.49 84.76 70.72 52.24 94.15 45.04 44.0 52.0 70.01 65.03 83.24 87.73 92.65 97.08 39.36 70.72 8.25 73.41 60.42 53.24 63.51 67.05 17.89 0.0 49.09 32.28 78.26 64.66 102.73 78.52 39.32 20.22 99.04 47.63 69.78 
53.71 30.08 45.45 68.01 30.68 49.65 51.43 48.84 25.06 48.04 62.37 46.53 49.41 46.4 45.12 48.84 61.55 34.89 51.62 37.16 35.78 50.22 55.97 29.07 26.08 58.19 32.56 48.85 53.76 12.65 23.35 39.82 46.04 3.61 55.22 6.4 67.9 73.66 33.12 16.76 49.24 45.28 55.23 51.43 20.52 48.0 52.17 42.95 26.31 55.46 32.25 22.67 43.01 49.09 0.0 52.5 38.28 47.68 68.24 54.23 10.2 51.43 50.92 38.95 35.85 
84.93 80.28 7.07 85.15 69.78 88.84 103.17 43.74 30.46 95.08 87.28 97.31 63.0 72.01 83.57 7.28 114.02 24.19 43.42 55.0 74.22 97.42 104.56 60.21 51.26 62.63 74.24 15.81 106.22 49.19 58.52 92.31 90.35 56.08 106.89 46.23 15.81 22.85 56.22 63.06 64.63 97.62 106.4 86.7 55.47 91.24 25.5 90.43 74.4 22.63 79.32 75.01 47.01 32.28 52.5 0.0 89.87 87.09 82.01 98.84 46.86 12.53 101.71 71.17 54.01 
46.24 10.77 82.81 68.68 31.14 54.59 26.57 72.73 63.29 40.36 77.49 9.06 61.07 49.25 33.24 86.83 26.0 73.06 75.89 66.27 49.24 19.72 21.21 54.04 46.62 87.02 27.0 83.41 18.68 47.17 49.25 12.21 23.6 34.99 17.03 44.65 105.55 111.66 61.2 37.34 75.06 10.05 17.0 60.42 38.91 26.4 83.86 15.62 18.03 93.54 17.0 16.16 64.85 78.26 38.28 89.87 0.0 32.65 89.82 27.2 43.14 86.68 30.89 40.05 65.38 
14.14 26.87 80.65 37.22 18.11 83.63 59.09 55.17 69.12 71.84 103.77 30.59 36.72 22.36 3.61 86.68 53.24 78.41 58.05 84.2 74.63 19.1 26.68 74.09 35.85 105.51 15.13 75.66 48.05 60.21 68.35 44.78 10.05 46.32 40.05 52.15 102.55 109.93 79.7 57.27 95.52 41.44 37.0 88.41 32.56 8.06 72.2 17.72 24.19 98.31 19.21 37.8 47.38 64.66 47.68 87.09 32.65 0.0 113.22 14.76 45.04 79.65 63.53 17.03 82.97 
121.43 88.54 78.77 136.03 98.11 40.79 79.31 108.6 61.29 58.69 17.0 98.48 116.04 114.62 111.36 74.73 98.18 60.42 110.44 32.56 40.61 108.67 111.0 39.45 92.85 20.02 98.84 91.79 93.0 56.22 45.28 81.39 108.5 68.26 101.24 66.71 88.46 88.01 35.47 55.95 19.85 89.36 103.48 33.73 88.6 111.07 100.62 102.49 89.16 63.29 94.7 76.84 105.65 102.73 68.24 82.01 89.82 113.22 0.0 115.13 75.93 91.18 73.55 107.07 33.97 
27.46 26.68 92.14 50.09 29.15 81.63 51.4 69.53 77.88 67.48 103.87 21.4 51.48 37.12 18.03 97.69 41.76 87.56 72.47 88.57 75.03 7.81 13.04 77.28 48.26 109.9 24.6 88.48 38.01 66.01 71.85 38.95 8.54 52.04 28.46 59.68 114.53 121.64 83.73 60.02 98.84 33.42 25.0 87.24 43.38 7.81 85.8 12.65 28.02 107.97 22.02 38.33 61.62 78.52 54.23 98.84 27.2 14.76 115.13 0.0 54.12 92.36 56.73 31.24 87.46 
48.51 33.42 39.82 60.22 27.0 59.77 59.81 38.64 24.08 58.0 71.4 50.45 40.36 39.36 42.0 44.42 68.01 33.54 41.44 43.83 45.69 51.48 58.18 37.64 16.97 63.95 30.27 40.82 60.22 19.8 32.2 47.01 45.61 13.0 60.11 9.22 62.63 69.07 40.46 26.93 56.4 51.4 59.55 61.33 13.6 47.07 43.01 44.28 27.78 53.85 33.11 29.15 32.89 39.32 10.2 46.86 43.14 45.04 75.93 54.12 0.0 43.83 59.91 33.24 42.44 
75.89 76.49 12.53 74.01 63.25 93.26 102.86 32.06 34.01 97.27 94.73 93.38 52.35 62.64 76.06 18.38 111.83 31.05 31.4 61.98 78.31 91.83 99.36 65.01 44.1 72.45 68.01 4.12 104.04 51.2 62.29 90.74 84.05 55.01 103.48 45.69 24.19 32.14 62.29 64.56 72.8 95.21 102.59 92.0 49.68 84.6 13.0 85.15 70.01 34.83 74.33 72.95 36.35 20.22 51.43 12.53 86.68 79.65 91.18 92.36 43.83 0.0 102.16 63.07 60.83 
76.97 38.6 94.89 99.02 59.23 33.02 6.32 96.33 71.56 15.0 58.01 35.38 88.81 78.59 63.98 96.8 25.18 80.0 99.41 60.75 36.67 48.92 46.86 48.6 70.06 77.62 56.04 99.72 21.93 52.7 46.69 18.79 54.38 47.43 32.25 56.46 116.21 120.8 56.04 38.83 64.62 23.35 35.51 40.05 62.03 57.14 102.88 46.32 44.91 98.35 46.49 33.0 89.09 99.04 50.92 101.71 30.89 63.53 73.55 56.73 59.91 102.16 0.0 69.12 60.46 
15.3 30.59 65.0 31.06 10.3 82.8 65.92 38.29 56.44 74.25 99.9 41.59 21.59 9.49 13.45 71.39 64.5 65.07 41.23 76.03 71.42 33.54 41.59 67.68 20.22 96.77 13.15 59.03 58.08 51.43 61.85 50.8 24.19 38.83 52.17 41.79 86.38 93.92 72.07 52.4 88.19 50.01 49.73 86.45 19.65 23.6 55.22 29.12 24.35 84.15 23.09 38.01 30.41 47.63 38.95 71.17 40.05 17.03 107.07 31.24 33.24 63.07 69.12 0.0 74.69 
89.55 61.07 49.16 102.65 66.48 37.12 64.5 74.89 28.23 48.8 33.96 74.43 82.22 81.63 80.65 47.1 81.15 30.07 76.85 1.41 24.76 82.05 86.09 12.08 59.2 22.56 68.01 60.64 74.33 23.26 16.12 60.44 79.91 36.69 80.05 33.29 64.54 66.73 4.47 28.07 14.14 68.15 81.39 33.53 55.57 82.2 68.62 75.17 59.84 41.63 65.76 50.01 71.7 69.78 35.85 54.01 65.38 82.97 33.97 87.46 42.44 60.83 60.46 74.69 0.0 
