35
0.0 1.41 31.3 6.4 15.52 25.3 26.31 5.83 23.41 21.93 25.5 10.82 9.0 16.03 2.24 17.0 14.14 14.21 11.7 17.89 14.32 22.56 30.41 13.0 31.3 19.42 25.55 7.07 12.65 8.94 29.41 27.46 7.07 3.16 6.08 
1.41 0.0 31.78 7.81 16.28 26.57 27.46 4.47 24.7 21.93 26.31 10.63 10.05 17.0 1.0 15.65 13.34 15.62 10.44 19.24 13.89 23.77 30.87 12.53 32.65 20.81 26.93 6.32 12.08 10.3 29.68 28.84 8.0 4.0 5.0 
31.3 31.78 0.0 30.61 43.19 42.94 18.11 34.79 22.8 13.15 9.49 42.06 23.6 17.69 31.38 36.01 26.0 28.6 32.14 25.06 22.02 19.92 1.0 23.09 28.0 34.48 39.0 38.08 24.08 32.56 5.0 29.43 24.7 28.18 36.4 
6.4 7.81 30.61 0.0 12.81 19.42 22.02 12.04 18.25 23.71 23.26 13.04 7.07 13.42 8.6 23.32 19.1 8.06 17.89 12.37 18.11 18.0 29.83 17.03 25.63 13.04 19.24 11.7 17.0 3.0 29.73 21.47 6.71 6.08 11.66 
15.52 16.28 43.19 12.81 0.0 15.0 31.95 18.03 26.93 36.36 35.23 10.3 19.85 25.61 17.26 30.27 29.61 16.16 26.0 21.19 29.73 27.86 42.45 28.46 32.02 15.03 18.38 14.32 28.16 10.63 42.52 27.0 19.42 17.46 16.12 
25.3 26.57 42.94 19.42 15.0 0.0 26.91 29.97 21.26 40.61 33.62 24.76 24.02 26.25 27.51 42.15 38.47 15.3 37.0 17.89 37.05 23.6 42.49 36.12 22.36 8.54 5.39 27.46 36.22 16.49 44.01 17.49 25.02 25.5 28.65 
26.31 27.46 18.11 22.02 31.95 26.91 0.0 31.78 5.66 22.83 9.06 35.06 17.46 11.18 27.66 38.95 30.0 15.81 33.54 10.77 26.25 4.12 18.03 26.4 10.2 19.21 22.2 33.14 27.2 22.36 21.1 11.4 19.65 23.54 32.39 
5.83 4.47 34.79 12.04 18.03 29.97 31.78 0.0 29.15 23.85 30.07 9.85 14.32 21.1 4.12 12.37 13.04 20.0 8.06 23.71 14.87 28.16 33.84 13.45 37.12 24.84 30.81 4.47 12.73 14.21 32.2 33.29 12.17 8.25 2.24 
23.41 24.7 22.8 18.25 26.93 21.26 5.66 29.15 0.0 25.0 13.34 31.06 15.26 10.82 25.08 37.8 29.73 11.05 32.2 6.0 26.4 3.0 22.56 26.25 8.49 13.6 16.64 29.83 26.91 18.0 25.08 7.07 17.49 21.02 29.41 
21.93 21.93 13.15 23.71 36.36 40.61 22.83 23.85 25.0 0.0 14.87 32.56 17.09 15.03 21.26 23.02 13.15 25.32 19.65 24.02 9.49 22.14 12.17 10.77 32.7 32.25 38.05 27.8 11.7 26.4 9.06 32.02 17.0 19.21 25.81 
25.5 26.31 9.49 23.26 35.23 33.62 9.06 30.07 13.34 14.87 0.0 35.74 16.76 9.85 26.17 34.48 24.7 19.8 29.61 15.81 20.62 10.44 9.22 21.19 19.24 25.24 29.55 32.56 22.14 24.7 12.04 20.1 18.44 22.36 31.26 
10.82 10.63 42.06 13.04 10.3 24.76 35.06 9.85 31.06 32.56 35.74 0.0 18.97 25.96 11.31 21.02 22.83 20.22 17.72 25.08 24.21 31.02 41.18 22.8 37.85 22.36 27.2 5.39 22.2 13.15 40.22 33.24 17.46 13.89 7.62 
9.0 10.05 23.6 7.07 19.85 24.02 17.46 14.32 15.26 17.09 16.76 18.97 0.0 7.07 10.2 22.67 15.65 9.22 17.03 10.63 13.34 13.93 22.8 12.65 23.6 16.12 22.36 16.03 13.0 9.43 22.67 20.52 2.24 6.08 15.03 
16.03 17.0 17.69 13.42 25.61 26.25 11.18 21.1 10.82 15.03 9.85 25.96 7.07 0.0 17.03 27.78 19.1 11.18 22.36 9.0 15.62 8.49 17.03 15.56 19.21 17.72 23.19 23.09 16.28 15.0 17.89 17.46 9.0 13.0 22.0 
2.24 1.0 31.38 8.6 17.26 27.51 27.66 4.12 25.08 21.26 26.17 11.31 10.2 17.03 0.0 14.76 12.37 16.28 9.49 19.72 13.04 24.04 30.46 11.66 33.12 21.63 27.78 6.71 11.18 11.18 29.15 29.41 8.06 4.12 5.1 
17.0 15.65 36.01 23.32 30.27 42.15 38.95 12.37 37.8 23.02 34.48 21.02 22.67 27.78 14.76 0.0 10.05 30.61 5.66 33.24 14.14 36.06 35.01 13.34 46.23 36.36 42.54 16.03 12.37 25.94 32.06 43.14 20.52 17.8 14.14 
14.14 13.34 26.0 19.1 29.61 38.47 30.0 13.04 29.73 13.15 24.7 22.83 15.65 19.1 12.37 10.05 0.0 24.7 6.71 26.08 4.12 27.59 25.0 3.61 38.21 31.32 37.64 17.49 2.83 22.09 22.2 35.81 13.93 13.04 15.26 
14.21 15.62 28.6 8.06 16.16 15.3 15.81 20.0 11.05 25.32 19.8 20.22 9.22 11.18 16.28 30.61 24.7 0.0 25.0 5.1 22.56 11.7 28.02 21.84 17.72 7.0 13.15 19.7 22.14 7.07 29.07 13.42 10.77 12.81 19.72 
11.7 10.44 32.14 17.89 26.0 37.0 33.54 8.06 32.2 19.65 29.61 17.72 17.03 22.36 9.49 5.66 6.71 25.0 0.0 27.59 10.2 30.53 31.14 9.06 40.61 30.89 37.12 12.37 8.06 20.62 28.64 37.48 14.87 12.21 10.2 
17.89 19.24 25.06 12.37 21.19 17.89 10.77 23.71 6.0 24.02 15.81 25.08 10.63 9.0 19.72 33.24 26.08 5.1 27.59 0.0 23.26 6.71 24.6 22.83 13.42 9.43 14.32 24.04 23.32 12.0 26.25 9.9 12.73 15.81 23.77 
14.32 13.89 22.02 18.11 29.73 37.05 26.25 14.87 26.4 9.49 20.62 24.21 13.34 15.62 13.04 14.14 4.12 22.56 10.2 23.26 0.0 24.08 21.02 1.41 34.83 29.43 35.69 19.1 2.24 21.1 18.44 32.76 12.04 12.37 16.97 
22.56 23.77 19.92 18.0 27.86 23.6 4.12 28.16 3.0 22.14 10.44 31.02 13.93 8.49 24.04 36.06 27.59 11.7 30.53 6.71 24.08 0.0 19.65 24.04 10.82 15.56 19.24 29.27 24.76 18.25 22.09 10.05 16.16 19.92 28.64 
30.41 30.87 1.0 29.83 42.45 42.49 18.03 33.84 22.56 12.17 9.22 41.18 22.8 17.03 30.46 35.01 25.0 28.02 31.14 24.6 21.02 19.65 0.0 22.09 28.02 34.0 38.63 37.16 23.09 31.83 4.24 29.27 23.85 27.29 35.47 
13.0 12.53 23.09 17.03 28.46 36.12 26.4 13.45 26.25 10.77 21.19 22.8 12.65 15.56 11.66 13.34 3.61 21.84 9.06 22.83 1.41 24.04 22.09 0.0 34.71 28.64 34.93 17.69 1.0 20.02 19.65 32.45 11.18 11.18 15.56 
31.3 32.65 28.0 25.63 32.02 22.36 10.2 37.12 8.49 32.7 19.24 37.85 23.6 19.21 33.12 46.23 38.21 17.72 40.61 13.42 34.83 10.82 28.02 34.71 0.0 17.12 17.0 37.34 35.38 24.74 31.26 5.1 25.81 29.15 37.16 
19.42 20.81 34.48 13.04 15.03 8.54 19.21 24.84 13.6 32.25 25.24 22.36 16.12 17.72 21.63 36.36 31.32 7.0 30.89 9.43 29.43 15.56 34.0 28.64 17.12 0.0 6.32 23.43 28.86 10.63 35.47 12.04 17.46 18.79 24.04 
25.55 26.93 39.0 19.24 18.38 5.39 22.2 30.81 16.64 38.05 29.55 27.2 22.36 23.19 27.78 42.54 37.64 13.15 37.12 14.32 35.69 19.24 38.63 34.93 17.0 6.32 0.0 29.0 35.17 16.64 40.52 12.21 23.77 25.08 29.83 
7.07 6.32 38.08 11.7 14.32 27.46 33.14 4.47 29.83 27.8 32.56 5.39 16.03 23.09 6.71 16.03 17.49 19.7 12.37 24.04 19.1 29.27 37.16 17.69 37.34 23.43 29.0 0.0 17.03 13.04 35.85 33.11 14.14 10.2 2.24 
12.65 12.08 24.08 17.0 28.16 36.22 27.2 12.73 26.91 11.7 22.14 22.2 13.0 16.28 11.18 12.37 2.83 22.14 8.06 23.32 2.24 24.76 23.09 1.0 35.38 28.86 35.17 17.03 0.0 20.0 20.62 33.02 11.4 11.05 14.87 
8.94 10.3 32.56 3.0 10.63 16.49 22.36 14.21 18.0 26.4 24.7 13.15 9.43 15.0 11.18 25.94 22.09 7.07 20.62 12.0 21.1 18.25 31.83 20.02 24.74 10.63 16.64 13.04 20.0 0.0 32.02 20.25 9.49 9.06 13.45 
29.41 29.68 5.0 29.73 42.52 44.01 21.1 32.2 25.08 9.06 12.04 40.22 22.67 17.89 29.15 32.06 22.2 29.07 28.64 26.25 18.44 22.09 4.24 19.65 31.26 35.47 40.52 35.85 20.62 32.02 0.0 32.02 23.35 26.4 34.0 
27.46 28.84 29.43 21.47 27.0 17.49 11.4 33.29 7.07 32.02 20.1 33.24 20.52 17.46 29.41 43.14 35.81 13.42 37.48 9.9 32.76 10.05 29.27 32.45 5.1 12.04 12.21 33.11 33.02 20.25 32.02 0.0 22.63 25.61 33.12 
7.07 8.0 24.7 6.71 19.42 25.02 19.65 12.17 17.49 17.0 18.44 17.46 2.24 9.0 8.06 20.52 13.93 10.77 14.87 12.73 12.04 16.16 23.85 11.18 25.81 17.46 23.77 14.14 11.4 9.49 23.35 22.63 0.0 4.0 13.0 
3.16 4.0 28.18 6.08 17.46 25.5 23.54 8.25 21.02 19.21 22.36 13.89 6.08 13.0 4.12 17.8 13.04 12.81 12.21 15.81 12.37 19.92 27.29 11.18 29.15 18.79 25.08 10.2 11.05 9.06 26.4 25.61 4.0 0.0 9.0 
6.08 5.0 36.4 11.66 16.12 28.65 32.39 2.24 29.41 25.81 31.26 7.62 15.03 22.0 5.1 14.14 15.26 19.72 10.2 23.77 16.97 28.64 35.47 15.56 37.16 24.04 29.83 2.24 14.87 13.45 34.0 33.12 13.0 9.0 0.0 
