45
0.0 23.32 25.55 12.04 19.03 40.31 30.02 17.46 35.01 36.01 35.17 38.05 21.19 17.03 12.17 46.27 46.84 12.81 13.42 7.07 11.05 45.35 12.37 26.02 21.1 5.39 8.25 15.65 7.21 1.0 1.0 44.18 4.0 13.93 41.98 7.81 40.26 16.12 20.62 19.1 8.25 13.0 25.3 17.09 22.36 
23.32 0.0 2.24 34.54 13.04 21.19 14.87 36.35 18.6 20.62 14.32 22.8 40.31 39.22 34.93 26.93 25.02 30.27 10.0 16.55 15.81 24.02 17.0 14.32 42.2 19.31 15.62 7.81 16.12 23.85 24.19 25.3 21.54 9.9 21.21 15.65 19.1 14.56 36.01 33.06 31.3 25.0 5.66 36.5 8.25 
25.55 2.24 0.0 36.77 14.32 19.7 14.42 38.47 17.69 19.8 12.65 21.93 42.43 41.44 37.16 25.3 23.0 32.39 12.21 18.79 17.8 22.09 19.03 14.56 44.38 21.54 17.8 10.0 18.36 26.08 26.42 23.77 23.77 12.04 19.42 17.89 17.26 16.16 38.0 35.01 33.54 27.02 5.39 38.64 9.0 
12.04 34.54 36.77 0.0 31.0 52.35 42.05 8.94 47.04 48.0 47.07 50.01 11.31 5.0 1.0 58.31 58.69 9.22 25.0 18.03 23.0 57.27 19.85 38.0 9.49 15.23 20.22 27.2 18.68 12.0 11.05 56.22 13.0 25.71 53.94 18.97 52.17 28.02 14.56 15.03 4.12 14.76 37.11 8.06 34.37 
19.03 13.04 14.32 31.0 0.0 21.84 11.18 35.9 16.12 17.0 18.03 19.03 39.81 36.0 31.02 27.66 29.53 30.36 9.9 15.23 8.0 27.73 20.62 7.0 40.11 18.03 11.4 9.43 13.93 19.0 20.02 25.5 19.65 8.49 24.17 14.32 22.83 3.16 37.7 35.34 27.02 27.29 10.3 35.69 5.83 
40.31 21.19 19.7 52.35 21.84 0.0 10.77 56.04 6.4 7.21 7.21 7.28 60.03 57.31 52.47 6.0 9.43 50.09 28.02 35.0 29.61 7.21 37.66 15.23 61.07 38.0 32.14 26.08 34.01 40.45 41.3 4.12 40.01 27.0 4.12 34.0 5.1 25.0 56.57 53.76 48.51 45.54 16.28 56.01 18.03 
30.02 14.87 14.42 42.05 11.18 10.77 0.0 46.39 5.0 6.32 8.94 8.54 50.36 47.04 42.11 16.49 19.21 40.61 18.68 25.32 19.1 17.2 29.15 4.47 51.01 28.28 22.02 17.09 24.19 30.07 31.02 14.32 30.15 17.46 13.6 24.33 12.73 14.32 47.54 44.92 38.12 36.69 9.22 46.27 8.54 
17.46 36.35 38.47 8.94 35.9 56.04 46.39 0.0 51.35 52.61 50.04 54.74 4.0 8.06 9.85 62.03 61.29 6.08 28.02 21.1 28.16 60.13 19.65 42.76 7.07 18.11 24.52 30.0 22.2 17.89 16.55 60.07 16.28 29.07 57.04 22.09 55.08 33.24 6.0 7.62 12.04 12.08 40.01 1.0 38.12 
35.01 18.6 17.69 47.04 16.12 6.4 5.0 51.35 0.0 2.24 8.06 4.24 55.33 52.04 47.1 11.7 15.62 45.54 23.54 30.27 24.08 13.45 33.84 9.22 56.01 33.24 27.02 21.84 29.15 35.06 36.01 9.49 35.13 22.36 10.0 29.27 9.85 19.24 52.39 49.73 43.1 41.48 13.04 51.24 13.34 
36.01 20.62 19.8 48.0 17.0 7.21 6.32 52.61 2.24 0.0 10.2 2.24 56.57 53.0 48.01 11.66 16.64 46.87 25.0 31.58 25.0 14.42 35.47 10.0 57.08 34.53 28.16 23.41 30.41 36.0 37.01 9.43 36.35 23.77 11.18 30.59 11.4 20.02 53.85 51.24 44.01 43.01 15.0 52.47 14.87 
35.17 14.32 12.65 47.07 18.03 7.21 8.94 50.04 8.06 10.2 0.0 11.7 54.04 51.97 47.3 12.65 11.7 44.01 22.2 29.27 25.08 10.2 31.14 12.81 55.44 32.25 26.93 20.1 28.44 35.44 36.14 11.18 34.37 21.38 7.0 28.28 5.1 21.1 50.16 47.27 43.42 39.12 10.05 50.09 13.0 
38.05 22.8 21.93 50.01 19.03 7.28 8.54 54.74 4.24 2.24 11.7 0.0 58.69 55.01 50.0 10.63 16.55 49.03 27.2 33.73 27.02 14.32 37.7 12.04 59.14 36.67 30.27 25.63 32.56 38.01 39.05 8.49 38.47 25.96 11.4 32.76 12.04 22.0 56.04 53.45 46.0 45.22 17.2 54.59 17.09 
21.19 40.31 42.43 11.31 39.81 60.03 50.36 4.0 55.33 56.57 54.04 58.69 0.0 8.54 12.04 66.03 65.28 10.05 32.02 25.08 32.02 64.12 23.54 46.69 5.1 22.09 28.44 34.0 26.17 21.54 20.25 64.07 20.22 33.06 61.03 26.08 59.08 37.11 7.21 9.9 15.0 15.81 44.01 4.12 42.11 
17.03 39.22 41.44 5.0 36.0 57.31 47.04 8.06 52.04 53.0 51.97 55.01 8.54 0.0 5.1 63.29 63.56 11.4 29.83 22.8 28.0 62.17 23.85 43.0 5.0 19.92 25.18 32.02 23.54 17.0 16.03 61.2 17.72 30.59 58.86 23.77 57.07 33.02 14.04 15.52 9.06 17.69 41.98 7.07 39.32 
12.17 34.93 37.16 1.0 31.02 52.47 42.11 9.85 47.1 48.01 47.3 50.0 12.04 5.1 0.0 58.42 58.94 10.2 25.3 18.38 23.02 57.49 20.52 38.01 9.85 15.65 20.4 27.51 18.97 12.04 11.18 56.32 13.42 25.96 54.13 19.31 52.39 28.0 15.52 16.03 4.0 15.65 37.36 8.94 34.53 
46.27 26.93 25.3 58.31 27.66 6.0 16.49 62.03 11.7 11.66 12.65 10.63 66.03 63.29 58.42 0.0 8.06 56.08 34.01 41.0 35.51 6.32 43.57 20.88 67.07 44.0 38.12 32.06 40.01 46.39 47.27 2.24 46.01 33.0 6.4 40.0 8.6 30.81 62.51 59.68 54.45 51.48 22.2 62.01 24.02 
46.84 25.02 23.0 58.69 29.53 9.43 19.21 61.29 15.62 16.64 11.7 16.55 65.28 63.56 58.94 8.06 0.0 55.23 33.73 40.79 36.77 2.24 42.01 23.6 66.91 43.74 38.6 31.58 40.02 47.13 47.8 9.06 45.89 32.98 5.66 39.81 6.71 32.65 61.0 58.01 55.08 50.01 21.59 61.4 24.7 
12.81 30.27 32.39 9.22 30.36 50.09 40.61 6.08 45.54 46.87 44.01 49.03 10.05 11.4 10.2 56.08 55.23 0.0 22.09 15.3 22.85 54.08 13.6 37.11 12.53 12.37 18.97 24.02 16.49 13.45 12.04 54.15 10.77 23.19 51.01 16.28 49.04 27.86 7.81 6.71 10.2 6.4 34.0 6.32 32.25 
13.42 10.0 12.21 25.0 9.9 28.02 18.68 28.02 23.54 25.0 22.2 27.2 32.02 29.83 25.3 34.01 33.73 22.09 0.0 7.07 7.07 32.39 10.82 15.65 33.24 10.05 5.66 2.24 6.32 13.89 14.32 32.06 12.17 1.41 29.15 6.08 27.29 8.94 28.86 26.25 21.54 18.03 12.17 28.0 10.2 
7.07 16.55 18.79 18.03 15.23 35.0 25.32 21.1 30.27 31.58 29.27 33.73 25.08 22.8 18.38 41.0 40.79 15.3 7.07 0.0 8.49 39.46 7.28 21.84 26.17 3.0 4.24 9.22 1.41 7.81 7.81 39.01 5.1 8.0 36.22 1.0 34.37 13.04 22.47 20.12 14.76 12.21 19.24 21.02 17.03 
11.05 15.81 17.8 23.0 8.0 29.61 19.1 28.16 24.08 25.0 25.08 27.02 32.02 28.0 23.02 35.51 36.77 22.85 7.07 8.49 0.0 35.11 15.26 15.0 32.14 10.82 4.24 8.54 7.07 11.0 12.04 33.38 12.08 6.32 31.62 7.81 30.08 5.1 30.41 28.3 19.03 20.62 15.81 27.89 12.08 
45.35 24.02 22.09 57.27 27.73 7.21 17.2 60.13 13.45 14.42 10.2 14.32 64.12 62.17 57.49 6.32 2.24 54.08 32.39 39.46 35.11 0.0 41.01 21.63 65.62 42.43 37.11 30.27 38.64 45.61 46.32 7.0 44.55 31.58 3.61 38.47 5.1 30.87 60.03 57.08 53.6 49.01 20.22 60.21 23.09 
12.37 17.0 19.03 19.85 20.62 37.66 29.15 19.65 33.84 35.47 31.14 37.7 23.54 23.85 20.52 43.57 42.01 13.6 10.82 7.28 15.26 41.01 0.0 26.42 26.0 7.07 11.18 12.08 8.54 13.34 12.65 41.77 8.54 12.21 38.12 7.62 36.06 19.1 19.03 16.12 17.8 8.0 21.38 19.92 20.62 
26.02 14.32 14.56 38.0 7.0 15.23 4.47 42.76 9.22 10.0 12.81 12.04 46.69 43.0 38.01 20.88 23.6 37.11 15.65 21.84 15.0 21.63 26.42 0.0 47.1 24.74 18.25 14.42 20.62 26.0 27.02 18.68 26.48 14.32 18.03 20.88 17.03 10.05 44.27 41.79 34.01 33.62 9.22 42.58 6.4 
21.1 42.2 44.38 9.49 40.11 61.07 51.01 7.07 56.01 57.08 55.44 59.14 5.1 5.0 9.85 67.07 66.91 12.53 33.24 26.17 32.14 65.62 26.0 47.1 0.0 23.19 29.0 35.36 27.07 21.21 20.1 65.03 21.1 34.13 62.39 27.17 60.53 37.22 12.08 14.42 13.6 18.87 45.4 6.4 43.05 
5.39 19.31 21.54 15.23 18.03 38.0 28.28 18.11 33.24 34.53 32.25 36.67 22.09 19.92 15.65 44.0 43.74 12.37 10.05 3.0 10.82 42.43 7.07 24.74 23.19 0.0 6.71 12.17 4.12 6.32 5.83 42.01 2.24 11.0 39.2 4.0 37.34 15.65 19.7 17.49 12.21 9.9 22.2 18.03 20.02 
8.25 15.62 17.8 20.22 11.4 32.14 22.02 24.52 27.02 28.16 26.93 30.27 28.44 25.18 20.4 38.12 38.6 18.97 5.66 4.24 4.24 37.11 11.18 18.25 29.0 6.71 0.0 7.81 2.83 8.54 9.22 36.06 8.25 5.83 33.73 3.61 32.02 8.94 26.4 24.19 16.49 16.4 17.09 24.33 14.14 
15.65 7.81 10.0 27.2 9.43 26.08 17.09 30.0 21.84 23.41 20.1 25.63 34.0 32.02 27.51 32.06 31.58 24.02 2.24 9.22 8.54 30.27 12.08 14.42 35.36 12.17 7.81 0.0 8.54 16.12 16.55 30.15 14.32 2.24 27.07 8.25 25.18 9.22 30.59 27.89 23.77 19.65 10.05 30.02 8.54 
7.21 16.12 18.36 18.68 13.93 34.01 24.19 22.2 29.15 30.41 28.44 32.56 26.17 23.54 18.97 40.01 40.02 16.49 6.32 1.41 7.07 38.64 8.54 20.62 27.07 4.12 2.83 8.54 0.0 7.81 8.06 38.0 6.0 7.07 35.36 1.0 33.54 11.66 23.77 21.47 15.23 13.6 18.44 22.09 16.0 
1.0 23.85 26.08 12.0 19.0 40.45 30.07 17.89 35.06 36.0 35.44 38.01 21.54 17.0 12.04 46.39 47.13 13.45 13.89 7.81 11.0 45.61 13.34 26.0 21.21 6.32 8.54 16.12 7.81 0.0 1.41 44.28 5.0 14.32 42.2 8.49 40.52 16.03 21.26 19.85 8.06 13.93 25.63 17.46 22.56 
1.0 24.19 26.42 11.05 20.02 41.3 31.02 16.55 36.01 37.01 36.14 39.05 20.25 16.03 11.18 47.27 47.8 12.04 14.32 7.81 12.04 46.32 12.65 27.02 20.1 5.83 9.22 16.55 8.06 1.41 0.0 45.18 4.12 14.87 42.95 8.6 41.23 17.12 19.85 18.44 7.28 12.65 26.25 16.16 23.35 
44.18 25.3 23.77 56.22 25.5 4.12 14.32 60.07 9.49 9.43 11.18 8.49 64.07 61.2 56.32 2.24 9.06 54.15 32.06 39.01 33.38 7.0 41.77 18.68 65.03 42.01 36.06 30.15 38.0 44.28 45.18 0.0 44.0 31.02 5.83 38.01 7.81 28.64 60.67 57.87 52.35 49.65 20.4 60.03 22.0 
4.0 21.54 23.77 13.0 19.65 40.01 30.15 16.28 35.13 36.35 34.37 38.47 20.22 17.72 13.42 46.01 45.89 10.77 12.17 5.1 12.08 44.55 8.54 26.48 21.1 2.24 8.25 14.32 6.0 5.0 4.12 44.0 0.0 13.04 41.3 6.08 39.46 17.09 18.36 16.4 10.0 9.43 24.33 16.12 22.0 
13.93 9.9 12.04 25.71 8.49 27.0 17.46 29.07 22.36 23.77 21.38 25.96 33.06 30.59 25.96 33.0 32.98 23.19 1.41 8.0 6.32 31.58 12.21 14.32 34.13 11.0 5.83 2.24 7.07 14.32 14.87 31.02 13.04 0.0 28.28 7.0 26.48 7.62 30.08 27.51 22.14 19.31 11.4 29.02 9.06 
41.98 21.21 19.42 53.94 24.17 4.12 13.6 57.04 10.0 11.18 7.0 11.4 61.03 58.86 54.13 6.4 5.66 51.01 29.15 36.22 31.62 3.61 38.12 18.03 62.39 39.2 33.73 27.07 35.36 42.2 42.95 5.83 41.3 28.28 0.0 35.23 2.24 27.31 57.14 54.23 50.22 46.1 17.03 57.08 19.65 
7.81 15.65 17.89 18.97 14.32 34.0 24.33 22.09 29.27 30.59 28.28 32.76 26.08 23.77 19.31 40.0 39.81 16.28 6.08 1.0 7.81 38.47 7.62 20.88 27.17 4.0 3.61 8.25 1.0 8.49 8.6 38.01 6.08 7.0 35.23 0.0 33.38 12.21 23.41 21.02 15.65 13.04 18.25 22.02 16.03 
40.26 19.1 17.26 52.17 22.83 5.1 12.73 55.08 9.85 11.4 5.1 12.04 59.08 57.07 52.39 8.6 6.71 49.04 27.29 34.37 30.08 5.1 36.06 17.03 60.53 37.34 32.02 25.18 33.54 40.52 41.23 7.81 39.46 26.48 2.24 33.38 0.0 25.94 55.08 52.15 48.51 44.05 15.13 55.15 18.03 
16.12 14.56 16.16 28.02 3.16 25.0 14.32 33.24 19.24 20.02 21.1 22.0 37.11 33.02 28.0 30.81 32.65 27.86 8.94 13.04 5.1 30.87 19.1 10.05 37.22 15.65 8.94 9.22 11.66 16.03 17.12 28.64 17.09 7.62 27.31 12.21 25.94 0.0 35.34 33.12 24.0 25.24 12.81 32.98 8.49 
20.62 36.01 38.0 14.56 37.7 56.57 47.54 6.0 52.39 53.85 50.16 56.04 7.21 14.04 15.52 62.51 61.0 7.81 28.86 22.47 30.41 60.03 19.03 44.27 12.08 19.7 26.4 30.59 23.77 21.26 19.85 60.67 18.36 30.08 57.14 23.41 55.08 35.34 0.0 3.16 17.0 11.05 40.31 7.0 39.05 
19.1 33.06 35.01 15.03 35.34 53.76 44.92 7.62 49.73 51.24 47.27 53.45 9.9 15.52 16.03 59.68 58.01 6.71 26.25 20.12 28.3 57.08 16.12 41.79 14.42 17.49 24.19 27.89 21.47 19.85 18.44 57.87 16.4 27.51 54.23 21.02 52.15 33.12 3.16 0.0 16.76 8.25 37.48 8.54 36.4 
8.25 31.3 33.54 4.12 27.02 48.51 38.12 12.04 43.1 44.01 43.42 46.0 15.0 9.06 4.0 54.45 55.08 10.2 21.54 14.76 19.03 53.6 17.8 34.01 13.6 12.21 16.49 23.77 15.23 8.06 7.28 52.35 10.0 22.14 50.22 15.65 48.51 24.0 17.0 16.76 0.0 14.32 33.53 11.31 30.59 
13.0 25.0 27.02 14.76 27.29 45.54 36.69 12.08 41.48 43.01 39.12 45.22 15.81 17.69 15.65 51.48 50.01 6.4 18.03 12.21 20.62 49.01 8.0 33.62 18.87 9.9 16.4 19.65 13.6 13.93 12.65 49.65 9.43 19.31 46.1 13.04 44.05 25.24 11.05 8.25 14.32 0.0 29.27 12.53 28.16 
25.3 5.66 5.39 37.11 10.3 16.28 9.22 40.01 13.04 15.0 10.05 17.2 44.01 41.98 37.36 22.2 21.59 34.0 12.17 19.24 15.81 20.22 21.38 9.22 45.4 22.2 17.09 10.05 18.44 25.63 26.25 20.4 24.33 11.4 17.03 18.25 15.13 12.81 40.31 37.48 33.53 29.27 0.0 40.05 4.47 
17.09 36.5 38.64 8.06 35.69 56.01 46.27 1.0 51.24 52.47 50.09 54.59 4.12 7.07 8.94 62.01 61.4 6.32 28.0 21.02 27.89 60.21 19.92 42.58 6.4 18.03 24.33 30.02 22.09 17.46 16.16 60.03 16.12 29.02 57.08 22.02 55.15 32.98 7.0 8.54 11.31 12.53 40.05 0.0 38.05 
22.36 8.25 9.0 34.37 5.83 18.03 8.54 38.12 13.34 14.87 13.0 17.09 42.11 39.32 34.53 24.02 24.7 32.25 10.2 17.03 12.08 23.09 20.62 6.4 43.05 20.02 14.14 8.54 16.0 22.56 23.35 22.0 22.0 9.06 19.65 16.03 18.03 8.49 39.05 36.4 30.59 28.16 4.47 38.05 0.0 
