85
0.0 100.98 102.11 55.44 46.53 33.84 16.0 44.65 43.42 52.47 14.0 25.81 22.67 79.81 89.5 78.24 90.09 46.32 51.55 100.81 59.06 15.26 38.28 85.38 55.23 90.24 63.15 37.16 9.22 38.95 79.91 47.54 80.89 57.28 27.02 102.83 4.12 42.45 70.49 10.0 37.0 18.79 33.24 96.52 93.0 33.06 77.88 71.69 24.19 50.09 23.6 71.81 26.08 52.5 75.71 75.66 80.99 40.45 94.37 26.42 54.13 110.02 21.26 60.21 51.24 41.11 55.44 59.08 58.41 21.02 8.6 17.46 81.88 62.17 47.1 42.72 54.2 54.23 57.27 90.14 36.77 22.67 50.93 14.04 75.54 
100.98 0.0 29.02 49.66 69.12 68.07 100.02 90.7 57.56 114.04 103.85 91.92 85.05 24.04 14.76 69.12 14.14 55.08 132.0 33.02 63.78 92.01 69.46 38.01 68.25 36.06 38.05 97.62 106.23 85.59 33.42 106.51 32.8 79.98 74.53 27.07 101.49 84.06 64.82 110.89 64.54 112.36 98.84 24.33 15.65 68.07 43.01 54.04 104.18 97.8 86.15 30.07 105.85 50.04 39.7 25.32 48.37 63.25 59.2 118.9 63.01 62.01 117.88 48.55 58.67 61.4 86.45 42.45 73.59 119.1 107.38 96.05 32.2 60.14 54.13 73.93 67.01 50.49 44.05 13.45 98.49 119.1 82.62 86.98 25.5 
102.11 29.02 0.0 46.69 60.41 73.74 105.65 79.12 61.68 101.02 101.0 86.21 91.76 43.27 38.63 47.63 21.95 61.74 121.84 4.47 50.7 97.12 65.03 18.68 55.79 13.93 47.43 88.07 109.24 76.3 22.2 94.24 21.21 65.0 75.31 2.24 103.75 73.76 46.53 112.01 65.73 109.02 90.43 7.07 17.0 70.09 26.68 37.34 98.41 84.5 93.41 43.84 99.61 59.68 27.02 36.07 28.18 61.66 32.76 114.28 52.61 33.06 115.0 42.11 52.0 61.19 71.69 45.69 58.87 122.38 109.84 102.14 20.22 46.57 56.92 65.49 55.32 62.43 52.48 22.83 89.05 116.02 69.57 88.46 35.38 
55.44 49.66 46.69 0.0 20.52 29.21 59.62 42.43 17.69 65.8 55.44 42.38 46.65 35.61 42.52 39.05 36.69 20.59 82.49 45.61 21.21 51.08 19.92 30.87 23.41 35.47 20.25 48.26 62.59 36.4 24.52 58.05 25.5 35.85 28.64 47.38 57.07 35.38 30.41 65.38 19.31 63.79 49.24 41.11 38.64 23.77 24.41 23.71 54.71 50.33 48.55 27.46 56.3 23.54 21.02 26.25 29.7 15.03 46.23 69.86 17.09 60.14 69.58 6.4 10.0 14.56 41.18 10.77 30.36 75.71 63.15 56.36 26.48 20.02 12.81 24.84 21.54 28.44 19.03 37.0 49.09 70.71 36.06 41.77 25.61 
46.53 69.12 60.41 20.52 0.0 34.21 55.9 21.93 28.07 45.34 41.77 26.02 46.87 56.08 62.97 32.53 55.47 33.24 63.07 58.08 12.53 48.1 10.3 42.05 9.22 47.04 39.96 28.64 55.23 16.55 39.29 37.64 40.26 18.0 25.24 61.66 49.4 15.0 24.21 55.54 22.36 49.25 30.36 56.29 56.46 25.3 34.01 25.71 38.05 29.83 49.09 47.8 39.2 39.05 33.54 46.69 35.51 16.03 47.85 54.01 8.06 63.56 55.33 20.59 10.63 19.0 21.84 30.81 14.87 67.54 55.07 53.76 41.23 15.81 25.71 5.1 7.81 43.93 37.16 55.95 29.55 56.22 16.16 35.47 46.01 
33.84 68.07 73.74 29.21 34.21 0.0 32.39 48.51 12.08 67.78 40.61 36.24 18.03 46.1 55.9 64.5 58.42 13.0 76.84 73.41 43.83 24.08 24.33 59.68 42.72 64.01 30.02 48.1 38.21 40.45 52.33 60.41 53.23 51.79 13.0 74.0 33.73 42.11 55.57 43.42 12.08 48.83 46.52 67.36 61.98 9.06 53.6 51.74 45.45 56.89 19.7 38.33 47.63 18.68 49.93 43.01 58.8 18.79 74.97 56.4 38.01 89.27 53.34 35.47 31.06 16.64 54.08 28.16 49.04 51.04 39.46 28.64 54.13 44.94 17.0 34.23 40.85 20.59 24.02 58.31 48.47 54.71 48.09 20.59 43.05 
16.0 100.02 105.65 59.62 55.9 32.39 0.0 58.6 44.15 68.36 30.0 39.92 15.03 77.16 87.14 88.41 90.8 45.28 66.94 105.0 68.12 8.54 46.23 90.47 65.07 95.08 62.13 52.2 10.82 51.97 83.82 63.15 84.76 69.4 31.91 106.04 12.04 55.23 80.06 18.87 40.31 33.96 48.51 99.46 94.37 35.85 83.63 79.32 40.11 64.85 14.32 70.0 42.05 50.0 80.62 75.24 87.82 45.65 102.65 41.11 62.63 117.89 34.93 65.31 57.98 45.19 68.6 60.42 69.43 20.25 13.04 4.12 85.7 70.6 48.76 53.08 63.7 50.25 56.14 90.67 51.92 36.25 63.51 20.52 75.33 
44.65 90.7 79.12 42.43 21.93 48.51 58.6 0.0 46.62 23.43 33.97 18.87 54.92 77.9 84.9 39.81 76.85 52.0 42.72 76.16 28.46 52.81 26.4 60.44 23.41 65.25 61.4 10.44 53.82 8.06 59.51 15.81 60.42 16.28 36.06 80.65 48.55 7.21 35.0 50.93 38.9 38.59 14.32 75.96 77.41 39.81 52.5 41.98 25.55 8.54 57.07 69.53 25.5 58.6 53.31 68.62 51.79 34.44 59.3 40.5 27.78 74.81 44.29 42.2 32.56 37.58 11.66 52.5 21.02 63.66 52.8 57.94 61.33 32.57 45.65 17.8 24.17 63.16 57.98 77.39 11.4 44.72 10.0 39.56 67.94 
43.42 57.56 61.68 17.69 28.07 12.08 44.15 46.62 0.0 68.26 47.42 38.9 30.08 37.16 46.49 55.15 47.04 5.39 80.66 61.33 35.17 35.69 20.25 47.71 35.23 51.97 19.92 48.83 49.01 38.91 40.25 60.54 41.15 46.04 17.46 61.98 44.05 39.56 46.24 53.34 8.49 55.95 48.27 55.36 50.36 10.77 41.87 41.05 50.0 55.15 31.78 28.79 52.01 12.21 38.01 32.25 47.38 12.37 63.89 63.06 29.61 77.79 61.1 24.08 21.84 9.22 49.65 16.28 42.11 62.07 50.01 40.52 42.05 35.47 5.0 29.83 33.24 16.55 14.32 47.01 49.41 62.39 43.74 29.43 32.14 
52.47 114.04 101.02 65.8 45.34 67.78 68.36 23.43 68.26 0.0 38.64 32.02 69.46 101.14 108.3 57.43 100.12 73.57 23.19 97.74 51.0 65.01 48.6 82.46 46.14 87.09 84.39 19.7 60.42 29.83 82.37 7.81 83.24 36.06 54.78 102.69 56.57 30.41 55.08 54.71 60.03 38.08 21.59 98.41 100.5 59.93 74.73 63.69 28.28 16.55 71.34 92.7 26.48 80.45 76.06 92.02 73.05 56.61 77.52 35.23 51.04 92.09 41.68 65.6 55.97 59.64 29.41 75.69 42.15 66.31 58.69 69.07 84.12 55.01 68.01 41.01 47.17 84.72 80.6 100.69 19.31 41.34 31.76 53.46 91.35 
14.0 103.85 101.0 55.44 41.77 40.61 30.0 33.97 47.42 38.64 0.0 16.55 34.44 84.58 93.78 71.11 91.78 51.48 38.48 99.13 53.85 28.16 36.01 83.22 49.34 88.2 67.23 25.0 21.84 30.02 79.03 34.18 80.02 48.55 29.97 102.0 18.03 33.62 64.26 17.2 39.56 8.54 20.81 96.08 94.05 36.67 75.33 67.47 10.44 38.01 35.85 76.16 12.17 58.31 74.03 78.75 77.28 40.79 88.87 15.81 49.82 104.68 14.14 59.03 49.01 42.45 45.45 61.4 50.99 29.83 20.25 31.26 81.02 57.49 49.98 37.11 48.76 61.03 61.74 91.98 24.41 15.3 41.88 20.52 78.45 
25.81 91.92 86.21 42.38 26.02 36.24 39.92 18.87 38.9 32.02 16.55 0.0 38.0 74.89 83.35 54.56 79.06 43.86 41.77 84.02 37.66 34.71 22.47 68.01 32.98 73.01 57.43 13.0 35.0 13.6 64.63 25.18 65.62 32.2 23.32 87.37 29.68 17.2 47.76 32.65 30.41 23.35 10.44 81.74 80.78 29.21 60.0 51.48 12.37 25.0 40.01 66.29 13.93 50.93 59.21 67.54 61.4 29.15 72.42 28.07 34.06 88.23 29.43 44.91 34.53 31.62 29.73 50.12 34.44 45.34 34.06 39.56 66.61 41.44 40.0 21.1 32.56 54.67 52.63 79.38 13.04 30.27 25.61 22.02 67.08 
22.67 85.05 91.76 46.65 46.87 18.03 15.03 54.92 30.08 69.46 34.44 38.0 0.0 62.13 72.11 79.03 76.12 30.59 72.92 91.39 58.26 8.06 36.62 77.41 56.04 81.84 47.27 51.0 23.26 47.3 70.26 63.07 71.18 62.65 21.63 92.03 20.62 50.0 70.29 30.23 27.8 41.05 48.09 85.38 79.83 23.43 71.02 68.01 42.72 62.39 2.24 55.01 44.92 35.01 67.6 60.41 75.8 33.97 91.44 48.83 52.5 106.21 43.93 52.7 46.69 32.8 63.25 46.17 61.4 34.93 25.06 11.0 72.09 60.14 34.93 45.18 54.41 35.23 41.3 75.95 51.01 45.34 57.58 16.03 60.53 
79.81 24.04 43.27 35.61 56.08 46.1 77.16 77.9 37.16 101.14 84.58 74.89 62.13 0.0 10.0 67.27 21.4 33.53 116.4 45.65 55.01 69.46 53.26 41.44 58.31 42.45 17.49 82.88 84.17 71.42 33.06 93.35 33.14 70.83 54.63 42.2 79.83 70.77 60.44 89.5 45.18 93.11 83.24 36.36 26.4 47.93 42.05 50.22 86.61 85.91 63.03 8.6 88.51 27.46 37.12 11.18 49.01 45.8 64.38 100.18 52.15 72.42 98.23 37.59 45.61 43.27 76.55 25.46 64.88 96.75 85.51 73.11 33.24 52.39 34.99 60.14 56.6 27.0 22.85 20.62 83.63 99.54 71.61 66.1 12.17 
89.5 14.76 38.63 42.52 62.97 55.9 87.14 84.9 46.49 108.3 93.78 83.35 72.11 10.0 0.0 69.89 17.26 43.17 124.54 41.76 60.22 79.4 61.29 41.19 64.03 41.01 26.57 90.6 94.05 78.87 33.96 100.57 33.73 76.4 63.91 37.16 89.63 77.9 63.98 99.25 54.23 102.32 91.26 32.28 21.84 57.25 43.68 53.31 95.29 92.63 73.03 17.72 97.13 37.34 39.22 16.28 50.22 54.2 64.07 109.25 58.14 70.04 107.56 43.28 52.35 51.88 82.46 33.29 70.21 106.68 95.35 83.1 33.54 57.14 43.86 67.36 62.48 37.0 32.28 16.28 91.4 108.85 77.9 75.69 16.97 
78.24 69.12 47.63 39.05 32.53 64.5 88.41 39.81 55.15 57.43 71.11 54.56 79.03 67.27 69.89 0.0 55.47 59.14 80.1 43.6 20.81 80.62 42.52 31.4 23.35 34.66 57.04 50.22 87.2 41.23 36.25 52.01 36.67 23.54 57.49 49.68 81.4 37.7 8.94 86.61 52.48 77.25 53.85 47.42 53.54 56.3 26.4 17.12 64.51 42.0 81.22 61.29 64.85 62.59 30.68 56.09 20.81 45.79 20.1 80.08 26.63 35.13 83.22 33.38 33.54 47.89 29.07 48.26 20.12 99.02 86.84 86.28 37.12 19.7 50.92 35.61 24.76 67.47 57.56 56.36 51.2 83.82 30.08 67.94 55.11 
90.09 14.14 21.95 36.69 55.47 58.42 90.8 76.85 47.04 100.12 91.78 79.06 76.12 21.4 17.26 55.47 0.0 45.54 118.51 24.7 49.68 82.49 56.61 25.0 54.2 24.08 29.12 84.08 96.05 72.01 19.42 92.65 18.87 65.86 63.2 20.81 91.0 70.33 50.8 100.08 53.15 100.22 85.49 15.23 5.0 57.04 29.15 40.0 91.39 83.82 77.47 23.32 92.97 41.76 25.61 16.16 34.93 50.99 47.38 106.48 49.09 52.77 105.91 34.89 45.19 49.5 72.35 31.02 59.46 109.11 97.01 86.98 18.36 46.01 43.01 60.37 53.01 43.46 34.93 1.0 84.97 107.08 68.6 76.06 15.81 
46.32 55.08 61.74 20.59 33.24 13.0 45.28 52.0 5.39 73.57 51.48 43.86 30.59 33.53 43.17 59.14 45.54 0.0 85.56 61.77 39.62 37.05 25.63 49.04 40.05 53.01 17.03 54.08 51.16 44.28 41.05 65.86 41.88 51.16 21.63 61.85 46.53 44.94 50.29 56.09 13.6 59.94 53.41 55.15 49.24 15.0 43.86 44.29 54.67 60.54 32.02 25.5 56.73 7.07 39.62 30.02 49.82 17.72 66.61 67.23 34.23 79.98 64.88 26.93 26.31 14.56 54.92 16.12 47.01 64.03 52.35 41.44 42.72 39.56 8.25 35.17 38.05 11.18 11.05 45.4 54.64 66.21 49.03 32.57 30.07 
51.55 132.0 121.84 82.49 63.07 76.84 66.94 42.72 80.66 23.19 38.48 41.77 72.92 116.4 124.54 80.1 118.51 85.56 0.0 118.85 71.17 66.48 63.25 103.16 66.1 107.97 99.02 34.44 56.89 46.52 101.95 28.16 102.88 57.71 64.44 123.37 55.08 48.47 76.94 49.37 72.18 32.98 33.29 118.6 119.51 70.72 95.21 84.65 31.4 38.21 74.32 107.8 29.21 92.63 95.86 108.45 94.37 70.6 100.18 26.17 70.01 115.0 33.06 83.63 73.36 73.25 51.35 91.26 63.35 58.08 54.74 68.96 103.82 75.29 81.69 58.14 66.73 96.21 94.37 118.96 33.54 32.02 52.39 58.31 107.91 
100.81 33.02 4.47 45.61 58.08 73.41 105.0 76.16 61.33 97.74 99.13 84.02 91.39 45.65 41.76 43.6 24.7 61.77 118.85 0.0 47.85 96.46 63.29 16.03 52.95 11.05 48.27 85.33 108.17 73.68 21.19 91.09 20.25 61.68 74.22 6.71 102.61 71.02 42.95 110.64 64.85 107.02 87.82 9.49 19.92 69.26 24.08 34.21 96.13 81.27 93.11 45.45 97.25 60.22 25.18 37.64 24.7 60.42 28.3 112.07 50.16 29.0 113.04 40.61 50.16 60.17 68.35 45.65 55.66 121.28 108.68 101.59 19.31 43.74 56.46 63.13 52.61 63.25 53.01 25.63 86.31 114.02 66.48 87.32 36.88 
59.06 63.78 50.7 21.21 12.53 43.83 68.12 28.46 35.17 51.0 53.85 37.66 58.26 55.01 60.22 20.81 49.68 39.62 71.17 47.85 0.0 60.14 21.93 32.02 5.1 36.88 41.23 37.48 67.74 26.02 31.38 43.86 32.25 16.28 36.8 52.2 61.91 23.19 12.04 68.03 31.76 61.0 40.11 47.54 49.65 35.51 24.04 14.0 49.16 34.48 60.44 47.54 50.04 44.05 25.06 44.42 24.0 25.06 35.34 65.19 5.83 51.08 67.08 17.46 13.34 27.31 22.67 31.78 10.0 80.06 67.6 65.8 33.12 4.12 31.4 16.76 5.1 49.04 40.2 50.33 38.47 67.9 19.24 47.8 43.57 
15.26 92.01 97.12 51.08 48.1 24.08 8.54 52.81 35.69 65.01 28.16 34.71 8.06 69.46 79.4 80.62 82.49 37.05 66.48 96.46 60.14 0.0 38.21 81.94 57.31 86.54 54.01 47.52 15.23 45.69 75.27 59.14 76.22 62.43 23.6 97.53 12.73 48.75 72.14 22.2 31.78 34.0 44.18 90.96 85.99 27.31 75.13 71.03 37.34 59.67 8.49 62.07 39.46 42.11 72.09 67.07 79.4 37.22 94.4 41.68 54.56 109.55 36.4 56.8 49.65 36.67 62.17 51.97 62.01 27.29 17.0 5.66 77.16 62.48 40.26 45.61 55.87 42.76 48.01 82.39 47.38 37.8 56.82 13.42 67.12 
38.28 69.46 65.03 19.92 10.3 24.33 46.23 26.4 20.25 48.6 36.01 22.47 36.62 53.26 61.29 42.52 56.61 25.63 63.25 63.29 21.93 38.21 0.0 47.52 19.42 52.47 36.07 29.7 46.52 18.87 43.01 40.8 44.01 27.46 15.0 66.0 40.72 19.31 33.94 47.8 13.04 44.18 30.0 60.07 58.46 15.3 39.81 33.54 34.79 34.93 38.83 44.69 36.4 32.2 38.12 45.28 42.72 8.06 56.6 50.01 16.4 72.07 50.09 23.02 13.15 11.18 30.02 28.02 25.08 59.24 46.62 43.86 45.01 24.41 19.42 10.0 17.8 36.77 32.02 56.92 30.41 51.16 24.02 26.08 44.78 
85.38 38.01 18.68 30.87 42.05 59.68 90.47 60.44 47.71 82.46 83.22 68.01 77.41 41.44 41.19 31.4 25.0 49.04 103.16 16.03 32.02 81.94 47.52 0.0 37.11 5.0 38.28 69.43 93.01 57.71 8.94 75.61 8.54 46.52 59.14 20.25 87.36 55.11 28.6 95.13 50.16 91.05 71.85 16.4 22.36 54.63 8.06 18.79 80.1 65.92 79.26 38.28 81.22 48.84 9.85 31.05 10.63 45.22 23.02 96.05 34.13 32.25 97.08 25.3 34.37 45.31 53.23 33.24 40.31 106.04 93.41 87.24 8.25 27.89 42.72 47.1 36.67 52.63 41.87 25.96 70.41 98.05 50.92 72.12 30.08 
55.23 68.25 55.79 23.41 9.22 42.72 65.07 23.41 35.23 46.14 49.34 32.98 56.04 58.31 64.03 23.35 54.2 40.05 66.1 52.95 5.1 57.31 19.42 37.11 0.0 41.98 43.66 32.39 64.07 21.0 36.24 38.91 37.12 12.53 34.41 57.28 58.25 18.11 15.26 63.95 30.68 56.29 35.06 52.55 54.38 34.01 29.12 19.03 44.28 29.68 58.25 50.54 45.1 45.1 29.97 48.01 29.02 24.04 39.56 60.3 6.32 55.36 62.37 20.81 14.14 26.68 18.44 34.18 7.07 76.16 63.81 62.97 38.01 9.22 32.0 12.53 2.0 50.09 41.98 54.82 33.38 63.15 14.42 44.6 47.2 
90.24 36.06 13.93 35.47 47.04 64.01 95.08 65.25 51.97 87.09 88.2 73.01 81.84 42.45 41.01 34.66 24.08 53.01 107.97 11.05 36.88 86.54 52.47 5.0 41.98 0.0 41.23 74.33 97.8 62.65 12.04 80.32 11.31 51.08 63.89 15.65 92.18 60.02 32.76 100.02 54.78 96.05 76.79 12.81 20.62 59.24 13.04 23.41 85.09 70.58 83.65 40.25 86.21 52.35 14.56 32.7 14.42 50.0 23.35 101.04 39.12 30.08 102.08 30.08 39.32 49.98 57.78 37.01 44.94 110.86 98.23 91.79 10.63 32.76 47.01 52.09 41.59 55.9 45.25 25.08 75.31 103.04 55.66 76.92 31.78 
63.15 38.05 47.43 20.25 39.96 30.02 62.13 61.4 19.92 84.39 67.23 57.43 47.27 17.49 26.57 57.04 29.12 17.03 99.02 48.27 41.23 54.01 36.07 38.28 43.66 41.23 0.0 65.76 68.18 54.56 29.41 76.58 30.0 56.08 37.34 47.17 63.51 54.2 49.04 72.99 27.73 75.77 65.95 40.5 33.24 30.68 35.47 40.2 69.12 69.63 48.51 8.94 71.02 12.65 30.46 13.15 42.38 28.43 59.24 82.76 37.34 70.49 80.99 24.19 29.97 25.81 61.27 9.49 50.6 81.06 69.35 58.22 30.61 39.46 17.49 43.6 41.79 15.0 6.0 28.86 66.48 82.28 55.95 49.24 13.34 
37.16 97.62 88.07 48.26 28.64 48.1 52.2 10.44 48.83 19.7 25.0 13.0 51.0 82.88 90.6 50.22 84.08 54.08 34.44 85.33 37.48 47.52 29.7 69.43 32.39 74.33 65.76 0.0 46.07 12.08 67.68 12.37 68.62 26.68 35.11 89.5 41.23 14.32 45.1 42.2 40.5 28.6 4.24 84.48 85.09 40.25 61.39 51.35 15.62 13.04 53.01 74.33 15.26 61.03 61.68 74.4 61.29 37.54 69.58 30.08 35.74 85.16 34.13 49.19 38.95 40.46 21.93 57.49 31.06 54.82 44.78 52.17 69.57 41.59 48.92 23.71 32.76 65.19 61.62 84.53 1.0 34.48 20.22 35.01 73.82 
9.22 106.23 109.24 62.59 55.23 38.21 10.82 53.82 49.01 60.42 21.84 35.0 23.26 84.17 94.05 87.2 96.05 51.16 56.89 108.17 67.74 15.23 46.52 93.01 64.07 97.8 68.18 46.07 0.0 48.17 87.1 55.97 88.07 66.47 33.96 109.84 5.83 51.66 79.32 8.06 43.57 24.08 42.05 103.41 99.25 39.32 85.7 80.06 32.28 59.06 23.32 76.53 33.96 56.72 83.24 81.06 89.16 47.8 102.96 30.81 62.65 118.53 24.35 67.72 59.24 48.05 64.66 65.12 67.48 13.15 2.24 14.14 89.05 70.71 53.15 51.61 62.97 57.72 62.2 96.02 45.62 25.63 60.14 20.88 81.02 
38.95 85.59 76.3 36.4 16.55 40.45 51.97 8.06 38.91 29.83 30.02 13.6 47.3 71.42 78.87 41.23 72.01 44.28 46.52 73.68 26.02 45.69 18.87 57.71 21.0 62.65 54.56 12.08 48.17 0.0 55.66 22.02 56.61 18.6 28.02 77.67 42.64 3.61 34.93 46.23 31.02 36.06 14.14 72.53 73.01 31.78 49.65 40.01 23.54 16.49 49.48 62.94 24.19 51.0 49.73 62.63 50.01 26.93 59.67 39.46 23.77 75.43 42.06 37.12 26.93 30.02 16.64 45.97 21.19 58.9 47.38 50.99 57.57 30.07 38.28 11.66 21.1 55.46 50.8 72.47 13.0 42.72 12.04 32.31 62.01 
79.91 33.42 22.2 24.52 39.29 52.33 83.82 59.51 40.25 82.37 79.03 64.63 70.26 33.06 33.96 36.25 19.42 41.05 101.95 21.19 31.38 75.27 43.01 8.94 36.24 12.04 29.41 67.68 87.1 55.66 0.0 75.13 1.0 47.2 53.15 23.02 81.58 53.49 31.4 89.81 43.68 87.14 69.64 17.12 18.44 48.08 9.85 20.62 76.94 65.86 72.01 29.41 78.26 40.31 6.4 22.36 16.28 39.46 31.4 92.66 31.95 41.18 93.09 20.0 30.15 39.05 53.82 25.0 40.8 100.22 87.66 80.41 2.0 27.46 35.34 44.38 35.34 43.93 33.24 20.25 68.62 94.13 50.61 66.29 21.38 
47.54 106.51 94.24 58.05 37.64 60.41 63.15 15.81 60.54 7.81 34.18 25.18 63.07 93.35 100.57 52.01 92.65 65.86 28.16 91.09 43.86 59.14 40.8 75.61 38.91 80.32 76.58 12.37 55.97 22.02 75.13 0.0 76.03 29.61 47.43 95.86 51.66 22.67 48.84 50.99 52.35 35.23 15.0 91.39 93.15 52.39 67.78 56.92 23.77 10.05 65.03 84.9 22.36 72.72 68.88 84.29 66.48 48.83 72.06 33.97 43.57 87.02 39.7 58.01 48.27 51.87 23.19 67.9 35.44 63.13 54.42 63.51 76.92 47.93 60.22 33.24 39.82 77.03 72.8 93.19 12.17 39.62 24.7 47.04 83.63 
80.89 32.8 21.21 25.5 40.26 53.23 84.76 60.42 41.15 83.24 80.02 65.62 71.18 33.14 33.73 36.67 18.87 41.88 102.88 20.25 32.25 76.22 44.01 8.54 37.12 11.31 30.0 68.62 88.07 56.61 1.0 76.03 0.0 48.01 54.13 22.02 82.57 54.42 32.02 90.8 44.64 88.14 70.6 16.12 17.69 49.04 10.3 21.26 77.93 66.73 72.92 29.73 79.25 41.04 7.21 22.56 16.49 40.45 31.26 93.65 32.89 40.71 94.09 21.0 31.14 40.02 54.64 25.81 41.62 101.2 88.65 81.34 1.0 28.3 36.25 45.35 36.25 44.6 33.94 19.72 69.57 95.13 51.48 67.27 21.59 
57.28 79.98 65.0 35.85 18.0 51.79 69.4 16.28 46.04 36.06 48.55 32.2 62.65 70.83 76.4 23.54 65.86 51.16 57.71 61.68 16.28 62.43 27.46 46.52 12.53 51.08 56.08 26.68 66.47 18.6 47.2 29.61 48.01 0.0 41.44 66.71 60.83 15.0 19.24 64.82 40.2 54.13 30.36 62.65 65.6 42.76 38.95 27.73 41.23 19.65 64.88 63.06 41.44 56.72 40.8 60.46 37.0 34.01 43.1 56.61 18.79 58.55 60.01 33.29 26.25 37.0 6.71 46.62 6.4 77.47 65.8 67.96 48.83 19.85 43.42 17.72 14.32 61.66 54.12 66.53 27.66 60.54 6.71 49.09 59.64 
27.02 74.53 75.31 28.64 25.24 13.0 31.91 36.06 17.46 54.78 29.97 23.32 21.63 54.63 63.91 57.49 63.2 21.63 64.44 74.22 36.8 23.6 15.0 59.14 34.41 63.89 37.34 35.11 33.96 28.02 53.15 47.43 54.13 41.44 0.0 75.95 28.44 30.07 48.84 37.01 10.05 38.48 33.54 69.58 66.01 6.71 52.0 47.43 33.24 44.28 23.85 46.24 35.36 28.6 49.34 49.24 55.95 13.93 70.8 45.65 31.11 85.98 43.66 33.84 26.08 14.14 42.76 32.25 39.82 47.07 34.53 29.21 55.11 38.95 20.4 23.77 32.8 31.83 31.78 63.29 35.47 44.94 36.88 13.15 49.03 
102.83 27.07 2.24 47.38 61.66 74.0 106.04 80.65 61.98 102.69 102.0 87.37 92.03 42.2 37.16 49.68 20.81 61.85 123.37 6.71 52.2 97.53 66.0 20.25 57.28 15.65 47.17 89.5 109.84 77.67 23.02 95.86 22.02 66.71 75.95 0.0 104.39 75.19 48.37 112.75 66.29 110.07 91.78 6.71 15.81 70.61 28.16 39.0 99.61 86.16 93.64 43.19 100.84 59.54 28.16 35.47 30.02 62.39 34.99 115.43 53.94 35.13 116.04 43.01 53.04 61.81 73.41 45.88 60.54 122.98 110.48 102.49 21.02 48.08 57.28 66.75 56.75 62.13 52.35 21.63 90.47 117.07 71.17 89.11 34.83 
4.12 101.49 103.75 57.07 49.4 33.73 12.04 48.55 44.05 56.57 18.03 29.68 20.62 79.83 89.63 81.4 91.0 46.53 55.08 102.61 61.91 12.73 40.72 87.36 58.25 92.18 63.51 41.23 5.83 42.64 81.58 51.66 82.57 60.83 28.44 104.39 0.0 46.1 73.5 9.85 38.21 22.14 37.34 98.01 94.09 34.06 80.01 74.25 28.28 54.13 21.21 72.01 30.15 52.39 77.62 76.24 83.38 42.2 97.13 29.55 56.82 112.71 23.85 62.1 53.49 42.58 59.2 60.01 61.72 18.68 6.08 13.93 83.55 64.88 48.01 45.8 57.14 53.76 57.56 91.01 40.85 25.24 54.56 15.3 76.16 
42.45 84.06 73.76 35.38 15.0 42.11 55.23 7.21 39.56 30.41 33.62 17.2 50.0 70.77 77.9 37.7 70.33 44.94 48.47 71.02 23.19 48.75 19.31 55.11 18.11 60.02 54.2 14.32 51.66 3.61 53.49 22.67 54.42 15.0 30.07 75.19 46.1 0.0 31.58 49.82 32.02 39.56 17.0 70.21 71.11 33.24 47.07 37.12 26.93 15.65 52.2 62.37 27.46 51.48 47.43 61.62 47.1 27.31 56.29 42.76 21.54 72.03 45.54 35.51 25.61 30.46 13.42 45.34 17.72 62.48 50.91 54.12 55.36 27.29 38.47 10.63 18.44 56.08 50.77 70.83 15.3 46.17 8.49 35.34 60.96 
70.49 64.82 46.53 30.41 24.21 55.57 80.06 35.0 46.24 55.08 64.26 47.76 70.29 60.44 63.98 8.94 50.8 50.29 76.94 42.95 12.04 72.14 33.94 28.6 15.26 32.76 49.04 45.1 79.32 34.93 31.4 48.84 32.02 19.24 48.84 48.37 73.5 31.58 0.0 79.18 43.57 70.88 48.37 45.0 49.58 47.43 21.93 10.82 58.46 38.83 72.47 53.94 59.03 53.94 25.24 49.34 18.36 36.89 24.74 74.33 17.8 40.52 76.92 25.02 24.6 38.95 25.71 40.01 14.04 91.42 79.08 77.79 32.65 10.77 42.06 27.78 16.4 58.86 49.16 51.61 46.1 77.62 25.0 59.67 48.38 
10.0 110.89 112.01 65.38 55.54 43.42 18.87 50.93 53.34 54.71 17.2 32.65 30.23 89.5 99.25 86.61 100.08 56.09 49.37 110.64 68.03 22.2 47.8 95.13 63.95 100.02 72.99 42.2 8.06 46.23 89.81 50.99 90.8 64.82 37.01 112.75 9.85 49.82 79.18 0.0 47.0 17.12 38.01 106.47 103.0 43.05 87.56 80.99 27.29 55.22 30.61 81.58 28.64 62.1 85.51 85.59 90.44 50.36 103.37 23.19 63.32 119.1 16.49 70.04 60.88 51.09 62.24 69.07 66.57 12.73 5.83 22.02 91.79 71.31 57.08 51.43 63.07 63.57 67.08 100.12 41.62 17.72 58.26 24.02 85.48 
37.0 64.54 65.73 19.31 22.36 12.08 40.31 38.9 8.49 60.03 39.56 30.41 27.8 45.18 54.23 52.48 53.15 13.6 72.18 64.85 31.76 31.78 13.04 50.16 30.68 54.78 27.73 40.5 43.57 31.02 43.68 52.35 44.64 40.2 10.05 66.29 38.21 32.02 43.57 47.0 0.0 48.1 39.82 59.84 56.0 4.47 43.42 40.31 41.62 47.43 29.83 36.67 43.6 20.62 40.31 39.29 48.01 6.71 63.7 55.04 25.94 78.41 53.45 25.06 19.21 5.0 43.05 22.2 37.11 56.72 44.28 37.12 45.61 33.02 10.44 23.02 28.79 24.7 22.47 53.24 41.05 54.71 37.05 23.02 39.05 
18.79 112.36 109.02 63.79 49.25 48.83 33.96 38.59 55.95 38.08 8.54 23.35 41.05 93.11 102.32 77.25 100.22 59.94 32.98 107.02 61.0 34.0 44.18 91.05 56.29 96.05 75.77 28.6 24.08 36.06 87.14 35.23 88.14 54.13 38.48 110.07 22.14 39.56 70.88 17.12 48.1 0.0 24.41 104.24 102.42 45.19 83.1 74.81 13.04 41.04 42.19 84.69 13.45 66.73 82.01 87.28 84.72 49.24 95.6 7.81 57.31 111.4 6.08 67.19 57.04 50.96 50.25 69.92 57.25 28.23 22.02 36.06 89.14 64.78 58.52 44.41 55.9 69.34 70.26 100.44 27.8 7.0 47.42 28.43 86.98 
33.24 98.84 90.43 49.24 30.36 46.52 48.51 14.32 48.27 21.59 20.81 10.44 48.09 83.24 91.26 53.85 85.49 53.41 33.29 87.82 40.11 44.18 30.0 71.85 35.06 76.79 65.95 4.24 42.05 14.14 69.64 15.0 70.6 30.36 33.54 91.78 37.34 17.0 48.37 38.01 39.82 24.41 0.0 86.59 86.73 39.12 63.79 54.08 11.4 17.2 50.04 74.65 11.18 60.44 63.79 75.17 64.07 37.54 72.99 26.25 37.85 88.65 30.02 50.7 40.31 40.31 25.94 58.01 34.37 50.61 40.71 48.66 71.57 44.18 48.8 25.3 35.23 64.4 61.52 85.91 3.61 30.41 23.77 32.06 74.63 
96.52 24.33 7.07 41.11 56.29 67.36 99.46 75.96 55.36 98.41 96.08 81.74 85.38 36.36 32.28 47.42 15.23 55.15 118.6 9.49 47.54 90.96 60.07 16.4 52.55 12.81 40.5 84.48 103.41 72.53 17.12 91.39 16.12 62.65 69.58 6.71 98.01 70.21 45.0 106.47 59.84 104.24 86.59 0.0 10.44 64.13 23.71 34.99 94.05 81.86 86.98 36.77 95.35 52.84 22.8 29.0 26.91 56.14 35.11 109.77 48.76 38.12 110.16 37.05 47.27 55.44 69.35 39.22 56.36 116.56 104.09 95.88 15.13 43.46 50.7 61.39 51.87 55.47 45.65 16.16 85.44 111.22 66.71 82.73 28.32 
93.0 15.65 17.0 38.64 56.46 61.98 94.37 77.41 50.36 100.5 94.05 80.78 79.83 26.4 21.84 53.54 5.0 49.24 119.51 19.92 49.65 85.99 58.46 22.36 54.38 20.62 33.24 85.09 99.25 73.01 18.44 93.15 17.69 65.6 66.01 15.81 94.09 71.11 49.58 103.0 56.0 102.42 86.73 10.44 0.0 60.03 27.66 38.9 93.15 84.06 81.25 28.02 94.64 45.88 24.84 20.59 32.76 53.34 43.93 108.47 49.65 48.37 108.19 36.06 46.49 52.09 72.2 34.13 59.2 112.36 100.12 90.61 16.97 45.8 46.1 61.47 53.34 47.85 38.9 5.83 86.01 109.33 68.8 79.01 20.12 
33.06 68.07 70.09 23.77 25.3 9.06 35.85 39.81 10.77 59.93 36.67 29.21 23.43 47.93 57.25 56.3 57.04 15.0 70.72 69.26 35.51 27.31 15.3 54.63 34.01 59.24 30.68 40.25 39.32 31.78 48.08 52.39 49.04 42.76 6.71 70.61 34.06 33.24 47.43 43.05 4.47 45.19 39.12 64.13 60.03 0.0 47.89 44.6 39.7 48.27 25.5 39.56 41.77 22.02 44.78 42.76 52.43 10.63 68.01 52.35 29.68 82.8 50.33 29.53 23.35 9.43 45.04 26.02 40.16 52.47 40.11 32.65 50.0 37.01 14.04 25.18 32.2 25.5 25.08 57.08 40.71 51.62 39.05 19.03 42.58 
77.88 43.01 26.68 24.41 34.01 53.6 83.63 52.5 41.87 74.73 75.33 60.0 71.02 42.05 43.68 26.4 29.15 43.86 95.21 24.08 24.04 75.13 39.81 8.06 29.12 13.04 35.47 61.39 85.7 49.65 9.85 67.78 10.3 38.95 52.0 28.16 80.01 47.07 21.93 87.56 43.42 83.1 63.79 23.71 27.66 47.89 0.0 11.4 72.06 58.18 72.95 37.34 73.17 44.65 5.1 31.0 7.07 38.08 23.77 88.02 26.08 36.12 89.14 18.36 26.68 38.47 45.65 28.84 32.65 98.67 86.02 80.53 10.82 19.92 36.88 39.05 28.64 48.88 38.08 30.02 62.37 90.09 43.08 64.85 30.0 
71.69 54.04 37.34 23.71 25.71 51.74 79.32 41.98 41.05 63.69 67.47 51.48 68.01 50.22 53.31 17.12 40.0 44.29 84.65 34.21 14.0 71.03 33.54 18.79 19.03 23.41 40.2 51.35 80.06 40.01 20.62 56.92 21.26 27.73 47.43 39.0 74.25 37.12 10.82 80.99 40.31 74.81 54.08 34.99 38.9 44.6 11.4 0.0 63.13 47.17 70.09 44.18 64.03 46.82 14.42 39.05 10.0 34.06 23.43 79.16 17.72 38.59 80.89 17.46 21.4 35.36 34.44 31.78 21.54 92.7 80.11 76.61 21.93 10.05 36.36 30.41 19.03 51.55 41.23 40.8 52.35 81.74 32.28 59.54 38.08 
24.19 104.18 98.41 54.71 38.05 45.45 40.11 25.55 50.0 28.28 10.44 12.37 42.72 86.61 95.29 64.51 91.39 54.67 31.4 96.13 49.16 37.34 34.79 80.1 44.28 85.09 69.12 15.62 32.28 23.54 76.94 23.77 77.93 41.23 33.24 99.61 28.28 26.93 58.46 27.29 41.62 13.04 11.4 94.05 93.15 39.7 72.06 63.13 0.0 28.32 44.38 78.03 2.24 61.72 71.45 79.62 73.11 41.15 83.2 16.03 46.01 98.95 18.79 57.27 46.87 43.42 37.22 62.17 44.64 39.66 30.68 41.01 78.92 53.08 51.62 33.02 44.1 65.07 64.07 91.71 14.87 19.31 34.54 27.31 79.2 
50.09 97.8 84.5 50.33 29.83 56.89 64.85 8.54 55.15 16.55 38.01 25.0 62.39 85.91 92.63 42.0 83.82 60.54 38.21 81.27 34.48 59.67 34.93 65.92 29.68 70.58 69.63 13.04 59.06 16.49 65.86 10.05 66.73 19.65 44.28 86.16 54.13 15.65 38.83 55.22 47.43 41.04 17.2 81.86 84.06 48.27 58.18 47.17 28.32 0.0 64.5 77.62 27.59 67.12 59.54 76.38 56.61 42.95 62.03 41.34 34.83 77.06 46.23 49.58 40.36 46.1 13.15 60.61 25.63 67.8 57.8 64.56 67.6 38.47 54.12 26.08 30.81 71.69 66.37 84.4 13.6 46.4 15.26 46.69 75.66 
23.6 86.15 93.41 48.55 49.09 19.7 14.32 57.07 31.78 71.34 35.85 40.01 2.24 63.03 73.03 81.22 77.47 32.02 74.32 93.11 60.44 8.49 38.83 79.26 58.25 83.65 48.51 53.01 23.32 49.48 72.01 65.03 72.92 64.88 23.85 93.64 21.21 52.2 72.47 30.61 29.83 42.19 50.04 86.98 81.25 25.5 72.95 70.09 44.38 64.5 0.0 56.08 46.57 36.12 69.46 61.66 77.8 36.07 93.51 49.93 54.67 108.23 44.82 54.64 48.8 34.83 65.46 47.76 63.63 34.48 25.24 10.2 73.82 62.29 36.67 47.41 56.61 36.06 42.58 77.28 53.0 46.23 59.81 18.0 61.81 
71.81 30.07 43.84 27.46 47.8 38.33 70.0 69.53 28.79 92.7 76.16 66.29 55.01 8.6 17.72 61.29 23.32 25.5 107.8 45.45 47.54 62.07 44.69 38.28 50.54 40.25 8.94 74.33 76.53 62.94 29.41 84.9 29.73 63.06 46.24 43.19 72.01 62.37 53.94 81.58 36.67 84.69 74.65 36.77 28.02 39.56 37.34 44.18 78.03 77.62 56.08 0.0 79.92 20.0 32.25 7.81 44.41 37.2 60.64 91.71 44.29 70.26 89.89 30.08 37.44 34.67 68.6 17.03 57.27 89.27 77.78 66.01 30.08 45.22 26.42 51.74 48.76 20.62 14.56 22.83 75.07 91.18 63.51 57.97 8.6 
26.08 105.85 99.61 56.3 39.2 47.63 42.05 25.5 52.01 26.48 12.17 13.93 44.92 88.51 97.13 64.85 92.97 56.73 29.21 97.25 50.04 39.46 36.4 81.22 45.1 86.21 71.02 15.26 33.96 24.19 78.26 22.36 79.25 41.44 35.36 100.84 30.15 27.46 59.03 28.64 43.6 13.45 11.18 95.35 94.64 41.77 73.17 64.03 2.24 27.59 46.57 79.92 0.0 63.78 72.69 81.39 74.03 42.94 83.74 15.3 47.1 99.46 18.87 58.69 48.27 45.28 37.12 63.95 45.12 40.82 32.28 43.05 80.23 54.01 53.54 34.13 45.01 67.18 66.03 93.3 14.42 19.24 34.79 29.55 80.96 
52.5 50.04 59.68 23.54 39.05 18.68 50.0 58.6 12.21 80.45 58.31 50.93 35.01 27.46 37.34 62.59 41.76 7.07 92.63 60.22 44.05 42.11 32.2 48.84 45.1 52.35 12.65 61.03 56.72 51.0 40.31 72.72 41.04 56.72 28.6 59.54 52.39 51.48 53.94 62.1 20.62 66.73 60.44 52.84 45.88 22.02 44.65 46.82 61.72 67.12 36.12 20.0 63.78 0.0 40.0 25.71 51.11 24.17 68.1 74.09 39.01 80.6 71.55 29.41 31.02 21.02 60.88 15.81 52.15 69.35 58.05 46.01 41.77 43.42 13.34 41.44 43.1 5.0 7.21 41.48 61.61 72.9 55.08 39.0 25.96 
75.71 39.7 27.02 21.02 33.54 49.93 80.62 53.31 38.01 76.06 74.03 59.21 67.6 37.12 39.22 30.68 25.61 39.62 95.86 25.18 25.06 72.09 38.12 9.85 29.97 14.56 30.46 61.68 83.24 49.73 6.4 68.88 7.21 40.8 49.34 28.16 77.62 47.43 25.24 85.51 40.31 82.01 63.79 22.8 24.84 44.78 5.1 14.42 71.45 59.54 69.46 32.25 72.69 40.0 0.0 26.02 12.17 35.44 28.79 87.28 25.96 40.61 88.0 15.52 25.02 35.47 47.43 24.21 34.41 96.3 83.68 77.39 8.06 21.1 33.02 38.64 29.15 44.1 33.29 26.4 62.64 89.01 44.29 62.36 25.02 
75.66 25.32 36.07 26.25 46.69 43.01 75.24 68.62 32.25 92.02 78.75 67.54 60.41 11.18 16.28 56.09 16.16 30.02 108.45 37.64 44.42 67.07 45.28 31.05 48.01 32.7 13.15 74.4 81.06 62.63 22.36 84.29 22.56 60.46 49.24 35.47 76.24 61.62 49.34 85.59 39.29 87.28 75.17 29.0 20.59 42.76 31.0 39.05 79.62 76.38 61.66 7.81 81.39 25.71 26.02 0.0 38.01 38.48 53.76 93.98 42.01 62.77 92.72 27.2 36.07 36.4 66.4 17.46 54.38 94.01 82.15 71.34 22.8 41.59 28.86 51.09 46.4 27.31 19.1 15.81 75.21 93.96 61.72 61.66 1.0 
80.99 48.37 28.18 29.7 35.51 58.8 87.82 51.79 47.38 73.05 77.28 61.4 75.8 49.01 50.22 20.81 34.93 49.82 94.37 24.7 24.0 79.4 42.72 10.63 29.02 14.42 42.38 61.29 89.16 50.01 16.28 66.48 16.49 37.0 55.95 30.02 83.38 47.1 18.36 90.44 48.01 84.72 64.07 26.91 32.76 52.43 7.07 10.0 73.11 56.61 77.8 44.41 74.03 51.11 12.17 38.01 0.0 42.19 17.0 89.14 27.46 30.48 90.8 23.35 29.97 43.01 43.66 35.36 31.05 101.95 89.32 84.91 16.76 20.02 42.45 40.31 29.02 55.47 44.72 35.85 62.29 91.66 41.98 68.45 37.01 
40.45 63.25 61.66 15.03 16.03 18.79 45.65 34.44 12.37 56.61 40.79 29.15 33.97 45.8 54.2 45.79 50.99 17.72 70.6 60.42 25.06 37.22 8.06 45.22 24.04 50.0 28.43 37.54 47.8 26.93 39.46 48.83 40.45 34.01 13.93 62.39 42.2 27.31 36.89 50.36 6.71 49.24 37.54 56.14 53.34 10.63 38.08 34.06 41.15 42.95 36.07 37.2 42.94 24.17 35.44 38.48 42.19 0.0 57.49 55.66 19.24 72.42 54.92 19.92 12.73 3.16 37.34 21.02 30.59 60.88 48.27 42.72 41.44 26.4 11.4 17.46 22.14 28.79 24.08 51.2 38.21 56.09 31.4 26.93 38.08 
94.37 59.2 32.76 46.23 47.85 74.97 102.65 59.3 63.89 77.52 88.87 72.42 91.44 64.38 64.07 20.1 47.38 66.61 100.18 28.3 35.34 94.4 56.6 23.02 39.56 23.35 59.24 69.58 102.96 59.67 31.4 72.06 31.26 43.1 70.8 34.99 97.13 56.29 24.74 103.37 63.7 95.6 72.99 35.11 43.93 68.01 23.77 23.43 83.2 62.03 93.51 60.64 83.74 68.1 28.79 53.76 17.0 57.49 0.0 99.04 40.31 15.81 101.65 39.82 44.82 58.73 49.0 52.35 38.64 115.38 102.88 100.0 31.14 32.25 59.03 52.0 40.31 72.47 61.72 48.37 70.58 102.36 49.37 82.68 52.77 
26.42 118.9 114.28 69.86 54.01 56.4 41.11 40.5 63.06 35.23 15.81 28.07 48.83 100.18 109.25 80.08 106.48 67.23 26.17 112.07 65.19 41.68 50.01 96.05 60.3 101.04 82.76 30.08 30.81 39.46 92.66 33.97 93.65 56.61 45.65 115.43 29.55 42.76 74.33 23.19 55.04 7.81 26.25 109.77 108.47 52.35 88.02 79.16 16.03 41.34 49.93 91.71 15.3 74.09 87.28 93.98 89.14 55.66 99.04 0.0 62.0 114.76 7.07 72.84 62.51 57.58 52.0 76.55 60.42 32.56 28.64 43.46 94.64 69.12 65.39 49.0 60.13 76.84 77.37 106.74 29.15 6.32 50.0 36.12 93.64 
54.13 63.01 52.61 17.09 8.06 38.01 62.63 27.78 29.61 51.04 49.82 34.06 52.5 52.15 58.14 26.63 49.09 34.23 70.01 50.16 5.83 54.56 16.4 34.13 6.32 39.12 37.34 35.74 62.65 23.77 31.95 43.57 32.89 18.79 31.11 53.94 56.82 21.54 17.8 63.32 25.94 57.31 37.85 48.76 49.65 29.68 26.08 17.72 46.01 34.83 54.67 44.29 47.1 39.01 25.96 42.01 27.46 19.24 40.31 62.0 0.0 55.9 63.39 14.87 8.0 21.54 24.41 27.86 13.34 75.15 62.61 60.21 33.84 8.06 26.08 13.0 4.47 44.01 35.69 49.65 36.69 64.28 19.8 42.44 41.23 
110.02 62.01 33.06 60.14 63.56 89.27 117.89 74.81 77.79 92.09 104.68 88.23 106.21 72.42 70.04 35.13 52.77 79.98 115.0 29.0 51.08 109.55 72.07 32.25 55.36 30.08 70.49 85.16 118.53 75.43 41.18 87.02 40.71 58.55 85.98 35.13 112.71 72.03 40.52 119.1 78.41 111.4 88.65 38.12 48.37 82.8 36.12 38.59 98.95 77.06 108.23 70.26 99.46 80.6 40.61 62.77 30.48 72.42 15.81 114.76 55.9 0.0 117.44 53.81 59.91 73.41 64.2 64.82 54.34 131.05 118.51 115.11 40.25 47.85 72.84 67.78 56.08 84.63 73.82 53.76 86.15 118.14 64.94 98.11 61.85 
21.26 117.88 115.0 69.58 55.33 53.34 34.93 44.29 61.1 41.68 14.14 29.43 43.93 98.23 107.56 83.22 105.91 64.88 33.06 113.04 67.08 36.4 50.09 97.08 62.37 102.08 80.99 34.13 24.35 42.06 93.09 39.7 94.09 60.01 43.66 116.04 23.85 45.54 76.92 16.49 53.45 6.08 30.02 110.16 108.19 50.33 89.14 80.89 18.79 46.23 44.82 89.89 18.87 71.55 88.0 92.72 90.8 54.92 101.65 7.07 63.39 117.44 0.0 73.11 63.01 56.52 55.95 75.43 63.25 25.5 22.14 37.59 95.08 70.86 63.89 50.49 61.98 73.93 75.39 106.1 33.29 1.41 53.31 32.76 92.44 
60.21 48.55 42.11 6.4 20.59 35.47 65.31 42.2 24.08 65.6 59.03 44.91 52.7 37.59 43.28 33.38 34.89 26.93 83.63 40.61 17.46 56.8 23.02 25.3 20.81 30.08 24.19 49.19 67.72 37.12 20.0 58.01 21.0 33.29 33.84 43.01 62.1 35.51 25.02 70.04 25.06 67.19 50.7 37.05 36.06 29.53 18.36 17.46 57.27 49.58 54.64 30.08 58.69 29.41 15.52 27.2 23.35 19.92 39.82 72.84 14.87 53.81 73.11 0.0 10.44 20.12 39.2 15.0 27.29 80.78 68.15 62.18 22.0 15.3 19.21 25.5 19.21 34.21 24.19 35.36 50.09 74.17 34.66 46.84 26.4 
51.24 58.67 52.0 10.0 10.63 31.06 57.98 32.56 21.84 55.97 49.01 34.53 46.69 45.61 52.35 33.54 45.19 26.31 73.36 50.16 13.34 49.65 13.15 34.37 14.14 39.32 29.97 38.95 59.24 26.93 30.15 48.27 31.14 26.25 26.08 53.04 53.49 25.61 24.6 60.88 19.21 57.04 40.31 47.27 46.49 23.35 26.68 21.4 46.87 40.36 48.8 37.44 48.27 31.02 25.02 36.07 29.97 12.73 44.82 62.51 8.0 59.91 63.01 10.44 0.0 14.42 31.3 20.59 21.21 72.11 59.46 55.22 32.14 13.89 18.11 15.26 12.17 36.01 27.89 45.62 39.82 64.03 26.08 38.48 35.38 
41.11 61.4 61.19 14.56 19.0 16.64 45.19 37.58 9.22 59.64 42.45 31.62 32.8 43.27 51.88 47.89 49.5 14.56 73.25 60.17 27.31 36.67 11.18 45.31 26.68 49.98 25.81 40.46 48.05 30.02 39.05 51.87 40.02 37.0 14.14 61.81 42.58 30.46 38.95 51.09 5.0 50.96 40.31 55.44 52.09 9.43 38.47 35.36 43.42 46.1 34.83 34.67 45.28 21.02 35.47 36.4 43.01 3.16 58.73 57.58 21.54 73.41 56.52 20.12 14.42 0.0 40.45 18.97 33.38 61.19 48.66 42.06 41.0 28.3 8.49 20.62 24.74 25.63 21.21 49.65 41.11 57.72 34.53 27.29 36.06 
55.44 86.45 71.69 41.18 21.84 54.08 68.6 11.66 49.65 29.41 45.45 29.73 63.25 76.55 82.46 29.07 72.35 54.92 51.35 68.35 22.67 62.17 30.02 53.23 18.44 57.78 61.27 21.93 64.66 16.64 53.82 23.19 54.64 6.71 42.76 73.41 59.2 13.42 25.71 62.24 43.05 50.25 25.94 69.35 72.2 45.04 45.65 34.44 37.22 13.15 65.46 68.6 37.12 60.88 47.43 66.4 43.66 37.34 49.0 52.0 24.41 64.2 55.95 39.2 31.3 40.45 0.0 51.88 13.04 74.97 63.78 67.54 55.47 26.4 47.54 20.02 20.0 65.73 58.87 73.0 22.85 56.36 6.0 48.75 65.6 
59.08 42.45 45.69 10.77 30.81 28.16 60.42 52.5 16.28 75.69 61.4 50.12 46.17 25.46 33.29 48.26 31.02 16.12 91.26 45.65 31.78 51.97 28.02 33.24 34.18 37.01 9.49 57.49 65.12 45.97 25.0 67.9 25.81 46.62 32.25 45.88 60.01 45.34 40.01 69.07 22.2 69.92 58.01 39.22 34.13 26.02 28.84 31.78 62.17 60.61 47.76 17.03 63.95 15.81 24.21 17.46 35.36 21.02 52.35 76.55 27.86 64.82 75.43 15.0 20.59 18.97 51.88 0.0 41.11 78.23 66.03 56.75 26.63 30.15 12.0 34.71 32.31 20.12 9.49 31.06 58.26 76.66 46.65 45.04 17.09 
58.41 73.59 58.87 30.36 14.87 49.04 69.43 21.02 42.11 42.15 50.99 34.44 61.4 64.88 70.21 20.12 59.46 47.01 63.35 55.66 10.0 62.01 25.08 40.31 7.07 44.94 50.6 31.06 67.48 21.19 40.8 35.44 41.62 6.4 39.82 60.54 61.72 17.72 14.04 66.57 37.11 57.25 34.37 56.36 59.2 40.16 32.65 21.54 44.64 25.63 63.63 57.27 45.12 52.15 34.41 54.38 31.05 30.59 38.64 60.42 13.34 54.34 63.25 27.29 21.21 33.38 13.04 41.11 0.0 79.06 67.01 67.62 42.44 13.45 39.01 16.4 9.06 57.14 49.03 60.14 32.06 63.89 11.05 48.92 53.54 
21.02 119.1 122.38 75.71 67.54 51.04 20.25 63.66 62.07 66.31 29.83 45.34 34.93 96.75 106.68 99.02 109.11 64.03 58.08 121.28 80.06 27.29 59.24 106.04 76.16 110.86 81.06 54.82 13.15 58.9 100.22 63.13 101.2 77.47 47.07 122.98 18.68 62.48 91.42 12.73 56.72 28.23 50.61 116.56 112.36 52.47 98.67 92.7 39.66 67.8 34.48 89.27 40.82 69.35 96.3 94.01 101.95 60.88 115.38 32.56 75.15 131.05 25.5 80.78 72.11 61.19 74.97 78.23 79.06 0.0 12.65 24.35 102.18 83.19 66.27 63.63 75.18 70.04 75.06 109.07 54.2 26.31 70.94 33.96 94.0 
8.6 107.38 109.84 63.15 55.07 39.46 13.04 52.8 50.01 58.69 20.25 34.06 25.06 85.51 95.35 86.84 97.01 52.35 54.74 108.68 67.6 17.0 46.62 93.41 63.81 98.23 69.35 44.78 2.24 47.38 87.66 54.42 88.65 65.8 34.53 110.48 6.08 50.91 79.08 5.83 44.28 22.02 40.71 104.09 100.12 40.11 86.02 80.11 30.68 57.8 25.24 77.78 32.28 58.05 83.68 82.15 89.32 48.27 102.88 28.64 62.61 118.51 22.14 68.15 59.46 48.66 63.78 66.03 67.01 12.65 0.0 16.28 89.63 70.66 54.04 51.31 62.77 59.2 63.39 97.0 44.29 23.41 59.4 21.38 82.1 
17.46 96.05 102.14 56.36 53.76 28.64 4.12 57.94 40.52 69.07 31.26 39.56 11.0 73.11 83.1 86.28 86.98 41.44 68.96 101.59 65.8 5.66 43.86 87.24 62.97 91.79 58.22 52.17 14.14 50.99 80.41 63.51 81.34 67.96 29.21 102.49 13.93 54.12 77.79 22.02 37.12 36.06 48.66 95.88 90.61 32.65 80.53 76.61 41.01 64.56 10.2 66.01 43.05 46.01 77.39 71.34 84.91 42.72 100.0 43.46 60.21 115.11 37.59 62.18 55.22 42.06 67.54 56.75 67.62 24.35 16.28 0.0 82.28 68.12 45.22 51.22 61.52 46.17 52.24 86.83 51.97 38.95 62.27 18.87 71.45 
81.88 32.2 20.22 26.48 41.23 54.13 85.7 61.33 42.05 84.12 81.02 66.61 72.09 33.24 33.54 37.12 18.36 42.72 103.82 19.31 33.12 77.16 45.01 8.25 38.01 10.63 30.61 69.57 89.05 57.57 2.0 76.92 1.0 48.83 55.11 21.02 83.55 55.36 32.65 91.79 45.61 89.14 71.57 15.13 16.97 50.0 10.82 21.93 78.92 67.6 73.82 30.08 80.23 41.77 8.06 22.8 16.76 41.44 31.14 94.64 33.84 40.25 95.08 22.0 32.14 41.0 55.47 26.63 42.44 102.18 89.63 82.28 0.0 29.15 37.16 46.32 37.16 45.28 34.66 19.24 70.52 96.13 52.35 68.25 21.84 
62.17 60.14 46.57 20.02 15.81 44.94 70.6 32.57 35.47 55.01 57.49 41.44 60.14 52.39 57.14 19.7 46.01 39.56 75.29 43.74 4.12 62.48 24.41 27.89 9.22 32.76 39.46 41.59 70.71 30.07 27.46 47.93 28.3 19.85 38.95 48.08 64.88 27.29 10.77 71.31 33.02 64.78 44.18 43.46 45.8 37.01 19.92 10.05 53.08 38.47 62.29 45.22 54.01 43.42 21.1 41.59 20.02 26.4 32.25 69.12 8.06 47.85 70.86 15.3 13.89 28.3 26.4 30.15 13.45 83.19 70.66 68.12 29.15 0.0 31.32 20.4 9.0 48.37 39.0 46.69 42.58 71.7 23.26 50.48 40.71 
47.1 54.13 56.92 12.81 25.71 17.0 48.76 45.65 5.0 68.01 49.98 40.0 34.93 34.99 43.86 50.92 43.01 8.25 81.69 56.46 31.4 40.26 19.42 42.72 32.0 47.01 17.49 48.92 53.15 38.28 35.34 60.22 36.25 43.42 20.4 57.28 48.01 38.47 42.06 57.08 10.44 58.52 48.8 50.7 46.1 14.04 36.88 36.36 51.62 54.12 36.67 26.42 53.54 13.34 33.02 28.86 42.45 11.4 59.03 65.39 26.08 72.84 63.89 19.21 18.11 8.49 47.54 12.0 39.01 66.27 54.04 45.22 37.16 31.32 0.0 28.23 30.0 18.25 12.73 43.05 49.58 65.15 41.76 33.06 28.64 
42.72 73.93 65.49 24.84 5.1 34.23 53.08 17.8 29.83 41.01 37.11 21.1 45.18 60.14 67.36 35.61 60.37 35.17 58.14 63.13 16.76 45.61 10.0 47.1 12.53 52.09 43.6 23.71 51.61 11.66 44.38 33.24 45.35 17.72 23.77 66.75 45.8 10.63 27.78 51.43 23.02 44.41 25.3 61.39 61.47 25.18 39.05 30.41 33.02 26.08 47.41 51.74 34.13 41.44 38.64 51.09 40.31 17.46 52.0 49.0 13.0 67.78 50.49 25.5 15.26 20.62 20.02 34.71 16.4 63.63 51.31 51.22 46.32 20.4 28.23 0.0 11.7 46.17 40.31 60.83 24.6 51.35 14.04 32.56 50.45 
54.2 67.01 55.32 21.54 7.81 40.85 63.7 24.17 33.24 47.17 48.76 32.56 54.41 56.6 62.48 24.76 53.01 38.05 66.73 52.61 5.1 55.87 17.8 36.67 2.0 41.59 41.79 32.76 62.97 21.1 35.34 39.82 36.25 14.32 32.8 56.75 57.14 18.44 16.4 63.07 28.79 55.9 35.23 51.87 53.34 32.2 28.64 19.03 44.1 30.81 56.61 48.76 45.01 43.1 29.15 46.4 29.02 22.14 40.31 60.13 4.47 56.08 61.98 19.21 12.17 24.74 20.0 32.31 9.06 75.18 62.77 61.52 37.16 9.0 30.0 11.7 0.0 48.09 40.02 53.6 33.73 62.8 15.62 43.28 45.61 
54.23 50.49 62.43 28.44 43.93 20.59 50.25 63.16 16.55 84.72 61.03 54.67 35.23 27.0 37.0 67.47 43.46 11.18 96.21 63.25 49.04 42.76 36.77 52.63 50.09 55.9 15.0 65.19 57.72 55.46 43.93 77.03 44.6 61.66 31.83 62.13 53.76 56.08 58.86 63.57 24.7 69.34 64.4 55.47 47.85 25.5 48.88 51.55 65.07 71.69 36.06 20.62 67.18 5.0 44.1 27.31 55.47 28.79 72.47 76.84 44.01 84.63 73.93 34.21 36.01 25.63 65.73 20.12 57.14 70.04 59.2 46.17 45.28 48.37 18.25 46.17 48.09 0.0 10.82 43.08 65.73 75.29 59.91 41.18 27.73 
57.27 44.05 52.48 19.03 37.16 24.02 56.14 57.98 14.32 80.6 61.74 52.63 41.3 22.85 32.28 57.56 34.93 11.05 94.37 53.01 40.2 48.01 32.02 41.87 41.98 45.25 6.0 61.62 62.2 50.8 33.24 72.8 33.94 54.12 31.78 52.35 57.56 50.77 49.16 67.08 22.47 70.26 61.52 45.65 38.9 25.08 38.08 41.23 64.07 66.37 42.58 14.56 66.03 7.21 33.29 19.1 44.72 24.08 61.72 77.37 35.69 73.82 75.39 24.19 27.89 21.21 58.87 9.49 49.03 75.06 63.39 52.24 34.66 39.0 12.73 40.31 40.02 10.82 0.0 34.71 62.29 76.69 53.31 43.42 19.24 
90.14 13.45 22.83 37.0 55.95 58.31 90.67 77.39 47.01 100.69 91.98 79.38 75.95 20.62 16.28 56.36 1.0 45.4 118.96 25.63 50.33 82.39 56.92 25.96 54.82 25.08 28.86 84.53 96.02 72.47 20.25 93.19 19.72 66.53 63.29 21.63 91.01 70.83 51.61 100.12 53.24 100.44 85.91 16.16 5.83 57.08 30.02 40.8 91.71 84.4 77.28 22.83 93.3 41.48 26.4 15.81 35.85 51.2 48.37 106.74 49.65 53.76 106.1 35.36 45.62 49.65 73.0 31.06 60.14 109.07 97.0 86.83 19.24 46.69 43.05 60.83 53.6 43.08 34.71 0.0 85.42 107.28 69.2 76.11 15.52 
