80
0.0 88.14 108.67 86.31 27.07 75.69 87.37 44.29 107.21 72.8 53.31 19.21 55.23 17.89 50.16 44.42 13.45 49.68 52.7 41.01 34.13 15.65 110.05 40.71 104.94 38.47 76.12 89.2 85.84 49.73 20.22 87.66 30.81 39.12 4.47 36.8 82.57 36.06 64.63 7.28 14.32 30.48 102.83 25.0 71.28 94.7 76.01 86.21 22.8 70.52 15.26 45.28 78.77 31.4 37.12 61.0 44.41 38.63 52.95 45.54 21.59 104.65 45.45 87.6 18.97 45.35 26.25 26.93 80.62 64.9 59.41 37.11 80.31 44.94 27.86 33.97 11.31 45.8 81.63 70.03 
88.14 0.0 54.74 45.35 115.04 21.21 3.16 128.0 40.5 57.45 42.15 78.59 128.04 96.63 85.0 77.94 97.13 131.32 50.12 129.14 111.32 96.88 34.89 80.26 18.36 103.37 22.2 11.05 17.26 114.06 94.37 12.17 76.16 127.25 92.27 116.73 21.02 54.45 27.78 90.02 92.96 73.54 22.8 83.2 53.54 30.0 51.88 2.24 95.52 27.02 101.83 96.9 34.93 64.54 56.29 28.64 44.01 52.77 39.0 133.02 86.98 51.35 71.28 23.54 83.02 132.14 72.57 67.72 39.56 53.26 31.38 84.86 14.42 114.13 114.98 116.42 96.88 129.03 50.33 19.31 
108.67 54.74 0.0 22.36 134.08 73.05 57.87 152.96 16.76 39.32 84.88 91.55 126.02 123.49 77.06 74.81 121.31 136.07 94.3 146.11 116.73 109.73 85.29 79.08 63.39 103.59 42.19 43.74 38.9 110.0 104.12 66.91 82.57 143.57 111.4 144.4 75.19 87.69 51.86 113.74 105.95 81.27 36.35 115.88 39.05 84.48 33.96 56.09 125.1 77.08 117.39 92.09 31.83 99.04 91.93 70.49 76.38 87.69 59.55 152.64 96.17 4.24 69.43 78.26 113.0 153.24 105.65 81.86 28.6 44.92 56.64 122.35 45.31 113.22 129.03 124.74 112.72 135.79 27.89 54.2 
86.31 45.35 22.36 0.0 111.79 59.14 48.05 130.6 25.71 19.65 66.21 69.29 106.3 101.24 57.43 54.01 98.98 115.21 75.58 123.97 95.52 87.64 79.71 58.08 59.48 83.01 26.08 35.11 28.16 90.45 82.23 56.72 60.64 121.46 89.05 122.11 63.03 66.71 32.7 91.42 83.82 59.2 36.07 94.18 18.03 74.81 13.15 45.89 103.0 61.81 95.19 72.25 12.37 77.9 71.22 52.81 55.8 67.01 38.29 130.38 74.22 18.38 48.17 67.27 91.05 130.92 84.15 59.51 7.62 23.19 36.72 101.24 32.14 93.05 107.0 103.25 90.48 114.63 7.62 37.66 
27.07 115.04 134.08 111.79 0.0 101.61 114.16 22.47 133.66 96.65 78.34 42.54 49.04 23.6 67.18 64.03 19.7 35.74 75.96 14.32 32.28 25.61 135.34 59.67 131.55 45.18 103.1 116.28 112.87 51.92 32.56 113.99 52.48 13.0 23.35 23.0 108.26 61.81 91.66 25.5 28.84 53.24 129.87 40.5 95.71 119.64 100.65 113.07 29.0 96.1 17.2 56.86 105.08 54.71 61.85 87.46 71.11 64.13 79.91 18.68 39.41 130.17 67.12 113.03 36.67 19.24 47.54 52.5 106.57 89.47 86.47 49.52 107.38 45.35 12.04 25.08 21.47 30.68 106.51 97.08 
75.69 21.21 73.05 59.14 101.61 0.0 18.44 112.0 60.42 65.73 24.02 70.33 122.04 81.1 84.65 76.58 82.61 122.58 30.36 115.92 103.35 86.93 34.89 77.79 31.58 98.01 33.06 30.53 34.18 109.64 85.88 13.34 71.06 114.34 80.08 100.12 7.21 39.81 30.36 76.12 83.26 68.25 43.93 66.12 61.61 21.21 61.66 19.1 79.03 6.32 90.44 94.07 47.01 48.01 40.11 15.81 32.2 37.48 36.62 118.71 79.4 69.26 70.43 12.81 67.03 117.35 56.0 60.46 52.01 59.14 30.41 65.97 27.89 108.47 103.45 107.02 85.7 119.62 62.07 22.2 
87.37 3.16 57.87 48.05 114.16 18.44 0.0 126.67 43.66 59.54 40.16 78.45 128.38 95.34 86.05 78.82 96.02 131.24 47.85 128.32 111.33 96.54 32.76 80.99 18.03 103.75 24.19 14.14 20.1 114.61 94.25 9.06 76.49 126.48 91.55 115.26 17.89 53.15 28.6 89.01 92.65 73.82 25.81 81.58 55.57 27.02 54.13 2.24 94.05 24.41 101.27 97.64 37.34 62.97 54.74 27.17 43.05 51.35 39.36 132.0 86.98 54.45 72.2 20.4 81.61 131.03 71.02 67.68 42.06 55.0 31.76 82.87 16.55 114.49 114.42 116.21 96.34 128.84 52.81 19.72 
44.29 128.0 152.96 130.6 22.47 112.0 126.67 0.0 150.99 116.76 88.0 62.43 68.73 31.4 89.27 85.59 31.95 53.01 83.38 22.09 54.23 47.42 143.78 81.32 143.17 67.6 118.96 130.82 128.32 73.74 54.56 125.06 73.25 24.0 41.88 12.65 118.04 73.55 107.28 39.56 50.21 73.6 145.04 46.1 115.43 127.77 120.22 125.9 33.02 106.0 38.95 79.32 122.77 64.03 72.11 99.5 84.34 75.33 96.14 15.23 60.83 148.92 88.09 122.2 45.1 11.18 56.01 71.2 124.81 109.08 101.92 50.29 122.25 67.07 33.62 46.17 42.45 48.04 125.9 111.4 
107.21 40.5 16.76 25.71 133.66 60.42 43.66 150.99 0.0 45.35 75.66 91.78 131.75 120.42 83.02 79.16 119.04 140.0 84.9 146.54 120.07 110.64 69.03 83.05 47.04 108.12 33.6 29.97 27.02 115.97 105.8 52.5 84.38 144.16 110.44 141.44 61.47 81.54 44.94 111.43 106.71 82.61 20.0 110.79 43.57 69.43 38.83 42.15 121.2 65.19 117.69 97.74 28.64 92.91 85.21 60.83 69.89 81.02 55.04 152.35 97.74 15.26 73.03 63.89 108.71 152.49 100.17 81.25 28.02 48.09 50.25 115.8 34.06 118.34 130.05 127.39 112.81 139.13 33.24 44.55 
72.8 57.45 39.32 19.65 96.65 65.73 59.54 116.76 45.35 0.0 65.62 54.38 87.05 89.2 38.05 35.51 86.05 96.75 74.33 107.94 77.47 71.59 92.28 39.81 74.03 64.28 35.36 49.04 41.87 71.11 65.55 67.12 44.28 105.31 74.89 109.48 71.17 60.93 35.51 78.75 67.98 43.42 53.82 85.0 4.12 84.5 6.71 57.31 91.93 66.61 79.61 53.01 23.35 71.12 65.92 55.04 51.92 62.03 34.53 114.93 57.78 36.06 30.36 76.22 80.92 115.88 76.01 46.1 20.0 8.94 37.01 93.81 43.05 74.03 90.62 85.62 75.18 96.51 12.17 43.68 
53.31 42.15 84.88 66.21 78.34 24.02 40.16 88.0 75.66 65.62 0.0 51.62 103.48 57.22 73.01 64.47 59.03 101.87 9.43 92.65 83.6 66.04 57.01 64.41 55.44 80.66 42.8 48.26 48.84 92.76 66.22 37.22 55.47 91.21 57.78 76.11 30.15 17.49 33.54 52.89 62.68 52.7 62.97 42.11 61.81 41.44 63.79 39.92 55.01 18.03 68.45 79.32 54.12 24.08 16.49 14.87 15.81 14.76 31.14 95.04 60.83 80.71 59.46 34.71 43.1 93.54 32.02 43.6 58.6 57.22 29.73 42.72 41.77 90.52 81.15 86.09 63.95 98.49 66.41 31.14 
19.21 78.59 91.55 69.29 42.54 70.33 78.45 62.43 91.78 54.38 51.62 0.0 52.01 36.89 32.02 25.5 32.65 52.81 54.41 54.82 33.11 19.03 105.19 22.14 96.46 29.21 63.03 77.52 73.06 41.4 15.81 80.62 11.66 52.39 20.62 55.87 77.52 34.83 52.35 26.08 15.03 11.31 90.02 39.32 53.24 90.97 58.14 76.92 41.15 66.29 25.96 30.81 63.15 36.4 38.28 54.59 38.28 37.64 40.31 61.1 9.22 87.66 26.25 83.01 33.54 61.74 35.36 11.05 64.29 46.96 47.68 51.09 68.47 38.9 38.33 37.85 21.19 50.45 63.98 59.44 
55.23 128.04 126.02 106.3 49.04 122.04 128.38 68.73 131.75 87.05 103.48 52.01 0.0 66.41 49.01 52.77 60.41 17.49 105.38 47.54 21.1 39.66 156.77 49.24 146.32 24.7 109.42 124.92 119.25 16.03 37.48 131.61 51.89 45.12 51.48 72.03 129.25 86.31 100.46 60.37 42.01 54.56 135.34 79.61 88.28 142.87 93.19 126.63 72.73 118.22 42.15 34.06 104.92 85.28 89.11 106.23 90.21 89.14 89.05 56.32 42.8 123.0 59.23 134.79 73.82 59.91 81.27 61.59 104.09 83.73 96.66 91.29 116.11 13.93 37.12 24.33 44.29 21.54 99.13 108.75 
17.89 96.63 123.49 101.24 23.6 81.1 95.34 31.4 120.42 89.2 57.22 36.89 66.41 0.0 68.03 62.27 6.08 56.6 53.6 37.12 46.1 30.02 113.77 58.59 112.02 54.04 87.92 99.46 97.12 64.2 36.35 94.01 48.55 36.36 18.44 21.02 87.37 42.19 76.22 10.82 30.41 48.01 113.76 17.0 87.32 97.86 91.83 94.53 6.32 75.24 24.52 62.37 92.59 33.14 41.01 68.18 52.95 44.05 65.39 38.08 39.22 119.36 63.01 91.79 14.14 36.35 25.32 43.14 95.02 80.92 70.84 26.25 90.96 58.55 31.62 42.54 24.0 51.87 97.2 80.05 
50.16 85.0 77.06 57.43 67.18 84.65 86.05 89.27 83.02 38.05 73.01 32.02 49.01 68.03 0.0 8.54 63.06 59.67 78.75 75.8 41.63 41.87 117.39 10.05 103.23 27.2 64.14 79.76 73.36 33.06 34.71 91.24 21.1 73.01 50.12 85.15 91.55 59.67 57.49 57.38 39.41 23.0 88.39 71.2 39.46 105.76 44.28 84.02 72.8 82.66 50.33 15.03 57.25 65.19 64.33 69.63 57.27 62.1 48.17 83.87 29.15 74.0 14.21 97.19 65.51 85.7 66.07 32.14 55.79 35.44 55.15 82.73 71.56 36.22 58.41 50.54 47.2 60.08 50.16 66.6 
44.42 77.94 74.81 54.01 64.03 76.58 78.82 85.59 79.16 35.51 64.47 25.5 52.77 62.27 8.54 0.0 57.69 61.29 70.21 73.93 41.98 38.42 109.71 4.47 96.25 29.0 57.7 73.35 67.23 37.36 31.62 83.63 13.93 71.2 45.0 80.43 83.55 51.2 50.22 51.48 35.38 15.3 82.86 64.03 36.06 97.74 41.11 76.84 66.64 74.4 46.86 19.31 52.17 57.04 55.9 61.4 48.75 53.6 40.31 81.54 24.76 71.45 6.71 89.2 58.52 83.01 58.31 24.0 51.35 31.06 47.51 75.31 64.88 39.2 56.44 50.29 43.14 61.0 47.17 59.2 
13.45 97.13 121.31 98.98 19.7 82.61 96.02 31.95 119.04 86.05 59.03 32.65 60.41 6.08 63.06 57.69 0.0 51.04 56.3 33.84 40.02 24.08 115.95 53.85 113.07 48.09 87.09 99.3 96.54 58.14 30.59 95.26 44.2 32.7 13.0 23.43 89.11 43.05 75.43 7.62 24.74 43.93 113.36 21.26 84.4 100.17 89.05 95.08 12.37 76.94 18.44 56.75 90.87 35.17 42.58 69.01 53.15 45.18 64.2 36.12 34.01 117.24 58.9 93.74 17.0 35.01 27.86 40.0 93.02 78.01 70.09 31.62 90.61 52.47 26.25 36.67 18.03 46.4 94.58 79.91 
49.68 131.32 136.07 115.21 35.74 122.58 131.24 53.01 140.0 96.75 101.87 52.81 17.49 56.6 59.67 61.29 51.04 0.0 102.2 31.14 20.22 35.85 157.44 57.14 149.26 32.56 114.59 129.63 124.62 29.68 37.0 133.33 56.44 29.02 45.34 58.05 129.71 84.38 104.56 53.08 39.36 58.69 141.28 71.84 97.33 142.71 102.4 129.69 62.77 118.07 34.66 44.92 112.11 81.06 86.27 107.02 90.38 87.13 92.65 39.62 44.38 132.74 67.07 135.06 66.6 43.42 75.69 63.6 112.0 92.09 100.17 82.66 120.62 24.17 25.06 15.81 38.42 5.1 108.46 112.09 
52.7 50.12 94.3 75.58 75.96 30.36 47.85 83.38 84.9 74.33 9.43 54.41 105.38 53.6 78.75 70.21 56.3 102.2 0.0 90.14 84.9 66.71 60.41 69.64 61.85 83.6 52.2 57.01 57.98 95.8 67.9 43.68 59.93 88.96 57.14 71.11 35.36 19.72 42.94 50.99 63.7 57.27 71.61 37.34 70.61 44.41 72.8 47.89 50.49 24.04 67.96 83.65 63.53 21.47 16.28 24.08 23.0 17.0 39.81 91.68 63.41 90.14 65.73 39.01 39.56 89.82 28.46 47.85 67.98 65.76 39.0 35.69 50.91 92.96 80.13 86.4 63.82 98.47 75.61 40.46 
41.01 129.14 146.11 123.97 14.32 115.92 128.32 22.09 146.54 107.94 92.65 54.82 47.54 37.12 75.8 73.93 33.84 31.14 90.14 0.0 36.24 36.4 149.65 69.46 145.77 50.93 116.62 130.1 126.48 54.71 42.49 128.27 63.69 2.83 37.01 29.53 122.58 76.12 105.3 39.81 40.16 64.85 143.5 54.12 107.34 133.93 112.36 127.19 41.88 110.42 28.86 63.66 117.9 68.96 76.16 101.71 85.29 78.45 93.43 8.94 50.16 142.3 77.82 127.35 50.7 12.37 61.68 65.31 119.1 101.24 100.18 62.2 121.15 48.02 17.49 27.2 33.73 26.31 118.33 111.0 
34.13 111.32 116.73 95.52 32.28 103.35 111.33 54.23 120.07 77.47 83.6 33.11 21.1 46.1 41.63 41.98 40.02 20.22 84.9 36.24 0.0 18.6 138.24 37.66 129.36 15.0 94.37 109.44 104.39 19.65 17.49 113.72 36.22 33.42 30.41 54.74 110.54 66.22 84.4 39.4 21.21 38.47 121.06 58.6 77.78 123.82 82.87 109.73 52.39 99.13 21.59 28.02 92.02 64.44 68.68 87.66 71.2 69.03 72.53 45.0 24.35 113.28 47.38 115.97 52.77 47.71 60.22 43.66 92.05 72.34 80.08 70.38 100.44 13.15 20.62 9.22 23.26 19.1 88.96 92.05 
15.65 96.88 109.73 87.64 25.61 86.93 96.54 47.42 110.64 71.59 66.04 19.03 39.66 30.02 41.87 38.42 24.08 35.85 66.71 36.4 18.6 0.0 121.74 34.06 114.48 24.02 82.01 96.33 92.02 34.53 7.21 98.03 27.31 33.84 12.37 43.83 94.02 48.55 71.18 21.59 4.0 28.46 109.0 40.5 70.94 106.89 75.96 95.13 36.01 82.29 8.49 33.24 82.04 45.97 50.61 71.51 54.78 51.31 59.14 43.42 13.89 105.95 41.68 99.32 34.54 44.65 41.62 30.0 82.98 64.85 66.37 52.5 87.28 29.41 19.42 20.12 6.08 32.7 81.93 77.93 
110.05 34.89 85.29 79.71 135.34 34.89 32.76 143.78 69.03 92.28 57.01 105.19 156.77 113.77 117.39 109.71 115.95 157.44 60.41 149.65 138.24 121.74 0.0 111.4 22.0 132.57 56.94 44.6 51.62 144.03 120.77 26.17 105.44 148.22 114.49 131.46 27.73 74.0 60.21 109.9 118.11 102.65 49.04 97.74 88.32 16.03 86.77 34.99 110.89 39.56 125.0 127.91 69.78 80.81 73.5 50.61 67.08 71.47 69.43 151.8 114.24 82.61 103.28 22.47 99.64 150.1 88.46 95.19 74.32 87.66 62.24 95.0 49.24 143.12 137.9 141.85 120.33 154.43 85.09 50.99 
40.71 80.26 79.08 58.08 59.67 77.79 80.99 81.32 83.05 39.81 64.41 22.14 49.24 58.59 10.05 4.47 53.85 57.14 69.64 69.46 37.66 34.06 111.4 0.0 98.62 25.08 60.54 76.16 70.23 34.18 27.2 85.43 11.05 66.73 41.05 76.4 84.85 50.29 52.48 47.85 31.11 13.04 86.13 61.19 40.2 99.01 45.28 79.08 63.16 75.29 42.52 16.64 55.73 55.33 54.82 62.37 48.88 52.81 42.01 77.1 20.52 75.66 10.05 90.51 55.54 78.6 56.04 22.36 55.15 35.0 49.41 72.69 67.54 35.51 51.97 45.88 38.9 56.72 51.35 61.29 
104.94 18.36 63.39 59.48 131.55 31.58 18.03 143.17 47.04 74.03 55.44 96.46 146.32 112.02 103.23 96.25 113.07 149.26 61.85 145.77 129.36 114.48 22.0 98.62 0.0 121.67 39.62 25.0 32.2 132.41 112.27 18.25 94.43 144.01 109.18 131.46 26.93 70.03 46.14 106.23 110.6 91.79 27.07 97.51 70.29 26.4 68.01 19.7 110.29 37.85 119.05 115.25 50.8 79.16 71.06 44.1 60.53 68.0 57.27 149.16 105.0 60.83 89.59 25.24 98.08 148.03 87.21 85.7 54.92 70.71 49.66 97.51 31.89 132.42 132.2 134.2 114.14 146.84 65.51 37.58 
38.47 103.37 103.59 83.01 45.18 98.01 103.75 67.6 108.12 64.28 80.66 29.21 24.7 54.04 27.2 29.0 48.09 32.56 83.6 50.93 15.0 24.02 132.57 25.08 121.67 0.0 84.77 100.24 94.64 12.21 18.25 107.19 27.29 48.1 36.06 66.41 105.21 64.03 75.77 45.18 24.19 30.02 110.86 63.35 65.03 119.02 70.06 101.98 60.0 94.49 30.81 13.04 80.75 64.88 67.42 82.2 66.6 66.84 64.4 59.55 20.25 100.32 35.13 110.8 57.27 62.01 62.39 37.64 80.22 60.03 72.01 75.5 91.42 10.77 34.41 24.21 30.07 32.89 76.11 84.1 
76.12 22.2 42.19 26.08 103.1 33.06 24.19 118.96 33.6 35.36 42.8 63.03 109.42 87.92 64.14 57.7 87.09 114.59 52.2 116.62 94.37 82.01 56.94 60.54 39.62 84.77 0.0 15.65 10.05 94.7 78.31 31.95 58.25 114.44 79.76 108.85 37.22 48.02 11.7 79.56 78.01 55.9 27.0 77.41 31.38 49.73 30.08 21.95 88.24 35.9 88.14 76.97 14.04 59.36 51.61 28.3 36.36 47.43 23.19 121.66 70.46 38.08 50.99 41.77 75.64 121.4 66.73 52.01 19.03 31.14 17.09 82.2 7.81 95.51 101.04 100.5 83.15 112.87 29.43 12.08 
89.2 11.05 43.74 35.11 116.28 30.53 14.14 130.82 29.97 49.04 48.26 77.52 124.92 99.46 79.76 73.35 99.3 129.63 57.01 130.1 109.44 96.33 44.6 76.16 25.0 100.24 15.65 0.0 7.21 110.31 93.06 23.19 73.5 128.04 93.09 120.07 31.62 57.87 25.18 91.92 92.35 71.06 14.76 87.32 45.34 41.01 43.01 12.37 99.04 35.61 102.02 92.61 25.81 68.71 60.54 33.62 46.57 56.65 37.22 134.63 85.33 40.31 66.64 34.53 86.4 134.08 76.55 66.48 30.02 46.1 30.02 90.35 9.06 111.0 115.07 115.26 97.02 127.74 40.71 19.42 
85.84 17.26 38.9 28.16 112.87 34.18 20.1 128.32 27.02 41.87 48.84 73.06 119.25 97.12 73.36 67.23 96.54 124.62 57.98 126.48 104.39 92.02 51.62 70.23 32.2 94.64 10.05 7.21 0.0 104.4 88.36 29.02 68.25 124.33 89.56 117.95 36.5 56.36 21.21 89.05 88.02 65.92 17.03 85.91 38.21 47.1 35.81 18.03 97.14 38.47 98.08 86.54 18.6 67.54 59.54 33.97 44.78 55.47 33.06 131.38 80.5 35.17 60.54 40.05 84.5 131.03 75.15 62.03 22.83 39.2 26.48 89.89 7.07 105.36 111.02 110.55 93.09 122.92 33.54 18.03 
49.73 114.06 110.0 90.45 51.92 109.64 114.61 73.74 115.97 71.11 92.76 41.4 16.03 64.2 33.06 37.36 58.14 29.68 95.8 54.71 19.65 34.53 144.03 34.18 132.41 12.21 94.7 110.31 104.4 0.0 29.73 118.43 38.6 51.97 46.87 74.33 116.82 76.22 86.31 56.09 35.44 41.4 120.21 74.73 72.44 130.73 77.32 112.77 70.35 106.3 40.0 18.25 89.5 77.03 79.63 93.86 78.52 79.03 75.29 63.63 32.45 107.02 43.97 122.44 68.68 66.65 74.32 49.52 88.46 68.07 82.86 86.83 101.64 6.71 40.16 27.73 40.31 31.89 83.22 94.89 
20.22 94.37 104.12 82.23 32.56 85.88 94.25 54.56 105.8 65.55 66.22 15.81 37.48 36.35 34.71 31.62 30.59 37.0 67.9 42.49 17.49 7.21 120.77 27.2 112.27 18.25 78.31 93.06 88.36 29.73 0.0 96.38 21.59 39.81 18.03 51.0 93.06 48.92 67.9 27.02 6.0 23.19 105.23 45.12 65.15 106.33 70.21 92.72 42.11 81.63 15.62 26.25 77.32 48.01 51.62 70.21 53.71 51.74 55.9 49.93 8.06 100.42 35.34 98.49 39.05 51.4 44.72 26.68 77.93 59.2 63.35 57.27 84.01 25.55 25.08 22.2 13.0 34.71 76.24 75.19 
87.66 12.17 66.91 56.72 113.99 13.34 9.06 125.06 52.5 67.12 37.22 80.62 131.61 94.01 91.24 83.63 95.26 133.33 43.68 128.27 113.72 98.03 26.17 85.43 18.25 107.19 31.95 23.19 29.02 118.43 96.38 0.0 79.92 126.59 91.98 113.28 9.9 52.24 34.06 88.57 94.24 77.18 34.0 79.31 63.07 18.11 62.03 11.0 92.14 19.65 102.11 102.0 45.61 61.03 53.0 26.68 43.42 50.09 43.42 131.38 89.47 63.51 77.16 11.4 80.01 130.14 69.07 70.21 50.45 61.91 36.12 79.31 24.74 117.83 115.21 117.99 97.27 130.63 61.13 24.84 
30.81 76.16 82.57 60.64 52.48 71.06 76.49 73.25 84.38 44.28 55.47 11.66 51.89 48.55 21.1 13.93 44.2 56.44 59.93 63.69 36.22 27.31 105.44 11.05 94.43 27.29 58.25 73.5 68.25 38.6 21.59 79.92 0.0 61.1 31.83 67.27 78.24 40.31 48.7 37.74 23.71 2.83 84.85 50.22 43.66 92.2 48.7 74.73 52.77 67.9 35.36 23.85 56.04 44.55 44.6 55.32 40.46 42.95 37.16 70.66 13.6 78.85 14.87 83.87 44.64 71.69 45.01 12.08 56.44 37.64 44.78 61.66 64.56 38.01 46.49 43.05 31.06 55.04 54.71 56.86 
39.12 127.25 143.57 121.46 13.0 114.34 126.48 24.0 144.16 105.31 91.21 52.39 45.12 36.36 73.01 71.2 32.7 29.02 88.96 2.83 33.42 33.84 148.22 66.73 144.01 48.1 114.44 128.04 124.33 51.97 39.81 126.59 61.1 0.0 35.01 30.46 121.05 74.53 103.17 38.33 37.64 62.3 141.35 53.34 104.75 132.56 109.79 125.32 41.4 108.91 26.48 60.83 115.52 67.68 74.73 99.98 83.49 76.9 91.27 11.66 47.54 139.78 75.15 125.88 49.66 14.87 60.54 62.97 116.66 98.68 98.08 61.85 119.07 45.28 14.76 24.41 31.4 24.08 115.77 109.0 
4.47 92.27 111.4 89.05 23.35 80.08 91.55 41.88 110.44 74.89 57.78 20.62 51.48 18.44 50.12 45.0 13.0 45.34 57.14 37.01 30.41 12.37 114.49 41.05 109.18 36.06 79.76 93.09 89.56 46.87 18.03 91.98 31.83 35.01 0.0 35.47 86.98 40.5 68.36 9.22 12.04 31.89 106.57 28.23 73.57 99.16 78.39 90.35 24.08 74.95 10.82 43.93 81.91 35.81 41.59 65.31 48.66 43.08 56.57 41.98 21.02 107.42 46.67 92.03 22.36 42.06 30.41 29.55 83.57 67.23 63.2 40.16 84.15 41.76 23.41 29.7 7.21 41.4 84.12 74.0 
36.8 116.73 144.4 122.11 23.0 100.12 115.26 12.65 141.44 109.48 76.11 55.87 72.03 21.02 85.15 80.43 23.43 58.05 71.11 29.53 54.74 43.83 131.46 76.4 131.46 66.41 108.85 120.07 117.95 74.33 51.0 113.28 67.27 30.46 35.47 0.0 106.0 62.37 97.14 30.81 45.79 67.18 134.48 34.01 107.8 115.43 112.41 114.59 21.21 94.05 35.85 76.97 113.6 52.35 60.53 88.12 73.5 63.95 86.41 25.46 56.04 140.29 82.07 110.04 33.73 22.02 44.28 63.41 115.97 101.4 91.76 37.64 111.68 67.9 35.01 48.04 38.08 52.95 117.89 100.69 
82.57 21.02 75.19 63.03 108.26 7.21 17.89 118.04 61.47 71.17 30.15 77.52 129.25 87.37 91.55 83.55 89.11 129.71 35.36 122.58 110.54 94.02 27.73 84.85 26.93 105.21 37.22 31.62 36.5 116.82 93.06 9.9 78.24 121.05 86.98 106.0 0.0 46.57 36.25 82.76 90.38 75.43 43.57 72.0 67.05 14.21 66.71 19.31 85.02 12.17 97.41 101.18 51.24 54.23 46.53 23.02 39.36 44.15 43.42 125.16 86.61 71.59 77.34 5.66 73.25 123.69 62.13 67.68 56.22 65.0 36.89 71.02 31.02 115.68 110.37 114.13 92.7 126.72 66.61 27.51 
36.06 54.45 87.69 66.71 61.81 39.81 53.15 73.55 81.54 60.93 17.49 34.83 86.31 42.19 59.67 51.2 43.05 84.38 19.72 76.12 66.22 48.55 74.0 50.29 70.03 64.03 48.02 57.87 56.36 76.22 48.92 52.24 40.31 74.53 40.5 62.37 46.57 0.0 36.62 36.35 45.22 37.7 72.45 29.55 57.7 58.69 60.9 52.35 41.23 34.48 51.08 63.95 55.87 11.4 5.1 26.02 11.66 2.83 28.43 79.16 43.93 83.45 47.27 51.55 28.64 78.01 18.79 28.23 59.46 52.0 31.4 34.66 49.77 73.59 63.91 68.6 46.52 81.01 64.9 38.63 
64.63 27.78 51.86 32.7 91.66 30.36 28.6 107.28 44.94 35.51 33.54 52.35 100.46 76.22 57.49 50.22 75.43 104.56 42.94 105.3 84.4 71.18 60.21 52.48 46.14 75.77 11.7 25.18 21.21 86.31 67.9 34.06 48.7 103.17 68.36 97.14 36.25 36.62 0.0 67.91 67.19 46.17 38.21 65.86 31.4 50.12 32.0 26.63 76.56 31.14 77.01 69.12 20.59 48.01 40.46 20.4 25.0 36.24 12.04 110.17 60.21 47.63 43.6 41.59 63.98 109.84 55.23 41.3 25.08 28.79 5.39 71.06 16.12 86.54 90.01 90.09 72.01 102.59 33.54 9.22 
7.28 90.02 113.74 91.42 25.5 76.12 89.01 39.56 111.43 78.75 52.89 26.08 60.37 10.82 57.38 51.48 7.62 53.08 50.99 39.81 39.4 21.59 109.9 47.85 106.23 45.18 79.56 91.92 89.05 56.09 27.02 88.57 37.74 38.33 9.22 30.81 82.76 36.35 67.91 0.0 21.02 37.2 105.91 19.24 77.01 94.25 81.61 88.01 15.52 70.61 18.6 52.47 83.26 29.55 36.4 62.13 46.01 38.64 56.61 43.0 28.86 109.66 52.2 87.56 13.6 42.19 23.02 32.65 85.42 70.6 62.59 31.02 83.19 50.96 29.41 37.8 16.16 48.8 87.09 72.56 
14.32 92.96 105.95 83.82 28.84 83.26 92.65 50.21 106.71 67.98 62.68 15.03 42.01 30.41 39.41 35.38 24.74 39.36 63.7 40.16 21.21 4.0 118.11 31.11 110.6 24.19 78.01 92.35 88.02 35.44 6.0 94.24 23.71 37.64 12.04 45.79 90.38 45.22 67.19 21.02 0.0 24.7 105.0 39.29 67.23 103.35 72.24 91.22 36.12 78.71 11.66 32.02 78.09 43.28 47.51 67.78 51.08 48.01 55.15 46.96 10.63 102.14 38.28 95.71 33.24 48.02 39.45 26.0 79.08 61.1 62.39 51.42 83.29 30.87 23.35 23.77 7.81 36.4 78.19 73.98 
30.48 73.54 81.27 59.2 53.24 68.25 73.82 73.6 82.61 43.42 52.7 11.31 54.56 48.01 23.0 15.3 43.93 58.69 57.27 64.85 38.47 28.46 102.65 13.04 91.79 30.02 55.9 71.06 65.92 41.4 23.19 77.18 2.83 62.3 31.89 67.18 75.43 37.7 46.17 37.2 24.7 0.0 82.61 48.76 42.54 89.38 47.54 72.09 51.97 65.07 36.25 26.63 54.15 42.3 42.06 52.5 37.64 40.31 34.54 71.59 15.13 77.49 15.0 81.06 43.32 72.47 43.1 9.49 54.74 36.4 42.15 60.02 62.1 40.71 47.8 45.0 31.76 57.14 53.49 54.23 
102.83 22.8 36.35 36.07 129.87 43.93 25.81 145.04 20.0 53.82 62.97 90.02 135.34 113.76 88.39 82.86 113.36 141.28 71.61 143.5 121.06 109.0 49.04 86.13 27.07 110.86 27.0 14.76 17.03 120.21 105.23 34.0 84.85 141.35 106.57 134.48 43.57 72.45 38.21 105.91 105.0 82.61 0.0 101.95 50.77 50.0 47.2 24.84 113.53 49.5 115.11 102.14 31.3 83.38 75.24 48.37 61.03 71.31 50.09 148.35 97.33 33.96 76.24 45.19 100.88 147.96 91.18 79.01 33.84 53.23 43.42 105.12 22.8 121.51 128.04 127.39 110.11 139.7 43.19 33.84 
25.0 83.2 115.88 94.18 40.5 66.12 81.58 46.1 110.79 85.0 42.11 39.32 79.61 17.0 71.2 64.03 21.26 71.84 37.34 54.12 58.6 40.5 97.74 61.19 97.51 63.35 77.41 87.32 85.91 74.73 45.12 79.31 50.22 53.34 28.23 34.01 72.0 29.55 65.86 19.24 39.29 48.76 101.95 0.0 82.46 81.74 86.45 81.02 13.15 60.03 37.74 69.03 84.2 18.68 26.93 54.57 41.15 30.68 56.4 54.71 45.04 111.66 62.97 76.11 6.08 52.63 10.77 41.23 87.32 76.22 60.54 12.17 79.31 69.89 47.38 56.86 35.34 67.36 91.24 68.15 
71.28 53.54 39.05 18.03 95.71 61.61 55.57 115.43 43.57 4.12 61.81 53.24 88.28 87.32 39.46 36.06 84.4 97.33 70.61 107.34 77.78 70.94 88.32 40.2 70.29 65.03 31.38 45.34 38.21 72.44 65.15 63.07 43.66 104.75 73.57 107.8 67.05 57.7 31.4 77.01 67.23 42.54 50.77 82.46 0.0 80.41 5.1 53.34 89.83 62.51 78.79 54.23 19.85 68.1 62.65 51.01 48.38 58.69 30.81 114.13 57.25 35.51 30.41 72.11 78.57 114.93 73.24 44.41 17.0 6.4 33.0 90.97 39.12 75.03 90.14 85.7 74.25 96.88 11.18 39.56 
94.7 30.0 84.48 74.81 119.64 21.21 27.02 127.77 69.43 84.5 41.44 90.97 142.87 97.86 105.76 97.74 100.17 142.71 44.41 133.93 123.82 106.89 16.03 99.01 26.4 119.02 49.73 41.01 47.1 130.73 106.33 18.11 92.2 132.56 99.16 115.43 14.21 58.69 50.12 94.25 103.35 89.38 50.0 81.74 80.41 0.0 79.7 29.07 94.89 24.7 109.77 115.28 63.56 65.0 57.87 36.88 52.7 56.08 57.63 135.92 100.12 81.22 91.55 8.6 83.74 134.16 72.57 81.4 68.45 78.72 51.04 79.01 42.76 129.4 122.56 127.02 105.19 139.53 79.08 41.15 
76.01 51.88 33.96 13.15 100.65 61.66 54.13 120.22 38.83 6.71 63.79 58.14 93.19 91.83 44.28 41.11 89.05 102.4 72.8 112.36 82.87 75.96 86.77 45.28 68.01 70.06 30.08 43.01 35.81 77.32 70.21 62.03 48.7 109.79 78.39 112.41 66.71 60.9 32.0 81.61 72.24 47.54 47.2 86.45 5.1 79.7 0.0 51.89 94.18 63.07 83.77 59.14 17.2 71.56 65.76 52.15 51.08 61.72 33.24 119.1 62.3 30.41 35.51 71.57 82.73 119.87 77.01 49.09 13.45 11.18 34.37 94.63 37.58 80.01 95.19 90.8 79.2 101.97 6.08 39.46 
86.21 2.24 56.09 45.89 113.07 19.1 2.24 125.9 42.15 57.31 39.92 76.92 126.63 94.53 84.02 76.84 95.08 129.69 47.89 127.19 109.73 95.13 34.99 79.08 19.7 101.98 21.95 12.37 18.03 112.77 92.72 11.0 74.73 125.32 90.35 114.59 19.31 52.35 26.63 88.01 91.22 72.09 24.84 81.02 53.34 29.07 51.89 0.0 93.38 24.84 99.98 95.72 35.11 62.37 54.13 26.48 42.0 50.64 37.58 131.0 85.38 52.61 70.21 22.2 80.89 130.1 70.41 66.1 39.85 52.8 29.97 82.64 14.32 112.73 113.14 114.73 95.04 127.35 50.6 17.89 
22.8 95.52 125.1 103.0 29.0 79.03 94.05 33.02 121.2 91.93 55.01 41.15 72.73 6.32 72.8 66.64 12.37 62.77 50.49 41.88 52.39 36.01 110.89 63.16 110.29 60.0 88.24 99.04 97.14 70.35 42.11 92.14 52.77 41.4 24.08 21.21 85.02 41.23 76.56 15.52 36.12 51.97 113.53 13.15 89.83 94.89 94.18 93.38 0.0 73.0 30.81 67.9 93.81 31.14 39.32 66.91 52.5 42.76 66.24 41.79 44.38 120.93 66.89 89.2 12.65 39.56 23.09 46.23 96.52 83.45 71.18 20.52 90.76 64.78 37.74 48.85 30.07 57.98 99.36 79.7 
70.52 27.02 77.08 61.81 96.1 6.32 24.41 106.0 65.19 66.61 18.03 66.29 118.22 75.24 82.66 74.4 76.94 118.07 24.04 110.42 99.13 82.29 39.56 75.29 37.85 94.49 35.9 35.61 38.47 106.3 81.63 19.65 67.9 108.91 74.95 94.05 12.17 34.48 31.14 70.61 78.71 65.07 49.5 60.03 62.51 24.7 63.07 24.84 73.0 0.0 85.44 91.29 49.5 42.11 34.37 13.04 28.02 32.02 35.34 113.0 75.45 73.16 68.51 17.09 61.13 111.54 50.04 56.85 54.45 59.44 30.08 59.67 31.78 104.81 98.35 102.42 80.78 114.97 64.07 24.19 
15.26 101.83 117.39 95.19 17.2 90.44 101.27 38.95 117.69 79.61 68.45 25.96 42.15 24.52 50.33 46.86 18.44 34.66 67.96 28.86 21.59 8.49 125.0 42.52 119.05 30.81 88.14 102.02 98.08 40.0 15.62 102.11 35.36 26.48 10.82 35.85 97.41 51.08 77.01 18.6 11.66 36.25 115.11 37.74 78.79 109.77 83.77 99.98 30.81 85.44 0.0 41.15 89.05 46.62 52.35 75.43 58.69 53.71 65.03 35.34 22.2 113.55 49.93 102.53 32.2 36.36 41.04 36.5 90.25 72.62 72.01 49.19 93.01 34.13 13.15 19.21 5.0 30.61 89.69 83.22 
45.28 96.9 92.09 72.25 56.86 94.07 97.64 79.32 97.74 53.01 79.32 30.81 34.06 62.37 15.03 19.31 56.75 44.92 83.65 63.66 28.02 33.24 127.91 16.64 115.25 13.04 76.97 92.61 86.54 18.25 26.25 102.0 23.85 60.83 43.93 76.97 101.18 63.95 69.12 52.47 32.02 26.63 102.14 69.03 54.23 115.28 59.14 95.72 67.9 91.29 41.15 0.0 71.31 67.05 68.03 78.49 64.2 66.65 58.6 72.14 24.0 89.01 26.0 106.83 63.01 74.41 66.1 35.85 70.21 49.82 66.03 81.1 84.08 21.21 46.75 37.2 39.22 45.69 65.07 77.94 
78.77 34.93 31.83 12.37 105.08 47.01 37.34 122.77 28.64 23.35 54.12 63.15 104.92 92.59 57.25 52.17 90.87 112.11 63.53 117.9 92.02 82.04 69.78 55.73 50.8 80.75 14.04 25.81 18.6 89.5 77.32 45.61 56.04 115.52 81.91 113.6 51.24 55.87 20.59 83.26 78.09 54.15 31.3 84.2 19.85 63.56 17.2 35.11 93.81 49.5 89.05 71.31 0.0 67.21 60.14 40.5 44.6 55.9 27.8 123.76 69.26 27.59 45.71 55.73 81.54 123.97 73.88 52.63 5.0 21.93 25.0 90.52 20.88 91.24 101.43 99.08 84.17 111.0 15.52 25.32 
31.4 64.54 99.04 77.9 54.71 48.01 62.97 64.03 92.91 71.12 24.08 36.4 85.28 33.14 65.19 57.04 35.17 81.06 21.47 68.96 64.44 45.97 80.81 55.33 79.16 64.88 59.36 68.71 67.54 77.03 48.01 61.03 44.55 67.68 35.81 52.35 54.23 11.4 48.01 29.55 43.28 42.3 83.38 18.68 68.1 65.0 71.56 62.37 31.14 42.11 46.62 67.05 67.21 0.0 8.25 35.9 23.02 12.08 39.62 71.02 44.72 94.79 54.15 58.69 19.03 69.46 8.06 33.06 70.72 62.18 42.8 23.35 60.84 73.5 58.67 65.3 42.64 77.2 75.8 49.66 
37.12 56.29 91.93 71.22 61.85 40.11 54.74 72.11 85.21 65.92 16.49 38.28 89.11 41.01 64.33 55.9 42.58 86.27 16.28 76.16 68.68 50.61 73.5 54.82 71.06 67.42 51.61 60.54 59.54 79.63 51.62 53.0 44.6 74.73 41.59 60.53 46.53 5.1 40.46 36.4 47.51 42.06 75.24 26.93 62.65 57.87 65.76 54.13 39.32 34.37 52.35 68.03 60.14 8.25 0.0 27.66 15.56 4.24 33.02 78.64 47.2 87.69 52.15 51.2 27.02 77.23 16.28 32.57 63.89 57.01 35.38 30.61 52.77 76.69 64.88 70.46 48.02 82.68 69.64 41.59 
61.0 28.64 70.49 52.81 87.46 15.81 27.17 99.5 60.83 55.04 14.87 54.59 106.23 68.18 69.63 61.4 69.01 107.02 24.08 101.71 87.66 71.51 50.61 62.37 44.1 82.2 28.3 33.62 33.97 93.86 70.21 26.68 55.32 99.98 65.31 88.12 23.02 26.02 20.4 62.13 67.78 52.5 48.37 54.57 51.01 36.88 52.15 26.48 66.91 13.04 75.43 78.49 40.5 35.9 27.66 0.0 16.76 24.19 22.47 105.08 63.63 66.37 55.47 28.6 54.45 104.0 43.93 44.65 45.22 47.38 18.03 56.8 26.91 92.66 88.53 91.55 70.6 104.18 53.94 16.4 
44.41 44.01 76.38 55.8 71.11 32.2 43.05 84.34 69.89 51.92 15.81 38.28 90.21 52.95 57.27 48.75 53.15 90.38 23.0 85.29 71.2 54.78 67.08 48.88 60.53 66.6 36.36 46.57 44.78 78.52 53.71 43.42 40.46 83.49 48.66 73.5 39.36 11.66 25.0 46.01 51.08 37.64 61.03 41.15 48.38 52.7 51.08 42.0 52.5 28.02 58.69 64.2 44.6 23.02 15.56 16.76 0.0 11.31 17.89 89.01 47.43 72.14 43.66 44.78 39.85 88.14 30.41 29.0 48.41 43.17 19.85 46.1 38.28 76.84 71.81 74.85 53.85 87.46 54.59 27.2 
38.63 52.77 87.69 67.01 64.13 37.48 51.35 75.33 81.02 62.03 14.76 37.64 89.14 44.05 62.1 53.6 45.18 87.13 17.0 78.45 69.03 51.31 71.47 52.81 68.0 66.84 47.43 56.65 55.47 79.03 51.74 50.09 42.95 76.9 43.08 63.95 44.15 2.83 36.24 38.64 48.01 40.31 71.31 30.68 58.69 56.08 61.72 50.64 42.76 32.02 53.71 66.65 55.9 12.08 4.24 24.19 11.31 0.0 28.84 81.3 46.75 83.45 49.5 49.04 30.27 80.06 19.92 30.87 59.67 53.14 31.14 34.83 48.75 76.42 66.48 71.34 49.19 83.73 65.51 37.58 
52.95 39.0 59.55 38.29 79.91 36.62 39.36 96.14 55.04 34.53 31.14 40.31 89.05 65.39 48.17 40.31 64.2 92.65 39.81 93.43 72.53 59.14 69.43 42.01 57.27 64.4 23.19 37.22 33.06 75.29 55.9 43.42 37.16 91.27 56.57 86.41 43.42 28.43 12.04 56.61 55.15 34.54 50.09 56.4 30.81 57.63 33.24 37.58 66.24 35.34 65.03 58.6 27.8 39.62 33.02 22.47 17.89 28.84 0.0 98.48 48.27 55.32 33.97 49.04 53.85 98.27 46.1 29.27 31.11 26.08 7.62 62.97 28.16 75.15 78.0 78.09 60.03 90.61 36.72 19.7 
45.54 133.02 152.64 130.38 18.68 118.71 132.0 15.23 152.35 114.93 95.04 61.1 56.32 38.08 83.87 81.54 36.12 39.62 91.68 8.94 45.0 43.42 151.8 77.1 149.16 59.55 121.66 134.63 131.38 63.63 49.93 131.38 70.66 11.66 41.98 25.46 125.16 79.16 110.17 43.0 46.96 71.59 148.35 54.71 114.13 135.92 119.1 131.0 41.79 113.0 35.34 72.14 123.76 71.02 78.64 105.08 89.01 81.3 98.48 0.0 57.31 148.76 85.09 129.71 52.17 4.12 63.35 71.17 125.23 107.94 104.94 61.29 125.78 56.94 25.5 36.06 39.92 34.93 125.0 115.35 
21.59 86.98 96.17 74.22 39.41 79.4 86.98 60.83 97.74 57.78 60.83 9.22 42.8 39.22 29.15 24.76 34.01 44.38 63.41 50.16 24.35 13.89 114.24 20.52 105.0 20.25 70.46 85.33 80.5 32.45 8.06 89.47 13.6 47.54 21.02 56.04 86.61 43.93 60.21 28.86 10.63 15.13 97.33 45.04 57.25 100.12 62.3 85.38 44.38 75.45 22.2 24.0 69.26 44.72 47.2 63.63 47.43 46.75 48.27 57.31 0.0 92.44 27.78 92.11 39.01 58.52 42.72 19.31 69.87 51.24 55.79 57.14 76.3 29.7 32.89 30.07 18.38 42.43 68.31 67.72 
104.65 51.35 4.24 18.38 130.17 69.26 54.45 148.92 15.26 36.06 80.71 87.66 123.0 119.36 74.0 71.45 117.24 132.74 90.14 142.3 113.28 105.95 82.61 75.66 60.83 100.32 38.08 40.31 35.17 107.02 100.42 63.51 78.85 139.78 107.42 140.29 71.59 83.45 47.63 109.66 102.14 77.49 33.96 111.66 35.51 81.22 30.41 52.61 120.93 73.16 113.55 89.01 27.59 94.79 87.69 66.37 72.14 83.45 55.32 148.76 92.44 0.0 65.92 74.81 108.81 149.31 101.41 77.88 24.41 41.23 52.4 118.11 41.44 110.07 125.28 121.2 108.85 132.37 24.33 50.12 
45.45 71.28 69.43 48.17 67.12 70.43 72.2 88.09 73.03 30.36 59.46 26.25 59.23 63.01 14.21 6.71 58.9 67.07 65.73 77.82 47.38 41.68 103.28 10.05 89.59 35.13 50.99 66.64 60.54 43.97 35.34 77.16 14.87 75.15 46.67 82.07 77.34 47.27 43.6 52.2 38.28 15.0 76.24 62.97 30.41 91.55 35.51 70.21 66.89 68.51 49.93 26.0 45.71 54.15 52.15 55.47 43.66 49.5 33.97 85.09 27.78 65.92 0.0 82.98 57.78 86.28 56.29 21.84 45.1 25.02 41.04 73.76 58.18 45.54 60.42 55.32 45.8 66.48 41.59 52.63 
87.6 23.54 78.26 67.27 113.03 12.81 20.4 122.2 63.89 76.22 34.71 83.01 134.79 91.79 97.19 89.2 93.74 135.06 39.01 127.35 115.97 99.32 22.47 90.51 25.24 110.8 41.77 34.53 40.05 122.44 98.49 11.4 83.87 125.88 92.03 110.04 5.66 51.55 41.59 87.56 95.71 81.06 45.19 76.11 72.11 8.6 71.57 22.2 89.2 17.09 102.53 106.83 55.73 58.69 51.2 28.6 44.78 49.04 49.04 129.71 92.11 74.81 82.98 0.0 77.65 128.13 66.48 73.24 60.67 70.26 42.44 74.43 35.13 121.25 115.43 119.44 97.86 132.0 71.2 32.7 
18.97 83.02 113.0 91.05 36.67 67.03 81.61 45.1 108.71 80.92 43.1 33.54 73.82 14.14 65.51 58.52 17.0 66.6 39.56 50.7 52.77 34.54 99.64 55.54 98.08 57.27 75.64 86.4 84.5 68.68 39.05 80.01 44.64 49.66 22.36 33.73 73.25 28.64 63.98 13.6 33.24 43.32 100.88 6.08 78.57 83.74 82.73 80.89 12.65 61.13 32.2 63.01 81.54 19.03 27.02 54.45 39.85 30.27 53.85 52.17 39.01 108.81 57.78 77.65 0.0 50.49 11.18 36.24 84.4 72.25 58.6 18.25 78.11 63.91 42.52 51.4 29.53 62.24 87.73 67.05 
45.35 132.14 153.24 130.92 19.24 117.35 131.03 11.18 152.49 115.88 93.54 61.74 59.91 36.35 85.7 83.01 35.01 43.42 89.82 12.37 47.71 44.65 150.1 78.6 148.03 62.01 121.4 134.08 131.03 66.65 51.4 130.14 71.69 14.87 42.06 22.02 123.69 78.01 109.84 42.19 48.02 72.47 147.96 52.63 114.93 134.16 119.87 130.1 39.56 111.54 36.36 74.41 123.97 69.46 77.23 104.0 88.14 80.06 98.27 4.12 58.52 149.31 86.28 128.13 50.49 0.0 61.66 71.51 125.59 108.69 104.56 58.6 125.3 59.94 27.66 38.95 40.71 38.64 125.72 114.74 
26.25 72.57 105.65 84.15 47.54 56.0 71.02 56.01 100.17 76.01 32.02 35.36 81.27 25.32 66.07 58.31 27.86 75.69 28.46 61.68 60.22 41.62 88.46 56.04 87.21 62.39 66.73 76.55 75.15 74.32 44.72 69.07 45.01 60.54 30.41 44.28 62.13 18.79 55.23 23.02 39.45 43.1 91.18 10.77 73.24 72.57 77.01 70.41 23.09 50.04 41.04 66.1 73.88 8.06 16.28 43.93 30.41 19.92 46.1 63.35 42.72 101.41 56.29 66.48 11.18 61.66 0.0 34.53 77.16 67.12 49.93 17.89 68.54 70.24 52.43 60.11 37.54 71.59 81.57 57.38 
26.93 67.72 81.86 59.51 52.5 60.46 67.68 71.2 81.25 46.1 43.6 11.05 61.59 43.14 32.14 24.0 40.0 63.6 47.85 65.31 43.66 30.0 95.19 22.36 85.7 37.64 52.01 66.48 62.03 49.52 26.68 70.21 12.08 62.97 29.55 63.41 67.68 28.23 41.3 32.65 26.0 9.49 79.01 41.23 44.41 81.4 49.09 66.1 46.23 56.85 36.5 35.85 52.63 33.06 32.57 44.65 29.0 30.87 29.27 71.17 19.31 77.88 21.84 73.24 36.24 71.51 34.53 0.0 54.08 38.01 36.67 51.92 57.43 48.01 49.16 48.84 31.58 61.39 54.71 48.51 
80.62 39.56 28.6 7.62 106.57 52.01 42.06 124.81 28.02 20.0 58.6 64.29 104.09 95.02 55.79 51.35 93.02 112.0 67.98 119.1 92.05 82.98 74.32 55.15 54.92 80.22 19.03 30.02 22.83 88.46 77.93 50.45 56.44 116.66 83.57 115.97 56.22 59.46 25.08 85.42 79.08 54.74 33.84 87.32 17.0 68.45 13.45 39.85 96.52 54.45 90.25 70.21 5.0 70.72 63.89 45.22 48.41 59.67 31.11 125.23 69.87 24.41 45.1 60.67 84.4 125.59 77.16 54.08 0.0 20.4 29.15 94.07 25.71 90.55 102.39 99.41 85.44 111.11 10.77 30.27 
64.9 53.26 44.92 23.19 89.47 59.14 55.0 109.08 48.09 8.94 57.22 46.96 83.73 80.92 35.44 31.06 78.01 92.09 65.76 101.24 72.34 64.85 87.66 35.0 70.71 60.03 31.14 46.1 39.2 68.07 59.2 61.91 37.64 98.68 67.23 101.4 65.0 52.0 28.79 70.6 61.1 36.4 53.23 76.22 6.4 78.72 11.18 52.8 83.45 59.44 72.62 49.82 21.93 62.18 57.01 47.38 43.17 53.14 26.08 107.94 51.24 41.23 25.02 70.26 72.25 108.69 67.12 38.01 20.4 0.0 29.43 84.91 38.95 70.26 84.12 80.06 68.03 91.44 17.09 37.58 
59.41 31.38 56.64 36.72 86.47 30.41 31.76 101.92 50.25 37.01 29.73 47.68 96.66 70.84 55.15 47.51 70.09 100.17 39.0 100.18 80.08 66.37 62.24 49.41 49.66 72.01 17.09 30.02 26.48 82.86 63.35 36.12 44.78 98.08 63.2 91.76 36.89 31.4 5.39 62.59 62.39 42.15 43.42 60.54 33.0 51.04 34.37 29.97 71.18 30.08 72.01 66.03 25.0 42.8 35.38 18.03 19.85 31.14 7.62 104.94 55.79 52.4 41.04 42.44 58.6 104.56 49.93 36.67 29.15 29.43 0.0 65.95 21.0 82.76 85.05 85.51 67.01 98.06 36.69 12.08 
37.11 84.86 122.35 101.24 49.52 65.97 82.87 50.29 115.8 93.81 42.72 51.09 91.29 26.25 82.73 75.31 31.62 82.66 35.69 62.2 70.38 52.5 95.0 72.69 97.51 75.5 82.2 90.35 89.89 86.83 57.27 79.31 61.66 61.85 40.16 37.64 71.02 34.66 71.06 31.02 51.42 60.02 105.12 12.17 90.97 79.01 94.63 82.64 20.52 59.67 49.19 81.1 90.52 23.35 30.61 56.8 46.1 34.83 62.97 61.29 57.14 118.11 73.76 74.43 18.25 58.6 17.89 51.92 94.07 84.91 65.95 0.0 83.01 81.91 57.8 68.1 47.17 78.01 99.02 71.87 
80.31 14.42 45.31 32.14 107.38 27.89 16.55 122.25 34.06 43.05 41.77 68.47 116.11 90.96 71.56 64.88 90.61 120.62 50.91 121.15 100.44 87.28 49.24 67.54 31.89 91.42 7.81 9.06 7.07 101.64 84.01 24.74 64.56 119.07 84.15 111.68 31.02 49.77 16.12 83.19 83.29 62.1 22.8 79.31 39.12 42.76 37.58 14.32 90.76 31.78 93.01 84.08 20.88 60.84 52.77 26.91 38.28 48.75 28.16 125.78 76.3 41.44 58.18 35.13 78.11 125.3 68.54 57.43 25.71 38.95 21.0 83.01 0.0 102.18 106.04 106.21 88.01 118.7 36.4 11.18 
44.94 114.13 113.22 93.05 45.35 108.47 114.49 67.07 118.34 74.03 90.52 38.9 13.93 58.55 36.22 39.2 52.47 24.17 92.96 48.02 13.15 29.41 143.12 35.51 132.42 10.77 95.51 111.0 105.36 6.71 25.55 117.83 38.01 45.28 41.76 67.9 115.68 73.59 86.54 50.96 30.87 40.71 121.51 69.89 75.03 129.4 80.01 112.73 64.78 104.81 34.13 21.21 91.24 73.5 76.69 92.66 76.84 76.42 75.15 56.94 29.7 110.07 45.54 121.25 63.91 59.94 70.24 48.01 90.55 70.26 82.76 81.91 102.18 0.0 33.53 21.02 34.93 25.81 86.0 94.85 
27.86 114.98 129.03 107.0 12.04 103.45 114.42 33.62 130.05 90.62 81.15 38.33 37.12 31.62 58.41 56.44 26.25 25.06 80.13 17.49 20.62 19.42 137.9 51.97 132.2 34.41 101.04 115.07 111.02 40.16 25.08 115.21 46.49 14.76 23.41 35.01 110.37 63.91 90.01 29.41 23.35 47.8 128.04 47.38 90.14 122.56 95.19 113.14 37.74 98.35 13.15 46.75 101.43 58.67 64.88 88.53 71.81 66.48 78.0 25.5 32.89 125.28 60.42 115.43 42.52 27.66 52.43 49.16 102.39 84.12 85.05 57.8 106.04 33.53 0.0 13.04 18.11 20.25 101.19 96.33 
33.97 116.42 124.74 103.25 25.08 107.02 116.21 46.17 127.39 85.62 86.09 37.85 24.33 42.54 50.54 50.29 36.67 15.81 86.4 27.2 9.22 20.12 141.85 45.88 134.2 24.21 100.5 115.26 110.55 27.73 22.2 117.99 43.05 24.41 29.7 48.04 114.13 68.6 90.09 37.8 23.77 45.0 127.39 56.86 85.7 127.02 90.8 114.73 48.85 102.42 19.21 37.2 99.08 65.3 70.46 91.55 74.85 71.34 78.09 36.06 30.07 121.2 55.32 119.44 51.4 38.95 60.11 48.84 99.41 80.06 85.51 68.1 106.21 21.02 13.04 0.0 22.67 12.65 96.88 97.29 
11.31 96.88 112.72 90.48 21.47 85.7 96.34 42.45 112.81 75.18 63.95 21.19 44.29 24.0 47.2 43.14 18.03 38.42 63.82 33.73 23.26 6.08 120.33 38.9 114.14 30.07 83.15 97.02 93.09 40.31 13.0 97.27 31.06 31.4 7.21 38.08 92.7 46.52 72.01 16.16 7.81 31.76 110.11 35.34 74.25 105.19 79.2 95.04 30.07 80.78 5.0 39.22 84.17 42.64 48.02 70.6 53.85 49.19 60.03 39.92 18.38 108.85 45.8 97.86 29.53 40.71 37.54 31.58 85.44 68.03 67.01 47.17 88.01 34.93 18.11 22.67 0.0 34.67 85.09 78.23 
45.8 129.03 135.79 114.63 30.68 119.62 128.84 48.04 139.13 96.51 98.49 50.45 21.54 51.87 60.08 61.0 46.4 5.1 98.47 26.31 19.1 32.7 154.43 56.72 146.84 32.89 112.87 127.74 122.92 31.89 34.71 130.63 55.04 24.08 41.4 52.95 126.72 81.01 102.59 48.8 36.4 57.14 139.7 67.36 96.88 139.53 101.97 127.35 57.98 114.97 30.61 45.69 111.0 77.2 82.68 104.18 87.46 83.73 90.61 34.93 42.43 132.37 66.48 132.0 62.24 38.64 71.59 61.39 111.11 91.44 98.06 78.01 118.7 25.81 20.25 12.65 34.67 0.0 108.05 109.88 
81.63 50.33 27.89 7.62 106.51 62.07 52.81 125.9 33.24 12.17 66.41 63.98 99.13 97.2 50.16 47.17 94.58 108.46 75.61 118.33 88.96 81.93 85.09 51.35 65.51 76.11 29.43 40.71 33.54 83.22 76.24 61.13 54.71 115.77 84.12 117.89 66.61 64.9 33.54 87.09 78.19 53.49 43.19 91.24 11.18 79.08 6.08 50.6 99.36 64.07 89.69 65.07 15.52 75.8 69.64 53.94 54.59 65.51 36.72 125.0 68.31 24.33 41.59 71.2 87.73 125.72 81.57 54.71 10.77 17.09 36.69 99.02 36.4 86.0 101.19 96.88 85.09 108.05 0.0 40.0 
70.03 19.31 54.2 37.66 97.08 22.2 19.72 111.4 44.55 43.68 31.14 59.44 108.75 80.05 66.6 59.2 79.91 112.09 40.46 111.0 92.05 77.93 50.99 61.29 37.58 84.1 12.08 19.42 18.03 94.89 75.19 24.84 56.86 109.0 74.0 100.69 27.51 38.63 9.22 72.56 73.98 54.23 33.84 68.15 39.56 41.15 39.46 17.89 79.7 24.19 83.22 77.94 25.32 49.66 41.59 16.4 27.2 37.58 19.7 115.35 67.72 50.12 52.63 32.7 67.05 114.74 57.38 48.51 30.27 37.58 12.08 71.87 11.18 94.85 96.33 97.29 78.23 109.88 40.0 0.0 
