50
0.0 24.17 52.24 15.03 50.6 16.97 9.9 11.4 14.04 14.32 27.29 46.1 22.09 49.25 47.01 47.3 41.98 58.87 39.01 19.03 36.24 10.44 14.56 37.22 9.49 49.04 19.1 36.62 56.08 39.46 38.01 29.15 16.28 21.02 24.41 28.02 33.02 15.0 23.19 57.07 34.01 43.46 16.03 42.19 21.93 57.22 19.31 39.56 45.65 13.45 
24.17 0.0 30.41 38.08 26.68 34.06 29.15 25.02 23.35 16.28 7.81 25.0 45.61 27.46 26.57 24.02 19.03 34.79 19.24 9.49 12.21 19.0 10.0 54.74 18.38 25.0 41.77 13.6 31.95 17.46 18.36 47.27 19.92 15.81 4.47 50.8 55.73 31.06 7.07 34.01 53.15 19.31 21.84 24.41 38.33 35.36 40.11 16.03 21.63 12.04 
52.24 30.41 0.0 67.12 11.7 64.38 59.03 55.33 53.76 46.69 25.02 6.32 74.33 3.0 6.4 8.49 11.7 16.28 13.6 33.24 23.32 49.25 38.01 85.16 43.74 13.42 71.06 27.2 16.0 13.04 14.56 77.65 50.22 45.22 33.24 80.1 85.09 61.4 29.07 7.21 83.49 16.97 52.17 13.45 68.73 5.0 70.03 15.23 20.81 42.19 
15.03 38.08 67.12 0.0 64.76 11.4 10.0 15.62 19.1 24.19 42.11 61.03 7.62 64.12 62.0 61.81 56.57 72.8 54.0 34.0 49.65 20.12 29.15 24.76 24.33 63.06 4.12 49.24 69.92 54.23 53.0 17.2 23.43 30.0 37.34 13.0 18.0 12.53 38.05 71.7 20.62 57.28 21.93 57.22 14.04 72.11 6.71 53.94 58.87 26.25 
50.6 26.68 11.7 64.76 0.0 60.13 55.73 51.24 49.04 42.11 24.19 13.15 72.28 11.05 15.03 5.39 9.9 8.6 17.49 32.65 16.03 45.4 36.06 80.06 43.38 2.24 68.45 18.68 6.4 13.45 18.03 73.01 45.0 39.12 28.07 77.47 82.38 57.14 28.18 9.43 79.03 8.06 47.0 20.88 64.01 14.21 66.61 11.18 10.0 38.64 
16.97 34.06 64.38 11.4 60.13 0.0 7.07 9.06 11.18 18.03 39.81 58.69 17.2 61.4 60.02 58.01 53.08 67.6 52.17 32.89 44.28 15.13 27.2 21.19 25.81 58.22 12.21 42.95 64.63 51.35 51.2 13.34 15.52 22.14 32.06 19.42 23.71 3.0 36.14 68.01 19.1 52.24 13.6 56.32 5.0 69.35 7.81 50.01 52.95 22.2 
9.9 29.15 59.03 10.0 55.73 7.07 0.0 5.66 9.22 14.32 34.13 53.15 17.49 56.04 54.33 53.15 48.04 63.56 46.39 26.68 40.26 10.44 21.21 27.73 18.87 53.94 13.0 39.56 60.64 46.01 45.4 19.7 13.45 20.0 27.89 21.84 26.68 5.39 30.27 63.13 25.0 48.05 12.04 50.22 12.04 64.03 11.0 45.18 49.34 17.12 
11.4 25.02 55.33 15.62 51.24 9.06 5.66 0.0 3.61 9.22 30.81 49.65 23.02 52.35 50.99 49.0 44.05 58.86 43.17 24.17 35.51 6.08 18.38 30.08 18.44 49.37 18.36 34.48 55.9 42.3 42.2 22.36 7.81 14.42 23.19 26.93 31.62 6.08 27.2 59.0 28.16 43.42 6.4 47.43 13.6 60.3 15.52 41.0 44.38 13.15 
14.04 23.35 53.76 19.1 49.04 11.18 9.22 3.61 0.0 7.07 29.73 48.27 26.4 50.8 49.73 47.1 42.3 56.44 42.06 23.85 33.14 5.66 18.03 31.4 19.72 47.1 21.63 31.78 53.46 40.79 41.11 24.02 4.47 11.18 21.0 29.97 34.54 8.25 26.4 57.08 30.0 41.11 2.83 46.62 15.03 58.69 18.38 39.12 41.77 12.08 
14.32 16.28 46.69 24.19 42.11 18.03 14.32 9.22 7.07 0.0 22.85 41.23 31.76 43.74 42.72 40.05 35.23 49.65 35.11 17.69 26.31 4.24 12.04 38.47 16.28 40.2 27.31 25.3 46.69 33.73 34.18 31.06 4.24 6.71 14.04 36.06 40.8 15.03 19.72 50.04 37.01 34.23 5.83 39.81 22.09 51.62 24.74 32.06 35.17 5.66 
27.29 7.81 25.02 42.11 24.19 39.81 34.13 30.81 29.73 22.85 0.0 19.03 49.37 22.02 20.22 20.25 14.87 32.76 12.37 8.54 13.93 24.74 13.0 60.88 19.31 23.02 46.04 17.26 30.23 12.17 11.4 53.15 26.83 23.43 12.21 55.08 60.07 36.88 4.12 29.83 58.86 18.38 28.64 17.0 44.38 30.02 45.1 13.04 22.2 17.72 
46.1 25.0 6.32 61.03 13.15 58.69 53.15 49.65 48.27 41.23 19.03 0.0 68.18 3.61 2.24 8.0 7.81 20.12 7.28 27.07 19.8 43.57 32.02 79.62 37.48 14.0 65.01 24.08 18.97 7.62 8.25 72.01 44.92 40.31 28.23 74.03 79.03 55.73 23.0 12.81 77.78 15.23 46.84 8.06 63.15 11.18 64.12 11.31 19.92 36.5 
22.09 45.61 74.33 7.62 72.28 17.2 17.49 23.02 26.4 31.76 49.37 68.18 0.0 71.34 69.07 69.23 63.95 80.36 61.07 41.11 57.25 27.73 36.5 23.26 31.02 70.6 5.0 56.86 77.49 61.52 60.07 17.26 30.81 37.44 44.94 6.71 11.4 19.1 45.28 79.08 18.36 64.85 29.21 64.03 18.03 79.31 9.85 61.39 66.48 33.84 
49.25 27.46 3.0 64.12 11.05 61.4 56.04 52.35 50.8 43.74 22.02 3.61 71.34 0.0 4.47 6.71 8.94 17.09 10.77 30.27 20.81 46.27 35.01 82.2 40.79 12.37 68.07 24.84 16.28 10.05 11.7 74.67 47.3 42.38 30.36 77.1 82.1 58.42 26.08 9.22 80.5 15.0 49.24 11.4 65.76 8.0 67.03 12.53 19.24 39.2 
47.01 26.57 6.4 62.0 15.03 60.02 54.33 50.99 49.73 42.72 20.22 2.24 69.07 4.47 0.0 10.05 10.0 21.54 8.0 28.0 21.93 44.91 33.14 81.02 38.21 16.03 66.01 26.25 20.62 9.43 9.0 73.35 46.49 42.05 29.97 75.0 80.0 57.07 24.08 13.45 79.08 17.46 48.38 7.07 64.54 10.77 65.28 13.45 22.14 37.85 
47.3 24.02 8.49 61.81 5.39 58.01 53.15 49.0 47.1 40.05 20.25 8.0 69.23 6.71 10.05 0.0 5.39 13.45 12.21 28.79 15.23 43.01 32.76 78.41 39.56 6.0 65.62 18.87 11.66 8.6 12.81 71.11 43.29 37.85 26.17 74.67 79.63 55.01 24.35 10.0 77.06 8.49 45.28 15.52 62.13 12.53 64.12 8.0 12.53 36.06 
41.98 19.03 11.7 56.57 9.9 53.08 48.04 44.05 42.3 35.23 14.87 7.81 63.95 8.94 10.0 5.39 0.0 18.44 8.25 23.41 12.04 38.01 27.46 73.68 34.18 9.43 60.41 16.28 16.28 3.61 8.54 66.27 38.64 33.53 21.59 69.46 74.43 50.09 18.97 15.13 72.17 8.06 40.61 13.04 57.31 16.49 59.03 3.61 13.04 31.0 
58.87 34.79 16.28 72.8 8.6 67.6 63.56 58.86 56.44 49.65 32.76 20.12 80.36 17.09 21.54 13.45 18.44 0.0 25.61 41.18 23.35 53.15 44.38 87.02 51.88 9.85 76.4 25.0 3.0 21.93 26.25 80.22 52.24 46.04 35.69 85.38 90.24 64.63 36.72 10.05 86.28 15.52 54.23 28.18 71.25 16.12 74.33 19.72 15.03 46.57 
39.01 19.24 13.6 54.0 17.49 52.17 46.39 43.17 42.06 35.11 12.37 7.28 61.07 10.77 8.0 12.21 8.25 25.61 0.0 20.0 17.46 37.11 25.18 73.25 30.27 17.46 58.01 21.93 23.85 5.0 1.0 65.51 39.0 34.99 23.02 67.0 72.0 49.24 16.12 19.72 71.2 16.03 40.85 5.83 56.75 18.44 57.31 10.05 21.02 30.08 
19.03 9.49 33.24 34.0 32.65 32.89 26.68 24.17 23.85 17.69 8.54 27.07 41.11 30.27 28.0 28.79 23.41 41.18 20.0 0.0 20.62 18.36 5.83 54.08 10.77 31.38 38.01 22.83 38.59 20.62 19.0 46.17 21.93 20.59 13.04 47.0 52.0 30.08 4.47 38.33 51.66 26.4 23.43 23.54 37.7 38.21 37.48 21.47 29.7 12.04 
36.24 12.21 23.32 49.65 16.03 44.28 40.26 35.51 33.14 26.31 13.93 19.8 57.25 20.81 21.93 15.23 12.04 23.35 17.46 20.62 0.0 29.83 22.2 64.03 30.48 14.0 53.16 4.47 20.4 13.04 17.09 57.04 29.02 23.09 12.37 62.1 66.94 41.3 16.64 24.74 63.07 8.0 31.02 23.26 48.04 27.73 50.99 8.49 9.43 23.41 
10.44 19.0 49.25 20.12 45.4 15.13 10.44 6.08 5.66 4.24 24.74 43.57 27.73 46.27 44.91 43.01 38.01 53.15 37.11 18.36 29.83 0.0 12.53 36.14 14.32 43.57 23.41 29.15 50.22 36.22 36.14 28.44 6.0 10.82 17.46 32.28 37.11 12.17 21.19 53.01 34.23 37.66 6.32 41.44 19.65 54.23 21.21 35.01 38.9 7.07 
14.56 10.0 38.01 29.15 36.06 27.2 21.21 18.38 18.03 12.04 13.0 32.02 36.5 35.01 33.14 32.76 27.46 44.38 25.18 5.83 22.2 12.53 0.0 48.38 8.6 34.54 33.06 23.35 41.63 25.08 24.19 40.52 16.28 15.81 11.66 42.11 47.1 24.35 9.06 42.58 46.1 29.07 17.69 29.12 31.95 43.01 32.14 25.0 31.62 6.4 
37.22 54.74 85.16 24.76 80.06 21.19 27.73 30.08 31.4 38.47 60.88 79.62 23.26 82.2 81.02 78.41 73.68 87.02 73.25 54.08 64.03 36.14 48.38 0.0 46.53 78.03 21.4 62.03 84.02 72.18 72.28 8.06 35.13 41.0 52.24 18.44 18.03 24.04 57.28 88.36 5.1 72.03 33.14 77.49 16.49 90.09 18.44 70.46 72.06 43.17 
9.49 18.38 43.74 24.33 43.38 25.81 18.87 18.44 19.72 16.28 19.31 37.48 31.02 40.79 38.21 39.56 34.18 51.88 30.27 10.77 30.48 14.32 8.6 46.53 0.0 42.06 28.44 31.89 49.24 31.32 29.27 38.47 19.92 22.0 20.25 37.22 42.19 23.43 15.23 49.04 43.46 36.89 20.62 33.02 30.81 48.66 28.79 32.2 39.82 12.04 
49.04 25.0 13.42 63.06 2.24 58.22 53.94 49.37 47.1 40.2 23.02 14.0 70.6 12.37 16.03 6.0 9.43 9.85 17.46 31.38 14.0 43.57 34.54 78.03 42.06 0.0 66.71 16.49 7.21 13.04 17.89 71.03 43.01 37.05 26.17 75.71 80.6 55.23 26.93 11.66 77.06 6.0 45.01 21.38 62.03 16.28 64.78 10.0 7.81 36.88 
19.1 41.77 71.06 4.12 68.45 12.21 13.0 18.36 21.63 27.31 46.04 65.01 5.0 68.07 66.01 65.62 60.41 76.4 58.01 38.01 53.16 23.41 33.06 21.4 28.44 66.71 0.0 52.55 73.5 58.14 57.01 14.32 26.08 32.76 40.8 9.06 14.04 14.14 42.01 75.54 16.97 60.88 24.41 61.29 13.34 76.06 5.1 57.71 62.3 29.83 
36.62 13.6 27.2 49.24 18.68 42.95 39.56 34.48 31.78 25.3 17.26 24.08 56.86 24.84 26.25 18.87 16.28 25.0 21.93 22.83 4.47 29.15 23.35 62.03 31.89 16.49 52.55 0.0 22.0 17.49 21.54 55.33 27.46 21.1 12.21 61.35 66.1 40.02 19.31 27.86 61.4 10.77 29.43 27.73 46.39 31.38 50.0 12.81 10.05 23.32 
56.08 31.95 16.0 69.92 6.4 64.63 60.64 55.9 53.46 46.69 30.23 18.97 77.49 16.28 20.62 11.66 16.28 3.0 23.85 38.59 20.4 50.22 41.63 84.02 49.24 7.21 73.5 22.0 0.0 19.85 24.41 77.23 49.25 43.05 32.76 82.46 87.32 61.66 34.13 10.77 83.29 12.65 51.24 26.93 68.26 16.76 71.39 17.2 12.04 43.68 
39.46 17.46 13.04 54.23 13.45 51.35 46.01 42.3 40.79 33.73 12.17 7.62 61.52 10.05 9.43 8.6 3.61 21.93 5.0 20.62 13.04 36.22 25.08 72.18 31.32 13.04 58.14 17.49 19.85 0.0 5.1 64.63 37.36 32.7 20.62 67.19 72.17 48.37 16.28 17.72 70.46 11.05 39.29 10.44 55.73 18.03 57.01 5.1 16.03 29.15 
38.01 18.36 14.56 53.0 18.03 51.2 45.4 42.2 41.11 34.18 11.4 8.25 60.07 11.7 9.0 12.81 8.54 26.25 1.0 19.0 17.09 36.14 24.19 72.28 29.27 17.89 57.01 21.54 24.41 5.1 0.0 64.54 38.08 34.13 22.2 66.0 71.0 48.27 15.13 20.59 70.21 16.12 39.92 6.4 55.79 19.42 56.32 10.0 21.1 29.12 
29.15 47.27 77.65 17.2 73.01 13.34 19.7 22.36 24.02 31.06 53.15 72.01 17.26 74.67 73.35 71.11 66.27 80.22 65.51 46.17 57.04 28.44 40.52 8.06 38.47 71.03 14.32 55.33 77.23 64.63 64.54 0.0 28.02 34.23 45.01 14.32 16.12 16.28 49.48 81.1 6.08 65.03 26.02 69.64 9.0 82.61 10.63 63.13 65.38 35.51 
16.28 19.92 50.22 23.43 45.0 15.52 13.45 7.81 4.47 4.24 26.83 44.92 30.81 47.3 46.49 43.29 38.64 52.24 39.0 21.93 29.02 6.0 16.28 35.13 19.92 43.01 26.08 27.46 49.25 37.36 38.08 28.02 0.0 6.71 17.12 34.44 39.0 12.65 23.85 53.24 34.06 37.01 2.0 43.83 19.03 55.11 22.85 35.36 37.48 9.9 
21.02 15.81 45.22 30.0 39.12 22.14 20.0 14.42 11.18 6.71 23.43 40.31 37.44 42.38 42.05 37.85 33.53 46.04 34.99 20.59 23.09 10.82 15.81 41.0 22.0 37.05 32.76 21.1 43.05 32.7 34.13 34.23 6.71 0.0 12.08 41.15 45.69 19.31 21.26 47.68 40.31 31.06 8.54 40.22 25.32 50.0 29.55 30.08 31.14 10.05 
24.41 4.47 33.24 37.34 28.07 32.06 27.89 23.19 21.0 14.04 12.21 28.23 44.94 30.36 29.97 26.17 21.59 35.69 23.02 13.04 12.37 17.46 11.66 52.24 20.25 26.17 40.8 12.21 32.76 20.62 22.2 45.01 17.12 12.08 0.0 49.73 54.57 29.07 11.4 36.12 51.0 20.22 19.1 28.43 36.01 38.08 38.64 18.25 21.54 11.18 
28.02 50.8 80.1 13.0 77.47 19.42 21.84 26.93 29.97 36.06 55.08 74.03 6.71 77.1 75.0 74.67 69.46 85.38 67.0 47.0 62.1 32.28 42.11 18.44 37.22 75.71 9.06 61.35 82.46 67.19 66.0 14.32 34.44 41.15 49.73 0.0 5.0 21.95 51.04 84.59 13.34 69.86 32.65 70.18 18.44 85.09 11.66 66.75 71.17 38.83 
33.02 55.73 85.09 18.0 82.38 23.71 26.68 31.62 34.54 40.8 60.07 79.03 11.4 82.1 80.0 79.63 74.43 90.24 72.0 52.0 66.94 37.11 47.1 18.03 42.19 80.6 14.04 66.1 87.32 72.17 71.0 16.12 39.0 45.69 54.57 5.0 0.0 26.4 56.04 89.56 13.15 74.73 37.16 75.17 22.02 90.09 16.16 71.7 75.96 43.74 
15.0 31.06 61.4 12.53 57.14 3.0 5.39 6.08 8.25 15.03 36.88 55.73 19.1 58.42 57.07 55.01 50.09 64.63 49.24 30.08 41.3 12.17 24.35 24.04 23.43 55.23 14.14 40.02 61.66 48.37 48.27 16.28 12.65 19.31 29.07 21.95 26.4 0.0 33.24 65.01 22.09 49.25 10.77 53.45 7.62 66.37 10.3 47.01 50.01 19.24 
23.19 7.07 29.07 38.05 28.18 36.14 30.27 27.2 26.4 19.72 4.12 23.0 45.28 26.08 24.08 24.35 18.97 36.72 16.12 4.47 16.64 21.19 9.06 57.28 15.23 26.93 42.01 19.31 34.13 16.28 15.13 49.48 23.85 21.26 11.4 51.04 56.04 33.24 0.0 33.96 55.11 22.02 25.55 20.25 40.8 34.06 41.19 17.0 25.5 14.32 
57.07 34.01 7.21 71.7 9.43 68.01 63.13 59.0 57.08 50.04 29.83 12.81 79.08 9.22 13.45 10.0 15.13 10.05 19.72 38.33 24.74 53.01 42.58 88.36 49.04 11.66 75.54 27.86 10.77 17.72 20.59 81.1 53.24 47.68 36.12 84.59 89.56 65.01 33.96 0.0 87.05 17.09 55.23 20.52 72.11 6.08 74.11 18.0 19.42 46.04 
34.01 53.15 83.49 20.62 79.03 19.1 25.0 28.16 30.0 37.01 58.86 77.78 18.36 80.5 79.08 77.06 72.17 86.28 71.2 51.66 63.07 34.23 46.1 5.1 43.46 77.06 16.97 61.4 83.29 70.46 70.21 6.08 34.06 40.31 51.0 13.34 13.15 22.09 55.11 87.05 0.0 71.06 32.06 75.19 15.03 88.46 14.76 69.07 71.45 41.3 
43.46 19.31 16.97 57.28 8.06 52.24 48.05 43.42 41.11 34.23 18.38 15.23 64.85 15.0 17.46 8.49 8.06 15.52 16.03 26.4 8.0 37.66 29.07 72.03 36.89 6.0 60.88 10.77 12.65 11.05 16.12 65.03 37.01 31.06 20.22 69.86 74.73 49.25 22.02 17.09 71.06 0.0 39.01 21.1 56.04 20.81 58.86 6.32 5.0 31.05 
16.03 21.84 52.17 21.93 47.0 13.6 12.04 6.4 2.83 5.83 28.64 46.84 29.21 49.24 48.38 45.28 40.61 54.23 40.85 23.43 31.02 6.32 17.69 33.14 20.62 45.01 24.41 29.43 51.24 39.29 39.92 26.02 2.0 8.54 19.1 32.65 37.16 10.77 25.55 55.23 32.06 39.01 0.0 45.62 17.03 57.07 21.02 37.34 39.46 11.4 
42.19 24.41 13.45 57.22 20.88 56.32 50.22 47.43 46.62 39.81 17.0 8.06 64.03 11.4 7.07 15.52 13.04 28.18 5.83 23.54 23.26 41.44 29.12 77.49 33.02 21.38 61.29 27.73 26.93 10.44 6.4 69.64 43.83 40.22 28.43 70.18 75.17 53.45 20.25 20.52 75.19 21.1 45.62 0.0 61.03 17.49 61.0 15.52 26.08 34.54 
21.93 38.33 68.73 14.04 64.01 5.0 12.04 13.6 15.03 22.09 44.38 63.15 18.03 65.76 64.54 62.13 57.31 71.25 56.75 37.7 48.04 19.65 31.95 16.49 30.81 62.03 13.34 46.39 68.26 55.73 55.79 9.0 19.03 25.32 36.01 18.44 22.02 7.62 40.8 72.11 15.03 56.04 17.03 61.03 0.0 73.68 8.25 54.15 56.44 26.68 
57.22 35.36 5.0 72.11 14.21 69.35 64.03 60.3 58.69 51.62 30.02 11.18 79.31 8.0 10.77 12.53 16.49 16.12 18.44 38.21 27.73 54.23 43.01 90.09 48.66 16.28 76.06 31.38 16.76 18.03 19.42 82.61 55.11 50.0 38.08 85.09 90.09 66.37 34.06 6.08 88.46 20.81 57.07 17.49 73.68 0.0 75.03 19.92 24.04 47.17 
19.31 40.11 70.03 6.71 66.61 7.81 11.0 15.52 18.38 24.74 45.1 64.12 9.85 67.03 65.28 64.12 59.03 74.33 57.31 37.48 50.99 21.21 32.14 18.44 28.79 64.78 5.1 50.0 71.39 57.01 56.32 10.63 22.85 29.55 38.64 11.66 16.16 10.3 41.19 74.11 14.76 58.86 21.02 61.0 8.25 75.03 0.0 56.14 59.91 28.07 
39.56 16.03 15.23 53.94 11.18 50.01 45.18 41.0 39.12 32.06 13.04 11.31 61.39 12.53 13.45 8.0 3.61 19.72 10.05 21.47 8.49 35.01 25.0 70.46 32.2 10.0 57.71 12.81 17.2 5.1 10.0 63.13 35.36 30.08 18.25 66.75 71.7 47.01 17.0 18.0 69.07 6.32 37.34 15.52 54.15 19.92 56.14 0.0 11.18 28.07 
45.65 21.63 20.81 58.87 10.0 52.95 49.34 44.38 41.77 35.17 22.2 19.92 66.48 19.24 22.14 12.53 13.04 15.03 21.02 29.7 9.43 38.9 31.62 72.06 39.82 7.81 62.3 10.05 12.04 16.03 21.1 65.38 37.48 31.14 21.54 71.17 75.96 50.01 25.5 19.42 71.45 5.0 39.46 26.08 56.44 24.04 59.91 11.18 0.0 32.7 
13.45 12.04 42.19 26.25 38.64 22.2 17.12 13.15 12.08 5.66 17.72 36.5 33.84 39.2 37.85 36.06 31.0 46.57 30.08 12.04 23.41 7.07 6.4 43.17 12.04 36.88 29.83 23.32 43.68 29.15 29.12 35.51 9.9 10.05 11.18 38.83 43.74 19.24 14.32 46.04 41.3 31.05 11.4 34.54 26.68 47.17 28.07 28.07 32.7 0.0 
