90
0.0 32.2 38.12 11.7 19.03 43.97 31.24 32.57 27.86 44.0 39.46 38.08 27.2 50.09 35.51 11.7 35.9 36.4 68.45 11.66 63.0 60.42 50.21 10.63 50.16 18.36 18.03 40.46 43.42 26.93 46.69 61.4 63.06 26.87 15.13 50.16 40.02 1.41 23.6 57.98 55.23 33.84 45.69 20.52 11.18 25.55 54.59 40.8 29.0 17.03 55.01 28.43 5.1 36.4 48.66 41.0 13.04 49.66 24.52 10.3 33.3 44.28 15.0 28.3 49.41 47.52 26.4 9.85 31.38 60.31 36.07 15.0 20.02 10.82 30.81 47.42 48.55 23.71 16.28 28.46 2.83 41.44 38.91 37.85 11.4 27.86 31.14 34.67 17.09 45.0 
32.2 0.0 35.38 41.4 30.41 29.97 7.81 4.47 44.28 20.52 12.81 29.61 30.81 39.4 40.82 35.36 22.8 36.0 54.2 23.35 36.77 46.87 22.8 29.7 23.26 20.1 35.13 17.26 25.3 21.95 18.03 29.41 50.77 34.48 42.45 38.01 25.08 33.54 36.25 29.55 25.94 5.1 30.08 32.65 21.02 39.4 25.71 10.77 14.0 40.01 22.83 37.64 33.84 43.57 29.07 18.44 44.6 38.48 26.0 24.52 39.62 12.08 28.6 40.5 18.6 19.31 41.23 22.36 2.0 30.23 11.4 41.01 45.34 41.88 40.52 18.97 16.97 26.25 48.02 45.62 34.89 23.32 24.19 43.57 40.61 5.0 31.06 33.0 37.8 21.26 
38.12 35.38 0.0 49.5 19.42 64.2 27.66 39.6 64.38 55.9 48.17 61.91 57.25 73.24 9.49 49.01 56.04 65.39 89.27 28.16 71.02 81.69 32.06 45.28 58.01 22.8 22.85 24.04 18.0 14.76 52.43 50.49 85.43 59.2 53.24 72.2 59.2 39.2 58.05 38.12 38.01 31.4 15.52 54.13 33.73 60.83 59.17 33.11 46.04 28.65 47.8 61.85 43.05 69.64 64.35 53.74 42.15 72.42 14.14 29.07 65.8 41.59 47.85 63.15 38.08 53.82 19.8 34.53 36.77 43.01 26.42 53.08 58.14 47.85 64.76 32.56 39.85 52.2 51.24 65.28 40.31 58.14 14.32 11.05 49.37 36.24 7.0 62.65 54.08 56.64 
11.7 41.4 49.5 0.0 30.15 46.04 41.77 40.82 20.52 49.24 46.24 39.2 26.48 50.22 46.04 8.0 39.12 34.79 68.41 23.26 67.9 60.64 61.07 12.65 56.04 29.97 28.07 51.61 55.01 38.63 53.49 70.8 62.64 24.35 4.47 50.8 43.05 10.44 19.7 68.77 65.8 43.86 57.38 18.44 21.26 20.25 61.03 50.93 34.79 25.0 64.07 24.6 7.81 31.62 52.09 46.32 13.45 50.01 36.14 21.93 29.53 53.25 16.12 23.02 59.46 54.08 35.69 19.85 40.22 70.71 46.86 5.66 9.49 2.83 26.08 58.05 58.26 25.0 8.0 20.62 9.22 45.28 50.57 48.17 1.0 36.62 42.58 33.96 11.18 50.22 
19.03 30.41 19.42 30.15 0.0 53.6 25.02 33.24 46.32 48.85 42.06 49.52 41.88 61.62 16.76 30.41 45.0 50.8 79.2 11.4 66.76 71.22 39.81 27.51 53.16 10.44 5.39 29.55 29.07 12.53 48.27 55.32 74.52 42.94 34.01 61.07 48.83 20.0 40.85 47.41 45.69 29.0 29.83 37.16 17.8 43.32 56.09 34.37 35.51 11.66 50.36 45.19 24.08 53.23 55.95 46.1 23.32 60.96 7.81 11.66 49.65 41.0 30.87 45.88 42.2 49.48 11.18 18.03 30.81 51.08 27.66 34.01 39.0 28.44 47.93 38.28 42.58 37.2 31.95 47.07 21.02 48.88 24.08 19.31 30.07 28.46 12.65 48.41 35.69 49.77 
43.97 29.97 64.2 46.04 53.6 0.0 37.59 25.5 34.54 13.15 19.24 7.28 20.22 9.49 67.88 38.05 8.6 15.81 25.61 42.72 24.7 17.69 49.5 34.53 18.79 43.93 56.6 46.82 55.15 49.68 21.38 45.35 21.26 23.77 44.05 8.06 5.0 44.64 28.64 54.01 50.01 34.93 60.01 28.07 36.72 30.36 24.19 38.08 18.38 59.03 38.64 25.63 41.77 25.61 7.81 13.04 56.29 8.54 52.33 43.05 23.32 32.06 30.27 29.15 42.05 20.62 64.64 37.12 28.18 52.15 41.23 42.05 43.57 48.17 26.83 45.54 39.01 21.1 54.04 35.85 45.35 7.07 54.12 70.71 45.04 28.02 58.8 14.32 36.12 13.34 
31.24 7.81 27.66 41.77 25.02 37.59 0.0 12.21 48.08 28.28 20.52 36.69 36.06 46.96 33.54 36.89 30.08 42.3 62.01 20.59 43.83 54.64 19.42 31.38 30.53 15.52 30.15 11.18 18.25 14.87 25.06 31.02 58.52 39.32 43.6 45.65 32.65 32.65 40.26 27.02 24.04 4.12 22.8 36.4 20.52 43.42 32.31 9.85 20.62 35.69 25.5 42.43 33.97 49.04 36.88 26.25 42.54 46.07 19.42 21.95 45.04 16.03 31.38 44.91 18.36 26.42 35.23 21.93 9.43 29.07 5.39 42.44 47.17 41.73 45.4 16.28 18.03 31.14 47.51 49.34 34.06 31.06 16.55 36.24 41.11 10.2 23.71 39.32 40.25 29.0 
32.57 4.47 39.6 40.82 33.24 25.5 12.21 0.0 41.68 16.4 8.94 25.32 27.51 34.93 44.65 34.21 18.44 32.06 49.82 25.0 33.53 42.44 26.31 28.6 19.92 22.8 37.66 21.59 29.73 25.81 15.13 30.41 46.32 31.38 41.4 33.54 20.62 33.84 33.62 32.57 28.79 9.49 34.54 30.23 21.59 36.72 23.09 14.14 10.2 42.11 23.43 34.54 33.54 40.02 24.76 14.14 45.35 34.01 29.53 26.02 36.14 12.73 26.87 37.58 21.02 16.28 44.27 22.8 2.83 32.65 15.81 39.82 43.86 41.59 37.34 22.36 18.87 23.26 47.85 43.05 35.11 18.87 28.65 47.43 39.96 5.0 35.0 29.07 36.07 17.2 
27.86 44.28 64.38 20.52 46.32 34.54 48.08 41.68 0.0 42.8 43.19 27.31 15.62 35.23 63.06 16.16 30.81 19.42 52.09 36.22 59.03 45.01 66.85 19.1 50.0 42.01 45.88 59.2 64.94 51.0 49.52 71.4 46.1 11.4 16.28 36.5 33.62 27.31 8.06 73.82 70.21 48.47 68.47 11.7 31.0 5.0 55.61 55.04 32.2 44.29 64.2 8.94 22.85 12.37 42.05 40.46 33.97 35.36 50.25 35.36 12.04 54.08 17.12 5.39 62.65 49.58 54.23 30.02 42.49 74.3 53.45 14.87 12.53 23.35 8.06 63.16 60.54 18.6 26.63 1.41 26.83 36.89 61.4 65.52 19.85 39.4 57.43 20.25 10.77 43.6 
44.0 20.52 55.9 49.24 48.85 13.15 28.28 16.4 42.8 0.0 7.81 17.49 27.2 22.02 61.03 41.48 12.04 26.63 34.13 39.29 19.0 27.31 37.11 36.67 7.21 38.48 52.81 35.85 44.42 42.2 8.25 32.28 31.38 31.4 48.38 20.1 10.3 45.01 35.51 41.11 37.12 24.84 49.4 33.54 34.37 38.01 12.81 26.4 15.0 56.52 25.5 34.06 43.29 36.4 8.94 3.0 57.01 21.02 45.79 40.02 33.3 19.42 33.24 37.64 29.27 7.62 60.01 35.23 19.21 39.05 30.81 46.49 49.24 50.8 36.07 33.24 26.17 25.5 57.07 44.2 46.04 6.71 44.2 63.82 48.27 20.59 51.4 24.21 41.23 1.0 
39.46 12.81 48.17 46.24 42.06 19.24 20.52 8.94 43.19 7.81 0.0 21.38 27.8 28.64 53.54 38.91 14.56 29.73 41.88 33.24 24.74 34.89 30.27 33.62 11.18 31.62 46.32 28.18 36.72 34.67 7.28 28.65 38.91 32.02 46.07 26.93 15.0 40.61 35.36 35.06 31.06 17.03 41.68 32.65 29.02 38.21 15.13 18.97 11.66 50.49 21.47 35.0 39.56 38.91 16.64 6.32 52.47 27.66 38.47 34.13 35.36 13.04 30.89 38.42 23.02 8.06 53.14 30.07 11.66 33.73 23.02 44.29 47.71 47.43 37.44 26.31 20.1 24.76 53.76 44.6 41.77 12.17 36.4 56.3 45.31 13.6 43.83 26.93 39.66 8.49 
38.08 29.61 61.91 39.2 49.52 7.28 36.69 25.32 27.31 17.49 21.38 0.0 13.04 12.21 64.66 31.26 7.0 9.22 30.41 38.29 31.76 22.36 51.0 28.16 24.21 40.46 52.01 46.87 54.82 47.17 25.5 49.4 25.24 16.49 37.0 12.08 7.21 38.63 21.38 56.32 52.35 34.71 59.48 21.0 32.02 23.09 29.83 39.05 16.16 53.85 42.38 18.38 35.44 19.1 14.76 16.16 50.0 11.66 49.2 38.42 16.4 34.37 23.77 21.93 44.28 25.06 60.31 32.2 27.66 55.11 41.0 35.0 36.35 41.44 19.72 47.0 41.44 14.56 47.17 28.64 39.22 10.82 53.14 67.48 38.21 26.57 56.04 7.21 29.02 18.03 
27.2 30.81 57.25 26.48 41.88 20.22 36.06 27.51 15.62 27.2 27.8 13.04 0.0 23.77 58.18 18.68 15.26 9.22 42.06 30.53 44.01 34.21 53.6 16.64 34.41 34.54 43.28 47.17 54.01 42.72 33.94 56.3 36.4 4.24 24.02 24.33 18.38 27.46 8.54 60.08 56.3 35.51 58.14 8.06 24.19 10.82 40.0 41.48 17.46 43.93 49.09 7.21 23.71 13.0 27.2 24.84 38.08 23.54 43.46 30.23 9.0 39.36 12.21 10.63 48.47 33.97 51.86 23.85 28.86 60.01 41.19 22.02 23.35 28.86 9.85 49.73 46.1 5.1 34.37 17.03 27.78 21.47 51.24 60.9 25.5 26.31 50.7 7.62 16.0 28.02 
50.09 39.4 73.24 50.22 61.62 9.49 46.96 34.93 35.23 22.02 28.64 12.21 23.77 0.0 76.49 42.45 17.2 16.0 18.38 50.45 28.43 10.44 58.86 39.92 26.48 52.35 64.2 56.3 64.62 58.6 30.02 53.6 13.04 26.17 47.52 2.24 14.32 50.57 31.14 63.13 59.14 44.38 69.46 31.78 44.2 32.0 31.32 47.54 27.2 66.04 47.17 27.0 47.17 24.04 14.32 22.36 61.68 1.0 60.96 50.61 23.19 41.3 35.47 30.07 51.24 29.07 72.47 44.41 37.58 61.01 50.7 45.54 46.04 52.63 27.17 54.92 48.17 26.4 58.05 36.35 51.08 16.49 63.51 79.31 49.24 37.22 67.62 16.28 39.46 22.0 
35.51 40.82 9.49 46.04 16.76 67.88 33.54 44.65 63.06 61.03 53.54 64.66 58.18 76.49 0.0 47.07 59.41 66.89 93.38 27.73 77.37 85.56 41.01 44.27 64.01 24.21 18.0 32.25 27.17 18.87 58.59 59.14 89.11 59.51 50.16 75.69 62.94 36.35 57.58 47.38 47.04 37.58 25.0 53.85 34.0 60.08 65.8 40.52 49.5 22.56 55.9 61.85 40.61 69.86 69.03 58.6 36.67 75.74 15.56 28.23 66.21 48.7 47.54 62.63 46.39 59.94 12.08 34.44 41.88 52.15 33.53 50.36 55.23 44.0 64.62 41.11 47.85 53.34 46.39 63.79 37.22 62.37 23.0 2.83 46.1 40.61 9.85 64.35 52.39 61.85 
11.7 35.36 49.01 8.0 30.41 38.05 36.89 34.21 16.16 41.48 38.91 31.26 18.68 42.45 47.07 0.0 31.14 27.31 60.73 21.1 60.02 52.89 56.3 5.66 48.38 27.46 29.73 47.41 51.87 36.5 46.1 64.54 55.03 17.0 7.21 42.95 35.06 11.18 12.81 63.82 60.61 38.42 54.82 10.77 17.09 14.21 53.49 45.45 27.31 28.3 57.63 17.8 6.71 25.46 44.1 38.6 19.72 42.2 35.01 20.02 22.8 46.86 8.25 17.03 53.81 46.62 38.08 15.81 33.97 65.3 42.19 5.66 10.3 10.2 19.8 53.01 52.33 17.0 16.0 16.76 10.82 37.34 47.8 49.48 7.0 30.41 42.01 26.25 5.39 42.45 
35.9 22.8 56.04 39.12 45.0 8.6 30.08 18.44 30.81 12.04 14.56 7.0 15.26 17.2 59.41 31.14 0.0 15.23 34.21 34.13 29.12 26.25 44.0 27.02 19.21 35.38 48.02 40.02 48.08 41.4 19.42 42.95 29.7 19.42 37.66 16.28 4.12 36.67 23.71 49.37 45.4 27.89 52.81 22.14 28.18 26.08 24.84 32.06 10.0 50.57 35.85 22.02 34.13 24.7 13.0 10.0 48.51 16.4 43.86 34.48 21.4 27.46 23.02 25.61 37.34 19.21 56.04 28.64 20.88 48.27 34.21 35.69 37.95 41.01 24.04 40.0 34.53 14.32 47.1 32.2 37.48 6.32 46.62 62.24 38.12 20.12 50.45 12.53 30.08 12.81 
36.4 36.0 65.39 34.79 50.8 15.81 42.3 32.06 19.42 26.63 29.73 9.22 9.22 16.0 66.89 27.31 15.23 0.0 33.73 39.41 40.5 26.17 58.31 25.81 33.42 42.94 52.4 53.08 60.53 50.7 34.48 58.18 27.89 10.44 31.78 17.12 16.4 36.62 15.3 64.13 60.21 41.01 64.94 16.55 33.02 16.0 39.05 46.17 22.0 53.15 51.08 11.0 32.76 9.9 23.6 25.06 46.96 16.03 51.88 39.2 7.62 42.45 21.4 14.14 52.17 34.13 60.96 32.8 34.0 63.32 47.1 29.83 30.07 37.34 11.4 54.33 49.48 13.6 42.45 20.62 36.89 20.0 58.25 69.64 33.84 32.14 59.03 3.0 23.77 27.2 
68.45 54.2 89.27 68.41 79.2 25.61 62.01 49.82 52.09 34.13 41.88 30.41 42.06 18.38 93.38 60.73 34.21 33.73 0.0 68.24 29.02 8.06 70.38 58.31 35.11 69.53 82.1 69.97 78.55 74.97 40.31 60.67 6.0 44.15 65.51 18.36 30.48 68.94 49.03 73.08 69.26 58.82 83.53 50.0 62.13 49.5 37.85 60.42 43.93 84.22 55.54 44.55 65.55 40.0 25.24 35.81 80.06 18.79 77.83 68.51 40.2 52.8 53.85 47.27 62.03 39.0 90.21 62.43 52.63 69.86 64.9 63.56 63.64 70.88 44.18 66.71 58.87 44.78 76.16 53.04 69.46 31.14 78.24 96.21 67.45 53.08 84.15 34.48 57.49 33.62 
11.66 23.35 28.16 23.26 11.4 42.72 20.59 25.0 36.22 39.29 33.24 38.29 30.53 50.45 27.73 21.1 34.13 39.41 68.24 0.0 57.87 60.22 38.95 17.12 44.41 6.71 13.89 29.0 31.76 15.52 40.05 51.48 63.41 31.78 26.25 50.0 38.08 13.04 30.08 46.75 44.2 23.77 34.18 26.25 6.4 32.76 48.04 30.41 25.08 17.26 45.54 34.18 15.81 42.15 45.69 36.4 21.95 49.82 14.04 1.41 38.48 35.17 19.92 35.17 38.95 41.11 22.02 6.71 23.09 49.41 25.0 25.71 30.81 22.47 37.0 36.4 38.48 25.81 27.66 37.12 14.42 38.48 27.31 30.41 22.85 20.0 21.21 37.01 26.0 40.26 
63.0 36.77 71.02 67.9 66.76 24.7 43.83 33.53 59.03 19.0 24.74 31.76 44.01 28.43 77.37 60.02 29.12 40.5 29.02 57.87 0.0 26.25 45.61 55.44 13.6 56.32 71.06 48.27 56.64 58.6 18.79 32.57 29.83 47.93 66.71 26.25 25.63 64.01 52.55 46.53 43.05 39.82 61.55 51.24 53.24 54.63 12.04 38.42 34.0 75.13 28.65 50.09 62.2 50.22 17.0 22.0 76.01 27.66 62.77 58.69 48.02 29.83 51.79 53.67 37.01 17.46 77.79 54.15 36.06 42.54 44.65 64.76 67.05 69.58 51.48 42.52 34.06 43.42 75.8 60.37 65.03 22.8 57.8 80.06 66.91 38.33 67.54 38.95 59.2 18.0 
60.42 46.87 81.69 60.64 71.22 17.69 54.64 42.44 45.01 27.31 34.89 22.36 34.21 10.44 85.56 52.89 26.25 26.17 8.06 60.22 26.25 0.0 64.2 50.33 29.43 61.62 74.06 63.06 71.59 67.27 34.21 56.04 4.12 36.5 57.87 10.3 22.63 60.93 41.44 67.47 63.56 51.62 76.54 42.2 54.08 42.11 33.02 53.71 36.07 76.16 50.36 37.12 57.58 33.24 18.38 28.65 72.11 10.77 70.01 60.46 33.0 46.49 45.88 40.01 56.04 32.98 82.2 54.38 45.22 64.63 57.8 55.9 56.22 63.06 37.0 60.41 52.89 36.77 68.45 46.04 61.47 23.6 71.02 88.39 59.67 45.45 76.42 26.68 49.82 26.93 
50.21 22.8 32.06 61.07 39.81 49.5 19.42 26.31 66.85 37.11 30.27 51.0 53.6 58.86 41.01 56.3 44.0 58.31 70.38 38.95 45.61 64.2 0.0 50.77 35.34 32.8 45.19 10.3 14.14 27.31 30.08 18.68 68.31 57.28 63.01 57.07 45.18 51.62 58.87 7.81 6.08 18.38 18.03 55.15 39.82 62.03 33.84 12.17 36.5 51.43 17.8 60.44 53.26 66.29 45.88 36.5 60.61 57.87 32.31 40.36 62.37 17.72 50.54 63.25 8.6 31.38 47.54 41.23 24.74 11.4 14.21 61.85 66.57 60.88 63.32 4.0 11.66 49.04 66.47 68.15 53.04 42.43 18.03 43.01 60.44 27.51 32.39 55.33 59.54 37.36 
10.63 29.7 45.28 12.65 27.51 34.53 31.38 28.6 19.1 36.67 33.62 28.16 16.64 39.92 44.27 5.66 27.02 25.81 58.31 17.12 55.44 50.33 50.77 0.0 43.42 23.02 27.78 42.05 46.84 32.06 40.85 58.9 52.8 16.28 12.81 40.16 31.06 10.82 13.42 58.25 55.0 32.8 50.01 10.0 12.17 15.81 48.38 39.82 22.14 27.59 52.01 18.03 7.28 26.08 40.01 33.73 21.84 39.56 31.14 16.28 22.8 41.23 4.47 18.38 48.17 41.44 36.36 11.05 28.32 59.67 36.72 11.31 15.81 14.14 20.59 47.43 46.67 13.6 20.4 20.02 11.18 33.02 42.95 46.82 11.7 24.76 38.33 24.19 9.22 37.66 
50.16 23.26 58.01 56.04 53.16 18.79 30.53 19.92 50.0 7.21 11.18 24.21 34.41 26.48 64.01 48.38 19.21 33.42 35.11 44.41 13.6 29.43 35.34 43.42 0.0 42.72 57.49 36.12 44.69 45.18 5.66 27.17 33.54 38.6 55.36 24.33 17.03 51.24 42.72 38.08 34.21 26.63 49.68 40.71 40.01 45.22 5.66 26.25 21.38 61.66 21.02 41.23 49.82 43.28 12.17 9.85 63.2 25.5 49.24 45.28 40.31 18.03 40.16 44.82 26.93 4.24 64.2 41.0 22.47 35.23 31.89 53.49 56.36 57.49 43.19 31.76 23.77 32.65 63.79 51.4 52.35 13.45 45.28 66.73 55.08 24.74 54.2 31.14 48.33 6.4 
18.36 20.1 22.8 29.97 10.44 43.93 15.52 22.8 42.01 38.48 31.62 40.46 34.54 52.35 24.21 27.46 35.38 42.94 69.53 6.71 56.32 61.62 32.8 23.02 42.72 0.0 15.03 22.67 25.06 9.06 37.85 46.49 65.07 36.4 32.89 51.62 39.05 19.72 35.36 40.61 38.28 19.24 27.51 31.4 11.05 38.21 45.71 25.3 25.61 20.22 41.0 39.05 22.47 46.84 45.79 35.78 27.8 51.62 8.94 8.06 43.01 31.14 25.18 40.45 33.62 39.05 21.54 12.0 20.4 43.57 19.24 32.28 37.36 29.15 41.98 30.53 33.53 29.55 34.21 43.0 21.1 38.83 20.62 27.02 29.55 18.03 16.16 40.31 32.14 39.4 
18.03 35.13 22.85 28.07 5.39 56.6 30.15 37.66 45.88 52.81 46.32 52.01 43.28 64.2 18.0 29.73 48.02 52.4 82.1 13.89 71.06 74.06 45.19 27.78 57.49 15.03 0.0 34.93 34.21 17.89 52.77 60.64 77.2 43.83 32.25 63.82 51.97 18.68 41.18 52.77 51.08 34.06 34.66 37.74 20.0 43.38 60.67 39.62 38.91 6.4 55.58 45.79 23.09 53.85 59.51 49.98 19.31 63.6 13.04 13.6 50.48 46.04 31.62 46.07 47.54 53.94 8.6 19.85 35.36 56.46 32.98 32.56 37.34 26.0 48.37 43.66 47.85 38.9 28.64 46.49 19.42 52.33 29.21 20.1 28.16 32.76 16.64 50.21 35.11 53.76 
40.46 17.26 24.04 51.61 29.55 46.82 11.18 21.59 59.2 35.85 28.18 46.87 47.17 56.3 32.25 47.41 40.02 53.08 69.97 29.0 48.27 63.06 10.3 42.05 36.12 22.67 34.93 0.0 8.6 17.09 30.48 27.0 67.08 50.49 53.85 54.78 42.06 41.87 51.42 18.03 16.16 12.17 13.6 47.54 30.53 54.57 36.24 9.9 31.14 41.15 23.77 53.6 43.83 60.13 44.78 34.44 50.45 55.36 22.14 30.41 56.14 18.44 42.38 56.09 14.14 31.89 37.66 31.91 19.24 21.54 6.0 52.84 57.71 51.22 56.57 9.06 15.81 42.3 56.64 60.44 43.28 39.92 9.85 34.53 51.04 21.0 23.0 50.09 51.08 36.36 
43.42 25.3 18.0 55.01 29.07 55.15 18.25 29.73 64.94 44.42 36.72 54.82 54.01 64.62 27.17 51.87 48.08 60.53 78.55 31.76 56.64 71.59 14.14 46.84 44.69 25.06 34.21 8.6 0.0 17.03 39.05 32.76 75.59 57.04 57.78 63.16 50.33 44.78 57.43 20.22 20.02 20.25 5.0 53.46 34.79 60.53 44.6 18.44 38.83 40.61 30.87 60.07 47.42 67.01 53.34 42.94 51.74 63.69 21.26 33.12 63.01 26.87 47.85 62.29 21.02 40.46 34.93 36.06 27.2 25.02 13.93 57.01 62.03 54.2 63.07 15.23 23.32 49.0 59.08 66.1 46.14 48.33 5.0 29.02 54.56 28.44 19.31 57.56 56.04 44.94 
26.93 21.95 14.76 38.63 12.53 49.68 14.87 25.81 51.0 42.2 34.67 47.17 42.72 58.6 18.87 36.5 41.4 50.7 74.97 15.52 58.6 67.27 27.31 32.06 45.18 9.06 17.89 17.09 17.03 0.0 39.81 43.42 70.94 44.91 41.76 57.63 44.69 28.23 44.18 34.89 33.24 18.97 18.79 40.2 20.0 47.1 47.17 23.02 31.4 24.19 39.0 47.68 31.32 55.32 50.33 39.82 34.71 57.8 5.1 16.76 51.42 30.59 34.06 49.25 30.27 41.15 21.02 21.02 23.02 38.63 16.0 41.23 46.32 37.58 50.64 25.96 31.02 37.64 42.19 52.01 29.55 43.84 12.21 21.63 38.28 21.93 9.22 47.93 41.19 43.01 
46.69 18.03 52.43 53.49 48.27 21.38 25.06 15.13 49.52 8.25 7.28 25.5 33.94 30.02 58.59 46.1 19.42 34.48 40.31 40.05 18.79 34.21 30.08 40.85 5.66 37.85 52.77 30.48 39.05 39.81 0.0 24.04 38.33 38.18 53.23 28.0 18.38 47.85 41.87 33.38 29.43 21.1 44.05 39.41 36.12 44.6 8.0 20.62 18.79 57.22 17.26 41.04 46.84 44.1 16.12 9.43 59.68 29.02 44.01 41.01 40.8 12.53 38.01 44.55 21.84 1.41 59.2 37.22 17.46 31.0 26.25 51.43 54.71 54.71 43.28 26.4 18.68 31.4 61.03 50.93 49.03 14.87 39.62 61.29 52.55 20.1 48.76 31.91 46.65 8.06 
61.4 29.41 50.49 70.8 55.32 45.35 31.02 30.41 71.4 32.28 28.65 49.4 56.3 53.6 59.14 64.54 42.95 58.18 60.67 51.48 32.57 56.04 18.68 58.9 27.17 46.49 60.64 27.0 32.76 43.42 24.04 0.0 60.07 60.46 71.7 51.48 42.38 62.77 63.41 15.62 13.42 27.73 36.69 60.31 50.25 66.4 23.02 21.19 39.2 66.48 7.21 63.51 63.25 67.54 39.32 33.24 73.35 52.61 48.51 52.8 64.01 17.69 57.28 66.85 13.15 24.74 64.38 51.62 30.61 10.63 27.66 70.18 74.28 71.28 66.04 18.03 13.0 52.8 77.39 72.8 64.14 38.9 36.22 61.29 70.0 34.21 50.0 55.46 66.47 32.02 
63.06 50.77 85.43 62.64 74.52 21.26 58.52 46.32 46.1 31.38 38.91 25.24 36.4 13.04 89.11 55.03 29.7 27.89 6.0 63.41 29.83 4.12 68.31 52.8 33.54 65.07 77.2 67.08 75.59 70.94 38.33 60.07 0.0 38.33 59.67 13.45 26.25 63.51 43.17 71.59 67.68 55.57 80.53 44.27 57.2 43.57 37.05 57.78 39.62 79.08 54.45 38.64 60.01 34.0 22.47 32.65 74.46 13.6 73.55 63.6 34.23 50.6 48.33 41.3 60.17 37.11 85.43 57.43 49.09 68.73 61.77 57.72 57.71 65.15 38.21 64.51 57.01 39.36 70.34 47.04 63.98 27.46 74.95 91.93 61.68 49.2 80.06 28.79 51.66 31.02 
26.87 34.48 59.2 24.35 42.94 23.77 39.32 31.38 11.4 31.4 32.02 16.49 4.24 26.17 59.51 17.0 19.42 10.44 44.15 31.78 47.93 36.5 57.28 16.28 38.6 36.4 43.83 50.49 57.04 44.91 38.18 60.46 38.33 0.0 21.38 27.02 22.36 26.91 5.0 63.91 60.17 39.05 61.01 6.4 25.63 6.71 44.2 45.22 21.47 43.86 53.25 3.16 22.8 10.44 31.02 29.07 36.72 26.08 45.22 31.3 6.71 43.42 12.21 6.4 52.39 38.21 52.43 25.08 32.57 63.98 44.55 19.42 20.02 26.93 6.08 53.45 50.09 8.25 32.02 12.81 27.02 25.55 54.04 62.17 23.41 29.83 52.5 10.0 13.34 32.2 
15.13 42.45 53.24 4.47 34.01 44.05 43.6 41.4 16.28 48.38 46.07 37.0 24.02 47.52 50.16 7.21 37.66 31.78 65.51 26.25 66.71 57.87 63.01 12.81 55.36 32.89 32.25 53.85 57.78 41.76 53.23 71.7 59.67 21.38 0.0 48.26 41.44 14.04 16.49 70.6 67.48 45.34 60.41 16.0 23.32 16.55 60.54 52.4 34.44 29.41 64.82 21.19 10.44 27.78 50.49 45.54 17.8 47.38 39.62 25.0 26.0 54.04 15.23 19.24 60.83 53.71 40.02 21.95 41.11 72.25 48.83 2.0 5.1 7.21 22.36 59.82 59.41 23.35 10.77 16.28 13.0 43.93 53.49 52.35 4.12 37.54 46.27 31.26 8.06 49.34 
50.16 38.01 72.2 50.8 61.07 8.06 45.65 33.54 36.5 20.1 26.93 12.08 24.33 2.24 75.69 42.95 16.28 17.12 18.36 50.0 26.25 10.3 57.07 40.16 24.33 51.62 63.82 54.78 63.16 57.63 28.0 51.48 13.45 27.02 48.26 0.0 13.04 50.7 32.02 61.2 57.22 42.95 68.03 32.39 43.83 33.06 29.12 45.88 26.25 65.86 45.1 28.07 47.43 25.63 12.17 20.62 61.98 1.41 60.14 50.22 24.52 39.46 35.74 31.26 49.37 27.02 72.01 44.1 36.24 59.0 49.24 46.27 47.0 53.15 28.44 53.15 46.27 26.57 58.69 37.66 51.26 14.87 62.18 78.52 49.82 36.06 66.71 17.03 40.2 20.02 
40.02 25.08 59.2 43.05 48.83 5.0 32.65 20.62 33.62 10.3 15.0 7.21 18.38 14.32 62.94 35.06 4.12 16.4 30.48 38.08 25.63 22.63 45.18 31.06 17.03 39.05 51.97 42.06 50.33 44.69 18.38 42.38 26.25 22.36 41.44 13.04 0.0 40.79 26.93 50.04 46.04 30.08 55.15 25.71 32.2 29.07 22.67 33.54 13.45 54.63 35.44 24.7 38.21 26.25 9.06 9.22 52.61 13.42 47.38 38.47 23.35 28.02 27.0 28.3 38.01 17.89 59.91 32.7 23.26 48.51 36.4 39.46 41.48 45.0 26.4 41.19 35.06 18.11 51.04 34.99 41.59 3.61 49.19 65.76 42.05 23.02 53.81 14.14 33.73 10.82 
1.41 33.54 39.2 10.44 20.0 44.64 32.65 33.84 27.31 45.01 40.61 38.63 27.46 50.57 36.35 11.18 36.67 36.62 68.94 13.04 64.01 60.93 51.62 10.82 51.24 19.72 18.68 41.87 44.78 28.23 47.85 62.77 63.51 26.91 14.04 50.7 40.79 0.0 23.43 59.4 56.64 35.23 47.01 20.52 12.53 25.24 55.73 42.2 30.02 17.2 56.36 28.32 4.47 36.24 49.5 42.01 12.0 50.16 25.71 11.66 33.24 45.62 15.26 28.02 50.8 48.66 26.93 11.18 32.7 61.72 37.48 14.04 19.0 9.43 30.61 48.84 49.93 24.17 14.87 27.86 1.41 42.3 40.25 38.64 10.2 29.15 32.25 34.99 16.55 46.01 
23.6 36.25 58.05 19.7 40.85 28.64 40.26 33.62 8.06 35.51 35.36 21.38 8.54 31.14 57.58 12.81 23.71 15.3 49.03 30.08 52.55 41.44 58.87 13.42 42.72 35.36 41.18 51.42 57.43 44.18 41.87 63.41 43.17 5.0 16.49 32.02 26.93 23.43 0.0 65.8 62.17 40.5 61.13 4.0 24.33 3.16 48.26 47.01 24.21 40.61 56.22 5.0 19.1 12.81 35.74 33.02 32.45 31.06 43.93 29.41 10.0 46.04 10.2 5.1 54.59 42.01 49.74 23.54 34.44 66.24 45.61 14.56 15.03 22.36 7.21 55.15 52.48 10.63 27.2 9.43 23.35 29.97 54.08 60.17 18.79 31.38 51.2 15.0 8.54 36.36 
57.98 29.55 38.12 68.77 47.41 54.01 27.02 32.57 73.82 41.11 35.06 56.32 60.08 63.13 47.38 63.82 49.37 64.13 73.08 46.75 46.53 67.47 7.81 58.25 38.08 40.61 52.77 18.03 20.22 34.89 33.38 15.62 71.59 63.91 70.6 61.2 50.04 59.4 65.8 0.0 4.0 25.55 23.02 62.17 47.51 68.94 35.47 18.79 42.72 59.06 17.89 67.07 60.96 72.53 49.5 41.0 68.41 62.13 39.81 48.17 68.68 22.02 57.8 70.01 12.04 34.53 54.71 48.92 31.38 5.39 21.93 69.4 74.06 68.62 69.89 10.82 15.0 55.71 74.25 75.15 60.81 47.0 24.74 49.16 68.12 34.44 39.29 61.19 66.89 41.19 
55.23 25.94 38.01 65.8 45.69 50.01 24.04 28.79 70.21 37.12 31.06 52.35 56.3 59.14 47.04 60.61 45.4 60.21 69.26 44.2 43.05 63.56 6.08 55.0 34.21 38.28 51.08 16.16 20.02 33.24 29.43 13.42 67.68 60.17 67.48 57.22 46.04 56.64 62.17 4.0 0.0 22.2 23.54 58.59 44.55 65.31 31.78 15.26 38.9 57.27 14.42 63.32 58.0 68.68 45.54 37.0 66.03 58.14 38.28 45.61 64.85 18.03 54.38 66.31 8.06 30.59 53.6 45.97 27.73 5.39 19.21 66.22 70.8 65.76 66.13 7.81 11.0 52.0 71.51 71.55 58.05 43.0 24.08 49.0 65.12 30.89 38.47 57.27 63.51 37.22 
33.84 5.1 31.4 43.86 29.0 34.93 4.12 9.49 48.47 24.84 17.03 34.71 35.51 44.38 37.58 38.42 27.89 41.01 58.82 23.77 39.82 51.62 18.38 32.8 26.63 19.24 34.06 12.17 20.25 18.97 21.1 27.73 55.57 39.05 45.34 42.95 30.08 35.23 40.5 25.55 22.2 0.0 25.08 36.77 22.8 43.66 28.23 7.07 19.03 39.46 21.84 42.2 36.12 48.37 33.6 23.02 45.62 43.46 23.54 25.08 44.41 12.0 32.25 44.92 15.62 22.47 39.32 24.21 7.07 26.91 6.32 44.05 48.6 44.05 45.12 14.76 14.76 30.81 50.0 49.77 36.62 28.18 19.42 40.25 43.14 9.22 27.73 38.01 41.34 25.5 
45.69 30.08 15.52 57.38 29.83 60.01 22.8 34.54 68.47 49.4 41.68 59.48 58.14 69.46 25.0 54.82 52.81 64.94 83.53 34.18 61.55 76.54 18.03 50.01 49.68 27.51 34.66 13.6 5.0 18.79 44.05 36.69 80.53 61.01 60.41 68.03 55.15 47.01 61.13 23.02 23.54 25.08 0.0 57.14 37.85 64.2 49.52 23.43 43.42 41.01 35.36 64.0 49.98 71.11 58.31 47.89 53.01 68.54 22.2 35.47 67.12 31.83 51.35 66.07 25.55 45.45 34.13 39.05 31.95 28.16 18.79 59.77 64.85 56.36 67.0 19.72 28.02 53.08 60.9 69.58 48.33 53.23 7.07 26.48 57.01 32.98 18.6 61.98 59.23 49.93 
20.52 32.65 54.13 18.44 37.16 28.07 36.4 30.23 11.7 33.54 32.65 21.0 8.06 31.78 53.85 10.77 22.14 16.55 50.0 26.25 51.24 42.2 55.15 10.0 40.71 31.4 37.74 47.54 53.46 40.2 39.41 60.31 44.27 6.4 16.0 32.39 25.71 20.52 4.0 62.17 58.59 36.77 57.14 0.0 20.4 7.07 46.14 43.38 21.21 37.54 53.15 8.06 16.4 16.12 34.71 30.89 30.41 31.58 40.02 25.63 12.81 42.8 6.32 9.06 51.11 39.66 46.32 19.65 30.89 62.77 41.76 14.0 15.81 20.88 10.77 51.48 49.09 8.06 26.31 13.0 20.62 28.46 50.09 56.46 17.46 27.73 47.3 15.52 8.06 34.44 
11.18 21.02 33.73 21.26 17.8 36.72 20.52 21.59 31.0 34.37 29.02 32.02 24.19 44.2 34.0 17.09 28.18 33.02 62.13 6.4 53.24 54.08 39.82 12.17 40.01 11.05 20.0 30.53 34.79 20.0 36.12 50.25 57.2 25.63 23.32 43.83 32.2 12.53 24.33 47.51 44.55 22.8 37.85 20.4 0.0 27.17 44.1 29.83 19.65 22.47 43.83 28.16 13.45 36.06 40.16 31.4 23.77 43.6 19.65 6.4 32.31 33.11 14.14 29.43 38.42 37.05 28.32 1.41 20.25 49.52 25.61 22.36 27.31 21.26 31.05 36.8 37.44 19.42 27.2 32.02 13.89 32.89 30.81 36.72 20.62 16.76 26.93 30.61 21.38 35.36 
25.55 39.4 60.83 20.25 43.32 30.36 43.42 36.72 5.0 38.01 38.21 23.09 10.82 32.0 60.08 14.21 26.08 16.0 49.5 32.76 54.63 42.11 62.03 15.81 45.22 38.21 43.38 54.57 60.53 47.1 44.6 66.4 43.57 6.71 16.55 33.06 29.07 25.24 3.16 68.94 65.31 43.66 64.2 7.07 27.17 0.0 50.8 50.16 27.2 42.44 59.2 5.0 20.81 11.4 37.7 35.61 33.42 32.02 46.69 32.02 9.49 49.09 13.04 2.83 57.71 44.69 51.88 26.31 37.58 69.35 48.76 14.76 14.14 23.02 5.83 58.31 55.57 13.6 27.31 6.4 25.0 32.25 57.14 62.63 19.42 34.54 53.94 16.28 9.22 38.83 
54.59 25.71 59.17 61.03 56.09 24.19 32.31 23.09 55.61 12.81 15.13 29.83 40.0 31.32 65.8 53.49 24.84 39.05 37.85 48.04 12.04 33.02 33.84 48.38 5.66 45.71 60.67 36.24 44.6 47.17 8.0 23.02 37.05 44.2 60.54 29.12 22.67 55.73 48.26 35.47 31.78 28.23 49.52 46.14 44.1 50.8 0.0 26.4 26.25 65.19 17.72 46.86 54.57 48.92 17.09 15.26 67.6 30.36 51.55 49.01 45.97 17.8 45.31 50.45 25.24 7.07 66.94 45.18 25.32 32.02 32.76 58.69 61.72 62.36 48.84 30.61 22.2 38.08 68.68 57.01 56.89 19.1 45.8 68.45 60.08 28.07 55.95 36.8 53.67 12.04 
40.8 10.77 33.11 50.93 34.37 38.08 9.85 14.14 55.04 26.4 18.97 39.05 41.48 47.54 40.52 45.45 32.06 46.17 60.42 30.41 38.42 53.71 12.17 39.82 26.25 25.3 39.62 9.9 18.44 23.02 20.62 21.19 57.78 45.22 52.4 45.88 33.54 42.2 47.01 18.79 15.26 7.07 23.43 43.38 29.83 50.16 26.4 0.0 24.33 45.35 16.03 48.38 43.19 54.13 35.34 25.3 52.35 46.57 28.0 31.76 50.22 8.6 39.12 51.26 8.6 22.02 44.0 31.24 12.65 19.85 7.07 51.09 55.61 51.09 51.24 8.25 8.25 37.0 57.01 56.36 43.6 31.05 19.42 43.01 50.21 15.65 30.81 43.19 48.26 26.83 
29.0 14.0 46.04 34.79 35.51 18.38 20.62 10.2 32.2 15.0 11.66 16.16 17.46 27.2 49.5 27.31 10.0 22.0 43.93 25.08 34.0 36.07 36.5 22.14 21.38 25.61 38.91 31.14 38.83 31.4 18.79 39.2 39.62 21.47 34.44 26.25 13.45 30.02 24.21 42.72 38.9 19.03 43.42 21.21 19.65 27.2 26.25 24.33 0.0 42.06 32.02 24.6 28.44 29.83 20.62 12.0 42.01 26.4 33.94 25.63 25.96 21.95 19.24 27.78 31.02 19.31 46.65 20.4 12.0 42.54 25.18 32.65 36.06 36.14 27.31 32.56 28.64 13.6 42.45 33.6 31.06 13.42 37.0 52.33 33.84 10.44 40.46 19.0 28.02 16.0 
17.03 40.01 28.65 25.0 11.66 59.03 35.69 42.11 44.29 56.52 50.49 53.85 43.93 66.04 22.56 28.3 50.57 53.15 84.22 17.26 75.13 76.16 51.43 27.59 61.66 20.22 6.4 41.15 40.61 24.19 57.22 66.48 79.08 43.86 29.41 65.86 54.63 17.2 40.61 59.06 57.27 39.46 41.01 37.54 22.47 42.44 65.19 45.35 42.06 0.0 61.19 45.45 21.63 53.41 62.63 53.6 14.14 65.51 19.42 16.49 50.33 51.35 31.83 45.22 53.45 58.31 11.0 21.93 40.01 62.65 38.9 30.08 34.48 22.56 47.8 49.77 53.6 40.0 24.02 44.72 17.49 55.36 35.61 24.19 25.3 37.12 22.8 51.22 33.62 57.49 
55.01 22.83 47.8 64.07 50.36 38.64 25.5 23.43 64.2 25.5 21.47 42.38 49.09 47.17 55.9 57.63 35.85 51.08 55.54 45.54 28.65 50.36 17.8 52.01 21.02 41.0 55.58 23.77 30.87 39.0 17.26 7.21 54.45 53.25 64.82 45.1 35.44 56.36 56.22 17.89 14.42 21.84 35.36 53.15 43.83 59.2 17.72 16.03 32.02 61.19 0.0 56.3 56.6 60.37 33.02 26.25 67.23 46.17 44.01 46.82 56.82 10.82 50.25 59.64 9.85 18.11 60.01 45.18 23.85 14.32 23.0 63.25 67.27 64.66 58.83 15.65 8.06 45.61 70.83 65.6 57.71 32.02 33.53 58.25 63.25 27.46 46.39 48.33 59.41 25.32 
28.43 37.64 61.85 24.6 45.19 25.63 42.43 34.54 8.94 34.06 35.0 18.38 7.21 27.0 61.85 17.8 22.02 11.0 44.55 34.18 50.09 37.12 60.44 18.03 41.23 39.05 45.79 53.6 60.07 47.68 41.04 63.51 38.64 3.16 21.19 28.07 24.7 28.32 5.0 67.07 63.32 42.2 64.0 8.06 28.16 5.0 46.86 48.38 24.6 45.45 56.3 0.0 24.04 8.06 33.11 31.83 37.44 27.02 47.8 33.62 5.0 46.53 14.32 3.61 55.54 41.01 54.38 27.51 35.74 67.12 47.68 19.31 19.1 27.29 3.0 56.61 53.23 11.4 31.95 10.3 28.28 28.02 57.01 64.47 23.71 32.98 55.08 11.4 13.42 34.83 
5.1 33.84 43.05 7.81 24.08 41.77 33.97 33.54 22.85 43.29 39.56 35.44 23.71 47.17 40.61 6.71 34.13 32.76 65.55 15.81 62.2 57.58 53.26 7.28 49.82 22.47 23.09 43.83 47.42 31.32 46.84 63.25 60.01 22.8 10.44 47.43 38.21 4.47 19.1 60.96 58.0 36.12 49.98 16.4 13.45 20.81 54.57 43.19 28.44 21.63 56.6 24.04 0.0 31.89 47.1 40.31 14.56 46.82 29.27 14.56 29.0 45.79 11.7 23.6 51.74 47.54 31.38 12.04 32.76 62.94 39.05 10.05 15.13 8.06 26.25 50.25 50.61 20.88 14.32 23.41 4.24 40.01 43.08 42.95 7.21 29.15 36.06 31.3 12.08 44.28 
36.4 43.57 69.64 31.62 53.23 25.61 49.04 40.02 12.37 36.4 38.91 19.1 13.0 24.04 69.86 25.46 24.7 9.9 40.0 42.15 50.22 33.24 66.29 26.08 43.28 46.84 53.85 60.13 67.01 55.32 44.1 67.54 34.0 10.44 27.78 25.63 26.25 36.24 12.81 72.53 68.68 48.37 71.11 16.12 36.06 11.4 48.92 54.13 29.83 53.41 60.37 8.06 31.89 0.0 33.42 34.67 44.82 24.35 55.66 41.63 4.0 51.26 22.36 8.6 60.73 43.83 62.43 35.47 41.59 72.11 54.15 26.08 24.7 34.41 5.66 62.37 58.19 18.03 38.47 13.15 36.12 29.83 64.2 72.5 30.81 39.2 62.94 12.21 20.62 37.01 
48.66 29.07 64.35 52.09 55.95 7.81 36.88 24.76 42.05 8.94 16.64 14.76 27.2 14.32 69.03 44.1 13.0 23.6 25.24 45.69 17.0 18.38 45.88 40.01 12.17 45.79 59.51 44.78 53.34 50.33 16.12 39.32 22.47 31.02 50.49 12.17 9.06 49.5 35.74 49.5 45.54 33.6 58.31 34.71 40.16 37.7 17.09 35.34 20.62 62.63 33.02 33.11 47.1 33.42 0.0 10.63 61.4 13.34 53.6 46.24 31.06 28.16 36.01 36.67 37.85 15.03 67.12 40.8 27.59 47.04 39.66 48.51 50.45 54.01 34.48 42.06 34.71 27.17 60.07 43.38 50.36 7.28 53.01 71.84 51.09 28.43 59.55 21.95 42.76 8.54 
41.0 18.44 53.74 46.32 46.1 13.04 26.25 14.14 40.46 3.0 6.32 16.16 24.84 22.36 58.6 38.6 10.0 25.06 35.81 36.4 22.0 28.65 36.5 33.73 9.85 35.78 49.98 34.44 42.94 39.82 9.43 33.24 32.65 29.07 45.54 20.62 9.22 42.01 33.02 41.0 37.0 23.02 47.89 30.89 31.4 35.61 15.26 25.3 12.0 53.6 26.25 31.83 40.31 34.67 10.63 0.0 54.01 21.38 43.27 37.11 31.4 19.03 30.36 35.38 29.02 9.22 57.27 32.25 16.97 39.32 29.15 43.66 46.52 47.85 33.97 32.56 26.0 22.83 54.13 41.87 43.05 6.0 42.44 61.4 45.35 18.03 49.04 22.47 38.48 4.0 
13.04 44.6 42.15 13.45 23.32 56.29 42.54 45.35 33.97 57.01 52.47 50.0 38.08 61.68 36.67 19.72 48.51 46.96 80.06 21.95 76.01 72.11 60.61 21.84 63.2 27.8 19.31 50.45 51.74 34.71 59.68 73.35 74.46 36.72 17.8 61.98 52.61 12.0 32.45 68.41 66.03 45.62 53.01 30.41 23.77 33.42 67.6 52.35 42.01 14.14 67.23 37.44 14.56 44.82 61.4 54.01 0.0 61.35 30.81 20.59 42.44 56.65 26.25 36.24 60.9 60.53 25.08 22.56 43.97 71.28 46.87 19.1 22.47 10.63 39.2 58.25 60.37 35.44 10.05 34.06 11.05 54.23 46.86 38.33 14.14 40.52 35.78 45.69 24.21 58.01 
49.66 38.48 72.42 50.01 60.96 8.54 46.07 34.01 35.36 21.02 27.66 11.66 23.54 1.0 75.74 42.2 16.4 16.03 18.79 49.82 27.66 10.77 57.87 39.56 25.5 51.62 63.6 55.36 63.69 57.8 29.02 52.61 13.6 26.08 47.38 1.41 13.42 50.16 31.06 62.13 58.14 43.46 68.54 31.58 43.6 32.02 30.36 46.57 26.4 65.51 46.17 27.02 46.82 24.35 13.34 21.38 61.35 0.0 60.21 50.0 23.35 40.31 35.11 30.15 50.25 28.07 71.84 43.83 36.67 60.01 49.77 45.4 46.01 52.39 27.29 53.94 47.17 26.0 57.87 36.5 50.7 15.52 62.61 78.57 49.03 36.36 66.84 16.12 39.32 21.0 
24.52 26.0 14.14 36.14 7.81 52.33 19.42 29.53 50.25 45.79 38.47 49.2 43.46 60.96 15.56 35.01 43.86 51.88 77.83 14.04 62.77 70.01 32.31 31.14 49.24 8.94 13.04 22.14 21.26 5.1 44.01 48.51 73.55 45.22 39.62 60.14 47.38 25.71 43.93 39.81 38.28 23.54 22.2 40.02 19.65 46.69 51.55 28.0 33.94 19.42 44.01 47.8 29.27 55.66 53.6 43.27 30.81 60.21 0.0 15.0 51.87 35.36 33.73 49.03 35.36 45.31 16.0 20.4 26.83 43.66 21.02 39.32 44.41 34.79 50.7 31.05 36.06 38.48 38.91 51.16 26.93 46.86 16.28 18.38 35.9 25.24 7.28 49.24 40.01 46.65 
10.3 24.52 29.07 21.93 11.66 43.05 21.95 26.02 35.36 40.02 34.13 38.42 30.23 50.61 28.23 20.02 34.48 39.2 68.51 1.41 58.69 60.46 40.36 16.28 45.28 8.06 13.6 30.41 33.12 16.76 41.01 52.8 63.6 31.3 25.0 50.22 38.47 11.66 29.41 48.17 45.61 25.08 35.47 25.63 6.4 32.02 49.01 31.76 25.63 16.49 46.82 33.62 14.56 41.63 46.24 37.11 20.59 50.0 15.0 0.0 38.01 36.4 19.31 34.48 40.31 42.05 21.93 6.4 24.19 50.8 26.4 24.52 29.61 21.1 36.4 37.8 39.81 25.61 26.25 36.22 13.04 39.0 28.64 30.87 21.54 21.02 22.09 36.88 25.02 41.0 
33.3 39.62 65.8 29.53 49.65 23.32 45.04 36.14 12.04 33.3 35.36 16.4 9.0 23.19 66.21 22.8 21.4 7.62 40.2 38.48 48.02 33.0 62.37 22.8 40.31 43.01 50.48 56.14 63.01 51.42 40.8 64.01 34.23 6.71 26.0 24.52 23.35 33.24 10.0 68.68 64.85 44.41 67.12 12.81 32.31 9.49 45.97 50.22 25.96 50.33 56.82 5.0 29.0 4.0 31.06 31.4 42.44 23.35 51.87 38.01 0.0 47.54 18.87 7.07 56.92 40.61 59.08 31.78 37.66 68.35 50.16 24.17 23.54 32.25 4.0 58.46 54.42 14.04 36.77 13.15 33.24 26.87 60.21 68.88 28.65 35.23 59.14 9.22 18.36 33.97 
44.28 12.08 41.59 53.25 41.0 32.06 16.03 12.73 54.08 19.42 13.04 34.37 39.36 41.3 48.7 46.86 27.46 42.45 52.8 35.17 29.83 46.49 17.72 41.23 18.03 31.14 46.04 18.44 26.87 30.59 12.53 17.69 50.6 43.42 54.04 39.46 28.02 45.62 46.04 22.02 18.03 12.0 31.83 42.8 33.11 49.09 17.8 8.6 21.95 51.35 10.82 46.53 45.79 51.26 28.16 19.03 56.65 40.31 35.36 36.4 47.54 0.0 39.6 49.74 10.0 13.89 51.24 34.44 13.04 20.88 15.23 52.5 56.59 53.85 49.19 13.93 7.07 35.51 60.03 55.47 46.96 25.02 28.02 51.26 52.43 16.64 38.9 39.56 48.8 19.65 
15.0 28.6 47.85 16.12 30.87 30.27 31.38 26.87 17.12 33.24 30.89 23.77 12.21 35.47 47.54 8.25 23.02 21.4 53.85 19.92 51.79 45.88 50.54 4.47 40.16 25.18 31.62 42.38 47.85 34.06 38.01 57.28 48.33 12.21 15.23 35.74 27.0 15.26 10.2 57.8 54.38 32.25 51.35 6.32 14.14 13.04 45.31 39.12 19.24 31.83 50.25 14.32 11.7 22.36 36.01 30.36 26.25 35.11 33.73 19.31 18.87 39.6 0.0 15.3 47.2 38.48 40.22 13.34 27.02 58.82 36.77 13.42 17.03 18.0 17.09 47.01 45.45 9.22 24.08 18.25 15.65 29.15 44.28 50.16 15.13 23.6 41.0 19.72 9.22 34.21 
28.3 40.5 63.15 23.02 45.88 29.15 44.91 37.58 5.39 37.64 38.42 21.93 10.63 30.07 62.63 17.03 25.61 14.14 47.27 35.17 53.67 40.01 63.25 18.38 44.82 40.45 46.07 56.09 62.29 49.25 44.55 66.85 41.3 6.4 19.24 31.26 28.3 28.02 5.1 70.01 66.31 44.92 66.07 9.06 29.43 2.83 50.45 51.26 27.78 45.22 59.64 3.61 23.6 8.6 36.67 35.38 36.24 30.15 49.03 34.48 7.07 49.74 15.3 0.0 58.6 44.55 54.59 28.64 38.63 70.21 50.22 17.49 16.49 25.81 3.16 59.46 56.36 14.32 29.97 6.71 27.8 31.62 59.03 65.19 22.2 35.74 56.29 14.87 12.04 38.42 
49.41 18.6 38.08 59.46 42.2 42.05 18.36 21.02 62.65 29.27 23.02 44.28 48.47 51.24 46.39 53.81 37.34 52.17 62.03 38.95 37.01 56.04 8.6 48.17 26.93 33.62 47.54 14.14 21.02 30.27 21.84 13.15 60.17 52.39 60.83 49.37 38.01 50.8 54.59 12.04 8.06 15.62 25.55 51.11 38.42 57.71 25.24 8.6 31.02 53.45 9.85 55.54 51.74 60.73 37.85 29.02 60.9 50.25 35.36 40.31 56.92 10.0 47.2 58.6 0.0 23.09 51.24 39.82 20.25 11.66 14.56 59.46 63.89 59.67 58.31 5.83 3.16 44.28 65.6 64.01 52.2 35.01 23.77 48.66 58.73 23.6 37.05 49.24 56.4 29.43 
47.52 19.31 53.82 54.08 49.48 20.62 26.42 16.28 49.58 7.62 8.06 25.06 33.97 29.07 59.94 46.62 19.21 34.13 39.0 41.11 17.46 32.98 31.38 41.44 4.24 39.05 53.94 31.89 40.46 41.15 1.41 24.74 37.11 38.21 53.71 27.02 17.89 48.66 42.01 34.53 30.59 22.47 45.45 39.66 37.05 44.69 7.07 22.02 19.31 58.31 18.11 41.01 47.54 43.83 15.03 9.22 60.53 28.07 45.31 42.05 40.61 13.89 38.48 44.55 23.09 0.0 60.44 38.12 18.68 32.02 27.66 51.89 55.07 55.36 43.19 27.73 19.92 31.62 61.68 50.99 49.82 14.32 41.04 62.65 53.14 21.21 50.12 31.62 47.01 7.28 
26.4 41.23 19.8 35.69 11.18 64.64 35.23 44.27 54.23 60.01 53.14 60.31 51.86 72.47 12.08 38.08 56.04 60.96 90.21 22.02 77.79 82.2 47.54 36.36 64.2 21.54 8.6 37.66 34.93 21.02 59.2 64.38 85.43 52.43 40.02 72.01 59.91 26.93 49.74 54.71 53.6 39.32 34.13 46.32 28.32 51.88 66.94 44.0 46.65 11.0 60.01 54.38 31.38 62.43 67.12 57.27 25.08 71.84 16.0 21.93 59.08 51.24 40.22 54.59 51.24 60.44 0.0 28.28 41.76 58.94 37.01 40.52 45.12 33.38 56.94 46.69 52.04 47.42 35.01 54.78 27.51 60.03 30.08 13.34 35.9 39.56 15.65 58.73 43.46 60.93 
9.85 22.36 34.53 19.85 18.03 37.12 21.93 22.8 30.02 35.23 30.07 32.2 23.85 44.41 34.44 15.81 28.64 32.8 62.43 6.71 54.15 54.38 41.23 11.05 41.0 12.0 19.85 31.91 36.06 21.02 37.22 51.62 57.43 25.08 21.95 44.1 32.7 11.18 23.54 48.92 45.97 24.21 39.05 19.65 1.41 26.31 45.18 31.24 20.4 21.93 45.18 27.51 12.04 35.47 40.8 32.25 22.56 43.83 20.4 6.4 31.78 34.44 13.34 28.64 39.82 38.12 28.28 0.0 21.54 50.93 27.02 21.02 26.0 19.85 30.36 38.21 38.83 19.21 25.81 31.0 12.53 33.53 32.02 37.12 19.21 18.03 27.66 30.48 20.22 36.22 
31.38 2.0 36.77 40.22 30.81 28.18 9.43 2.83 42.49 19.21 11.66 27.66 28.86 37.58 41.88 33.97 20.88 34.0 52.63 23.09 36.06 45.22 24.74 28.32 22.47 20.4 35.36 19.24 27.2 23.02 17.46 30.61 49.09 32.57 41.11 36.24 23.26 32.7 34.44 31.38 27.73 7.07 31.95 30.89 20.25 37.58 25.32 12.65 12.0 40.01 23.85 35.74 32.76 41.59 27.59 16.97 43.97 36.67 26.83 24.19 37.66 13.04 27.02 38.63 20.25 18.68 41.76 21.54 0.0 31.91 13.34 39.62 43.86 40.82 38.6 20.88 18.44 24.35 47.01 43.83 34.01 21.63 25.94 44.65 39.41 3.61 32.2 31.0 36.24 20.0 
60.31 30.23 43.01 70.71 51.08 52.15 29.07 32.65 74.3 39.05 33.73 55.11 60.01 61.01 52.15 65.3 48.27 63.32 69.86 49.41 42.54 64.63 11.4 59.67 35.23 43.57 56.46 21.54 25.02 38.63 31.0 10.63 68.73 63.98 72.25 59.0 48.51 61.72 66.24 5.39 5.39 26.91 28.16 62.77 49.52 69.35 32.02 19.85 42.54 62.65 14.32 67.12 62.94 72.11 47.04 39.32 71.28 60.01 43.66 50.8 68.35 20.88 58.82 70.21 11.66 32.02 58.94 50.93 31.91 0.0 24.41 70.94 75.43 70.77 69.86 13.04 13.93 55.9 76.58 75.66 63.13 45.28 29.27 54.04 70.01 35.23 43.74 60.44 68.01 39.01 
36.07 11.4 26.42 46.86 27.66 41.23 5.39 15.81 53.45 30.81 23.02 41.0 41.19 50.7 33.53 42.19 34.21 47.1 64.9 25.0 44.65 57.8 14.21 36.72 31.89 19.24 32.98 6.0 13.93 16.0 26.25 27.66 61.77 44.55 48.83 49.24 36.4 37.48 45.61 21.93 19.21 6.32 18.79 41.76 25.61 48.76 32.76 7.07 25.18 38.9 23.0 47.68 39.05 54.15 39.66 29.15 46.87 49.77 21.02 26.4 50.16 15.23 36.77 50.22 14.56 27.66 37.01 27.02 13.34 24.41 0.0 47.71 52.48 46.69 50.64 11.4 15.03 36.35 52.35 54.71 38.9 34.44 13.45 36.06 46.23 15.0 23.77 44.1 45.62 31.4 
15.0 41.01 53.08 5.66 34.01 42.05 42.44 39.82 14.87 46.49 44.29 35.0 22.02 45.54 50.36 5.66 35.69 29.83 63.56 25.71 64.76 55.9 61.85 11.31 53.49 32.28 32.56 52.84 57.01 41.23 51.43 70.18 57.72 19.42 2.0 46.27 39.46 14.04 14.56 69.4 66.22 44.05 59.77 14.0 22.36 14.76 58.69 51.09 32.65 30.08 63.25 19.31 10.05 26.08 48.51 43.66 19.1 45.4 39.32 24.52 24.17 52.5 13.42 17.49 59.46 51.89 40.52 21.02 39.62 70.94 47.71 0.0 5.1 8.49 20.59 58.6 57.98 21.38 12.65 15.0 13.15 41.98 52.81 52.61 5.0 36.07 46.1 29.27 6.08 47.43 
20.02 45.34 58.14 9.49 39.0 43.57 47.17 43.86 12.53 49.24 47.71 36.35 23.35 46.04 55.23 10.3 37.95 30.07 63.64 30.81 67.05 56.22 66.57 15.81 56.36 37.36 37.34 57.71 62.03 46.32 54.71 74.28 57.71 20.02 5.1 47.0 41.48 19.0 15.03 74.06 70.8 48.6 64.85 15.81 27.31 14.14 61.72 55.61 36.06 34.48 67.27 19.1 15.13 24.7 50.45 46.52 22.47 46.01 44.41 29.61 23.54 56.59 17.03 16.49 63.89 55.07 45.12 26.0 43.86 75.43 52.48 5.1 0.0 12.08 19.65 63.25 62.29 23.77 14.21 12.21 18.03 44.27 57.87 57.43 9.22 40.36 51.16 30.02 8.06 50.16 
10.82 41.88 47.85 2.83 28.44 48.17 41.73 41.59 23.35 50.8 47.43 41.44 28.86 52.63 44.0 10.2 41.01 37.34 70.88 22.47 69.58 63.06 60.88 14.14 57.49 29.15 26.0 51.22 54.2 37.58 54.71 71.28 65.15 26.93 7.21 53.15 45.0 9.43 22.36 68.62 65.76 44.05 56.36 20.88 21.26 23.02 62.36 51.09 36.14 22.56 64.66 27.29 8.06 34.41 54.01 47.85 10.63 52.39 34.79 21.1 32.25 53.85 18.0 25.81 59.67 55.36 33.38 19.85 40.82 70.77 46.69 8.49 12.08 0.0 28.84 57.98 58.6 27.07 6.32 23.43 8.06 47.1 49.65 46.04 3.61 37.22 41.0 36.4 13.89 51.79 
30.81 40.52 64.76 26.08 47.93 26.83 45.4 37.34 8.06 36.07 37.44 19.72 9.85 27.17 64.62 19.8 24.04 11.4 44.18 37.0 51.48 37.0 63.32 20.59 43.19 41.98 48.37 56.57 63.07 50.64 43.28 66.04 38.21 6.08 22.36 28.44 26.4 30.61 7.21 69.89 66.13 45.12 67.0 10.77 31.05 5.83 48.84 51.24 27.31 47.8 58.83 3.0 26.25 5.66 34.48 33.97 39.2 27.29 50.7 36.4 4.0 49.19 17.09 3.16 58.31 43.19 56.94 30.36 38.6 69.86 50.64 20.59 19.65 28.84 0.0 59.48 55.95 14.32 33.11 9.22 30.48 29.83 60.01 67.23 25.24 35.9 57.97 12.53 15.0 36.8 
47.42 18.97 32.56 58.05 38.28 45.54 16.28 22.36 63.16 33.24 26.31 47.0 49.73 54.92 41.11 53.01 40.0 54.33 66.71 36.4 42.52 60.41 4.0 47.43 31.76 30.53 43.66 9.06 15.23 25.96 26.4 18.03 64.51 53.45 59.82 53.15 41.19 48.84 55.15 10.82 7.81 14.76 19.72 51.48 36.8 58.31 30.61 8.25 32.56 49.77 15.65 56.61 50.25 62.37 42.06 32.56 58.25 53.94 31.05 37.8 58.46 13.93 47.01 59.46 5.83 27.73 46.69 38.21 20.88 13.04 11.4 58.6 63.25 57.98 59.48 0.0 8.49 45.22 63.7 64.47 50.25 38.47 18.25 43.29 57.38 23.77 32.02 51.35 56.08 33.53 
