75
0.0 81.71 59.84 88.39 15.03 31.4 36.06 16.4 20.88 33.84 22.36 88.36 83.22 68.88 57.98 53.08 2.24 80.23 57.31 4.47 16.12 48.04 75.33 35.13 24.41 36.69 62.01 48.37 87.71 61.98 55.0 54.13 41.01 51.22 47.2 4.12 88.01 44.1 69.43 14.56 21.59 66.22 57.69 76.85 34.93 28.6 45.22 77.88 89.54 52.0 81.54 63.25 75.61 11.7 29.07 33.73 86.84 74.15 85.48 29.68 55.79 34.48 83.36 86.02 59.54 43.01 75.74 27.29 82.3 90.79 63.63 32.56 35.85 87.8 88.96 
81.71 0.0 26.25 63.29 68.43 57.22 88.09 66.1 60.93 106.83 63.81 39.85 75.24 63.79 27.02 110.54 80.06 61.03 93.3 82.22 69.86 39.6 23.02 49.09 90.55 57.98 32.2 88.81 72.01 24.21 32.14 105.42 75.43 71.69 38.05 77.62 82.15 66.61 87.32 73.76 87.42 48.51 28.07 71.85 93.38 93.26 83.6 47.0 61.52 96.02 75.43 52.5 56.22 82.23 63.13 83.05 80.16 43.1 71.01 107.19 49.19 110.68 45.4 33.53 63.69 104.66 83.43 82.98 37.48 71.18 65.46 50.12 45.88 12.04 62.39 
59.84 26.25 0.0 48.76 45.35 42.72 74.95 46.0 39.2 81.63 39.56 34.13 56.09 42.05 23.26 84.29 58.55 43.66 67.54 61.29 51.16 13.6 16.28 25.0 73.68 31.89 9.49 62.68 55.03 2.24 27.46 79.2 49.2 46.1 27.66 55.73 63.15 40.5 63.35 55.15 62.27 27.46 24.6 51.35 67.36 77.1 57.43 31.91 48.02 69.89 55.73 30.02 37.95 63.01 48.7 69.89 61.19 26.93 53.45 82.76 24.52 85.88 33.97 29.55 39.62 78.57 61.07 57.2 28.6 55.54 42.19 27.29 26.31 28.64 48.37 
88.39 63.29 48.76 0.0 74.25 85.63 115.43 81.3 73.25 93.01 66.64 25.71 16.97 21.02 72.01 81.49 88.24 8.25 56.61 91.79 87.66 48.8 40.61 59.2 109.66 51.89 39.45 58.69 10.3 48.75 76.16 73.76 53.15 42.01 75.21 85.09 21.95 45.89 40.71 91.07 77.93 24.08 73.36 18.79 74.01 113.74 56.14 17.09 2.83 63.79 18.44 25.55 13.04 96.6 90.79 110.8 20.25 21.93 10.63 98.33 33.84 99.05 18.0 31.26 30.27 81.61 31.62 69.58 26.0 8.06 27.02 63.41 67.9 55.08 1.41 
15.03 68.43 45.35 74.25 0.0 26.31 44.2 11.18 8.6 40.46 7.62 73.33 70.43 55.47 46.69 53.37 14.32 66.19 50.7 17.72 16.55 33.14 60.53 20.4 35.81 22.36 47.04 41.98 74.33 47.54 44.69 52.15 31.3 39.82 37.01 11.18 75.74 31.83 59.68 18.6 22.36 51.55 46.67 64.03 33.73 40.0 37.64 63.06 75.24 47.27 68.88 48.85 61.33 22.47 27.07 40.5 74.41 59.23 72.11 39.2 41.11 43.19 68.45 71.01 46.4 44.27 64.66 23.09 67.27 77.18 50.61 18.38 23.43 73.68 74.73 
31.4 57.22 42.72 85.63 26.31 0.0 32.28 16.16 19.03 64.41 29.15 76.49 86.61 70.8 30.59 79.62 29.21 78.49 75.54 29.7 15.56 37.01 58.82 27.2 33.38 39.4 49.24 67.19 88.62 44.27 26.25 78.41 54.92 60.75 19.24 28.3 92.91 52.2 81.6 18.6 48.08 61.55 29.83 80.45 60.02 36.06 62.39 70.8 85.8 73.01 85.45 60.88 72.84 26.93 6.08 27.2 91.26 66.03 86.56 61.03 52.4 65.73 74.63 72.24 63.29 70.34 84.53 49.37 70.66 90.55 67.42 23.02 17.8 66.07 85.7 
36.06 88.09 74.95 115.43 44.2 32.28 0.0 34.66 42.52 66.01 50.99 108.46 113.86 98.41 61.07 88.28 34.54 107.8 93.04 31.62 28.28 68.0 91.09 56.3 14.14 65.07 81.02 84.1 117.03 76.54 56.01 89.99 75.17 84.02 50.36 36.67 119.52 75.93 103.73 25.61 57.57 91.53 60.03 107.49 70.88 12.08 80.53 101.71 115.94 88.02 112.43 90.0 102.42 24.35 26.25 5.1 118.09 97.13 114.87 59.14 81.61 64.2 106.0 104.4 89.81 78.09 108.85 63.16 102.55 119.47 94.05 52.15 49.24 97.74 115.68 
16.4 66.1 46.0 81.3 11.18 16.16 34.66 0.0 8.06 48.37 16.64 77.13 79.21 63.78 41.68 63.79 14.42 73.5 61.85 16.16 6.4 35.9 62.07 23.09 28.79 30.41 49.82 53.15 82.46 48.01 38.6 63.03 42.15 49.93 30.81 12.73 84.9 41.62 70.24 9.85 32.02 57.71 41.34 72.84 44.28 32.7 48.76 68.54 81.99 58.42 77.78 55.76 68.26 17.03 16.0 30.48 83.45 64.26 80.28 45.45 47.51 50.0 73.39 73.98 55.15 54.34 74.63 34.0 71.06 85.0 59.4 19.42 20.4 72.99 81.63 
20.88 60.93 39.2 73.25 8.6 19.03 42.52 8.06 0.0 49.04 10.2 69.43 71.42 55.9 38.29 61.4 19.42 65.46 56.57 22.09 14.42 28.28 55.01 15.3 36.77 22.67 42.3 48.17 74.52 41.3 36.12 59.68 36.14 42.94 28.43 16.76 77.23 34.48 63.56 17.89 30.89 49.65 38.21 65.07 41.76 40.72 43.42 60.54 73.93 54.0 70.04 47.71 60.21 24.52 21.19 38.18 75.74 56.3 72.35 47.51 39.45 51.62 65.46 66.48 47.42 52.55 67.42 30.81 63.35 77.01 51.66 12.0 15.26 66.94 73.57 
33.84 106.83 81.63 93.01 40.46 64.41 66.01 48.37 49.04 0.0 43.28 101.87 82.04 72.0 87.0 25.24 36.06 85.01 42.95 37.11 49.77 68.1 94.43 57.8 52.09 50.57 80.11 36.4 88.57 83.86 85.15 30.41 40.11 51.0 77.47 36.25 84.4 48.66 60.41 48.38 19.42 76.49 87.05 76.53 19.1 55.33 37.34 88.28 95.01 34.89 80.06 72.01 82.22 43.57 62.77 65.12 83.95 86.12 86.47 8.6 67.45 6.32 94.54 101.53 63.07 16.28 69.64 25.3 96.3 92.44 66.0 57.38 63.66 110.15 94.0 
22.36 63.81 39.56 66.64 7.62 29.15 50.99 16.64 10.2 43.28 0.0 66.12 63.13 48.01 44.2 52.55 21.84 58.59 46.39 25.3 22.8 26.68 54.13 14.76 43.27 14.76 40.31 38.05 66.85 41.79 43.05 50.22 25.96 33.29 35.78 18.68 68.59 25.0 53.67 25.46 24.04 43.97 44.41 56.73 33.11 47.43 33.24 55.54 67.62 44.05 61.62 41.23 53.71 30.02 31.32 47.01 67.21 51.79 64.64 43.42 33.53 46.87 61.0 64.03 39.05 44.29 58.01 21.93 60.07 69.64 43.28 14.14 21.1 68.15 67.12 
88.36 39.85 34.13 25.71 73.33 76.49 108.46 77.13 69.43 101.87 66.12 0.0 41.15 36.12 55.15 96.18 87.57 26.93 73.24 90.8 82.97 41.23 19.85 54.13 105.77 53.08 27.51 72.47 35.74 33.02 60.14 89.19 62.63 53.67 61.61 84.48 47.17 53.45 60.83 86.83 84.01 25.63 56.57 40.22 84.12 109.48 68.45 15.0 23.35 78.89 42.06 30.46 24.76 93.94 82.35 103.47 45.31 15.81 35.47 105.38 34.53 107.28 9.22 6.32 41.68 93.78 53.6 76.69 6.08 33.73 40.8 57.72 59.24 30.15 24.52 
83.22 75.24 56.09 16.97 70.43 86.61 113.86 79.21 71.42 82.04 63.13 41.15 0.0 15.81 78.85 67.48 83.49 14.56 42.3 87.09 85.59 51.89 52.24 59.41 106.21 48.8 46.69 46.1 7.62 56.72 82.22 59.54 44.01 32.7 79.71 80.45 7.07 39.12 25.0 88.53 69.29 28.64 80.08 6.4 62.97 110.42 44.72 28.64 19.8 50.09 2.0 26.93 19.03 92.8 91.05 109.6 5.1 32.14 6.4 88.29 34.89 88.28 32.31 45.88 24.08 69.03 15.23 60.75 39.85 11.7 19.85 63.6 69.64 68.66 18.38 
68.88 63.79 42.05 21.02 55.47 70.8 98.41 63.78 55.9 72.0 48.01 36.12 15.81 0.0 64.13 61.68 68.96 13.04 37.59 72.56 70.18 36.4 41.44 43.6 91.26 33.42 33.02 38.33 18.87 43.0 67.19 54.23 32.14 21.0 64.26 65.86 22.36 25.3 25.0 73.25 57.07 15.3 65.31 9.85 53.04 95.44 35.36 21.21 23.02 44.01 14.76 12.04 11.66 77.94 75.29 94.07 20.59 22.47 16.64 77.32 19.31 78.03 27.02 39.05 9.49 61.0 19.65 48.66 32.65 21.93 6.0 47.8 53.85 59.09 22.0 
57.98 27.02 23.26 72.01 46.69 30.59 61.07 41.68 38.29 87.0 44.2 55.15 78.85 64.13 0.0 95.77 56.08 66.85 83.68 57.71 44.38 29.02 35.38 31.3 63.95 44.27 32.7 77.16 78.19 23.32 5.39 92.2 63.25 63.64 11.4 54.08 85.87 56.29 83.05 48.1 68.12 50.29 1.41 73.76 76.85 66.48 71.78 55.07 71.2 84.15 78.34 52.17 61.1 56.65 36.35 56.04 83.93 50.12 76.55 85.8 45.28 89.87 56.61 49.58 60.07 88.2 82.3 65.73 50.33 78.79 63.29 30.23 23.35 37.11 71.59 
53.08 110.54 84.29 81.49 53.37 79.62 88.28 63.79 61.4 25.24 52.55 96.18 67.48 61.68 95.77 0.0 55.04 74.33 25.18 57.22 67.19 71.06 93.72 64.5 74.95 52.8 79.98 23.71 74.81 86.37 95.27 8.0 35.38 42.54 88.24 54.01 68.01 44.69 43.01 67.01 32.06 70.83 96.18 63.15 19.65 78.59 28.02 81.39 83.93 17.72 65.49 65.86 73.16 64.38 79.63 86.58 68.07 80.62 72.99 33.84 64.2 30.48 87.66 97.42 54.56 10.2 53.04 30.68 91.42 78.92 56.08 65.74 73.41 111.13 82.71 
2.24 80.06 58.55 88.24 14.32 29.21 34.54 14.42 19.42 36.06 21.84 87.57 83.49 68.96 56.08 55.04 0.0 80.11 58.59 3.61 13.89 47.0 74.17 34.01 23.43 36.4 61.01 49.65 87.82 60.67 53.01 55.9 41.77 51.74 45.22 3.16 88.41 44.41 70.29 12.37 23.35 65.8 55.76 77.1 36.67 27.66 46.32 77.37 89.32 53.49 81.84 62.97 75.39 10.3 26.83 32.02 87.2 73.55 85.59 31.91 55.36 36.72 82.76 85.09 59.68 45.0 76.38 28.64 81.5 90.82 63.81 31.26 34.18 86.35 88.77 
80.23 61.03 43.66 8.25 66.19 78.49 107.8 73.5 65.46 85.01 58.59 26.93 14.56 13.04 66.85 74.33 80.11 0.0 49.77 83.67 79.88 42.01 38.01 51.74 101.71 43.83 34.18 51.2 11.4 43.97 70.68 66.73 45.04 34.01 69.12 76.97 21.21 37.66 35.0 83.22 69.72 17.2 68.15 13.45 66.07 105.82 48.37 14.14 10.0 56.61 15.23 17.8 5.83 88.59 83.49 103.23 19.24 18.03 10.05 90.2 26.25 91.01 17.89 31.38 22.09 73.98 26.91 61.4 25.3 12.21 19.03 55.97 60.88 54.13 9.06 
57.31 93.3 67.54 56.61 50.7 75.54 93.04 61.85 56.57 42.95 46.39 73.24 42.3 37.59 83.68 25.18 58.59 49.77 0.0 61.77 67.05 55.71 73.88 53.46 81.63 39.62 61.29 8.94 49.65 69.35 84.53 17.26 21.02 21.63 78.64 56.36 43.05 27.51 18.11 68.35 37.01 48.84 84.4 38.08 25.61 85.76 13.15 58.25 59.14 8.25 40.31 43.86 49.24 68.88 77.47 90.08 43.0 58.26 47.85 50.61 44.41 49.24 64.35 75.29 31.89 27.89 28.02 30.02 69.03 53.76 32.45 56.14 64.2 91.83 57.87 
4.47 82.22 61.29 91.79 17.72 29.7 31.62 16.16 22.09 37.11 25.3 90.8 87.09 72.56 57.71 57.22 3.61 83.67 61.77 0.0 14.14 50.04 77.06 37.01 20.0 39.92 64.07 52.84 91.42 63.39 54.38 58.46 45.28 55.32 46.65 6.71 92.01 48.01 73.76 11.66 25.96 69.26 57.31 80.71 39.29 24.21 49.65 80.78 92.85 56.46 85.45 66.48 78.92 7.28 26.63 29.43 90.8 76.9 89.19 32.2 58.82 37.16 86.12 88.2 63.29 47.1 79.93 31.76 84.72 94.41 67.42 34.06 36.4 88.84 92.31 
16.12 69.86 51.16 87.66 16.55 15.56 28.28 6.4 14.42 49.77 22.8 82.97 85.59 70.18 44.38 67.19 13.89 79.88 67.05 14.14 0.0 41.76 67.36 29.15 22.8 36.8 55.54 58.24 88.87 53.08 40.71 67.07 47.85 56.04 33.11 13.6 91.24 47.8 76.16 4.0 35.13 64.01 43.86 79.21 48.0 26.57 54.08 74.73 88.32 63.15 84.15 62.13 74.63 12.37 13.0 24.21 89.81 70.38 86.68 45.79 53.85 50.61 79.48 79.62 61.52 57.43 80.8 38.33 76.92 91.4 65.76 25.3 25.0 77.41 87.98 
48.04 39.6 13.6 48.8 33.14 37.01 68.0 35.9 28.28 68.1 26.68 41.23 51.89 36.4 29.02 71.06 47.0 42.01 55.71 50.04 41.76 0.0 27.46 13.04 64.56 18.38 14.04 50.12 52.7 15.81 31.26 66.29 36.36 34.93 27.86 44.01 58.69 28.23 54.04 45.61 48.76 24.84 30.0 46.24 53.81 68.31 44.78 33.84 48.84 57.31 51.08 25.06 36.24 52.77 42.44 63.13 56.86 29.15 50.77 69.46 17.09 72.45 38.01 38.21 31.26 65.07 53.6 43.6 35.17 54.2 34.71 16.49 19.21 42.06 48.8 
75.33 23.02 16.28 40.61 60.53 58.82 91.09 62.07 55.01 94.43 54.13 19.85 52.24 41.44 35.38 93.72 74.17 38.01 73.88 77.06 67.36 27.46 0.0 40.2 89.94 43.86 14.32 70.72 49.04 14.56 40.46 87.73 58.41 52.4 42.54 71.25 59.14 49.04 65.74 71.34 75.39 26.4 36.8 49.03 78.55 93.38 65.86 24.02 39.05 77.78 52.47 30.89 33.24 79.1 64.85 86.02 57.14 20.1 48.0 96.46 29.7 99.16 23.09 14.21 42.72 89.31 61.03 69.32 15.65 48.37 43.83 43.01 42.58 18.03 39.81 
35.13 49.09 25.0 59.2 20.4 27.2 56.3 23.09 15.3 57.8 14.76 54.13 59.41 43.6 31.3 64.5 34.01 51.74 53.46 37.01 29.15 13.04 40.2 0.0 51.87 14.0 27.07 46.32 61.55 27.2 31.32 60.93 32.56 35.36 25.18 31.06 65.73 27.07 56.09 32.89 38.42 35.23 31.78 53.25 45.8 55.71 41.0 45.62 59.64 53.16 58.25 33.97 46.23 39.81 31.83 51.61 64.07 41.23 59.46 58.18 25.5 61.59 50.33 51.24 36.24 57.2 57.94 34.83 48.05 63.66 40.31 4.24 11.18 53.49 59.41 
24.41 90.55 73.68 109.66 35.81 33.38 14.14 28.79 36.77 52.09 43.27 105.77 106.21 91.26 63.95 74.95 23.43 101.71 81.63 20.0 22.8 64.56 89.94 51.87 0.0 57.98 78.34 72.72 110.11 75.54 59.44 77.16 65.19 74.97 52.61 26.17 111.4 67.36 93.72 18.97 45.19 86.33 63.15 99.81 58.31 4.24 69.63 97.31 110.48 76.03 104.64 84.12 96.65 13.45 27.66 14.76 110.11 93.05 107.9 45.04 76.03 50.09 102.18 102.39 82.2 64.76 99.7 51.62 99.72 112.9 86.4 48.08 47.38 99.02 110.06 
36.69 57.98 31.89 51.89 22.36 39.4 65.07 30.41 22.67 50.57 14.76 53.08 48.8 33.42 44.27 52.8 36.4 43.83 39.62 39.92 36.8 18.38 43.86 14.0 57.98 0.0 29.55 32.89 52.2 34.06 44.91 48.37 18.97 21.59 39.12 33.24 54.56 13.15 42.45 39.82 31.62 29.61 44.92 42.43 35.47 62.13 27.51 41.44 52.92 39.92 47.38 26.57 39.0 44.78 43.05 60.83 53.08 38.05 50.0 52.89 19.24 55.36 47.17 51.79 24.76 46.69 45.18 25.55 47.17 54.92 29.0 17.26 25.08 59.91 52.39 
62.01 32.2 9.49 39.45 47.04 49.24 81.02 49.82 42.3 80.11 40.31 27.51 46.69 33.02 32.7 79.98 61.01 34.18 61.29 64.07 55.54 14.04 14.32 27.07 78.34 29.55 0.0 57.38 45.54 10.05 36.72 74.28 44.6 39.66 36.12 58.0 53.76 35.36 55.36 59.44 61.1 18.11 34.01 42.11 64.35 82.01 52.35 22.8 38.83 64.54 46.39 21.1 28.46 66.75 55.01 76.06 51.79 17.8 43.97 82.22 17.0 84.86 25.61 24.19 31.62 75.21 52.35 55.01 21.54 46.1 33.73 30.41 31.78 31.14 39.12 
48.37 88.81 62.68 58.69 41.98 67.19 84.1 53.15 48.17 36.4 38.05 72.47 46.1 38.33 77.16 23.71 49.65 51.2 8.94 52.84 58.24 50.12 70.72 46.32 72.72 32.89 57.38 0.0 53.0 64.64 77.62 17.03 13.93 18.87 71.39 47.42 48.05 22.2 24.17 59.46 28.32 47.17 77.79 41.01 17.89 76.85 5.39 57.7 61.0 7.21 44.1 42.19 49.65 59.94 68.88 81.15 47.68 56.94 51.01 43.46 41.04 42.72 63.98 73.78 30.87 23.02 33.24 21.1 67.74 57.01 32.57 48.66 56.72 88.41 59.84 
87.71 72.01 55.03 10.3 74.33 88.62 117.03 82.46 74.52 88.57 66.85 35.74 7.62 18.87 78.19 74.81 87.82 11.4 49.65 91.42 88.87 52.7 49.04 61.55 110.11 52.2 45.54 53.0 0.0 55.36 81.94 66.91 49.73 38.33 80.13 84.72 11.66 43.86 32.57 92.01 75.0 28.18 79.48 12.04 69.46 114.28 51.24 25.02 13.04 57.31 9.49 27.8 17.09 96.8 93.38 112.61 10.0 29.27 2.24 94.54 36.24 94.76 27.46 41.0 28.18 76.01 22.85 66.48 35.36 4.12 24.17 65.8 71.22 64.5 11.66 
61.98 24.21 2.24 48.75 47.54 44.27 76.54 48.01 41.3 83.86 41.79 33.02 56.72 43.0 23.32 86.37 60.67 43.97 69.35 63.39 53.08 15.81 14.56 27.2 75.54 34.06 10.05 64.64 55.36 0.0 27.8 81.22 51.22 47.85 28.6 57.87 63.79 42.44 64.76 57.08 64.5 28.16 24.7 52.15 69.53 78.92 59.41 31.76 47.89 71.85 56.44 31.02 38.33 65.0 50.29 71.47 61.81 26.83 53.85 85.0 25.96 88.12 33.42 28.18 41.0 80.72 62.2 59.41 27.66 55.71 43.42 29.43 28.16 26.4 48.3 
55.0 32.14 27.46 76.16 44.69 26.25 56.01 38.6 36.12 85.15 43.05 60.14 82.22 67.19 5.39 95.27 53.01 70.68 84.53 54.38 40.71 31.26 40.46 31.32 59.44 44.91 36.72 77.62 81.94 27.8 0.0 92.11 63.79 65.12 7.81 51.22 89.19 57.43 85.02 44.28 66.61 53.85 4.12 76.92 76.06 61.81 72.28 59.36 75.47 84.48 81.61 55.36 64.88 52.8 31.78 51.0 87.28 54.38 80.23 83.45 48.05 87.69 61.22 54.67 62.51 87.32 84.85 64.88 55.17 82.73 65.92 29.55 21.95 42.45 75.8 
54.13 105.42 79.2 73.76 52.15 78.41 89.99 63.03 59.68 30.41 50.22 89.19 59.54 54.23 92.2 8.0 55.9 66.73 17.26 58.46 67.07 66.29 87.73 60.93 77.16 48.37 74.28 17.03 66.91 81.22 92.11 0.0 30.0 35.81 85.38 54.45 60.01 38.95 35.01 67.36 32.56 64.07 92.7 55.32 19.24 80.99 21.93 74.3 76.24 10.3 57.56 59.08 65.8 65.73 79.03 87.86 60.07 73.78 65.12 38.9 58.05 36.24 80.53 90.7 47.51 14.14 45.04 29.07 84.6 71.02 48.75 62.63 70.52 105.36 75.0 
41.01 75.43 49.2 53.15 31.3 54.92 75.17 42.15 36.14 40.11 25.96 62.63 44.01 32.14 63.25 35.38 41.77 45.04 21.02 45.28 47.85 36.36 58.41 32.56 65.19 18.97 44.6 13.93 49.73 51.22 63.79 30.0 0.0 11.4 57.71 39.05 47.89 9.43 28.6 49.74 25.3 37.0 63.89 37.95 21.59 69.43 8.54 48.51 55.04 21.02 42.15 32.28 42.11 51.86 57.28 71.69 46.96 46.82 47.54 45.18 29.15 46.01 54.82 63.07 23.0 31.3 34.83 16.76 57.38 53.37 26.17 35.13 43.19 75.74 54.08 
51.22 71.69 46.1 42.01 39.82 60.75 84.02 49.93 42.94 51.0 33.29 53.67 32.7 21.0 63.64 42.54 51.74 34.01 21.63 55.32 56.04 34.93 52.4 35.36 74.97 21.59 39.66 18.87 38.33 47.85 65.12 35.81 11.4 0.0 60.03 48.84 36.89 8.54 20.88 58.41 36.69 28.3 64.5 26.57 32.06 79.21 14.87 39.0 44.01 25.61 30.87 23.32 31.58 61.52 63.98 80.21 35.85 38.08 36.14 56.44 22.8 57.04 45.31 54.92 12.37 40.52 24.84 28.16 48.88 41.98 15.0 38.83 46.53 70.29 43.0 
47.2 38.05 27.66 75.21 37.01 19.24 50.36 30.81 28.43 77.47 35.78 61.61 79.71 64.26 11.4 88.24 45.22 69.12 78.64 46.65 33.11 27.86 42.54 25.18 52.61 39.12 36.12 71.39 80.13 28.6 7.81 85.38 57.71 60.03 0.0 43.42 86.54 52.01 80.4 36.77 59.08 51.97 10.77 74.09 68.88 55.23 66.1 58.9 74.81 78.1 78.92 52.8 63.29 45.31 25.08 45.28 84.69 53.91 78.29 75.66 44.94 79.93 61.52 56.6 58.69 80.06 81.02 57.7 56.22 81.3 62.36 22.8 14.87 47.38 75.0 
4.12 77.62 55.73 85.09 11.18 28.3 36.67 12.73 16.76 36.25 18.68 84.48 80.45 65.86 54.08 54.01 3.16 76.97 56.36 6.71 13.6 44.01 71.25 31.06 26.17 33.24 58.0 47.42 84.72 57.87 51.22 54.45 39.05 48.84 43.42 0.0 85.43 41.4 67.62 13.0 22.02 62.64 53.82 74.06 35.23 30.41 43.91 74.22 86.16 51.55 78.82 59.81 72.24 12.81 26.57 33.84 84.2 70.41 82.49 32.8 52.2 37.44 79.62 82.05 56.6 44.1 73.54 26.57 78.41 87.71 60.75 28.44 31.78 83.68 85.62 
88.01 82.15 63.15 21.95 75.74 92.91 119.52 84.9 77.23 84.4 68.59 47.17 7.07 22.36 85.87 68.01 88.41 21.21 43.05 92.01 91.24 58.69 59.14 65.73 111.4 54.56 53.76 48.05 11.66 63.79 89.19 60.01 47.89 36.89 86.54 85.43 0.0 44.05 25.0 94.05 72.92 35.69 87.09 12.53 65.52 115.62 47.43 35.36 24.7 51.16 7.62 33.84 26.0 97.95 97.2 115.36 2.0 39.05 11.7 91.09 41.63 90.71 38.6 52.2 29.83 70.58 15.03 64.4 46.32 14.87 25.61 69.89 76.16 75.31 23.32 
44.1 66.61 40.5 45.89 31.83 52.2 75.93 41.62 34.48 48.66 25.0 53.45 39.12 25.3 56.29 44.69 44.41 37.66 27.51 48.01 47.8 28.23 49.04 27.07 67.36 13.15 35.36 22.2 43.86 42.44 57.43 38.95 9.43 8.54 52.01 41.4 44.05 0.0 29.41 50.33 32.14 27.89 57.07 32.76 30.68 71.59 17.03 39.62 47.52 29.41 37.44 23.35 34.06 53.91 55.46 72.01 42.8 37.64 41.63 53.01 19.72 54.33 45.89 53.71 15.81 40.71 33.02 24.0 48.1 47.17 19.7 30.41 38.21 66.48 46.69 
69.43 87.32 63.35 40.71 59.68 81.6 103.73 70.24 63.56 60.41 53.67 60.83 25.0 25.0 83.05 43.01 70.29 35.0 18.11 73.76 76.16 54.04 65.74 56.09 93.72 42.45 55.36 24.17 32.57 64.76 85.02 35.01 28.6 20.88 80.4 67.62 25.0 29.41 0.0 78.23 51.4 39.36 84.02 21.95 42.05 97.95 25.0 46.1 43.42 26.31 23.09 34.93 36.07 80.43 84.69 100.17 25.08 47.43 31.02 67.62 38.83 66.73 51.62 64.03 23.77 45.89 10.05 43.28 57.63 36.69 21.93 59.67 67.27 83.65 42.06 
14.56 73.76 55.15 91.07 18.6 18.6 25.61 9.85 17.89 48.38 25.46 86.83 88.53 73.25 48.1 67.01 12.37 83.22 68.35 11.66 4.0 45.61 71.34 32.89 18.97 39.82 59.44 59.46 92.01 57.08 44.28 67.36 49.74 58.41 36.77 13.0 94.05 50.33 78.23 0.0 35.01 67.54 47.54 82.13 48.17 22.85 55.54 78.39 91.79 64.03 87.05 65.51 78.03 8.54 15.0 21.95 92.66 74.09 89.81 43.83 57.31 48.75 83.22 83.55 64.44 57.08 83.24 39.05 80.78 94.63 68.68 29.12 29.0 81.39 91.42 
21.59 87.42 62.27 77.93 22.36 48.08 57.57 32.02 30.89 19.42 24.04 84.01 69.29 57.07 68.12 32.06 23.35 69.72 37.01 25.96 35.13 48.76 75.39 38.42 45.19 31.62 61.1 28.32 75.0 64.5 66.61 32.56 25.3 36.69 59.08 22.02 72.92 32.14 51.4 35.01 0.0 59.14 68.25 63.25 13.34 49.19 26.4 71.11 79.63 30.89 67.42 55.01 66.19 33.24 47.68 55.32 72.09 68.47 72.8 21.38 49.5 23.77 77.23 83.2 47.68 22.36 59.17 8.54 78.26 78.59 51.2 38.18 44.82 90.82 78.77 
66.22 48.51 27.46 24.08 51.55 61.55 91.53 57.71 49.65 76.49 43.97 25.63 28.64 15.3 50.29 70.83 65.8 17.2 48.84 69.26 64.01 24.84 26.4 35.23 86.33 29.61 18.11 47.17 28.18 28.16 53.85 64.07 37.0 28.3 51.97 62.64 35.69 27.89 39.36 67.54 59.14 0.0 51.55 24.02 58.52 90.34 42.94 12.0 24.41 53.82 28.28 5.0 11.4 73.54 66.71 86.84 33.73 9.85 26.4 80.4 10.44 82.04 18.11 26.63 16.97 68.15 34.93 51.48 20.59 29.41 17.49 39.41 43.84 44.29 24.21 
57.69 28.07 24.6 73.36 46.67 29.83 60.03 41.34 38.21 87.05 44.41 56.57 80.08 65.31 1.41 96.18 55.76 68.15 84.4 57.31 43.86 30.0 36.8 31.78 63.15 44.92 34.01 77.79 79.48 24.7 4.12 92.7 63.89 64.5 10.77 53.82 87.09 57.07 84.02 47.54 68.25 51.55 0.0 74.95 77.18 65.62 72.42 56.44 72.56 84.76 79.56 53.37 62.39 56.08 35.51 55.01 85.16 51.48 77.83 85.7 46.39 89.83 58.01 50.99 61.13 88.51 83.38 66.04 51.74 80.11 64.38 30.53 23.43 38.33 72.95 
76.85 71.85 51.35 18.79 64.03 80.45 107.49 72.84 65.07 76.53 56.73 40.22 6.4 9.85 73.76 63.15 77.1 13.45 38.08 80.71 79.21 46.24 49.03 53.25 99.81 42.43 42.11 41.01 12.04 52.15 76.92 55.32 37.95 26.57 74.09 74.06 12.53 32.76 21.95 82.13 63.25 24.02 74.95 0.0 57.43 104.02 39.2 26.4 21.47 45.54 5.0 21.59 16.16 86.4 84.81 103.25 10.82 29.12 10.0 82.57 29.15 82.73 31.06 44.29 17.69 64.03 13.45 54.71 38.01 16.0 13.45 57.43 63.63 66.1 20.12 
34.93 93.38 67.36 74.01 33.73 60.02 70.88 44.28 41.76 19.1 33.11 84.12 62.97 53.04 76.85 19.65 36.67 66.07 25.61 39.29 48.0 53.81 78.55 45.8 58.31 35.47 64.35 17.89 69.46 69.53 76.06 19.24 21.59 32.06 68.88 35.23 65.52 30.68 42.05 48.17 13.34 58.52 77.18 57.43 0.0 62.24 18.25 70.09 76.06 18.44 61.0 53.85 63.51 46.57 60.21 68.66 65.0 68.31 67.36 25.63 50.16 25.32 76.4 84.31 44.28 11.4 50.92 11.18 78.77 73.33 47.04 46.65 54.12 95.21 75.03 
28.6 93.26 77.1 113.74 40.0 36.06 12.08 32.7 40.72 55.33 47.43 109.48 110.42 95.44 66.48 78.59 27.66 105.82 85.76 24.21 26.57 68.31 93.38 55.71 4.24 62.13 82.01 76.85 114.28 78.92 61.81 80.99 69.43 79.21 55.23 30.41 115.62 71.59 97.95 22.85 49.19 90.34 65.62 104.02 62.24 0.0 73.82 101.24 114.53 80.06 108.85 88.19 100.72 17.69 30.15 14.14 114.34 96.93 112.07 48.01 80.06 53.0 106.04 105.99 86.4 68.41 103.95 55.76 103.45 117.05 90.6 51.87 50.8 102.0 114.13 
45.22 83.6 57.43 56.14 37.64 62.39 80.53 48.76 43.42 37.34 33.24 68.45 44.72 35.36 71.78 28.02 46.32 48.37 13.15 49.65 54.08 44.78 65.86 41.0 69.63 27.51 52.35 5.39 51.24 59.41 72.28 21.93 8.54 14.87 66.1 43.91 47.43 17.03 25.0 55.54 26.4 42.94 72.42 39.2 18.25 73.82 0.0 53.85 58.31 12.53 42.76 38.01 46.32 56.6 64.33 77.39 46.84 52.77 49.16 43.68 36.24 43.57 60.17 69.46 27.2 25.71 33.11 18.38 63.53 55.15 29.43 43.42 51.48 83.44 57.22 
77.88 47.0 31.91 17.09 63.06 70.8 101.71 68.54 60.54 88.28 55.54 15.0 28.64 21.21 55.07 81.39 77.37 14.14 58.25 80.78 74.73 33.84 24.02 45.62 97.31 41.44 22.8 57.7 25.02 31.76 59.36 74.3 48.51 39.0 58.9 74.22 35.36 39.62 46.1 78.39 71.11 12.0 56.44 26.4 70.09 101.24 53.85 0.0 16.12 64.01 29.12 16.28 10.3 84.76 76.28 96.9 33.38 5.0 24.02 92.35 22.2 93.9 6.32 18.03 26.83 79.38 39.45 63.39 11.66 24.52 25.81 49.65 53.01 40.02 16.55 
89.54 61.52 48.02 2.83 75.24 85.8 115.94 81.99 73.93 95.01 67.62 23.35 19.8 23.02 71.2 83.93 89.32 10.0 59.14 92.85 88.32 48.84 39.05 59.64 110.48 52.92 38.83 61.0 13.04 47.89 75.47 76.24 55.04 44.01 74.81 86.16 24.7 47.52 43.42 91.79 79.63 24.41 72.56 21.47 76.06 114.53 58.31 16.12 0.0 66.22 21.26 26.4 13.93 97.51 91.05 111.25 23.02 21.1 13.45 100.18 34.48 101.0 16.12 29.07 32.06 83.86 34.41 71.34 24.08 10.44 29.02 63.82 68.01 53.01 1.41 
52.0 96.02 69.89 63.79 47.27 73.01 88.02 58.42 54.0 34.89 44.05 78.89 50.09 44.01 84.15 17.72 53.49 56.61 8.25 56.46 63.15 57.31 77.78 53.16 76.03 39.92 64.54 7.21 57.31 71.85 84.48 10.3 21.02 25.61 78.1 51.55 51.16 29.41 26.31 64.03 30.89 53.82 84.76 45.54 18.44 80.06 12.53 64.01 66.22 0.0 48.09 48.83 55.54 63.69 74.33 85.38 51.04 63.51 55.44 42.72 48.08 41.15 70.24 80.45 37.22 19.65 36.12 25.0 74.33 61.4 38.48 55.32 63.35 95.52 65.0 
81.54 75.43 55.73 18.44 68.88 85.45 112.43 77.78 70.04 80.06 61.62 42.06 2.0 14.76 78.34 65.49 81.84 15.23 40.31 85.45 84.15 51.08 52.47 58.25 104.64 47.38 46.39 44.1 9.49 56.44 81.61 57.56 42.15 30.87 78.92 78.82 7.62 37.44 23.09 87.05 67.42 28.28 79.56 5.0 61.0 108.85 42.76 29.12 21.26 48.09 0.0 26.25 19.24 91.21 89.81 108.21 5.83 32.39 8.06 86.35 34.01 86.31 33.11 46.62 22.63 67.03 13.42 58.87 40.5 13.6 18.38 62.43 68.6 69.12 19.85 
63.25 52.5 30.02 25.55 48.85 60.88 90.0 55.76 47.71 72.01 41.23 30.46 26.93 12.04 52.17 65.86 62.97 17.8 43.86 66.48 62.13 25.06 30.89 33.97 84.12 26.57 21.1 42.19 27.8 31.02 55.36 59.08 32.28 23.32 52.8 59.81 33.84 23.35 34.93 65.51 55.01 5.0 53.37 21.59 53.85 88.19 38.01 16.28 26.4 48.83 26.25 0.0 12.53 71.11 65.76 85.43 31.95 14.76 25.81 76.16 8.49 77.65 22.56 31.62 12.04 63.32 31.26 47.17 25.55 29.7 13.0 38.21 43.42 48.88 25.94 
75.61 56.22 37.95 13.04 61.33 72.84 102.42 68.26 60.21 82.22 53.71 24.76 19.03 11.66 61.1 73.16 75.39 5.83 49.24 78.92 74.63 36.24 33.24 46.23 96.65 39.0 28.46 49.65 17.09 38.33 64.88 65.8 42.11 31.58 63.29 72.24 26.0 34.06 36.07 78.03 66.19 11.4 62.39 16.16 63.51 100.72 46.32 10.3 13.93 55.54 19.24 12.53 0.0 83.63 77.9 97.8 24.0 13.15 15.52 87.01 20.81 88.09 15.56 28.3 19.24 72.03 29.15 58.03 21.95 18.03 17.09 50.45 55.17 50.0 13.42 
11.7 82.23 63.01 96.6 22.47 26.93 24.35 17.03 24.52 43.57 30.02 93.94 92.8 77.94 56.65 64.38 10.3 88.59 68.88 7.28 12.37 52.77 79.1 39.81 13.45 44.78 66.75 59.94 96.8 65.0 52.8 65.73 51.86 61.52 45.31 12.81 97.95 53.91 80.43 8.54 33.24 73.54 56.08 86.4 46.57 17.69 56.6 84.76 97.51 63.69 91.21 71.11 83.63 0.0 22.67 22.2 96.67 80.65 94.58 37.95 63.16 43.01 89.84 90.93 68.82 54.23 86.28 38.91 87.86 99.64 73.01 36.35 37.12 89.68 97.05 
29.07 63.13 48.7 90.79 27.07 6.08 26.25 16.0 21.19 62.77 31.32 82.35 91.05 75.29 36.35 79.63 26.83 83.49 77.47 26.63 13.0 42.44 64.85 31.83 27.66 43.05 55.01 68.88 93.38 50.29 31.78 79.03 57.28 63.98 25.08 26.57 97.2 55.46 84.69 15.0 47.68 66.71 35.51 84.81 60.21 30.15 64.33 76.28 91.05 74.33 89.81 65.76 77.9 22.67 0.0 21.19 95.6 71.56 91.29 58.67 57.28 63.53 80.26 78.19 67.42 70.04 88.19 50.0 76.49 95.46 71.61 27.59 23.32 72.11 90.91 
33.73 83.05 69.89 110.8 40.5 27.2 5.1 30.48 38.18 65.12 47.01 103.47 109.6 94.07 56.04 86.58 32.02 103.23 90.08 29.43 24.21 63.13 86.02 51.61 14.76 60.83 76.06 81.15 112.61 71.47 51.0 87.86 71.69 80.21 45.28 33.84 115.36 72.01 100.17 21.95 55.32 86.84 55.01 103.25 68.66 14.14 77.39 96.9 111.25 85.38 108.21 85.43 97.8 22.2 21.19 0.0 113.9 92.28 110.45 58.69 77.01 63.79 101.12 99.37 85.59 76.42 105.0 60.41 97.58 114.98 89.83 47.43 44.28 92.66 111.02 
86.84 80.16 61.19 20.25 74.41 91.26 118.09 83.45 75.74 83.95 67.21 45.31 5.1 20.59 83.93 68.07 87.2 19.24 43.0 90.8 89.81 56.86 57.14 64.07 110.11 53.08 51.79 47.68 10.0 61.81 87.28 60.07 46.96 35.85 84.69 84.2 2.0 42.8 25.08 92.66 72.09 33.73 85.16 10.82 65.0 114.34 46.84 33.38 23.02 51.04 5.83 31.95 24.0 96.67 95.6 113.9 0.0 37.05 9.85 90.52 39.81 90.24 36.69 50.29 28.32 70.35 15.03 63.56 44.38 13.45 24.08 68.24 74.43 73.35 21.63 
74.15 43.1 26.93 21.93 59.23 66.03 97.13 64.26 56.3 86.12 51.79 15.81 32.14 22.47 50.12 80.62 73.55 18.03 58.26 76.9 70.38 29.15 20.1 41.23 93.05 38.05 17.8 56.94 29.27 26.83 54.38 73.78 46.82 38.08 53.91 70.41 39.05 37.64 47.43 74.09 68.47 9.85 51.48 29.12 68.31 96.93 52.77 5.0 21.1 63.51 32.39 14.76 13.15 80.65 71.56 92.28 37.05 0.0 28.07 89.81 19.03 91.59 9.22 17.03 26.4 78.0 41.63 61.0 10.82 29.12 26.17 45.19 48.26 37.0 21.47 
85.48 71.01 53.45 10.63 72.11 86.56 114.87 80.28 72.35 86.47 64.64 35.47 6.4 16.64 76.55 72.99 85.59 10.05 47.85 89.19 86.68 50.77 48.0 59.46 107.9 50.0 43.97 51.01 2.24 53.85 80.23 65.12 47.54 36.14 78.29 82.49 11.7 41.63 31.02 89.81 72.8 26.4 77.83 10.0 67.36 112.07 49.16 24.02 13.45 55.44 8.06 25.81 15.52 94.58 91.29 110.45 9.85 28.07 0.0 92.4 34.21 92.66 26.93 40.52 25.94 74.03 21.47 64.29 34.71 6.0 21.93 63.7 69.2 63.79 12.04 
29.68 107.19 82.76 98.33 39.2 61.03 59.14 45.45 47.51 8.6 43.42 105.38 88.29 77.32 85.8 33.84 31.91 90.2 50.61 32.2 45.79 69.46 96.46 58.18 45.04 52.89 82.22 43.46 94.54 85.0 83.45 38.9 45.18 56.44 75.66 32.8 91.09 53.01 67.62 43.83 21.38 80.4 85.7 82.57 25.63 48.01 43.68 92.35 100.18 42.72 86.35 76.16 87.01 37.95 58.67 58.69 90.52 89.81 92.4 0.0 70.86 5.1 98.51 104.56 68.12 24.76 76.55 29.02 99.64 98.31 71.34 57.14 62.63 111.4 99.25 
55.79 49.19 24.52 33.84 41.11 52.4 81.61 47.51 39.45 67.45 33.53 34.53 34.89 19.31 45.28 64.2 55.36 26.25 44.41 58.82 53.85 17.09 29.7 25.5 76.03 19.24 17.0 41.04 36.24 25.96 48.05 58.05 29.15 22.8 44.94 52.2 41.63 19.72 38.83 57.31 49.5 10.44 46.39 29.15 50.16 80.06 36.24 22.2 34.48 48.08 34.01 8.49 20.81 63.16 57.28 77.01 39.81 19.03 34.21 70.86 0.0 72.78 28.02 34.18 15.13 60.42 37.05 42.2 28.86 38.18 18.03 29.73 35.0 47.51 34.13 
34.48 110.68 85.88 99.05 43.19 65.73 64.2 50.0 51.62 6.32 46.87 107.28 88.28 78.03 89.87 30.48 36.72 91.01 49.24 37.16 50.61 72.45 99.16 61.59 50.09 55.36 84.86 42.72 94.76 88.12 87.69 36.24 46.01 57.04 79.93 37.44 90.71 54.33 66.73 48.75 23.77 82.04 89.83 82.73 25.32 53.0 43.57 93.9 101.0 41.15 86.31 77.65 88.09 43.01 63.53 63.79 90.24 91.59 92.66 5.1 72.78 0.0 100.13 106.74 69.01 22.2 75.96 30.59 101.64 98.62 72.03 60.8 66.6 114.49 100.02 
83.36 45.4 33.97 18.0 68.45 74.63 106.0 73.39 65.46 94.54 61.0 9.22 32.31 27.02 56.61 87.66 82.76 17.89 64.35 86.12 79.48 38.01 23.09 50.33 102.18 47.17 25.61 63.98 27.46 33.42 61.22 80.53 54.82 45.31 61.52 79.62 38.6 45.89 51.62 83.22 77.23 18.11 58.01 31.06 76.4 106.04 60.17 6.32 16.12 70.24 33.11 22.56 15.56 89.84 80.26 101.12 36.69 9.22 26.93 98.51 28.02 100.13 0.0 13.6 33.11 85.7 44.41 69.58 8.0 26.02 31.91 54.23 56.94 37.12 17.03 
86.02 33.53 29.55 31.26 71.01 72.24 104.4 73.98 66.48 101.53 64.03 6.32 45.88 39.05 49.58 97.42 85.09 31.38 75.29 88.2 79.62 38.21 14.21 51.24 102.39 51.79 24.19 73.78 41.0 28.18 54.67 90.7 63.07 54.92 56.6 82.05 52.2 53.71 64.03 83.55 83.2 26.63 50.99 44.29 84.31 105.99 69.46 18.03 29.07 80.45 46.62 31.62 28.3 90.93 78.19 99.37 50.29 17.03 40.52 104.56 34.18 106.74 13.6 0.0 43.42 94.37 57.45 76.24 6.4 39.32 43.14 54.59 55.36 24.02 30.15 
59.54 63.69 39.62 30.27 46.4 63.29 89.81 55.15 47.42 63.07 39.05 41.68 24.08 9.49 60.07 54.56 59.68 22.09 31.89 63.29 61.52 31.26 42.72 36.24 82.2 24.76 31.62 30.87 28.18 41.0 62.51 47.51 23.0 12.37 58.69 56.6 29.83 15.81 23.77 64.44 47.68 16.97 61.13 17.69 44.28 86.4 27.2 26.83 32.06 37.22 22.63 12.04 19.24 68.82 67.42 85.59 28.32 26.4 25.94 68.12 15.13 69.01 33.11 43.42 0.0 52.89 22.36 39.32 37.2 31.38 4.24 40.31 47.01 60.75 31.14 
43.01 104.66 78.57 81.61 44.27 70.34 78.09 54.34 52.55 16.28 44.29 93.78 69.03 61.0 88.2 10.2 45.0 73.98 27.89 47.1 57.43 65.07 89.31 57.2 64.76 46.69 75.21 23.02 76.01 80.72 87.32 14.14 31.3 40.52 80.06 44.1 70.58 40.71 45.89 57.08 22.36 68.15 88.51 64.03 11.4 68.41 25.71 79.38 83.86 19.65 67.03 63.32 72.03 54.23 70.04 76.42 70.35 78.0 74.03 24.76 60.42 22.2 85.7 94.37 52.89 0.0 55.58 22.47 88.64 80.02 55.11 57.98 65.37 106.21 82.73 
75.74 83.43 61.07 31.62 64.66 84.53 108.85 74.63 67.42 69.64 58.01 53.6 15.23 19.65 82.3 53.04 76.38 26.91 28.02 79.93 80.8 53.6 61.03 57.94 99.7 45.18 52.35 33.24 22.85 62.2 84.85 45.04 34.83 24.84 81.02 73.54 15.03 33.02 10.05 83.24 59.17 34.93 83.38 13.45 50.92 103.95 33.11 39.45 34.41 36.12 13.42 31.26 29.15 86.28 88.19 105.0 15.03 41.63 21.47 76.55 37.05 75.96 44.41 57.45 22.36 55.58 0.0 50.77 51.11 26.93 19.03 61.85 68.95 78.55 33.02 
27.29 82.98 57.2 69.58 23.09 49.37 63.16 34.0 30.81 25.3 21.93 76.69 60.75 48.66 65.73 30.68 28.64 61.4 30.02 31.76 38.33 43.6 69.32 34.83 51.62 25.55 55.01 21.1 66.48 59.41 64.88 29.07 16.76 28.16 57.7 26.57 64.4 24.0 43.28 39.05 8.54 51.48 66.04 54.71 11.18 55.76 18.38 63.39 71.34 25.0 58.87 47.17 58.03 38.91 50.0 60.41 63.56 61.0 64.29 29.02 42.2 30.59 69.58 76.24 39.32 22.47 50.77 0.0 71.06 70.09 42.76 35.51 42.94 85.44 70.46 
82.3 37.48 28.6 26.0 67.27 70.66 102.55 71.06 63.35 96.3 60.07 6.08 39.85 32.65 50.33 91.42 81.5 25.3 69.03 84.72 76.92 35.17 15.65 48.05 99.72 47.17 21.54 67.74 35.36 27.66 55.17 84.6 57.38 48.88 56.22 78.41 46.32 48.1 57.63 80.78 78.26 20.59 51.74 38.01 78.77 103.45 63.53 11.66 24.08 74.33 40.5 25.55 21.95 87.86 76.49 97.58 44.38 10.82 34.71 99.64 28.86 101.64 8.0 6.4 37.2 88.64 51.11 71.06 0.0 34.01 36.8 51.66 53.31 29.15 25.02 
90.79 71.18 55.54 8.06 77.18 90.55 119.47 85.0 77.01 92.44 69.64 33.73 11.7 21.93 78.79 78.92 90.82 12.21 53.76 94.41 91.4 54.2 48.37 63.66 112.9 54.92 46.1 57.01 4.12 55.71 82.73 71.02 53.37 41.98 81.3 87.71 14.87 47.17 36.69 94.63 78.59 29.41 80.11 16.0 73.33 117.05 55.15 24.52 10.44 61.4 13.6 29.7 18.03 99.64 95.46 114.98 13.45 29.12 6.0 98.31 38.18 98.62 26.02 39.32 31.38 80.02 26.93 70.09 34.01 0.0 27.51 67.9 73.0 63.13 9.22 
63.63 65.46 42.19 27.02 50.61 67.42 94.05 59.4 51.66 66.0 43.28 40.8 19.85 6.0 63.29 56.08 63.81 19.03 32.45 67.42 65.76 34.71 43.83 40.31 86.4 29.0 33.73 32.57 24.17 43.42 65.92 48.75 26.17 15.0 62.36 60.75 25.61 19.7 21.93 68.68 51.2 17.49 64.38 13.45 47.04 90.6 29.43 25.81 29.02 38.48 18.38 13.0 17.09 73.01 71.61 89.83 24.08 26.17 21.93 71.34 18.03 72.03 31.91 43.14 4.24 55.11 19.03 42.76 36.8 27.51 0.0 44.42 50.99 61.77 28.0 
32.56 50.12 27.29 63.41 18.38 23.02 52.15 19.42 12.0 57.38 14.14 57.72 63.6 47.8 30.23 65.74 31.26 55.97 56.14 34.06 25.3 16.49 43.01 4.24 48.08 17.26 30.41 48.66 65.8 29.43 29.55 62.63 35.13 38.83 22.8 28.44 69.89 30.41 59.67 29.12 38.18 39.41 30.53 57.43 46.65 51.87 43.42 49.65 63.82 55.32 62.43 38.21 50.45 36.35 27.59 47.43 68.24 45.19 63.7 57.14 29.73 60.8 54.23 54.59 40.31 57.98 61.85 35.51 51.66 67.9 44.42 0.0 8.06 55.36 63.6 
35.85 45.88 26.31 67.9 23.43 17.8 49.24 20.4 15.26 63.66 21.1 59.24 69.64 53.85 23.35 73.41 34.18 60.88 64.2 36.4 25.0 19.21 42.58 11.18 47.38 25.08 31.78 56.72 71.22 28.16 21.95 70.52 43.19 46.53 14.87 31.78 76.16 38.21 67.27 29.0 44.82 43.84 23.43 63.63 54.12 50.8 51.48 53.01 68.01 63.35 68.6 43.42 55.17 37.12 23.32 44.28 74.43 48.26 69.2 62.63 35.0 66.6 56.94 55.36 47.01 65.37 68.95 42.94 53.31 73.0 50.99 8.06 0.0 52.61 67.94 
87.8 12.04 28.64 55.08 73.68 66.07 97.74 72.99 66.94 110.15 68.15 30.15 68.66 59.09 37.11 111.13 86.35 54.13 91.83 88.84 77.41 42.06 18.03 53.49 99.02 59.91 31.14 88.41 64.5 26.4 42.45 105.36 75.74 70.29 47.38 83.68 75.31 66.48 83.65 81.39 90.82 44.29 38.33 66.1 95.21 102.0 83.44 40.02 53.01 95.52 69.12 48.88 50.0 89.68 72.11 92.66 73.35 37.0 63.79 111.4 47.51 114.49 37.12 24.02 60.75 106.21 78.55 85.44 29.15 63.13 61.77 55.36 52.61 0.0 54.04 
88.96 62.39 48.37 1.41 74.73 85.7 115.68 81.63 73.57 94.0 67.12 24.52 18.38 22.0 71.59 82.71 88.77 9.06 57.87 92.31 87.98 48.8 39.81 59.41 110.06 52.39 39.12 59.84 11.66 48.3 75.8 75.0 54.08 43.0 75.0 85.62 23.32 46.69 42.06 91.42 78.77 24.21 72.95 20.12 75.03 114.13 57.22 16.55 1.41 65.0 19.85 25.94 13.42 97.05 90.91 111.02 21.63 21.47 12.04 99.25 34.13 100.02 17.03 30.15 31.14 82.73 33.02 70.46 25.02 9.22 28.0 63.6 67.94 54.04 0.0 
