60
0.0 6.4 32.89 27.29 30.02 9.06 25.46 31.95 46.01 24.35 16.97 43.91 23.6 21.95 23.26 26.4 28.43 43.14 12.65 53.34 37.05 45.69 31.26 53.46 30.59 23.19 18.36 21.93 56.3 38.18 20.59 52.61 16.16 25.46 43.68 46.1 7.07 6.71 10.3 46.49 12.04 53.24 33.12 20.22 32.89 9.43 55.01 41.59 35.85 53.15 51.11 46.49 29.07 28.23 18.79 42.58 13.6 16.64 42.43 13.45 
6.4 0.0 27.66 24.7 32.89 14.87 25.55 35.69 42.19 23.02 17.46 43.42 17.49 28.3 22.67 32.65 30.41 44.2 17.0 50.22 33.14 44.42 36.88 50.45 36.4 19.1 21.59 23.71 56.08 39.41 22.56 48.09 21.95 26.93 41.63 42.76 13.0 10.2 4.12 41.23 8.94 50.01 32.65 17.89 36.67 10.77 54.08 37.05 42.19 48.37 50.61 44.72 35.47 22.8 18.38 38.05 12.73 10.3 39.56 19.85 
32.89 27.66 0.0 15.52 40.31 37.74 49.5 45.62 18.03 20.62 43.01 33.73 12.37 51.61 23.26 54.67 35.47 41.0 35.47 27.8 10.82 31.02 54.67 28.43 55.23 11.31 34.83 31.38 44.94 38.21 49.01 21.21 49.04 31.78 25.5 20.52 36.72 37.85 26.08 13.6 21.47 27.2 27.07 17.8 46.52 28.02 40.25 10.77 64.54 21.0 39.22 29.07 59.91 5.0 23.6 11.7 23.43 22.2 20.25 45.18 
27.29 24.7 15.52 0.0 25.06 28.44 50.09 30.53 19.65 5.66 42.15 21.1 19.7 40.85 8.49 42.94 20.12 26.31 24.35 26.08 11.66 20.52 41.11 26.17 42.01 8.06 21.63 16.97 33.6 23.0 47.13 27.73 42.05 16.64 17.0 19.03 28.16 33.73 25.55 25.5 15.81 26.02 12.17 7.07 31.38 19.03 30.41 17.8 52.48 29.15 27.8 20.25 49.4 15.03 10.77 18.6 14.0 25.46 15.13 36.5 
30.02 32.89 40.31 25.06 0.0 23.35 55.0 5.66 41.11 19.7 46.62 23.35 40.2 26.93 17.09 26.08 5.0 16.49 17.8 42.94 35.61 28.16 19.65 42.49 21.38 30.08 11.66 10.0 32.39 12.04 48.84 50.25 36.06 8.54 30.41 38.6 24.84 35.81 36.4 50.22 27.17 43.42 17.2 23.54 6.4 22.14 34.01 42.01 33.38 52.33 29.0 31.02 34.23 38.6 18.11 42.64 22.09 40.45 33.6 28.84 
9.06 14.87 37.74 28.44 23.35 0.0 31.91 24.19 48.05 24.02 23.71 41.11 30.48 14.14 22.02 18.03 23.02 38.28 5.83 54.08 39.56 43.93 22.2 54.04 21.59 26.83 12.21 17.46 52.8 33.29 25.5 55.66 14.32 21.02 43.1 47.38 2.0 13.0 18.97 51.0 16.4 54.15 30.81 21.84 25.06 9.85 52.5 44.94 27.8 56.65 48.1 45.4 22.2 33.6 18.03 45.88 14.87 25.08 43.1 8.06 
25.46 25.55 49.5 50.09 55.0 31.91 0.0 56.08 66.22 48.55 8.49 68.82 37.22 37.66 48.01 42.58 53.81 68.59 37.2 74.95 57.28 69.97 50.96 75.27 49.48 43.66 43.42 47.38 81.4 63.64 8.0 70.71 24.19 50.91 67.08 67.36 30.23 19.21 24.7 62.07 34.48 74.63 58.01 43.42 56.94 34.71 79.61 60.02 49.0 70.35 76.03 70.24 40.01 44.55 43.6 61.0 38.01 27.29 64.62 29.41 
31.95 35.69 45.62 30.53 5.66 24.19 56.08 0.0 46.75 25.06 47.89 28.16 44.72 24.6 22.36 22.8 10.63 20.0 19.31 48.37 41.23 33.24 15.03 47.89 17.0 35.11 14.14 14.56 36.01 16.28 49.41 55.9 35.38 13.89 35.85 44.2 25.94 37.12 39.46 55.8 31.02 48.88 22.8 28.46 1.0 25.18 38.33 47.63 29.02 57.98 33.24 36.25 31.05 43.66 22.8 48.27 26.08 44.05 39.2 28.28 
46.01 42.19 18.03 19.65 41.11 48.05 66.22 46.75 0.0 24.7 59.03 24.35 29.97 60.41 27.31 62.24 36.24 34.44 43.97 9.9 9.06 19.42 59.36 10.63 60.54 23.09 40.72 35.36 32.02 33.84 64.63 9.22 61.4 33.84 13.6 4.0 47.68 52.04 41.77 14.14 34.0 9.22 24.04 26.31 47.42 38.47 26.17 7.81 71.55 11.66 27.07 16.12 68.95 22.36 30.36 7.21 33.38 39.22 8.06 56.09 
24.35 23.02 20.62 5.66 19.7 24.02 48.55 25.06 24.7 0.0 40.31 20.52 22.36 35.74 2.83 37.58 14.87 23.41 19.42 30.07 17.2 21.47 35.47 30.02 36.4 11.0 16.12 11.31 33.24 19.42 44.78 33.12 38.05 11.18 19.42 23.54 24.02 31.02 24.76 31.14 14.21 30.15 10.0 5.83 25.94 15.3 31.06 23.43 47.01 34.67 27.66 22.14 44.27 19.24 6.0 24.21 10.77 26.08 19.1 32.06 
16.97 17.46 43.01 42.15 46.62 23.71 8.49 47.89 59.03 40.31 0.0 60.46 31.06 31.02 39.66 36.01 45.34 60.11 28.84 67.45 50.01 61.77 43.74 67.72 42.43 36.14 35.0 38.9 73.01 55.15 6.32 64.12 18.25 42.43 59.09 59.91 21.95 10.82 17.26 56.08 26.4 67.19 49.65 35.34 48.76 26.25 71.34 53.24 43.42 64.01 67.68 62.17 34.71 38.01 35.23 54.23 29.68 21.1 56.92 22.2 
43.91 43.42 33.73 21.1 23.35 41.11 68.82 28.16 24.35 20.52 60.46 0.0 40.71 49.09 20.81 49.04 20.0 10.63 35.44 21.93 24.02 5.66 42.95 21.21 44.72 29.15 29.61 23.77 12.73 12.08 64.5 33.11 55.36 20.4 10.77 20.62 41.79 50.61 45.28 37.48 34.71 22.67 10.82 26.17 28.46 34.48 11.4 29.15 56.72 35.85 7.21 9.22 57.0 35.11 25.24 29.27 30.81 46.23 16.49 48.51 
23.6 17.49 12.37 19.7 40.2 30.48 37.22 44.72 29.97 22.36 31.06 40.71 0.0 44.6 24.08 48.41 36.01 45.61 30.02 39.45 21.63 39.41 50.54 39.96 50.61 11.7 31.62 30.27 53.0 41.77 37.22 33.54 39.45 32.02 34.71 31.91 29.0 27.31 14.87 25.02 14.76 38.95 31.62 17.03 45.71 21.95 49.2 23.09 58.26 33.14 47.17 38.29 52.35 7.62 22.09 24.04 18.97 10.0 30.48 36.88 
21.95 28.3 51.61 40.85 26.93 14.14 37.66 24.6 60.41 35.74 31.02 49.09 44.6 0.0 33.24 5.0 29.15 43.42 16.55 65.31 52.39 53.01 13.89 65.12 12.08 40.5 20.22 26.17 59.23 38.83 29.83 68.54 13.6 29.02 53.46 59.2 15.62 22.56 32.25 64.66 30.48 65.51 40.11 34.89 25.06 23.6 60.3 58.14 13.89 69.78 55.44 55.15 8.54 47.63 30.08 59.03 28.3 38.59 54.57 9.22 
23.26 22.67 23.26 8.49 17.09 22.02 48.01 22.36 27.31 2.83 39.66 20.81 24.08 33.24 0.0 34.93 12.37 22.36 17.12 32.25 20.0 22.47 32.65 32.14 33.6 13.15 13.42 8.49 33.42 18.03 43.83 35.85 36.22 8.54 21.1 25.96 22.2 29.97 24.84 33.97 14.21 32.39 10.0 7.07 23.26 13.93 31.76 26.25 44.29 37.44 28.02 23.54 41.76 21.59 4.47 27.02 10.0 26.83 21.38 30.0 
26.4 32.65 54.67 42.94 26.08 18.03 42.58 22.8 62.24 37.58 36.01 49.04 48.41 5.0 34.93 0.0 29.07 42.43 19.21 66.48 54.59 53.34 9.9 66.22 7.81 43.42 21.54 27.2 58.42 38.12 34.71 70.66 18.44 29.61 54.34 60.75 19.72 27.46 36.67 67.42 33.97 66.76 40.79 37.44 23.09 26.87 60.01 60.54 9.9 72.07 55.04 55.73 8.25 50.93 32.25 61.4 31.24 42.94 55.97 14.14 
28.43 30.41 35.47 20.12 5.0 23.02 53.81 10.63 36.24 14.87 45.34 20.0 36.01 29.15 12.37 29.07 0.0 15.26 17.2 38.48 30.61 24.33 23.77 38.08 25.3 25.5 10.82 6.71 30.36 10.3 48.17 45.34 36.67 4.0 26.0 33.84 24.21 34.66 33.62 45.22 23.77 38.91 12.53 19.1 11.4 19.72 31.14 37.01 37.11 47.38 26.31 26.93 37.0 33.96 14.04 37.64 18.68 37.11 28.84 29.55 
43.14 44.2 41.0 26.31 16.49 38.28 68.59 20.0 34.44 23.41 60.11 10.63 45.61 43.42 22.36 42.43 15.26 0.0 32.45 32.56 32.56 16.28 35.01 31.83 37.0 33.96 26.08 21.26 16.03 5.0 63.25 43.42 51.88 17.69 21.1 30.89 39.41 49.58 46.87 46.84 36.36 33.3 14.14 29.15 20.02 33.97 18.68 38.33 49.01 46.07 13.6 19.85 50.64 41.3 26.08 38.6 31.62 49.19 26.4 44.72 
12.65 17.0 35.47 24.35 17.8 5.83 37.2 19.31 43.97 19.42 28.84 35.44 30.02 16.55 17.12 19.21 17.2 32.45 0.0 49.37 35.85 38.47 20.62 49.25 20.59 24.21 6.4 11.7 47.01 27.46 31.11 52.0 19.92 15.23 38.0 42.95 7.07 18.03 21.02 48.26 15.26 49.5 25.32 18.36 20.25 8.06 46.84 41.59 29.07 53.23 42.38 40.11 25.08 31.83 13.6 42.49 12.04 26.48 38.47 13.15 
53.34 50.22 27.8 26.08 42.94 54.08 74.95 48.37 9.9 30.07 67.45 21.93 39.45 65.31 32.25 66.48 38.48 32.56 49.37 0.0 17.89 16.28 62.24 1.0 63.69 31.32 45.12 39.29 25.71 33.42 72.78 14.04 68.0 37.0 12.53 7.62 54.01 59.68 50.29 22.85 41.59 1.0 26.0 33.14 48.88 45.01 19.42 17.69 75.27 17.03 21.93 12.73 73.76 31.91 36.06 17.03 40.05 48.33 11.0 62.13 
37.05 33.14 10.82 11.66 35.61 39.56 57.28 41.23 9.06 17.2 50.01 24.02 21.63 52.39 20.0 54.59 30.61 32.56 35.85 17.89 0.0 20.62 52.63 18.36 53.6 14.04 33.29 28.43 34.48 30.68 55.58 16.16 52.61 27.59 14.87 10.3 39.05 43.01 32.76 14.76 25.02 17.46 19.7 17.72 42.01 29.83 29.55 6.4 64.14 17.49 28.86 18.38 60.93 14.21 22.36 7.07 24.74 30.46 9.43 47.54 
45.69 44.42 31.02 20.52 28.16 43.93 69.97 33.24 19.42 21.47 61.77 5.66 39.41 53.01 22.47 53.34 24.33 16.28 38.47 16.28 20.62 0.0 47.8 15.56 49.48 28.32 33.06 27.07 13.93 17.49 66.21 27.86 58.25 24.0 6.0 15.52 44.38 52.39 45.8 33.06 35.51 17.03 13.15 26.63 33.62 36.4 9.9 25.02 61.39 30.68 8.25 3.61 61.13 33.12 26.93 25.0 32.2 45.97 12.0 51.62 
31.26 36.88 54.67 41.11 19.65 22.2 50.96 15.03 59.36 35.47 43.74 42.95 50.54 13.89 32.65 9.9 23.77 35.01 20.62 62.24 52.63 47.8 0.0 61.85 2.24 43.42 19.85 24.21 51.0 31.26 43.32 68.24 27.31 25.55 49.77 57.31 24.19 34.06 41.0 66.48 35.78 62.65 36.25 36.88 15.0 28.64 53.34 58.9 14.0 70.0 48.26 50.6 17.49 51.61 31.14 59.67 31.91 46.84 52.35 21.59 
53.46 50.45 28.43 26.17 42.49 54.04 75.27 47.89 10.63 30.02 67.72 21.21 39.96 65.12 32.14 66.22 38.08 31.83 49.25 1.0 18.36 15.56 61.85 0.0 63.32 31.62 44.91 39.05 24.74 32.8 73.01 15.03 68.01 36.69 12.08 8.06 54.0 59.84 50.6 23.77 41.77 2.0 25.63 33.24 48.37 45.04 18.44 18.44 74.95 18.03 21.02 12.04 73.55 32.45 36.01 17.8 40.11 48.75 11.05 62.07 
30.59 36.4 55.23 42.01 21.38 21.59 49.48 17.0 60.54 36.4 42.43 44.72 50.61 12.08 33.6 7.81 25.3 37.0 20.59 63.69 53.6 49.48 2.24 63.32 0.0 43.93 20.52 25.24 53.01 33.14 41.76 69.34 25.63 26.83 51.26 58.59 23.54 33.0 40.52 67.27 35.85 64.08 37.7 37.48 17.03 28.65 55.23 59.82 12.04 71.03 50.16 52.2 15.26 52.01 31.83 60.61 32.2 46.49 53.67 20.22 
23.19 19.1 11.31 8.06 30.08 26.83 43.66 35.11 23.09 11.0 36.14 29.15 11.7 40.5 13.15 43.42 25.5 33.96 24.21 31.32 14.04 28.32 43.42 31.62 43.93 0.0 23.6 20.62 41.62 30.27 41.59 29.43 39.05 21.59 24.21 23.77 26.0 29.0 18.97 24.19 11.18 31.05 19.92 6.71 36.06 17.0 38.21 18.44 53.26 30.08 35.81 27.66 48.88 8.54 12.53 19.42 12.21 17.8 21.02 34.54 
18.36 21.59 34.83 21.63 11.66 12.21 43.42 14.14 40.72 16.12 35.0 29.61 31.62 20.22 13.42 21.54 10.82 26.08 6.4 45.12 33.29 33.06 19.85 44.91 20.52 23.6 0.0 6.0 40.85 21.1 37.48 49.24 26.0 9.22 33.24 39.22 13.45 24.21 25.32 46.75 17.26 45.35 20.0 17.03 15.13 11.05 41.0 39.41 30.89 50.77 36.4 35.01 28.64 31.91 11.31 40.22 12.65 30.0 34.48 18.97 
21.93 23.71 31.38 16.97 10.0 17.46 47.38 14.56 35.36 11.31 38.9 23.77 30.27 26.17 8.49 27.2 6.71 21.26 11.7 39.29 28.43 27.07 24.21 39.05 25.24 20.62 6.0 0.0 35.34 16.28 42.01 44.1 31.62 3.61 27.29 33.62 18.36 28.32 26.93 42.45 17.26 39.56 14.0 13.93 15.52 13.04 35.17 34.71 36.25 45.8 30.68 29.02 34.53 29.15 8.25 35.47 12.17 30.59 28.79 24.74 
56.3 56.08 44.94 33.6 32.39 52.8 81.4 36.01 32.02 33.24 73.01 12.73 53.0 59.23 33.42 58.42 30.36 16.03 47.01 25.71 34.48 13.93 51.0 24.74 53.01 41.62 40.85 35.34 0.0 20.4 76.85 39.32 66.85 31.78 19.65 28.02 53.67 62.97 58.0 46.1 47.42 26.68 23.43 38.9 36.0 46.87 6.32 38.47 65.0 42.3 5.83 16.28 66.61 46.96 37.8 38.33 43.42 58.9 25.5 59.81 
38.18 39.41 38.21 23.0 12.04 33.29 63.64 16.28 33.84 19.42 55.15 12.08 41.77 38.83 18.03 38.12 10.3 5.0 27.46 33.42 30.68 17.49 31.26 32.8 33.14 30.27 21.1 16.28 20.4 0.0 58.26 43.01 46.96 12.73 21.21 30.61 34.41 44.6 42.19 45.31 31.76 34.06 11.18 25.0 16.49 29.07 22.09 36.77 45.18 45.49 17.03 20.81 46.27 38.01 21.47 37.16 26.93 44.78 25.81 39.81 
20.59 22.56 49.01 47.13 48.84 25.5 8.0 49.41 64.63 44.78 6.32 64.5 37.22 29.83 43.83 34.71 48.17 63.25 31.11 72.78 55.58 66.21 43.32 73.01 41.76 41.59 37.48 42.01 76.85 58.26 0.0 70.03 16.28 45.61 63.91 65.31 24.04 13.89 23.02 62.2 31.32 72.57 53.71 40.16 50.22 30.02 75.59 59.08 41.0 70.01 71.69 66.85 32.02 44.01 39.36 60.07 34.01 27.29 62.1 21.93 
52.61 48.09 21.21 27.73 50.25 55.66 70.71 55.9 9.22 33.12 64.12 33.11 33.54 68.54 35.85 70.66 45.34 43.42 52.0 14.04 16.16 27.86 68.24 15.03 69.34 29.43 49.24 44.1 39.32 43.01 70.03 0.0 68.45 42.8 22.36 12.53 55.08 58.22 47.01 10.63 40.61 13.04 33.24 33.84 56.59 45.88 33.14 11.05 80.13 3.0 34.93 24.35 77.08 26.17 38.48 10.05 40.8 43.42 17.2 63.6 
16.16 21.95 49.04 42.05 36.06 14.32 24.19 35.38 61.4 38.05 18.25 55.36 39.45 13.6 36.22 18.44 36.67 51.88 19.92 68.0 52.61 58.25 27.31 68.01 25.63 39.05 26.0 31.62 66.85 46.96 16.28 68.45 0.0 35.11 57.31 61.07 14.04 12.73 25.0 62.63 27.89 68.01 45.12 35.13 36.07 23.02 66.76 57.49 25.18 69.12 62.3 59.68 16.49 44.38 32.06 58.46 28.07 31.24 57.0 7.21 
25.46 26.93 31.78 16.64 8.54 21.02 50.91 13.89 33.84 11.18 42.43 20.4 32.02 29.02 8.54 29.61 4.0 17.69 15.23 37.0 27.59 24.0 25.55 36.69 26.83 21.59 9.22 3.61 31.78 12.73 45.61 42.8 35.11 0.0 24.74 31.76 21.95 31.89 29.97 42.01 19.92 37.34 11.18 15.13 14.76 16.4 31.78 33.97 38.28 44.69 27.2 26.17 37.22 30.08 10.05 34.66 14.87 33.24 26.83 28.16 
43.68 41.63 25.5 17.0 30.41 43.1 67.08 35.85 13.6 19.42 59.09 10.77 34.71 53.46 21.1 54.34 26.0 21.1 38.0 12.53 14.87 6.0 49.77 12.08 51.26 24.21 33.24 27.29 19.65 21.21 63.91 22.36 57.31 24.74 0.0 9.85 43.29 50.29 42.54 27.07 32.7 13.04 13.6 23.77 36.36 34.71 14.76 19.03 62.94 25.08 14.14 3.61 61.81 28.02 25.32 19.0 30.08 42.01 6.0 51.04 
46.1 42.76 20.52 19.03 38.6 47.38 67.36 44.2 4.0 23.54 59.91 20.62 31.91 59.2 25.96 60.75 33.84 30.89 42.95 7.62 10.3 15.52 57.31 8.06 58.59 23.77 39.22 33.62 28.02 30.61 65.31 12.53 61.07 31.76 9.85 0.0 47.17 52.35 42.72 18.11 34.23 7.28 21.4 26.0 44.82 38.05 22.2 11.18 69.86 15.23 23.09 12.17 67.72 24.41 29.43 10.77 33.02 40.72 5.0 55.44 
7.07 13.0 36.72 28.16 24.84 2.0 30.23 25.94 47.68 24.02 21.95 41.79 29.0 15.62 22.2 19.72 24.21 39.41 7.07 54.01 39.05 44.38 24.19 54.0 23.54 26.0 13.45 18.36 53.67 34.41 24.04 55.08 14.04 21.95 43.29 47.17 0.0 11.18 17.09 50.09 15.26 54.04 31.32 21.38 26.83 9.22 53.14 44.27 29.41 55.97 48.85 45.71 23.43 32.45 18.03 45.22 14.32 23.26 43.01 8.54 
6.71 10.2 37.85 33.73 35.81 13.0 19.21 37.12 52.04 31.02 10.82 50.61 27.31 22.56 29.97 27.46 34.66 49.58 18.03 59.68 43.01 52.39 34.06 59.84 33.0 29.0 24.21 28.32 62.97 44.6 13.89 58.22 12.73 31.89 50.29 52.35 11.18 0.0 12.53 51.42 18.11 59.54 39.82 26.68 38.01 16.12 61.72 47.17 36.06 58.55 57.8 53.14 28.18 32.98 25.5 48.17 20.25 18.6 48.84 13.34 
10.3 4.12 26.08 25.55 36.4 18.97 24.7 39.46 41.77 24.76 17.26 45.28 14.87 32.25 24.84 36.67 33.62 46.87 21.02 50.29 32.76 45.8 41.0 50.6 40.52 18.97 25.32 26.93 58.0 42.19 23.02 47.01 25.0 29.97 42.54 42.72 17.09 12.53 0.0 39.46 10.63 50.0 34.66 19.21 40.45 14.32 55.61 36.06 46.14 47.04 52.4 45.79 39.2 21.1 20.81 37.05 15.26 6.4 39.92 23.6 
46.49 41.23 13.6 25.5 50.22 51.0 62.07 55.8 14.14 31.14 56.08 37.48 25.02 64.66 33.97 67.42 45.22 46.84 48.26 22.85 14.76 33.06 66.48 23.77 67.27 24.19 46.75 42.45 46.1 45.31 62.2 10.63 62.63 42.01 27.07 18.11 50.09 51.42 39.46 0.0 34.93 21.93 34.44 30.0 56.61 41.18 40.31 8.54 77.2 8.94 41.0 30.0 73.06 18.44 35.47 8.25 36.36 35.01 21.1 58.6 
12.04 8.94 21.47 15.81 27.17 16.4 34.48 31.02 34.0 14.21 26.4 34.71 14.76 30.48 14.21 33.97 23.77 36.36 15.26 41.59 25.02 35.51 35.78 41.77 35.85 11.18 17.26 17.26 47.42 31.76 31.32 40.61 27.89 19.92 32.7 34.23 15.26 18.11 10.63 34.93 0.0 41.44 24.04 8.94 32.02 7.21 45.22 29.61 43.86 41.23 41.87 35.78 38.6 17.2 10.3 30.59 5.1 13.34 30.81 23.71 
53.24 50.01 27.2 26.02 43.42 54.15 74.63 48.88 9.22 30.15 67.19 22.67 38.95 65.51 32.39 66.76 38.91 33.3 49.5 1.0 17.46 17.03 62.65 2.0 64.08 31.05 45.35 39.56 26.68 34.06 72.57 13.04 68.01 37.34 13.04 7.28 54.04 59.54 50.0 21.93 41.44 0.0 26.4 33.06 49.4 45.0 20.4 16.97 75.61 16.03 22.85 13.45 73.98 31.38 36.12 16.28 40.01 47.93 11.05 62.2 
33.12 32.65 27.07 12.17 17.2 30.81 58.01 22.8 24.04 10.0 49.65 10.82 31.62 40.11 10.0 40.79 12.53 14.14 25.32 26.0 19.7 13.15 36.25 25.63 37.7 19.92 20.0 14.0 23.43 11.18 53.71 33.24 45.12 11.18 13.6 21.4 31.32 39.82 34.66 34.44 24.04 26.4 0.0 15.81 23.43 23.71 21.93 25.94 49.34 35.47 18.03 15.03 48.37 27.17 14.42 26.42 20.0 36.06 16.4 38.47 
20.22 17.89 17.8 7.07 23.54 21.84 43.42 28.46 26.31 5.83 35.34 26.17 17.03 34.89 7.07 37.44 19.1 29.15 18.36 33.14 17.72 26.63 36.88 33.24 37.48 6.71 17.03 13.93 38.9 25.0 40.16 33.84 35.13 15.13 23.77 26.0 21.38 26.68 19.21 30.0 8.94 33.06 15.81 0.0 29.41 12.17 36.4 23.26 47.2 34.93 33.24 26.83 43.38 15.23 5.83 24.17 7.07 20.25 22.2 29.83 
32.89 36.67 46.52 31.38 6.4 25.06 56.94 1.0 47.42 25.94 48.76 28.46 45.71 25.06 23.26 23.09 11.4 20.02 20.25 48.88 42.01 33.62 15.0 48.37 17.03 36.06 15.13 15.52 36.0 16.49 50.22 56.59 36.07 14.76 36.36 44.82 26.83 38.01 40.45 56.61 32.02 49.4 23.43 29.41 0.0 26.17 38.47 48.41 29.0 58.69 33.38 36.67 31.32 44.6 23.77 49.04 27.07 45.04 39.82 29.0 
9.43 10.77 28.02 19.03 22.14 9.85 34.71 25.18 38.47 15.3 26.25 34.48 21.95 23.6 13.93 26.87 19.72 33.97 8.06 45.01 29.83 36.4 28.64 45.04 28.65 17.0 11.05 13.04 46.87 29.07 30.02 45.88 23.02 16.4 34.71 38.05 9.22 16.12 14.32 41.18 7.21 45.0 23.71 12.17 26.17 0.0 45.62 35.11 36.77 46.82 41.68 37.36 31.91 24.08 9.49 36.06 5.1 19.03 34.01 17.72 
55.01 54.08 40.25 30.41 34.01 52.5 79.61 38.33 26.17 31.06 71.34 11.4 49.2 60.3 31.76 60.01 31.14 18.68 46.84 19.42 29.55 9.9 53.34 18.44 55.23 38.21 41.0 35.17 6.32 22.09 75.59 33.14 66.76 31.78 14.76 22.2 53.14 61.72 55.61 40.31 45.22 20.4 21.93 36.4 38.47 45.62 0.0 32.98 67.27 36.12 5.1 11.18 68.07 42.72 36.24 32.76 41.68 55.87 20.25 59.91 
41.59 37.05 10.77 17.8 42.01 44.94 60.02 47.63 7.81 23.43 53.24 29.15 23.09 58.14 26.25 60.54 37.01 38.33 41.59 17.69 6.4 25.02 58.9 18.44 59.82 18.44 39.41 34.71 38.47 36.77 59.08 11.05 57.49 33.97 19.03 11.18 44.27 47.17 36.06 8.54 29.61 16.97 25.94 23.26 48.41 35.11 32.98 0.0 70.18 11.7 33.14 22.2 66.64 15.52 28.3 1.0 30.08 32.76 13.04 52.81 
35.85 42.19 64.54 52.48 33.38 27.8 49.0 29.02 71.55 47.01 43.42 56.72 58.26 13.89 44.29 9.9 37.11 49.01 29.07 75.27 64.14 61.39 14.0 74.95 12.04 53.26 30.89 36.25 65.0 45.18 41.0 80.13 25.18 38.28 62.94 69.86 29.41 36.06 46.14 77.2 43.86 75.61 49.34 47.2 29.0 36.77 67.27 70.18 0.0 81.63 62.2 64.03 9.06 60.83 41.88 71.02 41.11 52.48 65.0 22.85 
53.15 48.37 21.0 29.15 52.33 56.65 70.35 57.98 11.66 34.67 64.01 35.85 33.14 69.78 37.44 72.07 47.38 46.07 53.23 17.03 17.49 30.68 70.0 18.03 71.03 30.08 50.77 45.8 42.3 45.49 70.01 3.0 69.12 44.69 25.08 15.23 55.97 58.55 47.04 8.94 41.23 16.03 35.47 34.93 58.69 46.82 36.12 11.7 81.63 0.0 37.85 27.2 78.29 26.0 39.82 10.77 41.79 43.1 19.72 64.51 
51.11 50.61 39.22 27.8 29.0 48.1 76.03 33.24 27.07 27.66 67.68 7.21 47.17 55.44 28.02 55.04 26.31 13.6 42.38 21.93 28.86 8.25 48.26 21.02 50.16 35.81 36.4 30.68 5.83 17.03 71.69 34.93 62.3 27.2 14.14 23.09 48.85 57.8 52.4 41.0 41.87 22.85 18.03 33.24 33.38 41.68 5.1 33.14 62.2 37.85 0.0 11.0 63.13 41.15 32.45 33.06 38.01 53.15 20.1 55.36 
46.49 44.72 29.07 20.25 31.02 45.4 70.24 36.25 16.12 22.14 62.17 9.22 38.29 55.15 23.54 55.73 26.93 19.85 40.11 12.73 18.38 3.61 50.6 12.04 52.2 27.66 35.01 29.02 16.28 20.81 66.85 24.35 59.68 26.17 3.61 12.17 45.71 53.14 45.79 30.0 35.78 13.45 15.03 26.83 36.67 37.36 11.18 22.2 64.03 27.2 11.0 0.0 63.39 31.62 27.89 22.09 32.89 45.45 9.22 53.24 
29.07 35.47 59.91 49.4 34.23 22.2 40.01 31.05 68.95 44.27 34.71 57.0 52.35 8.54 41.76 8.25 37.0 50.64 25.08 73.76 60.93 61.13 17.49 73.55 15.26 48.88 28.64 34.53 66.61 46.27 32.02 77.08 16.49 37.22 61.81 67.72 23.43 28.18 39.2 73.06 38.6 73.98 48.37 43.38 31.32 31.91 68.07 66.64 9.06 78.29 63.13 63.39 0.0 55.8 38.63 67.54 36.72 45.61 63.06 15.62 
28.23 22.8 5.0 15.03 38.6 33.6 44.55 43.66 22.36 19.24 38.01 35.11 7.62 47.63 21.59 50.93 33.96 41.3 31.83 31.91 14.21 33.12 51.61 32.45 52.01 8.54 31.91 29.15 46.96 38.01 44.01 26.17 44.38 30.08 28.02 24.41 32.45 32.98 21.1 18.44 17.2 31.38 27.17 15.23 44.6 24.08 42.72 15.52 60.83 26.0 41.15 31.62 55.8 0.0 21.02 16.49 19.85 17.26 23.35 40.82 
18.79 18.38 23.6 10.77 18.11 18.03 43.6 22.8 30.36 6.0 35.23 25.24 22.09 30.08 4.47 32.25 14.04 26.08 13.6 36.06 22.36 26.93 31.14 36.01 31.83 12.53 11.31 8.25 37.8 21.47 39.36 38.48 32.06 10.05 25.32 29.43 18.03 25.5 20.81 35.47 10.3 36.12 14.42 5.83 23.77 9.49 36.24 28.3 41.88 39.82 32.45 27.89 38.63 21.02 0.0 29.15 5.66 23.41 25.08 26.08 
42.58 38.05 11.7 18.6 42.64 45.88 61.0 48.27 7.21 24.21 54.23 29.27 24.04 59.03 27.02 61.4 37.64 38.6 42.49 17.03 7.07 25.0 59.67 17.8 60.61 19.42 40.22 35.47 38.33 37.16 60.07 10.05 58.46 34.66 19.0 10.77 45.22 48.17 37.05 8.25 30.59 16.28 26.42 24.17 49.04 36.06 32.76 1.0 71.02 10.77 33.06 22.09 67.54 16.49 29.15 0.0 31.02 33.73 13.0 53.76 
13.6 12.73 23.43 14.0 22.09 14.87 38.01 26.08 33.38 10.77 29.68 30.81 18.97 28.3 10.0 31.24 18.68 31.62 12.04 40.05 24.74 32.2 31.91 40.11 32.2 12.21 12.65 12.17 43.42 26.93 34.01 40.8 28.07 14.87 30.08 33.02 14.32 20.25 15.26 36.36 5.1 40.01 20.0 7.07 27.07 5.1 41.68 30.08 41.11 41.79 38.01 32.89 36.72 19.85 5.66 31.02 0.0 18.44 29.07 22.8 
16.64 10.3 22.2 25.46 40.45 25.08 27.29 44.05 39.22 26.08 21.1 46.23 10.0 38.59 26.83 42.94 37.11 49.19 26.48 48.33 30.46 45.97 46.84 48.75 46.49 17.8 30.0 30.59 58.9 44.78 27.29 43.42 31.24 33.24 42.01 40.72 23.26 18.6 6.4 35.01 13.34 47.93 36.06 20.25 45.04 19.03 55.87 32.76 52.48 43.1 53.15 45.45 45.61 17.26 23.41 33.73 18.44 0.0 38.59 30.0 
42.43 39.56 20.25 15.13 33.6 43.1 64.62 39.2 8.06 19.1 56.92 16.49 30.48 54.57 21.38 55.97 28.84 26.4 38.47 11.0 9.43 12.0 52.35 11.05 53.67 21.02 34.48 28.79 25.5 25.81 62.1 17.2 57.0 26.83 6.0 5.0 43.01 48.84 39.92 21.1 30.81 11.05 16.4 22.2 39.82 34.01 20.25 13.04 65.0 19.72 20.1 9.22 63.06 23.35 25.08 13.0 29.07 38.59 0.0 51.16 
13.45 19.85 45.18 36.5 28.84 8.06 29.41 28.28 56.09 32.06 22.2 48.51 36.88 9.22 30.0 14.14 29.55 44.72 13.15 62.13 47.54 51.62 21.59 62.07 20.22 34.54 18.97 24.74 59.81 39.81 21.93 63.6 7.21 28.16 51.04 55.44 8.54 13.34 23.6 58.6 23.71 62.2 38.47 29.83 29.0 17.72 59.91 52.81 22.85 64.51 55.36 53.24 15.62 40.82 26.08 53.76 22.8 30.0 51.16 0.0 
