65
0.0 38.91 27.07 90.03 36.69 82.0 52.63 78.6 74.09 41.19 79.63 70.6 78.77 69.78 87.92 61.85 51.62 88.14 57.7 81.27 76.16 78.89 63.2 33.29 74.15 58.25 15.03 49.82 73.98 85.62 80.81 72.07 63.95 35.47 75.66 20.62 48.09 93.81 31.78 82.02 8.94 41.48 72.34 58.25 45.04 23.09 58.52 54.92 15.23 85.44 45.28 94.49 69.0 103.23 48.04 39.81 17.89 39.66 28.16 89.07 51.22 29.02 69.43 76.42 74.63 
38.91 0.0 17.0 56.36 30.0 82.33 16.49 47.54 46.17 45.79 41.73 39.81 57.56 30.87 66.27 34.0 29.68 49.24 18.79 51.2 77.83 40.22 54.92 20.25 73.76 31.06 34.06 54.41 57.87 86.56 80.92 46.0 28.64 15.62 40.61 59.51 44.55 55.9 10.77 47.01 34.21 28.44 61.72 20.62 46.4 42.3 40.85 29.43 54.13 63.2 14.14 57.38 38.01 65.76 19.85 25.32 56.8 5.39 44.15 50.25 15.81 18.97 33.14 42.54 36.5 
27.07 17.0 0.0 73.35 36.67 90.05 26.4 64.2 62.17 49.82 58.14 56.32 72.0 45.61 81.02 49.65 26.0 63.51 33.97 67.72 84.91 55.9 64.85 27.51 81.49 46.39 29.07 59.2 70.71 94.15 88.68 61.52 37.11 25.32 48.66 47.07 51.88 72.18 6.4 64.01 19.92 18.38 72.8 37.44 51.87 39.45 53.46 44.1 41.77 78.06 29.61 74.03 42.05 82.22 21.0 15.62 44.15 20.88 43.01 65.44 32.7 3.61 42.72 59.51 48.75 
90.03 56.36 73.35 0.0 58.25 77.93 55.58 13.0 20.62 68.54 22.8 20.0 32.56 38.21 33.54 29.41 76.42 37.44 43.57 13.04 77.23 29.41 54.23 57.28 72.17 32.8 78.57 70.6 42.19 81.39 76.79 24.52 57.14 54.56 60.17 108.9 59.46 21.4 67.12 10.05 88.23 81.25 52.15 36.69 65.19 80.45 41.11 36.4 103.95 31.38 45.22 16.12 68.73 22.36 66.91 78.59 106.78 52.84 78.55 31.4 40.71 75.24 54.74 13.89 46.57 
36.69 30.0 36.67 58.25 0.0 53.54 45.65 45.61 39.6 16.16 55.11 38.28 42.15 52.24 51.26 28.84 58.73 69.03 42.2 47.42 48.6 57.22 28.64 9.9 44.94 25.55 22.36 24.41 37.48 57.69 52.15 36.88 57.27 14.42 68.71 52.43 15.26 68.01 34.41 52.33 39.12 54.38 37.22 37.05 16.4 22.2 21.93 21.95 48.02 48.85 22.36 66.85 67.74 75.77 49.58 51.31 50.77 25.55 20.62 67.48 29.15 40.25 60.75 46.07 61.19 
82.0 82.33 90.05 77.93 53.54 0.0 96.18 67.19 59.48 41.44 89.69 65.55 45.4 95.19 47.1 60.42 111.83 107.02 89.02 65.31 6.0 94.85 28.6 63.25 8.6 60.21 67.72 32.28 35.9 4.24 1.41 55.66 106.4 67.01 116.4 88.01 38.28 97.27 87.92 79.12 87.93 107.91 26.25 81.02 38.48 59.03 45.49 58.82 86.09 48.0 70.72 93.17 118.19 100.28 102.18 104.85 88.02 77.23 53.94 102.88 75.29 93.65 108.41 74.0 105.69 
52.63 16.49 26.4 55.58 45.65 96.18 0.0 50.16 51.42 61.72 35.85 43.74 65.55 20.81 73.38 41.23 21.0 37.64 12.04 54.23 92.1 31.91 67.94 36.25 87.73 39.36 50.04 69.97 68.1 100.42 94.76 52.5 12.17 31.3 24.19 73.08 59.41 48.88 20.88 45.54 46.24 26.4 73.6 20.22 61.91 58.69 52.2 39.12 67.72 70.21 25.46 51.89 22.2 59.17 11.4 24.19 70.21 20.12 60.64 40.36 21.95 26.08 17.03 43.01 22.36 
78.6 47.54 64.2 13.0 45.61 67.19 50.16 0.0 8.0 55.54 24.76 8.06 22.83 36.67 26.91 16.97 71.11 42.01 38.33 4.12 65.92 31.14 42.0 45.45 60.83 20.52 66.48 57.72 31.32 70.88 65.97 12.0 54.41 43.27 59.94 96.94 46.49 30.08 58.24 12.08 77.52 74.33 41.0 30.02 52.2 67.8 28.16 24.04 92.1 24.04 34.93 26.17 66.73 34.01 61.01 71.45 94.92 43.32 65.73 36.89 31.78 66.48 53.31 8.6 46.65 
74.09 46.17 62.17 20.62 39.6 59.48 51.42 8.0 0.0 48.3 31.06 8.06 16.28 40.8 22.36 12.65 72.01 48.55 40.16 8.06 58.05 37.01 34.0 40.82 52.95 16.16 61.22 50.0 23.77 63.25 58.24 4.0 57.27 39.4 64.07 91.68 39.0 37.85 56.57 19.65 73.82 74.01 33.24 31.32 44.78 61.62 20.62 19.24 87.01 19.24 32.56 34.13 69.78 42.01 61.66 71.0 89.81 41.44 59.2 43.83 31.02 64.78 56.94 14.76 51.22 
41.19 45.79 49.82 68.54 16.16 41.44 61.72 55.54 48.3 0.0 69.18 49.34 45.28 67.9 53.41 40.26 73.66 84.1 58.24 56.36 35.85 72.01 23.77 25.55 33.24 37.66 26.48 9.43 37.44 45.31 40.16 44.78 73.41 30.41 84.86 51.24 9.9 81.22 48.8 64.29 46.57 68.12 32.89 52.61 4.47 19.24 27.78 34.37 48.05 51.74 38.33 79.31 83.73 88.06 65.0 65.19 50.45 41.59 14.56 82.02 44.91 53.41 76.9 57.97 77.13 
79.63 41.73 58.14 22.8 55.11 89.69 35.85 24.76 31.06 69.18 0.0 24.17 47.2 16.12 51.62 30.41 55.79 17.49 24.7 28.32 87.6 6.71 62.36 50.33 82.54 32.06 71.11 74.06 54.59 93.62 88.39 34.48 35.06 46.1 37.36 99.86 62.03 14.21 51.74 13.89 75.82 62.24 63.56 21.4 67.01 75.89 45.89 35.0 94.58 48.8 35.34 16.12 46.17 24.08 47.17 59.93 97.35 40.0 75.43 13.34 28.65 59.2 32.14 16.4 23.77 
70.6 39.81 56.32 20.0 38.28 65.55 43.74 8.06 8.06 49.34 24.17 0.0 24.08 32.8 30.41 9.43 64.5 41.59 32.28 11.4 63.6 29.68 38.64 37.54 58.52 12.81 58.69 52.47 30.53 69.46 64.26 10.63 49.24 35.23 56.04 89.11 40.79 33.02 50.45 15.13 69.46 67.07 39.4 23.54 46.32 60.46 23.02 16.4 84.22 27.29 26.93 30.27 61.74 38.83 54.23 64.12 87.05 35.44 58.67 37.34 24.19 58.69 48.88 9.0 43.28 
78.77 57.56 72.0 32.56 42.15 45.4 65.55 22.83 16.28 45.28 47.2 24.08 0.0 56.85 9.22 24.35 85.44 64.64 55.01 20.25 45.0 53.26 24.6 46.87 40.01 26.68 64.47 43.83 10.2 48.84 44.28 13.6 72.56 47.17 80.0 94.02 35.38 52.55 67.12 34.89 80.28 85.99 20.1 46.07 41.01 62.13 20.25 28.16 89.89 6.71 43.42 48.08 85.09 54.92 75.0 82.87 92.59 52.35 58.6 59.68 43.97 75.03 72.67 30.81 67.36 
69.78 30.87 45.61 38.21 52.24 95.19 20.81 36.67 40.8 67.9 16.12 32.8 56.85 0.0 62.97 35.0 39.85 18.38 12.08 40.72 92.18 11.18 66.73 45.04 87.32 34.99 63.79 74.46 62.29 99.32 93.81 43.28 19.0 40.11 23.32 90.38 62.64 28.18 39.41 28.44 64.66 47.01 70.0 15.3 66.71 70.46 49.74 36.67 85.0 59.91 30.02 31.62 30.59 38.47 31.76 44.94 87.66 31.05 71.06 19.85 23.09 46.01 16.76 28.23 10.63 
87.92 66.27 81.02 33.54 51.26 47.1 73.38 26.91 22.36 53.41 51.62 30.41 9.22 62.97 0.0 32.56 93.62 68.68 62.39 23.35 47.85 58.05 31.24 56.09 43.17 35.23 73.54 50.99 16.28 50.0 46.17 20.88 79.62 56.32 86.28 102.88 43.6 54.71 76.03 38.29 89.5 94.64 24.6 53.49 49.04 70.83 29.41 37.01 98.84 3.16 52.15 49.65 92.14 55.36 83.2 91.55 101.52 61.13 67.12 63.25 52.17 84.0 79.26 35.47 73.24 
61.85 34.0 49.65 29.41 28.84 60.42 41.23 16.97 12.65 40.26 30.41 9.43 24.35 35.0 32.56 0.0 61.13 47.13 31.06 19.42 57.78 34.79 32.31 28.6 52.8 3.61 49.52 44.05 27.66 64.5 59.06 12.0 48.83 26.83 57.28 79.98 32.14 41.19 44.18 24.04 61.27 62.2 35.0 22.2 37.48 51.04 15.52 7.07 75.17 29.43 20.1 39.05 61.29 47.8 50.7 59.14 77.99 29.07 49.24 43.74 19.65 52.35 49.58 17.72 45.61 
51.62 29.68 26.0 76.42 58.73 111.83 21.0 71.11 72.01 73.66 55.79 64.5 85.44 39.85 93.62 61.13 0.0 53.54 33.02 75.17 107.17 50.92 84.6 48.84 103.23 58.82 55.04 82.76 86.93 116.04 110.42 72.78 22.47 44.82 30.0 70.0 73.76 67.78 25.0 66.37 43.19 11.4 91.3 41.11 74.95 65.3 70.21 57.94 65.03 90.47 42.95 71.47 19.7 78.0 10.44 12.0 67.0 34.99 68.6 57.71 41.48 23.09 27.8 64.01 36.89 
88.14 49.24 63.51 37.44 69.03 107.02 37.64 42.01 48.55 84.1 17.49 41.59 64.64 18.38 68.68 47.13 53.54 0.0 30.46 45.34 104.75 12.37 79.38 62.65 99.72 48.27 82.01 89.81 72.07 110.98 105.7 51.97 31.06 57.87 27.46 108.75 77.78 18.44 57.45 30.41 82.86 62.48 80.96 32.25 82.39 88.28 62.64 50.8 103.37 65.95 47.38 24.04 38.6 27.02 47.42 60.88 106.02 49.34 88.57 6.32 40.31 63.6 25.94 33.84 16.64 
57.7 18.79 33.97 43.57 42.2 89.02 12.04 38.33 40.16 58.24 24.7 32.28 55.01 12.08 62.39 31.06 33.02 30.46 0.0 42.43 85.45 21.93 60.44 34.13 80.8 29.83 51.97 65.55 58.6 93.24 87.62 41.63 17.8 29.07 27.46 78.29 54.13 38.42 27.66 33.54 52.7 37.95 65.07 8.94 57.58 59.08 43.86 30.41 72.92 59.24 19.92 40.82 30.23 48.6 23.35 35.47 75.58 19.24 60.03 31.62 13.89 34.71 19.42 31.0 19.1 
81.27 51.2 67.72 13.04 47.42 65.31 54.23 4.12 8.06 56.36 28.32 11.4 20.25 40.72 23.35 19.42 75.17 45.34 42.43 0.0 64.38 34.83 41.19 48.01 59.3 23.02 68.77 57.87 29.43 68.88 64.13 11.7 58.52 46.14 63.95 99.25 47.01 32.31 61.85 15.0 80.53 78.23 39.32 34.06 52.8 69.53 28.64 26.4 94.49 20.62 38.28 27.89 70.84 35.13 65.03 75.33 97.31 46.84 67.2 40.0 35.51 70.09 57.38 12.53 50.61 
76.16 77.83 84.91 77.23 48.6 6.0 92.1 65.92 58.05 35.85 87.6 63.6 45.0 92.18 47.85 57.78 107.17 104.75 85.45 64.38 0.0 92.48 25.5 58.41 5.1 57.25 61.98 26.57 35.06 9.49 5.1 54.13 102.62 62.37 112.89 82.01 33.42 95.9 83.01 77.67 82.22 102.9 25.08 77.7 33.12 53.15 42.49 55.57 80.1 48.37 66.71 92.07 114.21 99.5 97.67 99.86 82.02 72.84 48.05 100.88 71.61 88.51 104.86 72.28 102.58 
78.89 40.22 55.9 29.41 57.22 94.85 31.91 31.14 37.01 72.01 6.71 29.68 53.26 11.18 58.05 34.79 50.92 12.37 21.93 34.83 92.48 0.0 67.07 51.42 87.46 35.9 71.51 77.52 60.21 98.84 93.52 40.22 29.43 46.84 30.81 99.36 65.49 17.0 49.58 20.59 74.4 58.18 68.88 21.19 70.18 77.13 50.29 38.47 94.02 55.17 36.14 20.62 40.01 27.29 42.94 56.08 96.75 39.36 77.1 10.44 29.12 56.59 26.0 22.63 17.26 
63.2 54.92 64.85 54.23 28.64 28.6 67.94 42.0 34.0 23.77 62.36 38.64 24.6 66.73 31.24 32.31 84.6 79.38 60.44 41.19 25.5 67.07 0.0 37.34 20.59 31.76 48.17 19.8 15.0 32.8 27.2 30.0 77.9 40.25 87.8 74.95 15.13 71.45 61.74 53.24 67.07 81.86 9.22 52.43 19.31 42.72 17.0 30.23 71.57 30.23 42.52 68.07 89.81 76.01 74.63 78.72 74.04 49.65 38.28 75.69 46.75 68.35 79.81 47.52 77.18 
33.29 20.25 27.51 57.28 9.9 63.25 36.25 45.45 40.82 25.55 50.33 37.54 46.87 45.04 56.09 28.6 48.84 62.65 34.13 48.01 58.41 51.42 37.34 0.0 54.64 25.0 21.4 34.21 44.01 67.42 61.85 38.91 48.1 5.1 59.77 51.62 25.0 63.98 24.7 50.0 33.53 44.78 45.35 30.41 26.25 25.71 27.07 21.63 46.69 53.37 15.3 63.63 58.18 72.56 39.7 41.68 49.52 16.16 26.02 61.85 22.36 31.02 51.92 44.05 53.24 
74.15 73.76 81.49 72.17 44.94 8.6 87.73 60.83 52.95 33.24 82.54 58.52 40.01 87.32 43.17 52.8 103.23 99.72 80.8 59.3 5.1 87.46 20.59 54.64 0.0 52.35 59.67 24.33 30.02 12.81 7.21 49.03 98.08 58.41 108.23 81.22 29.68 90.8 79.32 72.57 79.81 99.32 20.02 72.95 30.08 51.35 37.59 50.77 79.01 43.57 62.29 86.98 109.79 94.43 93.61 96.25 81.06 68.68 46.27 95.82 67.01 85.09 100.21 67.19 97.75 
58.25 31.06 46.39 32.8 25.55 60.21 39.36 20.52 16.16 37.66 32.06 12.81 26.68 34.99 35.23 3.61 58.82 48.27 29.83 23.02 57.25 35.9 31.76 25.0 52.35 0.0 45.97 42.01 28.84 64.35 58.83 15.13 47.63 23.26 56.64 76.42 30.0 43.57 41.05 26.93 57.7 59.41 35.38 21.21 35.13 47.71 14.76 3.61 71.59 32.14 17.0 41.76 60.0 50.6 48.38 56.32 74.41 26.0 46.07 45.28 17.46 49.16 48.8 20.62 45.49 
15.03 34.06 29.07 78.57 22.36 67.72 50.04 66.48 61.22 26.48 71.11 58.69 64.47 63.79 73.54 49.52 55.04 82.01 51.97 68.77 61.98 71.51 48.17 21.4 59.67 45.97 0.0 35.44 59.2 71.47 66.48 58.82 62.13 25.06 74.17 30.48 33.06 85.0 31.05 71.4 20.25 46.87 57.31 50.33 30.15 10.63 44.28 42.45 25.81 71.18 35.78 84.91 69.63 93.81 48.76 44.42 28.6 32.76 15.0 81.93 42.54 32.25 67.01 65.44 70.46 
49.82 54.41 59.2 70.6 24.41 32.28 69.97 57.72 50.0 9.43 74.06 52.47 43.83 74.46 50.99 44.05 82.76 89.81 65.55 57.87 26.57 77.52 19.8 34.21 24.33 42.01 35.44 0.0 34.71 36.06 31.05 46.17 81.41 38.83 92.61 57.87 12.04 85.21 58.0 67.6 55.66 77.47 28.02 59.2 8.06 27.07 29.61 39.12 55.23 49.82 45.69 82.73 92.11 91.24 73.88 74.52 57.43 49.93 22.02 87.21 51.87 62.8 84.58 61.4 84.12 
73.98 57.87 70.71 42.19 37.48 35.9 68.1 31.32 23.77 37.44 54.59 30.53 10.2 62.29 16.28 27.66 86.93 72.07 58.6 29.43 35.06 60.21 15.0 44.01 30.02 28.84 59.2 34.71 0.0 39.56 34.71 20.12 76.4 45.4 84.9 87.73 27.78 61.4 66.49 43.32 76.53 86.13 10.0 49.82 33.02 55.46 17.26 29.07 83.93 15.26 44.01 57.27 88.81 64.5 76.56 82.97 86.54 52.5 51.48 67.54 46.14 73.98 77.23 38.48 72.92 
85.62 86.56 94.15 81.39 57.69 4.24 100.42 70.88 63.25 45.31 93.62 69.46 48.84 99.32 50.0 64.5 116.04 110.98 93.24 68.88 9.49 98.84 32.8 67.42 12.81 64.35 71.47 36.06 39.56 0.0 5.66 59.46 110.63 71.22 120.6 91.02 42.44 100.96 92.09 82.86 91.71 112.06 30.08 85.21 42.49 62.59 49.65 63.01 89.27 51.09 74.97 96.77 122.43 103.75 106.4 109.0 91.14 81.47 57.49 106.78 79.51 97.75 112.61 77.83 109.84 
80.81 80.92 88.68 76.79 52.15 1.41 94.76 65.97 58.24 40.16 88.39 64.26 44.28 93.81 46.17 59.06 110.42 105.7 87.62 64.13 5.1 93.52 27.2 61.85 7.21 58.83 66.48 31.05 34.71 5.66 0.0 54.41 105.0 65.6 115.0 87.02 36.89 96.05 86.53 77.88 86.68 106.53 25.0 79.63 37.16 57.87 44.1 57.43 85.05 47.01 69.31 91.98 116.78 99.14 100.77 103.46 87.01 75.82 52.77 101.59 73.88 92.28 107.0 72.73 104.31 
72.07 46.0 61.52 24.52 36.88 55.66 52.5 12.0 4.0 44.78 34.48 10.63 13.6 43.28 20.88 12.0 72.78 51.97 41.63 11.7 54.13 40.22 30.0 38.91 49.03 15.13 58.82 46.17 20.12 59.46 54.41 0.0 59.06 37.95 66.4 89.2 35.34 41.77 56.14 23.54 72.24 74.17 29.41 32.7 41.15 58.69 17.0 17.72 84.63 17.72 32.06 38.12 71.59 46.01 62.37 71.11 87.42 41.05 56.08 47.42 31.4 64.28 59.08 18.38 53.81 
63.95 28.64 37.11 57.14 57.27 106.4 12.17 54.41 57.27 73.41 35.06 49.24 72.56 19.0 79.62 48.83 22.47 31.06 17.8 58.52 102.62 29.43 77.9 48.1 98.08 47.63 62.13 81.41 76.4 110.63 105.0 59.06 0.0 43.08 12.04 84.17 70.49 45.88 32.25 47.27 57.01 31.83 82.81 26.63 73.36 70.86 61.52 48.1 78.85 76.49 36.06 50.01 12.53 55.97 17.49 30.61 81.25 31.95 72.78 35.34 31.14 36.06 5.83 46.32 14.42 
35.47 15.62 25.32 54.56 14.42 67.01 31.3 43.27 39.4 30.41 46.1 35.23 47.17 40.11 56.32 26.83 44.82 57.87 29.07 46.14 62.37 46.84 40.25 5.1 58.41 23.26 25.06 38.83 45.4 71.22 65.6 37.95 43.08 0.0 54.71 54.67 29.0 59.94 21.54 46.75 34.44 41.63 47.76 25.71 30.81 30.41 28.16 20.25 49.58 53.46 10.77 59.91 53.34 68.8 35.36 38.48 52.4 11.18 31.0 57.28 17.72 28.64 46.84 41.01 48.17 
75.66 40.61 48.66 60.17 68.71 116.4 24.19 59.94 64.07 84.86 37.36 56.04 80.0 23.32 86.28 57.28 30.0 27.46 27.46 63.95 112.89 30.81 87.8 59.77 108.23 56.64 74.17 92.61 84.9 120.6 115.0 66.4 12.04 54.71 0.0 95.71 81.41 45.01 44.1 50.92 68.45 40.82 92.02 35.47 84.58 82.87 71.06 57.63 90.43 83.22 46.96 50.04 11.66 54.33 28.16 40.25 92.76 43.68 84.72 33.14 41.34 47.3 8.06 51.43 13.6 
20.62 59.51 47.07 108.9 52.43 88.01 73.08 96.94 91.68 51.24 99.86 89.11 94.02 90.38 102.88 79.98 70.0 108.75 78.29 99.25 82.01 99.36 74.95 51.62 81.22 76.42 30.48 57.87 87.73 91.02 87.02 89.2 84.17 54.67 95.71 0.0 60.17 113.99 52.2 101.41 27.29 59.08 84.12 78.55 55.66 32.31 74.09 72.92 5.39 100.72 65.0 114.4 88.36 123.22 67.74 58.0 3.0 60.03 36.69 109.59 71.28 48.51 89.74 95.59 95.19 
48.09 44.55 51.88 59.46 15.26 38.28 59.41 46.49 39.0 9.9 62.03 40.79 35.38 62.64 43.6 32.14 73.76 77.78 54.13 47.01 33.42 65.49 15.13 25.0 29.68 30.0 33.06 12.04 27.78 42.44 36.89 35.34 70.49 29.0 81.41 60.17 0.0 73.33 49.65 55.9 52.24 69.64 24.33 47.43 5.83 27.86 18.38 27.07 56.61 41.87 34.48 71.02 81.61 79.62 64.35 66.57 59.14 39.7 23.71 75.17 40.31 55.47 73.36 49.65 72.45 
93.81 55.9 72.18 21.4 68.01 97.27 48.88 30.08 37.85 81.22 14.21 33.02 52.55 28.18 54.71 41.19 67.78 18.44 38.42 32.31 95.9 17.0 71.45 63.98 90.8 43.57 85.0 85.21 61.4 100.96 96.05 41.77 45.88 59.94 45.01 113.99 73.33 0.0 65.8 18.25 90.03 75.18 71.06 35.61 78.64 89.32 56.0 46.87 108.72 52.35 49.24 5.83 55.44 10.3 59.94 73.06 111.5 54.2 88.54 12.17 42.72 73.11 41.77 24.02 32.39 
31.78 10.77 6.4 67.12 34.41 87.92 20.88 58.24 56.57 48.8 51.74 50.45 67.12 39.41 76.03 44.18 25.0 57.45 27.66 61.85 83.01 49.58 61.74 24.7 79.32 41.05 31.05 58.0 66.49 92.09 86.53 56.14 32.25 21.54 44.1 52.2 49.65 65.8 0.0 57.71 25.5 20.12 69.29 31.06 50.33 40.85 49.24 39.01 46.84 73.01 24.08 67.62 38.64 75.82 17.72 17.0 49.34 15.13 43.83 59.2 26.57 8.25 37.66 53.31 43.08 
82.02 47.01 64.01 10.05 52.33 79.12 45.54 12.08 19.65 64.29 13.89 15.13 34.89 28.44 38.29 24.04 66.37 30.41 33.54 15.0 77.67 20.59 53.24 50.0 72.57 26.93 71.4 67.6 43.32 82.86 77.88 23.54 47.27 46.75 50.92 101.41 55.9 18.25 57.71 0.0 79.65 71.31 52.89 26.93 61.39 74.3 38.12 30.46 96.33 35.61 36.8 15.13 59.03 23.77 56.89 68.68 99.16 43.83 72.92 25.0 31.62 65.74 45.12 6.32 37.34 
8.94 34.21 19.92 88.23 39.12 87.93 46.24 77.52 73.82 46.57 75.82 69.46 80.28 64.66 89.5 61.27 43.19 82.86 52.7 80.53 82.22 74.4 67.07 33.53 79.81 57.7 20.25 55.66 76.53 91.71 86.68 72.24 57.01 34.44 68.45 27.29 52.24 90.03 25.5 79.65 0.0 32.76 76.01 54.49 50.01 30.02 60.21 54.63 22.09 86.83 43.01 91.22 61.13 99.76 40.45 31.26 24.33 36.07 34.89 84.31 48.17 21.21 62.64 74.4 68.54 
41.48 28.44 18.38 81.25 54.38 107.91 26.4 74.33 74.01 68.12 62.24 67.07 85.99 47.01 94.64 62.2 11.4 62.48 37.95 78.23 102.9 58.18 81.86 44.78 99.32 59.41 46.87 77.47 86.13 112.06 106.53 74.17 31.83 41.63 40.82 59.08 69.64 75.18 20.12 71.31 32.76 0.0 89.32 44.72 70.0 57.43 68.96 57.87 54.23 91.55 42.58 78.29 31.02 85.48 15.26 3.16 56.08 33.73 61.22 66.03 43.0 14.87 37.54 68.07 46.01 
72.34 61.72 72.8 52.15 37.22 26.25 73.6 41.0 33.24 32.89 63.56 39.4 20.1 70.0 24.6 35.0 91.3 80.96 65.07 39.32 25.08 68.88 9.22 45.35 20.02 35.38 57.31 28.02 10.0 30.08 25.0 29.41 82.81 47.76 92.02 84.12 24.33 71.06 69.29 52.89 76.01 89.32 0.0 56.59 28.46 51.92 21.4 34.71 80.78 24.35 48.55 67.08 95.02 74.43 81.12 86.16 83.24 56.36 47.43 76.69 51.86 76.24 84.17 47.76 80.6 
58.25 20.62 37.44 36.69 37.05 81.02 20.22 30.02 31.32 52.61 21.4 23.54 46.07 15.3 53.49 22.2 41.11 32.25 8.94 34.06 77.7 21.19 52.43 30.41 72.95 21.21 50.33 59.2 49.82 85.21 79.63 32.7 26.63 25.71 35.47 78.55 47.43 35.61 31.06 26.93 54.49 44.72 56.59 0.0 51.42 56.09 35.61 22.2 73.25 50.33 15.13 36.8 39.12 45.28 31.0 41.98 76.01 18.6 56.32 31.62 8.06 38.95 27.59 23.35 25.08 
45.04 46.4 51.87 65.19 16.4 38.48 61.91 52.2 44.78 4.47 67.01 46.32 41.01 66.71 49.04 37.48 74.95 82.39 57.58 52.8 33.12 70.18 19.31 26.25 30.08 35.13 30.15 8.06 33.02 42.49 37.16 41.15 73.36 30.81 84.58 55.66 5.83 78.64 50.33 61.39 50.01 70.0 28.46 51.42 0.0 23.54 24.17 32.02 52.39 47.42 37.7 76.49 84.06 85.15 65.95 67.01 54.82 41.88 18.97 80.02 43.97 55.47 76.56 55.11 76.24 
23.09 42.3 39.45 80.45 22.2 59.03 58.69 67.8 61.62 19.24 75.89 60.46 62.13 70.46 70.83 51.04 65.3 88.28 59.08 69.53 53.15 77.13 42.72 25.71 51.35 47.71 10.63 27.07 55.46 62.59 57.87 58.69 70.86 30.41 82.87 32.31 27.86 89.32 40.85 74.3 30.02 57.43 51.92 56.09 23.54 0.0 42.64 44.1 28.86 68.8 41.0 88.57 79.12 97.51 58.52 54.92 31.32 40.0 5.1 87.56 48.05 42.72 75.43 68.1 78.01 
58.52 40.85 53.46 41.11 21.93 45.49 52.2 28.16 20.62 27.78 45.89 23.02 20.25 49.74 29.41 15.52 70.21 62.64 43.86 28.64 42.49 50.29 17.0 27.07 37.59 14.76 44.28 29.61 17.26 49.65 44.1 17.0 61.52 28.16 71.06 74.09 18.38 56.0 49.24 38.12 60.21 68.96 21.4 35.61 24.17 42.64 0.0 13.45 69.84 26.93 27.29 53.24 73.66 61.66 59.94 65.8 72.56 35.47 39.6 59.23 30.48 56.72 63.13 32.02 60.21 
54.92 29.43 44.1 36.4 21.95 58.82 39.12 24.04 19.24 34.37 35.0 16.4 28.16 36.67 37.01 7.07 57.94 50.8 30.41 26.4 55.57 38.47 30.23 21.63 50.77 3.61 42.45 39.12 29.07 63.01 57.43 17.72 48.1 20.25 57.63 72.92 27.07 46.87 39.01 30.46 54.63 57.87 34.71 22.2 32.02 44.1 13.45 0.0 68.12 34.0 15.3 45.22 60.31 54.08 47.54 54.74 70.94 24.19 42.49 48.09 17.2 47.01 49.68 24.17 47.01 
15.23 54.13 41.77 103.95 48.02 86.09 67.72 92.1 87.01 48.05 94.58 84.22 89.89 85.0 98.84 75.17 65.03 103.37 72.92 94.49 80.1 94.02 71.57 46.69 79.01 71.59 25.81 55.23 83.93 89.27 85.05 84.63 78.85 49.58 90.43 5.39 56.61 108.72 46.84 96.33 22.09 54.23 80.78 73.25 52.39 28.86 69.84 68.12 0.0 96.6 59.82 109.2 83.22 118.0 62.51 53.04 2.83 54.71 33.54 104.24 66.03 43.29 84.4 90.55 89.81 
85.44 63.2 78.06 31.38 48.85 48.0 70.21 24.04 19.24 51.74 48.8 27.29 6.71 59.91 3.16 29.43 90.47 65.95 59.24 20.62 48.37 55.17 30.23 53.37 43.57 32.14 71.18 49.82 15.26 51.09 47.01 17.72 76.49 53.46 83.22 100.72 41.87 52.35 73.01 35.61 86.83 91.55 24.35 50.33 47.42 68.8 26.93 34.0 96.6 0.0 49.09 47.42 89.0 53.45 80.05 88.46 99.3 58.08 65.22 60.61 49.03 81.01 76.16 32.56 70.21 
45.28 14.14 29.61 45.22 22.36 70.72 25.46 34.93 32.56 38.33 35.34 26.93 43.42 30.02 52.15 20.1 42.95 47.38 19.92 38.28 66.71 36.14 42.52 15.3 62.29 17.0 35.78 45.69 44.01 74.97 69.31 32.06 36.06 10.77 46.96 65.0 34.48 49.24 24.08 36.8 43.01 42.58 48.55 15.13 37.7 41.0 27.29 15.3 59.82 49.09 0.0 49.41 47.51 58.25 32.65 39.46 62.63 9.0 41.19 46.57 7.07 32.25 38.91 31.4 38.83 
94.49 57.38 74.03 16.12 66.85 93.17 51.89 26.17 34.13 79.31 16.12 30.27 48.08 31.62 49.65 39.05 71.47 24.04 40.82 27.89 92.07 20.62 68.07 63.63 86.98 41.76 84.91 82.73 57.27 96.77 91.98 38.12 50.01 59.91 50.04 114.4 71.02 5.83 67.62 15.13 91.22 78.29 67.08 36.8 76.49 88.57 53.24 45.22 109.2 47.42 49.41 0.0 60.13 8.94 63.16 76.03 112.0 55.17 87.46 17.72 43.28 75.21 46.27 21.38 37.05 
69.0 38.01 42.05 68.73 67.74 118.19 22.2 66.73 69.78 83.73 46.17 61.74 85.09 30.59 92.14 61.29 19.7 38.6 30.23 70.84 114.21 40.01 89.81 58.18 109.79 60.0 69.63 92.11 88.81 122.43 116.78 71.59 12.53 53.34 11.66 88.36 81.61 55.44 38.64 59.03 61.13 31.02 95.02 39.12 84.06 79.12 73.66 60.31 83.22 89.0 47.51 60.13 0.0 65.12 21.1 31.05 85.38 42.19 81.6 43.93 43.19 40.01 14.04 58.52 23.09 
103.23 65.76 82.22 22.36 75.77 100.28 59.17 34.01 42.01 88.06 24.08 38.83 54.92 38.47 55.36 47.8 78.0 27.02 48.6 35.13 99.5 27.29 76.01 72.56 94.43 50.6 93.81 91.24 64.5 103.75 99.14 46.01 55.97 68.8 54.33 123.22 79.62 10.3 75.82 23.77 99.76 85.48 74.43 45.28 85.15 97.51 61.66 54.08 118.0 53.45 58.25 8.94 65.12 0.0 70.24 83.35 120.8 63.78 96.38 21.21 52.01 83.24 51.66 30.08 42.2 
48.04 19.85 21.0 66.91 49.58 102.18 11.4 61.01 61.66 65.0 47.17 54.23 75.0 31.76 83.2 50.7 10.44 47.42 23.35 65.03 97.67 42.94 74.63 39.7 93.61 48.38 48.76 73.88 76.56 106.4 100.77 62.37 17.49 35.36 28.16 67.74 64.35 59.94 17.72 56.89 40.45 15.26 81.12 31.0 65.95 58.52 59.94 47.54 62.51 80.05 32.65 63.16 21.1 70.24 0.0 13.45 64.78 25.0 61.33 50.8 31.05 19.24 23.32 54.15 31.14 
39.81 25.32 15.62 78.59 51.31 104.85 24.19 71.45 71.0 65.19 59.93 64.12 82.87 44.94 91.55 59.14 12.0 60.88 35.47 75.33 99.86 56.08 78.72 41.68 96.25 56.32 44.42 74.52 82.97 109.0 103.46 71.11 30.61 38.48 40.25 58.0 66.57 73.06 17.0 68.68 31.26 3.16 86.16 41.98 67.01 54.92 65.8 54.74 53.04 88.46 39.46 76.03 31.05 83.35 13.45 0.0 55.0 30.59 58.6 64.2 40.01 12.21 36.4 65.31 44.55 
17.89 56.8 44.15 106.78 50.77 88.02 70.21 94.92 89.81 50.45 97.35 87.05 92.59 87.66 101.52 77.99 67.0 106.02 75.58 97.31 82.02 96.75 74.04 49.52 81.06 74.41 28.6 57.43 86.54 91.14 87.01 87.42 81.25 52.4 92.76 3.0 59.14 111.5 49.34 99.16 24.33 56.08 83.24 76.01 54.82 31.32 72.56 70.94 2.83 99.3 62.63 112.0 85.38 120.8 64.78 55.0 0.0 57.45 35.9 106.94 68.82 45.54 86.83 93.38 92.36 
39.66 5.39 20.88 52.84 25.55 77.23 20.12 43.32 41.44 41.59 40.0 35.44 52.35 31.05 61.13 29.07 34.99 49.34 19.24 46.84 72.84 39.36 49.65 16.16 68.68 26.0 32.76 49.93 52.5 81.47 75.82 41.05 31.95 11.18 43.68 60.03 39.7 54.2 15.13 43.83 36.07 33.73 56.36 18.6 41.88 40.0 35.47 24.19 54.71 58.08 9.0 55.17 42.19 63.78 25.0 30.59 57.45 0.0 41.3 49.66 12.21 23.35 35.9 38.95 38.01 
28.16 44.15 43.01 78.55 20.62 53.94 60.64 65.73 59.2 14.56 75.43 58.67 58.6 71.06 67.12 49.24 68.6 88.57 60.03 67.2 48.05 77.1 38.28 26.02 46.27 46.07 15.0 22.02 51.48 57.49 52.77 56.08 72.78 31.0 84.72 36.69 23.71 88.54 43.83 72.92 34.89 61.22 47.43 56.32 18.97 5.1 39.6 42.49 33.54 65.22 41.19 87.46 81.6 96.38 61.33 58.6 35.9 41.3 0.0 87.48 48.26 46.4 77.1 66.64 79.1 
89.07 50.25 65.44 31.4 67.48 102.88 40.36 36.89 43.83 82.02 13.34 37.34 59.68 19.85 63.25 43.74 57.71 6.32 31.62 40.0 100.88 10.44 75.69 61.85 95.82 45.28 81.93 87.21 67.54 106.78 101.59 47.42 35.34 57.28 33.14 109.59 75.17 12.17 59.2 25.0 84.31 66.03 76.69 31.62 80.02 87.56 59.23 48.09 104.24 60.61 46.57 17.72 43.93 21.21 50.8 64.2 106.94 49.66 87.48 0.0 39.56 65.86 30.68 29.07 21.19 
51.22 15.81 32.7 40.71 29.15 75.29 21.95 31.78 31.02 44.91 28.65 24.19 43.97 23.09 52.17 19.65 41.48 40.31 13.89 35.51 71.61 29.12 46.75 22.36 67.01 17.46 42.54 51.87 46.14 79.51 73.88 31.4 31.14 17.72 41.34 71.28 40.31 42.72 26.57 31.62 48.17 43.0 51.86 8.06 43.97 48.05 30.48 17.2 66.03 49.03 7.07 43.28 43.19 52.01 31.05 40.01 68.82 12.21 48.26 39.56 0.0 34.79 33.29 26.83 32.28 
29.02 18.97 3.61 75.24 40.25 93.65 26.08 66.48 64.78 53.41 59.2 58.69 75.03 46.01 84.0 52.35 23.09 63.6 34.71 70.09 88.51 56.59 68.35 31.02 85.09 49.16 32.25 62.8 73.98 97.75 92.28 64.28 36.06 28.64 47.3 48.51 55.47 73.11 8.25 65.74 21.21 14.87 76.24 38.95 55.47 42.72 56.72 47.01 43.29 81.01 32.25 75.21 40.01 83.24 19.24 12.21 45.54 23.35 46.4 65.86 34.79 0.0 41.79 61.47 48.37 
69.43 33.14 42.72 54.74 60.75 108.41 17.03 53.31 56.94 76.9 32.14 48.88 72.67 16.76 79.26 49.58 27.8 25.94 19.42 57.38 104.86 26.0 79.81 51.92 100.21 48.8 67.01 84.58 77.23 112.61 107.0 59.08 5.83 46.84 8.06 89.74 73.36 41.77 37.66 45.12 62.64 37.54 84.17 27.59 76.56 75.43 63.13 49.68 84.4 76.16 38.91 46.27 14.04 51.66 23.32 36.4 86.83 35.9 77.1 30.68 33.29 41.79 0.0 44.94 9.49 
76.42 42.54 59.51 13.89 46.07 74.0 43.01 8.6 14.76 57.97 16.4 9.0 30.81 28.23 35.47 17.72 64.01 33.84 31.0 12.53 72.28 22.63 47.52 44.05 67.19 20.62 65.44 61.4 38.48 77.83 72.73 18.38 46.32 41.01 51.43 95.59 49.65 24.02 53.31 6.32 74.4 68.07 47.76 23.35 55.11 68.1 32.02 24.17 90.55 32.56 31.4 21.38 58.52 30.08 54.15 65.31 93.38 38.95 66.64 29.07 26.83 61.47 44.94 0.0 38.08 
74.63 36.5 48.75 46.57 61.19 105.69 22.36 46.65 51.22 77.13 23.77 43.28 67.36 10.63 73.24 45.61 36.89 16.64 19.1 50.61 102.58 17.26 77.18 53.24 97.75 45.49 70.46 84.12 72.92 109.84 104.31 53.81 14.42 48.17 13.6 95.19 72.45 32.39 43.08 37.34 68.54 46.01 80.6 25.08 76.24 78.01 60.21 47.01 89.81 70.21 38.83 37.05 23.09 42.2 31.14 44.55 92.36 38.01 79.1 21.19 32.28 48.37 9.49 38.08 0.0 
