25
0.0 5.0 15.03 13.15 11.0 14.32 23.32 18.6 17.0 24.41 26.42 9.06 10.63 16.97 20.59 5.39 17.0 5.83 18.79 18.38 10.0 17.26 25.5 9.85 19.03 
5.0 0.0 10.05 8.25 12.08 13.04 21.19 14.87 12.81 21.93 24.35 10.82 8.25 13.89 18.68 8.6 17.72 3.0 17.26 17.12 8.06 17.12 23.77 5.66 19.92 
15.03 10.05 0.0 2.24 19.21 15.0 19.24 12.0 9.0 19.03 22.09 18.87 10.63 11.4 17.72 18.03 21.93 10.2 17.46 17.89 12.73 20.0 22.36 6.71 24.08 
13.15 8.25 2.24 0.0 18.38 13.04 18.03 13.15 10.2 18.03 21.0 17.8 8.49 10.05 16.28 16.55 19.85 8.06 15.81 16.16 12.21 18.03 21.1 4.47 22.02 
11.0 12.08 19.21 18.38 0.0 24.74 33.24 15.0 15.3 34.01 36.4 2.24 20.25 25.94 30.68 6.32 28.0 14.87 29.12 28.86 6.71 28.16 35.74 17.49 30.02 
14.32 13.04 15.0 13.04 24.74 0.0 9.22 25.63 22.85 10.63 12.21 23.09 5.1 6.08 6.4 19.7 7.21 10.05 4.47 4.12 21.0 5.0 11.18 9.49 9.22 
23.32 21.19 19.24 18.03 33.24 9.22 0.0 31.14 28.16 2.0 3.16 31.78 13.0 8.0 2.83 28.65 12.37 18.38 5.0 5.83 28.64 9.49 3.16 16.28 13.04 
18.6 14.87 12.0 13.15 15.0 25.63 31.14 0.0 3.0 31.02 34.06 16.12 20.62 23.19 29.43 18.03 31.76 17.2 28.86 29.12 9.49 30.46 34.23 16.16 34.0 
17.0 12.81 9.0 10.2 15.3 22.85 28.16 3.0 0.0 28.02 31.06 16.03 17.89 20.22 26.48 17.26 29.15 14.87 25.96 26.25 9.0 27.73 31.26 13.42 31.38 
24.41 21.93 19.03 18.03 34.01 10.63 2.0 31.02 28.02 0.0 3.16 32.65 13.89 8.25 4.47 29.68 14.32 19.24 6.71 7.62 29.12 11.4 4.24 16.76 15.03 
26.42 24.35 22.09 21.0 36.4 12.21 3.16 34.06 31.06 3.16 0.0 34.93 16.16 11.05 5.83 31.76 14.32 21.54 7.81 8.49 31.78 11.66 2.0 19.42 14.56 
9.06 10.82 18.87 17.8 2.24 23.09 31.78 16.12 16.03 32.65 34.93 0.0 18.79 24.7 29.15 4.12 26.02 13.42 27.51 27.2 7.07 26.31 34.18 16.4 28.0 
10.63 8.25 10.63 8.49 20.25 5.1 13.0 20.62 17.89 13.89 16.16 18.79 0.0 6.4 10.44 15.81 11.4 5.39 9.06 9.0 16.03 9.85 15.52 4.47 13.6 
16.97 13.89 11.4 10.05 25.94 6.08 8.0 23.19 20.22 8.25 11.05 24.7 6.4 0.0 6.32 22.02 13.0 11.4 6.4 7.07 20.88 10.3 11.05 8.54 14.76 
20.59 18.68 17.72 16.28 30.68 6.4 2.83 29.43 26.48 4.47 5.83 29.15 10.44 6.32 0.0 25.94 10.05 15.81 2.24 3.16 26.31 7.07 5.1 14.04 11.05 
5.39 8.6 18.03 16.55 6.32 19.7 28.65 18.03 17.26 29.68 31.76 4.12 15.81 22.02 25.94 0.0 22.09 10.63 24.17 23.77 8.54 22.56 30.87 14.21 24.02 
17.0 17.72 21.93 19.85 28.0 7.21 12.37 31.76 29.15 14.32 14.32 26.02 11.4 13.0 10.05 22.09 0.0 14.87 8.0 7.0 25.71 3.0 12.53 15.81 2.24 
5.83 3.0 10.2 8.06 14.87 10.05 18.38 17.2 14.87 19.24 21.54 13.42 5.39 11.4 15.81 10.63 14.87 0.0 14.32 14.14 11.05 14.14 20.88 4.12 17.09 
18.79 17.26 17.46 15.81 29.12 4.47 5.0 28.86 25.96 6.71 7.81 27.51 9.06 6.4 2.24 24.17 8.0 14.32 0.0 1.0 25.08 5.0 6.71 13.04 9.22 
18.38 17.12 17.89 16.16 28.86 4.12 5.83 29.12 26.25 7.62 8.49 27.2 9.0 7.07 3.16 23.77 7.0 14.14 1.0 0.0 25.02 4.0 7.21 13.15 8.25 
10.0 8.06 12.73 12.21 6.71 21.0 28.64 9.49 9.0 29.12 31.78 7.07 16.03 20.88 26.31 8.54 25.71 11.05 25.08 25.02 0.0 25.18 31.4 12.37 27.89 
17.26 17.12 20.0 18.03 28.16 5.0 9.49 30.46 27.73 11.4 11.66 26.31 9.85 10.3 7.07 22.56 3.0 14.14 5.0 4.0 25.18 0.0 10.0 14.32 4.47 
25.5 23.77 22.36 21.1 35.74 11.18 3.16 34.23 31.26 4.24 2.0 34.18 15.52 11.05 5.1 30.87 12.53 20.88 6.71 7.21 31.4 10.0 0.0 19.1 12.65 
9.85 5.66 6.71 4.47 17.49 9.49 16.28 16.16 13.42 16.76 19.42 16.4 4.47 8.54 14.04 14.21 15.81 4.12 13.04 13.15 12.37 14.32 19.1 0.0 18.03 
19.03 19.92 24.08 22.02 30.02 9.22 13.04 34.0 31.38 15.03 14.56 28.0 13.6 14.76 11.05 24.02 2.24 17.09 9.22 8.25 27.89 4.47 12.65 18.03 0.0 
