15
0.0 11.4 9.06 7.07 10.2 5.0 2.0 6.0 8.54 11.0 11.0 8.94 7.0 12.04 13.6 
11.4 0.0 11.66 10.77 1.41 8.06 11.05 11.4 3.0 3.0 13.6 8.6 5.0 6.71 8.54 
9.06 11.66 0.0 2.0 11.4 5.39 7.07 3.16 9.22 13.45 2.24 3.16 10.82 7.0 7.28 
7.07 10.77 2.0 0.0 10.3 3.61 5.1 1.41 8.06 12.21 4.12 3.16 9.22 7.28 8.06 
10.2 1.41 11.4 10.3 0.0 7.28 10.0 10.77 2.24 2.24 13.45 8.49 3.61 7.28 9.22 
5.0 8.06 5.39 3.61 7.28 0.0 3.61 3.61 5.1 8.94 7.62 4.12 5.66 7.07 8.6 
2.0 11.05 7.07 5.1 10.0 3.61 0.0 4.0 8.06 11.18 9.0 7.21 7.28 10.63 12.04 
6.0 11.4 3.16 1.41 10.77 3.61 4.0 0.0 8.54 12.53 5.0 4.47 9.22 8.54 9.43 
8.54 3.0 9.22 8.06 2.24 5.1 8.06 8.54 0.0 4.24 11.31 6.4 3.16 6.0 8.0 
11.0 3.0 13.45 12.21 2.24 8.94 11.18 12.53 4.24 0.0 15.56 10.63 4.0 9.49 11.4 
11.0 13.6 2.24 4.12 13.45 7.62 9.0 5.0 11.31 15.56 0.0 5.0 13.04 8.25 8.0 
8.94 8.6 3.16 3.16 8.49 4.12 7.21 4.47 6.4 10.63 5.0 0.0 8.54 4.12 5.0 
7.0 5.0 10.82 9.22 3.61 5.66 7.28 9.22 3.16 4.0 13.04 8.54 0.0 9.06 11.05 
12.04 6.71 7.0 7.28 7.28 7.07 10.63 8.54 6.0 9.49 8.25 4.12 9.06 0.0 2.0 
13.6 8.54 7.28 8.06 9.22 8.6 12.04 9.43 8.0 11.4 8.0 5.0 11.05 2.0 0.0 
