25
0.0 9.43 5.39 17.12 31.06 26.93 8.49 21.4 24.17 36.67 27.02 9.22 7.07 25.71 19.1 13.04 20.52 5.83 27.07 28.6 34.53 24.0 15.62 18.03 4.12 
9.43 0.0 4.24 22.8 28.43 24.21 11.18 30.41 32.45 30.46 27.51 18.6 13.89 20.25 13.04 16.03 20.25 5.0 19.24 26.63 26.02 30.08 15.52 9.06 7.21 
5.39 4.24 0.0 19.24 28.32 24.08 8.06 26.17 28.3 32.28 25.94 14.42 9.85 21.54 14.56 13.15 18.87 3.61 22.0 26.17 29.27 26.48 13.89 12.65 3.16 
17.12 22.8 19.24 0.0 24.0 21.21 11.7 15.0 13.0 35.44 15.52 14.21 10.05 25.5 22.67 7.81 13.34 22.02 31.4 21.0 39.41 7.28 12.21 27.46 16.12 
31.06 28.43 28.32 24.0 0.0 4.24 22.83 39.0 36.35 14.14 9.85 34.79 26.93 11.05 16.55 19.92 11.4 31.83 19.03 3.0 24.35 26.93 15.65 24.7 27.2 
26.93 24.21 24.08 21.21 4.24 0.0 18.79 36.12 33.96 14.76 9.22 31.05 23.09 8.25 12.65 16.28 8.0 27.59 16.49 3.0 22.83 25.08 11.7 20.88 23.02 
8.49 11.18 8.06 11.7 22.83 18.79 0.0 21.95 22.63 30.02 18.6 13.0 5.1 19.0 13.6 5.1 12.04 11.4 22.47 20.25 30.46 18.97 7.21 16.28 5.39 
21.4 30.41 26.17 15.0 39.0 36.12 21.95 0.0 5.83 50.01 30.27 12.53 17.2 39.56 35.34 20.88 28.16 27.2 44.28 36.0 52.33 14.76 25.96 37.8 23.35 
24.17 32.45 28.3 13.0 36.35 33.96 22.63 5.83 0.0 48.38 27.02 16.28 18.6 38.48 35.23 20.25 26.25 29.97 44.1 33.38 52.15 10.2 25.06 38.9 25.24 
36.67 30.46 32.28 35.44 14.14 14.76 30.02 50.01 48.38 0.0 23.6 43.01 35.0 11.05 17.72 29.27 22.14 35.11 12.73 16.4 13.15 39.81 24.19 23.02 32.56 
27.02 27.51 25.94 15.52 9.85 9.22 18.6 30.27 27.02 23.6 0.0 28.3 21.26 17.0 19.1 14.14 7.28 29.53 25.08 7.21 31.91 17.26 12.08 27.0 23.85 
9.22 18.6 14.42 14.21 34.79 31.05 13.0 12.53 16.28 43.01 28.3 0.0 8.06 32.0 26.31 14.87 23.41 14.87 34.93 31.95 42.72 19.31 19.42 26.83 12.08 
7.07 13.89 9.85 10.05 26.93 23.09 5.1 17.2 18.6 35.0 21.26 8.06 0.0 24.02 18.68 7.21 15.65 12.17 27.51 24.17 35.47 17.03 11.4 20.62 6.71 
25.71 20.25 21.54 25.5 11.05 8.25 19.0 39.56 38.48 11.05 17.0 32.0 24.02 0.0 7.21 18.68 12.81 24.6 8.25 11.18 15.0 30.81 13.6 14.42 21.59 
19.1 13.04 14.56 22.67 16.55 12.65 13.6 35.34 35.23 17.72 19.1 26.31 18.68 7.21 0.0 15.0 12.65 17.46 8.94 15.52 17.0 29.07 10.63 8.25 15.03 
13.04 16.03 13.15 7.81 19.92 16.28 5.1 20.88 20.25 29.27 14.14 14.87 7.21 18.68 15.0 0.0 8.54 16.49 23.85 17.09 31.91 14.76 5.1 19.72 10.44 
20.52 20.25 18.87 13.34 11.4 8.0 12.04 28.16 26.25 22.14 7.28 23.41 15.65 12.81 12.65 8.54 0.0 22.47 20.0 8.54 27.59 18.03 5.0 20.1 17.03 
5.83 5.0 3.61 22.02 31.83 27.59 11.4 27.2 29.97 35.11 29.53 14.87 12.17 24.6 17.46 16.49 22.47 0.0 24.19 29.73 31.02 29.15 17.49 14.04 6.08 
27.07 19.24 22.0 31.4 19.03 16.49 22.47 44.28 44.1 12.73 25.08 34.93 27.51 8.25 8.94 23.85 20.0 24.19 0.0 19.42 8.06 37.48 19.21 10.77 23.19 
28.6 26.63 26.17 21.0 3.0 3.0 20.25 36.0 33.38 16.4 7.21 31.95 24.17 11.18 15.52 17.09 8.54 29.73 19.42 0.0 25.5 24.04 13.04 23.77 24.84 
34.53 26.02 29.27 39.41 24.35 22.83 30.46 52.33 52.15 13.15 31.91 42.72 35.47 15.0 17.0 31.91 27.59 31.02 8.06 25.5 0.0 45.34 27.2 17.0 30.81 
24.0 30.08 26.48 7.28 26.93 25.08 18.97 14.76 10.2 39.81 17.26 19.31 17.03 30.81 29.07 14.76 18.03 29.15 37.48 24.04 45.34 0.0 18.44 34.48 23.35 
15.62 15.52 13.89 12.21 15.65 11.7 7.21 25.96 25.06 24.19 12.08 19.42 11.4 13.6 10.63 5.1 5.0 17.49 19.21 13.04 27.2 18.44 0.0 16.76 12.04 
18.03 9.06 12.65 27.46 24.7 20.88 16.28 37.8 38.9 23.02 27.0 26.83 20.62 14.42 8.25 19.72 20.1 14.04 10.77 23.77 17.0 34.48 16.76 0.0 14.76 
4.12 7.21 3.16 16.12 27.2 23.02 5.39 23.35 25.24 32.56 23.85 12.08 6.71 21.59 15.03 10.44 17.03 6.08 23.19 24.84 30.81 23.35 12.04 14.76 0.0 
