55
0.0 32.28 33.14 56.44 54.15 11.05 24.19 12.65 34.01 55.58 67.01 13.42 9.22 19.72 47.38 17.2 38.01 15.03 55.11 16.28 59.0 40.02 38.01 53.01 17.8 44.05 46.69 37.95 41.23 11.05 9.22 6.32 65.03 31.4 19.03 9.22 8.94 19.7 62.29 12.73 64.07 37.11 44.1 33.06 26.31 64.03 14.04 19.92 34.01 10.05 8.6 6.32 10.2 46.39 17.09 
32.28 0.0 12.17 25.08 23.54 21.54 10.44 19.65 8.54 24.02 37.36 25.18 41.48 14.04 16.28 17.03 12.21 47.07 23.09 48.51 29.41 8.0 10.63 24.17 17.12 14.76 15.03 5.83 9.06 30.07 29.0 27.31 35.74 4.0 15.62 25.08 23.54 49.01 31.14 40.0 33.54 5.0 17.69 7.28 7.07 33.73 19.72 12.37 10.44 32.02 38.21 29.15 33.02 15.3 47.1 
33.14 12.17 0.0 25.08 22.14 22.36 19.21 22.14 4.12 24.6 34.06 30.89 42.01 20.62 16.64 23.02 5.39 48.04 25.24 49.0 26.17 13.42 6.4 20.1 23.6 12.08 17.03 15.3 14.76 34.93 33.24 27.02 32.02 8.25 14.14 28.79 25.96 52.17 30.36 43.68 31.58 12.37 11.0 5.0 9.9 31.4 19.1 16.64 2.24 36.4 40.79 32.28 37.34 15.81 49.82 
56.44 25.08 25.08 0.0 3.61 45.4 35.36 44.1 22.8 1.41 13.6 50.25 65.62 39.12 9.06 42.11 19.7 71.45 4.47 72.69 7.62 17.12 18.97 8.54 42.19 13.0 10.05 20.62 16.28 55.15 54.04 50.8 12.73 25.08 37.85 50.0 48.09 74.01 6.08 65.03 8.94 20.1 15.62 23.54 30.15 9.43 42.76 37.01 23.41 57.08 63.03 54.01 58.08 10.05 72.01 
54.15 23.54 22.14 3.61 0.0 43.1 33.96 42.0 20.22 4.12 13.93 48.66 63.29 37.48 7.28 40.45 16.76 69.18 7.0 70.35 6.4 15.81 16.28 5.1 40.61 10.2 8.94 19.7 15.23 53.46 52.24 48.37 12.53 23.02 35.36 48.09 46.0 72.11 8.25 63.2 10.05 18.68 12.21 21.1 28.0 10.2 40.31 35.06 20.62 55.33 61.01 52.04 56.32 8.25 70.03 
11.05 21.54 22.36 45.4 43.1 0.0 14.87 3.16 23.0 44.55 56.04 12.08 20.22 10.82 36.35 9.49 27.07 26.08 44.15 27.29 48.01 29.12 27.0 42.05 10.44 33.02 35.69 27.31 30.36 14.14 12.04 5.83 54.08 20.4 8.25 7.81 4.24 29.83 51.24 21.54 53.04 26.25 33.24 22.02 15.3 53.01 3.61 9.43 23.09 15.0 18.44 10.3 15.81 35.36 27.46 
24.19 10.44 19.21 35.36 33.96 14.87 0.0 12.04 17.03 34.23 47.8 15.0 33.11 4.47 26.68 7.28 21.4 38.28 33.02 39.92 39.85 18.25 20.25 34.54 7.07 25.08 25.32 15.0 19.1 20.02 19.24 20.52 46.17 12.21 13.15 15.81 15.26 39.2 41.44 30.15 43.93 15.3 27.46 15.62 9.43 44.15 14.76 6.32 18.38 22.09 28.86 19.92 23.09 25.71 37.48 
12.65 19.65 22.14 44.1 42.0 3.16 12.04 0.0 22.2 43.19 55.23 10.0 21.84 7.81 35.06 6.32 26.48 27.46 42.58 28.86 47.17 27.46 26.17 41.3 7.28 32.06 34.23 25.3 28.64 13.04 11.18 8.49 53.34 19.03 8.6 6.71 4.0 30.27 50.04 21.59 52.01 24.52 32.76 21.1 14.0 52.04 5.39 7.28 22.56 14.32 19.03 10.2 15.23 34.06 28.07 
34.01 8.54 4.12 22.8 20.22 23.0 17.03 22.2 0.0 22.14 33.06 30.08 43.1 19.24 13.93 21.93 4.47 49.04 22.36 50.16 25.02 9.43 4.0 19.1 22.36 10.05 13.89 11.18 10.82 34.48 32.98 28.16 31.14 5.0 15.13 28.64 26.17 52.47 28.44 43.74 30.07 8.25 10.77 1.41 8.54 30.02 20.1 15.81 2.0 36.14 41.19 32.39 37.11 13.0 50.25 
55.58 24.02 24.6 1.41 4.12 44.55 34.23 43.19 22.14 0.0 15.0 49.16 64.78 38.05 8.25 41.05 19.24 70.58 3.16 71.85 8.94 16.03 18.38 9.22 41.11 12.53 9.0 19.42 15.13 54.08 53.01 50.01 14.14 24.19 37.11 49.01 47.17 73.0 7.28 64.01 10.3 19.03 15.56 22.8 29.27 10.82 41.98 36.06 22.85 56.04 62.07 53.04 57.04 9.22 71.03 
67.01 37.36 34.06 13.6 13.93 56.04 47.8 55.23 33.06 15.0 0.0 62.37 76.01 51.2 21.19 54.13 29.0 82.0 17.69 83.02 8.06 29.73 29.07 14.0 54.34 23.19 22.85 33.62 29.15 67.08 65.76 61.01 2.24 36.5 48.0 61.52 59.21 85.48 8.6 76.66 5.0 32.57 23.09 34.13 41.3 4.24 53.0 48.51 33.0 68.88 74.24 65.38 69.87 22.14 83.29 
13.42 25.18 30.89 50.25 48.66 12.08 15.0 10.0 30.08 49.16 62.37 0.0 20.52 11.18 41.44 8.25 34.54 24.7 48.01 26.63 54.34 33.14 33.84 48.76 8.06 39.29 40.2 30.0 34.06 5.1 5.0 14.0 60.64 25.96 18.38 5.0 8.25 24.33 56.32 15.3 58.69 30.15 40.85 28.79 21.54 58.86 15.26 14.32 30.87 7.28 14.76 7.21 8.25 40.45 22.8 
9.22 41.48 42.01 65.62 63.29 20.22 33.11 21.84 43.1 64.78 76.01 20.52 0.0 28.64 56.57 25.94 47.01 6.08 64.33 7.07 68.03 49.24 47.1 62.01 26.42 53.15 55.9 47.13 50.45 16.4 15.56 15.0 74.0 40.61 28.02 17.49 18.03 13.45 71.45 11.0 73.17 46.32 53.01 42.19 35.51 73.11 23.02 29.12 43.01 14.42 7.28 13.6 13.89 55.58 10.63 
19.72 14.04 20.62 39.12 37.48 10.82 4.47 7.81 19.24 38.05 51.2 11.18 28.64 0.0 30.27 3.0 23.71 33.84 37.01 35.47 43.17 22.02 22.85 37.64 3.16 28.16 29.07 19.1 23.0 16.03 15.03 16.28 49.48 14.87 11.18 11.4 10.82 35.06 45.18 26.02 47.52 19.03 29.97 17.89 10.82 47.68 11.4 4.47 20.25 18.0 24.52 15.52 19.0 29.27 33.24 
47.38 16.28 16.64 9.06 7.28 36.35 26.68 35.06 13.93 8.25 21.19 41.44 56.57 30.27 0.0 33.24 11.4 62.39 8.6 63.64 13.42 8.54 10.3 9.22 33.38 5.0 2.24 12.53 8.06 46.27 45.1 41.77 19.7 16.03 28.86 41.01 39.05 65.03 15.0 56.08 17.26 11.4 9.49 14.56 21.1 17.46 33.73 28.0 14.76 48.17 54.01 45.0 49.16 1.0 63.0 
17.2 17.03 23.02 42.11 40.45 9.49 7.28 6.32 21.93 41.05 54.13 8.25 25.94 3.0 33.24 0.0 26.4 31.02 40.01 32.7 46.1 25.02 25.63 40.52 1.0 31.05 32.06 22.09 26.0 13.04 12.04 14.42 52.39 17.72 12.08 8.54 8.49 32.06 48.17 23.02 50.49 22.02 32.7 20.62 13.42 50.64 11.0 6.4 22.83 15.0 21.59 12.65 16.0 32.25 30.27 
38.01 12.21 5.39 19.7 16.76 27.07 21.4 26.48 4.47 19.24 29.0 34.54 47.01 23.71 11.4 26.4 0.0 53.0 20.0 54.04 21.02 10.05 2.0 15.0 26.83 6.71 12.04 13.15 11.18 38.9 37.36 32.02 27.02 9.22 19.0 32.98 30.41 56.72 25.0 48.05 26.31 10.2 6.32 5.83 13.0 26.17 24.0 20.25 4.0 40.52 45.4 36.67 41.48 10.63 54.45 
15.03 47.07 48.04 71.45 69.18 26.08 38.28 27.46 49.04 70.58 82.0 24.7 6.08 33.84 62.39 31.02 53.0 0.0 70.04 2.24 74.01 54.92 53.04 68.0 31.38 59.08 61.66 52.63 56.09 20.0 19.72 21.02 80.01 46.39 34.0 22.47 23.54 9.49 77.32 11.66 79.1 51.97 59.03 48.09 41.3 79.06 29.0 34.71 49.0 17.8 10.0 18.38 17.03 61.4 7.07 
55.11 23.09 25.24 4.47 7.0 44.15 33.02 42.58 22.36 3.16 17.69 48.01 64.33 37.01 8.6 40.01 20.0 70.04 0.0 71.39 12.08 15.13 18.87 12.04 40.0 13.45 8.54 18.03 14.04 53.0 52.04 49.73 17.03 23.77 37.0 48.17 46.53 72.06 9.43 63.03 12.81 18.11 17.2 22.85 28.86 13.45 41.76 35.36 23.32 55.01 61.29 52.24 56.01 9.43 70.18 
16.28 48.51 49.0 72.69 70.35 27.29 39.92 28.86 50.16 71.85 83.02 26.63 7.07 35.47 63.64 32.7 54.04 2.24 71.39 0.0 75.06 56.29 54.15 69.03 33.11 60.21 62.97 54.12 57.49 22.02 21.63 22.02 81.01 47.68 35.06 24.17 25.0 11.18 78.52 13.89 80.22 53.37 60.0 49.25 42.58 80.16 30.07 36.14 50.04 19.85 12.04 20.12 19.1 62.65 9.0 
59.0 29.41 26.17 7.62 6.4 48.01 39.85 47.17 25.02 8.94 8.06 54.34 68.03 43.17 13.42 46.1 21.02 74.01 12.08 75.06 0.0 21.93 21.02 6.08 46.32 15.13 15.26 25.94 21.47 59.03 57.71 53.04 6.32 28.44 40.01 53.46 51.16 77.41 6.71 68.59 5.83 24.7 15.3 26.08 33.24 5.39 45.01 40.45 25.02 60.83 66.19 57.31 61.81 14.32 75.24 
40.02 8.0 13.42 17.12 15.81 29.12 18.25 27.46 9.43 16.03 29.73 33.14 49.24 22.02 8.54 25.02 10.05 54.92 15.13 56.29 21.93 0.0 8.06 17.2 25.08 8.6 7.07 4.24 1.41 38.05 37.0 34.79 28.23 8.94 22.36 33.06 31.4 57.01 23.19 48.0 25.71 3.0 13.0 9.22 13.93 25.96 26.93 20.22 11.18 40.01 46.17 37.12 41.01 7.62 55.08 
38.01 10.63 6.4 18.97 16.28 27.0 20.25 26.17 4.0 18.38 29.07 33.84 47.1 22.85 10.3 25.63 2.0 53.04 18.87 54.15 21.02 8.06 0.0 15.13 26.0 6.08 10.63 11.18 9.22 38.33 36.88 32.14 27.17 8.06 19.1 32.56 30.15 56.44 24.52 47.68 26.08 8.25 7.21 5.1 12.37 26.02 24.08 19.65 4.47 40.02 45.18 36.35 41.0 9.43 54.23 
53.01 24.17 20.1 8.54 5.1 42.05 34.54 41.3 19.1 9.22 14.0 48.76 62.01 37.64 9.22 40.52 15.0 68.0 12.04 69.03 6.08 17.2 15.13 0.0 40.8 9.49 11.4 21.4 17.03 53.37 51.97 47.01 12.04 22.8 34.0 47.68 45.28 71.57 11.4 62.8 11.7 19.72 9.22 20.22 27.46 11.4 39.0 34.71 19.0 55.11 60.3 51.48 56.09 9.9 69.35 
17.8 17.12 23.6 42.19 40.61 10.44 7.07 7.28 22.36 41.11 54.34 8.06 26.42 3.16 33.38 1.0 26.83 31.38 40.0 33.11 46.32 25.08 26.0 40.8 0.0 31.32 32.14 22.02 26.02 13.0 12.17 15.26 52.63 18.03 13.0 8.94 9.22 32.14 48.26 23.09 50.64 22.09 33.11 21.02 13.89 50.8 12.0 7.07 23.32 15.03 21.84 13.0 16.03 32.39 30.41 
44.05 14.76 12.08 13.0 10.2 33.02 25.08 32.06 10.05 12.53 23.19 39.29 53.15 28.16 5.0 31.05 6.71 59.08 13.45 60.21 15.13 8.6 6.08 9.49 31.32 0.0 6.32 12.81 8.94 43.93 42.58 38.21 21.38 13.34 25.18 38.33 36.06 62.29 18.44 53.46 20.02 10.63 5.0 11.0 18.11 20.0 30.15 25.32 10.44 45.71 51.09 42.19 46.69 4.47 60.13 
46.69 15.03 17.03 10.05 8.94 35.69 25.32 34.23 13.89 9.0 22.85 40.2 55.9 29.07 2.24 32.06 12.04 61.66 8.54 62.97 15.26 7.07 10.63 11.4 32.14 6.32 0.0 10.77 6.32 45.1 44.01 41.23 21.47 15.3 28.46 40.01 38.21 64.0 16.12 55.01 18.68 10.05 11.18 14.32 20.4 18.97 33.24 27.07 15.0 47.04 53.08 44.05 48.04 2.0 62.03 
37.95 5.83 15.3 20.62 19.7 27.31 15.0 25.3 11.18 19.42 33.62 30.0 47.13 19.1 12.53 22.09 13.15 52.63 18.03 54.12 25.94 4.24 11.18 21.4 22.02 12.81 10.77 0.0 4.47 35.01 34.13 33.11 32.2 8.6 21.4 30.41 29.12 54.15 26.68 45.1 29.41 3.0 17.0 10.44 12.81 29.73 25.55 18.03 13.15 37.05 43.57 34.53 38.05 11.66 52.35 
41.23 9.06 14.76 16.28 15.23 30.36 19.1 28.64 10.82 15.13 29.15 34.06 50.45 23.0 8.06 26.0 11.18 56.09 14.04 57.49 21.47 1.41 9.22 17.03 26.02 8.94 6.32 4.47 0.0 39.01 38.01 36.06 27.73 10.3 23.71 34.13 32.56 58.03 22.36 49.01 25.0 4.12 13.6 10.63 15.23 25.3 28.23 21.38 12.53 41.0 47.27 38.21 42.0 7.21 56.14 
11.05 30.07 34.93 55.15 53.46 14.14 20.02 13.04 34.48 54.08 67.08 5.1 16.4 16.03 46.27 13.04 38.9 20.0 53.0 22.02 59.03 38.05 38.33 53.37 13.0 43.93 45.1 35.01 39.01 0.0 2.24 13.93 65.31 30.59 21.63 6.4 9.9 19.24 61.2 10.2 63.51 35.06 45.22 33.24 25.96 63.64 17.69 18.68 35.11 2.24 10.0 5.1 3.16 45.28 17.72 
9.22 29.0 33.24 54.04 52.24 12.04 19.24 11.18 32.98 53.01 65.76 5.0 15.56 15.03 45.1 12.04 37.36 19.72 52.04 21.63 57.71 37.0 36.88 51.97 12.17 42.58 44.01 34.13 38.01 2.24 0.0 11.7 63.95 29.27 19.72 4.47 7.81 20.02 60.07 11.0 62.29 34.0 43.68 31.78 24.52 62.39 15.62 17.26 33.53 3.16 9.85 3.0 4.12 44.1 18.25 
6.32 27.31 27.02 50.8 48.37 5.83 20.52 8.49 28.16 50.01 61.01 14.0 15.0 16.28 41.77 14.42 32.02 21.02 49.73 22.02 53.04 34.79 32.14 47.01 15.26 38.21 41.23 33.11 36.06 13.93 11.7 0.0 59.0 25.96 13.04 9.0 6.32 26.0 56.57 18.6 58.22 31.95 38.01 27.29 20.88 58.14 8.06 15.26 28.02 13.89 14.76 8.94 14.42 40.79 23.41 
65.03 35.74 32.02 12.73 12.53 54.08 46.17 53.34 31.14 14.14 2.24 60.64 74.0 49.48 19.7 52.39 27.02 80.01 17.03 81.01 6.32 28.23 27.17 12.04 52.63 21.38 21.47 32.2 27.73 65.31 63.95 59.0 0.0 34.71 46.01 59.68 57.31 83.6 8.54 74.81 5.1 31.02 21.02 32.25 39.46 4.12 51.01 46.69 31.02 67.08 72.34 63.51 68.07 20.62 81.39 
31.4 4.0 8.25 25.08 23.02 20.4 12.21 19.03 5.0 24.19 36.5 25.96 40.61 14.87 16.03 17.72 9.22 46.39 23.77 47.68 28.44 8.94 8.06 22.8 18.03 13.34 15.3 8.6 10.3 30.59 29.27 25.96 34.71 0.0 13.42 25.08 23.02 49.09 31.02 40.2 33.06 6.4 15.26 3.61 5.1 33.14 18.03 12.04 6.71 32.39 38.0 29.02 33.38 15.03 47.01 
19.03 15.62 14.14 37.85 35.36 8.25 13.15 8.6 15.13 37.11 48.0 18.38 28.02 11.18 28.86 12.08 19.0 34.0 37.0 35.06 40.01 22.36 19.1 34.0 13.0 25.18 28.46 21.4 23.71 21.63 19.72 13.04 46.01 13.42 0.0 15.26 12.08 38.08 43.57 29.73 45.18 19.72 25.08 14.32 8.6 45.1 5.0 7.0 15.0 22.83 26.68 18.38 23.71 27.89 35.69 
9.22 25.08 28.79 50.0 48.09 7.81 15.81 6.71 28.64 49.01 61.52 5.0 17.49 11.4 41.01 8.54 32.98 22.47 48.17 24.17 53.46 33.06 32.56 47.68 8.94 38.33 40.01 30.41 34.13 6.4 4.47 9.0 59.68 25.08 15.26 0.0 3.61 24.02 56.01 15.13 58.14 30.07 39.29 27.46 20.22 58.22 11.31 13.04 29.12 7.62 13.15 4.12 8.54 40.01 22.02 
8.94 23.54 25.96 48.09 46.0 4.24 15.26 4.0 26.17 47.17 59.21 8.25 18.03 10.82 39.05 8.49 30.41 23.54 46.53 25.0 51.16 31.4 30.15 45.28 9.22 36.06 38.21 29.12 32.56 9.9 7.81 6.32 57.31 23.02 12.08 3.61 0.0 26.31 54.04 17.72 56.01 28.44 36.67 25.08 18.0 56.04 7.81 11.18 26.48 10.82 15.03 6.32 11.66 38.05 24.08 
19.7 49.01 52.17 74.01 72.11 29.83 39.2 30.27 52.47 73.0 85.48 24.33 13.45 35.06 65.03 32.06 56.72 9.49 72.06 11.18 77.41 57.01 56.44 71.57 32.14 62.29 64.0 54.15 58.03 19.24 20.02 26.0 83.6 49.09 38.08 24.02 26.31 0.0 80.02 9.06 82.15 54.01 62.97 51.35 44.18 82.22 33.24 37.05 52.77 17.12 11.4 20.1 16.12 64.03 2.83 
62.29 31.14 30.36 6.08 8.25 51.24 41.44 50.04 28.44 7.28 8.6 56.32 71.45 45.18 15.0 48.17 25.0 77.32 9.43 78.52 6.71 23.19 24.52 11.4 48.26 18.44 16.12 26.68 22.36 61.2 60.07 56.57 8.54 31.02 43.57 56.01 54.04 80.02 0.0 71.06 3.61 26.17 20.12 29.27 36.06 4.47 48.51 43.0 28.86 63.13 69.01 60.0 64.12 16.0 78.0 
12.73 40.0 43.68 65.03 63.2 21.54 30.15 21.59 43.74 64.01 76.66 15.3 11.0 26.02 56.08 23.02 48.05 11.66 63.03 13.89 68.59 48.0 47.68 62.8 23.09 53.46 55.01 45.1 49.01 10.2 11.0 18.6 74.81 40.2 29.73 15.13 17.72 9.06 71.06 0.0 73.25 45.0 54.34 42.58 35.36 73.33 25.08 28.16 44.15 8.06 4.47 11.4 7.07 55.08 7.62 
64.07 33.54 31.58 8.94 10.05 53.04 43.93 52.01 30.07 10.3 5.0 58.69 73.17 47.52 17.26 50.49 26.31 79.1 12.81 80.22 5.83 25.71 26.08 11.7 50.64 20.02 18.68 29.41 25.0 63.51 62.29 58.22 5.1 33.06 45.18 58.14 56.01 82.15 3.61 73.25 0.0 28.64 20.88 31.02 38.01 1.0 50.16 45.1 30.27 65.38 71.03 62.07 66.37 18.25 80.06 
37.11 5.0 12.37 20.1 18.68 26.25 15.3 24.52 8.25 19.03 32.57 30.15 46.32 19.03 11.4 22.02 10.2 51.97 18.11 53.37 24.7 3.0 8.25 19.72 22.09 10.63 10.05 3.0 4.12 35.06 34.0 31.95 31.02 6.4 19.72 30.07 28.44 54.01 26.17 45.0 28.64 0.0 14.42 7.62 11.18 28.86 24.17 17.26 10.2 37.01 43.19 34.13 38.01 10.44 52.09 
44.1 17.69 11.0 15.62 12.21 33.24 27.46 32.76 10.77 15.56 23.09 40.85 53.01 29.97 9.49 32.7 6.32 59.03 17.2 60.0 15.3 13.0 7.21 9.22 33.11 5.0 11.18 17.0 13.6 45.22 43.68 38.01 21.02 15.26 25.08 39.29 36.67 62.97 20.12 54.34 20.88 14.42 0.0 12.08 19.31 20.62 30.07 26.57 10.2 46.84 51.62 42.95 47.8 9.22 60.67 
33.06 7.28 5.0 23.54 21.1 22.02 15.62 21.1 1.41 22.8 34.13 28.79 42.19 17.89 14.56 20.62 5.83 48.09 22.85 49.25 26.08 9.22 5.1 20.22 21.02 11.0 14.32 10.44 10.63 33.24 31.78 27.29 32.25 3.61 14.32 27.46 25.08 51.35 29.27 42.58 31.02 7.62 12.08 0.0 7.28 31.0 19.24 14.56 3.16 34.93 40.11 31.26 35.9 13.6 49.16 
26.31 7.07 9.9 30.15 28.0 15.3 9.43 14.0 8.54 29.27 41.3 21.54 35.51 10.82 21.1 13.42 13.0 41.3 28.86 42.58 33.24 13.93 12.37 27.46 13.89 18.11 20.4 12.81 15.23 25.96 24.52 20.88 39.46 5.1 8.6 20.22 18.0 44.18 36.06 35.36 38.01 11.18 19.31 7.28 0.0 38.05 13.0 7.28 9.43 27.66 33.02 24.08 28.64 20.1 42.05 
64.03 33.73 31.4 9.43 10.2 53.01 44.15 52.04 30.02 10.82 4.24 58.86 73.11 47.68 17.46 50.64 26.17 79.06 13.45 80.16 5.39 25.96 26.02 11.4 50.8 20.0 18.97 29.73 25.3 63.64 62.39 58.14 4.12 33.14 45.1 58.22 56.04 82.22 4.47 73.33 1.0 28.86 20.62 31.0 38.05 0.0 50.09 45.18 30.15 65.49 71.06 62.13 66.48 18.44 80.1 
14.04 19.72 19.1 42.76 40.31 3.61 14.76 5.39 20.1 41.98 53.0 15.26 23.02 11.4 33.73 11.0 24.0 29.0 41.76 30.07 45.01 26.93 24.08 39.0 12.0 30.15 33.24 25.55 28.23 17.69 15.62 8.06 51.01 18.03 5.0 11.31 7.81 33.24 48.51 25.08 50.16 24.17 30.07 19.24 13.0 50.09 0.0 8.6 20.0 18.6 21.84 13.89 19.42 32.76 30.81 
19.92 12.37 16.64 37.01 35.06 9.43 6.32 7.28 15.81 36.06 48.51 14.32 29.12 4.47 28.0 6.4 20.25 34.71 35.36 36.14 40.45 20.22 19.65 34.71 7.07 25.32 27.07 18.03 21.38 18.68 17.26 15.26 46.69 12.04 7.0 13.04 11.18 37.05 43.0 28.16 45.1 17.26 26.57 14.56 7.28 45.18 8.6 0.0 16.55 20.4 26.02 17.0 21.38 27.0 35.0 
34.01 10.44 2.24 23.41 20.62 23.09 18.38 22.56 2.0 22.85 33.0 30.87 43.01 20.25 14.76 22.83 4.0 49.0 23.32 50.04 25.02 11.18 4.47 19.0 23.32 10.44 15.0 13.15 12.53 35.11 33.53 28.02 31.02 6.71 15.0 29.12 26.48 52.77 28.86 44.15 30.27 10.2 10.2 3.16 9.43 30.15 20.0 16.55 0.0 36.69 41.44 32.76 37.64 13.89 50.49 
10.05 32.02 36.4 57.08 55.33 15.0 22.09 14.32 36.14 56.04 68.88 7.28 14.42 18.0 48.17 15.0 40.52 17.8 55.01 19.85 60.83 40.01 40.02 55.11 15.03 45.71 47.04 37.05 41.0 2.24 3.16 13.89 67.08 32.39 22.83 7.62 10.82 17.12 63.13 8.06 65.38 37.01 46.84 34.93 27.66 65.49 18.6 20.4 36.69 0.0 7.81 5.0 1.0 47.17 15.52 
8.6 38.21 40.79 63.03 61.01 18.44 28.86 19.03 41.19 62.07 74.24 14.76 7.28 24.52 54.01 21.59 45.4 10.0 61.29 12.04 66.19 46.17 45.18 60.3 21.84 51.09 53.08 43.57 47.27 10.0 9.85 14.76 72.34 38.0 26.68 13.15 15.03 11.4 69.01 4.47 71.03 43.19 51.62 40.11 33.02 71.06 21.84 26.02 41.44 7.81 0.0 9.06 7.07 53.01 9.06 
6.32 29.15 32.28 54.01 52.04 10.3 19.92 10.2 32.39 53.04 65.38 7.21 13.6 15.52 45.0 12.65 36.67 18.38 52.24 20.12 57.31 37.12 36.35 51.48 13.0 42.19 44.05 34.53 38.21 5.1 3.0 8.94 63.51 29.02 18.38 4.12 6.32 20.1 60.0 11.4 62.07 34.13 42.95 31.26 24.08 62.13 13.89 17.0 32.76 5.0 9.06 0.0 5.66 44.0 18.0 
10.2 33.02 37.34 58.08 56.32 15.81 23.09 15.23 37.11 57.04 69.87 8.25 13.89 19.0 49.16 16.0 41.48 17.03 56.01 19.1 61.81 41.01 41.0 56.09 16.03 46.69 48.04 38.05 42.0 3.16 4.12 14.42 68.07 33.38 23.71 8.54 11.66 16.12 64.12 7.07 66.37 38.01 47.8 35.9 28.64 66.48 19.42 21.38 37.64 1.0 7.07 5.66 0.0 48.17 14.56 
46.39 15.3 15.81 10.05 8.25 35.36 25.71 34.06 13.0 9.22 22.14 40.45 55.58 29.27 1.0 32.25 10.63 61.4 9.43 62.65 14.32 7.62 9.43 9.9 32.39 4.47 2.0 11.66 7.21 45.28 44.1 40.79 20.62 15.03 27.89 40.01 38.05 64.03 16.0 55.08 18.25 10.44 9.22 13.6 20.1 18.44 32.76 27.0 13.89 47.17 53.01 44.0 48.17 0.0 62.0 
17.09 47.1 49.82 72.01 70.03 27.46 37.48 28.07 50.25 71.03 83.29 22.8 10.63 33.24 63.0 30.27 54.45 7.07 70.18 9.0 75.24 55.08 54.23 69.35 30.41 60.13 62.03 52.35 56.14 17.72 18.25 23.41 81.39 47.01 35.69 22.02 24.08 2.83 78.0 7.62 80.06 52.09 60.67 49.16 42.05 80.1 30.81 35.0 50.49 15.52 9.06 18.0 14.56 62.0 0.0 
