35
0.0 4.0 21.1 34.83 26.57 8.6 15.81 23.09 30.59 4.24 17.69 4.12 29.41 11.18 26.0 5.83 15.13 6.71 21.1 11.18 24.74 19.72 7.28 31.26 32.02 32.45 14.87 10.0 17.0 18.68 23.02 34.41 21.84 26.02 2.24 
4.0 0.0 25.08 38.01 30.36 11.4 19.65 24.6 34.53 3.16 20.81 8.06 33.24 11.18 29.73 3.16 19.1 9.22 25.08 11.18 24.08 23.26 9.22 35.23 35.9 35.85 18.68 12.81 19.21 22.56 25.5 37.74 21.1 30.02 5.39 
21.1 25.08 0.0 24.74 8.06 16.76 6.71 27.78 9.85 24.52 16.12 17.03 13.04 26.42 12.37 26.02 6.0 18.44 4.0 24.7 37.48 8.94 21.02 11.66 14.14 20.88 9.9 18.03 21.4 4.24 22.47 23.09 35.47 5.83 20.4 
34.83 38.01 24.74 0.0 31.06 36.4 29.55 20.0 28.16 35.51 17.2 32.53 13.04 31.02 12.37 40.61 26.83 36.88 20.88 43.93 33.06 33.53 29.15 18.44 14.56 4.0 21.4 25.24 20.25 28.46 14.32 2.24 33.02 21.02 32.8 
26.57 30.36 8.06 31.06 0.0 20.1 10.77 35.85 5.83 30.46 24.19 22.47 18.25 33.6 19.03 30.59 12.21 22.2 11.7 27.07 45.28 8.06 28.02 14.32 18.03 27.07 17.8 25.5 29.41 8.06 30.46 29.15 43.14 10.05 26.4 
8.6 11.4 16.76 36.4 20.1 0.0 10.2 29.07 25.02 12.81 20.62 6.08 28.02 19.31 25.5 10.77 11.18 2.24 18.36 8.06 32.89 12.37 14.32 28.23 30.02 33.3 15.0 15.03 22.2 13.15 27.2 35.47 30.08 22.47 9.85 
15.81 19.65 6.71 29.55 10.77 10.2 0.0 28.16 15.03 19.7 17.12 11.7 19.1 23.35 17.49 20.1 3.0 12.04 9.22 18.03 35.81 5.39 17.69 18.36 20.62 25.94 10.05 15.81 21.19 3.0 24.08 28.18 33.42 12.53 15.65 
23.09 24.6 27.78 20.0 35.85 29.07 28.16 0.0 36.24 21.47 11.66 23.19 24.7 14.21 20.81 27.73 25.3 28.28 24.41 34.21 13.15 33.53 15.81 30.0 27.78 20.4 18.38 14.04 7.07 29.15 6.71 21.1 13.04 28.32 20.88 
30.59 34.53 9.85 28.16 5.83 25.02 15.03 36.24 0.0 34.21 24.76 26.48 15.13 36.24 17.09 35.13 15.52 27.0 12.04 32.39 46.86 13.6 30.87 10.05 14.04 24.19 19.42 27.78 30.41 12.04 30.23 26.08 45.0 8.06 30.08 
4.24 3.16 24.52 35.51 30.46 12.81 19.7 21.47 34.21 0.0 18.36 8.06 31.58 8.06 27.89 6.32 18.68 10.82 24.02 14.04 21.21 23.85 6.4 34.01 34.37 33.54 17.12 10.3 16.28 22.47 22.63 35.36 18.25 29.07 4.12 
17.69 20.81 16.12 17.2 24.19 20.62 17.12 11.66 24.76 18.36 0.0 15.81 15.3 15.03 11.18 23.43 14.14 20.59 12.81 27.46 22.47 22.36 12.08 19.7 18.44 15.23 7.07 8.06 5.83 17.72 7.0 17.0 21.02 17.03 15.62 
4.12 8.06 17.03 32.53 22.47 6.08 11.7 23.19 26.48 8.06 15.81 0.0 26.0 13.42 22.83 9.22 11.05 5.1 17.26 11.66 26.93 15.81 8.25 27.46 28.46 29.83 11.66 9.22 16.49 14.56 21.93 31.89 24.17 22.09 4.24 
29.41 33.24 13.04 13.04 18.25 28.02 19.1 24.7 15.13 31.58 15.3 26.0 0.0 30.07 4.12 35.11 17.03 29.15 9.9 36.06 37.16 21.95 26.08 5.83 3.16 9.06 14.56 22.02 20.88 17.2 18.03 11.0 36.06 8.25 27.89 
11.18 11.18 26.42 31.02 33.6 19.31 23.35 14.21 36.24 8.06 15.03 13.42 30.07 0.0 26.02 14.32 21.4 17.72 24.7 22.0 13.6 28.32 5.66 33.73 33.14 29.83 17.09 8.54 10.77 25.61 17.0 31.32 10.77 29.73 9.49 
26.0 29.73 12.37 12.37 19.03 25.5 17.49 20.81 17.09 27.89 11.18 22.83 4.12 26.02 0.0 31.78 15.0 26.4 8.54 33.42 33.11 21.19 22.2 9.22 7.28 8.54 11.18 18.11 16.76 16.16 14.21 10.77 31.95 9.22 24.35 
5.83 3.16 26.02 40.61 30.59 10.77 20.1 27.73 35.13 6.32 23.43 9.22 35.11 14.32 31.78 0.0 20.02 8.54 26.48 8.54 27.02 23.09 12.21 36.67 37.64 38.28 20.62 15.56 22.2 23.09 28.43 40.22 24.02 31.26 7.81 
15.13 19.1 6.0 26.83 12.21 11.18 3.0 25.3 15.52 18.68 14.14 11.05 17.03 21.4 15.0 20.02 0.0 12.65 7.21 19.24 33.42 8.25 15.81 17.09 18.87 23.32 7.07 13.45 18.38 4.24 21.1 25.55 31.14 11.4 14.56 
6.71 9.22 18.44 36.88 22.2 2.24 12.04 28.28 27.0 10.82 20.59 5.1 29.15 17.72 26.4 8.54 12.65 0.0 19.7 7.07 31.32 14.56 13.04 29.73 31.3 33.94 15.56 14.32 21.59 15.03 26.93 36.07 28.46 24.04 8.25 
21.1 25.08 4.0 20.88 11.7 18.36 9.22 24.41 12.04 24.02 12.81 17.26 9.9 24.7 8.54 26.48 7.21 19.7 0.0 26.42 34.83 12.65 19.65 10.2 11.66 17.09 7.62 16.16 18.38 7.62 18.79 19.31 33.02 5.1 20.0 
11.18 11.18 24.7 43.93 27.07 8.06 18.03 34.21 32.39 14.04 27.46 11.66 36.06 22.0 33.42 8.54 19.24 7.07 26.42 0.0 35.23 19.03 18.44 36.25 38.08 41.01 22.63 20.62 27.86 20.88 33.54 43.14 32.25 30.46 13.34 
24.74 24.08 37.48 33.06 45.28 32.89 35.81 13.15 46.86 21.21 22.47 26.93 37.16 13.6 33.11 27.02 33.42 31.32 34.83 35.23 0.0 41.05 18.79 42.06 40.31 33.54 27.59 20.0 16.64 37.64 19.65 34.23 3.0 39.41 23.09 
19.72 23.26 8.94 33.53 8.06 12.37 5.39 33.53 13.6 23.85 22.36 15.81 21.95 28.32 21.19 23.09 8.25 14.56 12.65 19.03 41.05 0.0 22.67 19.8 22.8 29.73 15.3 21.1 26.57 5.1 29.27 31.95 38.6 14.21 20.0 
7.28 9.22 21.02 29.15 28.02 14.32 17.69 15.81 30.87 6.4 12.08 8.25 26.08 5.66 22.2 12.21 15.81 13.04 19.65 18.44 18.79 22.67 0.0 29.15 29.02 27.31 12.17 4.12 10.0 20.0 16.28 29.07 16.12 24.74 5.1 
31.26 35.23 11.66 18.44 14.32 28.23 18.36 30.0 10.05 34.01 19.7 27.46 5.83 33.73 9.22 36.67 17.09 29.73 10.2 36.25 42.06 19.8 29.15 0.0 4.0 14.56 17.03 25.32 25.5 15.81 23.43 16.28 40.72 5.83 30.07 
32.02 35.9 14.14 14.56 18.03 30.02 20.62 27.78 14.04 34.37 18.44 28.46 3.16 33.14 7.28 37.64 18.87 31.3 11.66 38.08 40.31 22.8 29.02 4.0 0.0 10.77 17.26 25.0 24.04 18.38 21.1 12.37 39.22 8.6 30.59 
32.45 35.85 20.88 4.0 27.07 33.3 25.94 20.4 24.19 33.54 15.23 29.83 9.06 29.83 8.54 38.28 23.32 33.94 17.09 41.01 33.54 29.73 27.31 14.56 10.77 0.0 18.38 23.26 19.24 24.7 14.04 2.24 33.14 17.03 30.53 
14.87 18.68 9.9 21.4 17.8 15.0 10.05 18.38 19.42 17.12 7.07 11.66 14.56 17.09 11.18 20.62 7.07 15.56 7.62 22.63 27.59 15.3 12.17 17.03 17.26 18.38 0.0 8.54 11.66 10.77 14.04 20.52 25.61 12.65 13.34 
10.0 12.81 18.03 25.24 25.5 15.03 15.81 14.04 27.78 10.3 8.06 9.22 22.02 8.54 18.11 15.56 13.45 14.32 16.16 20.62 20.0 21.1 4.12 25.32 25.0 23.26 8.54 0.0 7.28 17.69 13.04 25.06 17.69 21.19 7.81 
17.0 19.21 21.4 20.25 29.41 22.2 21.19 7.07 30.41 16.28 5.83 16.49 20.88 10.77 16.76 22.2 18.38 21.59 18.38 27.86 16.64 26.57 10.0 25.5 24.04 19.24 11.66 7.28 0.0 22.36 6.4 20.62 15.23 22.8 14.76 
18.68 22.56 4.24 28.46 8.06 13.15 3.0 29.15 12.04 22.47 17.72 14.56 17.2 25.61 16.16 23.09 4.24 15.03 7.62 20.88 37.64 5.1 20.0 15.81 18.38 24.7 10.77 17.69 22.36 0.0 24.52 26.93 35.38 10.0 18.38 
23.02 25.5 22.47 14.32 30.46 27.2 24.08 6.71 30.23 22.63 7.0 21.93 18.03 17.0 14.21 28.43 21.1 26.93 18.79 33.54 19.65 29.27 16.28 23.43 21.1 14.04 14.04 13.04 6.4 24.52 0.0 15.03 19.1 22.2 20.81 
34.41 37.74 23.09 2.24 29.15 35.47 28.18 21.1 26.08 35.36 17.0 31.89 11.0 31.32 10.77 40.22 25.55 36.07 19.31 43.14 34.23 31.95 29.07 16.28 12.37 2.24 20.52 25.06 20.62 26.93 15.03 0.0 34.01 19.1 32.45 
21.84 21.1 35.47 33.02 43.14 30.08 33.42 13.04 45.0 18.25 21.02 24.17 36.06 10.77 31.95 24.02 31.14 28.46 33.02 32.25 3.0 38.6 16.12 40.72 39.22 33.14 25.61 17.69 15.23 35.38 19.1 34.01 0.0 37.74 20.25 
26.02 30.02 5.83 21.02 10.05 22.47 12.53 28.32 8.06 29.07 17.03 22.09 8.25 29.73 9.22 31.26 11.4 24.04 5.1 30.46 39.41 14.21 24.74 5.83 8.6 17.03 12.65 21.19 22.8 10.0 22.2 19.1 37.74 0.0 25.02 
2.24 5.39 20.4 32.8 26.4 9.85 15.65 20.88 30.08 4.12 15.62 4.24 27.89 9.49 24.35 7.81 14.56 8.25 20.0 13.34 23.09 20.0 5.1 30.07 30.59 30.53 13.34 7.81 14.76 18.38 20.81 32.45 20.25 25.02 0.0 
