85
0.0 6.71 8.06 15.3 68.26 20.0 64.13 5.66 40.31 77.52 12.17 86.05 23.71 40.01 13.42 29.61 47.93 43.42 82.38 82.02 65.19 9.06 30.02 48.7 39.62 9.22 30.08 27.46 13.15 19.0 25.32 5.1 31.26 16.55 58.08 20.88 33.02 27.51 39.29 74.24 59.81 59.01 14.14 63.06 87.01 35.61 40.2 76.69 73.38 46.4 87.21 67.23 31.24 4.12 47.68 27.89 28.64 32.65 19.92 11.66 65.92 44.91 60.02 17.03 57.38 7.0 78.26 28.43 6.71 53.24 58.08 50.48 6.08 88.65 34.13 56.04 78.0 38.08 28.64 55.73 24.0 21.02 59.41 22.09 26.4 
6.71 0.0 4.47 20.12 66.1 26.63 62.64 12.21 38.6 75.5 9.85 83.05 30.41 37.66 18.25 26.0 48.02 42.54 80.78 79.1 64.85 7.81 36.72 48.3 42.44 7.21 35.36 24.02 10.77 25.18 22.09 5.39 29.73 23.26 55.73 23.0 34.66 32.65 38.48 72.01 59.48 56.44 13.6 62.03 84.29 38.95 37.05 76.48 72.62 48.08 84.0 67.12 34.48 10.77 44.05 27.29 25.0 35.85 20.0 5.0 65.76 43.66 58.52 23.35 57.31 13.34 76.66 30.61 13.42 51.2 55.08 51.74 7.62 87.09 40.0 53.6 75.24 39.05 31.0 52.09 21.84 27.29 57.49 26.25 31.91 
8.06 4.47 0.0 23.09 61.81 27.59 58.24 13.6 34.21 71.2 5.39 79.01 30.81 33.38 16.03 22.09 43.57 38.08 76.4 75.03 60.37 3.61 37.2 43.83 38.59 2.83 38.08 20.02 6.32 24.04 18.0 3.61 25.3 23.6 51.48 27.07 30.48 35.47 34.01 67.74 55.01 52.24 18.03 57.58 80.16 35.34 33.0 72.01 68.15 43.86 80.02 62.65 30.87 11.31 40.2 22.83 21.1 32.2 15.62 6.08 61.29 39.22 54.12 25.0 52.84 13.04 72.28 26.63 14.14 46.87 51.01 47.42 5.1 82.71 42.19 49.37 71.11 34.71 35.06 48.26 17.46 26.25 53.15 29.61 34.44 
15.3 20.12 23.09 0.0 83.05 13.34 78.52 11.05 55.04 92.2 27.46 101.18 18.44 55.04 22.85 44.91 61.13 57.56 96.75 97.13 78.59 24.33 23.0 62.37 49.4 24.52 15.26 42.76 28.44 21.93 40.61 20.4 46.01 14.42 73.0 10.3 44.94 12.53 53.46 89.05 73.25 74.03 13.93 77.1 102.02 44.65 55.44 89.84 87.1 57.7 102.4 80.36 40.82 14.04 62.97 42.19 43.93 42.19 34.13 24.7 79.12 59.3 74.43 8.25 70.6 15.52 92.66 39.92 12.37 68.03 73.25 62.24 21.1 102.96 20.52 71.01 93.05 50.6 15.81 71.02 39.12 22.8 74.11 7.07 12.04 
68.26 66.1 61.81 83.05 0.0 80.62 7.81 72.03 28.02 9.49 56.57 20.12 80.41 28.44 62.29 40.8 27.29 26.48 15.81 16.12 18.38 59.41 85.38 24.17 47.01 59.54 96.13 42.45 55.58 69.23 44.15 63.39 37.05 75.54 10.44 88.81 43.01 94.05 30.27 6.0 19.21 10.3 79.62 12.21 19.65 50.99 29.73 23.19 16.12 38.01 22.47 20.88 51.26 69.03 25.24 41.01 41.76 50.7 49.0 64.03 20.25 24.19 10.3 81.15 21.93 68.01 12.04 47.54 71.0 15.03 13.45 34.06 62.2 21.95 97.74 12.65 11.66 37.34 96.75 19.85 44.41 70.61 9.06 90.09 92.14 
20.0 26.63 27.59 13.34 80.62 0.0 75.11 14.42 53.15 89.27 30.0 99.82 5.1 54.12 18.44 46.53 56.08 54.23 93.01 95.71 73.33 27.02 10.44 58.0 41.11 27.66 16.76 44.29 30.81 12.37 42.06 24.04 44.64 5.1 71.2 23.41 39.12 15.65 50.36 86.58 68.18 72.57 26.08 73.0 100.13 36.06 55.71 84.01 82.22 50.45 101.41 74.67 32.98 16.28 63.69 40.02 45.65 34.21 32.57 31.62 73.55 56.44 71.18 5.1 65.28 15.0 89.02 34.06 13.45 65.92 72.53 55.32 23.43 99.01 17.12 69.43 91.41 45.1 27.2 71.51 39.4 12.08 71.57 17.2 13.0 
64.13 62.64 58.24 78.52 7.81 75.11 0.0 67.48 24.04 14.32 52.89 27.46 74.55 25.5 57.0 38.47 20.25 21.02 18.25 23.6 11.18 55.54 79.25 17.46 39.81 55.79 91.01 39.81 51.92 63.39 41.23 59.44 32.98 70.06 10.3 84.93 36.67 89.05 25.08 12.53 11.4 11.7 76.24 4.47 26.4 44.01 28.02 18.79 12.21 30.53 30.0 14.04 44.64 64.5 25.61 36.35 39.36 43.97 44.41 61.1 13.15 19.24 4.12 76.01 14.14 63.2 14.14 41.44 66.27 12.21 15.81 26.4 58.05 24.52 92.2 12.21 19.21 30.81 92.76 22.47 40.8 64.63 6.4 85.59 87.01 
5.66 12.21 13.6 11.05 72.03 14.42 67.48 0.0 44.01 81.15 17.09 90.27 18.38 44.1 12.81 34.48 50.29 46.53 85.71 86.21 67.72 13.93 24.6 51.42 39.82 14.32 25.0 32.28 18.03 15.52 30.08 10.3 35.0 11.4 62.01 18.87 34.44 22.56 42.43 78.03 62.36 63.07 15.23 66.1 91.05 35.38 44.72 79.06 76.16 47.51 91.55 69.57 31.24 3.0 52.39 31.14 33.53 32.65 23.09 17.2 68.31 48.26 63.39 11.4 59.77 5.0 81.61 29.53 2.24 57.01 62.39 51.88 10.44 91.92 28.65 60.03 82.1 39.92 26.0 60.42 28.28 17.26 63.07 18.11 21.19 
40.31 38.6 34.21 55.04 28.02 53.15 24.04 44.01 0.0 37.22 28.86 46.69 53.45 4.0 34.71 15.56 14.56 6.32 42.2 42.58 27.66 31.58 58.87 12.53 27.29 31.78 68.26 16.4 27.89 42.38 17.49 35.51 9.06 48.05 18.11 61.0 19.1 66.12 5.39 34.01 22.63 19.42 52.2 23.71 47.17 29.21 9.0 39.2 34.48 23.19 48.27 30.41 27.59 41.01 14.76 13.15 16.28 27.59 21.02 37.16 29.0 5.66 19.92 53.34 21.4 40.05 38.08 22.2 43.01 13.0 19.7 23.09 34.23 48.51 70.21 16.28 38.33 15.65 68.88 20.52 16.76 44.01 19.1 62.07 64.28 
77.52 75.5 71.2 92.2 9.49 89.27 14.32 81.15 37.22 0.0 65.92 15.0 88.81 37.85 71.06 50.29 34.48 35.06 7.21 12.08 21.26 68.73 93.56 31.78 53.85 68.88 105.02 51.92 64.94 77.65 53.6 72.69 46.27 84.21 19.92 98.15 50.99 103.0 39.01 4.24 24.19 19.7 89.05 17.46 12.81 58.19 39.22 20.88 14.76 44.28 18.03 22.67 58.94 78.16 34.48 50.04 51.24 58.24 58.08 73.5 22.63 33.0 18.11 90.02 27.29 77.03 5.0 55.73 80.06 24.33 22.47 39.82 71.45 12.81 106.38 22.14 9.06 45.12 106.07 28.43 53.76 78.92 18.11 99.25 101.02 
12.17 9.85 5.39 27.46 56.57 30.0 52.89 17.09 28.86 65.92 0.0 74.01 32.53 28.16 15.23 17.46 38.28 32.7 71.06 70.0 55.01 3.16 38.9 38.47 34.44 3.0 42.06 15.3 1.0 24.19 13.15 7.07 19.92 25.5 46.27 32.25 25.81 39.56 28.64 62.51 49.65 47.1 23.41 52.2 75.06 31.62 28.07 66.65 62.77 39.05 75.11 57.31 27.2 14.32 35.51 17.49 16.49 28.46 10.63 10.0 55.95 33.84 48.76 28.18 47.51 15.0 66.94 22.36 17.0 41.59 46.01 42.43 6.71 77.37 45.62 44.18 66.03 29.7 40.2 43.57 12.17 26.42 47.85 34.23 38.28 
86.05 83.05 79.01 101.18 20.12 99.82 27.46 90.27 46.69 15.0 74.01 0.0 99.92 46.17 81.39 57.08 47.41 46.17 18.68 4.12 36.07 77.03 105.08 44.28 67.12 77.01 114.86 59.03 73.01 88.77 61.01 81.02 55.44 94.73 28.64 106.04 62.97 112.64 49.73 15.0 38.42 27.29 96.25 31.4 4.12 71.11 46.01 35.34 29.68 57.98 3.16 37.64 71.31 87.28 39.32 59.84 58.08 70.77 67.6 80.31 37.54 43.68 30.41 99.98 41.4 86.58 19.24 67.36 89.45 33.96 28.0 53.82 80.1 20.02 116.9 30.41 8.54 57.38 114.04 31.58 62.07 90.25 28.79 108.12 110.89 
23.71 30.41 30.81 18.44 80.41 5.1 74.55 18.38 53.45 88.81 32.53 99.92 0.0 54.78 19.24 48.26 55.04 53.94 92.2 95.8 72.03 29.73 6.4 57.22 38.83 30.48 19.72 46.04 33.24 11.18 43.83 27.2 45.31 7.21 71.31 28.46 38.05 19.21 50.22 86.31 67.0 72.8 31.02 72.17 100.02 33.73 56.8 82.39 81.01 48.51 101.65 73.17 31.14 19.72 64.85 40.5 47.43 32.25 33.54 35.36 72.11 56.29 70.71 10.2 64.01 17.8 88.28 33.14 17.0 65.97 73.05 53.46 26.25 98.08 18.25 69.64 91.44 44.05 31.91 72.5 40.82 10.0 71.39 21.95 16.4 
40.01 37.66 33.38 55.04 28.44 54.12 25.5 44.1 4.0 37.85 28.16 46.17 54.78 0.0 35.74 13.04 18.44 10.2 43.32 42.11 30.41 31.06 60.42 16.16 30.87 31.14 68.73 14.32 27.17 43.86 15.81 35.06 9.49 49.04 18.11 60.41 22.2 66.48 9.22 34.37 25.61 19.0 51.2 25.81 47.0 32.45 5.0 41.77 36.62 27.17 47.52 33.3 30.48 41.11 11.4 14.32 13.89 30.61 21.59 35.74 31.89 8.94 21.47 53.94 24.7 40.45 39.22 24.76 43.29 13.6 18.44 27.07 34.0 49.65 71.06 16.03 38.01 19.31 68.36 18.03 16.03 45.62 19.92 62.01 64.78 
13.42 18.25 16.03 22.85 62.29 18.44 57.0 12.81 34.71 71.06 15.23 81.39 19.24 35.74 0.0 29.21 38.64 36.01 75.06 77.28 56.09 13.34 25.24 40.2 27.02 14.32 34.01 27.02 15.65 9.22 24.84 13.04 26.25 13.34 52.77 31.62 22.14 32.14 32.06 68.26 50.8 54.13 27.2 55.15 81.74 22.63 37.58 67.19 64.78 34.89 82.98 57.72 18.44 10.63 45.62 21.59 28.43 19.85 14.32 22.0 56.52 38.12 53.01 19.03 48.05 7.81 71.03 17.09 10.82 47.52 54.12 39.4 11.0 81.15 35.51 50.99 72.99 27.89 38.47 53.31 21.63 11.4 53.24 29.73 30.02 
29.61 26.0 22.09 44.91 40.8 46.53 38.47 34.48 15.56 50.29 17.46 57.08 48.26 13.04 29.21 0.0 29.15 21.4 56.08 53.15 43.19 20.62 54.41 27.8 35.06 20.4 59.48 2.24 16.49 38.29 4.47 24.52 10.2 41.68 30.36 49.0 25.08 57.01 18.36 46.57 38.18 30.81 39.2 38.83 58.42 34.71 11.18 54.67 49.65 34.93 58.0 45.97 31.32 31.62 18.11 13.15 1.0 32.02 15.62 23.35 44.55 21.21 34.48 45.31 36.88 31.78 52.0 25.0 34.18 26.4 29.15 36.4 24.04 62.39 62.77 28.16 49.37 25.32 57.0 26.17 7.81 40.36 32.7 51.62 55.66 
47.93 48.02 43.57 61.13 27.29 56.08 20.25 50.29 14.56 34.48 38.28 47.41 55.04 18.44 38.64 29.15 0.0 8.25 37.22 43.42 17.46 40.31 59.41 3.61 19.72 40.82 72.44 29.41 37.44 44.0 29.83 43.83 19.85 51.16 21.26 68.71 17.0 70.71 10.82 32.7 12.17 23.43 61.29 17.26 46.62 23.77 23.35 28.79 26.17 11.4 49.74 19.31 24.52 47.43 27.17 20.81 29.68 23.77 28.18 47.8 18.03 10.0 17.0 57.56 9.49 45.61 33.38 22.02 48.76 16.64 26.08 9.22 42.05 43.05 73.01 20.81 38.95 11.0 76.22 30.08 27.59 45.04 19.21 68.15 68.47 
43.42 42.54 38.08 57.56 26.48 54.23 21.02 46.53 6.32 35.06 32.7 46.17 53.94 10.2 36.01 21.4 8.25 0.0 39.2 42.06 22.47 35.11 58.94 6.4 23.43 35.47 70.0 21.93 31.78 42.76 22.67 38.9 13.04 49.16 17.89 64.29 17.0 68.03 4.12 32.39 17.2 19.72 56.08 19.65 46.1 26.25 15.13 34.13 30.08 17.72 48.1 25.0 25.55 43.57 19.65 15.52 22.02 25.24 23.54 41.68 23.6 2.83 17.0 55.0 15.56 42.19 35.13 21.19 45.28 12.53 21.26 17.0 37.36 45.4 71.34 16.64 37.64 12.04 72.03 23.85 21.1 44.15 17.46 64.63 66.0 
82.38 80.78 76.4 96.75 15.81 93.01 18.25 85.71 42.2 7.21 71.06 18.68 92.2 43.32 75.06 56.08 37.22 39.2 0.0 17.03 21.54 73.76 96.63 35.01 55.79 73.98 109.07 57.58 70.09 81.1 59.14 77.67 51.2 88.0 25.94 103.16 54.15 107.17 43.29 11.4 25.71 26.08 94.37 20.02 15.23 60.42 45.19 17.2 13.04 45.88 21.84 21.95 61.66 82.73 41.05 54.59 57.01 60.83 62.65 79.06 22.36 37.48 22.36 94.09 28.86 81.39 4.12 59.08 84.48 29.73 29.21 41.11 76.3 6.32 110.04 28.18 15.3 48.17 111.0 35.38 58.94 82.22 23.41 103.82 105.08 
82.02 79.1 75.03 97.13 16.12 95.71 23.6 86.21 42.58 12.08 70.0 4.12 95.8 42.11 77.28 53.15 43.42 42.06 17.03 0.0 32.65 73.01 100.96 40.25 63.13 73.0 110.77 55.08 69.0 84.65 57.04 77.01 51.35 90.61 24.52 102.08 58.87 108.56 45.61 11.31 34.71 23.19 92.35 27.66 5.83 67.08 42.05 32.89 26.83 54.08 6.4 34.41 67.23 83.22 35.51 55.73 54.15 66.71 63.51 76.42 34.21 39.56 26.42 95.89 37.64 82.49 16.76 63.25 85.38 29.83 24.02 50.0 76.06 19.65 112.79 26.31 4.47 53.31 110.07 27.89 58.03 86.13 24.7 104.08 106.79 
65.19 64.85 60.37 78.59 18.38 73.33 11.18 67.72 27.66 21.26 55.01 36.07 72.03 30.41 56.09 43.19 17.46 22.47 21.54 32.65 0.0 57.27 76.06 16.55 34.53 57.7 89.81 44.05 54.12 61.13 45.0 60.93 35.51 68.47 20.22 86.03 34.23 88.12 26.42 21.4 5.39 22.09 78.29 7.0 34.06 39.32 34.21 11.66 9.06 24.52 38.95 3.16 41.01 64.85 34.01 37.58 43.93 40.05 45.31 64.14 2.0 22.02 12.17 74.97 8.06 63.06 18.36 39.32 66.22 19.7 26.17 19.65 59.24 26.68 90.14 21.59 28.6 28.28 93.61 32.56 43.57 62.03 16.12 85.62 85.84 
9.06 7.81 3.61 24.33 59.41 27.02 55.54 13.93 31.58 68.73 3.16 77.03 29.73 31.06 13.34 20.62 40.31 35.11 73.76 73.01 57.27 0.0 36.12 40.72 34.99 1.0 38.9 18.44 4.12 21.93 16.28 4.0 22.56 22.63 49.16 29.43 26.91 36.4 31.02 65.38 51.89 50.04 21.02 54.71 78.03 31.78 31.14 68.88 65.19 40.31 78.16 59.48 27.31 11.18 38.64 19.7 19.65 28.64 12.21 9.49 58.14 36.4 51.42 25.06 49.65 12.04 69.63 23.02 13.89 44.41 49.04 43.93 3.61 80.05 42.49 47.1 69.01 31.24 37.34 46.69 15.03 24.17 50.64 31.14 35.11 
30.02 36.72 37.2 23.0 85.38 10.44 79.25 24.6 58.87 93.56 38.9 105.08 6.4 60.42 25.24 54.41 59.41 58.94 96.63 100.96 76.06 36.12 0.0 61.81 42.11 36.88 19.85 52.2 39.6 16.55 50.0 33.6 50.99 13.6 76.54 32.39 42.58 20.25 55.36 91.22 71.18 78.11 36.35 76.66 105.02 37.05 62.65 86.05 85.09 52.04 106.9 77.0 35.06 26.08 70.71 46.1 53.6 36.01 39.45 41.68 76.01 61.4 75.5 15.13 68.12 24.21 92.78 37.85 23.32 71.17 78.55 57.04 32.65 102.4 16.12 74.95 96.57 48.51 34.54 78.26 46.87 14.87 76.4 25.0 17.49 
48.7 48.3 43.83 62.37 24.17 58.0 17.46 51.42 12.53 31.78 38.47 44.28 57.22 16.16 40.2 27.8 3.61 6.4 35.01 40.25 16.55 40.72 61.81 0.0 23.02 41.15 74.17 28.32 37.59 46.1 29.0 44.38 19.21 53.01 17.69 69.57 19.24 72.34 10.0 29.73 11.18 19.85 61.74 15.0 43.66 26.83 20.88 28.18 24.74 15.0 46.53 18.87 27.2 48.51 24.02 21.02 28.43 26.57 28.79 47.71 17.49 7.28 13.93 59.21 9.22 46.87 31.06 24.08 50.01 13.04 22.47 12.65 42.72 41.01 75.03 17.2 35.78 13.34 77.2 26.57 27.2 47.27 15.81 69.43 70.18 
39.62 42.44 38.59 49.4 47.01 41.11 39.81 39.82 27.29 53.85 34.44 67.12 38.83 30.87 27.02 35.06 19.72 23.43 55.79 63.13 34.53 34.99 42.11 23.02 0.0 35.85 57.87 34.0 34.01 28.79 33.06 37.2 25.32 36.77 40.46 58.6 10.0 56.65 21.95 52.33 30.08 42.52 53.76 36.4 66.21 5.1 35.47 44.0 43.57 10.05 69.46 35.13 8.6 37.54 42.06 22.0 35.01 7.21 24.35 44.29 34.23 26.25 36.72 43.86 26.93 34.83 52.2 12.08 37.8 35.38 44.55 15.03 35.0 61.19 57.07 39.62 58.67 11.66 65.19 47.2 29.15 29.12 38.83 55.95 54.08 
9.22 7.21 2.83 24.52 59.54 27.66 55.79 14.32 31.78 68.88 3.0 77.01 30.48 31.14 14.32 20.4 40.82 35.47 73.98 73.0 57.7 1.0 36.88 41.15 35.85 0.0 39.22 18.25 4.0 22.85 16.12 4.12 22.8 23.35 49.25 29.27 27.66 36.69 31.38 65.49 52.33 50.09 20.62 55.03 78.06 32.7 31.06 69.32 65.55 41.04 78.1 59.94 28.23 11.66 38.47 20.12 19.42 29.55 12.81 8.54 58.59 36.69 51.66 25.55 50.12 12.73 69.86 23.85 14.42 44.55 49.01 44.6 4.24 80.28 42.94 47.17 69.03 31.89 37.22 46.53 15.13 25.08 50.8 31.26 35.47 
30.08 35.36 38.08 15.26 96.13 16.76 91.01 25.0 68.26 105.02 42.06 114.86 19.72 68.73 34.01 59.48 72.44 70.0 109.07 110.77 89.81 38.9 19.85 74.17 57.87 39.22 0.0 57.28 43.01 29.12 55.08 35.11 59.41 21.38 86.37 18.79 55.58 2.83 66.01 102.12 84.59 87.57 27.66 89.14 115.43 52.81 69.63 100.62 98.62 67.19 116.25 91.24 49.73 27.89 77.37 55.15 58.52 50.96 47.27 39.96 90.09 72.03 87.0 15.0 81.74 28.28 105.04 50.49 25.5 81.22 87.13 72.03 35.44 115.16 7.07 84.48 106.57 61.52 17.0 85.38 53.15 28.79 87.09 10.82 4.0 
27.46 24.02 20.02 42.76 42.45 44.29 39.81 32.28 16.4 51.92 15.3 59.03 46.04 14.32 27.02 2.24 29.41 21.93 57.58 55.08 44.05 18.44 52.2 28.32 34.0 18.25 57.28 0.0 14.32 36.12 2.24 22.36 9.85 39.45 32.02 47.01 24.0 54.82 18.6 48.27 38.95 32.56 37.34 39.96 60.3 33.38 13.04 55.61 50.77 34.48 60.01 46.75 29.83 29.41 20.22 12.0 1.41 30.59 13.6 21.59 45.34 22.02 35.78 43.08 37.48 29.55 53.49 23.54 31.95 27.86 31.06 36.25 21.84 63.91 60.54 29.83 51.24 24.74 55.01 28.28 5.83 38.21 34.18 49.5 53.45 
13.15 10.77 6.32 28.44 55.58 30.81 51.92 18.03 27.89 64.94 1.0 73.01 33.24 27.17 15.65 16.49 37.44 31.78 70.09 69.0 54.12 4.12 39.6 37.59 34.01 4.0 43.01 14.32 0.0 24.7 12.17 8.06 18.97 26.25 45.28 33.24 25.24 40.52 27.73 61.52 48.76 46.1 24.35 51.26 74.06 31.32 27.07 65.76 61.85 38.42 74.11 56.44 26.93 15.23 34.53 16.64 15.52 28.16 10.0 10.63 55.07 32.89 47.8 29.07 46.65 15.81 65.97 21.93 17.89 40.61 45.01 41.73 7.62 76.4 46.52 43.19 65.03 29.0 41.19 42.58 11.18 26.93 46.87 35.23 39.22 
19.0 25.18 24.04 21.93 69.23 12.37 63.39 15.52 42.38 77.65 24.19 88.77 11.18 43.86 9.22 38.29 44.0 42.76 81.1 84.65 61.13 21.93 16.55 46.1 28.79 22.85 29.12 36.12 24.7 0.0 33.97 20.62 34.44 8.06 60.17 32.02 27.0 27.86 39.05 75.13 56.04 61.68 30.68 61.07 88.84 23.77 46.14 71.7 70.06 38.08 90.52 62.39 20.62 15.03 54.2 29.55 37.54 21.84 23.02 29.61 61.29 45.12 59.54 15.26 53.08 12.0 77.16 22.02 13.34 54.82 62.03 42.95 18.97 87.02 29.02 58.52 80.28 33.0 37.54 61.72 30.61 2.24 60.21 27.8 25.3 
25.32 22.09 18.0 40.61 44.15 42.06 41.23 30.08 17.49 53.6 13.15 61.01 43.83 15.81 24.84 4.47 29.83 22.67 59.14 57.04 45.0 16.28 50.0 29.0 33.06 16.12 55.08 2.24 12.17 33.97 0.0 20.22 10.0 37.22 33.73 45.04 23.09 52.63 19.1 50.01 39.82 34.37 35.51 41.18 62.2 32.14 15.0 56.61 51.97 34.18 62.03 47.63 28.44 27.2 22.36 11.18 3.61 29.27 11.66 19.92 46.23 23.02 37.16 40.85 38.21 27.31 55.03 22.2 29.73 29.41 33.02 36.24 19.65 65.46 58.31 31.58 53.15 24.35 53.04 30.41 4.12 36.07 35.74 47.38 51.24 
5.1 5.39 3.61 20.4 63.39 24.04 59.44 10.3 35.51 72.69 7.07 81.02 27.2 35.06 13.04 24.52 43.83 38.9 77.67 77.01 60.93 4.0 33.6 44.38 37.2 4.12 35.11 22.36 8.06 20.62 20.22 0.0 26.48 20.0 53.15 25.5 29.73 32.57 34.79 69.35 55.54 54.04 17.49 58.52 82.02 33.62 35.13 72.5 68.95 43.19 82.15 63.07 29.15 7.81 42.58 23.41 23.54 30.53 15.65 9.06 61.74 40.26 55.32 21.63 53.23 9.43 73.55 25.5 10.63 48.37 53.04 47.01 2.24 83.95 38.95 51.09 73.01 34.41 33.38 50.64 19.03 22.8 54.59 27.17 31.38 
31.26 29.73 25.3 46.01 37.05 44.64 32.98 35.0 9.06 46.27 19.92 55.44 45.31 9.49 26.25 10.2 19.85 13.04 51.2 51.35 35.51 22.56 50.99 19.21 25.32 22.8 59.41 9.85 18.97 34.44 10.0 26.48 0.0 39.56 27.02 51.97 15.52 57.22 9.22 43.05 30.23 28.16 43.32 32.31 56.08 25.63 12.04 47.17 42.95 24.74 56.89 38.01 22.83 32.0 20.0 5.0 10.44 23.26 12.17 28.65 36.62 13.93 28.86 44.55 28.43 31.14 47.07 16.64 34.06 22.02 27.89 26.4 25.18 57.49 61.61 25.08 47.17 15.13 59.84 27.29 8.06 36.24 28.16 53.04 55.44 
16.55 23.26 23.6 14.42 75.54 5.1 70.06 11.4 48.05 84.21 25.5 94.73 7.21 49.04 13.34 41.68 51.16 49.16 88.0 90.61 68.47 22.63 13.6 53.01 36.77 23.35 21.38 39.45 26.25 8.06 37.22 20.0 39.56 0.0 66.1 24.7 34.23 19.92 45.28 81.5 63.29 67.47 25.18 68.01 95.04 31.78 50.7 79.25 77.32 45.88 96.32 69.87 28.46 12.53 58.69 34.93 40.82 29.73 27.51 28.18 68.73 51.35 66.12 7.21 60.41 10.63 84.01 29.15 9.85 60.83 67.45 50.7 19.1 94.02 22.2 64.33 86.31 40.2 29.7 66.48 34.44 8.49 66.48 19.85 17.46 
58.08 55.73 51.48 73.0 10.44 71.2 10.3 62.01 18.11 19.92 46.27 28.64 71.31 18.11 52.77 30.36 21.26 17.89 25.94 24.52 20.22 49.16 76.54 17.69 40.46 49.25 86.37 32.02 45.28 60.17 33.73 53.15 27.02 66.1 0.0 78.52 34.89 84.21 21.19 16.28 18.11 2.24 69.23 13.34 29.07 43.83 19.31 29.07 22.47 32.65 30.36 23.35 43.42 59.01 15.56 31.26 31.32 43.05 39.12 53.6 22.2 15.23 8.06 71.45 19.65 58.14 21.95 39.0 61.07 5.39 6.0 29.68 52.04 32.2 88.28 2.24 20.22 29.68 86.47 12.37 34.13 61.68 4.12 80.01 82.39 
20.88 23.0 27.07 10.3 88.81 23.41 84.93 18.87 61.0 98.15 32.25 106.04 28.46 60.41 31.62 49.0 68.71 64.29 103.16 102.08 86.03 29.43 32.39 69.57 58.6 29.27 18.79 47.01 33.24 32.02 45.04 25.5 51.97 24.7 78.52 0.0 53.24 16.16 60.17 94.76 80.65 79.31 10.77 83.93 107.23 54.04 60.03 97.5 94.25 66.37 107.0 88.02 50.0 21.47 67.03 48.76 48.0 51.4 40.8 26.31 86.73 65.73 80.81 18.38 78.19 23.85 99.04 48.37 20.81 73.82 78.06 70.71 26.93 109.44 25.63 76.42 98.18 58.6 8.0 75.06 44.41 33.02 80.06 8.25 17.46 
33.02 34.66 30.48 44.94 43.01 39.12 36.67 34.44 19.1 50.99 25.81 62.97 38.05 22.2 22.14 25.08 17.0 17.0 54.15 58.87 34.23 26.91 42.58 19.24 10.0 27.66 55.58 24.0 25.24 27.0 23.09 29.73 15.52 34.23 34.89 53.24 0.0 53.94 14.21 48.76 29.07 36.72 47.01 34.13 62.64 10.3 26.42 45.12 43.1 13.45 65.0 35.69 8.6 31.76 33.6 12.0 25.02 8.49 15.26 35.81 34.53 19.72 32.98 40.79 26.17 29.55 50.25 5.1 32.7 29.53 38.01 17.49 27.66 60.03 56.01 33.62 54.42 6.0 60.42 39.6 19.24 28.07 34.18 51.87 51.62 
27.51 32.65 35.47 12.53 94.05 15.65 89.05 22.56 66.12 103.0 39.56 112.64 19.21 66.48 32.14 57.01 70.71 68.03 107.17 108.56 88.12 36.4 20.25 72.34 56.65 36.69 2.83 54.82 40.52 27.86 52.63 32.57 57.22 19.92 84.21 16.16 53.94 0.0 64.01 100.04 82.87 85.38 24.84 87.28 113.28 51.62 67.27 99.04 96.88 65.8 113.99 89.63 48.38 25.5 74.95 53.04 56.04 49.65 45.1 37.22 88.46 70.0 85.02 13.15 80.06 26.08 103.12 48.84 23.19 79.1 84.85 70.6 32.98 113.28 9.49 82.3 104.39 59.84 15.13 82.98 50.8 27.73 85.02 8.06 2.83 
39.29 38.48 34.01 53.46 30.27 50.36 25.08 42.43 5.39 39.01 28.64 49.73 50.22 9.22 32.06 18.36 10.82 4.12 43.29 45.61 26.42 31.02 55.36 10.0 21.95 31.38 66.01 18.6 27.73 39.05 19.1 34.79 9.22 45.28 21.19 60.17 14.21 64.01 0.0 36.22 21.1 22.85 52.0 23.77 49.82 24.08 14.14 38.08 34.18 18.03 51.55 28.84 22.8 39.46 20.12 11.4 18.87 22.67 19.42 37.74 27.46 6.08 21.02 51.01 19.21 38.12 39.2 17.89 41.19 15.81 23.85 18.44 33.24 49.5 67.48 19.7 41.23 10.3 67.91 25.5 17.2 40.52 21.21 60.53 62.01 
74.24 72.01 67.74 89.05 6.0 86.58 12.53 78.03 34.01 4.24 62.51 15.0 86.31 34.37 68.26 46.57 32.7 32.39 11.4 11.31 21.4 65.38 91.22 29.73 52.33 65.49 102.12 48.27 61.52 75.13 50.01 69.35 43.05 81.5 16.28 94.76 48.76 100.04 36.22 0.0 23.43 15.81 85.51 16.4 13.93 56.46 35.44 23.19 16.49 43.05 17.69 23.32 56.92 75.03 30.41 47.01 47.54 56.3 55.0 69.86 23.02 30.15 15.81 87.14 26.4 74.01 8.54 53.37 77.0 21.02 18.36 38.83 68.18 17.03 103.7 18.44 7.21 43.01 102.7 24.21 50.36 76.49 15.03 96.08 98.13 
59.81 59.48 55.01 73.25 19.21 68.18 11.4 62.36 22.63 24.19 49.65 38.42 67.0 25.61 50.8 38.18 12.17 17.2 25.71 34.71 5.39 51.89 71.18 11.18 30.08 52.33 84.59 38.95 48.76 56.04 39.82 55.54 30.23 63.29 18.11 80.65 29.07 82.87 21.1 23.43 0.0 20.22 72.92 7.07 36.89 34.71 29.68 17.0 14.04 20.25 41.11 7.81 36.12 59.48 30.36 32.2 38.9 35.23 39.92 58.83 6.4 16.97 10.44 69.72 3.16 57.72 22.14 34.13 60.88 16.28 24.08 15.65 53.85 31.26 85.05 19.0 30.41 23.09 88.23 30.02 38.28 57.0 14.32 80.28 80.62 
59.01 56.44 52.24 74.03 10.3 72.57 11.7 63.07 19.42 19.7 47.1 27.29 72.8 19.0 54.13 30.81 23.43 19.72 26.08 23.19 22.09 50.04 78.11 19.85 42.52 50.09 87.57 32.56 46.1 61.68 34.37 54.04 28.16 67.47 2.24 79.31 36.72 85.38 22.85 15.81 20.22 0.0 69.87 15.13 28.0 45.8 19.65 30.46 23.71 34.83 28.86 25.18 45.28 60.07 15.0 32.56 31.78 44.94 40.31 54.13 24.08 17.0 10.0 72.69 21.84 59.3 22.2 40.72 62.2 7.21 4.12 31.91 53.0 32.25 89.63 3.16 19.03 31.62 87.28 10.77 35.01 63.25 6.0 81.01 83.6 
14.14 13.6 18.03 13.93 79.62 26.08 76.24 15.23 52.2 89.05 23.41 96.25 31.02 51.2 27.2 39.2 61.29 56.08 94.37 92.35 78.29 21.02 36.35 61.74 53.76 20.62 27.66 37.34 24.35 30.68 35.51 17.49 43.32 25.18 69.23 10.77 47.01 24.84 52.0 85.51 72.92 69.87 0.0 75.61 97.62 49.68 50.36 89.9 86.16 60.44 97.08 80.5 45.34 16.64 57.04 40.72 38.21 46.75 33.12 16.0 79.16 57.25 72.12 21.21 70.66 19.72 90.25 42.52 17.46 64.76 68.36 64.4 19.42 100.69 33.84 67.08 88.57 51.87 18.44 65.01 35.44 32.28 71.06 16.97 25.24 
63.06 62.03 57.58 77.1 12.21 73.0 4.47 66.1 23.71 17.46 52.2 31.4 72.17 25.81 55.15 38.83 17.26 19.65 20.02 27.66 7.0 54.71 76.66 15.0 36.4 55.03 89.14 39.96 51.26 61.07 41.18 58.52 32.31 68.01 13.34 83.93 34.13 87.28 23.77 16.4 7.07 15.13 75.61 0.0 30.02 40.8 29.0 16.4 10.82 26.83 34.06 10.05 41.77 63.15 27.78 35.17 39.66 41.0 43.17 60.84 9.0 18.38 5.39 74.17 10.0 61.66 16.12 39.05 64.78 13.6 19.24 22.47 57.01 26.02 90.02 14.87 23.35 28.16 91.68 25.71 40.31 62.2 9.22 84.17 85.15 
87.01 84.29 80.16 102.02 19.65 100.13 26.4 91.05 47.17 12.81 75.06 4.12 100.02 47.0 81.74 58.42 46.62 46.1 15.23 5.83 34.06 78.03 105.02 43.66 66.21 78.06 115.43 60.3 74.06 88.84 62.2 82.02 56.08 95.04 29.07 107.23 62.64 113.28 49.82 13.93 36.89 28.0 97.62 30.02 0.0 70.38 47.27 32.25 27.02 56.82 7.0 35.36 70.84 88.05 41.0 60.3 59.41 70.23 68.18 81.74 35.38 43.74 29.73 100.5 39.96 87.21 16.4 67.19 90.14 34.23 29.27 52.48 81.0 16.0 117.24 31.02 9.06 56.92 115.21 33.53 63.01 90.24 28.64 109.0 111.45 
35.61 38.95 35.34 44.65 50.99 36.06 44.01 35.38 29.21 58.19 31.62 71.11 33.73 32.45 22.63 34.71 23.77 26.25 60.42 67.08 39.32 31.78 37.05 26.83 5.1 32.7 52.81 33.38 31.32 23.77 32.14 33.62 25.63 31.78 43.83 54.04 10.3 51.62 24.08 56.46 34.71 45.8 49.68 40.8 70.38 0.0 36.72 49.01 48.37 15.0 73.36 40.05 4.47 33.24 43.83 21.59 34.53 3.16 22.2 41.23 39.12 29.07 40.72 38.91 31.58 30.41 56.75 10.0 33.3 38.6 47.51 20.0 31.38 65.92 51.97 42.8 62.61 14.21 60.46 49.58 28.07 24.04 42.54 51.11 49.04 
40.2 37.05 33.0 55.44 29.73 55.71 28.02 44.72 9.0 39.22 28.07 46.01 56.8 5.0 37.58 11.18 23.35 15.13 45.19 42.05 34.21 31.14 62.65 20.88 35.47 31.06 69.63 13.04 27.07 46.14 15.0 35.13 12.04 50.7 19.31 60.03 26.42 67.27 14.14 35.44 29.68 19.65 50.36 29.0 47.27 36.72 0.0 45.28 39.7 32.14 47.04 37.2 34.41 41.77 8.06 17.03 12.17 34.67 23.26 34.53 35.81 13.6 24.21 55.08 29.07 41.48 41.15 28.43 44.15 15.81 18.03 32.06 34.37 51.48 72.42 17.09 38.21 24.04 68.03 15.81 16.49 48.02 21.95 62.29 65.73 
76.69 76.48 72.01 89.84 23.19 84.01 18.79 79.06 39.2 20.88 66.65 35.34 82.39 41.77 67.19 54.67 28.79 34.13 17.2 32.89 11.66 68.88 86.05 28.18 44.0 69.32 100.62 55.61 65.76 71.7 56.61 72.5 47.17 79.25 29.07 97.5 45.12 99.04 38.08 23.19 17.0 30.46 89.9 16.4 32.25 49.01 45.28 0.0 7.07 34.01 38.48 9.49 51.24 76.22 44.1 49.19 55.44 50.16 56.86 75.8 10.77 33.6 21.63 85.91 19.31 74.33 16.16 50.22 77.49 30.0 34.54 29.02 70.77 20.0 100.6 30.89 29.83 39.29 105.0 41.23 55.23 72.44 25.06 96.84 96.69 
73.38 72.62 68.15 87.1 16.12 82.22 12.21 76.16 34.48 14.76 62.77 29.68 81.01 36.62 64.78 49.65 26.17 30.08 13.04 26.83 9.06 65.19 85.09 24.74 43.57 65.55 98.62 50.77 61.85 70.06 51.97 68.95 42.95 77.32 22.47 94.25 43.1 96.88 34.18 16.49 14.04 23.71 86.16 10.82 27.02 48.37 39.7 7.07 0.0 33.54 32.76 8.94 50.04 73.25 37.8 45.54 50.48 49.09 53.45 71.55 9.49 29.07 15.56 83.73 17.0 71.59 10.63 48.17 74.73 24.04 27.73 28.64 67.36 17.72 99.08 24.41 23.41 37.12 101.92 34.44 50.99 71.01 18.6 94.15 94.64 
46.4 48.08 43.86 57.7 38.01 50.45 30.53 47.51 23.19 44.28 39.05 57.98 48.51 27.17 34.89 34.93 11.4 17.72 45.88 54.08 24.52 40.31 52.04 15.0 10.05 41.04 67.19 34.48 38.42 38.08 34.18 43.19 24.74 45.88 32.65 66.37 13.45 65.8 18.03 43.05 20.25 34.83 60.44 26.83 56.82 15.0 32.14 34.01 33.54 0.0 60.46 25.08 17.46 44.94 37.36 23.26 35.17 16.28 28.43 49.04 24.19 20.25 27.8 52.81 17.09 42.54 42.38 18.03 45.65 28.02 37.44 5.0 41.11 51.2 66.75 32.2 49.65 9.85 73.36 41.15 30.87 38.64 30.41 64.47 63.32 
87.21 84.0 80.02 102.4 22.47 101.41 30.0 91.55 48.27 18.03 75.11 3.16 101.65 47.52 82.98 58.0 49.74 48.1 21.84 6.4 38.95 78.16 106.9 46.53 69.46 78.1 116.25 60.01 74.11 90.52 62.03 82.15 56.89 96.32 30.36 107.0 65.0 113.99 51.55 17.69 41.11 28.86 97.08 34.06 7.0 73.36 47.04 38.48 32.76 60.46 0.0 40.61 73.41 88.57 40.05 61.39 59.0 72.92 69.05 81.1 40.46 45.54 32.76 101.43 44.05 87.97 22.36 69.29 90.8 35.74 29.15 56.4 81.3 23.0 118.46 32.02 10.82 59.51 115.0 32.14 63.29 92.05 30.87 109.29 112.29 
67.23 67.12 62.65 80.36 20.88 74.67 14.04 69.57 30.41 22.67 57.31 37.64 73.17 33.3 57.72 45.97 19.31 25.0 21.95 34.41 3.16 59.48 77.0 18.87 35.13 59.94 91.24 46.75 56.44 62.39 47.63 63.07 38.01 69.87 23.35 88.02 35.69 89.63 28.84 23.32 7.81 25.18 80.5 10.05 35.36 40.05 37.2 9.49 8.94 25.08 40.61 0.0 42.05 66.73 37.16 39.82 46.69 41.01 47.42 66.57 1.41 24.76 15.3 76.49 9.85 64.85 19.21 40.79 68.01 22.85 29.27 20.1 61.33 26.57 91.35 24.74 30.53 29.83 95.52 35.69 46.04 63.2 19.24 87.36 87.3 
31.24 34.48 30.87 40.82 51.26 32.98 44.64 31.24 27.59 58.94 27.2 71.31 31.14 30.48 18.44 31.32 24.52 25.55 61.66 67.23 41.01 27.31 35.06 27.2 8.6 28.23 49.73 29.83 26.93 20.62 28.44 29.15 22.83 28.46 43.42 50.0 8.6 48.38 22.8 56.92 36.12 45.28 45.34 41.77 70.84 4.47 34.41 51.24 50.04 17.46 73.41 42.05 0.0 29.0 41.87 18.38 31.05 1.41 18.03 36.77 41.01 28.3 41.11 35.47 33.06 26.25 57.87 6.32 29.21 38.08 46.62 22.36 26.93 67.36 49.37 42.19 62.77 13.93 56.6 48.1 24.33 21.21 42.54 47.41 45.88 
4.12 10.77 11.31 14.04 69.03 16.28 64.5 3.0 41.01 78.16 14.32 87.28 19.72 41.11 10.63 31.62 47.43 43.57 82.73 83.22 64.85 11.18 26.08 48.51 37.54 11.66 27.89 29.41 15.23 15.03 27.2 7.81 32.0 12.53 59.01 21.47 31.76 25.5 39.46 75.03 59.48 60.07 16.64 63.15 88.05 33.24 41.77 76.22 73.25 44.94 88.57 66.73 29.0 0.0 49.48 28.16 30.68 30.41 20.1 15.65 65.46 45.28 60.41 13.89 56.92 3.16 78.64 26.93 2.83 54.01 59.41 49.24 7.62 88.96 31.3 57.04 79.1 37.16 28.79 57.49 25.32 17.0 60.07 21.1 24.04 
47.68 44.05 40.2 62.97 25.24 63.69 25.61 52.39 14.76 34.48 35.51 39.32 64.85 11.4 45.62 18.11 27.17 19.65 41.05 35.51 34.01 38.64 70.71 24.02 42.06 38.47 77.37 20.22 34.53 54.2 22.36 42.58 20.0 58.69 15.56 67.03 33.6 74.95 20.12 30.41 30.36 15.0 57.04 27.78 41.0 43.83 8.06 44.1 37.8 37.36 40.05 37.16 41.87 49.48 0.0 25.0 19.1 42.01 31.3 41.05 35.85 17.26 22.47 62.94 30.59 49.34 37.2 36.07 51.92 14.32 12.08 36.35 41.98 47.17 80.32 13.45 32.02 30.41 75.03 8.06 24.35 56.08 19.21 69.72 73.5 
27.89 27.29 22.83 42.19 41.01 40.02 36.35 31.14 13.15 50.04 17.49 59.84 40.5 14.32 21.59 13.15 20.81 15.52 54.59 55.73 37.58 19.7 46.1 21.02 22.0 20.12 55.15 12.0 16.64 29.55 11.18 23.41 5.0 34.93 31.26 48.76 12.0 53.04 11.4 47.01 32.2 32.56 40.72 35.17 60.3 21.59 17.03 49.19 45.54 23.26 61.39 39.82 18.38 28.16 25.0 0.0 13.04 18.97 8.06 27.02 38.47 17.12 32.25 40.2 30.02 27.0 50.49 12.08 30.02 26.08 32.57 25.81 21.84 60.83 57.07 29.43 51.48 13.42 56.52 32.25 7.62 31.3 32.0 49.25 51.16 
28.64 25.0 21.1 43.93 41.76 45.65 39.36 33.53 16.28 51.24 16.49 58.08 47.43 13.89 28.43 1.0 29.68 22.02 57.01 54.15 43.93 19.65 53.6 28.43 35.01 19.42 58.52 1.41 15.52 37.54 3.61 23.54 10.44 40.82 31.32 48.0 25.02 56.04 18.87 47.54 38.9 31.78 38.21 39.66 59.41 34.53 12.17 55.44 50.48 35.17 59.0 46.69 31.05 30.68 19.1 13.04 0.0 31.78 15.0 22.36 45.28 21.93 35.36 44.38 37.54 30.87 52.92 24.74 33.24 27.31 30.15 36.77 23.09 63.32 61.85 29.12 50.36 25.5 56.0 27.17 7.21 39.62 33.62 50.64 54.71 
32.65 35.85 32.2 42.19 50.7 34.21 43.97 32.65 27.59 58.24 28.46 70.77 32.25 30.61 19.85 32.02 23.77 25.24 60.83 66.71 40.05 28.64 36.01 26.57 7.21 29.55 50.96 30.59 28.16 21.84 29.27 30.53 23.26 29.73 43.05 51.4 8.49 49.65 22.67 56.3 35.23 44.94 46.75 41.0 70.23 3.16 34.67 50.16 49.09 16.28 72.92 41.01 1.41 30.41 42.01 18.97 31.78 0.0 19.1 38.08 40.0 28.02 40.5 36.77 32.14 27.66 57.07 7.07 30.61 37.74 46.4 21.21 28.3 66.48 50.49 41.88 62.24 13.42 57.98 48.08 25.18 22.36 42.05 48.76 47.13 
19.92 20.0 15.62 34.13 49.0 32.57 44.41 23.09 21.02 58.08 10.63 67.6 33.54 21.59 14.32 15.62 28.18 23.54 62.65 63.51 45.31 12.21 39.45 28.79 24.35 12.81 47.27 13.6 10.0 23.02 11.66 15.65 12.17 27.51 39.12 40.8 15.26 45.1 19.42 55.0 39.92 40.31 33.12 43.17 68.18 22.2 23.26 56.86 53.45 28.43 69.05 47.42 18.03 20.1 31.3 8.06 15.0 19.1 0.0 20.62 46.1 25.18 40.31 32.39 37.58 19.03 58.55 12.37 22.0 34.01 40.02 31.83 13.93 68.88 49.48 37.22 59.3 19.1 48.51 39.0 7.81 25.0 40.01 41.19 43.29 
11.66 5.0 6.08 24.7 64.03 31.62 61.1 17.2 37.16 73.5 10.0 80.31 35.36 35.74 22.0 23.35 47.8 41.68 79.06 76.42 64.14 9.49 41.68 47.71 44.29 8.54 39.96 21.59 10.63 29.61 19.92 9.06 28.65 28.18 53.6 26.31 35.81 37.22 37.74 69.86 58.83 54.13 16.0 60.84 81.74 41.23 34.53 75.8 71.55 49.04 81.1 66.57 36.77 15.65 41.05 27.02 22.36 38.08 20.62 0.0 65.19 42.49 57.01 28.32 56.86 18.03 74.95 32.25 18.36 49.34 52.47 52.35 11.0 85.38 44.82 51.42 72.69 39.62 34.23 49.01 20.59 31.78 55.66 30.46 36.62 
65.92 65.76 61.29 79.12 20.25 73.55 13.15 68.31 29.0 22.63 55.95 37.54 72.11 31.89 56.52 44.55 18.03 23.6 22.36 34.21 2.0 58.14 76.01 17.49 34.23 58.59 90.09 45.34 55.07 61.29 46.23 61.74 36.62 68.73 22.2 86.73 34.53 88.46 27.46 23.02 6.4 24.08 79.16 9.0 35.38 39.12 35.81 10.77 9.49 24.19 40.46 1.41 41.01 65.46 35.85 38.47 45.28 40.0 46.1 65.19 0.0 23.35 14.14 75.31 8.54 63.6 19.42 39.62 66.76 21.54 28.16 19.24 60.01 27.2 90.27 23.54 30.23 28.64 94.24 34.53 44.65 62.13 18.11 86.13 86.15 
44.91 43.66 39.22 59.3 24.19 56.44 19.24 48.26 5.66 33.0 33.84 43.68 56.29 8.94 38.12 21.21 10.0 2.83 37.48 39.56 22.02 36.4 61.4 7.28 26.25 36.69 72.03 22.02 32.89 45.12 23.02 40.26 13.93 51.35 15.23 65.73 19.72 70.0 6.08 30.15 16.97 17.0 57.25 18.38 43.74 29.07 13.6 33.6 29.07 20.25 45.54 24.76 28.3 45.28 17.26 17.12 21.93 28.02 25.18 42.49 23.35 0.0 15.13 57.04 15.81 44.05 33.38 23.77 47.1 9.85 18.44 19.1 38.83 43.74 73.55 13.89 35.17 14.87 73.55 21.1 21.93 46.57 15.13 66.37 68.03 
60.02 58.52 54.12 74.43 10.3 71.18 4.12 63.39 19.92 18.11 48.76 30.41 70.71 21.47 53.01 34.48 17.0 17.0 22.36 26.42 12.17 51.42 75.5 13.93 36.72 51.66 87.0 35.78 47.8 59.54 37.16 55.32 28.86 66.12 8.06 80.81 32.98 85.02 21.02 15.81 10.44 10.0 72.12 5.39 29.73 40.72 24.21 21.63 15.56 27.8 32.76 15.3 41.11 60.41 22.47 32.25 35.36 40.5 40.31 57.01 14.14 15.13 0.0 72.0 12.53 59.14 18.25 37.66 62.2 8.49 14.04 24.04 53.94 28.64 88.28 9.49 21.95 27.2 88.65 20.4 36.69 60.83 4.0 81.5 83.0 
17.03 23.35 25.0 8.25 81.15 5.1 76.01 11.4 53.34 90.02 28.18 99.98 10.2 53.94 19.03 45.31 57.56 55.0 94.09 95.89 74.97 25.06 15.13 59.21 43.86 25.55 15.0 43.08 29.07 15.26 40.85 21.63 44.55 7.21 71.45 18.38 40.79 13.15 51.01 87.14 69.72 72.69 21.21 74.17 100.5 38.91 55.08 85.91 83.73 52.81 101.43 76.49 35.47 13.89 62.94 40.2 44.38 36.77 32.39 28.32 75.31 57.04 72.0 0.0 66.91 13.6 90.05 35.69 11.18 66.27 72.37 57.57 21.47 100.18 17.46 69.58 91.66 46.69 22.67 70.88 38.6 15.62 72.11 12.73 11.0 
57.38 57.31 52.84 70.6 21.93 65.28 14.14 59.77 21.4 27.29 47.51 41.4 64.01 24.7 48.05 36.88 9.49 15.56 28.86 37.64 8.06 49.65 68.12 9.22 26.93 50.12 81.74 37.48 46.65 53.08 38.21 53.23 28.43 60.41 19.65 78.19 26.17 80.06 19.21 26.4 3.16 21.84 70.66 10.0 39.96 31.58 29.07 19.31 17.0 17.09 44.05 9.85 33.06 56.92 30.59 30.02 37.54 32.14 37.58 56.86 8.54 15.81 12.53 66.91 0.0 55.08 25.3 31.26 58.24 17.0 25.5 12.53 51.48 34.37 82.1 20.22 33.3 20.22 85.7 31.06 36.4 54.01 16.16 77.62 77.78 
7.0 13.34 13.04 15.52 68.01 15.0 63.2 5.0 40.05 77.03 15.0 86.58 17.8 40.45 7.81 31.78 45.61 42.19 81.39 82.49 63.06 12.04 24.21 46.87 34.83 12.73 28.28 29.55 15.81 12.0 27.31 9.43 31.14 10.63 58.14 23.85 29.55 26.08 38.12 74.01 57.72 59.3 19.72 61.66 87.21 30.41 41.48 74.33 71.59 42.54 87.97 64.85 26.25 3.16 49.34 27.0 30.87 27.66 19.03 18.03 63.6 44.05 59.14 13.6 55.08 0.0 77.32 24.6 3.16 53.04 58.86 46.96 8.49 87.57 31.02 56.22 78.31 35.11 30.87 57.28 25.0 14.04 59.0 22.56 24.33 
78.26 76.66 72.28 92.66 12.04 89.02 14.14 81.61 38.08 5.0 66.94 19.24 88.28 39.22 71.03 52.0 33.38 35.13 4.12 16.76 18.36 69.63 92.78 31.06 52.2 69.86 105.04 53.49 65.97 77.16 55.03 73.55 47.07 84.01 21.95 99.04 50.25 103.12 39.2 8.54 22.14 22.2 90.25 16.12 16.4 56.75 41.15 16.16 10.63 42.38 22.36 19.21 57.87 78.64 37.2 50.49 52.92 57.07 58.55 74.95 19.42 33.38 18.25 90.05 25.3 77.32 0.0 55.15 80.4 25.63 25.5 37.7 72.18 10.44 106.08 24.19 14.04 44.28 106.89 31.83 54.82 78.31 19.31 99.72 101.04 
28.43 30.61 26.63 39.92 47.54 34.06 41.44 29.53 22.2 55.73 22.36 67.36 33.14 24.76 17.09 25.0 22.02 21.19 59.08 63.25 39.32 23.02 37.85 24.08 12.08 23.85 50.49 23.54 21.93 22.02 22.2 25.5 16.64 29.15 39.0 48.37 5.1 48.84 17.89 53.37 34.13 40.72 42.52 39.05 67.19 10.0 28.43 50.22 48.17 18.03 69.29 40.79 6.32 26.93 36.07 12.08 24.74 7.07 12.37 32.25 39.62 23.77 37.66 35.69 31.26 24.6 55.15 0.0 27.73 33.62 41.68 22.36 23.35 65.01 51.0 37.58 58.82 11.05 55.46 42.64 18.11 23.19 38.6 46.82 46.53 
6.71 13.42 14.14 12.37 71.0 13.45 66.27 2.24 43.01 80.06 17.0 89.45 17.0 43.29 10.82 34.18 48.76 45.28 84.48 85.38 66.22 13.89 23.32 50.01 37.8 14.42 25.5 31.95 17.89 13.34 29.73 10.63 34.06 9.85 61.07 20.81 32.7 23.19 41.19 77.0 60.88 62.2 17.46 64.78 90.14 33.3 44.15 77.49 74.73 45.65 90.8 68.01 29.21 2.83 51.92 30.02 33.24 30.61 22.0 18.36 66.76 47.1 62.2 11.18 58.24 3.16 80.4 27.73 0.0 56.01 61.66 50.09 10.3 90.67 28.64 59.14 81.22 38.28 27.73 59.91 27.66 15.13 62.01 19.42 21.59 
53.24 51.2 46.87 68.03 15.03 65.92 12.21 57.01 13.0 24.33 41.59 33.96 65.97 13.6 47.52 26.4 16.64 12.53 29.73 29.83 19.7 44.41 71.17 13.04 35.38 44.55 81.22 27.86 40.61 54.82 29.41 48.37 22.02 60.83 5.39 73.82 29.53 79.1 15.81 21.02 16.28 7.21 64.76 13.6 34.23 38.6 15.81 30.0 24.04 28.02 35.74 22.85 38.08 54.01 14.32 26.08 27.31 37.74 34.01 49.34 21.54 9.85 8.49 66.27 17.0 53.04 25.63 33.62 56.01 0.0 9.43 25.5 47.17 36.06 83.02 4.24 25.5 24.41 81.74 14.14 29.43 56.32 6.32 75.06 77.23 
58.08 55.08 51.01 73.25 13.45 72.53 15.81 62.39 19.7 22.47 46.01 28.0 73.05 18.44 54.12 29.15 26.08 21.26 29.21 24.02 26.17 49.04 78.55 22.47 44.55 49.01 87.13 31.06 45.01 62.03 33.02 53.04 27.89 67.45 6.0 78.06 38.01 84.85 23.85 18.36 24.08 4.12 68.36 19.24 29.27 47.51 18.03 34.54 27.73 37.44 29.15 29.27 46.62 59.41 12.08 32.57 30.15 46.4 40.02 52.47 28.16 18.44 14.04 72.37 25.5 58.86 25.5 41.68 61.66 9.43 0.0 34.89 52.15 35.23 89.5 5.39 20.22 33.3 86.05 6.71 34.13 63.69 10.05 80.16 83.19 
50.48 51.74 47.42 62.24 34.06 55.32 26.4 51.88 23.09 39.82 42.43 53.82 53.46 27.07 39.4 36.4 9.22 17.0 41.11 50.0 19.65 43.93 57.04 12.65 15.03 44.6 72.03 36.25 41.73 42.95 36.24 47.01 26.4 50.7 29.68 70.71 17.49 70.6 18.44 38.83 15.65 31.91 64.4 22.47 52.48 20.0 32.06 29.02 28.64 5.0 56.4 20.1 22.36 49.24 36.35 25.81 36.77 21.21 31.83 52.35 19.24 19.1 24.04 57.57 12.53 46.96 37.7 22.36 50.09 25.5 34.89 0.0 45.0 46.32 71.7 29.53 45.61 12.73 77.82 39.22 33.29 43.57 27.02 69.08 68.15 
6.08 7.62 5.1 21.1 62.2 23.43 58.05 10.44 34.23 71.45 6.71 80.1 26.25 34.0 11.0 24.04 42.05 37.36 76.3 76.06 59.24 3.61 32.65 42.72 35.0 4.24 35.44 21.84 7.62 18.97 19.65 2.24 25.18 19.1 52.04 26.93 27.66 32.98 33.24 68.18 53.85 53.0 19.42 57.01 81.0 31.38 34.37 70.77 67.36 41.11 81.3 61.33 26.93 7.62 41.98 21.84 23.09 28.3 13.93 11.0 60.01 38.83 53.94 21.47 51.48 8.49 72.18 23.35 10.3 47.17 52.15 45.0 0.0 82.57 38.91 50.01 72.01 32.45 34.71 50.01 18.03 21.19 53.34 28.02 31.62 
88.65 87.09 82.71 102.96 21.95 99.01 24.52 91.92 48.51 12.81 77.37 20.02 98.08 49.65 81.15 62.39 43.05 45.4 6.32 19.65 26.68 80.05 102.4 41.01 61.19 80.28 115.16 63.91 76.4 87.02 65.46 83.95 57.49 94.02 32.2 109.44 60.03 113.28 49.5 17.03 31.26 32.25 100.69 26.02 16.0 65.92 51.48 20.0 17.72 51.2 23.0 26.57 67.36 88.96 47.17 60.83 63.32 66.48 68.88 85.38 27.2 43.74 28.64 100.18 34.37 87.57 10.44 65.01 90.67 36.06 35.23 46.32 82.57 0.0 116.0 34.44 19.24 54.04 117.28 41.23 65.25 88.09 29.73 110.03 111.16 
34.13 40.0 42.19 20.52 97.74 17.12 92.2 28.65 70.21 106.38 45.62 116.9 18.25 71.06 35.51 62.77 73.01 71.34 110.04 112.79 90.14 42.49 16.12 75.03 57.07 42.94 7.07 60.54 46.52 29.02 58.31 38.95 61.61 22.2 88.28 25.63 56.01 9.49 67.48 103.7 85.05 89.63 33.84 90.02 117.24 51.97 72.42 100.6 99.08 66.75 118.46 91.35 49.37 31.3 80.32 57.07 61.85 50.49 49.48 44.82 90.27 73.55 88.28 17.46 82.1 31.02 106.08 51.0 28.64 83.02 89.5 71.7 38.91 116.0 0.0 86.49 108.5 62.01 24.02 88.23 55.97 28.16 88.68 17.46 8.6 
56.04 53.6 49.37 71.01 12.65 69.43 12.21 60.03 16.28 22.14 44.18 30.41 69.64 16.03 50.99 28.16 20.81 16.64 28.18 26.31 21.59 47.1 74.95 17.2 39.62 47.17 84.48 29.83 43.19 58.52 31.58 51.09 25.08 64.33 2.24 76.42 33.62 82.3 19.7 18.44 19.0 3.16 67.08 14.87 31.02 42.8 17.09 30.89 24.41 32.2 32.02 24.74 42.19 57.04 13.45 29.43 29.12 41.88 37.22 51.42 23.54 13.89 9.49 69.58 20.22 56.22 24.19 37.58 59.14 4.24 5.39 29.53 50.01 34.44 86.49 0.0 22.09 28.6 84.38 11.05 32.06 60.08 5.83 78.0 80.5 
78.0 75.24 71.11 93.05 11.66 91.41 19.21 82.1 38.33 9.06 66.03 8.54 91.44 38.01 72.99 49.37 38.95 37.64 15.3 4.47 28.6 69.01 96.57 35.78 58.67 69.03 106.57 51.24 65.03 80.28 53.15 73.01 47.17 86.31 20.22 98.18 54.42 104.39 41.23 7.21 30.41 19.03 88.57 23.35 9.06 62.61 38.21 29.83 23.41 49.65 10.82 30.53 62.77 79.1 32.02 51.48 50.36 62.24 59.3 72.69 30.23 35.17 21.95 91.66 33.3 78.31 14.04 58.82 81.22 25.5 20.22 45.61 72.01 19.24 108.5 22.09 0.0 48.85 106.17 24.7 54.0 81.74 20.25 100.02 102.59 
38.08 39.05 34.71 50.6 37.34 45.1 30.81 39.92 15.65 45.12 29.7 57.38 44.05 19.31 27.89 25.32 11.0 12.04 48.17 53.31 28.28 31.24 48.51 13.34 11.66 31.89 61.52 24.74 29.0 33.0 24.35 34.41 15.13 40.2 29.68 58.6 6.0 59.84 10.3 43.01 23.09 31.62 51.87 28.16 56.92 14.21 24.04 39.29 37.12 9.85 59.51 29.83 13.93 37.16 30.41 13.42 25.5 13.42 19.1 39.62 28.64 14.87 27.2 46.69 20.22 35.11 44.28 11.05 38.28 24.41 33.3 12.73 32.45 54.04 62.01 28.6 48.85 0.0 65.92 35.61 21.02 34.06 28.64 57.57 57.56 
28.64 31.0 35.06 15.81 96.75 27.2 92.76 26.0 68.88 106.07 40.2 114.04 31.91 68.36 38.47 57.0 76.22 72.03 111.0 110.07 93.61 37.34 34.54 77.2 65.19 37.22 17.0 55.01 41.19 37.54 53.04 33.38 59.84 29.7 86.47 8.0 60.42 15.13 67.91 102.7 88.23 87.28 18.44 91.68 115.21 60.46 68.03 105.0 101.92 73.36 115.0 95.52 56.6 28.79 75.03 56.52 56.0 57.98 48.51 34.23 94.24 73.55 88.65 22.67 85.7 30.87 106.89 55.46 27.73 81.74 86.05 77.82 34.71 117.28 24.02 84.38 106.17 65.92 0.0 83.05 52.35 38.18 87.97 10.0 17.46 
55.73 52.09 48.26 71.02 19.85 71.51 22.47 60.42 20.52 28.43 43.57 31.58 72.5 18.03 53.31 26.17 30.08 23.85 35.38 27.89 32.56 46.69 78.26 26.57 47.2 46.53 85.38 28.28 42.58 61.72 30.41 50.64 27.29 66.48 12.37 75.06 39.6 82.98 25.5 24.21 30.02 10.77 65.01 25.71 33.53 49.58 15.81 41.23 34.44 41.15 32.14 35.69 48.1 57.49 8.06 32.25 27.17 48.08 39.0 49.01 34.53 21.1 20.4 70.88 31.06 57.28 31.83 42.64 59.91 14.14 6.71 39.22 50.01 41.23 88.23 11.05 24.7 35.61 83.05 0.0 32.28 63.53 16.49 77.78 81.49 
24.0 21.84 17.46 39.12 44.41 39.4 40.8 28.28 16.76 53.76 12.17 62.07 40.82 16.03 21.63 7.81 27.59 21.1 58.94 58.03 43.57 15.03 46.87 27.2 29.15 15.13 53.15 5.83 11.18 30.61 4.12 19.03 8.06 34.44 34.13 44.41 19.24 50.8 17.2 50.36 38.28 35.01 35.44 40.31 63.01 28.07 16.49 55.23 50.99 30.87 63.29 46.04 24.33 25.32 24.35 7.62 7.21 25.18 7.81 20.59 44.65 21.93 36.69 38.6 36.4 25.0 54.82 18.11 27.66 29.43 34.13 33.29 18.03 65.25 55.97 32.06 54.0 21.02 52.35 32.28 0.0 32.65 35.69 46.04 49.24 
