85
0.0 38.59 48.37 73.82 32.39 87.42 87.37 34.79 72.62 58.52 70.09 55.15 73.41 74.43 26.08 40.11 27.66 45.28 46.69 87.13 75.77 52.48 45.22 77.9 13.0 68.01 36.06 59.41 67.18 49.77 46.39 26.25 43.42 28.65 56.4 53.85 27.02 48.38 75.74 82.73 39.2 41.59 54.74 93.34 7.21 43.86 36.72 38.08 39.81 71.51 29.41 22.8 71.02 86.09 73.06 80.11 24.35 29.07 42.2 47.89 38.48 50.54 47.17 81.22 93.51 32.89 44.78 25.02 48.7 15.23 39.81 21.4 49.4 10.2 45.61 61.13 59.0 98.41 75.61 31.62 42.15 51.24 38.6 20.25 78.1 
38.59 0.0 78.39 57.38 64.4 49.04 55.08 9.0 77.93 45.65 34.93 18.03 47.1 35.85 63.03 18.38 51.01 51.0 14.04 55.54 38.08 13.89 35.44 48.26 28.28 85.99 66.04 88.55 30.89 41.11 76.66 60.88 59.23 48.85 18.44 19.92 50.01 31.62 38.6 46.32 41.59 4.12 54.04 92.11 31.38 61.85 52.39 50.29 37.12 34.37 38.08 51.35 80.16 76.01 60.9 53.0 41.11 22.36 65.19 24.17 4.47 12.37 27.78 47.17 55.97 45.35 60.02 56.4 82.2 23.6 58.24 36.67 57.25 46.62 78.24 80.81 51.09 62.43 91.27 25.08 25.5 41.77 72.01 19.1 40.36 
48.37 78.39 0.0 122.19 16.03 125.42 132.5 70.72 51.79 67.12 113.18 89.5 120.5 110.89 27.2 68.68 70.04 42.54 90.38 132.62 108.19 90.7 59.64 124.06 51.62 31.06 12.65 11.05 109.27 59.54 2.0 23.09 28.79 30.48 96.57 84.9 69.87 96.32 116.81 124.68 87.02 79.61 102.04 74.22 53.37 25.3 80.89 83.49 52.2 103.24 43.14 63.15 45.61 80.1 121.33 127.13 71.03 57.8 17.46 94.56 76.01 87.42 68.88 125.22 133.7 79.16 29.41 23.54 10.2 57.58 25.94 41.88 94.76 50.16 7.21 24.6 107.17 140.8 39.41 79.62 89.74 99.61 12.08 60.42 118.15 
73.82 57.38 122.19 0.0 106.21 63.91 37.0 65.79 134.37 102.88 41.68 65.6 19.92 63.51 98.23 75.77 59.54 106.3 44.29 35.01 73.6 57.2 92.7 27.46 73.03 138.29 109.77 133.22 45.22 98.43 120.21 99.82 111.45 98.05 51.74 71.85 59.06 27.29 50.09 49.04 37.16 59.93 27.59 149.49 69.18 113.22 50.22 46.04 93.41 73.76 90.93 65.74 135.71 132.88 8.0 22.0 53.49 77.13 114.0 33.24 61.85 60.46 85.0 40.02 60.02 47.41 112.54 98.73 122.02 67.07 109.17 86.21 39.62 74.04 119.24 132.09 17.8 55.0 144.78 43.01 34.37 22.8 112.18 66.48 54.13 
32.39 64.4 16.03 106.21 0.0 112.54 117.62 57.38 55.9 61.19 98.79 77.1 105.0 98.29 13.45 57.01 54.57 38.01 75.66 117.63 96.67 77.34 51.26 108.85 36.72 41.4 5.0 27.07 95.13 52.63 14.04 7.62 26.68 20.25 82.8 73.25 54.34 80.52 103.0 110.68 71.01 66.07 86.09 78.72 37.64 24.35 65.31 67.74 43.66 91.83 32.65 47.8 51.31 79.91 105.3 111.66 55.08 45.34 17.49 79.12 62.48 74.33 59.06 110.64 120.25 63.29 27.89 8.06 17.8 42.49 22.36 29.07 79.08 34.37 13.89 34.21 91.14 126.75 49.82 63.79 74.04 83.6 7.81 45.79 104.64 
87.42 49.04 125.42 63.91 112.54 0.0 31.83 55.17 111.09 72.78 24.02 36.06 44.01 14.76 112.04 57.14 93.92 90.38 42.54 33.97 22.02 35.38 70.77 37.12 77.23 126.72 113.57 134.85 23.35 74.33 123.85 109.62 102.08 95.0 31.06 41.59 92.97 56.22 15.0 15.26 75.95 46.69 80.06 117.11 80.21 105.31 91.01 87.48 76.48 26.31 82.66 96.38 115.8 95.05 71.47 43.91 83.82 67.62 110.39 48.84 50.21 38.21 60.01 24.7 11.05 84.4 102.47 104.69 130.3 72.62 102.4 83.74 89.14 94.67 126.15 122.98 71.45 22.56 130.03 64.51 56.29 66.0 120.28 68.12 11.05 
87.37 55.08 132.5 37.0 117.62 31.83 0.0 63.79 130.03 93.26 21.02 52.09 18.97 38.48 113.44 70.46 84.02 105.08 42.15 2.24 49.19 46.1 87.14 11.18 80.96 140.81 119.92 143.0 26.0 92.02 130.68 112.87 114.24 103.73 39.12 59.14 83.24 42.64 23.41 17.2 62.13 55.11 60.08 140.16 80.78 116.91 77.7 73.57 90.8 51.62 93.15 88.53 133.38 119.85 45.0 15.0 75.07 77.37 120.17 39.82 58.46 50.09 77.01 9.22 24.6 72.42 114.98 109.57 135.12 75.13 113.32 91.42 71.31 91.68 131.49 135.82 50.0 18.0 145.67 57.38 46.69 48.3 124.82 72.09 25.94 
34.79 9.0 70.72 65.79 57.38 55.17 63.79 0.0 69.05 38.01 43.32 20.59 56.08 41.11 57.43 10.63 51.97 42.0 23.02 64.33 41.15 20.0 26.93 57.22 22.83 77.1 58.6 80.62 39.0 32.7 69.07 54.56 50.45 40.71 25.94 19.24 50.99 39.36 46.14 54.12 46.4 8.94 60.11 83.77 27.89 53.16 55.15 53.67 28.16 36.77 29.41 51.09 71.18 68.6 68.88 62.0 42.72 13.6 56.86 32.57 5.39 16.97 20.52 55.66 63.01 48.33 51.2 49.52 75.17 19.65 49.65 28.84 61.85 43.93 71.06 72.03 58.25 70.24 82.3 29.83 32.76 48.83 65.12 14.56 47.43 
72.62 77.93 51.79 134.37 55.9 111.09 130.03 69.05 0.0 38.33 109.02 78.23 124.9 96.88 68.6 60.21 100.26 28.64 91.92 131.0 89.56 84.0 43.05 125.2 65.37 26.25 51.48 52.04 104.04 38.01 52.17 61.91 30.61 44.55 91.0 71.34 99.64 107.28 108.56 116.73 107.78 76.42 123.44 22.85 72.4 31.91 109.04 109.84 41.0 84.9 45.18 94.92 7.62 31.78 136.62 130.55 95.96 57.28 38.48 101.41 73.68 80.0 53.04 121.1 121.6 104.31 29.21 56.04 61.98 70.21 35.0 52.15 120.74 80.66 58.46 29.07 124.42 131.69 23.6 93.78 100.28 115.17 59.46 69.08 108.05 
58.52 45.65 67.12 102.88 61.19 72.78 93.26 38.01 38.33 0.0 72.44 41.19 90.52 58.69 69.03 27.46 83.73 24.6 58.69 94.43 51.24 48.05 13.42 89.63 46.52 57.01 59.2 73.25 67.36 9.06 66.31 63.2 38.47 41.3 54.92 34.13 82.86 77.18 71.01 79.06 83.44 42.95 97.84 47.3 54.56 42.06 89.63 89.02 19.24 46.57 31.14 80.53 43.46 30.61 106.55 95.57 76.28 31.62 49.66 69.77 41.18 44.15 17.89 84.15 83.36 83.41 38.08 56.22 75.61 48.55 41.23 38.64 98.41 68.62 71.17 55.15 96.26 93.65 58.67 67.27 70.72 86.84 68.15 45.0 70.18 
70.09 34.93 113.18 41.68 98.79 24.02 21.02 43.32 109.02 72.44 0.0 31.26 22.67 22.02 95.9 49.5 72.01 84.17 23.43 22.02 32.53 25.08 66.12 18.36 62.13 120.07 100.72 123.44 5.1 71.01 111.41 94.63 93.68 83.77 18.11 38.33 71.11 32.56 9.06 13.04 52.63 34.48 56.04 119.52 63.13 96.46 68.01 64.29 69.87 33.6 72.73 75.29 112.36 99.72 48.75 25.24 62.18 56.92 100.09 26.0 37.95 29.07 56.0 12.37 25.08 61.68 94.37 90.74 116.5 56.61 92.97 71.59 65.28 75.82 112.68 115.25 47.52 28.32 124.78 43.05 33.62 42.01 106.23 53.0 13.15 
55.15 18.03 89.5 65.6 77.1 36.06 52.09 20.59 78.23 41.19 31.26 0.0 50.57 21.4 77.94 21.1 69.0 55.03 23.02 53.24 20.62 8.49 35.9 48.76 43.42 91.42 77.83 98.81 26.17 40.31 87.97 74.81 66.19 59.03 14.32 7.07 68.0 43.83 30.41 38.64 57.87 14.14 68.48 88.28 48.1 69.35 69.87 67.47 40.85 16.49 46.62 69.35 82.04 68.95 70.77 55.03 59.03 31.83 74.33 35.0 16.76 6.32 25.32 43.01 45.19 62.8 66.64 69.43 94.75 39.92 66.37 48.08 73.39 63.89 90.52 87.32 63.6 54.12 95.34 41.98 39.36 54.92 84.9 34.93 30.36 
73.41 47.1 120.5 19.92 105.0 44.01 18.97 56.08 124.9 90.52 22.67 50.57 0.0 44.69 99.28 64.78 66.48 98.05 33.06 17.46 55.17 42.72 82.04 8.06 69.12 132.38 107.86 131.32 26.91 87.48 118.6 99.54 105.39 93.38 36.25 57.38 65.76 25.81 30.53 29.12 44.05 48.51 41.11 137.79 67.42 107.67 59.41 55.22 84.21 55.97 84.21 71.51 127.25 119.4 27.66 6.71 58.14 69.01 109.84 25.96 51.24 46.49 73.01 20.22 40.31 54.56 106.3 97.08 122.0 63.06 103.82 81.05 52.39 76.32 118.68 126.78 31.05 36.5 138.06 42.06 31.3 29.68 111.79 61.0 34.48 
74.43 35.85 110.89 63.51 98.29 14.76 38.48 41.11 96.88 58.69 22.02 21.4 44.69 0.0 98.41 42.44 83.74 75.64 32.25 40.25 10.82 21.95 56.08 39.7 63.6 112.0 99.16 120.21 18.36 59.77 109.34 95.67 87.32 80.43 19.42 26.83 82.76 49.65 15.26 21.84 68.01 33.02 74.73 104.02 67.23 90.55 82.22 79.06 61.72 13.34 68.01 85.44 101.39 82.61 70.33 46.75 73.55 53.15 95.69 41.19 36.4 24.21 45.31 29.53 24.74 75.33 87.71 90.52 116.0 59.36 87.66 69.35 82.39 82.29 111.8 108.23 67.36 35.06 115.43 54.59 48.01 60.42 106.07 54.64 12.65 
26.08 63.03 27.2 98.23 13.45 112.04 113.44 57.43 68.6 69.03 95.9 77.94 99.28 98.41 0.0 59.51 43.19 47.85 72.47 113.21 98.27 76.69 57.56 103.94 34.83 54.82 18.44 37.66 92.76 60.07 25.3 6.71 38.48 28.16 81.34 75.18 43.1 73.93 101.14 108.37 61.81 65.44 76.16 91.3 32.8 36.72 54.15 57.01 50.25 93.65 38.33 36.22 64.4 90.71 96.51 105.99 45.4 47.42 30.61 73.93 62.01 74.2 63.6 107.2 118.79 53.08 39.81 13.34 24.08 39.6 34.01 32.28 68.12 24.33 22.09 47.63 82.2 124.2 63.25 57.27 67.98 75.43 15.3 43.93 103.25 
40.11 18.38 68.68 75.77 57.01 57.14 70.46 10.63 60.21 27.46 49.5 21.1 64.78 42.44 59.51 0.0 60.73 34.71 32.02 71.25 39.7 24.52 17.26 65.03 27.17 70.88 57.31 77.8 44.72 22.8 67.21 55.57 45.19 38.21 31.4 16.28 59.77 49.74 50.6 58.82 56.85 16.28 70.72 73.74 34.01 48.3 64.85 63.63 20.4 34.83 25.61 59.03 63.03 58.01 79.18 70.35 52.0 12.08 53.25 42.54 13.93 20.62 9.9 61.81 66.19 58.18 45.69 49.65 74.41 26.17 45.28 28.02 72.2 50.01 70.09 66.48 68.82 74.67 75.31 40.36 43.27 59.41 64.82 21.38 51.08 
27.66 51.01 70.04 59.54 54.57 93.92 84.02 51.97 100.26 83.73 72.01 69.0 66.48 83.74 43.19 60.73 0.0 72.84 51.66 83.1 88.36 63.29 70.33 73.11 37.44 94.02 59.2 80.75 70.94 75.47 68.07 47.07 70.72 56.04 64.33 70.35 1.0 41.4 79.85 84.97 22.8 55.04 34.21 120.93 29.41 70.83 11.0 14.32 66.03 85.09 56.64 7.0 98.47 112.65 56.08 72.84 10.2 52.33 68.03 46.07 53.24 63.03 69.64 80.45 97.08 12.21 72.11 49.04 67.03 35.34 66.89 48.8 25.0 20.62 65.28 86.93 42.05 98.79 101.98 29.41 38.47 37.8 58.42 39.56 83.22 
45.28 51.0 42.54 106.3 38.01 90.38 105.08 42.0 28.64 24.6 84.17 55.03 98.05 75.64 47.85 34.71 72.84 0.0 65.01 105.8 70.49 59.23 19.72 99.13 36.89 36.4 35.36 48.83 79.43 17.69 41.79 41.44 13.89 19.92 66.1 48.85 72.14 79.08 85.16 93.41 79.18 50.16 94.81 48.1 44.2 17.49 81.06 81.61 14.32 65.51 16.64 68.01 29.43 43.01 108.24 104.0 67.8 29.27 25.08 73.68 47.04 55.32 30.41 96.51 100.09 76.03 13.6 34.53 51.24 41.59 16.76 24.08 92.36 54.2 46.84 32.76 95.86 109.11 40.61 65.19 72.03 86.65 44.41 40.5 85.38 
46.69 14.04 90.38 44.29 75.66 42.54 42.15 23.02 91.92 58.69 23.43 23.02 33.06 32.25 72.47 32.02 51.66 65.01 0.0 42.38 38.33 14.76 49.24 34.53 38.95 99.72 77.82 100.85 20.62 54.82 88.57 71.28 72.84 61.68 13.0 28.28 50.7 20.81 29.41 36.07 36.35 15.81 45.62 105.62 39.7 75.31 50.04 47.01 51.16 36.14 51.62 53.85 94.19 88.59 48.6 39.01 41.48 36.12 78.16 12.04 18.25 17.03 40.85 34.99 47.2 43.1 73.68 67.6 93.3 33.29 71.59 49.34 51.42 52.8 89.55 94.37 40.61 51.74 105.17 22.36 16.76 31.91 83.01 29.97 32.25 
87.13 55.54 132.62 35.01 117.63 33.97 2.24 64.33 131.0 94.43 22.02 53.24 17.46 40.25 113.21 71.25 83.1 105.8 42.38 0.0 51.0 47.01 88.05 10.0 81.02 141.41 120.02 143.17 27.07 93.0 130.78 112.77 114.76 104.04 40.01 60.3 82.33 41.77 25.08 19.21 61.03 55.73 58.52 141.42 80.62 117.39 76.55 72.4 91.55 53.31 93.62 87.73 134.24 121.28 43.01 13.04 74.28 77.88 120.5 39.41 59.03 51.01 78.01 10.77 26.83 71.4 115.52 109.59 135.07 75.15 113.76 91.71 69.86 91.21 131.48 136.34 48.38 20.02 146.37 56.85 46.1 47.01 124.78 72.24 27.78 
75.77 38.08 108.19 73.6 96.67 22.02 49.19 41.15 89.56 51.24 32.53 20.62 55.17 10.82 98.27 39.7 88.36 70.49 38.33 51.0 0.0 25.08 50.77 50.45 63.95 106.47 97.0 116.93 28.43 53.67 106.78 94.87 83.01 77.79 25.5 23.43 87.37 57.57 26.08 32.31 74.67 34.48 82.86 95.08 68.71 86.4 88.05 85.21 57.2 5.0 65.05 89.27 94.58 73.11 80.16 57.49 78.23 51.4 92.2 48.76 37.34 25.71 40.22 40.31 33.0 81.02 83.23 89.2 114.11 60.54 83.87 67.62 89.63 84.43 109.79 103.25 76.16 44.18 109.25 60.01 54.92 68.62 104.48 55.54 23.26 
52.48 13.89 90.7 57.2 77.34 35.38 46.1 20.0 84.0 48.05 25.08 8.49 42.72 21.95 76.69 24.52 63.29 59.23 14.76 47.01 25.08 0.0 41.05 41.59 41.87 95.34 78.6 100.5 20.22 46.01 89.05 74.25 69.29 60.54 7.0 14.76 62.29 35.51 26.4 34.54 50.45 11.31 60.37 95.34 45.28 72.24 63.2 60.53 44.91 22.09 48.75 64.33 87.28 76.69 62.29 47.54 53.15 33.12 76.48 26.63 14.87 4.0 31.06 37.34 43.01 56.14 69.89 69.43 95.13 37.44 68.94 48.83 65.8 60.42 91.05 90.76 55.22 50.57 99.82 35.13 31.38 46.65 85.04 32.8 27.46 
45.22 35.44 59.64 92.7 51.26 70.77 87.14 26.93 43.05 13.42 66.12 35.9 82.04 56.08 57.56 17.26 70.33 19.72 49.24 88.05 50.77 41.05 0.0 82.15 33.11 55.95 50.09 67.27 61.2 5.83 58.52 52.17 32.56 31.02 48.04 29.41 69.46 66.21 66.29 74.53 70.84 33.54 85.6 56.86 41.15 36.07 76.4 75.93 7.62 45.79 19.24 67.12 46.27 43.14 95.75 87.57 63.01 18.44 42.64 59.46 31.05 37.05 10.77 78.31 80.65 70.29 32.65 45.35 67.12 35.23 34.06 26.02 85.56 55.36 62.65 52.48 84.72 89.99 59.48 55.0 59.48 75.29 58.69 31.89 66.22 
77.9 48.26 124.06 27.46 108.85 37.12 11.18 57.22 125.2 89.63 18.36 48.76 8.06 39.7 103.94 65.03 73.11 99.13 34.53 10.0 50.45 41.59 82.15 0.0 72.45 134.21 111.43 134.74 23.26 87.37 122.2 103.75 107.35 96.05 34.71 55.79 72.35 31.83 24.76 21.93 51.04 49.01 49.04 136.89 71.55 109.84 66.57 62.43 85.02 51.87 86.15 77.79 128.0 117.64 35.36 7.07 64.35 70.58 112.54 30.02 52.09 45.54 72.56 12.65 32.56 61.4 108.19 100.85 126.14 66.48 106.1 83.68 60.17 81.61 122.65 128.89 39.05 28.44 139.52 47.2 36.4 37.12 115.87 63.89 28.43 
13.0 28.28 51.62 73.03 36.72 77.23 80.96 22.83 65.37 46.52 62.13 43.42 69.12 63.6 34.83 27.17 37.44 36.89 38.95 81.02 63.95 41.87 33.11 72.45 0.0 65.38 39.0 62.3 58.6 38.08 49.77 32.65 38.83 25.02 46.69 41.44 36.62 46.04 66.71 74.2 42.54 30.61 58.31 84.65 8.06 40.31 44.55 44.82 28.6 59.51 20.25 34.01 65.0 75.21 73.68 75.69 31.14 16.12 41.11 43.17 27.2 39.41 34.23 73.93 84.22 39.2 40.02 28.65 54.38 6.08 36.22 13.6 55.47 23.09 50.61 59.08 60.42 90.21 72.18 30.15 39.12 51.62 44.1 9.22 68.62 
68.01 85.99 31.06 138.29 41.4 126.72 140.81 77.1 26.25 57.01 120.07 91.42 132.38 112.0 54.82 70.88 94.02 36.4 99.72 141.41 106.47 95.34 55.95 134.21 65.38 0.0 36.4 27.66 115.45 52.84 32.2 48.83 27.02 40.45 102.11 85.23 93.62 111.11 121.46 129.69 106.73 85.7 122.48 46.01 70.41 25.08 104.18 105.95 50.6 101.53 48.17 87.66 18.68 57.94 139.04 138.61 92.35 63.64 26.0 107.04 82.38 91.48 66.71 132.44 136.49 100.88 26.08 45.18 40.71 71.25 29.15 52.09 117.32 73.41 38.28 7.21 125.6 145.46 8.49 95.52 104.08 116.97 41.77 72.01 121.76 
36.06 66.04 12.65 109.77 5.0 113.57 119.92 58.6 51.48 59.2 100.72 77.83 107.86 99.16 18.44 57.31 59.2 35.36 77.82 120.02 97.0 78.6 50.09 111.43 39.0 36.4 0.0 23.54 96.9 50.92 10.77 12.53 23.09 19.42 84.31 73.59 58.94 83.74 104.56 112.36 75.03 67.42 90.27 74.32 40.79 20.4 69.86 72.18 42.49 92.1 32.2 52.5 46.65 76.42 109.11 114.48 59.3 46.01 13.0 81.91 63.82 75.43 58.52 112.71 121.61 67.6 24.19 11.05 17.2 44.94 19.0 29.83 83.55 38.83 12.81 29.21 95.02 128.47 44.82 67.08 77.13 87.28 9.06 47.85 106.02 
59.41 88.55 11.05 133.22 27.07 134.85 143.0 80.62 52.04 73.25 123.44 98.81 131.32 120.21 37.66 77.8 80.75 48.83 100.85 143.17 116.93 100.5 67.27 134.74 62.3 27.66 23.54 0.0 119.42 66.4 13.04 34.01 35.0 39.96 106.55 93.86 80.62 107.28 126.76 134.72 98.05 89.55 113.02 73.33 64.33 31.4 91.66 94.34 60.11 111.95 52.2 73.82 45.01 82.38 132.38 137.93 82.01 67.42 24.76 105.36 85.96 97.1 77.08 135.57 143.42 90.09 35.23 34.53 15.81 68.31 33.24 51.88 105.57 61.07 15.81 23.0 118.21 150.84 35.11 90.61 100.66 110.65 22.36 70.94 127.95 
67.18 30.89 109.27 45.22 95.13 23.35 26.0 39.0 104.04 67.36 5.1 26.17 26.91 18.36 92.76 44.72 70.94 79.43 20.62 27.07 28.43 20.22 61.2 23.26 58.6 115.45 96.9 119.42 0.0 66.03 107.54 91.21 89.19 79.62 13.34 33.24 70.01 33.02 8.94 15.62 52.61 30.08 57.43 114.42 60.11 92.03 67.68 64.13 65.12 29.07 68.35 73.79 107.47 94.64 51.97 30.02 60.93 52.55 95.85 25.5 33.62 24.19 51.01 17.12 26.63 61.13 89.84 87.09 112.89 53.26 88.6 67.54 66.01 73.41 109.0 110.72 49.48 31.62 120.03 41.63 32.98 43.19 102.65 49.41 12.37 
49.77 41.11 59.54 98.43 52.63 74.33 92.02 32.7 38.01 9.06 71.01 40.31 87.48 59.77 60.07 22.8 75.47 17.69 54.82 93.0 53.67 46.01 5.83 87.37 38.08 52.84 50.92 66.4 66.03 0.0 58.59 54.33 31.4 32.56 53.01 33.54 74.63 72.01 70.71 78.92 76.58 39.05 91.4 51.08 46.14 35.0 81.84 81.47 10.2 48.75 22.09 72.01 41.77 37.54 101.55 92.91 68.41 24.04 42.19 65.19 36.69 42.01 15.03 83.1 84.48 75.82 31.24 47.38 67.62 40.61 33.62 29.61 91.22 59.81 63.16 50.0 90.55 94.15 55.71 60.8 65.3 81.12 59.77 37.48 70.41 
46.39 76.66 2.0 120.21 14.04 123.85 130.68 69.07 52.17 66.31 111.41 87.97 118.6 109.34 25.3 67.21 68.07 41.79 88.57 130.78 106.78 89.05 58.52 122.2 49.77 32.2 10.77 13.04 107.54 58.59 0.0 21.1 28.16 29.0 94.87 83.45 67.9 94.37 115.12 122.97 85.02 77.94 100.04 74.73 51.42 24.74 78.92 81.5 51.04 101.83 41.73 61.19 46.17 80.02 119.34 125.23 69.03 56.22 16.76 92.66 74.33 85.8 67.62 123.43 132.06 77.16 28.86 21.59 10.0 55.71 25.08 40.22 92.78 48.17 6.32 25.55 105.17 139.09 40.61 77.67 87.8 97.62 10.3 58.6 116.5 
26.25 60.88 23.09 99.82 7.62 109.62 112.87 54.56 61.91 63.2 94.63 74.81 99.54 95.67 6.71 55.57 47.07 41.44 71.28 112.77 94.87 74.25 52.17 103.75 32.65 48.83 12.53 34.01 91.21 54.33 21.1 0.0 31.78 22.0 79.31 71.56 46.87 74.63 99.36 106.83 64.12 62.94 79.01 84.6 32.2 30.02 57.87 60.41 44.72 90.14 32.98 40.26 57.8 84.17 98.62 106.23 48.0 43.57 24.08 73.82 59.41 71.51 58.87 106.23 116.85 56.08 33.11 7.0 22.47 38.01 27.31 27.73 71.7 27.07 19.42 41.62 84.38 122.8 57.2 57.87 68.35 77.1 12.37 41.87 101.24 
43.42 59.23 28.79 111.45 26.68 102.08 114.24 50.45 30.61 38.47 93.68 66.19 105.39 87.32 38.48 45.19 70.72 13.89 72.84 114.76 83.01 69.29 32.56 107.35 38.83 27.02 23.09 35.0 89.19 31.4 28.16 31.78 0.0 14.76 75.89 60.54 70.18 84.21 95.63 103.82 80.96 59.2 96.77 53.0 44.6 3.61 80.13 81.39 25.81 78.01 21.21 65.0 27.8 53.34 112.45 111.65 67.54 36.88 11.4 80.02 55.79 65.55 42.8 106.04 111.36 76.06 1.41 25.55 37.85 44.55 4.47 25.32 92.61 50.61 33.54 21.59 99.25 119.77 33.38 68.88 77.16 90.43 32.02 45.04 96.25 
28.65 48.85 30.48 98.05 20.25 95.0 103.73 40.71 44.55 41.3 83.77 59.03 93.38 80.43 28.16 38.21 56.04 19.92 61.68 104.04 77.79 60.54 31.02 96.05 25.02 40.45 19.42 39.96 79.62 32.56 29.0 22.0 14.76 0.0 66.65 54.45 55.47 71.01 86.83 94.83 66.48 49.65 82.28 66.22 30.08 15.52 65.37 66.64 23.41 72.86 12.81 50.45 42.44 62.94 98.62 99.82 52.8 27.46 16.49 67.6 46.07 57.14 39.12 96.01 103.46 61.33 16.12 15.0 36.62 31.0 11.4 12.37 77.88 36.12 32.2 34.06 85.16 110.94 47.54 55.15 64.03 76.53 27.73 32.39 87.98 
56.4 18.44 96.57 51.74 82.8 31.06 39.12 25.94 91.0 54.92 18.11 14.32 36.25 19.42 81.34 31.4 64.33 66.1 13.0 40.01 25.5 7.0 48.04 34.71 46.69 102.11 84.31 106.55 13.34 53.01 94.87 79.31 75.89 66.65 0.0 21.19 63.35 32.31 20.25 28.18 49.25 17.0 57.58 102.18 49.2 78.77 63.03 60.01 51.79 23.77 55.15 66.1 94.26 83.22 57.31 40.8 54.13 39.4 82.76 23.41 20.59 11.0 38.05 30.41 37.54 56.08 76.54 74.81 100.6 41.77 75.39 54.71 64.13 63.63 96.61 97.42 51.48 44.29 106.71 35.23 29.43 43.46 90.43 37.48 21.93 
53.85 19.92 84.9 71.85 73.25 41.59 59.14 19.24 71.34 34.13 38.33 7.07 57.38 26.83 75.18 16.28 70.35 48.85 28.28 60.3 23.43 14.76 29.41 55.79 41.44 85.23 73.59 93.86 33.24 33.54 83.45 71.56 60.54 54.45 21.19 0.0 69.35 48.92 37.22 45.4 61.33 15.81 72.95 81.22 47.07 63.81 72.28 70.21 34.89 18.6 41.77 70.0 75.31 62.03 76.69 61.98 60.67 28.02 69.2 40.31 17.12 11.4 18.68 50.04 51.26 65.25 60.9 65.8 90.69 38.83 61.03 44.2 76.97 63.15 86.37 81.39 68.77 60.64 88.89 44.94 43.83 59.82 81.06 33.73 36.88 
27.02 50.01 69.87 59.06 54.34 92.97 83.24 50.99 99.64 82.86 71.11 68.0 65.76 82.76 43.1 59.77 1.0 72.14 50.7 82.33 87.37 62.29 69.46 72.35 36.62 93.62 58.94 80.62 70.01 74.63 67.9 46.87 70.18 55.47 63.35 69.35 0.0 40.61 78.92 84.08 22.2 54.04 33.96 120.24 28.6 70.33 11.05 14.14 65.22 84.1 55.9 7.07 97.91 111.83 55.71 72.14 9.22 51.43 67.62 45.18 52.24 62.03 68.71 79.61 96.18 11.66 71.56 48.7 67.01 34.44 66.37 48.08 25.02 20.25 65.19 86.54 41.63 97.94 101.55 28.46 37.59 37.2 58.31 38.63 82.28 
48.38 31.62 96.32 27.29 80.52 56.22 42.64 39.36 107.28 77.18 32.56 43.83 25.81 49.65 73.93 49.74 41.4 79.08 20.81 41.77 57.57 35.51 66.21 31.83 46.04 111.11 83.74 107.28 33.02 72.01 94.37 74.63 84.21 71.01 32.31 48.92 40.61 0.0 41.3 44.92 20.25 34.83 25.3 123.07 42.95 86.05 35.85 31.95 66.41 56.08 63.64 45.97 108.47 107.62 29.55 32.45 32.53 50.0 87.14 8.94 36.06 37.8 59.36 39.36 57.28 30.02 85.29 72.78 97.08 40.01 82.02 59.03 33.0 50.61 93.96 105.0 19.85 57.71 117.52 16.76 7.07 11.18 86.98 39.2 45.18 
75.74 38.6 116.81 50.09 103.0 15.0 23.41 46.14 108.56 71.01 9.06 30.41 30.53 15.26 101.14 50.6 79.85 85.16 29.41 25.08 26.08 26.4 66.29 24.76 66.71 121.46 104.56 126.76 8.94 70.71 115.12 99.36 95.63 86.83 20.25 37.22 78.92 41.3 0.0 8.25 61.19 37.22 65.07 117.43 68.62 98.62 76.4 72.78 70.88 28.23 75.15 82.73 112.45 96.69 57.38 31.83 69.86 59.48 102.86 34.21 40.82 30.08 55.73 14.32 17.8 69.92 96.21 95.0 120.8 61.55 95.34 74.95 74.17 82.2 116.83 117.05 56.57 24.17 125.63 50.57 41.76 51.0 110.6 57.49 4.12 
82.73 46.32 124.68 49.04 110.68 15.26 17.2 54.12 116.73 79.06 13.04 38.64 29.12 21.84 108.37 58.82 84.97 93.41 36.07 19.21 32.31 34.54 74.53 21.93 74.2 129.69 112.36 134.72 15.62 78.92 122.97 106.83 103.82 94.83 28.18 45.4 84.08 44.92 8.25 0.0 65.15 45.18 67.19 125.26 75.69 106.78 80.65 76.84 79.12 35.17 83.26 88.32 120.67 104.24 56.75 28.65 75.18 67.54 110.92 38.91 48.76 38.28 63.95 9.43 12.37 74.46 104.4 102.65 128.46 68.88 103.47 82.86 77.1 88.73 124.54 125.25 58.0 16.12 133.88 56.08 46.52 53.6 118.22 65.0 9.22 
39.2 41.59 87.02 37.16 71.01 75.95 62.13 46.4 107.78 83.44 52.63 57.87 44.05 68.01 61.81 56.85 22.8 79.18 36.35 61.03 74.67 50.45 70.84 51.04 42.54 106.73 75.03 98.05 52.61 76.58 85.02 64.12 80.96 66.48 49.25 61.33 22.2 20.25 61.19 65.15 0.0 45.62 15.81 126.19 36.4 82.01 15.65 11.7 68.82 72.37 62.61 28.65 107.54 113.9 34.71 50.25 16.49 52.63 81.22 27.17 45.28 51.55 66.71 59.51 77.49 10.63 82.22 64.07 85.84 37.59 77.88 56.08 15.65 37.48 83.38 100.02 20.4 77.82 114.02 16.64 20.0 15.0 76.32 39.41 64.94 
41.59 4.12 79.61 59.93 66.07 46.69 55.11 8.94 76.42 42.95 34.48 14.14 48.51 33.02 65.44 16.28 55.04 50.16 15.81 55.73 34.48 11.31 33.54 49.01 30.61 85.7 67.42 89.55 30.08 39.05 77.94 62.94 59.2 49.65 17.0 15.81 54.04 34.83 37.22 45.18 45.62 0.0 57.8 89.81 34.44 61.98 56.52 54.41 36.01 30.59 38.28 55.23 79.01 73.06 63.81 54.15 45.18 22.47 65.8 26.93 3.61 8.94 25.08 46.84 54.2 49.48 59.91 58.14 83.87 26.42 58.52 37.74 61.27 49.98 79.81 80.78 54.49 61.29 90.67 29.15 29.0 45.25 73.76 21.63 38.6 
54.74 54.04 102.04 27.59 86.09 80.06 60.08 60.11 123.44 97.84 56.04 68.48 41.11 74.73 76.16 70.72 34.21 94.81 45.62 58.52 82.86 60.37 85.6 49.04 58.31 122.48 90.27 113.02 57.43 91.4 100.04 79.01 96.77 82.28 57.58 72.95 33.96 25.3 65.07 67.19 15.81 57.8 0.0 141.51 52.2 97.8 23.77 19.92 84.06 81.34 78.29 41.0 123.31 128.43 22.47 46.1 31.02 67.68 96.88 34.18 58.14 62.27 80.62 59.84 79.4 23.09 98.03 79.4 100.24 53.23 93.68 71.87 12.04 52.01 98.05 115.73 10.3 77.37 129.81 30.61 29.15 14.32 91.02 54.71 69.12 
93.34 92.11 74.22 149.49 78.72 117.11 140.16 83.77 22.85 47.3 119.52 88.28 137.79 104.02 91.3 73.74 120.93 48.1 105.62 141.42 95.08 95.34 56.86 136.89 84.65 46.01 74.32 73.33 114.42 51.08 74.73 84.6 53.0 66.22 102.18 81.22 120.24 123.07 117.43 125.26 126.19 89.81 141.51 0.0 92.2 54.59 129.07 129.47 57.45 91.01 64.54 116.0 28.64 23.41 152.61 142.86 115.75 73.93 61.33 116.25 87.66 91.44 64.85 130.98 128.06 123.85 51.62 78.55 84.4 88.81 57.45 72.18 140.0 101.98 81.04 50.49 141.35 139.0 40.31 111.14 116.3 131.95 82.28 86.82 116.16 
7.21 31.38 53.37 69.18 37.64 80.21 80.78 27.89 72.4 54.56 63.13 48.1 67.42 67.23 32.8 34.01 29.41 44.2 39.7 80.62 68.71 45.28 41.15 71.55 8.06 70.41 40.79 64.33 60.11 46.14 51.42 32.2 44.6 30.08 49.2 47.07 28.6 42.95 68.62 75.69 36.4 34.44 52.2 92.2 0.0 45.61 36.88 37.44 36.62 64.51 27.66 26.0 71.55 83.23 69.07 74.09 23.6 23.77 45.18 41.63 31.38 43.38 41.77 74.4 86.37 31.91 45.88 29.83 54.63 8.25 41.48 20.25 48.37 16.12 51.26 63.79 55.33 91.44 77.62 26.31 36.4 47.01 44.38 13.34 70.94 
43.86 61.85 25.3 113.22 24.35 105.31 116.91 53.16 31.91 42.06 96.46 69.35 107.67 90.55 36.72 48.3 70.83 17.49 75.31 117.39 86.4 72.24 36.07 109.84 40.31 25.08 20.4 31.4 92.03 35.0 24.74 30.02 3.61 15.52 78.77 63.81 70.33 86.05 98.62 106.78 82.01 61.98 97.8 54.59 45.61 0.0 80.5 81.94 29.21 81.4 23.77 64.9 28.28 56.14 113.99 113.99 68.15 39.56 8.06 82.15 58.52 68.54 46.23 108.81 114.49 76.69 4.12 24.21 34.53 46.17 4.12 27.02 93.23 50.48 30.27 19.1 100.62 122.77 32.02 70.46 79.03 91.92 29.15 47.01 99.32 
36.72 52.39 80.89 50.22 65.31 91.01 77.7 55.15 109.04 89.63 68.01 69.87 59.41 82.22 54.15 64.85 11.0 81.06 50.04 76.55 88.05 63.2 76.4 66.57 44.55 104.18 69.86 91.66 67.68 81.84 78.92 57.87 80.13 65.37 63.03 72.28 11.05 35.85 76.4 80.65 15.65 56.52 23.77 129.07 36.88 80.5 0.0 4.24 72.92 85.29 64.54 18.0 107.7 119.33 46.07 65.44 13.45 58.01 78.19 42.2 55.36 63.64 74.3 75.15 92.97 7.07 81.49 59.48 78.03 41.23 76.48 57.01 14.0 31.05 76.24 97.14 32.45 93.47 112.0 28.07 34.71 29.83 69.35 44.65 80.05 
38.08 50.29 83.49 46.04 67.74 87.48 73.57 53.67 109.84 89.02 64.29 67.47 55.22 79.06 57.01 63.63 14.32 81.61 47.01 72.4 85.21 60.53 75.93 62.43 44.82 105.95 72.18 94.34 64.13 81.47 81.5 60.41 81.39 66.64 60.01 70.21 14.14 31.95 72.78 76.84 11.7 54.41 19.92 129.47 37.44 81.94 4.24 0.0 72.84 82.61 65.0 21.21 108.78 119.0 42.05 61.22 13.89 57.49 80.01 38.64 53.49 61.19 73.25 71.18 89.19 5.66 82.73 61.61 81.01 41.01 77.88 57.69 11.4 33.38 79.06 98.98 28.3 89.47 113.65 25.5 31.26 25.61 72.11 44.05 76.49 
39.81 37.12 52.2 93.41 43.66 76.48 90.8 28.16 41.0 19.24 69.87 40.85 84.21 61.72 50.25 20.4 66.03 14.32 51.16 91.55 57.2 44.91 7.62 85.02 28.6 50.6 42.49 60.11 65.12 10.2 51.04 44.72 25.81 23.41 51.79 34.89 65.22 66.41 70.88 79.12 68.82 36.01 84.06 57.45 36.62 29.21 72.92 72.84 0.0 52.2 12.0 62.27 43.05 46.62 95.86 90.05 59.46 16.55 35.38 60.42 33.02 41.0 17.03 82.2 86.01 67.18 26.08 37.85 59.54 31.83 26.87 19.42 82.98 49.77 55.07 46.52 84.1 94.87 54.92 53.71 59.46 74.73 51.08 29.41 71.17 
71.51 34.37 103.24 73.76 91.83 26.31 51.62 36.77 84.9 46.57 33.6 16.49 55.97 13.34 93.65 34.83 85.09 65.51 36.14 53.31 5.0 22.09 45.79 51.87 59.51 101.53 92.1 111.95 29.07 48.75 101.83 90.14 78.01 72.86 23.77 18.6 84.1 56.08 28.23 35.17 72.37 30.59 81.34 91.01 64.51 81.4 85.29 82.61 52.2 0.0 60.11 85.71 89.81 69.35 80.0 58.82 75.03 46.62 87.21 47.17 33.24 22.09 35.23 42.54 37.12 78.23 78.24 84.4 109.22 56.3 78.87 62.8 87.56 80.36 104.89 98.27 75.13 48.01 104.39 57.22 52.89 67.23 99.64 51.26 25.96 
29.41 38.08 43.14 90.93 32.65 82.66 93.15 29.41 45.18 31.14 72.73 46.62 84.21 68.01 38.33 25.61 56.64 16.64 51.62 93.62 65.05 48.75 19.24 86.15 20.25 48.17 32.2 52.2 68.35 22.09 41.73 32.98 21.21 12.81 55.15 41.77 55.9 63.64 75.15 83.26 62.61 38.28 78.29 64.54 27.66 23.77 64.54 65.0 12.0 60.11 0.0 52.2 45.22 56.82 92.42 90.45 51.22 15.81 27.78 59.01 34.79 45.18 26.42 85.07 91.42 59.41 22.09 26.25 49.41 25.08 20.25 8.06 75.72 38.95 45.0 42.76 79.7 99.32 54.04 49.04 56.57 70.6 40.31 24.52 76.06 
22.8 51.35 63.15 65.74 47.8 96.38 88.53 51.09 94.92 80.53 75.29 69.35 71.51 85.44 36.22 59.03 7.0 68.01 53.85 87.73 89.27 64.33 67.12 77.79 34.01 87.66 52.5 73.82 73.79 72.01 61.19 40.26 65.0 50.45 66.1 70.0 7.07 45.97 82.73 88.32 28.65 55.23 41.0 116.0 26.0 64.9 18.0 21.21 62.27 85.71 52.2 0.0 92.8 108.76 62.63 77.99 13.45 49.65 61.72 49.65 53.04 63.64 67.45 84.4 100.24 18.38 66.4 42.54 60.03 32.98 61.03 44.2 32.0 14.42 58.31 80.53 48.47 102.65 95.71 32.25 42.2 43.57 51.48 37.66 85.91 
71.02 80.16 45.61 135.71 51.31 115.8 133.38 71.18 7.62 43.46 112.36 82.04 127.25 101.39 64.4 63.03 98.47 29.43 94.19 134.24 94.58 87.28 46.27 128.0 65.0 18.68 46.65 45.01 107.47 41.77 46.17 57.8 27.8 42.44 94.26 75.31 97.91 108.47 112.45 120.67 107.54 79.01 123.31 28.64 71.55 28.28 107.7 108.78 43.05 89.81 45.22 92.8 0.0 39.4 137.53 133.09 94.89 58.69 33.84 103.1 76.06 83.29 56.72 124.58 126.13 103.35 26.4 52.4 55.79 70.23 31.89 51.48 119.88 78.41 52.5 22.02 124.92 135.92 16.28 94.25 101.41 115.8 54.13 69.64 112.18 
86.09 76.01 80.1 132.88 79.91 95.05 119.85 68.6 31.78 30.61 99.72 68.95 119.4 82.61 90.71 58.01 112.65 43.01 88.59 121.28 73.11 76.69 43.14 117.64 75.21 57.94 76.42 82.38 94.64 37.54 80.02 84.17 53.34 62.94 83.22 62.03 111.83 107.62 96.69 104.24 113.9 73.06 128.43 23.41 83.23 56.14 119.33 119.0 46.62 69.35 56.82 108.76 39.4 0.0 136.86 123.98 105.89 61.55 64.07 99.98 71.56 73.01 48.26 110.63 106.08 113.36 52.24 77.37 90.02 78.1 57.56 64.88 128.7 95.77 86.0 59.91 126.83 117.27 55.07 97.84 101.26 117.41 85.29 75.01 95.04 
73.06 60.9 121.33 8.0 105.3 71.47 45.0 68.88 136.62 106.55 48.75 70.77 27.66 70.33 96.51 79.18 56.08 108.24 48.6 43.01 80.16 62.29 95.75 35.36 73.68 139.04 109.11 132.38 51.97 101.55 119.34 98.62 112.45 98.62 57.31 76.69 55.71 29.55 57.38 56.75 34.71 63.81 22.47 152.61 69.07 113.99 46.07 42.05 95.86 80.0 92.42 62.63 137.53 136.86 0.0 30.0 51.2 79.38 114.21 36.89 65.37 65.3 88.68 47.85 67.9 44.27 113.6 98.08 120.51 67.9 109.9 87.13 34.21 72.18 117.96 132.64 14.32 63.0 145.83 43.57 36.4 22.09 110.89 67.91 61.47 
80.11 53.0 127.13 22.0 111.66 43.91 15.0 62.0 130.55 95.57 25.24 55.03 6.71 46.75 105.99 70.35 72.84 104.0 39.01 13.04 57.49 47.54 87.57 7.07 75.69 138.61 114.48 137.93 30.02 92.91 125.23 106.23 111.65 99.82 40.8 61.98 72.14 32.45 31.83 28.65 50.25 54.15 46.1 142.86 74.09 113.99 65.44 61.22 90.05 58.82 90.45 77.99 133.09 123.98 30.0 0.0 64.66 75.11 116.3 32.57 57.04 51.42 78.26 19.24 38.6 60.83 112.54 103.73 128.69 69.64 110.17 87.48 57.71 83.01 125.36 133.09 35.85 33.0 144.17 48.76 38.01 35.61 118.47 67.47 35.47 
24.35 41.11 71.03 53.49 55.08 83.82 75.07 42.72 95.96 76.28 62.18 59.03 58.14 73.55 45.4 52.0 10.2 67.8 41.48 74.28 78.23 53.15 63.01 64.35 31.14 92.35 59.3 82.01 60.93 68.41 69.03 48.0 67.54 52.8 54.13 60.67 9.22 32.53 69.86 75.18 16.49 45.18 31.02 115.75 23.6 68.15 13.45 13.89 59.46 75.03 51.22 13.45 94.89 105.89 51.2 64.66 0.0 44.65 66.48 36.36 43.57 53.0 61.27 71.03 87.21 8.54 68.88 48.51 69.46 27.8 64.08 43.83 25.08 21.1 67.12 85.44 36.88 89.31 99.96 19.31 28.84 30.87 60.07 31.38 73.16 
29.07 22.36 57.8 77.13 45.34 67.62 77.37 13.6 57.28 31.62 56.92 31.83 69.01 53.15 47.42 12.08 52.33 29.27 36.12 77.88 51.4 33.12 18.44 70.58 16.12 63.64 46.01 67.42 52.55 24.04 56.22 43.57 36.88 27.46 39.4 28.02 51.43 50.0 59.48 67.54 52.63 22.47 67.68 73.93 23.77 39.56 58.01 57.49 16.55 46.62 15.81 49.65 58.69 61.55 79.38 75.11 44.65 0.0 43.38 44.41 18.97 29.68 18.11 69.26 76.01 51.86 37.66 37.8 62.94 17.0 36.06 16.28 67.18 39.2 58.69 58.46 67.54 83.63 69.07 37.22 43.01 58.18 53.15 13.45 60.54 
42.2 65.19 17.46 114.0 17.49 110.39 120.17 56.86 38.48 49.66 100.09 74.33 109.84 95.69 30.61 53.25 68.03 25.08 78.16 120.5 92.2 76.48 42.64 112.54 41.11 26.0 13.0 24.76 95.85 42.19 16.76 24.08 11.4 16.49 82.76 69.2 67.62 87.14 102.86 110.92 81.22 65.8 96.88 61.33 45.18 8.06 78.19 80.01 35.38 87.21 27.78 61.72 33.84 64.07 114.21 116.3 66.48 43.38 0.0 84.01 62.24 72.95 52.33 112.36 119.2 75.0 12.17 19.42 26.48 47.17 8.6 28.86 91.39 47.42 22.2 18.97 100.5 127.01 34.0 71.0 80.22 92.14 21.38 48.84 103.83 
47.89 24.17 94.56 33.24 79.12 48.84 39.82 32.57 101.41 69.77 26.0 35.0 25.96 41.19 73.93 42.54 46.07 73.68 12.04 39.41 48.76 26.63 59.46 30.02 43.17 107.04 81.91 105.36 25.5 65.19 92.66 73.82 80.02 67.6 23.41 40.31 45.18 8.94 34.21 38.91 27.17 26.93 34.18 116.25 41.63 82.15 42.2 38.64 60.42 47.17 59.01 49.65 103.1 99.98 36.89 32.57 36.36 44.41 84.01 0.0 28.64 29.07 51.88 34.83 51.08 35.74 81.01 71.17 96.25 37.11 78.23 55.33 41.19 51.86 92.85 101.24 28.6 53.01 113.04 17.69 7.62 20.12 86.01 35.23 37.85 
38.48 4.47 76.01 61.85 62.48 50.21 58.46 5.39 73.68 41.18 37.95 16.76 51.24 36.4 62.01 13.93 53.24 47.04 18.25 59.03 37.34 14.87 31.05 52.09 27.2 82.38 63.82 85.96 33.62 36.69 74.33 59.41 55.79 46.07 20.59 17.12 52.24 36.06 40.82 48.76 45.28 3.61 58.14 87.66 31.38 58.52 55.36 53.49 33.02 33.24 34.79 53.04 76.06 71.56 65.37 57.04 43.57 18.97 62.24 28.64 0.0 12.21 23.32 50.29 57.8 48.38 56.52 54.56 80.28 23.26 55.03 34.13 60.9 47.13 76.22 77.37 55.44 64.88 87.46 28.65 29.83 46.1 70.18 18.36 42.2 
50.54 12.37 87.42 60.46 74.33 38.21 50.09 16.97 80.0 44.15 29.07 6.32 46.49 24.21 74.2 20.62 63.03 55.32 17.03 51.01 25.71 4.0 37.05 45.54 39.41 91.48 75.43 97.1 24.19 42.01 85.8 71.51 65.55 57.14 11.0 11.4 62.03 37.8 30.08 38.28 51.55 8.94 62.27 91.44 43.38 68.54 63.64 61.19 41.0 22.09 45.18 63.64 83.29 73.01 65.3 51.42 53.0 29.68 72.95 29.07 12.21 0.0 27.07 41.3 46.32 56.57 66.13 66.48 92.1 35.36 65.31 45.61 67.07 58.87 87.97 86.98 57.63 54.23 95.9 35.69 33.12 48.83 82.07 30.53 30.89 
47.17 27.78 68.88 85.0 59.06 60.01 77.01 20.52 53.04 17.89 56.0 25.32 73.01 45.31 63.6 9.9 69.64 30.41 40.85 78.01 40.22 31.06 10.77 72.56 34.23 66.71 58.52 77.08 51.01 15.03 67.62 58.87 42.8 39.12 38.05 18.68 68.71 59.36 55.73 63.95 66.71 25.08 80.62 64.85 41.77 46.23 74.3 73.25 17.03 35.23 26.42 67.45 56.72 48.26 88.68 78.26 61.27 18.11 52.33 51.88 23.32 27.07 0.0 68.07 69.89 67.74 43.01 52.39 75.72 34.48 43.86 31.32 82.01 57.31 71.28 63.13 78.6 79.31 70.21 50.25 53.01 69.2 66.73 30.08 55.54 
81.22 47.17 125.22 40.02 110.64 24.7 9.22 55.66 121.1 84.15 12.37 43.01 20.22 29.53 107.2 61.81 80.45 96.51 34.99 10.77 40.31 37.34 78.31 12.65 73.93 132.44 112.71 135.57 17.12 83.1 123.43 106.23 106.04 96.01 30.41 50.04 79.61 39.36 14.32 9.43 59.51 46.84 59.84 130.98 74.4 108.81 75.15 71.18 82.2 42.54 85.07 84.4 124.58 110.63 47.85 19.24 71.03 69.26 112.36 34.83 50.29 41.3 68.07 0.0 20.1 69.35 106.74 102.58 128.28 68.26 105.3 83.77 70.34 86.28 124.53 127.61 50.25 18.36 137.12 52.5 42.2 46.84 117.99 64.88 17.2 
93.51 55.97 133.7 60.02 120.25 11.05 24.6 63.01 121.6 83.36 25.08 45.19 40.31 24.74 118.79 66.19 97.08 100.09 47.2 26.83 33.0 43.01 80.65 32.56 84.22 136.49 121.61 143.42 26.63 84.48 132.06 116.85 111.36 103.46 37.54 51.26 96.18 57.28 17.8 12.37 77.49 54.2 79.4 128.06 86.37 114.49 92.97 89.19 86.01 37.12 91.42 100.24 126.13 106.08 67.9 38.6 87.21 76.01 119.2 51.08 57.8 46.32 69.89 20.1 0.0 86.73 111.83 112.29 138.06 79.2 111.41 91.84 89.44 100.0 134.01 132.5 70.06 11.7 140.09 68.0 58.69 65.92 127.91 75.01 15.62 
32.89 45.35 79.16 47.41 63.29 84.4 72.42 48.33 104.31 83.41 61.68 62.8 54.56 75.33 53.08 58.18 12.21 76.03 43.1 71.4 81.02 56.14 70.29 61.4 39.2 100.88 67.6 90.09 61.13 75.82 77.16 56.08 76.06 61.33 56.08 65.25 11.66 30.02 69.92 74.46 10.63 49.48 23.09 123.85 31.91 76.69 7.07 5.66 67.18 78.23 59.41 18.38 103.35 113.36 44.27 60.83 8.54 51.86 75.0 35.74 48.38 56.57 67.74 69.35 86.73 0.0 77.39 56.89 77.16 35.36 72.62 52.15 16.55 29.02 75.01 93.96 30.08 87.71 108.5 21.02 28.16 25.61 68.0 38.42 73.5 
44.78 60.02 29.41 112.54 27.89 102.47 114.98 51.2 29.21 38.08 94.37 66.64 106.3 87.71 39.81 45.69 72.11 13.6 73.68 115.52 83.23 69.89 32.65 108.19 40.02 26.08 24.19 35.23 89.84 31.24 28.86 33.11 1.41 16.12 76.54 60.9 71.56 85.29 96.21 104.4 82.22 59.91 98.03 51.62 45.88 4.12 81.49 82.73 26.08 78.24 22.09 66.4 26.4 52.24 113.6 112.54 68.88 37.66 12.17 81.01 56.52 66.13 43.01 106.74 111.83 77.39 0.0 26.93 38.64 45.71 5.83 26.48 93.94 52.01 34.37 20.88 100.44 120.33 32.25 70.04 78.23 91.59 33.06 46.1 96.77 
25.02 56.4 23.54 98.73 8.06 104.69 109.57 49.52 56.04 56.22 90.74 69.43 97.08 90.52 13.34 49.65 49.04 34.53 67.6 109.59 89.2 69.43 45.35 100.85 28.65 45.18 11.05 34.53 87.09 47.38 21.59 7.0 25.55 15.0 74.81 65.8 48.7 72.78 95.0 102.65 64.07 58.14 79.4 78.55 29.83 24.21 59.48 61.61 37.85 84.4 26.25 42.54 52.4 77.37 98.08 103.73 48.51 37.8 19.42 71.17 54.56 66.48 52.39 102.58 112.29 56.89 26.93 0.0 25.81 34.44 21.1 21.63 73.01 28.46 21.95 38.01 84.01 118.71 53.34 56.09 66.22 76.24 15.62 37.74 96.67 
48.7 82.2 10.2 122.02 17.8 130.3 135.12 75.17 61.98 75.61 116.5 94.75 122.0 116.0 24.08 74.41 67.03 51.24 93.3 135.07 114.11 95.13 67.12 126.14 54.38 40.71 17.2 15.81 112.89 67.62 10.0 22.47 37.85 36.62 100.6 90.69 67.01 97.08 120.8 128.46 85.84 83.87 100.24 84.4 54.63 34.53 78.03 81.01 59.54 109.22 49.41 60.03 55.79 90.02 120.51 128.69 69.46 62.94 26.48 96.25 80.28 92.1 75.72 128.28 138.06 77.16 38.64 25.81 0.0 60.03 34.48 46.67 92.02 48.37 4.47 34.54 106.21 144.52 48.88 80.32 90.82 99.25 10.3 63.51 122.44 
15.23 23.6 57.58 67.07 42.49 72.62 75.13 19.65 70.21 48.55 56.61 39.92 63.06 59.36 39.6 26.17 35.34 41.59 33.29 75.15 60.54 37.44 35.23 66.48 6.08 71.25 44.94 68.31 53.26 40.61 55.71 38.01 44.55 31.0 41.77 38.83 34.44 40.01 61.55 68.88 37.59 26.42 53.23 88.81 8.25 46.17 41.23 41.01 31.83 56.3 25.08 32.98 70.23 78.1 67.9 69.64 27.8 17.0 47.17 37.11 23.26 35.36 34.48 68.26 79.2 35.36 45.71 34.44 60.03 0.0 42.11 19.24 51.22 24.33 56.36 65.03 54.82 84.81 77.93 24.33 33.06 45.89 49.74 5.1 63.66 
39.81 58.24 25.94 109.17 22.36 102.4 113.32 49.65 35.0 41.23 92.97 66.37 103.82 87.66 34.01 45.28 66.89 16.76 71.59 113.76 83.87 68.94 34.06 106.1 36.22 29.15 19.0 33.24 88.6 33.62 25.08 27.31 4.47 11.4 75.39 61.03 66.37 82.02 95.34 103.47 77.88 58.52 93.68 57.45 41.48 4.12 76.48 77.88 26.87 78.87 20.25 61.03 31.89 57.56 109.9 110.17 64.08 36.06 8.6 78.23 55.03 65.31 43.86 105.3 111.41 72.62 5.83 21.1 34.48 42.11 0.0 23.0 89.16 46.62 30.08 23.02 96.51 119.51 36.14 66.37 75.01 87.82 28.02 43.05 96.15 
21.4 36.67 41.88 86.21 29.07 83.74 91.42 28.84 52.15 38.64 71.59 48.08 81.05 69.35 32.28 28.02 48.8 24.08 49.34 91.71 67.62 48.83 26.02 83.68 13.6 52.09 29.83 51.88 67.54 29.61 40.22 27.73 25.32 12.37 54.71 44.2 48.08 59.03 74.95 82.86 56.08 37.74 71.87 72.18 20.25 27.02 57.01 57.69 19.42 62.8 8.06 44.2 51.48 64.88 87.13 87.48 43.83 16.28 28.86 55.33 34.13 45.61 31.32 83.77 91.84 52.15 26.48 21.63 46.67 19.24 23.0 0.0 68.6 30.89 42.45 46.01 73.98 98.98 58.69 43.57 52.01 65.12 36.88 20.1 76.28 
49.4 57.25 94.76 39.62 79.08 89.14 71.31 61.85 120.74 98.41 65.28 73.39 52.39 82.39 68.12 72.2 25.0 92.36 51.42 69.86 89.63 65.8 85.56 60.17 55.47 117.32 83.55 105.57 66.01 91.22 92.78 71.7 92.61 77.88 64.13 76.97 25.02 33.0 74.17 77.1 15.65 61.27 12.04 140.0 48.37 93.23 14.0 11.4 82.98 87.56 75.72 32.0 119.88 128.7 34.21 57.71 25.08 67.18 91.39 41.19 60.9 67.07 82.01 70.34 89.44 16.55 93.94 73.01 92.02 51.22 89.16 68.6 0.0 44.72 90.2 110.37 22.2 88.23 125.0 32.25 34.71 23.54 83.29 53.76 78.1 
10.2 46.62 50.16 74.04 34.37 94.67 91.68 43.93 80.66 68.62 75.82 63.89 76.32 82.29 24.33 50.01 20.62 54.2 52.8 91.21 84.43 60.42 55.36 81.61 23.09 73.41 38.83 61.07 73.41 59.81 48.17 27.07 50.61 36.12 63.63 63.15 20.25 50.61 82.2 88.73 37.48 49.98 52.01 101.98 16.12 50.48 31.05 33.38 49.77 80.36 38.95 14.42 78.41 95.77 72.18 83.01 21.1 39.2 47.42 51.86 47.13 58.87 57.31 86.28 100.0 29.02 52.01 28.46 48.37 24.33 46.62 30.89 44.72 0.0 46.04 66.31 57.87 104.0 81.39 34.41 45.22 51.24 39.01 29.43 84.88 
45.61 78.24 7.21 119.24 13.89 126.15 131.49 71.06 58.46 71.17 112.68 90.52 118.68 111.8 22.09 70.09 65.28 46.84 89.55 131.48 109.79 91.05 62.65 122.65 50.61 38.28 12.81 15.81 109.0 63.16 6.32 19.42 33.54 32.2 96.61 86.37 65.19 93.96 116.83 124.54 83.38 79.81 98.05 81.04 51.26 30.27 76.24 79.06 55.07 104.89 45.0 58.31 52.5 86.0 117.96 125.36 67.12 58.69 22.2 92.85 76.22 87.97 71.28 124.53 134.01 75.01 34.37 21.95 4.47 56.36 30.08 42.45 90.2 46.04 0.0 31.76 103.7 140.62 46.62 77.2 87.6 96.51 7.07 59.68 118.41 
61.13 80.81 24.6 132.09 34.21 122.98 135.82 72.03 29.07 55.15 115.25 87.32 126.78 108.23 47.63 66.48 86.93 32.76 94.37 136.34 103.25 90.76 52.48 128.89 59.08 7.21 29.21 23.0 110.72 50.0 25.55 41.62 21.59 34.06 97.42 81.39 86.54 105.0 117.05 125.25 100.02 80.78 115.73 50.49 63.79 19.1 97.14 98.98 46.52 98.27 42.76 80.53 22.02 59.91 132.64 133.09 85.44 58.46 18.97 101.24 77.37 86.98 63.13 127.61 132.5 93.96 20.88 38.01 34.54 65.03 23.02 46.01 110.37 66.31 31.76 0.0 119.08 141.15 15.62 89.2 98.0 110.55 34.83 66.07 117.55 
59.0 51.09 107.17 17.8 91.14 71.45 50.0 58.25 124.42 96.26 47.52 63.6 31.05 67.36 82.2 68.82 42.05 95.86 40.61 48.38 76.16 55.22 84.72 39.05 60.42 125.6 95.02 118.21 49.48 90.55 105.17 84.38 99.25 85.16 51.48 68.77 41.63 19.85 56.57 58.0 20.4 54.49 10.3 141.35 55.33 100.62 32.45 28.3 84.1 75.13 79.7 48.47 124.92 126.83 14.32 35.85 36.88 67.54 100.5 28.6 55.44 57.63 78.6 50.25 70.06 30.08 100.44 84.01 106.21 54.82 96.51 73.98 22.2 57.87 103.7 119.08 0.0 67.47 132.57 30.68 25.61 9.43 96.63 55.36 60.67 
98.41 62.43 140.8 55.0 126.75 22.56 18.0 70.24 131.69 93.65 28.32 54.12 36.5 35.06 124.2 74.67 98.79 109.11 51.74 20.02 44.18 50.57 89.99 28.44 90.21 145.46 128.47 150.84 31.62 94.15 139.09 122.8 119.77 110.94 44.29 60.64 97.94 57.71 24.17 16.12 77.82 61.29 77.37 139.0 91.44 122.77 93.47 89.47 94.87 48.01 99.32 102.65 135.92 117.27 63.0 33.0 89.31 83.63 127.01 53.01 64.88 54.23 79.31 18.36 11.7 87.71 120.33 118.71 144.52 84.81 119.51 98.98 88.23 104.0 140.62 141.15 67.47 0.0 149.45 70.6 60.46 64.85 134.27 81.02 23.77 
