55
0.0 27.46 52.77 17.03 28.32 20.25 21.47 23.43 15.26 35.36 55.15 36.07 39.6 27.2 15.52 22.8 19.7 15.26 33.42 11.66 34.18 18.03 29.41 42.49 25.46 42.2 50.99 53.85 37.16 31.62 50.57 38.6 37.36 54.33 49.98 25.32 27.46 8.06 38.08 21.59 39.32 28.28 30.89 50.01 39.36 25.02 24.41 37.0 24.41 13.45 27.02 30.53 50.48 30.0 24.6 
27.46 0.0 75.24 38.83 7.21 7.21 13.6 41.0 41.77 23.32 74.24 11.18 52.63 7.62 13.6 5.1 41.59 15.13 11.18 24.7 61.27 39.66 10.82 15.52 52.63 64.2 77.16 80.41 11.0 53.24 69.26 29.53 28.18 77.52 70.03 28.79 21.63 34.89 32.31 48.33 62.8 12.08 39.85 72.17 12.37 50.0 3.16 29.55 10.3 33.54 32.06 57.98 66.29 16.55 4.12 
52.77 75.24 0.0 59.03 72.01 69.03 62.8 34.53 49.19 88.12 12.04 78.85 30.61 78.01 67.19 70.18 34.01 60.13 74.95 63.79 29.0 59.48 70.61 90.55 43.42 11.05 19.1 23.0 86.21 22.02 13.42 91.22 90.03 3.61 9.43 50.6 59.77 45.12 90.25 34.01 13.6 80.16 41.15 3.16 87.46 28.16 72.17 89.5 66.91 42.0 77.49 36.07 21.47 82.49 74.03 
17.03 38.83 59.03 0.0 42.05 32.25 37.11 37.22 9.85 36.06 64.4 49.24 53.54 35.36 25.24 35.36 31.4 30.81 47.42 14.21 33.38 1.0 44.01 51.62 19.03 49.93 51.48 53.08 45.97 41.11 60.44 36.5 35.69 59.62 58.82 42.3 44.18 18.36 34.06 25.06 45.65 34.21 46.82 56.82 48.8 31.62 36.36 34.37 39.22 28.23 20.0 27.02 62.24 33.62 35.0 
28.32 7.21 72.01 42.05 0.0 10.2 9.22 37.48 43.42 30.53 70.0 7.81 47.52 14.76 17.46 7.07 39.22 13.6 5.39 28.46 60.75 42.95 3.61 19.1 53.76 61.0 75.64 79.16 16.16 50.22 65.0 36.72 35.36 74.53 66.12 23.35 15.23 34.83 39.4 47.71 60.17 19.24 34.53 68.88 16.28 48.33 7.07 36.67 5.1 31.38 38.05 58.26 61.4 23.71 10.44 
20.25 7.21 69.03 32.25 10.2 0.0 10.63 35.23 34.66 24.08 68.73 17.0 48.1 9.49 7.28 3.16 35.13 9.22 15.52 18.38 54.13 33.12 13.0 22.47 45.45 58.01 70.21 73.39 17.46 47.01 63.79 29.73 28.32 71.18 64.28 25.24 20.0 27.73 31.62 41.23 56.32 13.04 35.78 66.01 19.31 43.17 4.24 29.21 9.49 27.07 28.28 50.77 61.4 17.03 5.0 
21.47 13.6 62.8 37.11 9.22 10.63 0.0 28.28 36.72 34.66 61.03 16.55 39.05 19.42 15.81 9.43 30.08 6.32 13.04 25.0 52.2 38.08 8.6 28.0 46.4 51.79 66.64 70.24 24.33 41.0 56.04 40.36 38.95 65.31 57.04 15.23 9.43 26.91 42.2 39.2 50.96 23.43 26.25 59.68 25.02 39.36 11.18 39.82 4.12 22.36 37.64 50.21 52.77 27.59 14.42 
23.43 41.0 34.53 37.22 37.48 35.23 28.28 0.0 29.73 56.65 33.54 44.38 16.4 44.55 34.79 36.01 7.0 26.08 40.52 35.0 30.41 38.08 36.14 56.14 33.0 23.54 40.61 44.69 52.0 13.0 28.64 60.84 59.51 37.11 29.07 17.2 25.94 18.87 60.9 20.22 23.26 47.3 12.37 31.4 53.08 15.65 38.01 59.48 32.39 10.0 50.45 32.02 27.29 50.29 40.2 
15.26 41.77 49.19 9.85 43.42 34.66 36.72 29.73 0.0 43.74 54.82 51.09 45.62 39.96 28.6 37.48 23.26 30.53 48.6 19.31 24.02 10.3 44.65 56.04 11.18 40.22 42.11 44.01 50.48 31.83 50.99 45.04 44.1 49.77 49.2 38.21 42.06 12.0 43.05 15.26 35.85 39.81 40.61 47.01 53.01 22.02 38.9 43.01 39.66 22.09 29.27 18.25 53.26 40.16 38.42 
35.36 23.32 88.12 36.06 30.53 24.08 34.66 56.65 43.74 0.0 89.84 32.57 71.12 15.81 21.93 25.5 54.57 32.45 34.01 25.02 67.36 36.4 34.13 24.19 54.57 77.47 85.15 87.46 20.02 66.71 85.07 6.32 5.1 89.68 84.9 49.2 43.86 43.19 10.0 56.0 74.67 11.4 59.36 85.33 23.0 60.3 24.21 7.0 32.65 47.13 18.44 61.98 83.77 7.07 20.62 
55.15 74.24 12.04 64.4 70.0 68.73 61.03 33.54 54.82 89.84 0.0 76.16 24.04 78.09 68.15 69.35 35.47 59.54 72.17 66.71 38.08 65.0 68.07 89.02 51.09 14.87 31.02 35.01 85.21 23.71 5.0 93.64 92.36 15.3 5.66 47.17 56.32 48.3 93.23 39.7 20.0 80.81 36.5 11.18 86.05 32.8 71.34 92.11 65.01 42.72 81.41 44.65 11.4 83.68 73.68 
36.07 11.18 78.85 49.24 7.81 17.0 16.55 44.38 51.09 32.57 76.16 0.0 53.04 18.03 24.17 13.89 46.62 21.4 4.0 35.34 68.51 50.12 8.25 14.76 61.52 67.91 83.19 86.77 14.21 57.28 71.18 38.9 37.64 81.49 72.56 29.02 20.02 42.64 42.2 55.47 67.36 22.2 40.01 75.71 12.81 55.9 13.0 39.29 12.53 38.91 43.19 66.07 67.03 26.48 15.3 
39.6 52.63 30.61 53.54 47.52 48.1 39.05 16.4 45.62 71.12 24.04 53.04 0.0 57.58 49.24 48.08 22.36 39.0 49.04 50.99 40.2 54.38 45.18 66.61 47.07 22.2 43.91 48.37 63.35 18.11 19.31 75.8 74.43 34.06 21.95 24.19 33.02 35.23 76.28 33.73 25.5 60.93 13.04 27.66 63.79 27.17 50.0 74.63 42.76 26.17 66.53 44.05 14.0 64.4 52.81 
27.2 7.62 78.01 35.36 14.76 9.49 19.42 44.55 39.96 15.81 78.09 18.03 57.58 0.0 11.7 10.0 44.0 18.68 18.68 21.26 61.35 36.07 18.36 16.28 51.11 67.03 78.1 81.04 10.63 56.04 73.16 21.95 20.59 80.02 73.55 34.48 28.32 35.17 24.7 48.76 65.07 4.47 45.19 75.03 13.45 51.48 8.49 21.93 16.97 36.01 25.5 57.27 70.88 8.94 5.0 
15.52 13.6 67.19 25.24 17.46 7.28 15.81 34.79 28.6 21.93 68.15 24.17 49.24 11.7 0.0 10.44 33.24 11.4 22.8 11.18 49.65 26.08 20.1 27.46 39.66 56.32 66.49 69.38 21.95 45.4 63.32 26.63 25.24 69.03 63.35 28.32 25.08 23.54 27.59 37.11 54.01 13.0 37.8 64.28 24.41 40.11 11.18 25.61 16.03 25.5 21.84 45.62 61.85 15.52 9.9 
22.8 5.1 70.18 35.36 7.07 3.16 9.43 36.01 37.48 25.5 69.35 13.89 48.08 10.0 10.44 0.0 36.5 10.05 12.37 21.54 56.36 36.24 10.05 20.62 48.17 59.14 72.11 75.39 16.03 48.17 64.38 31.4 30.0 72.44 65.07 24.6 18.38 30.02 33.62 43.38 57.71 14.14 35.47 67.12 17.46 44.92 2.0 31.06 7.21 28.44 31.14 53.25 61.61 18.44 5.0 
19.7 41.59 34.01 31.4 39.22 35.13 30.08 7.0 23.26 54.57 35.47 46.62 22.36 44.0 33.24 36.5 0.0 26.48 42.95 31.3 24.41 32.2 38.48 57.07 26.0 23.09 36.72 40.5 52.47 12.17 30.87 58.19 56.92 36.06 30.36 22.02 29.83 13.45 57.78 13.34 21.21 46.17 19.24 31.06 53.94 9.9 38.47 56.65 34.18 8.06 46.32 25.3 31.24 48.66 40.11 
15.26 15.13 60.13 30.81 13.6 9.22 6.32 26.08 30.53 32.45 59.54 21.4 39.0 18.68 11.4 10.05 26.48 0.0 18.38 19.1 47.17 31.78 14.21 30.59 40.46 49.09 62.39 65.8 26.08 38.12 54.59 37.64 36.24 62.39 55.15 16.97 14.32 21.26 38.9 34.13 47.68 21.93 26.93 57.08 27.46 35.11 12.04 36.8 9.22 18.44 32.7 44.69 52.2 25.55 14.14 
33.42 11.18 74.95 47.42 5.39 15.52 13.04 40.52 48.6 34.01 72.17 4.0 49.04 18.68 22.8 12.37 42.95 18.38 0.0 33.84 65.22 48.33 4.47 18.38 58.8 64.03 79.61 83.24 17.03 53.45 67.19 40.31 39.0 77.62 68.59 25.02 16.03 39.62 43.32 52.2 63.57 23.09 36.01 71.81 16.12 52.35 12.04 40.5 9.22 35.36 43.0 63.03 63.03 27.51 15.03 
11.66 24.7 63.79 14.21 28.46 18.38 25.0 35.0 19.31 25.02 66.71 35.34 50.99 21.26 11.18 21.54 31.3 19.1 33.84 0.0 42.43 15.0 30.81 37.54 30.46 53.45 60.13 62.51 31.89 43.08 62.17 27.46 26.31 65.12 61.47 34.01 33.38 18.68 26.57 31.02 50.22 20.59 41.4 61.13 34.66 35.69 22.36 25.71 26.31 25.0 15.56 37.36 62.13 20.88 20.81 
34.18 61.27 29.0 33.38 60.75 54.13 52.2 30.41 24.02 67.36 38.08 68.51 40.2 61.35 49.65 56.36 24.41 47.17 65.22 42.43 0.0 33.54 60.8 76.56 15.23 23.77 18.11 20.1 71.31 22.09 35.85 69.01 68.03 28.43 32.65 46.4 53.76 26.4 67.07 13.04 18.38 62.1 42.54 27.8 73.41 14.76 58.14 67.0 56.04 30.41 53.24 7.21 41.23 63.15 58.69 
18.03 39.66 59.48 1.0 42.95 33.12 38.08 38.08 10.3 36.4 65.0 50.12 54.38 36.07 26.08 36.24 32.2 31.78 48.33 15.0 33.54 0.0 44.94 52.33 19.0 50.48 51.62 53.15 46.67 41.77 61.07 36.67 35.9 60.01 59.41 43.29 45.18 19.24 34.13 25.55 46.14 34.83 47.76 57.31 49.52 32.2 37.22 34.53 40.16 29.15 20.02 27.07 62.97 34.13 35.81 
29.41 10.82 70.61 44.01 3.61 13.0 8.6 36.14 44.65 34.13 68.07 8.25 45.18 18.36 20.1 10.05 38.48 14.21 4.47 30.81 60.8 44.94 0.0 21.59 54.67 59.67 75.13 78.77 19.24 49.04 63.07 40.31 38.95 73.25 64.38 21.02 12.37 35.36 42.95 47.8 59.14 22.83 32.14 67.47 18.97 47.89 10.44 40.25 5.0 30.89 41.19 58.73 59.14 27.29 13.93 
42.49 15.52 90.55 51.62 19.1 22.47 28.0 56.14 56.04 24.19 89.02 14.76 66.61 16.28 27.46 20.62 57.07 30.59 18.38 37.54 76.56 52.33 21.59 0.0 67.12 79.51 92.66 95.86 5.66 68.59 84.02 30.02 29.07 92.91 85.02 42.43 33.96 50.16 34.13 63.69 78.26 18.03 53.6 87.46 3.16 65.52 18.68 31.14 24.02 49.03 39.81 72.95 80.5 20.62 17.89 
25.46 52.63 43.42 19.03 53.76 45.45 46.4 33.0 11.18 54.57 51.09 61.52 47.07 51.11 39.66 48.17 26.0 40.46 58.8 30.46 15.23 19.0 54.67 67.12 0.0 36.24 32.98 34.23 61.59 30.46 48.01 55.44 54.59 43.27 45.45 45.22 50.54 19.72 53.08 13.34 31.14 50.99 45.1 41.77 64.07 20.25 49.68 53.34 49.68 28.16 39.01 8.25 51.88 51.26 49.41 
42.2 64.2 11.05 49.93 61.0 58.01 51.79 23.54 40.22 77.47 14.87 67.91 22.2 67.03 56.32 59.14 23.09 49.09 64.03 53.45 23.77 50.48 59.67 79.51 36.24 0.0 21.93 26.4 75.17 11.0 12.08 80.78 79.56 13.6 9.22 39.92 49.04 34.79 80.01 25.0 5.39 69.26 31.06 8.0 76.42 18.36 61.13 79.12 55.9 31.02 67.62 30.02 18.03 71.7 63.01 
50.99 77.16 19.1 51.48 75.64 70.21 66.64 40.61 42.11 85.15 31.02 83.19 43.91 78.1 66.49 72.11 36.72 62.39 79.61 60.13 18.11 51.62 75.13 92.66 32.98 21.93 0.0 4.47 87.64 28.28 31.26 87.01 86.0 16.49 27.17 57.8 66.29 42.95 85.15 29.43 18.6 79.25 50.93 20.02 89.49 27.31 74.0 85.02 70.68 44.28 71.34 24.74 38.83 80.62 75.0 
53.85 80.41 23.0 53.08 79.16 73.39 70.24 44.69 44.01 87.46 35.01 86.77 48.37 81.04 69.38 75.39 40.5 65.8 83.24 62.51 20.1 53.15 78.77 95.86 34.23 26.4 4.47 0.0 90.76 32.56 35.51 89.05 88.09 20.1 31.4 61.85 70.21 45.88 87.01 32.28 23.02 82.0 55.23 24.19 92.7 30.89 77.25 87.02 74.24 47.89 73.06 26.08 43.17 83.19 78.11 
37.16 11.0 86.21 45.97 16.16 17.46 24.33 52.0 50.48 20.02 85.21 14.21 63.35 10.63 21.95 16.03 52.47 26.08 17.03 31.89 71.31 46.67 19.24 5.66 61.59 75.17 87.64 90.76 0.0 64.2 80.22 26.17 25.08 88.46 81.02 39.29 31.38 44.94 30.02 58.52 73.68 12.53 50.45 83.15 3.16 60.64 14.04 27.02 20.62 44.41 34.54 67.54 77.1 15.52 12.65 
31.62 53.24 22.02 41.11 50.22 47.01 41.0 13.0 31.83 66.71 23.71 57.28 18.11 56.04 45.4 48.17 12.17 38.12 53.45 43.08 22.09 41.77 49.04 68.59 30.46 11.0 28.28 32.56 64.2 0.0 19.42 70.21 68.96 24.33 18.38 30.02 38.91 24.6 69.64 17.49 10.3 58.31 22.67 19.0 65.49 10.3 50.16 68.62 45.12 20.02 57.71 26.31 21.63 60.83 52.01 
50.57 69.26 13.42 60.44 65.0 63.79 56.04 28.64 50.99 85.07 5.0 71.18 19.31 73.16 63.32 64.38 30.87 54.59 67.19 62.17 35.85 61.07 63.07 84.02 48.01 12.08 31.26 35.51 80.22 19.42 0.0 88.96 87.66 17.0 4.12 42.19 51.35 43.91 88.64 36.07 17.46 75.93 31.58 11.4 81.06 29.0 66.37 87.46 60.01 37.95 77.03 42.06 8.06 78.85 68.73 
38.6 29.53 91.22 36.5 36.72 29.73 40.36 60.84 45.04 6.32 93.64 38.9 75.8 21.95 26.63 31.4 58.19 37.64 40.31 27.46 69.01 36.67 40.31 30.02 55.44 80.78 87.01 89.05 26.17 70.21 88.96 0.0 1.41 92.57 88.54 54.56 49.68 46.1 4.47 58.31 77.67 17.49 64.4 88.53 29.07 63.15 30.23 2.24 38.6 51.08 17.09 63.2 88.1 13.04 26.63 
37.36 28.18 90.03 35.69 35.36 28.32 38.95 59.51 44.1 5.1 92.36 37.64 74.43 20.59 25.24 30.0 56.92 36.24 39.0 26.31 68.03 35.9 38.95 29.07 54.59 79.56 86.0 88.09 25.08 68.96 87.66 1.41 0.0 91.41 87.28 53.15 48.27 44.91 5.1 57.22 76.49 16.12 63.01 87.32 28.02 61.98 28.84 2.24 37.2 49.77 16.55 62.29 86.76 11.66 25.24 
54.33 77.52 3.61 59.62 74.53 71.18 65.31 37.11 49.77 89.68 15.3 81.49 34.06 80.02 69.03 72.44 36.06 62.39 77.62 65.12 28.43 60.01 73.25 92.91 43.27 13.6 16.49 20.1 88.46 24.33 17.0 92.57 91.41 0.0 13.04 53.49 62.63 46.53 91.44 34.79 15.03 82.02 44.29 6.4 89.81 29.43 74.43 90.8 69.43 44.1 78.45 35.61 25.06 84.21 76.16 
49.98 70.03 9.43 58.82 66.12 64.28 57.04 29.07 49.2 84.9 5.66 72.56 21.95 73.55 63.35 65.07 30.36 55.15 68.59 61.47 32.65 59.41 64.38 85.02 45.45 9.22 27.17 31.4 81.02 18.38 4.12 88.54 87.28 13.04 0.0 43.74 52.95 42.95 88.02 34.06 14.42 76.12 33.53 7.28 82.01 27.2 67.07 86.98 61.07 37.85 76.03 39.12 12.08 78.85 69.26 
25.32 28.79 50.6 42.3 23.35 25.24 15.23 17.2 38.21 49.2 47.17 29.02 24.19 34.48 28.32 24.6 22.02 16.97 25.02 34.01 46.4 43.29 21.02 42.43 45.22 39.92 57.8 61.85 39.29 30.02 42.19 54.56 53.15 53.49 43.74 0.0 9.22 26.31 55.87 34.48 40.31 38.28 11.18 47.43 39.62 31.89 26.4 53.76 18.68 17.09 48.88 46.53 38.12 42.2 29.53 
27.46 21.63 59.77 44.18 15.23 20.0 9.43 25.94 42.06 43.86 56.32 20.02 33.02 28.32 25.08 18.38 29.83 14.32 16.03 33.38 53.76 45.18 12.37 33.96 50.54 49.04 66.29 70.21 31.38 38.91 51.35 49.68 48.27 62.63 52.95 9.22 0.0 30.87 51.61 41.23 49.19 32.53 20.0 56.61 31.32 39.7 19.85 49.2 11.4 23.43 46.82 53.01 47.01 36.8 23.35 
8.06 34.89 45.12 18.36 34.83 27.73 26.91 18.87 12.0 43.19 48.3 42.64 35.23 35.17 23.54 30.02 13.45 21.26 39.62 18.68 26.4 19.24 35.36 50.16 19.72 34.79 42.95 45.88 44.94 24.6 43.91 46.1 44.91 46.53 42.95 26.31 30.87 0.0 45.22 13.6 31.58 36.35 28.86 42.45 47.01 17.12 31.76 44.38 30.41 10.2 33.12 23.43 44.69 38.01 32.31 
38.08 32.31 90.25 34.06 39.4 31.62 42.2 60.9 43.05 10.0 93.23 42.2 76.28 24.7 27.59 33.62 57.78 38.9 43.32 26.57 67.07 34.13 42.95 34.13 53.08 80.01 85.15 87.01 30.02 69.64 88.64 4.47 5.1 91.44 88.02 55.87 51.61 45.22 0.0 56.89 76.66 20.25 65.3 87.64 33.0 62.1 32.65 3.0 40.82 51.0 14.14 61.01 88.19 15.81 29.07 
21.59 48.33 34.01 25.06 47.71 41.23 39.2 20.22 15.26 56.0 39.7 55.47 33.73 48.76 37.11 43.38 13.34 34.13 52.2 31.02 13.04 25.55 47.8 63.69 13.34 25.0 29.43 32.28 58.52 17.49 36.07 58.31 57.22 34.79 34.06 34.48 41.23 13.6 56.89 0.0 20.59 49.82 32.56 31.76 60.54 7.21 45.19 56.44 43.01 17.8 43.68 12.08 39.12 51.24 45.88 
39.32 62.8 13.6 45.65 60.17 56.32 50.96 23.26 35.85 74.67 20.0 67.36 25.5 65.07 54.01 57.71 21.21 47.68 63.57 50.22 18.38 46.14 59.14 78.26 31.14 5.39 18.6 23.02 73.68 10.3 17.46 77.67 76.49 15.03 14.42 40.31 49.19 31.58 76.66 20.59 0.0 67.01 32.56 11.18 75.13 14.56 59.68 75.93 55.08 29.27 63.91 24.7 23.19 69.18 61.29 
28.28 12.08 80.16 34.21 19.24 13.04 23.43 47.3 39.81 11.4 80.81 22.2 60.93 4.47 13.0 14.14 46.17 21.93 23.09 20.59 62.1 34.83 22.83 18.03 50.99 69.26 79.25 82.0 12.53 58.31 75.93 17.49 16.12 82.02 76.12 38.28 32.53 36.35 20.25 49.82 67.01 0.0 48.76 77.23 15.65 53.08 12.81 17.46 21.26 38.33 22.14 57.58 74.0 4.47 9.22 
30.89 39.85 41.15 46.82 34.53 35.78 26.25 12.37 40.61 59.36 36.5 40.01 13.04 45.19 37.8 35.47 19.24 26.93 36.01 41.4 42.54 47.76 32.14 53.6 45.1 31.06 50.93 55.23 50.45 22.67 31.58 64.4 63.01 44.29 33.53 11.18 20.0 28.86 65.3 32.56 32.56 48.76 0.0 38.01 50.8 27.86 37.34 63.41 29.83 18.68 56.85 44.38 27.02 52.48 40.31 
50.01 72.17 3.16 56.82 68.88 66.01 59.68 31.4 47.01 85.33 11.18 75.71 27.66 75.03 64.28 67.12 31.06 57.08 71.81 61.13 27.8 57.31 67.47 87.46 41.77 8.0 20.02 24.19 83.15 19.0 11.4 88.53 87.32 6.4 7.28 47.43 56.61 42.45 87.64 31.76 11.18 77.23 38.01 0.0 84.38 25.63 69.12 86.83 63.79 39.01 75.03 34.71 19.31 79.63 71.01 
39.36 12.37 87.46 48.8 16.28 19.31 25.02 53.08 53.01 23.0 86.05 12.81 63.79 13.45 24.41 17.46 53.94 27.46 16.12 34.66 73.41 49.52 18.97 3.16 64.07 76.42 89.49 92.7 3.16 65.49 81.06 29.07 28.02 89.81 82.01 39.62 31.32 47.01 33.0 60.54 75.13 15.65 50.8 84.38 0.0 62.36 15.52 30.0 21.1 45.89 37.7 69.84 77.65 18.68 14.76 
25.02 50.0 28.16 31.62 48.33 43.17 39.36 15.65 22.02 60.3 32.8 55.9 27.17 51.48 40.11 44.92 9.9 35.11 52.35 35.69 14.76 32.2 47.89 65.52 20.25 18.36 27.31 30.89 60.64 10.3 29.0 63.15 61.98 29.43 27.2 31.89 39.7 17.12 62.1 7.21 14.56 53.08 27.86 25.63 62.36 0.0 46.84 61.39 43.38 17.0 49.4 17.03 31.91 55.01 48.05 
24.41 3.16 72.17 36.36 7.07 4.24 11.18 38.01 38.9 24.21 71.34 13.0 50.0 8.49 11.18 2.0 38.47 12.04 12.04 22.36 58.14 37.22 10.44 18.68 49.68 61.13 74.0 77.25 14.04 50.16 66.37 30.23 28.84 74.43 67.07 26.4 19.85 31.76 32.65 45.19 59.68 12.81 37.34 69.12 15.52 46.84 0.0 30.02 8.49 30.41 31.02 54.92 63.56 17.2 3.61 
37.0 29.55 89.5 34.37 36.67 29.21 39.82 59.48 43.01 7.0 92.11 39.29 74.63 21.93 25.61 31.06 56.65 36.8 40.5 25.71 67.0 34.53 40.25 31.14 53.34 79.12 85.02 87.02 27.02 68.62 87.46 2.24 2.24 90.8 86.98 53.76 49.2 44.38 3.0 56.44 75.93 17.46 63.41 86.83 30.0 61.39 30.02 0.0 38.28 49.66 14.87 61.13 86.77 13.0 26.42 
24.41 10.3 66.91 39.22 5.1 9.49 4.12 32.39 39.66 32.65 65.01 12.53 42.76 16.97 16.03 7.21 34.18 9.22 9.22 26.31 56.04 40.16 5.0 24.02 49.68 55.9 70.68 74.24 20.62 45.12 60.01 38.6 37.2 69.43 61.07 18.68 11.4 30.41 40.82 43.01 55.08 21.26 29.83 63.79 21.1 43.38 8.49 38.28 0.0 26.4 37.66 53.81 56.57 25.61 12.04 
13.45 33.54 42.0 28.23 31.38 27.07 22.36 10.0 22.09 47.13 42.72 38.91 26.17 36.01 25.5 28.44 8.06 18.44 35.36 25.0 30.41 29.15 30.89 49.03 28.16 31.02 44.28 47.89 44.41 20.02 37.95 51.08 49.77 44.1 37.85 17.09 23.43 10.2 51.0 17.8 29.27 38.33 18.68 39.01 45.89 17.0 30.41 49.66 26.4 0.0 40.46 29.68 37.22 41.0 32.06 
27.02 32.06 77.49 20.0 38.05 28.28 37.64 50.45 29.27 18.44 81.41 43.19 66.53 25.5 21.84 31.14 46.32 32.7 43.0 15.56 53.24 20.02 41.19 39.81 39.01 67.62 71.34 73.06 34.54 57.71 77.03 17.09 16.55 78.45 76.03 48.88 46.82 33.12 14.14 43.68 63.91 22.14 56.85 75.03 37.7 49.4 31.02 14.87 37.66 40.46 0.0 47.01 77.42 19.24 28.02 
30.53 57.98 36.07 27.02 58.26 50.77 50.21 32.02 18.25 61.98 44.65 66.07 44.05 57.27 45.62 53.25 25.3 44.69 63.03 37.36 7.21 27.07 58.73 72.95 8.25 30.02 24.74 26.08 67.54 26.31 42.06 63.2 62.29 35.61 39.12 46.53 53.01 23.43 61.01 12.08 24.7 57.58 44.38 34.71 69.84 17.03 54.92 61.13 53.81 29.68 47.01 0.0 46.82 58.24 55.07 
50.48 66.29 21.47 62.24 61.4 61.4 52.77 27.29 53.26 83.77 11.4 67.03 14.0 70.88 61.85 61.61 31.24 52.2 63.03 62.13 41.23 62.97 59.14 80.5 51.88 18.03 38.83 43.17 77.1 21.63 8.06 88.1 86.76 25.06 12.08 38.12 47.01 44.69 88.19 39.12 23.19 74.0 27.02 19.31 77.65 31.91 63.56 86.77 56.57 37.22 77.42 46.82 0.0 77.25 66.22 
30.0 16.55 82.49 33.62 23.71 17.03 27.59 50.29 40.16 7.07 83.68 26.48 64.4 8.94 15.52 18.44 48.66 25.55 27.51 20.88 63.15 34.13 27.29 20.62 51.26 71.7 80.62 83.19 15.52 60.83 78.85 13.04 11.66 84.21 78.85 42.2 36.8 38.01 15.81 51.24 69.18 4.47 52.48 79.63 18.68 55.01 17.2 13.0 25.61 41.0 19.24 58.24 77.25 0.0 13.6 
24.6 4.12 74.03 35.0 10.44 5.0 14.42 40.2 38.42 20.62 73.68 15.3 52.81 5.0 9.9 5.0 40.11 14.14 15.03 20.81 58.69 35.81 13.93 17.89 49.41 63.01 75.0 78.11 12.65 52.01 68.73 26.63 25.24 76.16 69.26 29.53 23.35 32.31 29.07 45.88 61.29 9.22 40.31 71.01 14.76 48.05 3.61 26.42 12.04 32.06 28.02 55.07 66.22 13.6 0.0 
