95
0.0 49.0 8.6 10.82 7.28 46.69 60.53 54.08 26.31 14.32 60.3 10.82 22.47 62.13 33.14 28.64 32.57 49.01 59.01 50.36 25.71 35.69 32.98 17.46 39.05 48.37 31.78 24.19 53.24 66.48 27.89 40.61 5.66 66.07 48.26 15.52 1.0 57.01 51.04 60.3 50.0 58.69 18.44 30.68 25.96 44.1 28.16 51.09 22.56 19.31 5.66 7.21 26.0 27.02 57.22 65.92 62.01 18.25 8.25 48.05 6.32 9.49 9.06 43.05 60.83 49.03 23.35 3.16 19.42 54.23 34.13 42.01 39.05 5.0 54.74 42.05 17.72 51.48 42.0 16.12 6.71 22.36 64.07 49.24 32.25 7.28 8.6 57.07 34.01 45.04 43.0 53.94 23.77 26.17 42.19 
49.0 0.0 44.55 40.45 42.05 8.54 13.6 5.83 23.35 35.13 12.53 40.45 29.12 13.6 16.28 21.84 20.59 1.0 10.05 6.08 24.74 15.65 18.79 32.25 14.21 6.08 19.31 25.18 6.4 18.79 23.09 11.4 45.18 17.26 5.1 34.23 50.0 8.06 2.83 12.53 1.0 12.73 31.26 22.36 25.0 5.83 21.21 3.61 27.46 31.78 45.18 43.19 26.93 22.02 9.43 19.42 13.04 31.14 41.05 10.2 43.05 40.11 40.01 6.32 14.87 10.05 26.31 46.01 30.27 7.07 15.3 7.07 10.2 46.17 10.3 7.28 32.39 7.28 7.0 33.06 43.1 27.29 15.3 11.05 17.46 42.05 42.3 13.04 15.03 4.47 6.0 10.77 26.68 23.19 8.06 
8.6 44.55 0.0 13.6 5.39 41.01 57.01 50.01 21.21 9.85 56.52 4.12 21.93 57.08 28.28 26.42 26.17 44.72 54.59 46.84 20.02 33.11 30.89 12.37 33.06 44.92 26.0 21.47 49.48 62.82 22.0 35.0 3.16 61.81 43.05 10.44 9.22 52.35 46.27 55.01 45.54 53.04 17.03 24.19 20.0 40.26 23.35 46.17 17.12 19.1 11.05 11.05 19.24 22.8 52.04 60.13 57.31 16.4 5.83 42.11 5.1 5.66 8.94 39.05 55.08 43.1 18.25 6.32 14.32 49.04 29.27 37.85 35.17 3.61 49.04 38.08 16.97 48.08 37.66 12.08 10.05 20.25 59.84 43.19 29.15 9.22 12.17 51.16 29.61 41.0 38.64 48.09 18.03 23.26 37.12 
10.82 40.45 13.6 0.0 8.25 39.56 51.04 45.1 19.72 10.3 51.0 12.0 12.17 53.94 25.63 19.0 27.2 40.31 50.25 41.0 20.0 26.02 23.09 12.81 32.65 39.0 25.55 15.3 44.01 57.04 22.2 33.62 11.18 57.08 40.52 11.66 11.66 48.51 42.76 52.39 41.44 51.24 9.22 25.61 20.62 35.13 21.02 42.95 17.03 9.06 5.39 3.61 21.93 19.31 49.24 58.52 53.46 9.49 8.06 41.23 8.54 9.0 5.0 34.23 53.45 42.15 17.2 9.22 14.14 46.32 26.57 33.38 30.27 11.66 47.43 33.24 8.06 42.01 33.54 10.63 4.24 13.15 55.08 42.54 23.09 4.47 2.24 49.98 25.96 36.22 34.53 46.82 18.44 17.26 34.48 
7.28 42.05 5.39 8.25 0.0 39.46 53.94 47.27 19.1 7.07 53.6 4.47 17.2 55.04 26.02 22.47 25.3 42.11 52.09 43.74 18.44 29.41 26.93 10.2 31.78 41.77 24.52 17.72 46.53 59.84 20.62 33.38 3.61 59.21 41.11 8.25 8.25 50.01 44.0 53.15 43.05 51.48 12.53 23.41 18.68 37.34 21.02 44.01 15.3 14.21 6.71 6.08 18.79 20.02 50.09 58.69 55.01 12.08 1.0 40.79 1.0 2.24 3.61 36.22 53.6 41.77 16.12 4.12 12.17 47.1 27.02 35.13 32.25 4.47 47.52 35.23 12.21 44.91 35.06 9.0 5.1 16.16 57.22 41.98 25.71 4.0 7.0 49.82 27.02 38.21 36.06 46.69 16.49 19.65 35.06 
46.69 8.54 41.01 39.56 39.46 0.0 21.26 13.6 20.4 32.39 19.8 37.05 29.68 16.49 13.93 22.8 15.13 9.49 15.81 14.56 21.1 18.6 21.26 29.27 8.06 14.14 15.03 24.6 14.76 25.61 19.03 6.08 42.19 22.83 3.61 31.26 47.68 13.04 7.81 14.14 8.94 12.04 30.46 17.12 21.02 11.18 18.68 7.07 24.19 31.76 43.68 41.76 22.09 20.25 11.4 19.24 17.46 30.08 38.47 2.24 40.45 37.34 38.08 10.44 14.14 2.83 23.35 43.57 27.29 8.54 13.0 9.85 12.21 43.19 8.06 10.77 31.78 15.81 8.94 30.59 41.48 26.83 21.1 3.61 18.44 40.26 41.11 10.44 13.89 10.05 8.54 7.28 23.09 22.83 5.66 
60.53 13.6 57.01 51.04 53.94 21.26 0.0 7.81 36.06 47.3 2.0 52.89 39.0 12.17 29.15 32.06 34.13 13.04 7.07 10.2 37.7 25.02 28.0 44.64 27.8 12.17 32.65 36.35 7.62 6.0 36.25 25.0 57.27 7.81 17.69 46.57 61.52 9.49 13.45 14.0 12.81 17.12 42.19 35.85 38.08 16.76 33.84 14.21 40.16 42.01 56.14 54.15 40.25 34.21 13.34 19.65 9.22 42.3 52.95 22.2 54.92 52.17 51.48 18.03 18.0 21.63 38.9 57.71 42.72 14.32 28.23 19.31 21.84 58.25 18.03 18.97 43.1 9.06 19.7 45.12 54.23 38.21 6.4 22.47 28.28 53.34 53.08 19.42 27.51 16.16 18.79 19.31 39.56 34.37 21.63 
54.08 5.83 50.01 45.1 47.27 13.6 7.81 0.0 28.86 40.45 6.71 45.89 33.38 10.63 21.84 26.17 26.42 5.39 5.39 5.0 30.36 19.42 22.56 37.66 20.0 6.71 25.08 30.0 2.24 13.0 28.79 17.2 50.49 12.0 10.0 39.62 55.08 5.0 5.83 10.82 5.0 12.65 36.01 28.18 30.68 10.0 26.68 6.71 32.98 36.22 50.01 48.01 32.7 27.29 8.54 17.8 8.94 36.0 46.27 14.76 48.26 45.4 45.04 11.05 14.32 14.32 31.78 51.16 35.69 8.0 20.88 12.17 15.03 51.48 12.0 12.04 37.05 5.0 12.37 38.33 48.0 32.02 10.0 15.23 22.02 47.01 47.04 14.14 20.4 9.06 11.4 13.04 32.28 28.0 13.89 
26.31 23.35 21.21 19.72 19.1 20.4 36.06 28.86 0.0 12.04 35.44 17.12 13.0 36.0 7.07 10.2 7.81 23.54 33.38 26.0 2.24 14.21 13.42 9.0 13.0 24.17 5.83 7.28 28.46 41.76 3.16 14.32 22.0 40.61 22.02 11.0 27.29 31.14 25.08 34.06 24.33 32.39 11.31 6.71 3.16 19.31 2.24 25.02 4.12 13.6 23.41 21.54 6.32 3.16 31.02 39.62 36.12 10.63 18.11 21.84 20.1 17.03 17.72 18.03 34.53 22.8 3.0 23.19 7.0 28.02 8.06 16.76 14.32 23.0 28.44 17.09 12.73 27.31 16.49 10.2 21.19 8.94 38.64 23.09 10.0 19.92 21.02 30.81 8.54 19.92 17.46 27.66 3.61 7.0 16.0 
14.32 35.13 9.85 10.3 7.07 32.39 47.3 40.45 12.04 0.0 46.87 5.83 13.04 48.01 19.0 16.64 18.38 35.23 45.18 37.11 11.4 23.26 21.1 3.16 24.74 35.17 17.46 11.66 39.81 53.15 13.6 26.31 10.05 52.35 34.06 1.41 15.3 43.05 37.01 46.1 36.12 44.41 8.06 16.55 11.7 30.59 14.0 37.0 8.25 10.77 12.21 10.63 12.21 13.15 43.05 51.62 48.04 7.21 6.08 33.73 8.06 5.0 6.4 29.43 46.53 34.71 9.06 11.18 5.1 40.05 20.0 28.28 25.5 11.05 40.45 28.44 8.54 38.33 28.16 2.24 10.0 10.63 50.36 34.93 19.31 8.6 10.63 42.76 20.1 31.4 29.15 39.62 9.49 13.42 28.02 
60.3 12.53 56.52 51.0 53.6 19.8 2.0 6.71 35.44 46.87 0.0 52.39 39.05 10.2 28.46 32.0 33.12 12.08 5.1 10.0 37.0 25.02 28.07 44.15 26.63 12.0 31.78 36.12 7.07 6.32 35.47 23.85 56.89 6.71 16.28 46.1 61.29 7.62 12.04 12.0 11.66 15.13 42.05 34.89 37.34 16.28 33.24 12.73 39.56 42.01 56.04 54.04 39.4 33.73 11.4 17.72 7.28 42.11 52.61 20.62 54.59 51.79 51.24 17.46 16.0 20.0 38.33 57.43 42.2 12.53 27.51 18.68 21.38 57.87 16.16 18.44 43.01 9.06 18.97 44.72 54.08 38.05 5.0 20.81 28.07 53.15 53.01 17.46 26.93 15.52 18.03 17.46 38.9 34.13 20.59 
10.82 40.45 4.12 12.0 4.47 37.05 52.89 45.89 17.12 5.83 52.39 0.0 18.44 53.04 24.19 22.47 22.36 40.61 50.49 42.72 16.0 29.07 26.93 8.25 29.15 40.8 22.02 17.49 45.35 58.69 18.03 31.02 5.39 57.71 39.01 6.32 11.66 48.26 42.19 51.0 41.44 49.09 13.45 20.4 16.03 36.14 19.24 42.11 13.04 15.81 11.18 10.44 15.52 18.68 48.01 56.22 53.24 12.73 4.12 38.21 5.0 3.0 7.0 34.93 51.16 39.2 14.14 7.81 10.2 45.01 25.18 33.73 31.05 6.32 45.1 33.96 13.6 43.97 33.54 8.06 9.49 16.4 55.73 39.32 25.08 8.25 11.18 47.27 25.5 36.88 34.53 44.18 14.0 19.24 33.06 
22.47 29.12 21.93 12.17 17.2 29.68 39.0 33.38 13.0 13.04 39.05 18.44 0.0 42.72 16.28 7.28 20.59 28.86 38.64 29.07 14.56 14.04 11.0 12.65 24.04 27.07 18.03 5.83 32.14 45.0 16.16 24.21 20.81 45.28 29.97 13.42 23.41 37.11 31.62 41.44 30.08 40.72 5.0 19.7 15.52 23.54 13.04 31.95 13.04 3.16 17.46 15.52 18.25 10.82 38.28 47.93 41.98 5.83 16.4 31.62 18.03 16.28 13.89 22.8 42.95 32.45 12.17 20.12 12.17 35.47 17.03 22.14 18.97 21.63 37.12 21.84 5.0 30.02 22.47 11.18 15.81 4.12 43.29 33.02 11.7 15.23 14.32 39.82 15.81 24.74 23.41 36.72 14.14 7.07 24.19 
62.13 13.6 57.08 53.94 55.04 16.49 12.17 10.63 36.0 48.01 10.2 53.04 42.72 0.0 29.02 35.44 31.58 13.93 5.83 15.62 37.05 29.15 32.31 45.0 24.52 17.2 31.14 38.64 12.73 12.65 35.13 22.2 58.0 8.06 14.04 47.0 63.13 5.83 11.18 2.83 12.65 6.4 44.72 33.54 37.12 19.31 34.01 11.05 40.01 45.35 58.55 56.57 38.47 35.13 5.1 7.62 3.0 44.55 54.04 16.16 56.04 53.01 53.24 19.92 6.32 15.23 39.0 59.08 43.0 8.06 28.02 20.62 23.77 59.0 9.43 20.88 45.89 15.56 20.4 46.04 56.44 40.79 7.28 15.65 31.05 55.33 55.73 9.22 28.16 18.03 19.42 10.82 39.05 36.67 20.0 
33.14 16.28 28.28 25.63 26.02 13.93 29.15 21.84 7.07 19.0 28.46 24.19 16.28 29.02 0.0 10.3 7.28 16.49 26.31 19.24 8.54 10.2 11.05 16.03 7.81 17.49 4.47 10.82 21.54 34.79 7.21 8.06 29.02 33.54 15.13 18.03 34.13 24.08 18.03 27.17 17.26 25.71 16.55 8.06 8.94 12.53 5.0 18.0 11.18 18.03 29.83 27.89 11.4 6.32 24.08 32.98 29.07 16.16 25.02 15.65 27.02 24.0 24.33 11.18 27.89 16.55 10.05 30.07 14.04 21.1 1.0 9.85 7.81 30.02 21.84 10.3 17.89 20.59 9.49 17.03 27.66 13.04 31.58 17.0 7.07 26.48 27.2 24.35 2.24 13.0 10.44 21.19 10.44 9.22 9.06 
28.64 21.84 26.42 19.0 22.47 22.8 32.06 26.17 10.2 16.64 32.0 22.47 7.28 35.44 10.3 0.0 16.28 21.59 31.4 22.0 12.37 7.07 4.47 14.87 18.03 20.0 13.34 5.0 25.02 38.05 13.04 17.69 26.0 38.12 22.83 16.4 29.61 29.83 24.35 34.18 22.8 33.54 10.2 16.03 13.34 16.28 9.0 24.7 12.53 10.05 24.08 22.09 16.49 7.07 31.02 40.72 34.71 10.44 21.54 24.84 23.41 21.02 19.65 15.52 35.78 25.61 11.18 25.96 13.45 28.23 10.82 14.87 11.7 26.93 30.02 14.56 11.05 23.02 15.23 14.42 22.2 6.32 36.12 26.25 4.47 21.38 21.02 32.76 9.22 17.46 16.16 29.68 13.0 3.61 17.2 
32.57 20.59 26.17 27.2 25.3 15.13 34.13 26.42 7.81 18.38 33.12 22.36 20.59 31.58 7.28 16.28 0.0 21.1 30.08 24.84 7.21 17.46 18.03 15.23 7.07 23.35 3.0 14.76 26.63 39.36 5.0 9.49 27.66 37.34 17.72 17.09 33.53 27.51 21.54 29.27 21.47 27.02 19.1 2.0 6.71 18.38 7.62 21.19 10.3 21.4 30.41 28.65 7.0 9.85 26.48 34.01 32.28 18.38 24.35 16.0 26.25 23.09 24.6 16.97 29.0 17.0 10.0 29.41 13.42 23.54 7.62 15.56 14.42 28.64 23.02 16.28 20.52 26.25 14.87 17.0 28.18 16.64 35.47 17.03 14.04 26.83 28.3 25.02 9.49 18.44 15.62 22.0 8.94 13.93 12.53 
49.01 1.0 44.72 40.31 42.11 9.49 13.04 5.39 23.54 35.23 12.08 40.61 28.86 13.93 16.49 21.59 21.1 0.0 10.0 5.1 25.0 15.23 18.38 32.39 14.87 5.1 19.7 25.08 5.66 18.38 23.41 12.04 45.28 17.12 6.08 34.37 50.01 8.25 3.61 13.04 1.41 13.45 31.14 22.83 25.3 5.39 21.38 4.47 27.66 31.58 45.1 43.1 27.31 22.09 10.0 20.0 13.15 31.06 41.11 11.18 43.1 40.2 40.0 6.08 15.56 11.05 26.48 46.04 30.41 7.81 15.52 7.0 10.05 46.27 11.18 7.07 32.25 6.32 7.07 33.14 43.05 27.17 15.13 12.04 17.26 42.01 42.19 13.89 15.13 4.12 6.08 11.7 26.93 23.09 8.6 
59.01 10.05 54.59 50.25 52.09 15.81 7.07 5.39 33.38 45.18 5.1 50.49 38.64 5.83 26.31 31.4 30.08 10.0 0.0 10.3 34.71 24.74 27.89 42.3 23.26 12.08 29.12 35.06 7.21 9.9 32.98 20.62 55.23 7.28 12.53 44.28 60.01 2.83 8.54 7.07 9.06 10.05 41.11 31.95 34.93 15.13 31.26 8.94 37.48 41.44 55.08 53.08 36.69 32.06 6.32 13.42 3.61 41.05 51.09 16.28 53.08 50.16 50.0 16.03 11.05 15.56 36.35 56.04 40.31 7.81 25.32 17.0 20.02 56.22 11.18 17.03 42.19 10.0 17.03 43.1 53.04 37.12 5.39 16.28 27.17 52.01 52.15 12.37 25.08 14.04 16.03 12.53 36.67 33.06 17.72 
50.36 6.08 46.84 41.0 43.74 14.56 10.2 5.0 26.0 37.11 10.0 42.72 29.07 15.62 19.24 22.0 24.84 5.1 10.3 0.0 27.73 15.03 18.11 34.48 19.21 2.0 23.02 26.17 3.16 16.12 26.42 16.4 47.07 16.28 11.18 36.4 51.35 9.9 8.06 15.62 6.0 17.0 32.06 26.4 28.18 6.71 23.77 9.06 30.08 32.02 46.04 44.05 30.53 24.04 13.04 22.67 13.89 32.14 42.76 16.28 44.72 41.98 41.3 8.06 18.87 16.12 28.79 47.52 32.57 11.7 18.36 9.43 11.7 48.05 15.52 8.94 33.02 1.41 10.0 34.93 44.1 28.07 14.32 17.12 18.11 43.19 43.01 18.03 17.46 6.4 9.22 16.28 29.55 24.19 12.81 
25.71 24.74 20.02 20.0 18.44 21.1 37.7 30.36 2.24 11.4 37.0 16.0 14.56 37.05 8.54 12.37 7.21 25.0 34.71 27.73 0.0 16.4 15.65 8.25 13.34 25.94 6.08 9.06 30.08 43.32 2.24 15.03 21.1 41.98 23.02 10.2 26.68 32.39 26.31 35.0 25.71 33.14 12.21 5.66 1.0 21.02 4.24 26.17 3.16 14.76 23.26 21.47 4.12 5.39 32.02 40.31 37.34 11.4 17.46 22.36 19.42 16.28 17.46 19.7 35.23 23.35 2.83 22.56 6.32 29.02 9.49 18.38 16.12 22.09 29.15 18.79 13.6 29.07 18.03 9.85 21.02 10.44 40.02 23.54 12.21 19.7 21.1 31.4 10.3 21.54 18.97 28.28 2.0 9.06 17.12 
35.69 15.65 33.11 26.02 29.41 18.6 25.02 19.42 14.21 23.26 25.02 29.07 14.04 29.15 10.2 7.07 17.46 15.23 24.74 15.03 16.4 0.0 3.16 21.1 16.28 13.04 14.56 11.7 18.11 31.02 16.12 14.87 32.89 31.26 17.69 22.83 36.67 23.41 18.36 28.18 16.55 28.02 17.26 18.03 17.2 9.85 12.21 18.87 17.69 17.0 31.14 29.15 20.25 11.31 25.06 34.99 28.16 17.46 28.46 20.81 30.36 27.86 26.68 9.43 30.23 21.4 16.28 32.98 19.42 22.47 10.05 9.22 6.4 33.84 24.84 8.6 18.11 16.0 9.9 21.02 29.27 13.34 29.27 22.2 4.24 28.44 28.07 27.66 8.06 11.18 10.63 24.76 17.69 9.85 13.04 
32.98 18.79 30.89 23.09 26.93 21.26 28.0 22.56 13.42 21.1 28.07 26.93 11.0 32.31 11.05 4.47 18.03 18.38 27.89 18.11 15.65 3.16 0.0 19.21 18.03 16.12 15.03 9.43 21.21 34.0 15.81 17.0 30.46 34.37 20.62 20.81 33.96 26.57 21.47 31.3 19.7 31.06 14.56 18.25 16.55 13.0 11.7 21.95 16.4 14.04 28.28 26.31 19.7 10.3 28.18 38.08 31.32 14.87 26.0 23.43 27.86 25.5 24.04 12.53 33.29 24.08 15.0 30.36 17.69 25.55 11.18 12.21 9.22 31.38 27.8 11.66 15.3 19.03 12.81 18.87 26.48 10.77 32.39 24.84 4.0 25.71 25.18 30.61 9.22 14.32 13.6 27.66 16.64 7.81 15.62 
17.46 32.25 12.37 12.81 10.2 29.27 44.64 37.66 9.0 3.16 44.15 8.25 12.65 45.0 16.03 14.87 15.23 32.39 42.3 34.48 8.25 21.1 19.21 0.0 21.59 32.57 14.32 9.9 37.11 50.45 10.44 23.19 13.0 49.5 31.02 2.0 18.44 40.11 34.06 43.05 33.24 41.3 8.06 13.42 8.54 27.89 11.05 34.01 5.1 11.05 15.26 13.6 9.22 10.44 40.01 48.51 45.1 7.07 9.22 30.59 11.18 8.06 9.43 26.68 43.42 31.58 6.0 14.32 2.0 37.01 17.03 25.5 22.8 14.0 37.34 25.71 9.0 35.74 25.32 2.24 13.04 9.43 47.52 31.78 17.0 11.66 13.45 39.62 17.26 28.64 26.31 36.5 6.32 11.4 25.0 
39.05 14.21 33.06 32.65 31.78 8.06 27.8 20.0 13.0 24.74 26.63 29.15 24.04 24.52 7.81 18.03 7.07 14.87 23.26 19.21 13.34 16.28 18.03 21.59 0.0 18.03 7.28 18.44 20.52 32.76 11.18 2.83 34.37 30.46 10.77 23.54 40.02 20.62 14.76 22.2 15.0 20.0 23.85 9.06 13.15 13.42 11.66 14.32 16.49 25.61 36.4 34.54 14.04 13.6 19.42 27.07 25.3 23.32 30.81 9.06 32.76 29.61 30.68 12.08 22.02 10.05 15.81 35.9 19.65 16.49 7.21 10.77 11.05 35.36 16.0 11.7 25.24 20.62 9.85 23.09 34.18 20.62 28.64 10.2 14.32 32.89 34.01 18.11 8.94 13.04 10.3 15.03 15.3 16.97 6.4 
48.37 6.08 44.92 39.0 41.77 14.14 12.17 6.71 24.17 35.17 12.0 40.8 27.07 17.2 17.49 20.0 23.35 5.1 12.08 2.0 25.94 13.04 16.12 32.57 18.03 0.0 21.4 24.19 5.1 18.11 24.7 15.26 45.12 18.25 11.0 34.48 49.37 11.4 8.54 16.97 6.32 18.03 30.07 24.84 26.42 5.0 21.93 9.49 28.23 30.02 44.05 42.05 28.84 22.14 14.21 24.04 15.65 30.15 40.79 16.03 42.76 40.02 39.32 6.4 20.0 16.0 26.93 45.54 30.68 12.53 16.64 7.81 9.85 46.1 16.16 7.21 31.02 3.16 8.49 32.98 42.11 26.08 16.28 17.0 16.12 41.19 41.01 18.79 15.65 5.0 7.81 16.76 27.73 22.2 11.66 
31.78 19.31 26.0 25.55 24.52 15.03 32.65 25.08 5.83 17.46 31.78 22.02 18.03 31.14 4.47 13.34 3.0 19.7 29.12 23.02 6.08 14.56 15.03 14.32 7.28 21.4 0.0 12.21 25.06 38.08 4.0 9.0 27.17 36.4 17.12 16.28 32.76 26.68 20.62 29.02 20.25 27.07 17.03 3.61 6.0 16.4 5.0 20.4 9.22 19.1 29.15 27.31 7.62 7.21 26.08 34.23 31.58 16.4 23.54 16.28 25.5 22.36 23.41 15.0 29.15 17.26 8.54 28.64 12.37 23.09 5.0 13.6 12.04 28.16 23.09 14.21 18.44 24.41 13.04 15.81 26.93 14.21 34.48 17.46 11.05 25.63 26.83 25.32 6.71 16.64 13.89 22.2 8.06 11.18 11.4 
24.19 25.18 21.47 15.3 17.72 24.6 36.35 30.0 7.28 11.66 36.12 17.49 5.83 38.64 10.82 5.0 14.76 25.08 35.06 26.17 9.06 11.7 9.43 9.9 18.44 24.19 12.21 0.0 29.07 42.3 10.44 18.87 21.19 42.0 25.3 11.4 25.18 33.24 27.46 37.11 26.17 36.06 6.08 13.93 10.05 20.0 7.21 27.66 8.25 7.21 20.02 18.03 13.0 5.0 33.96 43.32 38.21 6.0 16.76 26.42 18.68 16.16 15.13 19.03 38.28 27.29 7.07 21.38 8.6 31.05 11.66 18.11 15.03 22.14 32.31 18.03 7.28 27.29 18.25 9.43 18.0 2.24 40.0 27.78 8.06 17.03 17.12 34.93 10.77 21.02 19.24 31.78 9.06 2.0 19.31 
53.24 6.4 49.48 44.01 46.53 14.76 7.62 2.24 28.46 39.81 7.07 45.35 32.14 12.73 21.54 25.02 26.63 5.66 7.21 3.16 30.08 18.11 21.21 37.11 20.52 5.1 25.06 29.07 0.0 13.34 28.64 17.69 49.82 13.15 11.18 39.05 54.23 7.21 7.28 13.04 5.83 14.87 35.01 28.3 30.46 9.22 26.25 8.25 32.57 35.06 49.01 47.01 32.65 26.68 10.77 20.0 10.82 35.06 45.54 16.16 47.52 44.72 44.18 10.44 16.55 15.81 31.32 50.36 35.17 10.05 20.62 11.7 14.32 50.8 14.04 11.4 36.0 2.83 12.08 37.66 47.04 31.02 11.18 16.76 21.02 46.1 46.0 16.28 19.92 8.54 11.18 15.0 31.95 27.07 14.21 
66.48 18.79 62.82 57.04 59.84 25.61 6.0 13.0 41.76 53.15 6.32 58.69 45.0 12.65 34.79 38.05 39.36 18.38 9.9 16.12 43.32 31.02 34.0 50.45 32.76 18.11 38.08 42.3 13.34 0.0 41.79 30.02 63.15 5.0 22.2 52.39 67.48 12.73 18.03 15.23 17.89 18.79 48.17 41.15 43.66 22.56 39.56 18.6 45.88 48.01 62.13 60.13 45.69 40.02 15.81 19.03 9.85 48.26 58.86 26.17 60.83 58.05 57.43 23.77 18.97 25.46 44.64 63.64 48.51 17.69 33.84 25.0 27.66 64.13 20.81 24.74 49.09 15.03 25.3 50.99 60.21 44.18 5.39 26.17 34.23 59.3 59.08 21.47 33.24 21.84 24.35 22.2 45.22 40.31 26.83 
27.89 23.09 22.0 22.2 20.62 19.03 36.25 28.79 3.16 13.6 35.47 18.03 16.16 35.13 7.21 13.04 5.0 23.41 32.98 26.42 2.24 16.12 15.81 10.44 11.18 24.7 4.0 10.44 28.64 41.79 0.0 13.0 23.19 40.26 21.1 12.37 28.86 30.59 24.52 33.02 24.04 31.06 14.21 3.61 2.0 19.72 4.12 24.33 5.39 16.64 25.5 23.71 4.24 6.0 30.07 38.21 35.51 13.45 19.65 20.22 21.59 18.44 19.7 18.36 33.14 21.21 5.0 24.74 8.54 27.07 8.06 17.0 15.0 24.19 27.07 17.49 15.62 27.78 16.55 12.08 23.26 12.08 38.33 21.38 12.08 21.93 23.32 29.27 9.22 20.12 17.46 26.17 4.12 10.05 15.3 
40.61 11.4 35.0 33.62 33.38 6.08 25.0 17.2 14.32 26.31 23.85 31.02 24.21 22.2 8.06 17.69 9.49 12.04 20.62 16.4 15.03 14.87 17.0 23.19 2.83 15.26 9.0 18.87 17.69 30.02 13.0 0.0 36.12 27.86 8.25 25.18 41.59 18.03 12.08 20.02 12.21 18.11 24.6 11.4 15.0 10.77 12.65 11.7 18.11 26.08 37.64 35.74 16.28 14.32 17.12 25.32 22.8 24.17 32.39 7.62 34.37 31.26 32.02 9.49 20.22 8.54 17.26 37.48 21.21 14.14 7.21 8.25 9.06 37.12 14.14 9.22 25.94 17.8 7.28 24.52 35.44 21.1 26.0 8.94 13.6 34.21 35.11 16.49 8.49 10.3 7.62 13.34 17.03 17.2 3.61 
5.66 45.18 3.16 11.18 3.61 42.19 57.27 50.49 22.0 10.05 56.89 5.39 20.81 58.0 29.02 26.0 27.66 45.28 55.23 47.07 21.1 32.89 30.46 13.0 34.37 45.12 27.17 21.19 49.82 63.15 23.19 36.12 0.0 62.39 44.01 11.0 6.4 53.08 47.04 56.04 46.17 54.23 16.12 25.71 21.21 40.61 24.02 47.01 18.03 17.8 8.0 8.25 20.88 23.19 53.01 61.4 58.08 15.65 4.47 43.42 2.83 5.1 7.07 39.46 56.32 44.41 19.0 3.16 15.0 50.01 30.02 38.33 35.51 1.0 50.25 38.47 15.81 48.27 38.21 12.17 7.28 19.7 60.41 44.55 29.12 6.71 9.49 52.47 30.15 41.44 39.2 49.37 19.1 23.09 38.0 
66.07 17.26 61.81 57.08 59.21 22.83 7.81 12.0 40.61 52.35 6.71 57.71 45.28 8.06 33.54 38.12 37.34 17.12 7.28 16.28 41.98 31.26 34.37 49.5 30.46 18.25 36.4 42.0 13.15 5.0 40.26 27.86 62.39 0.0 19.7 51.48 67.07 9.85 15.81 10.82 16.28 14.42 48.01 39.22 42.2 22.0 38.47 16.16 44.72 48.17 62.01 60.01 43.97 39.2 12.04 14.04 5.66 48.0 58.22 23.02 60.21 57.31 57.04 23.02 14.32 22.2 43.57 63.13 47.52 14.42 32.56 24.08 27.02 63.39 16.97 24.02 49.04 15.52 24.19 50.25 60.0 44.01 2.0 22.8 34.01 59.01 59.03 17.2 32.25 21.02 23.19 18.38 43.93 40.0 25.0 
48.26 5.1 43.05 40.52 41.11 3.61 17.69 10.0 22.02 34.06 16.28 39.01 29.97 14.04 15.13 22.83 17.72 6.08 12.53 11.18 23.02 17.69 20.62 31.02 10.77 11.0 17.12 25.3 11.18 22.2 21.1 8.25 44.01 19.7 0.0 33.02 49.25 9.85 4.24 12.04 5.39 10.77 31.32 19.65 23.09 8.94 20.1 3.61 26.0 32.31 44.91 42.95 24.52 21.38 9.0 18.03 14.56 31.05 40.11 5.1 42.11 39.05 39.46 8.6 13.0 5.0 25.02 45.18 29.02 6.0 14.14 8.49 11.4 45.01 7.21 9.22 32.57 12.37 7.81 32.14 42.76 27.51 17.89 6.0 18.36 41.59 42.2 10.0 14.56 7.62 7.07 7.07 25.02 23.41 6.08 
15.52 34.23 10.44 11.66 8.25 31.26 46.57 39.62 11.0 1.41 46.1 6.32 13.42 47.0 18.03 16.4 17.09 34.37 44.28 36.4 10.2 22.83 20.81 2.0 23.54 34.48 16.28 11.4 39.05 52.39 12.37 25.18 11.0 51.48 33.02 0.0 16.49 42.11 36.06 45.04 35.23 43.29 8.54 15.23 10.44 29.83 13.04 36.01 7.07 11.4 13.6 12.04 10.82 12.37 42.01 50.49 47.1 7.62 7.28 32.56 9.22 6.08 7.81 28.64 45.4 33.54 8.0 12.37 4.0 39.01 19.03 27.46 24.74 12.0 39.32 27.66 9.22 37.64 27.29 2.24 11.4 10.63 49.5 33.73 18.79 10.0 12.04 41.59 19.24 30.59 28.28 38.47 8.25 13.04 27.0 
1.0 50.0 9.22 11.66 8.25 47.68 61.52 55.08 27.29 15.3 61.29 11.66 23.41 63.13 34.13 29.61 33.53 50.01 60.01 51.35 26.68 36.67 33.96 18.44 40.02 49.37 32.76 25.18 54.23 67.48 28.86 41.59 6.4 67.07 49.25 16.49 0.0 58.01 52.04 61.29 51.0 59.68 19.42 31.62 26.93 45.1 29.15 52.09 23.54 20.25 6.4 8.06 26.93 28.02 58.22 66.91 63.01 19.24 9.22 49.03 7.28 10.44 10.05 44.05 61.81 50.01 24.33 4.12 20.4 55.23 35.13 43.01 40.05 5.66 55.73 43.05 18.68 52.47 43.0 17.12 7.62 23.35 65.07 50.22 33.24 8.25 9.43 58.05 35.01 46.04 44.0 54.92 24.74 27.17 43.19 
57.01 8.06 52.35 48.51 50.01 13.04 9.49 5.0 31.14 43.05 7.62 48.26 37.11 5.83 24.08 29.83 27.51 8.25 2.83 9.9 32.39 23.41 26.57 40.11 20.62 11.4 26.68 33.24 7.21 12.73 30.59 18.03 53.08 9.85 9.85 42.11 58.01 0.0 6.08 5.83 7.07 8.06 39.32 29.41 32.56 13.6 29.07 6.32 35.23 39.81 53.24 51.24 34.21 30.0 4.0 12.81 5.0 39.2 49.01 13.45 51.01 48.04 48.04 14.32 9.49 12.73 34.13 54.0 38.12 5.0 23.09 15.13 18.25 54.08 8.54 15.3 40.45 10.0 15.03 41.01 51.16 35.36 8.06 13.45 25.5 50.09 50.36 10.05 23.0 12.37 14.04 9.85 34.37 31.26 15.3 
51.04 2.83 46.27 42.76 44.0 7.81 13.45 5.83 25.08 37.01 12.04 42.19 31.62 11.18 18.03 24.35 21.54 3.61 8.54 8.06 26.31 18.36 21.47 34.06 14.76 8.54 20.62 27.46 7.28 18.03 24.52 12.08 47.04 15.81 4.24 36.06 52.04 6.08 0.0 9.85 2.24 9.9 33.54 23.41 26.48 8.6 23.02 1.0 29.15 34.21 47.38 45.4 28.16 24.02 6.71 16.64 11.05 33.38 43.0 8.94 45.0 42.01 42.11 8.94 12.04 8.54 28.07 48.01 32.06 4.24 17.03 9.49 12.65 48.04 7.62 9.85 34.71 9.0 9.22 35.0 45.28 29.61 13.93 9.49 19.92 44.18 44.55 10.3 17.03 7.21 8.25 8.25 28.28 25.5 9.22 
60.3 12.53 55.01 52.39 53.15 14.14 14.0 10.82 34.06 46.1 12.0 51.0 41.44 2.83 27.17 34.18 29.27 13.04 7.07 15.62 35.0 28.18 31.3 43.05 22.2 16.97 29.02 37.11 13.04 15.23 33.02 20.02 56.04 10.82 12.04 45.04 61.29 5.83 9.85 0.0 11.66 3.61 43.17 31.26 35.01 18.36 32.14 9.49 38.01 43.97 56.89 54.92 36.22 33.38 3.16 7.07 5.39 42.95 52.15 13.6 54.15 51.09 51.48 18.79 4.0 12.65 37.05 57.22 41.05 6.08 26.17 19.31 22.47 57.04 6.71 19.7 44.38 15.81 18.97 44.18 54.74 39.29 9.85 13.0 29.73 53.6 54.13 6.4 26.48 17.0 18.03 8.06 37.0 35.17 18.11 
50.0 1.0 45.54 41.44 43.05 8.94 12.81 5.0 24.33 36.12 11.66 41.44 30.08 12.65 17.26 22.8 21.47 1.41 9.06 6.0 25.71 16.55 19.7 33.24 15.0 6.32 20.25 26.17 5.83 17.89 24.04 12.21 46.17 16.28 5.39 35.23 51.0 7.07 2.24 11.66 0.0 12.04 32.25 23.26 25.96 6.71 22.2 3.16 28.44 32.76 46.17 44.18 27.86 23.02 8.6 18.6 12.04 32.14 42.05 10.44 44.05 41.11 41.01 7.28 14.14 10.2 27.29 47.01 31.26 6.4 16.28 8.06 11.18 47.17 9.85 8.25 33.38 7.07 8.0 34.06 44.1 28.28 14.32 11.18 18.44 43.05 43.29 12.53 16.03 5.39 7.0 10.44 27.66 24.19 8.94 
58.69 12.73 53.04 51.24 51.48 12.04 17.12 12.65 32.39 44.41 15.13 49.09 40.72 6.4 25.71 33.54 27.02 13.45 10.05 17.0 33.14 28.02 31.06 41.3 20.0 18.03 27.07 36.06 14.87 18.79 31.06 18.11 54.23 14.42 10.77 43.29 59.68 8.06 9.9 3.61 12.04 0.0 42.06 29.02 33.06 18.44 30.59 9.22 36.22 43.08 55.54 53.6 34.01 32.02 4.12 7.28 8.94 41.76 50.49 11.05 52.47 49.37 50.01 18.6 2.24 10.05 35.36 55.58 39.32 5.66 24.74 18.87 21.95 55.23 4.0 19.42 43.32 17.46 18.36 42.58 53.37 38.28 13.42 10.2 29.07 52.17 52.89 2.83 25.3 17.03 17.49 5.1 35.13 34.18 16.76 
18.44 31.26 17.03 9.22 12.53 30.46 42.19 36.01 11.31 8.06 42.05 13.45 5.0 44.72 16.55 10.2 19.1 31.14 41.11 32.06 12.21 17.26 14.56 8.06 23.85 30.07 17.03 6.08 35.01 48.17 14.21 24.6 16.12 48.01 31.32 8.54 19.42 39.32 33.54 43.17 32.25 42.06 0.0 17.8 13.04 26.02 12.21 33.73 9.85 3.0 14.0 12.0 15.23 10.3 40.02 49.34 44.28 1.0 11.66 32.2 13.42 11.4 9.49 25.08 44.27 33.11 9.43 15.81 8.06 37.11 17.46 24.19 21.1 17.0 38.28 24.08 1.41 33.14 24.33 6.32 12.04 4.0 46.01 33.54 14.0 11.18 11.05 40.85 16.76 27.07 25.32 37.7 11.18 8.06 25.3 
30.68 22.36 24.19 25.61 23.41 17.12 35.85 28.18 6.71 16.55 34.89 20.4 19.7 33.54 8.06 16.03 2.0 22.83 31.95 26.4 5.66 18.03 18.25 13.42 9.06 24.84 3.61 13.93 28.3 41.15 3.61 11.4 25.71 39.22 19.65 15.23 31.62 29.41 23.41 31.26 23.26 29.02 17.8 0.0 5.0 19.85 7.07 23.09 8.6 20.25 28.65 26.93 5.0 9.22 28.44 36.01 34.21 17.03 22.47 18.0 24.35 21.19 22.83 18.44 31.0 19.0 8.49 27.51 11.66 25.5 8.6 17.03 15.62 26.68 25.02 17.69 19.21 27.8 16.4 15.26 26.42 15.65 37.34 19.03 14.32 25.06 26.63 27.02 10.3 20.0 17.2 24.0 7.21 13.34 14.32 
25.96 25.0 20.0 20.62 18.68 21.02 38.08 30.68 3.16 11.7 37.34 16.03 15.52 37.12 8.94 13.34 6.71 25.3 34.93 28.18 1.0 17.2 16.55 8.54 13.15 26.42 6.0 10.05 30.46 43.66 2.0 15.0 21.21 42.2 23.09 10.44 26.93 32.56 26.48 35.01 25.96 33.06 13.04 5.0 0.0 21.47 5.0 26.31 3.61 15.65 23.71 21.95 3.16 6.32 32.06 40.2 37.48 12.21 17.72 22.2 19.65 16.49 17.89 20.12 35.13 23.19 3.61 22.8 6.71 29.07 9.85 18.79 16.64 22.2 29.07 19.24 14.42 29.53 18.38 10.3 21.47 11.4 40.26 23.35 13.04 20.12 21.63 31.26 10.82 21.93 19.31 28.16 2.24 10.05 17.26 
44.1 5.83 40.26 35.13 37.34 11.18 16.76 10.0 19.31 30.59 16.28 36.14 23.54 19.31 12.53 16.28 18.38 5.39 15.13 6.71 21.02 9.85 13.0 27.89 13.42 5.0 16.4 20.0 9.22 22.56 19.72 10.77 40.61 22.0 8.94 29.83 45.1 13.6 8.6 18.36 6.71 18.44 26.02 19.85 21.47 0.0 17.09 9.22 23.41 26.31 40.01 38.01 23.85 17.46 15.26 25.24 18.44 26.0 36.35 13.34 38.33 35.51 35.06 1.41 20.62 13.6 22.14 41.19 25.96 12.81 11.66 2.83 5.1 41.59 15.62 2.24 27.07 8.06 3.61 28.44 38.0 22.02 20.0 14.56 12.04 37.01 37.05 18.44 10.77 1.41 3.16 15.81 22.85 18.0 7.28 
28.16 21.21 23.35 21.02 21.02 18.68 33.84 26.68 2.24 14.0 33.24 19.24 13.04 34.01 5.0 9.0 7.62 21.38 31.26 23.77 4.24 12.21 11.7 11.05 11.66 21.93 5.0 7.21 26.25 39.56 4.12 12.65 24.02 38.47 20.1 13.04 29.15 29.07 23.02 32.14 22.2 30.59 12.21 7.07 5.0 17.09 0.0 23.0 6.32 14.14 25.0 23.09 8.06 2.24 29.07 37.85 34.06 11.66 20.02 20.25 22.02 19.0 19.42 15.81 32.76 21.19 5.1 25.08 9.06 26.08 6.0 14.56 12.08 25.02 26.68 14.87 13.6 25.08 14.32 12.04 22.8 9.22 36.5 21.54 8.06 21.59 22.47 29.12 6.32 17.72 15.3 25.96 5.83 6.32 14.04 
51.09 3.61 46.17 42.95 44.01 7.07 14.21 6.71 25.02 37.0 12.73 42.11 31.95 11.05 18.0 24.7 21.19 4.47 8.94 9.06 26.17 18.87 21.95 34.01 14.32 9.49 20.4 27.66 8.25 18.6 24.33 11.7 47.01 16.16 3.61 36.01 52.09 6.32 1.0 9.49 3.16 9.22 33.73 23.09 26.31 9.22 23.0 0.0 29.07 34.48 47.52 45.54 27.89 24.08 6.32 16.12 11.18 33.54 43.01 8.06 45.01 42.0 42.19 9.43 11.4 7.62 28.02 48.04 32.02 3.61 17.0 9.85 13.0 48.01 6.71 10.3 34.93 10.0 9.49 35.01 45.4 29.83 14.32 8.54 20.25 44.28 44.72 9.43 17.12 7.81 8.54 7.28 28.16 25.71 9.06 
22.56 27.46 17.12 17.03 15.3 24.19 40.16 32.98 4.12 8.25 39.56 13.04 13.04 40.01 11.18 12.53 10.3 27.66 37.48 30.08 3.16 17.69 16.4 5.1 16.49 28.23 9.22 8.25 32.57 45.88 5.39 18.11 18.03 44.72 26.0 7.07 23.54 35.23 29.15 38.01 28.44 36.22 9.85 8.6 3.61 23.41 6.32 29.07 0.0 12.65 20.12 18.36 5.39 6.4 35.0 43.42 40.2 8.94 14.32 25.5 16.28 13.15 14.32 22.14 38.33 26.48 1.41 19.42 3.16 32.0 12.17 20.88 18.38 19.03 32.25 21.19 11.18 31.38 20.62 6.71 17.89 9.0 42.76 26.68 13.45 16.55 18.03 34.53 12.65 24.04 21.59 31.4 1.41 8.94 20.02 
19.31 31.78 19.1 9.06 14.21 31.76 42.01 36.22 13.6 10.77 42.01 15.81 3.16 45.35 18.03 10.05 21.4 31.58 41.44 32.02 14.76 17.0 14.04 11.05 25.61 30.02 19.1 7.21 35.06 48.01 16.64 26.08 17.8 48.17 32.31 11.4 20.25 39.81 34.21 43.97 32.76 43.08 3.0 20.25 15.65 26.31 14.14 34.48 12.65 0.0 14.32 12.37 18.03 12.04 40.8 50.33 44.72 4.0 13.45 33.62 15.0 13.45 10.82 25.5 45.31 34.48 12.08 17.0 11.05 37.95 18.87 24.74 21.59 18.6 39.4 24.52 2.24 33.0 25.0 9.22 12.65 5.0 46.17 34.99 14.32 12.08 11.18 42.05 17.89 27.46 25.96 38.91 13.93 8.94 26.4 
5.66 45.18 11.05 5.39 6.71 43.68 56.14 50.01 23.41 12.21 56.04 11.18 17.46 58.55 29.83 24.08 30.41 45.1 55.08 46.04 23.26 31.14 28.28 15.26 36.4 44.05 29.15 20.02 49.01 62.13 25.5 37.64 8.0 62.01 44.91 13.6 6.4 53.24 47.38 56.89 46.17 55.54 14.0 28.65 23.71 40.01 25.0 47.52 20.12 14.32 0.0 2.0 24.41 23.54 53.76 62.82 58.22 14.04 7.21 45.22 6.32 8.6 5.83 39.05 57.72 46.17 20.62 5.1 17.0 50.8 30.81 38.12 35.06 8.06 51.66 38.05 13.04 47.1 38.21 13.42 2.24 18.0 60.01 46.49 28.0 3.61 3.16 54.12 30.41 41.05 39.2 50.96 21.47 22.02 38.83 
7.21 43.19 11.05 3.61 6.08 41.76 54.15 48.01 21.54 10.63 54.04 10.44 15.52 56.57 27.89 22.09 28.65 43.1 53.08 44.05 21.47 29.15 26.31 13.6 34.54 42.05 27.31 18.03 47.01 60.13 23.71 35.74 8.25 60.01 42.95 12.04 8.06 51.24 45.4 54.92 44.18 53.6 12.0 26.93 21.95 38.01 23.09 45.54 18.36 12.37 2.0 0.0 22.8 21.59 51.79 60.88 56.22 12.04 6.32 43.32 6.0 7.62 4.24 37.05 55.79 44.27 18.79 5.83 15.26 48.84 28.86 36.12 33.06 8.54 49.73 36.06 11.05 45.1 36.22 11.66 1.0 16.0 58.01 44.6 26.0 2.24 1.41 52.2 28.44 39.05 37.22 49.04 19.72 20.02 36.88 
26.0 26.93 19.24 21.93 18.79 22.09 40.25 32.7 6.32 12.21 39.4 15.52 18.25 38.47 11.4 16.49 7.0 27.31 36.69 30.53 4.12 20.25 19.7 9.22 14.04 28.84 7.62 13.0 32.65 45.69 4.24 16.28 20.88 43.97 24.52 10.82 26.93 34.21 28.16 36.22 27.86 34.01 15.23 5.0 3.16 23.85 8.06 27.89 5.39 18.03 24.41 22.8 0.0 9.49 33.38 41.01 39.05 14.32 17.89 23.0 19.7 16.55 18.6 22.47 36.0 24.0 6.08 22.85 7.81 30.41 12.21 21.1 19.21 21.84 30.02 21.63 16.55 31.91 20.59 11.31 22.2 14.14 42.06 24.02 16.12 20.81 22.67 32.02 13.45 24.19 21.47 29.0 4.12 13.15 18.97 
27.02 22.02 22.8 19.31 20.02 20.25 34.21 27.29 3.16 13.15 33.73 18.68 10.82 35.13 6.32 7.07 9.85 22.09 32.06 24.04 5.39 11.31 10.3 10.44 13.6 22.14 7.21 5.0 26.68 40.02 6.0 14.32 23.19 39.2 21.38 12.37 28.02 30.0 24.02 33.38 23.02 32.02 10.3 9.22 6.32 17.46 2.24 24.08 6.4 12.04 23.54 21.59 9.49 0.0 30.27 39.29 35.0 9.85 19.03 21.93 21.02 18.11 18.11 16.28 34.21 22.85 5.0 24.0 8.54 27.29 7.28 15.13 12.37 24.19 28.16 15.3 11.66 25.3 15.03 11.05 21.38 7.07 37.22 23.26 7.07 20.22 20.88 30.68 7.0 18.25 16.03 27.51 6.4 4.12 15.3 
57.22 9.43 52.04 49.24 50.09 11.4 13.34 8.54 31.02 43.05 11.4 48.01 38.28 5.1 24.08 31.02 26.48 10.0 6.32 13.04 32.02 25.06 28.18 40.01 19.42 14.21 26.08 33.96 10.77 15.81 30.07 17.12 53.01 12.04 9.0 42.01 58.22 4.0 6.71 3.16 8.6 4.12 40.02 28.44 32.06 15.26 29.07 6.32 35.0 40.8 53.76 51.79 33.38 30.27 0.0 10.0 6.4 39.81 49.09 11.18 51.09 48.04 48.37 15.65 5.83 10.3 34.01 54.15 38.01 3.0 23.09 16.16 19.31 54.01 5.0 16.55 41.23 13.42 15.81 41.11 51.62 36.14 10.63 10.82 26.57 50.49 50.99 6.08 23.35 13.89 14.87 6.4 34.01 32.02 15.03 
65.92 19.42 60.13 58.52 58.69 19.24 19.65 17.8 39.62 51.62 17.72 56.22 47.93 7.62 32.98 40.72 34.01 20.0 13.42 22.67 40.31 34.99 38.08 48.51 27.07 24.04 34.23 43.32 20.0 19.03 38.21 25.32 61.4 14.04 18.03 50.49 66.91 12.81 16.64 7.07 18.6 7.28 49.34 36.01 40.2 25.24 37.85 16.12 43.42 50.33 62.82 60.88 41.01 39.29 10.0 0.0 10.44 49.04 57.71 18.03 59.68 56.57 57.27 25.55 5.1 17.03 42.58 62.8 46.53 12.53 32.02 25.94 29.07 62.39 11.18 26.42 50.6 22.8 25.5 49.82 60.64 45.54 14.04 17.0 36.25 59.44 60.17 9.0 32.57 23.85 24.6 12.04 42.3 41.44 24.04 
62.01 13.04 57.31 53.46 55.01 17.46 9.22 8.94 36.12 48.04 7.28 53.24 41.98 3.0 29.07 34.71 32.28 13.15 3.61 13.89 37.34 28.16 31.32 45.1 25.3 15.65 31.58 38.21 10.82 9.85 35.51 22.8 58.08 5.66 14.56 47.1 63.01 5.0 11.05 5.39 12.04 8.94 44.28 34.21 37.48 18.44 34.06 11.18 40.2 44.72 58.22 56.22 39.05 35.0 6.4 10.44 0.0 44.18 54.01 17.49 56.01 53.04 53.04 19.24 9.22 16.64 39.12 59.0 43.1 8.94 28.07 20.1 23.19 59.08 11.31 20.22 45.4 13.6 20.02 46.01 56.14 40.31 4.47 17.2 30.41 55.08 55.33 11.66 28.0 17.26 19.03 12.73 39.32 36.22 20.22 
18.25 31.14 16.4 9.49 12.08 30.08 42.3 36.0 10.63 7.21 42.11 12.73 5.83 44.55 16.16 10.44 18.38 31.06 41.05 32.14 11.4 17.46 14.87 7.07 23.32 30.15 16.4 6.0 35.06 48.26 13.45 24.17 15.65 48.0 31.05 7.62 19.24 39.2 33.38 42.95 32.14 41.76 1.0 17.03 12.21 26.0 11.66 33.54 8.94 4.0 14.04 12.04 14.32 9.85 39.81 49.04 44.18 0.0 11.18 31.78 13.0 10.82 9.22 25.02 43.97 32.7 8.6 15.52 7.07 36.88 17.09 24.08 21.02 16.55 37.95 24.02 2.24 33.24 24.19 5.39 12.0 4.12 46.0 33.11 14.04 11.05 11.18 40.5 16.49 27.02 25.18 37.34 10.3 8.0 25.0 
8.25 41.05 5.83 8.06 1.0 38.47 52.95 46.27 18.11 6.08 52.61 4.12 16.4 54.04 25.02 21.54 24.35 41.11 51.09 42.76 17.46 28.46 26.0 9.22 30.81 40.79 23.54 16.76 45.54 58.86 19.65 32.39 4.47 58.22 40.11 7.28 9.22 49.01 43.0 52.15 42.05 50.49 11.66 22.47 17.72 36.35 20.02 43.01 14.32 13.45 7.21 6.32 17.89 19.03 49.09 57.71 54.01 11.18 0.0 39.81 2.0 1.41 3.16 35.23 52.61 40.79 15.13 5.1 11.18 46.1 26.02 34.13 31.26 5.39 46.53 34.23 11.4 43.93 34.06 8.0 5.39 15.23 56.22 41.0 24.74 4.12 7.07 48.84 26.02 37.22 35.06 45.71 15.52 18.68 34.06 
48.05 10.2 42.11 41.23 40.79 2.24 22.2 14.76 21.84 33.73 20.62 38.21 31.62 16.16 15.65 24.84 16.0 11.18 16.28 16.28 22.36 20.81 23.43 30.59 9.06 16.03 16.28 26.42 16.16 26.17 20.22 7.62 43.42 23.02 5.1 32.56 49.03 13.45 8.94 13.6 10.44 11.05 32.2 18.0 22.2 13.34 20.25 8.06 25.5 33.62 45.22 43.32 23.0 21.93 11.18 18.03 17.49 31.78 39.81 0.0 41.77 38.64 39.56 12.65 13.0 1.0 24.74 44.91 28.64 8.6 14.76 12.08 14.42 44.41 7.07 13.0 33.54 17.46 11.18 32.02 43.01 28.65 21.4 1.41 20.52 41.76 42.72 9.06 15.81 12.17 10.77 6.0 24.33 24.7 7.81 
6.32 43.05 5.1 8.54 1.0 40.45 54.92 48.26 20.1 8.06 54.59 5.0 18.03 56.04 27.02 23.41 26.25 43.1 53.08 44.72 19.42 30.36 27.86 11.18 32.76 42.76 25.5 18.68 47.52 60.83 21.59 34.37 2.83 60.21 42.11 9.22 7.28 51.01 45.0 54.15 44.05 52.47 13.42 24.35 19.65 38.33 22.02 45.01 16.28 15.0 6.32 6.0 19.7 21.02 51.09 59.68 56.01 13.0 2.0 41.77 0.0 3.16 4.24 37.22 54.59 42.76 17.12 3.16 13.15 48.09 28.02 36.12 33.24 3.61 48.51 36.22 13.04 45.89 36.06 10.0 5.0 17.09 58.22 42.95 26.68 4.12 7.07 50.8 28.02 39.2 37.05 47.68 17.46 20.62 36.06 
9.49 40.11 5.66 9.0 2.24 37.34 52.17 45.4 17.03 5.0 51.79 3.0 16.28 53.01 24.0 21.02 23.09 40.2 50.16 41.98 16.28 27.86 25.5 8.06 29.61 40.02 22.36 16.16 44.72 58.05 18.44 31.26 5.1 57.31 39.05 6.08 10.44 48.04 42.01 51.09 41.11 49.37 11.4 21.19 16.49 35.51 19.0 42.0 13.15 13.45 8.6 7.62 16.55 18.11 48.04 56.57 53.04 10.82 1.41 38.64 3.16 0.0 4.0 34.37 51.48 39.62 14.04 6.32 10.05 45.04 25.0 33.24 30.41 6.08 45.4 33.38 11.31 43.17 33.14 7.07 6.71 14.76 55.33 39.81 24.04 5.39 8.25 47.68 25.08 36.35 34.13 44.55 14.32 18.03 33.02 
9.06 40.01 8.94 5.0 3.61 38.08 51.48 45.04 17.72 6.4 51.24 7.0 13.89 53.24 24.33 19.65 24.6 40.0 50.0 41.3 17.46 26.68 24.04 9.43 30.68 39.32 23.41 15.13 44.18 57.43 19.7 32.02 7.07 57.04 39.46 7.81 10.05 48.04 42.11 51.48 41.01 50.01 9.49 22.83 17.89 35.06 19.42 42.19 14.32 10.82 5.83 4.24 18.6 18.11 48.37 57.27 53.04 9.22 3.16 39.56 4.24 4.0 0.0 34.01 52.17 40.52 14.87 6.32 11.18 45.4 25.32 33.0 30.02 7.81 46.1 33.02 8.94 42.43 33.02 7.62 3.61 13.34 55.04 40.8 23.19 2.24 4.47 48.51 25.08 36.01 34.01 45.35 15.65 17.12 33.38 
43.05 6.32 39.05 34.23 36.22 10.44 18.03 11.05 18.03 29.43 17.46 34.93 22.8 19.92 11.18 15.52 16.97 6.08 16.03 8.06 19.7 9.43 12.53 26.68 12.08 6.4 15.0 19.03 10.44 23.77 18.36 9.49 39.46 23.02 8.6 28.64 44.05 14.32 8.94 18.79 7.28 18.6 25.08 18.44 20.12 1.41 15.81 9.43 22.14 25.5 39.05 37.05 22.47 16.28 15.65 25.55 19.24 25.02 35.23 12.65 37.22 34.37 34.01 0.0 20.81 13.0 20.88 40.11 24.74 13.04 10.3 1.41 4.0 40.45 15.56 1.0 26.17 9.43 2.24 27.29 37.01 21.1 21.02 13.93 11.18 36.0 36.12 18.38 9.49 2.0 2.0 15.62 21.54 17.03 6.08 
60.83 14.87 55.08 53.45 53.6 14.14 18.0 14.32 34.53 46.53 16.0 51.16 42.95 6.32 27.89 35.78 29.0 15.56 11.05 18.87 35.23 30.23 33.29 43.42 22.02 20.0 29.15 38.28 16.55 18.97 33.14 20.22 56.32 14.32 13.0 45.4 61.81 9.49 12.04 4.0 14.14 2.24 44.27 31.0 35.13 20.62 32.76 11.4 38.33 45.31 57.72 55.79 36.0 34.21 5.83 5.1 9.22 43.97 52.61 13.0 54.59 51.48 52.17 20.81 0.0 12.0 37.48 57.71 41.44 7.81 26.93 21.1 24.19 57.31 6.08 21.63 45.54 19.24 20.59 44.72 55.54 40.5 13.6 12.04 31.3 54.34 55.08 4.12 27.51 19.21 19.72 7.0 37.22 36.4 18.97 
49.03 10.05 43.1 42.15 41.77 2.83 21.63 14.32 22.8 34.71 20.0 39.2 32.45 15.23 16.55 25.61 17.0 11.05 15.56 16.12 23.35 21.4 24.08 31.58 10.05 16.0 17.26 27.29 15.81 25.46 21.21 8.54 44.41 22.2 5.0 33.54 50.01 12.73 8.54 12.65 10.2 10.05 33.11 19.0 23.19 13.6 21.19 7.62 26.48 34.48 46.17 44.27 24.0 22.85 10.3 17.03 16.64 32.7 40.79 1.0 42.76 39.62 40.52 13.0 12.0 0.0 25.71 45.89 29.61 7.81 15.65 12.53 15.0 45.4 6.08 13.42 34.44 17.26 11.66 32.98 43.97 29.53 20.62 1.0 21.26 42.72 43.66 8.06 16.64 12.37 11.18 5.0 25.32 25.55 8.49 
23.35 26.31 18.25 17.2 16.12 23.35 38.9 31.78 3.0 9.06 38.33 14.14 12.17 39.0 10.05 11.18 10.0 26.48 36.35 28.79 2.83 16.28 15.0 6.0 15.81 26.93 8.54 7.07 31.32 44.64 5.0 17.26 19.0 43.57 25.02 8.0 24.33 34.13 28.07 37.05 27.29 35.36 9.43 8.49 3.61 22.14 5.1 28.02 1.41 12.08 20.62 18.79 6.08 5.0 34.01 42.58 39.12 8.6 15.13 24.74 17.12 14.04 14.87 20.88 37.48 25.71 0.0 20.22 4.0 31.02 11.05 19.65 17.09 20.0 31.4 19.92 10.82 30.08 19.42 7.28 18.38 8.06 41.59 25.96 12.04 17.09 18.36 33.73 11.4 22.8 20.4 30.59 2.0 7.62 19.0 
3.16 46.01 6.32 9.22 4.12 43.57 57.71 51.16 23.19 11.18 57.43 7.81 20.12 59.08 30.07 25.96 29.41 46.04 56.04 47.52 22.56 32.98 30.36 14.32 35.9 45.54 28.64 21.38 50.36 63.64 24.74 37.48 3.16 63.13 45.18 12.37 4.12 54.0 48.01 57.22 47.01 55.58 15.81 27.51 22.8 41.19 25.08 48.04 19.42 17.0 5.1 5.83 22.85 24.0 54.15 62.8 59.0 15.52 5.1 44.91 3.16 6.32 6.32 40.11 57.71 45.89 20.22 0.0 16.28 51.16 31.06 39.05 36.12 3.0 51.62 39.12 15.23 48.66 39.01 13.04 5.0 19.65 61.13 46.1 29.43 5.0 7.21 53.94 31.0 42.11 40.01 50.8 20.62 23.35 39.12 
19.42 30.27 14.32 14.14 12.17 27.29 42.72 35.69 7.0 5.1 42.2 10.2 12.17 43.0 14.04 13.45 13.42 30.41 40.31 32.57 6.32 19.42 17.69 2.0 19.65 30.68 12.37 8.6 35.17 48.51 8.54 21.21 15.0 47.52 29.02 4.0 20.4 38.12 32.06 41.05 31.26 39.32 8.06 11.66 6.71 25.96 9.06 32.02 3.16 11.05 17.0 15.26 7.81 8.54 38.01 46.53 43.1 7.07 11.18 28.64 13.15 10.05 11.18 24.74 41.44 29.61 4.0 16.28 0.0 35.01 15.03 23.54 20.88 16.0 35.36 23.77 9.22 33.84 23.35 3.61 14.76 8.54 45.54 29.83 15.26 13.42 15.0 37.66 15.3 26.68 24.33 34.53 4.47 9.9 23.0 
54.23 7.07 49.04 46.32 47.1 8.54 14.32 8.0 28.02 40.05 12.53 45.01 35.47 8.06 21.1 28.23 23.54 7.81 7.81 11.7 29.02 22.47 25.55 37.01 16.49 12.53 23.09 31.05 10.05 17.69 27.07 14.14 50.01 14.42 6.0 39.01 55.23 5.0 4.24 6.08 6.4 5.66 37.11 25.5 29.07 12.81 26.08 3.61 32.0 37.95 50.8 48.84 30.41 27.29 3.0 12.53 8.94 36.88 46.1 8.6 48.09 45.04 45.4 13.04 7.81 7.81 31.02 51.16 35.01 0.0 20.1 13.42 16.55 51.01 4.0 13.89 38.33 12.37 13.0 38.12 48.66 33.24 12.81 8.49 23.77 47.52 48.05 6.32 20.4 11.4 12.08 5.1 31.02 29.12 12.04 
34.13 15.3 29.27 26.57 27.02 13.0 28.23 20.88 8.06 20.0 27.51 25.18 17.03 28.02 1.0 10.82 7.62 15.52 25.32 18.36 9.49 10.05 11.18 17.03 7.21 16.64 5.0 11.66 20.62 33.84 8.06 7.21 30.02 32.56 14.14 19.03 35.13 23.09 17.03 26.17 16.28 24.74 17.46 8.6 9.85 11.66 6.0 17.0 12.17 18.87 30.81 28.86 12.21 7.28 23.09 32.02 28.07 17.09 26.02 14.76 28.02 25.0 25.32 10.3 26.93 15.65 11.05 31.06 15.03 20.1 0.0 8.94 7.07 31.02 20.88 9.43 18.79 19.72 8.54 18.03 28.64 13.89 30.59 16.12 7.28 27.46 28.16 23.41 2.0 12.08 9.49 20.25 11.4 10.0 8.06 
42.01 7.07 37.85 33.38 35.13 9.85 19.31 12.17 16.76 28.28 18.68 33.73 22.14 20.62 9.85 14.87 15.56 7.0 17.0 9.43 18.38 9.22 12.21 25.5 10.77 7.81 13.6 18.11 11.7 25.0 17.0 8.25 38.33 24.08 8.49 27.46 43.01 15.13 9.49 19.31 8.06 18.87 24.19 17.03 18.79 2.83 14.56 9.85 20.88 24.74 38.12 36.12 21.1 15.13 16.16 25.94 20.1 24.08 34.13 12.08 36.12 33.24 33.0 1.41 21.1 12.53 19.65 39.05 23.54 13.42 8.94 0.0 3.16 39.32 15.62 1.0 25.32 10.82 1.0 26.17 36.06 20.22 22.09 13.42 10.44 35.01 35.23 18.44 8.25 3.16 1.41 15.56 20.25 16.12 5.0 
39.05 10.2 35.17 30.27 32.25 12.21 21.84 15.03 14.32 25.5 21.38 31.05 18.97 23.77 7.81 11.7 14.42 10.05 20.02 11.7 16.12 6.4 9.22 22.8 11.05 9.85 12.04 15.03 14.32 27.66 15.0 9.06 35.51 27.02 11.4 24.74 40.05 18.25 12.65 22.47 11.18 21.95 21.1 15.62 16.64 5.1 12.08 13.0 18.38 21.59 35.06 33.06 19.21 12.37 19.31 29.07 23.19 21.02 31.26 14.42 33.24 30.41 30.02 4.0 24.19 15.0 17.09 36.12 20.88 16.55 7.07 3.16 0.0 36.5 18.6 3.0 22.2 13.0 3.61 23.35 33.02 17.12 25.02 15.81 7.28 32.0 32.14 21.4 5.83 6.0 4.47 18.44 17.89 13.04 6.71 
5.0 46.17 3.61 11.66 4.47 43.19 58.25 51.48 23.0 11.05 57.87 6.32 21.63 59.0 30.02 26.93 28.64 46.27 56.22 48.05 22.09 33.84 31.38 14.0 35.36 46.1 28.16 22.14 50.8 64.13 24.19 37.12 1.0 63.39 45.01 12.0 5.66 54.08 48.04 57.04 47.17 55.23 17.0 26.68 22.2 41.59 25.02 48.01 19.03 18.6 8.06 8.54 21.84 24.19 54.01 62.39 59.08 16.55 5.39 44.41 3.61 6.08 7.81 40.45 57.31 45.4 20.0 3.0 16.0 51.01 31.02 39.32 36.5 0.0 51.24 39.46 16.64 49.24 39.2 13.15 7.62 20.62 61.4 45.54 30.08 7.21 9.85 53.46 31.14 42.43 40.2 50.36 20.1 24.04 39.0 
