90
0.0 91.01 109.79 121.2 141.16 87.8 83.02 126.13 72.42 83.95 18.03 122.0 48.55 80.65 125.67 138.92 116.43 151.2 158.24 107.08 73.17 16.97 15.52 22.02 19.1 93.62 5.1 159.25 156.21 52.0 126.15 146.49 53.37 157.06 101.97 127.39 5.0 115.85 83.95 24.41 123.22 78.52 26.17 48.85 23.41 78.75 162.05 20.1 97.62 66.21 33.53 39.92 11.4 129.54 104.04 47.68 36.4 20.52 52.77 18.44 86.05 117.0 133.14 85.43 18.68 57.0 109.6 23.43 70.6 87.71 71.59 18.03 29.68 52.17 103.25 142.0 98.41 130.17 27.2 107.91 81.39 150.21 80.52 142.01 159.77 119.92 115.28 87.86 12.0 88.28 
91.01 0.0 82.98 35.61 66.61 21.84 15.0 43.84 30.41 21.02 74.33 35.81 55.9 26.93 58.31 50.99 27.31 62.3 79.21 24.41 112.16 79.76 96.03 92.42 110.0 36.35 92.2 85.43 71.56 120.54 37.58 83.77 94.03 87.66 16.4 37.11 86.01 28.3 19.24 72.57 39.62 112.49 110.48 50.16 69.58 71.28 86.45 91.01 60.64 86.31 60.02 56.32 102.02 47.38 13.15 44.91 87.85 77.1 39.81 80.41 75.66 26.0 76.4 76.16 97.86 34.01 77.1 74.33 54.67 90.43 26.4 91.59 78.75 41.23 20.25 62.97 45.18 55.76 113.99 57.0 62.27 60.73 135.09 51.01 76.61 40.8 79.4 17.72 91.92 14.56 
109.79 82.98 0.0 74.81 63.07 61.19 69.58 70.01 60.13 100.4 104.31 76.22 64.5 58.14 48.26 87.05 101.55 127.0 79.38 68.88 68.59 92.85 102.07 93.72 121.92 46.84 114.21 72.37 88.59 99.02 83.24 51.16 67.98 65.38 73.54 90.0 106.53 104.79 64.63 109.66 71.59 64.12 110.68 104.81 103.45 31.11 76.69 94.26 22.36 50.09 100.72 103.46 115.31 70.77 84.86 93.68 78.6 89.38 75.96 113.74 24.21 92.18 37.66 25.0 126.82 83.55 7.07 86.68 42.54 31.4 97.05 96.33 80.61 74.33 102.2 70.33 38.63 58.82 115.68 30.0 29.97 98.72 93.09 105.65 87.73 63.78 10.2 65.31 119.02 68.45 
121.2 35.61 74.81 0.0 33.84 34.01 38.33 9.49 50.01 55.23 106.04 1.41 78.06 42.01 32.56 18.0 33.14 52.2 43.93 14.14 124.48 107.56 123.26 118.0 139.59 35.85 123.22 51.48 36.24 141.23 8.49 55.23 110.86 55.36 20.12 15.26 116.3 37.22 37.34 105.69 5.1 122.98 137.06 85.09 101.83 77.41 51.87 117.04 55.97 98.23 93.05 90.38 131.53 12.53 25.0 78.39 109.66 104.39 68.45 113.22 78.49 22.09 52.77 79.32 130.6 66.13 67.8 101.32 66.1 94.05 62.01 118.11 103.02 69.05 42.54 28.3 39.41 25.08 141.17 44.82 67.12 30.27 149.49 31.14 41.05 11.7 67.42 33.38 124.04 32.98 
141.16 66.61 63.07 33.84 0.0 55.8 63.78 24.35 69.35 87.37 128.41 34.48 93.61 61.4 17.0 32.76 66.49 76.66 18.03 42.2 126.29 125.59 139.84 133.15 158.15 47.54 144.09 19.1 25.81 150.16 38.33 23.77 118.04 21.54 50.22 45.1 136.57 70.61 60.61 129.85 28.79 123.17 152.32 112.7 125.03 79.16 21.1 132.7 53.24 102.12 117.6 116.4 150.28 21.59 58.14 104.2 121.66 122.09 90.55 136.69 76.94 55.54 28.28 77.93 153.47 91.4 56.46 118.93 74.97 90.71 92.2 134.2 117.88 90.43 76.32 8.94 43.93 11.4 156.92 39.12 70.0 40.71 151.75 54.34 24.7 25.81 53.24 57.49 146.25 58.73 
87.8 21.84 61.19 34.01 55.8 0.0 9.49 38.33 16.0 40.11 73.54 35.0 44.18 8.25 43.28 52.01 44.55 76.85 71.59 20.02 94.87 73.68 89.27 84.0 105.91 15.03 90.14 74.81 68.41 108.17 40.31 68.24 78.92 74.95 17.89 43.68 82.97 46.86 5.0 74.3 35.51 94.4 103.04 57.28 69.78 50.99 76.84 83.02 38.83 68.51 61.91 60.61 97.86 41.76 26.87 48.41 76.12 70.46 35.47 81.39 54.64 38.28 58.6 55.22 98.49 35.61 55.44 67.36 35.81 69.81 39.92 84.1 69.07 35.74 41.63 55.01 24.08 44.41 107.17 36.5 41.4 64.07 119.0 60.41 72.11 32.31 58.03 4.12 91.55 7.28 
83.02 15.0 69.58 38.33 63.78 9.49 0.0 44.28 15.81 31.0 67.72 39.05 43.01 12.08 52.2 55.9 41.05 75.15 78.77 24.35 97.62 70.01 86.02 81.5 101.6 24.33 84.93 82.88 74.09 107.84 43.19 77.39 80.13 83.55 19.03 45.1 78.09 42.64 5.0 67.62 40.85 97.74 100.18 48.92 63.57 56.3 84.65 80.31 47.27 71.59 55.04 53.0 93.54 47.85 24.17 40.82 75.29 67.01 30.27 75.03 60.83 37.0 68.03 61.29 92.36 28.18 64.12 64.03 39.7 75.47 30.46 81.15 67.08 31.06 35.23 62.13 33.38 52.4 104.04 45.89 47.41 67.27 120.95 61.0 78.29 39.12 67.01 6.4 85.73 5.39 
126.13 43.84 70.01 9.49 24.35 38.33 44.28 0.0 53.94 64.03 111.66 10.2 81.22 45.71 24.7 17.49 42.43 58.18 35.38 20.25 123.98 111.8 127.14 121.41 144.16 36.35 128.44 42.19 30.08 142.9 15.3 46.04 111.8 45.88 27.66 22.56 121.3 46.53 42.38 111.89 4.47 122.0 140.6 92.36 107.7 76.32 42.8 120.6 53.0 98.08 99.32 97.13 136.12 3.61 34.13 85.0 112.04 108.5 73.68 119.23 76.48 31.4 44.64 77.37 136.49 72.45 62.94 105.38 66.91 91.79 70.09 121.81 106.23 74.04 52.0 19.21 37.7 16.03 144.89 40.46 66.13 29.97 149.26 36.06 34.01 7.28 61.85 38.63 129.69 38.91 
72.42 30.41 60.13 50.01 69.35 16.0 15.81 53.94 0.0 42.06 59.06 51.0 28.28 8.25 55.0 68.01 56.86 90.79 86.01 36.01 81.84 57.87 73.33 68.0 90.24 22.67 75.03 87.98 83.95 92.72 56.22 78.49 64.41 87.01 32.98 59.23 67.68 58.41 13.6 60.8 51.35 82.07 87.05 47.51 55.76 42.05 90.43 67.03 38.83 55.9 48.92 48.92 82.23 57.27 39.82 37.2 60.42 54.59 21.4 67.42 47.43 52.39 67.01 47.76 84.12 25.06 55.73 51.48 24.7 61.27 37.01 68.12 53.08 21.1 50.33 69.64 30.0 58.14 91.2 42.19 34.21 80.06 105.15 75.69 87.36 47.54 59.67 17.46 76.92 19.31 
83.95 21.02 100.4 55.23 87.37 40.11 31.0 64.03 42.06 0.0 66.1 55.17 60.14 42.3 79.31 68.6 34.93 68.01 99.16 45.28 119.21 76.16 92.11 90.34 102.96 55.15 84.01 106.02 90.14 121.49 55.44 104.79 98.99 108.56 37.22 53.0 79.08 33.24 36.0 62.13 59.67 120.6 106.63 37.01 60.83 83.93 106.83 88.57 78.16 94.87 50.64 45.1 95.34 67.48 30.41 36.4 89.4 74.25 40.36 70.11 89.49 39.82 97.12 89.81 87.0 30.81 95.08 72.01 66.31 103.08 12.37 88.64 78.77 42.45 20.1 83.24 64.2 76.66 109.42 76.53 76.24 76.54 140.07 63.25 95.59 61.59 98.01 36.22 82.22 33.38 
18.03 74.33 104.31 106.04 128.41 73.54 67.72 111.66 59.06 66.1 0.0 106.74 40.0 67.08 113.74 123.45 99.08 133.63 144.93 92.05 79.91 18.68 29.7 32.25 36.88 81.3 18.03 146.99 141.68 65.46 110.42 136.03 58.22 145.61 86.35 111.16 13.42 98.33 69.29 8.54 108.47 84.38 43.01 30.87 5.39 74.24 149.48 30.02 89.2 66.91 15.52 21.93 29.41 115.17 87.46 30.07 41.59 20.1 38.08 9.43 81.84 100.24 123.33 81.39 25.06 40.45 103.0 21.02 62.63 86.68 53.76 28.84 31.02 38.01 85.59 128.44 87.2 117.18 44.78 97.84 74.63 134.35 91.79 125.26 145.6 105.85 108.41 73.05 18.03 73.08 
122.0 35.81 76.22 1.41 34.48 35.0 39.05 10.2 51.0 55.17 106.74 0.0 79.1 43.05 33.73 17.03 32.25 50.8 44.05 15.03 125.8 108.46 124.2 119.0 140.43 37.16 123.98 51.88 35.85 142.39 7.07 56.14 112.09 55.97 20.62 13.89 117.09 36.35 38.21 106.28 6.0 124.33 138.03 85.48 102.49 78.77 52.15 118.02 57.38 99.54 93.64 90.87 132.37 13.0 24.84 78.92 110.77 105.3 69.23 113.84 79.88 21.21 53.94 80.71 131.24 66.73 69.2 102.24 67.36 95.44 62.2 119.07 104.04 69.87 42.05 28.65 40.8 26.02 142.13 46.23 68.48 29.15 150.78 29.73 40.8 13.0 68.8 34.23 124.72 33.73 
48.55 55.9 64.5 78.06 93.61 44.18 43.01 81.22 28.28 60.14 40.0 79.1 0.0 36.06 77.62 96.05 83.19 117.92 111.13 64.2 59.2 32.2 46.32 40.2 64.62 46.32 52.2 111.23 110.89 64.85 84.48 97.94 38.95 108.67 61.19 87.48 44.41 84.12 41.77 45.18 79.03 61.06 59.41 45.18 38.95 35.44 114.23 39.46 49.52 36.4 37.11 41.19 56.86 84.38 67.07 34.53 32.28 28.64 20.25 49.41 43.01 80.01 84.63 42.72 63.66 30.53 63.01 25.5 22.67 51.01 50.22 40.79 25.02 18.03 74.06 95.34 50.16 82.97 63.79 59.36 34.67 108.23 80.16 103.81 113.77 74.43 68.41 45.71 55.9 47.3 
80.65 26.93 58.14 42.01 61.4 8.25 12.08 45.71 8.25 42.3 67.08 43.05 36.06 0.0 47.51 60.01 51.74 84.72 77.88 28.16 87.09 66.1 81.5 76.03 98.49 15.81 83.22 80.16 75.71 99.92 48.51 71.59 70.77 79.51 26.0 51.92 75.89 53.74 7.81 68.51 43.19 86.83 95.13 53.6 63.63 44.41 82.49 75.11 36.0 60.8 56.4 55.87 90.47 49.03 34.21 43.86 67.9 62.8 29.15 75.29 48.76 46.14 60.75 49.24 92.13 31.24 53.01 59.68 28.32 63.51 39.62 76.24 61.01 29.07 47.17 61.47 24.17 50.12 99.32 36.77 35.36 72.17 111.02 68.62 79.12 39.29 56.32 10.82 85.0 13.45 
125.67 58.31 48.26 32.56 17.0 43.28 52.2 24.7 55.0 79.31 113.74 33.73 77.62 47.51 0.0 40.0 65.07 82.73 35.01 34.93 109.49 109.77 123.65 116.76 142.24 32.45 128.83 33.62 40.85 133.18 39.85 25.5 101.04 32.02 42.72 47.13 121.2 69.03 48.27 115.8 27.89 106.51 135.86 100.5 110.68 62.2 36.69 116.39 36.35 85.15 103.86 103.32 134.46 24.19 52.77 91.24 104.92 106.23 76.4 122.32 60.21 54.15 20.22 61.19 138.76 78.49 41.34 103.08 58.25 74.33 82.15 117.95 101.53 76.03 71.85 22.47 27.51 10.63 140.52 22.2 53.0 50.91 134.97 60.42 41.0 21.1 39.05 45.8 131.37 47.71 
138.92 50.99 87.05 18.0 32.76 52.01 55.9 17.49 68.01 68.6 123.45 17.03 96.05 60.01 40.0 0.0 39.12 43.97 34.79 32.06 141.15 125.48 141.23 136.0 157.41 52.89 140.81 45.54 22.02 158.98 13.42 56.52 128.32 52.01 37.11 16.4 133.99 43.05 55.23 122.71 17.72 139.32 155.05 101.13 119.1 93.62 44.38 135.03 70.49 115.11 110.06 106.98 149.35 16.28 38.59 95.19 127.57 122.33 86.15 130.36 93.94 29.73 58.59 94.83 147.8 83.24 79.98 119.27 83.43 109.27 77.03 136.09 121.02 86.83 52.4 24.19 55.04 29.68 159.15 57.8 83.38 12.65 166.36 21.59 28.02 24.6 78.52 51.24 141.4 50.64 
116.43 27.31 101.55 33.14 66.49 44.55 41.05 42.43 56.86 34.93 99.08 32.25 83.19 51.74 65.07 39.12 0.0 35.17 73.35 32.89 138.6 106.3 122.58 119.37 135.53 55.76 117.11 82.87 61.03 147.85 28.46 88.36 121.08 87.8 28.3 22.83 111.45 4.12 44.05 96.08 38.21 138.54 137.1 71.57 94.02 95.52 82.46 117.88 80.13 112.45 84.0 79.16 127.66 44.91 17.69 69.03 115.16 103.81 66.76 104.08 98.86 11.05 85.21 99.49 121.26 59.84 94.94 101.14 80.06 114.21 46.27 118.36 105.95 68.31 15.23 59.77 63.06 58.22 140.43 72.45 85.8 43.93 161.99 28.64 67.12 44.01 95.86 41.04 116.02 38.29 
151.2 62.3 127.0 52.2 76.66 76.85 75.15 58.18 90.79 68.01 133.63 50.8 117.92 84.72 82.73 43.97 35.17 0.0 75.03 60.21 171.72 141.44 157.71 154.54 170.3 85.04 151.65 87.21 59.01 182.73 43.83 100.42 155.19 94.76 59.08 37.01 146.24 35.36 77.41 130.1 55.76 171.14 172.24 105.0 128.47 126.66 85.02 153.05 107.56 145.34 118.34 113.07 162.5 58.6 50.99 103.59 150.05 138.97 101.92 138.09 128.89 38.59 102.16 129.63 155.0 94.92 120.0 136.31 112.61 144.5 80.1 153.53 141.04 103.45 48.09 67.91 90.52 73.01 175.52 97.01 116.52 38.01 195.73 22.47 65.07 63.51 119.54 73.93 150.16 71.59 
158.24 79.21 79.38 43.93 18.03 71.59 78.77 35.38 86.01 99.16 144.93 44.05 111.13 77.88 35.01 34.79 73.35 75.03 0.0 55.44 144.01 142.94 157.43 150.88 175.51 64.85 161.0 12.65 16.28 168.19 45.28 32.56 136.06 21.47 63.03 50.57 153.57 77.39 76.16 145.89 39.6 140.73 170.07 127.41 141.32 97.08 10.0 150.37 71.11 120.07 133.46 131.76 167.6 31.83 68.88 119.57 139.59 139.47 106.89 152.96 94.64 63.13 42.49 95.63 169.96 106.85 73.08 136.31 92.91 108.06 105.48 151.83 135.59 106.93 85.44 16.64 61.81 28.16 174.64 57.04 88.01 37.01 169.43 54.33 11.18 39.66 69.29 72.72 162.87 73.5 
107.08 24.41 68.88 14.14 42.2 20.02 24.35 20.25 36.01 45.28 92.05 15.03 64.2 28.16 34.93 32.06 32.89 60.21 55.44 0.0 112.71 93.43 109.17 104.0 125.45 24.84 109.14 61.07 49.77 127.88 20.4 60.08 98.03 63.29 8.06 24.6 102.18 36.4 23.19 91.92 16.55 111.65 123.02 72.11 87.92 66.61 62.24 103.0 48.01 86.31 79.31 76.94 117.39 23.85 18.03 64.85 96.03 90.27 54.34 99.37 68.68 23.32 54.23 69.43 116.71 52.39 62.17 87.21 53.71 84.29 50.21 104.04 89.09 54.92 37.12 38.95 30.81 31.38 127.1 39.56 56.4 44.05 137.38 41.59 54.12 16.4 62.97 19.24 110.06 18.97 
73.17 112.16 68.59 124.48 126.29 94.87 97.62 123.98 81.84 119.21 79.91 125.8 59.2 87.09 109.49 141.15 138.6 171.72 144.01 112.71 0.0 61.4 58.69 51.16 74.95 88.64 78.23 139.09 149.68 35.36 132.42 119.1 22.14 133.02 112.68 137.31 73.0 140.25 94.63 88.28 123.49 6.4 58.69 100.32 82.76 47.8 143.17 53.08 73.16 26.42 87.28 93.64 71.81 126.18 121.25 91.24 38.33 59.84 79.4 87.28 49.37 133.15 105.02 48.37 91.55 89.63 73.11 59.44 59.17 37.22 109.4 55.15 49.24 77.2 131.64 131.59 86.33 118.66 63.07 87.3 57.87 153.79 25.5 154.3 150.44 116.71 78.31 97.91 85.15 100.44 
16.97 79.76 92.85 107.56 125.59 73.68 70.01 111.8 57.87 76.16 18.68 108.46 32.2 66.1 109.77 125.48 106.3 141.44 142.94 93.43 61.4 0.0 16.28 14.87 32.57 78.11 21.4 143.39 141.79 48.17 113.11 130.0 40.0 140.87 89.02 115.02 13.89 106.23 70.26 27.2 109.18 66.07 30.81 45.28 22.36 61.85 146.33 12.81 80.8 50.6 29.73 36.8 24.7 115.12 92.44 40.31 23.09 3.61 40.11 26.0 69.2 105.57 116.5 68.6 34.48 46.57 92.63 6.71 53.82 71.59 63.98 12.53 13.6 39.01 94.25 126.92 82.35 114.79 34.23 91.42 64.44 137.18 73.35 130.38 145.04 105.32 98.31 74.24 26.83 75.06 
15.52 96.03 102.07 123.26 139.84 89.27 86.02 127.14 73.33 92.11 29.7 124.2 46.32 81.5 123.65 141.23 122.58 157.71 157.43 109.17 58.69 16.28 0.0 8.6 19.85 92.65 20.22 157.2 157.0 36.67 129.02 142.66 40.31 154.16 105.0 131.1 17.49 122.48 86.05 37.64 124.68 64.33 14.56 59.64 34.71 71.06 160.33 7.81 92.66 55.22 43.83 50.8 13.89 130.39 108.66 55.95 24.41 19.03 56.32 33.12 77.9 121.81 128.83 77.16 33.02 62.82 102.8 22.0 66.21 77.2 79.85 5.83 22.36 55.15 110.44 141.66 96.14 129.28 18.03 104.28 75.47 153.05 65.0 146.58 160.03 120.51 108.6 90.05 27.29 91.0 
22.02 92.42 93.72 118.0 133.15 84.0 81.5 121.41 68.0 90.34 32.25 119.0 40.2 76.03 116.76 136.0 119.37 154.54 150.88 104.0 51.16 14.87 8.6 0.0 28.28 86.31 27.07 150.22 151.08 33.42 124.1 135.15 31.95 146.89 100.32 126.57 22.36 119.55 81.1 40.71 119.15 56.57 19.24 60.14 36.62 62.8 153.44 2.24 84.97 46.62 44.55 51.62 22.47 124.58 104.74 54.92 15.81 16.12 52.63 37.64 69.53 117.89 121.2 68.77 40.45 60.17 94.63 18.38 58.87 68.6 78.29 4.0 15.3 51.2 107.91 135.33 89.29 122.78 23.77 96.93 67.6 148.03 59.81 142.41 153.88 114.63 100.44 85.09 34.01 86.28 
19.1 110.0 121.92 139.59 158.15 105.91 101.6 144.16 90.24 102.96 36.88 140.43 64.62 98.49 142.24 157.41 135.53 170.3 175.51 125.45 74.95 32.57 19.85 28.28 0.0 110.68 19.31 175.86 174.2 46.01 144.78 161.94 58.83 173.14 120.6 146.22 24.08 134.95 102.26 42.15 141.41 80.99 17.03 67.36 42.2 90.91 178.84 27.66 112.16 74.65 52.39 58.52 8.06 147.51 123.0 66.75 43.93 36.06 71.34 34.89 97.74 136.0 148.22 97.0 24.41 76.03 122.61 39.22 85.48 96.67 90.61 25.61 41.88 70.58 122.33 159.48 114.77 147.36 14.32 123.43 95.13 168.86 76.01 161.0 177.54 137.77 128.41 106.21 23.6 106.79 
93.62 36.35 46.84 35.85 47.54 15.03 24.33 36.35 22.67 55.15 81.3 37.16 46.32 15.81 32.45 52.89 55.76 85.04 64.85 24.84 88.64 78.11 92.65 86.31 110.68 0.0 96.61 65.76 65.07 106.57 43.83 55.9 75.5 64.4 27.46 49.09 89.05 58.67 19.42 83.41 35.17 87.24 105.55 69.4 78.24 41.88 68.45 85.7 24.7 62.39 71.59 71.45 102.79 39.12 38.47 59.55 76.03 74.63 44.05 89.87 43.86 47.51 44.94 44.6 106.33 47.01 40.79 71.47 30.59 59.46 54.41 87.1 71.02 43.6 55.36 49.03 9.06 36.69 110.02 21.59 31.62 65.52 113.65 66.04 67.6 29.15 43.1 19.0 98.98 22.02 
5.1 92.2 114.21 123.22 144.09 90.14 84.93 128.44 75.03 84.01 18.03 123.98 52.2 83.22 128.83 140.81 117.11 151.65 161.0 109.14 78.23 21.4 20.22 27.07 19.31 96.61 0.0 162.34 158.52 56.3 127.91 150.05 58.46 160.38 103.75 128.88 7.81 116.35 86.13 22.85 125.42 83.6 29.41 48.08 23.19 83.24 165.05 25.18 101.53 71.18 33.38 39.29 12.81 131.9 105.3 48.09 41.48 24.84 54.82 15.81 90.6 118.15 136.82 90.0 13.6 58.22 113.86 27.59 74.52 92.59 71.7 23.09 34.48 54.41 103.59 144.67 101.71 133.02 29.7 111.5 85.56 151.91 85.15 143.17 162.23 122.38 119.5 89.99 7.07 90.24 
159.25 85.43 72.37 51.48 19.1 74.81 82.88 42.19 87.98 106.02 146.99 51.88 111.23 80.16 33.62 45.54 82.87 87.21 12.65 61.07 139.09 143.39 157.2 150.22 175.86 65.76 162.34 0.0 28.86 165.22 54.42 22.36 132.97 9.22 69.03 60.44 154.74 86.98 79.65 148.66 46.65 135.37 169.25 131.8 143.74 93.34 4.47 149.89 67.48 116.28 136.48 135.42 168.08 38.95 76.32 123.23 138.0 139.85 109.29 155.4 90.01 72.24 34.71 91.01 172.04 110.42 66.61 136.69 91.48 102.4 111.2 151.49 135.03 109.08 93.91 23.26 61.1 30.48 173.95 53.94 85.0 49.25 164.3 66.03 23.77 44.69 62.17 76.58 164.73 77.83 
156.21 71.56 88.59 36.24 25.81 68.41 74.09 30.08 83.95 90.14 141.68 35.85 110.89 75.71 40.85 22.02 61.03 59.01 16.28 49.77 149.68 141.79 157.0 151.08 174.2 65.07 158.52 28.86 0.0 171.19 34.71 46.62 139.52 37.34 56.36 38.42 151.38 64.9 72.42 141.69 33.24 147.0 170.3 121.31 137.64 101.98 26.17 150.34 76.66 124.62 129.08 126.57 166.17 26.68 59.82 114.54 141.09 138.46 103.74 149.12 100.69 51.74 53.91 101.65 166.43 102.16 81.84 135.33 95.05 115.11 97.91 151.6 135.83 104.12 74.41 18.38 64.28 31.05 174.66 62.64 92.23 21.1 175.17 39.05 6.32 36.5 78.89 68.62 159.7 68.71 
52.0 120.54 99.02 141.23 150.16 108.17 107.84 142.9 92.72 121.49 65.46 142.39 64.85 99.92 133.18 158.98 147.85 182.73 168.19 127.88 35.36 48.17 36.67 33.42 46.01 106.57 56.3 165.22 171.19 0.0 148.28 147.09 32.25 160.29 125.69 151.83 54.12 148.56 106.32 73.78 141.42 41.73 29.07 93.35 70.0 72.01 168.96 35.61 97.74 49.48 77.9 84.96 45.89 145.67 131.91 87.32 32.7 48.8 81.88 69.77 76.4 144.84 132.77 75.43 67.68 90.74 102.2 50.33 76.16 68.45 109.86 36.62 42.72 80.06 137.77 154.0 107.02 141.0 32.06 111.45 80.31 171.47 30.0 168.4 173.01 135.72 107.86 110.16 63.25 111.97 
126.15 37.58 83.24 8.49 38.33 40.31 43.19 15.3 56.22 55.44 110.42 7.07 84.48 48.51 39.85 13.42 28.46 43.83 45.28 20.4 132.42 113.11 129.02 124.1 144.78 43.83 127.91 54.42 34.71 148.28 0.0 61.01 118.3 59.44 24.19 7.28 121.2 32.57 43.01 109.48 12.08 131.06 143.01 87.73 105.99 85.59 54.13 123.04 64.44 106.1 96.84 93.64 136.72 17.0 25.24 81.91 116.4 110.04 73.44 117.18 86.84 17.89 59.91 87.66 134.63 70.09 76.22 107.02 73.74 102.42 63.63 124.0 109.29 74.24 40.22 31.32 47.8 31.26 147.0 53.26 75.29 24.08 157.31 22.67 40.31 19.72 75.72 39.01 128.32 38.05 
146.49 83.77 51.16 55.23 23.77 68.24 77.39 46.04 78.49 104.79 136.03 56.14 97.94 71.59 25.5 56.52 88.36 100.42 32.56 60.08 119.1 130.0 142.66 135.15 161.94 55.9 150.05 22.36 46.62 147.09 61.01 0.0 114.98 14.32 68.01 68.07 142.28 92.44 73.24 138.85 50.16 115.0 153.77 125.1 133.42 75.19 26.83 135.09 50.33 97.67 127.31 127.35 154.43 44.01 77.62 115.43 121.84 126.4 99.72 144.94 70.86 77.32 14.32 71.85 160.8 102.83 46.01 123.31 76.48 82.01 107.54 136.85 120.3 99.09 96.54 32.57 48.92 30.15 158.62 38.59 68.01 64.08 144.0 78.1 43.19 44.91 41.05 71.02 153.22 73.06 
53.37 94.03 67.98 110.86 118.04 78.92 80.13 111.8 64.41 98.99 58.22 112.09 38.95 70.77 101.04 128.32 121.08 155.19 136.06 98.03 22.14 40.0 40.31 31.95 58.83 75.5 58.46 132.97 139.52 32.25 118.3 114.98 0.0 128.08 96.77 122.43 52.47 122.33 77.82 66.48 110.63 26.17 44.6 78.29 60.83 39.81 136.72 33.53 65.49 17.89 65.15 71.51 54.13 114.42 104.24 69.46 17.12 38.12 58.73 66.0 44.6 116.73 100.66 43.66 72.03 68.77 70.58 37.48 44.91 39.05 88.62 35.74 27.29 56.59 112.8 122.1 75.24 109.07 49.52 79.23 48.09 140.92 41.23 139.28 141.13 104.56 76.32 81.44 65.12 83.63 
157.06 87.66 65.38 55.36 21.54 74.95 83.55 45.88 87.01 108.56 145.61 55.97 108.67 79.51 32.02 52.01 87.8 94.76 21.47 63.29 133.02 140.87 154.16 146.89 173.14 64.4 160.38 9.22 37.34 160.29 59.44 14.32 128.08 0.0 71.34 65.92 152.69 91.92 79.91 147.8 50.33 129.03 165.75 132.23 142.64 88.28 13.45 146.7 62.82 111.02 135.87 135.28 165.48 43.01 79.62 123.17 134.1 137.3 108.41 154.26 84.38 76.92 28.0 85.38 170.58 110.39 60.03 134.16 88.02 96.02 112.8 148.38 131.85 108.0 97.86 28.28 58.67 31.91 170.53 49.98 80.52 57.07 158.03 73.11 32.65 47.01 55.23 77.16 163.13 78.75 
101.97 16.4 73.54 20.12 50.22 17.89 19.03 27.66 32.98 37.22 86.35 20.62 61.19 26.0 42.72 37.11 28.3 59.08 63.03 8.06 112.68 89.02 105.0 100.32 120.6 27.46 103.75 69.03 56.36 125.69 24.19 68.01 96.77 71.34 0.0 26.31 97.02 31.3 19.42 85.7 23.6 112.07 119.1 65.0 82.01 67.94 70.09 99.18 51.88 86.28 73.05 70.26 112.54 31.24 11.4 58.31 93.39 86.0 49.25 93.3 70.84 20.62 61.66 71.51 110.72 46.17 67.07 83.01 53.54 86.31 42.45 100.08 85.71 50.09 30.02 46.67 34.93 39.45 123.02 45.12 57.98 48.26 136.88 42.72 61.06 24.41 68.41 15.52 104.29 14.04 
127.39 37.11 90.0 15.26 45.1 43.68 45.1 22.56 59.23 53.0 111.16 13.89 87.48 51.92 47.13 16.4 22.83 37.01 50.57 24.6 137.31 115.02 131.1 126.57 146.22 49.09 128.88 60.44 38.42 151.83 7.28 68.07 122.43 65.92 26.31 0.0 122.41 26.83 45.71 109.66 19.31 136.19 145.28 86.98 106.53 90.97 59.81 125.4 70.71 110.91 97.08 93.41 138.18 24.08 24.04 82.0 119.64 112.07 75.01 117.48 92.62 13.45 67.19 93.41 134.94 70.71 83.01 109.11 78.29 108.23 62.24 126.25 112.01 76.01 36.07 37.66 53.81 38.47 149.12 60.0 80.71 23.77 161.97 17.0 44.41 26.83 82.68 41.77 128.89 40.31 
5.0 86.01 106.53 116.3 136.57 82.97 78.09 121.3 67.68 79.08 13.42 117.09 44.41 75.89 121.2 133.99 111.45 146.24 153.57 102.18 73.0 13.89 17.49 22.36 24.08 89.05 7.81 154.74 151.38 54.12 121.2 142.28 52.47 152.69 97.02 122.41 0.0 110.89 79.08 20.52 118.36 78.1 29.83 44.28 18.79 75.6 157.5 20.22 93.72 64.26 28.79 35.34 16.28 124.72 99.05 42.76 35.36 17.2 47.85 15.65 83.01 112.0 129.03 82.42 20.59 52.0 106.1 19.85 66.71 85.43 66.71 18.44 27.31 47.3 98.31 137.3 94.02 125.54 31.38 103.73 77.78 145.25 81.91 137.01 154.98 115.13 111.73 82.98 13.0 83.36 
115.85 28.3 104.79 37.22 70.61 46.86 42.64 46.53 58.41 33.24 98.33 36.35 84.12 53.74 69.03 43.05 4.12 35.36 77.39 36.4 140.25 106.23 122.48 119.55 134.95 58.67 116.35 86.98 64.9 148.56 32.57 92.44 122.33 91.92 31.3 26.83 110.89 0.0 45.97 95.0 42.3 140.36 137.03 70.18 93.19 97.84 86.54 118.0 83.19 114.21 83.1 78.01 127.14 49.03 20.25 68.26 115.87 103.85 67.07 103.0 101.4 15.13 89.14 102.0 120.07 59.67 98.23 101.24 82.04 116.66 45.01 118.41 106.4 68.71 13.15 63.89 66.21 62.29 140.25 75.89 88.24 47.38 163.37 31.38 71.02 48.0 99.3 43.19 115.02 40.31 
83.95 19.24 64.63 37.34 60.61 5.0 5.0 42.38 13.6 36.0 69.29 38.21 41.77 7.81 48.27 55.23 44.05 77.41 76.16 23.19 94.63 70.26 86.05 81.1 102.26 19.42 86.13 79.65 72.42 106.32 43.01 73.24 77.82 79.91 19.42 45.71 79.08 45.97 0.0 69.77 39.29 94.49 100.0 52.33 65.39 52.2 81.61 80.02 42.3 68.41 57.31 55.8 94.2 45.88 26.63 43.6 73.98 67.12 31.32 76.97 56.44 38.91 63.51 56.94 94.15 30.81 59.14 64.07 36.07 71.28 35.11 81.0 66.37 31.78 39.45 59.54 28.44 49.2 104.02 41.0 43.05 67.01 118.34 62.1 76.32 36.67 62.01 4.0 87.32 5.83 
24.41 72.57 109.66 105.69 129.85 74.3 67.62 111.89 60.8 62.13 8.54 106.28 45.18 68.51 115.8 122.71 96.08 130.1 145.89 91.92 88.28 27.2 37.64 40.71 42.15 83.41 22.85 148.66 141.69 73.78 109.48 138.85 66.48 147.8 85.7 109.66 20.52 95.0 69.77 0.0 108.46 92.66 50.33 25.5 6.32 80.23 150.94 38.47 93.41 74.43 12.65 17.03 35.36 115.45 85.7 27.66 50.01 28.44 39.41 8.0 87.85 98.15 126.57 87.46 25.32 39.56 107.91 29.07 67.42 93.62 50.01 37.22 39.2 39.82 82.02 129.29 89.94 118.51 51.61 101.12 79.76 133.15 100.32 123.04 145.91 106.44 113.16 73.35 20.1 73.01 
123.22 39.62 71.59 5.1 28.79 35.51 40.85 4.47 51.35 59.67 108.47 6.0 79.03 43.19 27.89 17.72 38.21 55.76 39.6 16.55 123.49 109.18 124.68 119.15 141.41 35.17 125.42 46.65 33.24 141.42 12.08 50.16 110.63 50.33 23.6 19.31 118.36 42.3 39.29 108.46 0.0 121.74 138.29 88.51 104.4 76.06 47.2 118.27 53.6 97.41 95.85 93.48 133.36 7.81 29.68 81.39 110.22 105.93 70.6 115.88 76.66 27.17 48.05 77.52 133.2 68.94 64.54 102.83 65.73 92.11 65.95 119.42 104.04 71.06 47.54 23.6 37.59 20.02 142.51 41.73 65.8 30.36 148.66 34.06 37.59 7.81 63.82 35.44 126.49 35.47 
78.52 112.49 64.12 122.98 123.17 94.4 97.74 122.0 82.07 120.6 84.38 124.33 61.06 86.83 106.51 139.32 138.54 171.14 140.73 111.65 6.4 66.07 64.33 56.57 80.99 87.24 83.6 135.37 147.0 41.73 131.06 115.0 26.17 129.03 112.07 136.19 78.1 140.36 94.49 92.66 121.74 0.0 64.88 103.46 86.98 45.69 139.52 58.42 70.34 26.17 90.96 97.12 77.62 124.06 121.04 94.02 43.01 64.28 81.3 92.05 46.32 132.64 101.04 45.35 97.02 91.59 69.01 63.64 58.6 33.02 111.22 60.53 53.46 79.08 132.23 128.79 84.31 115.95 69.32 84.4 55.95 151.92 29.0 153.18 147.51 114.77 74.03 97.62 90.45 100.26 
26.17 110.48 110.68 137.06 152.32 103.04 100.18 140.6 87.05 106.63 43.01 138.03 59.41 95.13 135.86 155.05 137.1 172.24 170.07 123.02 58.69 30.81 14.56 19.24 17.03 105.55 29.41 169.25 170.3 29.07 143.01 153.77 44.6 165.75 119.1 145.28 29.83 137.03 100.0 50.33 138.29 64.88 0.0 73.57 48.26 80.26 172.53 20.02 103.47 61.62 57.8 64.66 17.46 143.78 123.04 70.38 32.25 33.38 70.71 44.6 86.53 136.19 139.71 85.7 39.22 77.37 112.16 36.22 77.79 83.45 94.34 19.03 34.53 69.46 125.0 154.56 108.42 141.99 5.0 115.77 85.91 167.0 59.03 160.9 173.12 133.84 117.99 104.0 35.85 105.08 
48.85 50.16 104.81 85.09 112.7 57.28 48.92 92.36 47.51 37.01 30.87 85.48 45.18 53.6 100.5 101.13 71.57 105.0 127.41 72.11 100.32 45.28 59.64 60.14 67.36 69.4 48.08 131.8 121.31 93.35 87.73 125.1 78.29 132.23 65.0 86.98 44.28 70.18 52.33 25.5 88.51 103.46 73.57 0.0 25.5 79.23 133.54 58.05 85.23 80.81 15.81 8.94 60.17 95.96 62.97 11.18 64.35 44.6 28.86 33.38 86.47 74.73 114.28 86.37 50.01 22.47 101.51 43.42 62.97 96.05 25.32 57.49 52.7 30.59 57.08 110.8 77.39 101.32 75.59 89.69 75.5 110.72 116.76 99.25 126.05 87.8 106.04 55.23 45.54 54.04 
23.41 69.58 103.45 101.83 125.03 69.78 63.57 107.7 55.76 60.83 5.39 102.49 38.95 63.63 110.68 119.1 94.02 128.47 141.32 87.92 82.76 22.36 34.71 36.62 42.2 78.24 23.19 143.74 137.64 70.0 105.99 133.42 60.83 142.64 82.01 106.53 18.79 93.19 65.39 6.32 104.4 86.98 48.26 25.5 0.0 73.93 146.12 34.41 87.46 68.26 10.2 16.55 34.79 111.23 82.73 25.0 44.64 23.09 34.48 11.66 81.54 95.43 120.97 81.15 28.79 35.9 101.79 23.35 61.29 87.32 48.51 33.42 33.54 34.67 80.4 124.78 84.5 113.74 50.12 95.48 73.57 129.84 95.71 120.42 141.69 102.04 107.07 69.08 22.36 68.95 
78.75 71.28 31.11 77.41 79.16 50.99 56.3 76.32 42.05 83.93 74.24 78.77 35.44 44.41 62.2 93.62 95.52 126.66 97.08 66.61 47.8 61.85 71.06 62.8 90.91 41.88 83.24 93.34 101.98 72.01 85.59 75.19 39.81 88.28 67.94 90.97 75.6 97.84 52.2 80.23 76.06 45.69 80.26 79.23 73.93 0.0 97.19 63.25 26.0 23.0 72.53 76.3 84.22 78.43 77.83 68.12 48.02 58.41 51.01 83.65 7.62 88.53 60.88 7.28 96.02 60.3 31.91 55.8 17.72 19.24 77.37 65.3 49.5 49.0 91.53 84.01 38.63 71.02 85.23 40.05 10.3 106.23 73.25 107.91 102.96 69.08 37.74 54.67 88.23 57.63 
162.05 86.45 76.69 51.87 21.1 76.84 84.65 42.8 90.43 106.83 149.48 52.15 114.23 82.49 36.69 44.38 82.46 85.02 10.0 62.24 143.17 146.33 160.33 153.44 178.84 68.45 165.05 4.47 26.17 168.96 54.13 26.83 136.72 13.45 70.09 59.81 157.5 86.54 81.61 150.94 47.2 139.52 172.53 133.54 146.12 97.19 0.0 153.08 71.25 120.15 138.68 137.41 171.03 39.41 76.84 125.21 141.44 142.8 111.65 157.78 94.01 72.01 39.05 95.01 174.54 112.41 70.86 139.65 94.83 106.57 112.45 154.64 138.22 111.51 94.02 23.6 64.2 32.45 177.2 57.56 88.68 47.01 168.43 64.28 20.62 45.97 66.49 78.41 167.3 79.51 
20.1 91.01 94.26 117.04 132.7 83.02 80.31 120.6 67.03 88.57 30.02 118.02 39.46 75.11 116.39 135.03 117.88 153.05 150.37 103.0 53.08 12.81 7.81 2.24 27.66 85.7 25.18 149.89 150.34 35.61 123.04 135.09 33.53 146.7 99.18 125.4 20.22 118.0 80.02 38.47 118.27 58.42 20.02 58.05 34.41 63.25 153.08 0.0 85.0 47.71 42.43 49.5 21.4 123.79 103.41 53.0 17.0 14.32 51.2 35.44 70.09 116.56 121.2 69.35 38.64 58.52 95.0 16.76 58.69 69.63 76.48 2.24 14.87 49.82 106.28 134.73 88.89 122.25 24.33 96.77 67.74 147.0 62.03 141.15 153.22 113.86 100.8 84.02 32.06 85.15 
97.62 60.64 22.36 55.97 53.24 38.83 47.27 53.0 38.83 78.16 89.2 57.38 49.52 36.0 36.35 70.49 80.13 107.56 71.11 48.01 73.16 80.8 92.66 84.97 112.16 24.7 101.53 67.48 76.66 97.74 64.44 50.33 65.49 62.82 51.88 70.71 93.72 83.19 42.3 93.41 53.6 70.34 103.47 85.23 87.46 26.0 71.25 85.0 0.0 49.0 83.22 85.0 104.85 54.59 63.07 74.32 71.51 77.2 56.8 98.49 24.04 71.28 36.25 25.0 113.17 63.25 17.03 74.2 27.02 38.91 75.33 86.83 70.33 55.47 80.01 58.46 17.2 45.61 108.34 14.14 17.72 82.86 98.66 87.11 77.28 46.04 20.88 42.95 105.42 46.1 
66.21 86.31 50.09 98.23 102.12 68.51 71.59 98.08 55.9 94.87 66.91 99.54 36.4 60.8 85.15 115.11 112.45 145.34 120.07 86.31 26.42 50.6 55.22 46.62 74.65 62.39 71.18 116.28 124.62 49.48 106.1 97.67 17.89 111.02 86.28 110.91 64.26 114.21 68.41 74.43 97.41 26.17 61.62 80.81 68.26 23.0 120.15 47.71 49.0 0.0 70.11 75.54 69.07 100.42 95.0 70.6 30.81 47.8 56.36 75.71 26.93 106.78 83.36 25.96 84.69 66.64 52.81 46.1 32.76 22.02 85.96 49.93 37.0 54.13 106.08 106.79 60.64 93.77 66.6 63.03 32.39 127.76 51.26 127.91 125.78 90.8 58.52 71.61 77.25 74.2 
33.53 60.02 100.72 93.05 117.6 61.91 55.04 99.32 48.92 50.64 15.52 93.64 37.11 56.4 103.86 110.06 84.0 118.34 133.46 79.31 87.28 29.73 43.83 44.55 52.39 71.59 33.38 136.48 129.08 77.9 96.84 127.31 65.15 135.87 73.05 97.08 28.79 83.1 57.31 12.65 95.85 90.96 57.8 15.81 10.2 72.53 138.68 42.43 83.22 70.11 0.0 7.07 44.92 102.88 73.16 15.13 50.09 29.41 27.59 20.4 80.08 85.71 115.36 79.81 37.85 26.93 98.41 28.65 58.18 87.57 38.33 41.77 38.48 28.32 70.26 116.85 78.49 106.23 59.93 90.03 70.77 120.54 102.22 110.65 133.33 93.94 103.45 60.83 32.06 60.42 
39.92 56.32 103.46 90.38 116.4 60.61 53.0 97.13 48.92 45.1 21.93 90.87 41.19 55.87 103.32 106.98 79.16 113.07 131.76 76.94 93.64 36.8 50.8 51.62 58.52 71.45 39.29 135.42 126.57 84.96 93.64 127.35 71.51 135.28 70.26 93.41 35.34 78.01 55.8 17.03 93.48 97.12 64.66 8.94 16.55 76.3 137.41 49.5 85.0 75.54 7.07 0.0 51.26 100.72 69.38 12.21 56.82 36.4 28.3 25.02 83.74 81.58 115.88 83.55 42.11 25.0 100.72 35.51 61.03 92.14 33.0 48.84 45.18 29.53 65.01 115.12 78.87 105.0 66.65 90.8 73.68 117.05 109.08 106.37 131.06 92.11 105.55 59.08 37.12 58.31 
11.4 102.02 115.31 131.53 150.28 97.86 93.54 136.12 82.23 95.34 29.41 132.37 56.86 90.47 134.46 149.35 127.66 162.5 167.6 117.39 71.81 24.7 13.89 22.47 8.06 102.79 12.81 168.08 166.17 45.89 136.72 154.43 54.13 165.48 112.54 138.18 16.28 127.14 94.2 35.36 133.36 77.62 17.46 60.17 34.79 84.22 171.03 21.4 104.85 69.07 44.92 51.26 0.0 139.49 115.0 59.03 38.28 28.23 63.29 28.6 91.22 128.02 140.8 90.51 21.84 68.07 115.75 31.38 78.03 91.02 82.98 19.21 34.83 62.51 114.59 151.53 107.02 139.46 17.03 115.88 88.01 160.8 75.54 153.0 169.54 129.76 121.51 98.15 18.6 98.73 
129.54 47.38 70.77 12.53 21.59 41.76 47.85 3.61 57.27 67.48 115.17 13.0 84.38 49.03 24.19 16.28 44.91 58.6 31.83 23.85 126.18 115.12 130.39 124.58 147.51 39.12 131.9 38.95 26.68 145.67 17.0 44.01 114.42 43.01 31.24 24.08 124.72 49.03 45.88 115.45 7.81 124.06 143.78 95.96 111.23 78.43 39.41 123.79 54.59 100.42 102.88 100.72 139.49 0.0 37.44 88.59 115.0 111.8 77.16 122.77 78.29 33.96 43.66 79.2 140.01 76.03 63.7 108.67 69.58 93.48 73.66 125.03 109.37 77.49 55.04 15.81 39.85 14.56 148.1 41.62 68.31 28.3 151.53 36.24 30.46 10.0 62.29 42.15 133.2 42.49 
104.04 13.15 84.86 25.0 58.14 26.87 24.17 34.13 39.82 30.41 87.46 24.84 67.07 34.21 52.77 38.59 17.69 50.99 68.88 18.03 121.25 92.44 108.66 104.74 123.0 38.47 105.3 76.32 59.82 131.91 25.24 77.62 104.24 79.62 11.4 24.04 99.05 20.25 26.63 85.7 29.68 121.04 123.04 62.97 82.73 77.83 76.84 103.41 63.07 95.0 73.16 69.38 115.0 37.44 0.0 58.05 99.3 89.68 52.35 93.56 81.22 13.15 72.25 81.84 111.0 47.1 78.43 86.83 62.48 96.54 38.47 104.09 90.71 53.6 19.1 53.25 46.24 48.1 126.67 56.52 68.12 47.76 144.92 38.01 65.19 32.89 79.81 23.43 105.08 20.81 
47.68 44.91 93.68 78.39 104.2 48.41 40.82 85.0 37.2 36.4 30.07 78.92 34.53 43.86 91.24 95.19 69.03 103.59 119.57 64.85 91.24 40.31 55.95 54.92 66.75 59.55 48.09 123.23 114.54 87.32 81.91 115.43 69.46 123.17 58.31 82.0 42.76 68.26 43.6 27.66 81.39 94.02 70.38 11.18 25.0 68.12 125.21 53.0 74.32 70.6 15.13 12.21 59.03 88.59 58.05 0.0 56.73 38.83 17.72 35.51 75.33 70.58 104.2 75.24 52.95 12.81 90.48 37.01 51.79 85.15 24.04 52.84 45.28 19.42 55.58 102.93 67.2 92.8 73.05 79.32 64.33 105.51 109.02 95.52 118.96 79.92 95.08 46.87 47.17 46.14 
36.4 87.85 78.6 109.66 121.66 76.12 75.29 112.04 60.42 89.4 41.59 110.77 32.28 67.9 104.92 127.57 115.16 150.05 139.59 96.03 38.33 23.09 24.41 15.81 43.93 76.03 41.48 138.0 141.09 32.7 116.4 121.84 17.12 134.1 93.39 119.64 35.36 115.87 73.98 50.01 110.22 43.01 32.25 64.35 44.64 48.02 141.44 17.0 71.51 30.81 50.09 56.82 38.28 115.0 99.3 56.73 0.0 21.59 49.4 49.04 54.41 112.27 107.7 53.6 55.08 58.6 79.92 21.54 46.69 52.8 78.1 19.24 11.66 47.51 105.19 124.58 77.78 111.76 37.22 84.2 53.85 139.92 52.43 136.06 143.42 105.0 85.76 77.88 48.05 79.56 
20.52 77.1 89.38 104.39 122.09 70.46 67.01 108.5 54.59 74.25 20.1 105.3 28.64 62.8 106.23 122.33 103.81 138.97 139.47 90.27 59.84 3.61 19.03 16.12 36.06 74.63 24.84 139.85 138.46 48.8 110.04 126.4 38.12 137.3 86.0 112.07 17.2 103.85 67.12 28.44 105.93 64.28 33.38 44.6 23.09 58.41 142.8 14.32 77.2 47.8 29.41 36.4 28.23 111.8 89.68 38.83 21.59 0.0 37.34 28.16 65.8 102.83 112.9 65.22 37.74 44.27 89.1 3.16 50.22 68.54 62.18 14.56 11.05 36.12 92.03 123.49 78.79 111.32 37.05 87.82 60.88 134.09 72.95 127.57 141.66 101.98 94.76 71.11 30.02 72.01 
52.77 39.81 75.96 68.45 90.55 35.47 30.27 73.68 21.4 40.36 38.08 69.23 20.25 29.15 76.4 86.15 66.76 101.92 106.89 54.34 79.4 40.11 56.32 52.63 71.34 44.05 54.82 109.29 103.74 81.88 73.44 99.72 58.73 108.41 49.25 75.01 47.85 67.07 31.32 39.41 70.6 81.3 70.71 28.86 34.48 51.01 111.65 51.2 56.8 56.36 27.59 28.3 63.29 77.16 52.35 17.72 49.4 37.34 0.0 46.14 58.03 65.49 87.86 58.01 63.07 10.3 72.8 34.53 34.23 68.73 30.0 51.79 39.4 2.24 55.9 90.38 50.93 79.26 74.33 62.63 46.69 97.51 99.72 90.27 107.56 67.78 77.47 35.17 56.08 35.51 
18.44 80.41 113.74 113.22 136.69 81.39 75.03 119.23 67.42 70.11 9.43 113.84 49.41 75.29 122.32 130.36 104.08 138.09 152.96 99.37 87.28 26.0 33.12 37.64 34.89 89.87 15.81 155.4 149.12 69.77 117.18 144.94 66.0 154.26 93.3 117.48 15.65 103.0 76.97 8.0 115.88 92.05 44.6 33.38 11.66 83.65 157.78 35.44 98.49 75.71 20.4 25.02 28.6 122.77 93.56 35.51 49.04 28.16 46.14 0.0 91.24 106.07 132.38 90.79 17.46 47.13 112.41 29.61 72.01 95.82 58.01 33.84 39.2 46.32 90.02 136.4 96.05 125.4 45.34 106.89 84.05 140.92 97.41 130.98 153.24 113.64 117.8 80.62 12.17 80.41 
86.05 75.66 24.21 78.49 76.94 54.64 60.83 76.48 47.43 89.49 81.84 79.88 43.01 48.76 60.21 93.94 98.86 128.89 94.64 68.68 49.37 69.2 77.9 69.53 97.74 43.86 90.6 90.01 100.69 76.4 86.84 70.86 44.6 84.38 70.84 92.62 83.01 101.4 56.44 87.85 76.66 46.32 86.53 86.47 81.54 7.62 94.01 70.09 24.04 26.93 80.08 83.74 91.22 78.29 81.22 75.33 54.41 65.8 58.03 91.24 0.0 91.24 56.57 1.0 103.47 67.07 26.0 63.25 24.08 15.62 83.55 72.18 56.64 56.08 95.88 82.46 39.12 69.64 91.53 38.08 13.42 106.44 74.81 109.4 101.2 69.35 31.78 58.52 95.69 61.59 
117.0 26.0 92.18 22.09 55.54 38.28 37.0 31.4 52.39 39.82 100.24 21.21 80.01 46.14 54.15 29.73 11.05 38.59 63.13 23.32 133.15 105.57 121.81 117.89 136.0 47.51 118.15 72.24 51.74 144.84 17.89 77.32 116.73 76.92 20.62 13.45 112.0 15.13 38.91 98.15 27.17 132.64 136.19 74.73 95.43 88.53 72.01 116.56 71.28 106.78 85.71 81.58 128.02 33.96 13.15 70.58 112.27 102.83 65.49 106.07 91.24 0.0 74.33 91.93 123.47 60.01 85.42 99.98 74.06 106.78 49.65 117.24 103.81 66.75 22.67 49.04 54.08 47.17 139.81 62.65 78.52 36.72 157.16 25.02 57.63 33.06 86.01 35.36 117.72 33.11 
133.14 76.4 37.66 52.77 28.28 58.6 68.03 44.64 67.01 97.12 123.33 53.94 84.63 60.75 20.22 58.59 85.21 102.16 42.49 54.23 105.02 116.5 128.83 121.2 148.22 44.94 136.82 34.71 53.91 132.77 59.91 14.32 100.66 28.0 61.66 67.19 129.03 89.14 63.51 126.57 48.05 101.04 139.71 114.28 120.97 60.88 39.05 121.2 36.25 83.36 115.36 115.88 140.8 43.66 72.25 104.2 107.7 112.9 87.86 132.38 56.57 74.33 0.0 57.56 147.9 91.84 32.06 109.84 62.77 68.03 98.49 123.0 106.47 87.05 91.35 36.88 37.01 29.15 144.59 25.5 53.85 68.24 130.03 79.71 51.87 41.3 27.46 61.85 140.25 64.26 
85.43 76.16 25.0 79.32 77.93 55.22 61.29 77.37 47.76 89.81 81.39 80.71 42.72 49.24 61.19 94.83 99.49 129.63 95.63 69.43 48.37 68.6 77.16 68.77 97.0 44.6 90.0 91.01 101.65 75.43 87.66 71.85 43.66 85.38 71.51 93.41 82.42 102.0 56.94 87.46 77.52 45.35 85.7 86.37 81.15 7.28 95.01 69.35 25.0 25.96 79.81 83.55 90.51 79.2 81.84 75.24 53.6 65.22 58.01 90.79 1.0 91.93 57.56 0.0 102.9 67.12 26.93 62.68 24.19 14.87 83.74 71.45 55.97 56.04 96.38 83.43 39.96 70.6 90.7 39.05 13.89 107.33 73.82 110.21 102.18 70.24 32.7 59.08 95.13 62.13 
18.68 97.86 126.82 130.6 153.47 98.49 92.36 136.49 84.12 87.0 25.06 131.24 63.66 92.13 138.76 147.8 121.26 155.0 169.96 116.71 91.55 34.48 33.02 40.45 24.41 106.33 13.6 172.04 166.43 67.68 134.63 160.8 72.03 170.58 110.72 134.94 20.59 120.07 94.15 25.32 133.2 97.02 39.22 50.01 28.79 96.02 174.54 38.64 113.17 84.69 37.85 42.11 21.84 140.01 111.0 52.95 55.08 37.74 63.07 17.46 103.47 123.47 147.9 102.9 0.0 64.56 126.15 40.22 86.27 105.99 75.06 36.5 47.85 63.06 107.02 153.45 112.07 142.24 38.01 122.44 97.74 158.38 97.16 148.35 170.47 130.78 131.71 97.86 7.81 97.74 
57.0 34.01 83.55 66.13 91.4 35.61 28.18 72.45 25.06 30.81 40.45 66.73 30.53 31.24 78.49 83.24 59.84 94.92 106.85 52.39 89.63 46.57 62.82 60.17 76.03 47.01 58.22 110.42 102.16 90.74 70.09 102.83 68.77 110.39 46.17 70.71 52.0 59.67 30.81 39.56 68.94 91.59 77.37 22.47 35.9 60.3 112.41 58.52 63.25 66.64 26.93 25.0 68.07 76.03 47.1 12.81 58.6 44.27 10.3 47.13 67.07 60.01 91.84 67.12 64.56 0.0 79.81 41.79 43.01 78.45 19.85 58.82 48.02 12.53 47.76 90.21 54.92 80.0 80.6 67.23 55.08 93.94 109.6 85.02 106.45 67.23 84.12 34.13 58.25 33.54 
109.6 77.1 7.07 67.8 56.46 55.44 64.12 62.94 55.73 95.08 103.0 69.2 63.01 53.01 41.34 79.98 94.94 120.0 73.08 62.17 73.11 92.63 102.8 94.63 122.61 40.79 113.86 66.61 81.84 102.2 76.22 46.01 70.58 60.03 67.07 83.01 106.1 98.23 59.14 107.91 64.54 69.01 112.16 101.51 101.79 31.91 70.86 95.0 17.03 52.81 98.41 100.72 115.75 63.7 78.43 90.48 79.92 89.1 72.8 112.41 26.0 85.42 32.06 26.93 126.15 79.81 0.0 86.28 40.5 36.0 92.35 97.01 80.92 71.31 96.05 63.53 32.28 51.87 117.14 23.02 28.43 91.68 98.01 98.6 81.15 56.73 5.83 59.54 118.34 62.65 
23.43 74.33 86.68 101.32 118.93 67.36 64.03 105.38 51.48 72.01 21.02 102.24 25.5 59.68 103.08 119.27 101.14 136.31 136.31 87.21 59.44 6.71 22.0 18.38 39.22 71.47 27.59 136.69 135.33 50.33 107.02 123.31 37.48 134.16 83.01 109.11 19.85 101.24 64.07 29.07 102.83 63.64 36.22 43.42 23.35 55.8 139.65 16.76 74.2 46.1 28.65 35.51 31.38 108.67 86.83 37.01 21.54 3.16 34.53 29.61 63.25 99.98 109.84 62.68 40.22 41.79 86.28 0.0 47.2 66.48 60.03 17.26 10.2 33.24 89.54 120.33 75.64 108.16 40.01 84.72 58.0 131.06 73.57 124.68 138.51 98.84 91.92 68.07 32.45 69.0 
70.6 54.67 42.54 66.1 74.97 35.81 39.7 66.91 24.7 66.31 62.63 67.36 22.67 28.32 58.25 83.43 80.06 112.61 92.91 53.71 59.17 53.82 66.21 58.87 85.48 30.59 74.52 91.48 95.05 76.16 73.74 76.48 44.91 88.02 53.54 78.29 66.71 82.04 36.07 67.42 65.73 58.6 77.79 62.97 61.29 17.72 94.83 58.69 27.02 32.76 58.18 61.03 78.03 69.58 62.48 51.79 46.69 50.22 34.23 72.01 24.08 74.06 62.77 24.19 86.27 43.01 40.5 47.2 0.0 36.77 59.67 60.42 43.86 32.39 74.81 78.1 31.14 65.19 82.54 38.08 12.65 96.05 83.67 95.27 97.05 59.68 45.8 39.05 78.49 41.77 
87.71 90.43 31.4 94.05 90.71 69.81 75.47 91.79 61.27 103.08 86.68 95.44 51.01 63.51 74.33 109.27 114.21 144.5 108.06 84.29 37.22 71.59 77.2 68.6 96.67 59.46 92.59 102.4 115.11 68.45 102.42 82.01 39.05 96.02 86.31 108.23 85.43 116.66 71.28 93.62 92.11 33.02 83.45 96.05 87.32 19.24 106.57 69.63 38.91 22.02 87.57 92.14 91.02 93.48 96.54 85.15 52.8 68.54 68.73 95.82 15.62 106.78 68.03 14.87 105.99 78.45 36.0 66.48 36.77 0.0 96.17 71.85 58.14 66.61 110.68 96.77 54.64 84.15 88.41 52.55 28.43 121.71 62.01 125.0 115.25 84.72 41.11 73.6 98.41 76.61 
71.59 26.4 97.05 62.01 92.2 39.92 30.46 70.09 37.01 12.37 53.76 62.2 50.22 39.62 82.15 77.03 46.27 80.1 105.48 50.21 109.4 63.98 79.85 78.29 90.61 54.41 71.7 111.2 97.91 109.86 63.63 107.54 88.62 112.8 42.45 62.24 66.71 45.01 35.11 50.01 65.95 111.22 94.34 25.32 48.51 77.37 112.45 76.48 75.33 85.96 38.33 33.0 82.98 73.66 38.47 24.04 78.1 62.18 30.0 58.01 83.55 49.65 98.49 83.74 75.06 19.85 92.35 60.03 59.67 96.17 0.0 76.49 67.2 32.2 32.02 89.11 63.32 81.06 97.08 75.96 70.71 86.01 129.42 73.98 103.0 66.53 95.89 36.67 70.06 34.48 
18.03 91.59 96.33 118.11 134.2 84.1 81.15 121.81 68.12 88.64 28.84 119.07 40.79 76.24 117.95 136.09 118.36 153.53 151.83 104.04 55.15 12.53 5.83 4.0 25.61 87.1 23.09 151.49 151.6 36.62 124.0 136.85 35.74 148.38 100.08 126.25 18.44 118.41 81.0 37.22 119.42 60.53 19.03 57.49 33.42 65.3 154.64 2.24 86.83 49.93 41.77 48.84 19.21 125.03 104.09 52.84 19.24 14.56 51.79 33.84 72.18 117.24 123.0 71.45 36.5 58.82 97.01 17.26 60.42 71.85 76.49 0.0 16.55 50.49 106.57 136.12 90.44 123.69 23.09 98.49 69.64 148.0 63.57 141.9 154.56 115.12 102.8 85.0 30.02 86.05 
