35
0.0 41.4 19.03 47.85 34.01 20.25 41.62 62.43 23.41 38.9 49.25 20.62 23.09 32.14 36.4 42.2 19.65 25.08 53.76 26.08 26.08 29.07 53.01 25.94 9.9 38.0 50.48 36.88 41.01 25.24 20.62 50.93 46.86 21.1 20.0 
41.4 0.0 32.56 21.63 19.92 26.68 1.41 26.17 25.18 13.6 36.88 22.02 25.08 30.81 21.93 1.0 28.64 31.0 36.88 27.89 31.02 23.35 42.52 21.1 31.62 35.47 17.72 27.31 37.58 19.42 20.81 12.17 11.4 31.26 28.18 
19.03 32.56 0.0 31.24 17.69 6.0 33.38 47.42 7.62 36.67 30.27 21.1 27.8 13.15 19.21 33.54 4.0 6.08 34.93 32.65 7.07 32.76 34.0 11.7 13.42 19.03 35.47 18.38 22.09 13.15 16.16 38.47 33.62 2.24 26.87 
47.85 21.63 31.24 0.0 13.89 27.78 23.02 17.0 24.7 34.89 17.09 35.06 41.05 21.1 12.04 22.2 28.84 26.17 15.62 45.28 25.5 41.77 22.36 21.93 38.63 21.59 7.07 14.76 22.09 23.09 30.41 15.23 11.4 29.07 43.01 
34.01 19.92 17.69 13.89 0.0 13.89 21.19 29.73 10.82 29.83 20.12 23.54 30.36 11.05 3.16 20.88 15.0 13.42 22.56 35.11 13.0 32.65 25.55 8.25 25.0 15.65 17.8 7.81 18.03 10.0 18.11 21.84 16.76 15.62 31.58 
20.25 26.68 6.0 27.78 13.89 0.0 27.46 43.19 3.16 30.81 30.07 16.28 23.35 13.6 16.16 27.66 2.0 7.81 34.06 28.32 8.6 27.8 34.53 6.4 12.0 20.25 31.14 17.03 23.41 7.28 10.82 33.29 28.6 5.39 23.02 
41.62 1.41 33.38 23.02 21.19 27.46 0.0 27.07 26.08 12.37 38.29 21.93 24.6 32.02 23.26 1.0 29.43 32.02 38.29 27.2 32.06 22.56 43.93 22.02 31.91 36.77 18.97 28.64 38.91 20.22 21.1 13.04 12.65 32.14 27.78 
62.43 26.17 47.42 17.0 29.73 43.19 27.07 0.0 40.31 39.01 31.06 46.24 50.7 38.08 28.6 26.08 44.55 42.8 27.07 53.94 42.2 49.5 35.06 36.88 52.7 38.28 12.04 31.76 38.33 37.2 42.94 14.04 16.16 45.34 53.45 
23.41 25.18 7.62 24.7 10.82 3.16 26.08 40.31 0.0 30.68 27.17 17.8 25.0 11.18 13.0 26.17 4.24 6.71 31.02 30.0 7.21 29.0 31.78 4.12 15.03 17.89 28.28 14.0 21.02 6.08 12.04 30.89 26.08 6.08 25.06 
38.9 13.6 36.67 34.89 29.83 30.81 12.37 39.01 30.68 0.0 48.92 18.44 17.2 39.45 32.56 13.34 32.76 37.34 49.65 17.8 37.7 12.81 54.56 27.31 30.41 45.22 31.32 37.64 47.8 24.7 21.02 25.08 25.0 36.14 20.81 
49.25 36.88 30.27 17.09 20.12 30.07 38.29 31.06 27.17 48.92 0.0 43.32 50.33 17.12 17.0 37.64 30.0 24.19 5.66 55.15 23.19 52.77 5.66 26.93 42.05 12.08 24.04 13.34 10.0 29.41 37.64 32.31 28.18 28.16 51.24 
20.62 22.02 21.1 35.06 23.54 16.28 21.93 46.24 17.8 18.44 43.32 0.0 7.21 28.84 26.68 22.67 17.8 24.04 46.1 12.21 24.76 11.66 48.47 16.55 12.04 35.51 35.17 30.08 38.59 13.93 5.83 33.12 30.08 21.4 8.06 
23.09 25.08 27.8 41.05 30.36 23.35 24.6 50.7 25.0 17.2 50.33 7.21 0.0 36.06 33.53 25.5 24.76 31.14 52.89 5.0 31.89 6.0 55.54 23.71 16.76 42.72 40.31 37.16 45.79 21.02 13.04 37.0 34.71 28.32 3.61 
32.14 30.81 13.15 21.1 11.05 13.6 32.02 38.08 11.18 39.45 17.12 28.84 36.06 0.0 10.2 31.78 13.15 7.07 21.84 41.05 6.08 39.7 21.1 12.73 25.32 6.71 26.93 6.4 9.85 15.56 23.02 32.39 27.29 11.05 36.24 
36.4 21.93 19.21 12.04 3.16 16.16 23.26 28.6 13.0 32.56 17.0 26.68 33.53 10.2 0.0 22.85 17.0 14.21 19.42 38.28 13.6 35.78 22.47 11.05 27.66 13.6 17.0 5.39 15.65 13.04 21.21 22.2 17.12 17.03 34.71 
42.2 1.0 33.54 22.2 20.88 27.66 1.0 26.08 26.17 13.34 37.64 22.67 25.5 31.78 22.85 0.0 29.61 32.0 37.54 28.16 32.02 23.54 43.28 22.09 32.45 36.4 18.03 28.23 38.48 20.4 21.63 12.04 11.7 32.25 28.65 
19.65 28.64 4.0 28.84 15.0 2.0 29.43 44.55 4.24 32.76 30.0 17.8 24.76 13.15 17.0 29.61 0.0 6.71 34.23 29.7 7.62 29.41 34.23 8.06 12.17 19.65 32.53 17.26 22.8 9.22 12.53 34.99 30.23 3.61 24.21 
25.08 31.0 6.08 26.17 13.42 7.81 32.02 42.8 6.71 37.34 24.19 24.04 31.14 7.07 14.21 32.0 6.71 0.0 28.86 36.12 1.0 35.47 28.02 10.2 18.68 13.15 31.06 12.53 16.28 12.65 18.44 35.11 30.08 4.0 30.81 
53.76 36.88 34.93 15.62 22.56 34.06 38.29 27.07 31.02 49.65 5.66 46.1 52.89 21.84 19.42 37.54 34.23 28.86 0.0 57.57 27.89 54.78 8.0 30.15 46.04 17.49 21.95 17.03 15.62 32.39 40.61 30.53 27.02 32.76 54.13 
26.08 27.89 32.65 45.28 35.11 28.32 27.2 53.94 30.0 17.8 55.15 12.21 5.0 41.05 38.28 28.16 29.7 36.12 57.57 0.0 36.88 5.0 60.42 28.65 21.02 47.71 44.05 42.05 50.77 25.94 18.03 40.02 38.21 33.24 6.32 
26.08 31.02 7.07 25.5 13.0 8.6 32.06 42.2 7.21 37.7 23.19 24.76 31.89 6.08 13.6 32.02 7.62 1.0 27.89 36.88 0.0 36.12 27.02 10.44 19.65 12.17 30.53 11.66 15.3 13.0 19.1 34.79 29.73 5.0 31.62 
29.07 23.35 32.76 41.77 32.65 27.8 22.56 49.5 29.0 12.81 52.77 11.66 6.0 39.7 35.78 23.54 29.41 35.47 54.78 5.0 36.12 0.0 58.18 27.02 22.56 46.23 40.01 39.96 49.2 24.21 17.03 35.51 34.01 33.02 9.22 
53.01 42.52 34.0 22.36 25.55 34.53 43.93 35.06 31.78 54.56 5.66 48.47 55.54 21.1 22.47 43.28 34.23 28.02 8.0 60.42 27.02 58.18 0.0 31.95 46.39 15.03 29.15 18.38 12.17 34.54 42.72 37.58 33.62 32.02 56.3 
25.94 21.1 11.7 21.93 8.25 6.4 22.02 36.88 4.12 27.31 26.93 16.55 23.71 12.73 11.05 22.09 8.06 10.2 30.15 28.65 10.44 27.02 31.95 0.0 16.76 19.21 24.84 13.6 22.2 2.83 10.77 26.93 22.2 10.2 24.35 
9.9 31.62 13.42 38.63 25.0 12.0 31.91 52.7 15.03 30.41 42.05 12.04 16.76 25.32 27.66 32.45 12.17 18.68 46.04 21.02 19.65 22.56 46.39 16.76 0.0 31.78 40.82 29.02 34.93 15.65 10.82 41.04 37.01 14.87 14.76 
38.0 35.47 19.03 21.59 15.65 20.25 36.77 38.28 17.89 45.22 12.08 35.51 42.72 6.71 13.6 36.4 19.65 13.15 17.49 47.71 12.17 46.23 15.03 19.21 31.78 0.0 28.28 8.25 3.16 22.02 29.68 35.01 30.07 17.12 42.94 
50.48 17.72 35.47 7.07 17.8 31.14 18.97 12.04 28.28 31.32 24.04 35.17 40.31 26.93 17.0 18.03 32.53 31.06 21.95 44.05 30.53 40.01 29.15 24.84 40.82 28.28 0.0 20.88 29.02 25.24 31.38 8.6 6.32 33.42 42.76 
36.88 27.31 18.38 14.76 7.81 17.03 28.64 31.76 14.0 37.64 13.34 30.08 37.16 6.4 5.39 28.23 17.26 12.53 17.03 42.05 11.66 39.96 18.38 13.6 29.02 8.25 20.88 0.0 10.3 16.16 24.35 27.02 22.0 16.16 37.95 
41.01 37.58 22.09 22.09 18.03 23.41 38.91 38.33 21.02 47.8 10.0 38.59 45.79 9.85 15.65 38.48 22.8 16.28 15.62 50.77 15.3 49.2 12.17 22.2 34.93 3.16 29.02 10.3 0.0 25.0 32.76 36.22 31.4 20.22 46.07 
25.24 19.42 13.15 23.09 10.0 7.28 20.22 37.2 6.08 24.7 29.41 13.93 21.02 15.56 13.04 20.4 9.22 12.65 32.39 25.94 13.0 24.21 34.54 2.83 15.65 22.02 25.24 16.16 25.0 0.0 8.25 26.4 21.93 12.0 21.84 
20.62 20.81 16.16 30.41 18.11 10.82 21.1 42.94 12.04 21.02 37.64 5.83 13.04 23.02 21.21 21.63 12.53 18.44 40.61 18.03 19.1 17.03 42.72 10.77 10.82 29.68 31.38 24.35 32.76 8.25 0.0 30.61 26.93 16.12 13.6 
50.93 12.17 38.47 15.23 21.84 33.29 13.04 14.04 30.89 25.08 32.31 33.12 37.0 32.39 22.2 12.04 34.99 35.11 30.53 40.02 34.79 35.51 37.58 26.93 41.04 35.01 8.6 27.02 36.22 26.4 30.61 0.0 5.1 36.67 39.92 
46.86 11.4 33.62 11.4 16.76 28.6 12.65 16.16 26.08 25.0 28.18 30.08 34.71 27.29 17.12 11.7 30.23 30.08 27.02 38.21 29.73 34.01 33.62 22.2 37.01 30.07 6.32 22.0 31.4 21.93 26.93 5.1 0.0 31.76 37.36 
21.1 31.26 2.24 29.07 15.62 5.39 32.14 45.34 6.08 36.14 28.16 21.4 28.32 11.05 17.03 32.25 3.61 4.0 32.76 33.24 5.0 33.02 32.02 10.2 14.87 17.12 33.42 16.16 20.22 12.0 16.12 36.67 31.76 0.0 27.66 
20.0 28.18 26.87 43.01 31.58 23.02 27.78 53.45 25.06 20.81 51.24 8.06 3.61 36.24 34.71 28.65 24.21 30.81 54.13 6.32 31.62 9.22 56.3 24.35 14.76 42.94 42.76 37.95 46.07 21.84 13.6 39.92 37.36 27.66 0.0 
