80
0.0 18.79 27.02 41.23 38.08 57.49 9.22 18.03 48.92 48.26 19.7 35.17 44.78 25.55 28.07 21.0 29.07 21.63 16.4 37.8 21.59 21.84 47.8 44.05 29.27 27.02 15.0 46.04 18.11 11.7 19.42 40.22 24.08 46.4 57.63 31.76 46.75 61.1 38.33 33.84 41.87 48.83 36.07 22.56 25.71 43.46 51.35 31.78 57.8 58.42 31.91 34.71 8.94 29.07 26.4 11.4 12.04 28.6 29.41 38.21 49.93 60.21 43.91 31.78 30.27 28.0 53.15 15.03 36.36 19.1 51.89 20.62 64.4 46.82 38.01 34.48 55.47 67.6 13.93 41.05 
18.79 0.0 24.84 48.51 56.61 64.12 22.67 2.0 59.09 29.83 38.48 42.76 61.07 39.32 45.4 38.83 10.3 4.12 34.99 45.65 36.4 14.56 47.54 28.23 24.7 13.45 21.54 27.66 30.02 21.21 23.71 57.28 42.01 63.64 74.95 45.54 65.0 75.8 21.21 15.3 52.55 33.84 54.04 41.11 8.25 24.7 60.02 46.27 51.87 70.23 48.8 53.16 13.0 39.92 32.56 24.02 26.91 47.17 45.01 55.15 50.99 42.52 46.27 47.63 47.17 39.81 51.26 9.22 49.24 33.02 67.42 2.0 63.57 36.12 33.11 28.18 57.71 83.6 24.19 26.68 
27.02 24.84 0.0 67.6 52.35 83.86 36.01 26.4 38.33 39.0 39.82 61.52 69.89 26.93 38.29 34.83 28.65 22.67 39.56 24.19 48.37 38.59 70.77 27.89 3.61 38.21 39.81 37.01 45.01 16.76 9.43 64.62 48.1 70.26 80.95 31.38 68.26 87.09 43.05 34.89 33.0 29.97 59.03 39.41 31.89 40.26 78.16 33.11 76.61 85.38 56.92 48.8 19.24 56.01 51.97 19.7 39.05 50.12 34.13 45.28 73.74 45.88 68.31 57.72 38.6 55.01 75.13 31.3 32.98 46.1 77.49 26.17 87.24 60.81 57.45 52.7 80.01 92.48 40.2 23.09 
41.23 48.51 67.6 0.0 56.3 16.28 32.02 46.53 85.98 73.41 42.52 6.08 32.02 61.91 56.64 50.61 55.36 52.61 37.8 77.39 24.21 35.74 19.1 76.16 69.26 42.54 28.02 71.69 23.41 52.89 60.64 33.73 34.06 38.12 46.27 66.85 45.89 36.24 53.0 55.54 79.08 82.0 37.7 47.42 48.38 64.41 11.7 65.8 36.35 24.76 29.97 55.0 48.37 13.6 16.03 51.87 30.08 40.22 62.01 65.12 17.12 87.32 12.17 25.5 59.46 15.62 25.0 39.32 71.85 24.19 32.76 48.84 30.46 41.62 27.66 30.48 18.36 47.01 27.46 75.13 
38.08 56.61 52.35 56.3 0.0 68.62 39.0 56.04 41.0 85.0 19.03 52.35 33.54 26.63 14.21 18.36 66.73 58.87 24.02 41.44 34.18 58.08 72.09 77.94 55.9 64.5 46.1 82.76 40.02 38.59 43.28 27.78 22.85 29.41 36.01 25.63 22.09 50.29 76.3 71.84 36.35 81.4 20.81 15.52 63.79 81.27 60.11 23.41 86.98 57.45 26.91 3.61 44.38 43.83 50.29 34.99 36.12 16.12 20.12 13.04 72.01 95.52 65.74 31.24 14.76 41.59 78.39 52.61 28.64 36.4 40.85 58.52 86.45 81.3 69.23 67.48 74.63 50.16 42.19 73.82 
57.49 64.12 83.86 16.28 68.62 0.0 48.27 62.13 101.21 87.28 57.14 22.36 38.91 77.37 71.03 65.51 70.21 68.18 52.84 93.23 39.36 50.64 24.08 91.24 85.48 56.75 44.18 85.73 39.56 69.12 76.9 42.72 47.8 45.19 50.22 81.99 54.12 35.01 65.92 69.64 94.41 97.16 48.41 61.85 63.15 77.83 8.6 80.78 39.12 20.1 41.73 67.9 64.63 29.15 32.06 68.01 46.17 53.08 76.85 78.75 19.8 101.19 20.12 37.48 73.82 30.87 27.2 55.04 86.95 39.92 36.14 64.28 25.32 50.61 38.47 42.54 14.76 46.1 43.74 90.55 
9.22 22.67 36.01 32.02 39.0 48.27 0.0 21.21 56.59 52.35 20.02 25.96 38.42 32.56 31.95 24.7 32.56 26.4 15.03 46.32 13.89 19.24 39.62 50.25 38.05 26.25 7.62 50.21 9.0 20.88 28.64 34.66 20.12 41.04 52.35 38.42 43.05 53.67 38.63 36.06 49.52 55.47 31.91 24.33 27.46 46.04 42.19 38.01 51.11 49.82 26.17 36.06 17.12 20.0 17.49 20.12 4.24 26.25 34.99 42.06 41.4 65.19 35.23 25.0 34.54 19.1 45.28 15.26 43.28 10.77 44.94 24.04 56.08 42.58 31.78 29.12 46.65 61.03 5.0 47.85 
18.03 2.0 26.4 46.53 56.04 62.13 21.21 0.0 59.93 31.14 37.7 40.79 59.55 39.62 45.18 38.47 11.4 6.08 34.0 46.65 34.83 12.65 45.61 30.08 26.42 12.21 19.7 29.0 28.3 21.59 24.7 55.87 40.8 62.24 73.55 45.89 63.82 74.09 21.02 15.81 53.31 35.74 52.8 40.52 8.0 25.5 58.05 46.53 50.22 68.35 47.38 52.63 13.15 38.08 30.59 24.19 25.46 46.14 45.1 55.04 49.03 44.05 44.28 46.1 47.04 38.01 49.4 7.28 49.73 31.4 65.8 2.83 61.68 34.83 31.3 26.42 55.73 82.01 22.47 28.64 
48.92 59.09 38.33 85.98 41.0 101.21 56.59 59.93 0.0 77.16 44.28 80.45 72.57 24.21 31.32 35.78 65.8 58.52 48.37 14.14 61.91 69.34 96.21 65.03 41.11 72.01 63.66 75.24 63.41 39.12 35.47 66.49 54.23 69.58 77.01 19.24 63.03 90.26 79.71 72.12 7.07 65.49 59.23 39.92 67.23 78.45 93.48 20.62 106.67 94.87 62.3 39.12 47.51 72.4 73.76 37.8 56.85 50.96 24.7 28.02 97.84 82.39 91.55 65.55 28.86 70.49 101.82 61.59 14.32 61.85 80.41 60.93 112.61 94.15 86.83 83.01 102.62 91.09 61.55 60.03 
48.26 29.83 39.0 73.41 85.0 87.28 52.35 31.14 77.16 0.0 67.74 68.43 90.55 63.56 72.45 66.71 19.8 26.63 64.64 63.07 65.8 38.08 65.92 13.89 36.06 30.87 49.82 2.24 58.9 46.82 44.72 87.0 71.84 93.38 104.69 69.05 94.81 104.4 22.09 17.89 72.0 17.69 83.87 69.77 25.81 10.0 85.09 70.41 62.29 97.13 78.52 81.44 40.71 67.68 58.67 50.33 56.59 76.84 70.34 81.32 70.21 13.93 67.45 77.1 73.68 68.01 67.19 37.54 71.45 62.29 96.54 28.32 79.03 43.19 49.82 45.12 77.28 112.81 53.15 18.38 
19.7 38.48 39.82 42.52 19.03 57.14 20.02 37.7 44.28 67.74 0.0 37.48 31.26 21.38 14.14 8.54 48.75 41.18 5.39 38.33 18.38 39.05 55.76 62.29 43.05 45.54 27.29 65.51 22.36 23.6 30.41 25.5 10.2 30.68 41.15 25.08 28.6 49.16 57.49 53.49 37.7 66.48 19.31 5.0 45.22 63.16 49.24 23.71 69.46 51.2 19.03 16.03 27.2 29.0 33.12 20.25 17.46 10.3 19.72 23.32 56.4 79.2 50.0 21.59 16.97 26.91 61.91 33.73 29.97 19.42 39.2 40.31 71.22 62.51 50.96 48.84 60.14 53.16 23.54 58.69 
35.17 42.76 61.52 6.08 52.35 22.36 25.96 40.79 80.45 68.43 37.48 0.0 31.4 56.3 51.62 45.34 49.98 46.87 32.56 71.55 19.1 30.46 20.4 70.6 63.2 37.59 22.0 66.64 17.46 46.84 54.57 32.02 29.68 37.12 46.32 61.4 44.1 38.6 48.6 50.54 73.5 76.4 34.93 42.45 43.08 59.68 17.26 60.44 37.01 28.84 26.93 50.77 42.3 8.6 10.2 45.88 24.17 36.24 56.73 60.44 19.7 82.29 13.6 22.56 54.45 10.82 26.68 33.54 66.4 18.6 33.62 43.17 34.13 39.36 25.06 27.02 22.67 48.88 21.38 69.43 
44.78 61.07 69.89 32.02 33.54 38.91 38.42 59.55 72.57 90.55 31.26 31.4 0.0 52.0 41.44 39.01 70.77 64.82 30.36 69.01 24.76 54.2 51.01 88.48 72.8 62.01 41.11 88.46 31.89 53.14 60.73 6.08 21.84 6.32 15.23 54.33 15.26 18.0 74.4 73.59 66.75 93.49 13.34 34.0 65.07 83.55 30.46 52.47 68.12 24.21 13.0 34.18 53.71 26.0 36.25 50.29 34.21 22.02 48.37 45.88 49.09 103.59 44.01 13.45 43.74 24.6 57.01 53.04 58.69 28.28 8.0 62.37 61.39 69.89 55.66 56.46 49.03 22.83 37.48 85.76 
25.55 39.32 26.93 61.91 26.63 77.37 32.56 39.62 24.21 63.56 21.38 56.3 52.0 0.0 12.53 13.04 48.0 40.01 24.7 17.03 38.01 47.01 72.12 54.23 30.53 50.96 39.82 61.39 39.2 18.11 18.97 46.01 31.58 50.36 59.67 6.32 45.88 70.0 60.53 54.04 17.2 56.82 39.12 18.0 47.52 62.13 69.86 7.0 83.23 72.57 40.31 23.32 26.48 48.37 49.58 15.52 32.65 30.02 7.21 18.36 73.66 72.24 67.36 42.95 12.04 46.53 77.83 39.56 10.82 37.74 60.0 41.3 88.46 72.09 63.51 60.03 78.41 72.84 37.48 49.66 
28.07 45.4 38.29 56.64 14.21 71.03 31.95 45.18 31.32 72.45 14.14 51.62 41.44 12.53 0.0 7.28 55.11 47.07 19.21 28.44 32.53 49.65 69.63 64.5 41.87 55.08 39.56 70.23 36.06 25.63 29.41 35.36 23.32 39.0 47.68 13.0 33.73 59.3 66.07 60.67 25.32 67.68 28.16 9.22 53.15 69.63 62.97 11.05 82.73 63.57 31.02 10.82 32.56 43.14 46.87 22.14 30.41 19.65 7.0 10.2 70.43 82.3 64.03 34.44 2.83 41.04 75.72 43.1 17.26 33.42 49.37 47.38 85.28 74.22 63.69 61.03 74.28 61.2 36.25 60.21 
21.0 38.83 34.83 50.61 18.36 65.51 24.7 38.47 35.78 66.71 8.54 45.34 39.01 13.04 7.28 0.0 48.76 40.8 12.81 30.07 26.4 42.43 62.8 59.64 38.29 48.01 32.31 64.47 29.21 20.25 25.5 33.06 18.68 37.66 47.43 16.55 34.01 57.01 59.21 54.13 29.15 63.25 26.31 5.1 46.39 63.32 57.71 15.26 75.59 59.67 27.29 14.76 26.25 37.01 40.0 16.64 23.32 17.12 11.4 17.46 63.78 77.18 57.38 30.08 9.85 35.0 68.82 36.01 21.47 26.87 47.01 40.79 78.64 66.94 56.46 53.76 67.9 60.21 29.07 55.61 
29.07 10.3 28.65 55.36 66.73 70.21 32.56 11.4 65.8 19.8 48.75 49.98 70.77 48.0 55.11 48.76 0.0 8.06 45.28 51.87 46.01 19.65 51.09 21.1 27.2 14.04 30.23 17.69 39.2 30.07 30.59 67.21 52.2 73.59 84.9 54.04 75.21 84.88 14.42 6.32 59.67 27.07 64.2 51.26 7.07 14.56 67.05 55.0 52.0 78.29 58.73 63.25 22.56 48.37 39.92 33.24 36.8 57.45 54.15 64.63 55.01 33.02 51.16 57.31 56.72 48.55 53.76 17.8 57.31 42.52 76.84 8.6 66.1 34.13 35.36 30.27 62.0 93.09 33.42 21.21 
21.63 4.12 22.67 52.61 58.87 68.18 26.4 6.08 58.52 26.63 41.18 46.87 64.82 40.01 47.07 40.8 8.06 0.0 38.01 44.78 40.22 18.25 51.2 24.17 22.02 15.81 25.63 24.41 34.0 22.02 23.09 60.88 45.34 67.21 78.52 46.1 68.25 79.76 21.19 14.04 52.2 29.73 57.38 43.46 9.22 22.56 64.13 47.01 54.71 74.33 52.4 55.36 14.56 44.01 36.67 25.18 30.61 50.22 46.1 56.57 54.74 38.9 50.16 51.4 48.66 43.86 54.71 13.34 49.5 36.89 71.28 4.12 67.05 38.21 36.4 31.38 61.52 87.42 28.18 22.56 
16.4 34.99 39.56 37.8 24.02 52.84 15.03 34.0 48.37 64.64 5.39 32.56 30.36 24.7 19.21 12.81 45.28 38.01 0.0 41.23 13.6 34.23 50.48 60.14 42.54 41.0 22.09 62.43 17.0 22.85 30.36 25.08 8.54 30.89 41.88 29.15 30.41 47.85 53.16 49.66 41.59 64.66 20.0 10.3 41.23 59.48 45.19 28.02 64.08 48.37 17.46 21.21 24.76 24.21 27.78 19.92 12.17 12.21 24.21 28.65 51.22 76.58 44.82 19.0 22.02 22.2 56.6 29.41 34.13 14.21 38.08 36.72 66.07 57.31 45.61 43.57 55.15 52.92 18.25 56.85 
37.8 45.65 24.19 77.39 41.44 93.23 46.32 46.65 14.14 63.07 38.33 71.55 69.01 17.03 28.44 30.07 51.87 44.78 41.23 0.0 54.08 56.85 85.6 51.16 27.02 58.83 52.8 61.13 54.12 26.87 21.95 63.0 48.51 67.19 76.12 15.81 62.17 87.01 65.92 58.19 9.49 51.97 56.04 35.01 53.67 64.33 86.03 18.03 94.79 89.44 57.31 38.6 34.83 64.08 63.81 26.4 47.41 47.0 21.59 30.02 87.66 68.73 81.54 59.84 26.93 62.39 90.91 49.04 13.6 53.31 77.01 47.41 102.2 81.27 74.97 70.84 92.96 89.56 51.31 46.17 
21.59 36.4 48.37 24.21 34.18 39.36 13.89 34.83 61.91 65.8 18.38 19.1 24.76 38.01 32.53 26.4 46.01 40.22 13.6 54.08 0.0 30.02 38.01 64.14 50.8 37.74 16.64 63.7 7.62 32.02 40.01 21.63 11.4 28.02 39.2 42.72 31.62 39.81 50.25 48.92 55.07 69.35 20.62 23.35 40.36 58.9 31.95 41.62 52.89 37.05 13.42 32.2 30.36 10.63 16.28 30.07 9.85 18.44 37.8 41.4 38.28 78.87 31.91 11.31 35.36 8.6 44.28 28.28 47.71 3.61 31.06 37.64 53.01 49.25 36.01 35.23 41.77 47.2 12.81 61.72 
21.84 14.56 38.59 35.74 58.08 50.64 19.24 12.65 69.34 38.08 39.05 30.46 54.2 47.01 49.65 42.43 19.65 18.25 34.23 56.85 30.02 0.0 32.98 40.61 38.91 7.81 13.42 36.24 22.47 30.23 35.36 51.62 38.9 57.98 69.07 53.31 61.33 66.71 20.25 20.25 62.43 46.53 50.16 43.01 12.65 29.83 47.43 53.49 38.29 59.06 43.42 55.01 22.02 29.83 20.59 31.76 22.8 45.35 51.24 59.84 36.5 51.88 32.02 41.05 51.97 30.41 36.77 7.81 57.7 26.42 59.41 14.14 49.04 25.08 18.87 14.21 43.29 75.66 17.46 40.05 
47.8 47.54 70.77 19.1 72.09 24.08 39.62 45.61 96.21 65.92 55.76 20.4 51.01 72.12 69.63 62.8 51.09 51.2 50.48 85.6 38.01 32.98 0.0 72.01 71.51 37.05 32.8 64.63 33.6 59.08 65.86 52.24 49.24 57.01 65.38 77.83 64.38 54.42 43.93 49.09 89.14 78.01 55.32 60.75 44.18 56.09 26.42 77.23 17.26 41.18 47.3 70.21 52.35 28.46 22.8 59.2 39.7 56.08 73.88 79.08 4.47 79.62 7.0 42.95 72.42 30.68 6.32 39.56 82.76 36.36 51.79 47.07 16.64 26.63 16.12 21.02 11.4 65.46 34.66 72.25 
44.05 28.23 27.89 76.16 77.94 91.24 50.25 30.08 65.03 13.89 62.29 70.6 88.48 54.23 64.5 59.64 21.1 24.17 60.14 51.16 64.14 40.61 72.01 0.0 24.52 35.01 49.77 12.81 58.14 39.41 35.34 84.2 68.12 90.43 101.67 59.14 90.52 103.83 30.68 23.35 60.41 6.0 80.06 63.41 28.16 20.81 87.8 60.75 71.31 98.43 75.8 74.33 35.38 68.15 60.44 43.01 54.38 72.12 61.33 72.5 76.01 18.03 72.25 75.17 65.3 68.03 74.33 37.34 60.88 60.9 95.19 27.51 86.58 52.5 56.08 51.04 83.02 111.22 52.33 5.0 
29.27 24.7 3.61 69.26 55.9 85.48 38.05 26.42 41.11 36.06 43.05 63.2 72.8 30.53 41.87 38.29 27.2 22.02 42.54 27.02 50.8 38.91 71.51 24.52 0.0 37.8 41.3 34.13 47.04 19.7 12.81 67.62 51.08 73.35 84.12 34.93 71.56 89.84 41.62 33.29 36.06 26.4 62.18 42.8 31.14 37.95 80.02 36.67 76.55 87.69 59.81 52.35 21.0 58.03 53.46 22.83 41.3 53.34 37.74 48.88 74.63 42.45 69.38 60.44 42.2 57.14 75.64 31.95 36.4 48.37 80.32 25.81 87.85 60.21 57.71 52.84 81.04 95.46 42.01 19.65 
27.02 13.45 38.21 42.54 64.5 56.75 26.25 12.21 72.01 30.87 45.54 37.59 62.01 50.96 55.08 48.01 14.04 15.81 41.0 58.83 37.74 7.81 37.05 35.01 37.8 0.0 21.1 29.15 30.23 33.24 36.89 59.36 46.24 65.73 76.84 57.28 68.88 74.41 12.53 13.0 65.31 41.01 57.7 49.16 7.28 22.2 54.23 57.72 38.95 66.37 51.11 61.29 24.7 37.54 28.02 35.44 30.08 52.5 55.9 65.19 41.0 44.78 37.34 48.83 57.22 38.18 39.81 12.0 61.35 34.13 67.21 12.04 52.17 22.67 21.38 16.28 48.01 83.45 25.06 35.23 
15.0 21.54 39.81 28.02 46.1 44.18 7.62 19.7 63.66 49.82 27.29 22.0 41.11 39.82 39.56 32.31 30.23 25.63 22.09 52.8 16.64 13.42 32.8 49.77 41.3 21.1 0.0 47.8 9.22 26.42 33.62 38.28 25.71 44.65 55.8 45.8 47.93 54.64 33.62 32.53 56.59 55.36 36.77 31.78 24.08 42.45 39.12 45.49 43.57 48.7 30.02 43.29 20.62 18.38 12.17 26.4 10.0 32.39 42.54 49.65 34.99 63.25 29.07 27.8 42.15 18.36 38.21 12.53 50.61 13.04 46.75 22.36 49.41 35.23 24.17 21.59 40.72 63.03 4.12 48.08 
46.04 27.66 37.01 71.69 82.76 85.73 50.21 29.0 75.24 2.24 65.51 66.64 88.46 61.39 70.23 64.47 17.69 24.41 62.43 61.13 63.7 36.24 64.63 12.81 34.13 29.15 47.8 0.0 56.85 44.6 42.58 84.86 69.66 91.24 102.55 66.91 92.62 102.42 21.0 16.16 70.01 17.2 81.69 67.54 23.85 9.22 83.38 68.25 61.52 95.29 76.38 79.2 38.47 65.73 56.82 48.1 54.45 74.63 68.15 79.12 68.88 15.65 65.97 75.01 71.47 66.03 66.07 35.47 69.35 60.21 94.49 26.17 78.0 42.43 48.51 43.74 75.95 110.75 51.09 17.0 
18.11 30.02 45.01 23.41 40.02 39.56 9.0 28.3 63.41 58.9 22.36 17.46 31.89 39.2 36.06 29.21 39.2 34.0 17.0 54.12 7.62 22.47 33.6 58.14 47.04 30.23 9.22 56.85 0.0 29.61 37.48 29.15 18.0 35.51 46.62 44.6 39.22 45.79 42.72 41.73 56.4 63.56 28.16 27.29 33.24 51.66 33.24 43.84 47.17 41.0 21.02 37.64 26.08 11.0 10.82 28.46 6.71 25.02 40.36 45.65 34.66 72.2 28.28 18.6 38.83 10.2 39.66 21.4 49.58 4.12 37.64 31.06 49.52 42.05 29.27 28.02 39.2 53.91 5.83 56.08 
11.7 21.21 16.76 52.89 38.59 69.12 20.88 21.59 39.12 46.82 23.6 46.84 53.14 18.11 25.63 20.25 30.07 22.02 22.85 26.87 32.02 30.23 59.08 39.41 19.7 33.24 26.42 44.6 29.61 0.0 8.0 47.93 31.38 53.67 64.5 24.33 52.2 70.34 42.43 36.0 32.25 43.19 42.54 24.08 29.43 44.41 62.8 25.08 67.94 69.07 40.16 34.99 8.54 40.45 38.08 3.61 23.19 33.84 24.08 34.71 61.4 56.94 55.47 41.0 26.93 39.2 64.2 22.47 28.16 30.07 60.73 23.19 75.72 55.07 48.1 44.05 67.08 75.77 25.63 35.47 
19.42 23.71 9.43 60.64 43.28 76.9 28.64 24.7 35.47 44.72 30.41 54.57 60.73 18.97 29.41 25.5 30.59 23.09 30.36 21.95 40.01 35.36 65.86 35.34 12.81 36.89 33.62 42.58 37.48 8.0 0.0 55.36 38.9 60.93 71.55 24.33 58.83 78.1 44.27 36.88 29.12 38.28 49.66 30.0 31.78 44.05 70.71 25.71 73.59 77.06 47.8 39.7 13.6 48.37 45.54 10.44 31.14 40.71 26.0 37.16 68.43 53.31 62.65 48.84 30.02 47.17 70.72 27.59 27.0 38.05 68.41 25.5 82.49 59.41 53.91 49.52 74.32 83.22 33.24 30.89 
40.22 57.28 64.62 33.73 27.78 42.72 34.66 55.87 66.49 87.0 25.5 32.02 6.08 46.01 35.36 33.06 67.21 60.88 25.08 63.0 21.63 51.62 52.24 84.2 67.62 59.36 38.28 84.86 29.15 47.93 55.36 0.0 16.55 6.4 17.69 48.26 12.17 24.02 71.87 70.43 60.67 89.05 7.28 28.02 61.85 80.43 34.13 46.39 69.03 29.68 8.49 28.23 49.09 25.32 35.17 44.94 30.41 16.0 42.3 39.92 50.8 99.76 45.28 10.77 37.66 23.54 58.42 49.68 52.61 25.24 14.04 58.69 63.89 69.12 55.11 55.36 51.55 27.86 34.41 81.27 
24.08 42.01 48.1 34.06 22.85 47.8 20.12 40.8 54.23 71.84 10.2 29.68 21.84 31.58 23.32 18.68 52.2 45.34 8.54 48.51 11.4 38.9 49.24 68.12 51.08 46.24 25.71 69.66 18.0 31.38 38.9 16.55 0.0 22.47 33.6 35.11 23.02 39.46 58.69 56.08 47.76 72.8 12.04 14.32 47.51 66.04 39.66 33.62 64.29 41.0 9.06 21.1 32.8 21.1 27.66 28.46 16.16 7.07 29.55 31.11 49.24 84.17 42.94 11.4 26.08 18.87 55.54 35.36 39.92 14.04 29.61 43.6 63.81 60.03 47.17 46.01 52.2 44.38 21.59 65.0 
46.4 63.64 70.26 38.12 29.41 45.19 41.04 62.24 69.58 93.38 30.68 37.12 6.32 50.36 39.0 37.66 73.59 67.21 30.89 67.19 28.02 57.98 57.01 90.43 73.35 65.73 44.65 91.24 35.51 53.67 60.93 6.4 22.47 0.0 11.31 52.0 9.22 20.88 78.23 76.84 64.12 95.21 11.4 32.56 68.25 86.83 36.77 50.01 74.03 29.7 14.87 30.59 55.22 31.05 41.11 50.57 36.8 20.62 46.0 42.2 55.23 106.1 50.01 17.0 41.05 29.41 63.07 56.08 56.08 31.62 11.66 65.07 67.68 75.0 60.88 61.35 55.32 22.56 40.8 87.42 
57.63 74.95 80.95 46.27 36.01 50.22 52.35 73.55 77.01 104.69 41.15 46.32 15.23 59.67 47.68 47.43 84.9 78.52 41.88 76.12 39.2 69.07 65.38 101.67 84.12 76.84 55.8 102.55 46.62 64.5 71.55 17.69 33.6 11.31 0.0 60.53 14.04 18.44 89.31 88.09 72.11 106.4 21.95 42.38 79.51 98.08 42.43 58.42 82.61 31.78 26.17 38.05 66.4 41.23 51.48 61.29 48.1 30.87 54.59 49.04 63.07 117.41 58.42 28.02 49.37 39.81 71.18 67.36 64.2 42.8 14.14 76.38 74.33 85.09 70.84 71.69 62.13 14.32 52.01 98.6 
31.76 45.54 31.38 66.85 25.63 81.99 38.42 45.89 19.24 69.05 25.08 61.4 54.33 6.32 13.0 16.55 54.04 46.1 29.15 15.81 42.72 53.31 77.83 59.14 34.93 57.28 45.8 66.91 44.6 24.33 24.33 48.26 35.11 52.0 60.53 0.0 46.53 72.25 66.75 60.13 12.65 61.33 41.11 20.88 53.76 68.03 74.24 2.24 89.31 75.96 43.42 22.8 32.76 53.25 55.15 21.84 38.18 32.39 6.0 14.87 79.21 77.16 72.86 46.49 11.18 51.31 83.63 45.88 5.0 42.8 62.29 47.52 94.05 78.39 69.64 66.24 83.74 74.17 43.28 54.42 
46.75 65.0 68.26 45.89 22.09 54.12 43.05 63.82 63.03 94.81 28.6 44.1 15.26 45.88 33.73 34.01 75.21 68.25 30.41 62.17 31.62 61.33 64.38 90.52 71.56 68.88 47.93 92.62 39.22 52.2 58.83 12.17 23.02 9.22 14.04 46.53 0.0 29.07 81.39 79.08 58.08 94.92 11.18 29.07 70.49 89.04 45.62 44.41 81.1 38.9 18.44 24.02 55.15 37.05 46.53 48.83 38.95 18.44 40.61 35.13 62.97 106.96 57.43 22.09 35.36 35.13 70.58 58.31 50.16 35.11 20.62 66.61 75.96 80.41 66.61 66.49 63.6 28.07 43.86 87.11 
61.1 75.8 87.09 36.24 50.29 35.01 53.67 74.09 90.26 104.4 49.16 38.6 18.0 70.0 59.3 57.01 84.88 79.76 47.85 87.01 39.81 66.71 54.42 103.83 89.84 74.41 54.64 102.42 45.79 70.34 78.1 24.02 39.46 20.88 18.44 72.25 29.07 0.0 86.28 86.83 84.59 109.13 31.14 52.0 78.6 96.54 28.64 70.35 71.47 15.03 30.41 51.42 70.01 36.88 46.67 67.68 49.66 40.01 66.27 63.06 51.24 117.89 47.93 29.41 61.52 36.4 59.48 67.12 76.53 42.94 10.0 76.85 60.21 77.7 63.51 65.6 48.66 11.18 51.62 101.52 
38.33 21.21 43.05 53.0 76.3 65.92 38.63 21.02 79.71 22.09 57.49 48.6 74.4 60.53 66.07 59.21 14.42 21.19 53.16 65.92 50.25 20.25 43.93 30.68 41.62 12.53 33.62 21.0 42.72 42.43 44.27 71.87 58.69 78.23 89.31 66.75 81.39 86.28 0.0 8.49 73.38 36.4 70.21 60.83 13.04 12.17 64.5 67.48 40.79 77.42 63.63 72.99 34.13 49.52 39.62 45.18 42.54 64.85 66.12 76.01 48.27 35.69 45.88 61.29 68.01 50.33 45.1 23.77 70.41 46.65 79.4 19.24 57.0 21.84 27.89 23.41 55.32 95.59 37.59 32.65 
33.84 15.3 34.89 55.54 71.84 69.64 36.06 15.81 72.12 17.89 53.49 50.54 73.59 54.04 60.67 54.13 6.32 14.04 49.66 58.19 48.92 20.25 49.09 23.35 33.29 13.0 32.53 16.16 41.73 36.0 36.88 70.43 56.08 76.84 88.09 60.13 79.08 86.83 8.49 0.0 65.97 29.27 67.96 56.32 8.6 10.0 67.23 61.03 48.08 79.26 62.01 68.41 28.16 50.0 40.82 39.05 40.22 61.72 60.03 70.35 53.24 31.78 50.01 60.21 62.39 50.45 51.09 20.81 63.51 45.34 79.25 13.34 63.29 29.55 33.02 28.07 60.3 95.52 36.12 24.7 
41.87 52.55 33.0 79.08 36.35 94.41 49.52 53.31 7.07 72.0 37.7 73.5 66.75 17.2 25.32 29.15 59.67 52.2 41.59 9.49 55.07 62.43 89.14 60.41 36.06 65.31 56.59 70.01 56.4 32.25 29.12 60.67 47.76 64.12 72.11 12.65 58.08 84.59 73.38 65.97 0.0 61.39 53.46 33.53 60.75 72.69 86.76 14.32 99.64 88.6 56.04 34.06 40.71 65.51 66.71 30.81 49.82 44.91 18.44 23.77 90.79 78.09 84.5 59.14 23.09 63.63 94.75 54.71 8.06 54.92 74.67 54.42 105.55 87.32 79.81 76.03 95.6 86.01 54.49 55.44 
48.83 33.84 29.97 82.0 81.4 97.16 55.47 35.74 65.49 17.69 66.48 76.4 93.49 56.82 67.68 63.25 27.07 29.73 64.66 51.97 69.35 46.53 78.01 6.0 26.4 41.01 55.36 17.2 63.56 43.19 38.28 89.05 72.8 95.21 106.4 61.33 94.92 109.13 36.4 29.27 61.39 0.0 84.65 67.27 34.13 25.94 93.62 63.07 77.13 104.06 80.71 77.8 40.0 73.74 66.22 46.75 59.54 76.49 64.01 75.18 82.01 17.0 78.23 80.26 68.26 73.54 80.31 43.01 62.63 66.19 100.34 33.24 92.54 58.24 62.07 57.04 89.02 116.28 57.78 7.81 
36.07 54.04 59.03 37.7 20.81 48.41 31.91 52.8 59.23 83.87 19.31 34.93 13.34 39.12 28.16 26.31 64.2 57.38 20.0 56.04 20.62 50.16 55.32 80.06 62.18 57.7 36.77 81.69 28.16 42.54 49.66 7.28 12.04 11.4 21.95 41.11 11.18 31.14 70.21 67.96 53.46 84.65 0.0 21.21 59.36 77.94 39.82 39.2 71.57 36.72 8.06 21.02 44.69 27.17 36.06 39.36 27.78 9.22 35.13 32.7 54.41 96.21 48.51 12.37 30.41 25.08 61.61 47.17 45.4 24.04 21.21 55.61 68.15 69.72 56.14 55.73 55.95 33.96 32.7 76.84 
22.56 41.11 39.41 47.42 15.52 61.85 24.33 40.52 39.92 69.77 5.0 42.45 34.0 18.0 9.22 5.1 51.26 43.46 10.3 35.01 23.35 43.01 60.75 63.41 42.8 49.16 31.78 67.54 27.29 24.08 30.0 28.02 14.32 32.56 42.38 20.88 29.07 52.0 60.83 56.32 33.53 67.27 21.21 0.0 48.27 65.79 53.85 19.31 74.32 55.08 22.56 12.17 29.07 33.94 38.08 20.52 22.14 12.04 15.23 18.36 61.4 80.71 55.0 25.63 12.04 31.83 66.89 37.22 25.63 24.41 42.0 43.01 76.22 66.91 55.66 53.37 65.12 55.11 28.16 59.55 
25.71 8.25 31.89 48.38 63.79 63.15 27.46 8.0 67.23 25.81 45.22 43.08 65.07 47.52 53.15 46.39 7.07 9.22 41.23 53.67 40.36 12.65 44.18 28.16 31.14 7.28 24.08 23.85 33.24 29.43 31.78 61.85 47.51 68.25 79.51 53.76 70.49 78.6 13.04 8.6 60.75 34.13 59.36 48.27 0.0 18.6 60.08 54.45 46.07 71.55 53.41 60.42 21.1 41.88 33.11 32.14 31.62 53.23 53.08 63.03 48.04 39.45 44.1 51.66 55.04 42.2 47.07 12.21 57.49 36.8 70.84 6.32 59.44 29.07 28.64 23.54 55.01 87.11 27.59 28.07 
43.46 24.7 40.26 64.41 81.27 77.83 46.04 25.5 78.45 10.0 63.16 59.68 83.55 62.13 69.63 63.32 14.56 22.56 59.48 64.33 58.9 29.83 56.09 20.81 37.95 22.2 42.45 9.22 51.66 44.41 44.05 80.43 66.04 86.83 98.08 68.03 89.04 96.54 12.17 10.0 72.69 25.94 77.94 65.79 18.6 0.0 76.03 69.12 52.35 88.51 72.01 77.79 37.11 59.67 50.22 47.68 50.22 71.59 68.47 79.08 60.42 23.54 57.87 70.18 71.2 60.21 57.22 30.81 71.03 55.32 89.11 22.85 69.03 33.24 40.02 35.44 67.47 105.38 46.1 24.04 
51.35 60.02 78.16 11.7 60.11 8.6 42.19 58.05 93.48 85.09 49.24 17.26 30.46 69.86 62.97 57.71 67.05 64.13 45.19 86.03 31.95 47.43 26.42 87.8 80.02 54.23 39.12 83.38 33.24 62.8 70.71 34.13 39.66 36.77 42.43 74.24 45.62 28.64 64.5 67.23 86.76 93.62 39.82 53.85 60.08 76.03 0.0 72.95 43.08 14.76 33.24 59.46 59.03 22.36 27.46 61.39 39.62 44.69 68.96 70.43 22.85 99.01 20.62 29.07 65.73 23.77 31.02 50.8 79.18 32.98 28.28 60.42 32.02 51.66 38.29 41.62 20.1 39.81 38.01 86.68 
31.78 46.27 33.11 65.8 23.41 80.78 38.01 46.53 20.62 70.41 23.71 60.44 52.47 7.0 11.05 15.26 55.0 47.01 28.02 18.03 41.62 53.49 77.23 60.75 36.67 57.72 45.49 68.25 43.84 25.08 25.71 46.39 33.62 50.01 58.42 2.24 44.41 70.35 67.48 61.03 14.32 63.07 39.2 19.31 54.45 69.12 72.95 0.0 89.04 74.33 41.76 20.62 33.38 52.2 54.49 22.36 37.54 30.59 4.12 12.73 78.49 78.77 72.12 44.94 9.06 50.22 83.1 46.17 6.32 41.87 60.41 48.26 93.35 78.55 69.46 66.19 82.88 72.11 42.8 56.08 
57.8 51.87 76.61 36.35 86.98 39.12 51.11 50.22 106.67 62.29 69.46 37.01 68.12 83.23 82.73 75.59 52.0 54.71 64.08 94.79 52.89 38.29 17.26 71.31 76.55 38.95 43.57 61.52 47.17 67.94 73.59 69.03 64.29 74.03 82.61 89.31 81.1 71.47 40.79 48.08 99.64 77.13 71.57 74.32 46.07 52.35 43.08 89.04 0.0 57.78 63.51 84.76 60.11 44.41 36.69 68.88 52.33 71.31 86.09 92.61 20.25 75.01 24.19 59.3 85.42 46.53 12.08 46.01 94.05 50.6 69.05 50.77 18.79 19.1 19.85 24.08 24.41 82.57 46.53 72.73 
58.42 70.23 85.38 24.76 57.45 20.1 49.82 68.35 94.87 97.13 51.2 28.84 24.21 72.57 63.57 59.67 78.29 74.33 48.37 89.44 37.05 59.06 41.18 98.43 87.69 66.37 48.7 95.29 41.0 69.07 77.06 29.68 41.0 29.7 31.78 75.96 38.9 15.03 77.42 79.26 88.6 104.06 36.72 55.08 71.55 88.51 14.76 74.33 57.78 0.0 32.57 57.71 66.91 30.36 38.47 67.0 46.39 44.01 70.21 69.32 37.58 110.94 35.23 29.61 66.13 30.81 45.69 61.1 80.65 39.32 18.6 70.94 45.4 66.07 52.35 55.23 34.21 26.02 46.57 96.77 
31.91 48.8 56.92 29.97 26.91 41.73 26.17 47.38 62.3 78.52 19.03 26.93 13.0 40.31 31.02 27.29 58.73 52.4 17.46 57.31 13.42 43.42 47.3 75.8 59.81 51.11 30.02 76.38 21.02 40.16 47.8 8.49 9.06 14.87 26.17 43.42 18.44 30.41 63.63 62.01 56.04 80.71 8.06 22.56 53.41 72.01 33.24 41.76 63.51 32.57 0.0 26.25 40.82 19.1 28.16 37.36 21.93 11.66 37.64 37.44 46.49 91.29 40.52 4.47 33.62 17.03 53.6 41.23 48.08 17.0 20.62 50.21 60.42 61.98 48.26 48.05 48.3 35.78 26.08 72.95 
34.71 53.16 48.8 55.0 3.61 67.9 36.06 52.63 39.12 81.44 16.03 50.77 34.18 23.32 10.82 14.76 63.25 55.36 21.21 38.6 32.2 55.01 70.21 74.33 52.35 61.29 43.29 79.2 37.64 34.99 39.7 28.23 21.1 30.59 38.05 22.8 24.02 51.42 72.99 68.41 34.06 77.8 21.02 12.17 60.42 77.79 59.46 20.62 84.76 57.71 26.25 0.0 40.85 42.19 48.1 31.38 33.38 14.87 17.09 11.7 70.33 91.92 64.01 30.41 11.7 39.96 76.49 49.37 26.17 34.18 41.76 55.08 84.91 78.52 66.71 64.78 73.24 52.01 39.46 70.21 
8.94 13.0 19.24 48.37 44.38 64.63 17.12 13.15 47.51 40.71 27.2 42.3 53.71 26.48 32.56 26.25 22.56 14.56 24.76 34.83 30.36 22.02 52.35 35.38 21.0 24.7 20.62 38.47 26.08 8.54 13.6 49.09 32.8 55.22 66.4 32.76 55.15 70.01 34.13 28.16 40.71 40.0 44.69 29.07 21.1 37.11 59.03 33.38 60.11 66.91 40.82 40.85 0.0 37.05 32.76 11.05 20.62 36.8 32.02 42.19 55.04 52.01 49.4 40.72 34.23 36.22 57.14 14.21 36.69 27.66 60.84 15.0 68.96 46.65 40.36 36.07 61.1 76.54 21.02 32.2 
29.07 39.92 56.01 13.6 43.83 29.15 20.0 38.08 72.4 67.68 29.0 8.6 26.0 48.37 43.14 37.01 48.37 44.01 24.21 64.08 10.63 29.83 28.46 68.15 58.03 37.54 18.38 65.73 11.0 40.45 48.37 25.32 21.1 31.05 41.23 53.25 37.05 36.88 49.52 50.0 65.51 73.74 27.17 33.94 41.88 59.67 22.36 52.2 44.41 30.36 19.1 42.19 37.05 0.0 10.3 39.05 17.26 27.73 48.41 51.86 28.18 81.3 21.93 15.0 45.97 2.24 34.79 30.87 58.25 10.77 30.0 40.72 42.72 43.97 29.83 30.46 31.24 46.1 16.28 66.41 
26.4 32.56 51.97 16.03 50.29 32.06 17.49 30.59 73.76 58.67 33.12 10.2 36.25 49.58 46.87 40.0 39.92 36.67 27.78 63.81 16.28 20.59 22.8 60.44 53.46 28.02 12.17 56.82 10.82 38.08 45.54 35.17 27.66 41.11 51.48 55.15 46.53 46.67 39.62 40.82 66.71 66.22 36.06 38.08 33.11 50.22 27.46 54.49 36.69 38.47 28.16 48.1 32.76 10.3 0.0 37.59 16.97 34.71 51.09 56.44 24.08 72.47 17.8 24.52 49.65 11.7 28.84 23.35 60.11 13.93 40.22 32.98 38.9 33.96 20.1 20.25 29.15 56.22 12.53 59.23 
11.4 24.02 19.7 51.87 34.99 68.01 20.12 24.19 37.8 50.33 20.25 45.88 50.29 15.52 22.14 16.64 33.24 25.18 19.92 26.4 30.07 31.76 59.2 43.01 22.83 35.44 26.4 48.1 28.46 3.61 10.44 44.94 28.46 50.57 61.29 21.84 48.83 67.68 45.18 39.05 30.81 46.75 39.36 20.52 32.14 47.68 61.39 22.36 68.88 67.0 37.36 31.38 11.05 39.05 37.59 0.0 21.84 30.53 21.0 31.4 61.29 60.54 55.23 38.47 23.54 37.66 64.54 24.17 26.0 28.44 57.97 26.02 75.8 56.8 49.04 45.22 66.73 72.8 25.06 39.05 
12.04 26.91 39.05 30.08 36.12 46.17 4.24 25.46 56.85 56.59 17.46 24.17 34.21 32.65 30.41 23.32 36.8 30.61 12.17 47.41 9.85 22.8 39.7 54.38 41.3 30.08 10.0 54.45 6.71 23.19 31.14 30.41 16.16 36.8 48.1 38.18 38.95 49.66 42.54 40.22 49.82 59.54 27.78 22.14 31.62 50.22 39.62 37.54 52.33 46.39 21.93 33.38 20.62 17.26 16.97 21.84 0.0 22.56 34.21 40.31 41.04 69.43 34.71 20.81 33.12 16.03 45.61 19.42 43.14 7.07 40.82 28.28 55.87 45.18 33.53 31.4 45.8 56.86 6.08 51.88 
28.6 47.17 50.12 40.22 16.12 53.08 26.25 46.14 50.96 76.84 10.3 36.24 22.02 30.02 19.65 17.12 57.45 50.22 12.21 47.0 18.44 45.35 56.08 72.12 53.34 52.5 32.39 74.63 25.02 33.84 40.71 16.0 7.07 20.62 30.87 32.39 18.44 40.01 64.85 61.72 44.91 76.49 9.22 12.04 53.23 71.59 44.69 30.59 71.31 44.01 11.66 14.87 36.8 27.73 34.71 30.53 22.56 0.0 26.48 25.81 55.9 88.73 49.66 15.62 22.14 25.5 62.39 41.23 36.88 21.1 30.02 48.88 70.33 67.01 54.23 53.0 58.52 43.17 28.28 68.68 
29.41 45.01 34.13 62.01 20.12 76.85 34.99 45.1 24.7 70.34 19.72 56.73 48.37 7.21 7.0 11.4 54.15 46.1 24.21 21.59 37.8 51.24 73.88 61.33 37.74 55.9 42.54 68.15 40.36 24.08 26.0 42.3 29.55 46.0 54.59 6.0 40.61 66.27 66.12 60.03 18.44 64.01 35.13 15.23 53.08 68.47 68.96 4.12 86.09 70.21 37.64 17.09 32.02 48.41 51.09 21.0 34.21 26.48 0.0 11.18 75.01 79.31 68.62 40.85 5.39 46.4 79.81 44.15 10.44 38.21 56.32 47.01 89.87 76.22 66.65 63.56 79.25 68.18 39.66 56.8 
38.21 55.15 45.28 65.12 13.04 78.75 42.06 55.04 28.02 81.32 23.32 60.44 45.88 18.36 10.2 17.46 64.63 56.57 28.65 30.02 41.4 59.84 79.08 72.5 48.88 65.19 49.65 79.12 45.65 34.71 37.16 39.92 31.11 42.2 49.04 14.87 35.13 63.06 76.01 70.35 23.77 75.18 32.7 18.36 63.03 79.08 70.43 12.73 92.61 69.32 37.44 11.7 42.19 51.86 56.44 31.4 40.31 25.81 11.18 0.0 79.63 90.47 73.24 41.4 8.0 49.68 85.23 53.24 16.55 42.72 53.45 57.14 94.4 84.4 73.74 71.17 83.1 63.2 46.24 67.98 
49.93 50.99 73.74 17.12 72.01 19.8 41.4 49.03 97.84 70.21 56.4 19.7 49.09 73.66 70.43 63.78 55.01 54.74 51.22 87.66 38.28 36.5 4.47 76.01 74.63 41.0 34.99 68.88 34.66 61.4 68.43 50.8 49.24 55.23 63.07 79.21 62.97 51.24 48.27 53.24 90.79 82.01 54.41 61.4 48.04 60.42 22.85 78.49 20.25 37.58 46.49 70.33 55.04 28.18 24.08 61.29 41.04 55.9 75.01 79.63 0.0 83.95 6.4 42.06 73.25 30.41 8.25 42.72 84.17 37.01 49.25 50.64 14.87 31.06 20.4 25.18 7.07 62.36 36.4 76.11 
60.21 42.52 45.88 87.32 95.52 101.19 65.19 44.05 82.39 13.93 79.2 82.29 103.59 72.24 82.3 77.18 33.02 38.9 76.58 68.73 78.87 51.88 79.62 18.03 42.45 44.78 63.25 15.65 72.2 56.94 53.31 99.76 84.17 106.1 117.41 77.16 106.96 117.89 35.69 31.78 78.09 17.0 96.21 80.71 39.45 23.54 99.01 78.77 75.01 110.94 91.29 91.92 52.01 81.3 72.47 60.54 69.43 88.73 79.31 90.47 83.95 0.0 81.32 90.14 83.19 81.54 80.62 50.8 78.85 75.43 109.81 41.23 92.27 56.01 63.56 58.94 91.01 126.04 66.4 22.8 
43.91 46.27 68.31 12.17 65.74 20.12 35.23 44.28 91.55 67.45 50.0 13.6 44.01 67.36 64.03 57.38 51.16 50.16 44.82 81.54 31.91 32.02 7.0 72.25 69.38 37.34 29.07 65.97 28.28 55.47 62.65 45.28 42.94 50.01 58.42 72.86 57.43 47.93 45.88 50.01 84.5 78.23 48.51 55.0 44.1 57.87 20.62 72.12 24.19 35.23 40.52 64.01 49.4 21.93 17.8 55.23 34.71 49.66 68.62 73.24 6.4 81.32 0.0 36.14 66.84 24.17 13.15 37.66 77.83 30.61 44.91 46.1 21.26 31.11 18.36 22.47 11.7 58.87 30.23 72.01 
31.78 47.63 57.72 25.5 31.24 37.48 25.0 46.1 65.55 77.1 21.59 22.56 13.45 42.95 34.44 30.08 57.31 51.4 19.0 59.84 11.31 41.05 42.95 75.17 60.44 48.83 27.8 75.01 18.6 41.0 48.84 10.77 11.4 17.0 28.02 46.49 22.09 29.41 61.29 60.21 59.14 80.26 12.37 25.63 51.66 70.18 29.07 44.94 59.3 29.61 4.47 30.41 40.72 15.0 24.52 38.47 20.81 15.62 40.85 41.4 42.06 90.14 36.14 0.0 37.12 13.04 49.24 39.6 51.26 14.87 20.12 48.92 55.95 58.46 44.55 44.64 43.83 36.06 24.08 72.56 
30.27 47.17 38.6 59.46 14.76 73.82 34.54 47.04 28.86 73.68 16.97 54.45 43.74 12.04 2.83 9.85 56.72 48.66 22.02 26.93 35.36 51.97 72.42 65.3 42.2 57.22 42.15 71.47 38.83 26.93 30.02 37.66 26.08 41.05 49.37 11.18 35.36 61.52 68.01 62.39 23.09 68.26 30.41 12.04 55.04 71.2 65.73 9.06 85.42 66.13 33.62 11.7 34.23 45.97 49.65 23.54 33.12 22.14 5.39 8.0 73.25 83.19 66.84 37.12 0.0 43.86 78.49 45.28 15.03 36.24 51.62 49.16 88.09 76.66 66.31 63.57 77.1 63.07 38.91 60.9 
28.0 39.81 55.01 15.62 41.59 30.87 19.1 38.01 70.49 68.01 26.91 10.82 24.6 46.53 41.04 35.0 48.55 43.86 22.2 62.39 8.6 30.41 30.68 68.03 57.14 38.18 18.36 66.03 10.2 39.2 47.17 23.54 18.87 29.41 39.81 51.31 35.13 36.4 50.33 50.45 63.63 73.54 25.08 31.83 42.2 60.21 23.77 50.22 46.53 30.81 17.03 39.96 36.22 2.24 11.7 37.66 16.03 25.5 46.4 49.68 30.41 81.54 24.17 13.04 43.86 0.0 37.0 30.89 56.3 9.22 29.07 40.71 44.94 45.61 31.58 31.95 33.42 45.28 15.81 66.13 
53.15 51.26 75.13 25.0 78.39 27.2 45.28 49.4 101.82 67.19 61.91 26.68 57.01 77.83 75.72 68.82 53.76 54.71 56.6 90.91 44.28 36.77 6.32 74.33 75.64 39.81 38.21 66.07 39.66 64.2 70.72 58.42 55.54 63.07 71.18 83.63 70.58 59.48 45.1 51.09 94.75 80.31 61.61 66.89 47.07 57.22 31.02 83.1 12.08 45.69 53.6 76.49 57.14 34.79 28.84 64.54 45.61 62.39 79.81 85.23 8.25 80.62 13.15 49.24 78.49 37.0 0.0 43.83 88.53 42.54 57.43 50.6 12.37 25.63 18.44 23.54 12.73 70.6 40.36 74.97 
15.03 9.22 31.3 39.32 52.61 55.04 15.26 7.28 61.59 37.54 33.73 33.54 53.04 39.56 43.1 36.01 17.8 13.34 29.41 49.04 28.28 7.81 39.56 37.34 31.95 12.0 12.53 35.47 21.4 22.47 27.59 49.68 35.36 56.08 67.36 45.88 58.31 67.12 23.77 20.81 54.71 43.01 47.17 37.22 12.21 30.81 50.8 46.17 46.01 61.1 41.23 49.37 14.21 30.87 23.35 24.17 19.42 41.23 44.15 53.24 42.72 50.8 37.66 39.6 45.28 30.89 43.83 0.0 50.16 24.76 59.03 9.85 55.95 32.65 26.4 21.93 49.24 75.29 15.62 35.9 
36.36 49.24 32.98 71.85 28.64 86.95 43.28 49.73 14.32 71.45 29.97 66.4 58.69 10.82 17.26 21.47 57.31 49.5 34.13 13.6 47.71 57.7 82.76 60.88 36.4 61.35 50.61 69.35 49.58 28.16 27.0 52.61 39.92 56.08 64.2 5.0 50.16 76.53 70.41 63.51 8.06 62.63 45.4 25.63 57.49 71.03 79.18 6.32 94.05 80.65 48.08 26.17 36.69 58.25 60.11 26.0 43.14 36.88 10.44 16.55 84.17 78.85 77.83 51.26 15.03 56.3 88.53 50.16 0.0 47.8 66.61 51.2 99.01 82.76 74.33 70.83 88.73 78.03 48.17 56.04 
19.1 33.02 46.1 24.19 36.4 39.92 10.77 31.4 61.85 62.29 19.42 18.6 28.28 37.74 33.42 26.87 42.52 36.89 14.21 53.31 3.61 26.42 36.36 60.9 48.37 34.13 13.04 60.21 4.12 30.07 38.05 25.24 14.04 31.62 42.8 42.8 35.11 42.94 46.65 45.34 54.92 66.19 24.04 24.41 36.8 55.32 32.98 41.87 50.6 39.32 17.0 34.18 27.66 10.77 13.93 28.44 7.07 21.1 38.21 42.72 37.01 75.43 30.61 14.87 36.24 9.22 42.54 24.76 47.8 0.0 34.41 34.21 51.86 46.1 33.14 32.06 41.04 50.61 9.22 58.6 
51.89 67.42 77.49 32.76 40.85 36.14 44.94 65.8 80.41 96.54 39.2 33.62 8.0 60.0 49.37 47.01 76.84 71.28 38.08 77.01 31.06 59.41 51.79 95.19 80.32 67.21 46.75 94.49 37.64 60.73 68.41 14.04 29.61 11.66 14.14 62.29 20.62 10.0 79.4 79.25 74.67 100.34 21.21 42.0 70.84 89.11 28.28 60.41 69.05 18.6 20.62 41.76 60.84 30.0 40.22 57.97 40.82 30.02 56.32 53.45 49.25 109.81 44.91 20.12 51.62 29.07 57.43 59.03 66.61 34.41 0.0 68.6 60.21 72.92 58.6 60.03 48.04 16.28 43.42 92.66 
20.62 2.0 26.17 48.84 58.52 64.28 24.04 2.83 60.93 28.32 40.31 43.17 62.37 41.3 47.38 40.79 8.6 4.12 36.72 47.41 37.64 14.14 47.07 27.51 25.81 12.04 22.36 26.17 31.06 23.19 25.5 58.69 43.6 65.07 76.38 47.52 66.61 76.85 19.24 13.34 54.42 33.24 55.61 43.01 6.32 22.85 60.42 48.26 50.77 70.94 50.21 55.08 15.0 40.72 32.98 26.02 28.28 48.88 47.01 57.14 50.64 41.23 46.1 48.92 49.16 40.71 50.6 9.85 51.2 34.21 68.6 0.0 62.94 34.66 32.31 27.31 57.43 84.81 25.24 26.31 
64.4 63.57 87.24 30.46 86.45 25.32 56.08 61.68 112.61 79.03 71.22 34.13 61.39 88.46 85.28 78.64 66.1 67.05 66.07 102.2 53.01 49.04 16.64 86.58 87.85 52.17 49.41 78.0 49.52 75.72 82.49 63.89 63.81 67.68 74.33 94.05 75.96 60.21 57.0 63.29 105.55 92.54 68.15 76.22 59.44 69.03 32.02 93.35 18.79 45.4 60.42 84.91 68.96 42.72 38.9 75.8 55.87 70.33 89.87 94.4 14.87 92.27 21.26 55.95 88.09 44.94 12.37 55.95 99.01 51.86 60.21 62.94 0.0 36.5 30.81 35.9 12.37 71.34 51.09 87.3 
46.82 36.12 60.81 41.62 81.3 50.61 42.58 34.83 94.15 43.19 62.51 39.36 69.89 72.09 74.22 66.94 34.13 38.21 57.31 81.27 49.25 25.08 26.63 52.5 60.21 22.67 35.23 42.43 42.05 55.07 59.41 69.12 60.03 75.0 85.09 78.39 80.41 77.7 21.84 29.55 87.32 58.24 69.72 66.91 29.07 33.24 51.66 78.55 19.1 66.07 61.98 78.52 46.65 43.97 33.96 56.8 45.18 67.01 76.22 84.4 31.06 56.01 31.11 58.46 76.66 45.61 25.63 32.65 82.76 46.1 72.92 34.66 36.5 0.0 14.32 14.04 37.59 88.19 39.12 54.23 
38.01 33.11 57.45 27.66 69.23 38.47 31.78 31.3 86.83 49.82 50.96 25.06 55.66 63.51 63.69 56.46 35.36 36.4 45.61 74.97 36.01 18.87 16.12 56.08 57.71 21.38 24.17 48.51 29.27 48.1 53.91 55.11 47.17 60.88 70.84 69.64 66.61 63.51 27.89 33.02 79.81 62.07 56.14 55.66 28.64 40.02 38.29 69.46 19.85 52.35 48.26 66.71 40.36 29.83 20.1 49.04 33.53 54.23 66.65 73.74 20.4 63.56 18.36 44.55 66.31 31.58 18.44 26.4 74.33 33.14 58.6 32.31 30.81 14.32 0.0 5.1 27.46 73.93 27.51 56.57 
34.48 28.18 52.7 30.48 67.48 42.54 29.12 26.42 83.01 45.12 48.84 27.02 56.46 60.03 61.03 53.76 30.27 31.38 43.57 70.84 35.23 14.21 21.02 51.04 52.84 16.28 21.59 43.74 28.02 44.05 49.52 55.36 46.01 61.35 71.69 66.24 66.49 65.6 23.41 28.07 76.03 57.04 55.73 53.37 23.54 35.44 41.62 66.19 24.08 55.23 48.05 64.78 36.07 30.46 20.25 45.22 31.4 53.0 63.56 71.17 25.18 58.94 22.47 44.64 63.57 31.95 23.54 21.93 70.83 32.06 60.03 27.31 35.9 14.04 5.1 0.0 32.25 75.72 25.32 51.48 
55.47 57.71 80.01 18.36 74.63 14.76 46.65 55.73 102.62 77.28 60.14 22.67 49.03 78.41 74.28 67.9 62.0 61.52 55.15 92.96 41.77 43.29 11.4 83.02 81.04 48.01 40.72 75.95 39.2 67.08 74.32 51.55 52.2 55.32 62.13 83.74 63.6 48.66 55.32 60.3 95.6 89.02 55.95 65.12 55.01 67.47 20.1 82.88 24.41 34.21 48.3 73.24 61.1 31.24 29.15 66.73 45.8 58.52 79.25 83.1 7.07 91.01 11.7 43.83 77.1 33.42 12.73 49.24 88.73 41.04 48.04 57.43 12.37 37.59 27.46 32.25 0.0 59.84 41.68 83.05 
67.6 83.6 92.48 47.01 50.16 46.1 61.03 82.01 91.09 112.81 53.16 48.88 22.83 72.84 61.2 60.21 93.09 87.42 52.92 89.56 47.2 75.66 65.46 111.22 95.46 83.45 63.03 110.75 53.91 75.77 83.22 27.86 44.38 22.56 14.32 74.17 28.07 11.18 95.59 95.52 86.01 116.28 33.96 55.11 87.11 105.38 39.81 72.11 82.57 26.02 35.78 52.01 76.54 46.1 56.22 72.8 56.86 43.17 68.18 63.2 62.36 126.04 58.87 36.06 63.07 45.28 70.6 75.29 78.03 50.61 16.28 84.81 71.34 88.19 73.93 75.72 59.84 0.0 59.67 108.56 
13.93 24.19 40.2 27.46 42.19 43.74 5.0 22.47 61.55 53.15 23.54 21.38 37.48 37.48 36.25 29.07 33.42 28.18 18.25 51.31 12.81 17.46 34.66 52.33 42.01 25.06 4.12 51.09 5.83 25.63 33.24 34.41 21.59 40.8 52.01 43.28 43.86 51.62 37.59 36.12 54.49 57.78 32.7 28.16 27.59 46.1 38.01 42.8 46.53 46.57 26.08 39.46 21.02 16.28 12.53 25.06 6.08 28.28 39.66 46.24 36.4 66.4 30.23 24.08 38.91 15.81 40.36 15.62 48.17 9.22 43.42 25.24 51.09 39.12 27.51 25.32 41.68 59.67 0.0 50.33 
41.05 26.68 23.09 75.13 73.82 90.55 47.85 28.64 60.03 18.38 58.69 69.43 85.76 49.66 60.21 55.61 21.21 22.56 56.85 46.17 61.72 40.05 72.25 5.0 19.65 35.23 48.08 17.0 56.08 35.47 30.89 81.27 65.0 87.42 98.6 54.42 87.11 101.52 32.65 24.7 55.44 7.81 76.84 59.55 28.07 24.04 86.68 56.08 72.73 96.77 72.95 70.21 32.2 66.41 59.23 39.05 51.88 68.68 56.8 67.98 76.11 22.8 72.01 72.56 60.9 66.13 74.97 35.9 56.04 58.6 92.66 26.31 87.3 54.23 56.57 51.48 83.05 108.56 50.33 0.0 
