55
0.0 31.38 79.01 15.26 65.12 18.11 64.0 79.63 82.0 65.49 59.41 3.16 30.46 81.1 9.49 81.01 77.67 20.0 49.25 33.84 50.16 58.42 67.19 63.56 38.9 15.65 77.41 12.53 84.1 24.08 21.4 15.0 32.2 3.0 14.04 31.06 20.59 23.32 70.41 9.22 44.01 63.64 55.23 88.96 57.58 55.79 42.0 63.01 70.11 10.82 15.81 19.72 15.81 60.0 12.37 
31.38 0.0 54.12 16.12 39.85 25.08 40.31 52.35 53.04 38.83 33.24 34.48 4.12 55.32 25.0 56.61 49.0 39.0 24.6 3.16 19.42 32.28 41.48 35.06 10.77 20.1 50.64 21.59 58.25 14.32 40.01 27.02 3.16 34.0 21.4 1.41 10.82 8.06 42.05 34.21 22.67 36.67 30.08 61.07 27.29 27.07 21.93 39.81 44.64 20.59 36.12 11.66 15.65 36.67 19.85 
79.01 54.12 0.0 66.37 14.32 78.85 15.03 9.0 17.03 15.65 20.88 82.02 52.17 3.61 76.42 2.83 15.3 92.23 30.27 54.08 38.08 21.84 12.65 21.4 43.42 73.16 7.28 73.68 5.83 55.01 93.38 80.23 55.97 82.01 65.03 55.36 61.66 60.02 16.4 85.21 35.0 17.89 24.33 15.0 31.4 28.18 37.01 16.12 9.49 70.18 88.81 62.65 66.48 19.03 67.03 
15.26 16.12 66.37 0.0 52.15 14.87 51.62 66.03 67.74 52.0 46.01 18.36 15.52 68.12 10.05 68.59 63.51 26.25 36.12 18.6 35.11 45.01 54.08 49.37 24.33 8.49 64.0 7.62 71.11 12.53 27.51 14.76 17.03 17.89 9.06 15.81 5.39 8.06 56.32 19.03 31.78 50.01 42.11 75.17 42.72 41.44 30.08 50.8 57.14 4.47 22.56 4.47 1.0 47.68 5.1 
65.12 39.85 14.32 52.15 0.0 64.54 4.12 15.23 20.52 4.0 6.71 68.18 37.85 16.0 62.2 16.76 16.28 77.93 16.03 39.92 24.84 7.62 2.24 10.44 29.12 58.86 12.65 59.41 19.0 41.05 79.08 65.92 41.79 68.12 51.24 41.11 47.38 45.71 10.77 71.06 21.21 5.39 10.05 24.7 19.42 14.87 23.35 5.39 5.0 56.04 74.55 48.37 52.24 6.4 53.01 
18.11 25.08 78.85 14.87 64.54 0.0 64.56 77.41 78.0 63.79 58.05 19.65 26.68 80.23 9.06 81.25 74.03 14.14 48.76 26.02 44.05 57.07 66.29 60.13 35.51 6.4 75.66 8.06 83.19 27.2 15.03 3.61 24.02 18.68 22.47 24.02 17.89 18.97 67.12 13.6 45.31 61.66 54.57 86.15 52.04 52.15 43.86 63.89 69.43 13.89 12.08 17.0 14.21 60.73 18.03 
64.0 40.31 15.03 51.62 4.12 64.56 0.0 18.03 24.08 8.06 8.6 67.01 37.95 17.46 61.66 17.03 20.0 77.67 15.81 40.71 26.91 9.22 5.83 14.14 29.55 58.69 15.26 59.03 20.4 40.05 78.85 65.73 42.49 67.0 50.01 41.63 47.07 45.61 14.87 70.35 20.02 9.06 10.3 27.29 22.36 17.2 22.0 1.41 7.21 55.33 74.15 48.05 51.79 4.0 52.09 
79.63 52.35 9.0 66.03 15.23 77.41 18.03 0.0 8.06 14.14 20.22 82.73 51.04 6.32 76.01 11.18 6.71 91.2 30.41 51.79 34.48 21.21 13.0 17.46 42.05 72.11 2.83 73.01 7.81 55.58 92.27 79.16 53.76 82.61 65.92 53.46 61.0 59.03 10.77 85.05 36.14 16.03 24.52 9.49 26.93 25.32 38.33 19.42 10.82 70.11 88.05 62.0 66.01 21.47 67.36 
82.0 53.04 17.03 67.74 20.52 78.0 24.08 8.06 0.0 18.03 23.71 85.15 52.35 14.04 77.52 19.03 4.47 92.02 33.62 52.01 34.06 24.6 18.38 18.44 43.42 73.11 10.44 74.33 14.56 58.24 93.01 80.06 54.01 84.93 68.68 54.01 62.51 60.3 11.7 86.7 39.81 19.24 28.18 9.43 26.08 26.31 42.05 25.5 17.2 72.01 89.14 63.51 67.6 26.91 69.63 
65.49 38.83 15.65 52.0 4.0 63.79 8.06 14.14 18.03 0.0 6.08 68.59 37.22 16.49 62.01 18.36 13.6 77.41 16.28 38.6 22.47 7.07 3.61 6.71 28.28 58.31 12.0 59.08 19.42 41.44 78.52 65.38 40.52 68.47 51.79 40.02 47.04 45.18 7.21 71.01 22.14 2.24 10.44 23.54 16.28 12.53 24.35 9.22 6.4 56.04 74.17 48.04 52.01 9.43 53.24 
59.41 33.24 20.88 46.01 6.71 58.05 8.6 20.22 23.71 6.08 0.0 62.51 31.4 22.2 56.04 23.41 19.24 71.57 10.2 33.24 18.38 1.0 8.25 7.62 22.56 52.47 18.03 53.15 25.18 35.36 72.69 59.54 35.11 62.39 45.71 34.48 41.11 39.32 12.21 65.0 16.16 4.47 4.47 29.61 13.93 8.6 18.38 8.94 11.4 50.01 68.26 42.11 46.04 7.07 47.17 
3.16 34.48 82.02 18.36 68.18 19.65 67.01 82.73 85.15 68.59 62.51 0.0 33.62 84.15 11.66 84.0 80.81 19.24 52.35 36.89 53.31 61.52 70.26 66.71 42.06 18.03 80.5 15.0 87.14 27.17 20.59 16.28 35.23 1.0 17.0 34.13 23.71 26.42 73.55 8.54 47.04 66.75 58.31 92.07 60.75 58.94 45.01 66.0 73.17 13.89 15.23 22.83 18.87 63.01 15.52 
30.46 4.12 52.17 15.52 37.85 26.68 37.95 51.04 52.35 37.22 31.4 33.62 0.0 53.6 25.18 54.57 48.17 40.2 22.14 7.0 19.7 30.41 39.62 34.06 9.0 21.1 49.16 22.02 56.57 10.77 41.3 28.16 7.28 33.24 19.1 5.39 10.2 8.0 41.05 34.37 19.42 35.13 27.89 60.01 27.2 26.08 18.44 37.34 42.76 19.92 37.01 11.18 15.3 34.18 18.36 
81.1 55.32 3.61 68.12 16.0 80.23 17.46 6.32 14.04 16.49 22.2 84.15 53.6 0.0 78.16 5.0 13.0 93.77 32.02 55.08 38.48 23.19 14.04 21.47 44.72 74.67 5.66 75.33 3.0 57.04 94.89 81.74 57.01 84.1 67.19 56.52 63.29 61.52 15.62 87.05 37.12 18.68 26.02 11.4 31.38 28.79 39.2 18.68 11.0 72.03 90.45 64.28 68.18 21.38 69.01 
9.49 25.0 76.42 10.05 62.2 9.06 61.66 76.01 77.52 62.01 56.04 11.66 25.18 78.16 0.0 78.64 73.33 16.55 46.17 26.93 44.38 55.04 64.12 59.21 34.13 6.4 74.01 3.61 81.15 22.14 17.89 6.71 25.08 10.82 14.87 24.35 15.03 17.26 66.19 9.22 41.77 60.0 52.15 85.09 52.17 51.24 40.02 60.83 67.19 6.71 12.65 14.04 10.0 57.71 10.82 
81.01 56.61 2.83 68.59 16.76 81.25 17.03 11.18 19.03 18.36 23.41 84.0 54.57 5.0 78.64 0.0 17.72 94.54 32.56 56.65 40.82 24.35 15.23 24.21 45.88 75.5 9.85 75.95 5.83 57.08 95.71 82.57 58.52 84.01 67.0 57.87 63.95 62.37 19.21 87.37 37.05 20.59 26.68 15.65 34.21 30.89 39.01 18.0 12.08 72.34 91.08 64.94 68.73 21.02 69.12 
77.67 49.0 15.3 63.51 16.28 74.03 20.0 6.71 4.47 13.6 19.24 80.81 48.17 13.0 73.33 17.72 0.0 88.0 29.15 48.09 30.27 20.12 14.21 14.14 39.2 69.03 8.06 70.18 14.42 53.85 89.01 76.01 50.09 80.6 64.29 50.01 58.31 56.14 7.28 82.49 35.34 14.76 23.71 12.37 22.36 22.09 37.58 21.4 13.42 67.74 85.05 59.3 63.39 22.63 65.31 
20.0 39.0 92.23 26.25 77.93 14.14 77.67 91.2 92.02 77.41 71.57 19.24 40.2 93.77 16.55 94.54 88.0 0.0 61.98 40.11 58.14 70.58 79.76 74.03 49.16 19.1 89.36 18.68 96.75 38.63 1.41 12.04 38.12 18.36 31.06 38.01 30.59 32.25 81.02 10.82 57.97 75.33 67.9 100.04 66.12 66.03 56.32 76.9 82.87 23.26 4.24 29.61 25.96 73.76 27.29 
49.25 24.6 30.27 36.12 16.03 48.76 15.81 30.41 33.62 16.28 10.2 52.35 22.14 32.02 46.17 32.56 29.15 61.98 0.0 25.24 15.3 9.22 18.0 15.81 13.89 42.95 28.16 43.42 35.01 25.18 63.15 50.01 26.93 52.24 35.51 25.94 31.4 29.83 21.93 55.04 6.4 14.56 6.0 39.81 15.81 10.3 8.6 15.23 21.02 40.01 58.55 32.39 36.22 12.08 37.05 
33.84 3.16 54.08 18.6 39.92 26.02 40.71 51.79 52.01 38.6 33.24 36.89 7.0 55.08 26.93 56.65 48.09 40.11 25.24 0.0 18.03 32.31 41.44 34.37 11.4 21.59 50.22 23.41 57.97 17.46 41.05 28.28 2.0 36.36 24.41 2.83 13.45 10.63 41.3 36.06 24.08 36.4 30.41 60.3 26.02 26.48 23.6 40.31 44.6 23.02 37.48 14.21 18.03 37.22 22.63 
50.16 19.42 38.08 35.11 24.84 44.05 26.91 34.48 34.06 22.47 18.38 53.31 19.7 38.48 44.38 40.82 30.27 58.14 15.3 18.03 0.0 17.69 25.81 17.09 12.04 39.46 33.24 41.0 41.23 28.43 59.08 46.27 20.02 52.92 38.28 20.22 29.73 27.2 23.77 53.6 19.1 20.25 17.49 42.58 8.0 10.0 20.4 27.02 28.84 39.56 55.44 30.68 34.79 24.41 38.01 
58.42 32.28 21.84 45.01 7.62 57.07 9.22 21.21 24.6 7.07 1.0 61.52 30.41 23.19 55.04 24.35 20.12 70.58 9.22 32.31 17.69 0.0 9.22 8.06 21.59 51.48 19.03 52.15 26.17 34.37 71.7 58.55 34.18 61.4 44.72 33.53 40.11 38.33 13.04 64.0 15.23 5.39 3.61 30.59 13.6 8.06 17.46 9.43 12.37 49.01 67.27 41.11 45.04 7.28 46.17 
67.19 41.48 12.65 54.08 2.24 66.29 5.83 13.0 18.38 3.61 8.25 70.26 39.62 14.04 64.12 15.23 14.21 79.76 18.0 41.44 25.81 9.22 0.0 10.3 30.81 60.67 10.44 61.29 17.03 43.1 80.89 67.74 43.32 70.18 53.34 42.72 49.25 47.52 9.22 73.03 23.35 5.66 12.0 22.47 19.85 15.81 25.5 7.21 3.16 58.01 76.42 50.25 54.15 8.6 55.04 
63.56 35.06 21.4 49.37 10.44 60.13 14.14 17.46 18.44 6.71 7.62 66.71 34.06 21.47 59.21 24.21 14.14 74.03 15.81 34.37 17.09 8.06 10.3 0.0 25.08 55.0 16.16 56.08 24.17 39.85 75.06 62.01 36.35 66.49 50.29 36.12 44.18 42.05 7.0 68.36 22.2 5.1 11.4 26.02 10.0 8.0 24.41 15.03 12.81 53.6 71.01 45.18 49.25 14.14 51.2 
38.9 10.77 43.42 24.33 29.12 35.51 29.55 42.05 43.42 28.28 22.56 42.06 9.0 44.72 34.13 45.88 39.2 49.16 13.89 11.4 12.04 21.59 30.81 25.08 0.0 30.07 40.2 31.02 47.68 16.4 50.25 37.12 13.04 41.76 26.42 12.08 19.1 17.0 32.06 43.29 13.04 26.17 19.31 51.01 18.79 17.12 13.0 29.07 33.96 28.64 46.01 20.1 24.19 25.94 26.57 
15.65 20.1 73.16 8.49 58.86 6.4 58.69 72.11 73.11 58.31 52.47 18.03 21.1 74.67 6.4 75.5 69.03 19.1 42.95 21.59 39.46 51.48 60.67 55.0 30.07 0.0 70.26 3.16 77.65 20.81 20.22 7.07 19.65 17.2 16.55 19.24 11.7 13.15 62.0 14.76 39.22 56.22 48.84 81.01 47.38 47.0 37.7 57.97 63.79 8.25 16.03 10.77 7.81 54.82 12.08 
77.41 50.64 7.28 64.0 12.65 75.66 15.26 2.83 10.44 12.0 18.03 80.5 49.16 5.66 74.01 9.85 8.06 89.36 28.16 50.22 33.24 19.03 10.44 16.16 40.2 70.26 0.0 71.06 8.06 53.34 90.45 77.32 52.17 80.4 63.64 51.79 59.03 57.14 10.0 83.01 33.73 14.04 22.2 12.08 25.94 23.77 35.9 16.64 8.06 68.03 86.15 60.03 64.01 18.79 65.19 
12.53 21.59 73.68 7.62 59.41 8.06 59.03 73.01 74.33 59.08 53.15 15.0 22.02 75.33 3.61 75.95 70.18 18.68 43.42 23.41 41.0 52.15 61.29 56.08 31.02 3.16 71.06 0.0 78.31 20.12 19.92 7.21 21.54 14.21 14.42 20.88 12.04 14.04 63.07 12.65 39.29 57.04 49.37 82.02 48.84 48.09 37.64 58.25 64.38 5.83 15.13 11.05 7.28 55.11 10.0 
84.1 58.25 5.83 71.11 19.0 83.19 20.4 7.81 14.56 19.42 25.18 87.14 56.57 3.0 81.15 5.83 14.42 96.75 35.01 57.97 41.23 26.17 17.03 24.17 47.68 77.65 8.06 78.31 0.0 60.03 97.87 84.72 59.91 87.09 70.18 59.44 66.27 64.5 18.03 90.05 40.11 21.59 29.02 9.85 34.0 31.62 42.19 21.59 14.0 75.03 93.43 67.27 71.18 24.33 72.01 
24.08 14.32 55.01 12.53 41.05 27.2 40.05 55.58 58.24 41.44 35.36 27.17 10.77 57.04 22.14 57.08 53.85 38.63 25.18 17.46 28.43 34.37 43.1 39.85 16.4 20.81 53.34 20.12 60.03 0.0 39.92 27.29 17.12 27.07 10.44 15.13 10.0 10.77 46.57 30.41 20.02 39.62 31.14 64.94 34.99 32.31 18.11 39.12 46.04 15.52 34.79 10.63 13.04 36.06 12.04 
21.4 40.01 93.38 27.51 79.08 15.03 78.85 92.27 93.01 78.52 72.69 20.59 41.3 94.89 17.89 95.71 89.01 1.41 63.15 41.05 59.08 71.7 80.89 75.06 50.25 20.22 90.45 19.92 97.87 39.92 0.0 13.15 39.05 19.72 32.45 39.0 31.78 33.38 82.05 12.21 59.2 76.42 69.05 101.08 67.07 67.07 57.57 78.1 84.01 24.6 5.66 30.81 27.2 74.95 28.65 
15.0 27.02 80.23 14.76 65.92 3.61 65.73 79.16 80.06 65.38 59.54 16.28 28.16 81.74 6.71 82.57 76.01 12.04 50.01 28.28 46.27 58.55 67.74 62.01 37.12 7.07 77.32 7.21 84.72 27.29 13.15 0.0 26.31 15.3 21.26 26.08 18.68 20.22 69.01 10.0 46.17 63.29 55.9 88.02 54.23 54.01 44.6 65.0 70.86 12.73 9.22 17.72 14.32 61.85 16.97 
32.2 3.16 55.97 17.03 41.79 24.02 42.49 53.76 54.01 40.52 35.11 35.23 7.28 57.01 25.08 58.52 50.09 38.12 26.93 2.0 20.02 34.18 43.32 36.35 13.04 19.65 52.17 21.54 59.91 17.12 39.05 26.31 0.0 34.67 23.32 2.0 12.04 9.22 43.29 34.18 25.46 38.33 32.2 62.29 28.02 28.44 24.84 42.06 46.49 21.4 35.51 12.73 16.4 38.95 21.26 
3.0 34.0 82.01 17.89 68.12 18.68 67.0 82.61 84.93 68.47 62.39 1.0 33.24 84.1 10.82 84.01 80.6 18.36 52.24 36.36 52.92 61.4 70.18 66.49 41.76 17.2 80.4 14.21 87.09 27.07 19.72 15.3 34.67 0.0 17.03 33.62 23.26 25.94 73.35 7.62 47.01 66.61 58.22 91.92 60.41 58.69 45.0 66.01 73.11 13.42 14.32 22.36 18.36 63.0 15.3 
14.04 21.4 65.03 9.06 51.24 22.47 50.01 65.92 68.68 51.79 45.71 17.0 19.1 67.19 14.87 67.0 64.29 31.06 35.51 24.41 38.28 44.72 53.34 50.29 26.42 16.55 63.64 14.42 70.18 10.44 32.45 21.26 23.32 17.03 0.0 21.63 11.7 14.32 57.01 21.54 30.07 50.01 41.44 75.31 45.18 42.72 28.02 49.0 56.22 8.6 26.93 11.4 10.05 46.01 4.47 
31.06 1.41 55.36 15.81 41.11 24.02 41.63 53.46 54.01 40.02 34.48 34.13 5.39 56.52 24.35 57.87 50.01 38.01 25.94 2.83 20.22 33.53 42.72 36.12 12.08 19.24 51.79 20.88 59.44 15.13 39.0 26.08 2.0 33.62 21.63 0.0 10.63 7.81 43.1 33.53 24.08 37.85 31.38 62.13 28.16 28.16 23.35 41.15 45.88 20.25 35.23 11.4 15.26 38.01 19.8 
20.59 10.82 61.66 5.39 47.38 17.89 47.07 61.0 62.51 47.04 41.11 23.71 10.2 63.29 15.03 63.95 58.31 30.59 31.4 13.45 29.73 40.11 49.25 44.18 19.1 11.7 59.03 12.04 66.27 10.0 31.78 18.68 12.04 23.26 11.7 10.63 0.0 2.83 51.16 24.19 27.51 45.01 37.34 70.06 37.36 36.22 26.0 46.32 52.35 9.85 27.17 1.0 5.1 43.17 9.22 
23.32 8.06 60.02 8.06 45.71 18.97 45.61 59.03 60.3 45.18 39.32 26.42 8.0 61.52 17.26 62.37 56.14 32.25 29.83 10.63 27.2 38.33 47.52 42.05 17.0 13.15 57.14 14.04 64.5 10.77 33.38 20.22 9.22 25.94 14.32 7.81 2.83 0.0 49.04 26.48 26.4 43.1 35.69 68.01 34.93 34.06 25.06 44.92 50.64 12.53 29.02 3.61 7.62 41.76 12.04 
70.41 42.05 16.4 56.32 10.77 67.12 14.87 10.77 11.7 7.21 12.21 73.55 41.05 15.62 66.19 19.21 7.28 81.02 21.93 41.3 23.77 13.04 9.22 7.0 32.06 62.0 10.0 63.07 18.03 46.57 82.05 69.01 43.29 73.35 57.01 43.1 51.16 49.04 0.0 75.33 28.18 7.81 16.64 19.03 16.16 15.0 30.41 16.16 10.05 60.53 78.01 52.15 56.22 16.64 58.05 
9.22 34.21 85.21 19.03 71.06 13.6 70.35 85.05 86.7 71.01 65.0 8.54 34.37 87.05 9.22 87.37 82.49 10.82 55.04 36.06 53.6 64.0 73.03 68.36 43.29 14.76 83.01 12.65 90.05 30.41 12.21 10.0 34.18 7.62 21.54 33.53 24.19 26.48 75.33 0.0 50.36 69.03 61.03 94.19 61.39 60.41 48.51 69.46 76.06 15.03 6.71 23.19 19.1 66.37 18.44 
44.01 22.67 35.0 31.78 21.21 45.31 20.02 36.14 39.81 22.14 16.16 47.04 19.42 37.12 41.77 37.05 35.34 57.97 6.4 24.08 19.1 15.23 23.35 22.2 13.04 39.22 33.73 39.29 40.11 20.02 59.2 46.17 25.46 47.01 30.07 24.08 27.51 26.4 28.18 50.36 0.0 20.62 11.7 45.61 21.47 16.4 2.24 19.1 26.17 35.36 54.34 28.46 32.02 16.03 32.06 
63.64 36.67 17.89 50.01 5.39 61.66 9.06 16.03 19.24 2.24 4.47 66.75 35.13 18.68 60.0 20.59 14.76 75.33 14.56 36.4 20.25 5.39 5.66 5.1 26.17 56.22 14.04 57.04 21.59 39.62 76.42 63.29 38.33 66.61 50.01 37.85 45.01 43.1 7.81 69.03 20.62 0.0 8.94 25.32 14.21 10.3 22.85 10.0 8.6 54.08 72.11 46.01 50.0 9.49 51.35 
55.23 30.08 24.33 42.11 10.05 54.57 10.3 24.52 28.18 10.44 4.47 58.31 27.89 26.02 52.15 26.68 23.71 67.9 6.0 30.41 17.49 3.61 12.0 11.4 19.31 48.84 22.2 49.37 29.02 31.14 69.05 55.9 32.2 58.22 41.44 31.38 37.34 35.69 16.64 61.03 11.7 8.94 0.0 33.96 15.03 9.06 13.93 10.0 15.03 46.01 64.5 38.33 42.19 7.07 43.05 
88.96 61.07 15.0 75.17 24.7 86.15 27.29 9.49 9.43 23.54 29.61 92.07 60.01 11.4 85.09 15.65 12.37 100.04 39.81 60.3 42.58 30.59 22.47 26.02 51.01 81.01 12.08 82.02 9.85 64.94 101.08 88.02 62.29 91.92 75.31 62.13 70.06 68.01 19.03 94.19 45.61 25.32 33.96 0.0 34.71 34.01 47.8 28.65 20.12 79.31 97.0 71.06 75.11 30.87 76.66 
57.58 27.29 31.4 42.72 19.42 52.04 22.36 26.93 26.08 16.28 13.93 60.75 27.2 31.38 52.17 34.21 22.36 66.12 15.81 26.02 8.0 13.6 19.85 10.0 18.79 47.38 25.94 48.84 34.0 34.99 67.07 54.23 28.02 60.41 45.18 28.16 37.36 34.93 16.16 61.39 21.47 14.21 15.03 34.71 0.0 6.0 23.32 22.85 22.63 47.13 63.39 38.33 42.45 20.88 45.31 
55.79 27.07 28.18 41.44 14.87 52.15 17.2 25.32 26.31 12.53 8.6 58.94 26.08 28.79 51.24 30.89 22.09 66.03 10.3 26.48 10.0 8.06 15.81 8.0 17.12 47.0 23.77 48.09 31.62 32.31 67.07 54.01 28.44 58.69 42.72 28.16 36.22 34.06 15.0 60.41 16.4 10.3 9.06 34.01 6.0 0.0 18.44 17.49 18.87 45.71 63.01 37.22 41.3 15.23 43.42 
42.0 21.93 37.01 30.08 23.35 43.86 22.0 38.33 42.05 24.35 18.38 45.01 18.44 39.2 40.02 39.01 37.58 56.32 8.6 23.6 20.4 17.46 25.5 24.41 13.0 37.7 35.9 37.64 42.19 18.11 57.57 44.6 24.84 45.0 28.02 23.35 26.0 25.06 30.41 48.51 2.24 22.85 13.93 47.8 23.32 18.44 0.0 21.02 28.28 33.54 52.63 26.93 30.36 18.0 30.15 
63.01 39.81 16.12 50.8 5.39 63.89 1.41 19.42 25.5 9.22 8.94 66.0 37.34 18.68 60.83 18.0 21.4 76.9 15.23 40.31 27.02 9.43 7.21 15.03 29.07 57.97 16.64 58.25 21.59 39.12 78.1 65.0 42.06 66.01 49.0 41.15 46.32 44.92 16.16 69.46 19.1 10.0 10.0 28.65 22.85 17.49 21.02 0.0 8.6 54.45 73.35 47.3 50.99 3.16 51.16 
70.11 44.64 9.49 57.14 5.0 69.43 7.21 10.82 17.2 6.4 11.4 73.17 42.76 11.0 67.19 12.08 13.42 82.87 21.02 44.6 28.84 12.37 3.16 12.81 33.96 63.79 8.06 64.38 14.0 46.04 84.01 70.86 46.49 73.11 56.22 45.88 52.35 50.64 10.05 76.06 26.17 8.6 15.03 20.12 22.63 18.87 28.28 8.6 0.0 61.03 79.51 53.34 57.22 10.77 58.01 
10.82 20.59 70.18 4.47 56.04 13.89 55.33 70.11 72.01 56.04 50.01 13.89 19.92 72.03 6.71 72.34 67.74 23.26 40.01 23.02 39.56 49.01 58.01 53.6 28.64 8.25 68.03 5.83 75.03 15.52 24.6 12.73 21.4 13.42 8.6 20.25 9.85 12.53 60.53 15.03 35.36 54.08 46.01 79.31 47.13 45.71 33.54 54.45 61.03 0.0 19.31 8.94 5.0 51.35 4.24 
15.81 36.12 88.81 22.56 74.55 12.08 74.15 88.05 89.14 74.17 68.26 15.23 37.01 90.45 12.65 91.08 85.05 4.24 58.55 37.48 55.44 67.27 76.42 71.01 46.01 16.03 86.15 15.13 93.43 34.79 5.66 9.22 35.51 14.32 26.93 35.23 27.17 29.02 78.01 6.71 54.34 72.11 64.5 97.0 63.39 63.01 52.63 73.35 79.51 19.31 0.0 26.17 22.36 70.21 23.26 
19.72 11.66 62.65 4.47 48.37 17.0 48.05 62.0 63.51 48.04 42.11 22.83 11.18 64.28 14.04 64.94 59.3 29.61 32.39 14.21 30.68 41.11 50.25 45.18 20.1 10.77 60.03 11.05 67.27 10.63 30.81 17.72 12.73 22.36 11.4 11.4 1.0 3.61 52.15 23.19 28.46 46.01 38.33 71.06 38.33 37.22 26.93 47.3 53.34 8.94 26.17 0.0 4.12 44.15 8.6 
15.81 15.65 66.48 1.0 52.24 14.21 51.79 66.01 67.6 52.01 46.04 18.87 15.3 68.18 10.0 68.73 63.39 25.96 36.22 18.03 34.79 45.04 54.15 49.25 24.19 7.81 64.01 7.28 71.18 13.04 27.2 14.32 16.4 18.36 10.05 15.26 5.1 7.62 56.22 19.1 32.02 50.0 42.19 75.11 42.45 41.3 30.36 50.99 57.22 5.0 22.36 4.12 0.0 47.85 6.08 
60.0 36.67 19.03 47.68 6.4 60.73 4.0 21.47 26.91 9.43 7.07 63.01 34.18 21.38 57.71 21.02 22.63 73.76 12.08 37.22 24.41 7.28 8.6 14.14 25.94 54.82 18.79 55.11 24.33 36.06 74.95 61.85 38.95 63.0 46.01 38.01 43.17 41.76 16.64 66.37 16.03 9.49 7.07 30.87 20.88 15.23 18.0 3.16 10.77 51.35 70.21 44.15 47.85 0.0 48.09 
12.37 19.85 67.03 5.1 53.01 18.03 52.09 67.36 69.63 53.24 47.17 15.52 18.36 69.01 10.82 69.12 65.31 27.29 37.05 22.63 38.01 46.17 55.04 51.2 26.57 12.08 65.19 10.0 72.01 12.04 28.65 16.97 21.26 15.3 4.47 19.8 9.22 12.04 58.05 18.44 32.06 51.35 43.05 76.66 45.31 43.42 30.15 51.16 58.01 4.24 23.26 8.6 6.08 48.09 0.0 
