30
0.0 11.31 24.04 45.61 13.89 27.78 40.01 25.96 24.02 16.16 37.16 17.09 18.44 42.01 46.65 30.41 21.93 26.08 42.06 31.4 17.0 28.84 35.51 48.01 9.0 30.36 21.21 39.6 48.76 38.48 
11.31 0.0 15.03 36.22 4.12 17.09 32.76 17.03 17.46 7.28 26.93 8.25 10.77 34.71 35.78 19.92 12.04 15.23 32.39 20.25 12.04 17.89 27.07 36.89 8.06 21.02 9.9 28.28 38.08 28.16 
24.04 15.03 0.0 38.6 16.76 7.07 39.66 24.08 6.08 18.79 28.16 19.24 21.95 41.34 33.02 8.06 19.1 7.07 34.48 18.44 9.22 18.38 32.76 32.39 23.09 6.32 11.31 21.59 36.0 28.86 
45.61 36.22 38.6 0.0 32.39 32.31 11.7 19.65 44.64 29.61 10.44 28.64 27.2 11.18 12.65 33.54 24.19 31.62 4.12 20.25 44.28 20.4 10.82 16.76 37.0 38.91 29.15 22.63 11.05 9.85 
13.89 4.12 16.76 32.39 0.0 17.12 28.64 13.0 20.25 3.16 23.41 4.12 6.71 30.59 32.76 20.1 8.25 15.13 28.64 17.69 15.62 15.0 23.02 34.21 7.62 22.2 8.54 26.4 34.89 24.7 
27.78 17.09 7.07 32.31 17.12 0.0 34.71 20.25 13.0 18.03 21.93 18.11 20.4 36.24 26.0 3.0 16.16 2.0 28.23 12.08 15.65 12.81 27.66 25.32 24.52 7.07 9.06 14.56 29.02 22.47 
40.01 32.76 39.66 11.7 28.64 34.71 0.0 16.16 45.28 25.5 15.23 24.52 22.2 2.0 23.0 36.77 21.54 33.42 12.0 23.43 43.08 21.93 7.07 27.02 31.02 41.77 28.65 29.55 22.2 15.81 
25.96 17.03 24.08 19.65 13.0 20.25 16.16 0.0 29.41 10.05 12.04 9.06 7.62 18.03 22.67 22.83 5.39 18.6 16.16 12.0 26.93 9.06 10.05 25.24 17.46 27.2 12.81 21.21 24.08 13.45 
24.02 17.46 6.08 44.64 20.25 13.0 45.28 29.41 0.0 22.8 34.21 23.43 26.25 47.01 39.0 13.34 24.21 13.15 40.52 24.52 7.07 24.35 38.47 38.21 25.3 9.43 16.64 27.29 42.01 34.93 
16.16 7.28 18.79 29.61 3.16 18.03 25.5 10.05 22.8 0.0 21.02 1.0 3.61 27.46 30.81 21.02 5.83 16.03 25.96 16.4 18.6 13.45 20.0 32.56 8.49 23.77 9.0 25.55 32.76 22.36 
37.16 26.93 28.16 10.44 23.41 21.93 15.23 12.04 34.21 21.02 0.0 20.12 19.42 16.12 10.82 23.32 15.23 21.19 6.32 9.85 34.06 10.05 9.06 13.93 29.15 28.65 19.0 14.32 12.04 1.41 
17.09 8.25 19.24 28.64 4.12 18.11 24.52 9.06 23.43 1.0 20.12 0.0 2.83 26.48 30.0 21.1 5.0 16.12 25.0 15.81 19.42 12.81 19.0 31.83 9.22 24.04 9.06 25.06 31.91 21.47 
18.44 10.77 21.95 27.2 6.71 20.4 22.2 7.62 26.25 3.61 19.42 2.83 0.0 24.19 29.73 23.35 5.39 18.44 23.77 16.55 22.2 13.42 17.12 31.89 9.85 26.57 11.4 26.0 31.4 20.81 
42.01 34.71 41.34 11.18 30.59 36.24 2.0 18.03 47.01 27.46 16.12 26.48 24.19 0.0 23.09 38.21 23.41 35.0 12.17 24.76 44.94 23.43 8.6 27.17 33.02 43.28 30.41 30.41 22.02 16.55 
46.65 35.78 33.02 12.65 32.76 26.0 23.0 22.67 39.0 30.81 10.82 30.0 29.73 23.09 0.0 26.17 25.0 26.08 11.0 15.81 40.61 17.89 18.68 4.12 39.2 31.4 26.57 12.65 3.16 9.43 
30.41 19.92 8.06 33.54 20.1 3.0 36.77 22.83 13.34 21.02 23.32 21.1 23.35 38.21 26.17 0.0 18.97 5.0 29.53 13.6 17.2 14.87 29.7 25.02 27.46 5.39 12.04 14.04 29.27 23.71 
21.93 12.04 19.1 24.19 8.25 16.16 21.54 5.39 24.21 5.83 15.23 5.0 5.39 23.41 25.0 18.97 0.0 14.32 20.4 11.18 21.54 8.06 15.3 26.87 14.21 22.83 7.81 20.62 26.93 16.55 
26.08 15.23 7.07 31.62 15.13 2.0 33.42 18.6 13.15 16.03 21.19 16.12 18.44 35.0 26.08 5.0 14.32 0.0 27.51 11.4 14.87 11.66 26.4 25.71 22.56 8.6 7.07 15.23 29.02 21.84 
42.06 32.39 34.48 4.12 28.64 28.23 12.0 16.16 40.52 25.96 6.32 25.0 23.77 12.17 11.0 29.53 20.4 27.51 0.0 16.16 40.2 16.28 8.6 15.03 33.62 34.89 25.08 19.21 10.44 5.83 
31.4 20.25 18.44 20.25 17.69 12.08 23.43 12.0 24.52 16.4 9.85 15.81 16.55 24.76 15.81 13.6 11.18 11.4 16.16 0.0 25.08 3.16 16.4 16.64 24.84 18.87 10.77 9.49 18.44 10.44 
17.0 12.04 9.22 44.28 15.62 15.65 43.08 26.93 7.07 18.6 34.06 19.42 22.2 44.94 40.61 17.2 21.54 14.87 40.2 25.08 0.0 24.02 36.69 40.52 19.24 15.0 15.13 30.08 43.42 35.01 
28.84 17.89 18.38 20.4 15.0 12.81 21.93 9.06 24.35 13.45 10.05 12.81 13.42 23.43 17.89 14.87 8.06 11.66 16.28 3.16 24.02 0.0 14.87 19.21 21.93 19.85 9.06 12.65 20.25 11.0 
35.51 27.07 32.76 10.82 23.02 27.66 7.07 10.05 38.47 20.0 9.06 19.0 17.12 8.6 18.68 29.7 15.3 26.4 8.6 16.4 36.69 14.87 0.0 22.36 26.68 34.71 21.93 23.09 18.79 10.0 
48.01 36.89 32.39 16.76 34.21 25.32 27.02 25.24 38.21 32.56 13.93 31.83 31.89 27.17 4.12 25.02 26.87 25.71 15.03 16.64 40.52 19.21 22.36 0.0 41.04 30.02 27.29 11.0 6.4 12.65 
9.0 8.06 23.09 37.0 7.62 24.52 31.02 17.46 25.3 8.49 29.15 9.22 9.85 33.02 39.2 27.46 14.21 22.56 33.62 24.84 19.24 21.93 26.68 41.04 0.0 29.0 16.16 33.84 41.05 30.53 
30.36 21.02 6.32 38.91 22.2 7.07 41.77 27.2 9.43 23.77 28.65 24.04 26.57 43.28 31.4 5.39 22.83 8.6 34.89 18.87 15.0 19.85 34.71 30.02 29.0 0.0 15.23 19.03 34.53 29.07 
21.21 9.9 11.31 29.15 8.54 9.06 28.65 12.81 16.64 9.0 19.0 9.06 11.4 30.41 26.57 12.04 7.81 7.07 25.08 10.77 15.13 9.06 21.93 27.29 16.16 15.23 0.0 18.38 29.12 20.02 
39.6 28.28 21.59 22.63 26.4 14.56 29.55 21.21 27.29 25.55 14.32 25.06 26.0 30.41 12.65 14.04 20.62 15.23 19.21 9.49 30.08 12.65 23.09 11.0 33.84 19.03 18.38 0.0 15.81 13.89 
48.76 38.08 36.0 11.05 34.89 29.02 22.2 24.08 42.01 32.76 12.04 31.91 31.4 22.02 3.16 29.27 26.93 29.02 10.44 18.44 43.42 20.25 18.79 6.4 41.05 34.53 29.12 15.81 0.0 10.63 
38.48 28.16 28.86 9.85 24.7 22.47 15.81 13.45 34.93 22.36 1.41 21.47 20.81 16.55 9.43 23.71 16.55 21.84 5.83 10.44 35.01 11.0 10.0 12.65 30.53 29.07 20.02 13.89 10.63 0.0 
