60
0.0 52.04 22.67 24.21 72.78 95.6 108.17 87.05 27.07 39.22 97.25 47.52 71.28 108.85 71.02 68.48 69.46 50.64 42.01 87.09 100.12 78.19 61.72 83.38 54.67 104.55 35.51 37.66 46.82 101.24 57.14 28.65 37.12 79.91 76.01 77.16 51.79 64.33 33.62 25.5 88.01 77.52 17.46 87.37 84.86 61.85 62.59 86.33 82.22 70.72 51.43 15.23 45.35 29.12 9.9 29.15 30.08 38.08 20.22 16.16 
52.04 0.0 41.59 35.47 26.17 46.65 69.34 58.25 59.51 21.21 45.28 74.2 58.25 61.61 22.8 61.03 19.72 65.12 64.82 51.08 48.09 33.42 46.57 31.58 43.46 55.01 18.79 57.01 55.32 52.48 29.27 31.38 24.21 55.15 40.8 25.18 7.07 18.6 25.81 30.36 53.49 27.31 61.68 35.51 39.62 22.56 18.36 39.05 35.38 37.66 21.84 59.23 12.04 65.39 45.28 55.95 27.29 45.28 52.2 37.85 
22.67 41.59 0.0 32.25 56.01 88.19 107.49 90.43 47.17 22.36 85.44 67.68 80.01 102.93 55.23 79.08 54.74 67.36 60.64 87.21 87.8 73.41 68.71 72.45 62.3 96.6 22.83 54.59 61.01 94.02 58.25 10.44 38.47 84.6 75.93 65.79 44.41 48.17 16.49 29.12 88.87 62.51 22.02 76.22 80.0 58.69 46.1 80.16 76.28 71.22 50.61 37.44 40.31 50.54 25.3 47.54 14.32 50.16 38.9 11.0 
24.21 35.47 32.25 0.0 60.54 73.82 84.06 62.94 24.19 33.29 78.41 41.23 48.75 86.13 57.71 47.13 55.04 36.69 32.45 62.97 81.61 55.54 38.28 64.38 31.38 82.87 26.4 25.06 29.15 79.25 33.12 29.61 14.14 55.97 51.97 58.86 32.56 52.15 30.46 5.66 63.82 62.77 40.46 68.36 62.1 39.05 51.04 64.13 60.02 46.65 28.16 25.02 25.32 29.97 14.42 21.26 27.51 18.0 16.76 21.38 
72.78 26.17 56.01 60.54 0.0 46.96 78.34 75.33 84.72 34.13 34.71 100.26 81.15 62.27 4.12 84.97 8.25 91.24 90.91 65.01 35.81 44.05 70.21 26.83 68.26 52.43 37.36 83.1 81.39 51.97 52.33 46.04 50.33 74.53 57.43 21.84 32.02 8.54 40.11 55.07 68.0 9.22 78.0 28.84 47.68 42.38 10.2 44.38 42.58 56.29 46.32 82.64 38.18 90.43 68.01 81.54 43.29 71.45 76.94 56.89 
95.6 46.65 88.19 73.82 46.96 0.0 34.06 43.28 94.01 67.42 19.65 101.2 61.59 15.62 43.91 68.1 41.05 87.36 92.4 30.48 22.47 19.1 56.08 20.12 59.2 9.06 65.37 85.71 78.1 5.83 44.28 78.03 59.68 47.51 31.76 25.81 44.38 48.6 72.4 70.61 33.42 38.08 107.54 18.68 13.93 35.06 50.61 10.05 14.0 35.47 46.1 98.73 50.29 100.02 87.1 89.05 73.93 73.33 89.2 83.38 
108.17 69.34 107.49 84.06 78.34 34.06 0.0 26.02 97.74 90.21 53.46 97.87 50.01 25.06 74.73 57.0 71.17 82.61 90.8 21.1 55.9 36.24 51.66 52.47 57.87 34.79 85.91 86.13 75.71 31.78 51.04 98.49 71.4 34.13 32.2 56.52 64.2 77.83 93.86 83.01 20.62 70.21 123.23 52.09 31.02 48.84 79.48 33.96 36.06 37.44 57.49 106.45 67.21 103.09 98.48 92.36 94.26 75.96 95.75 99.9 
87.05 58.25 90.43 62.94 75.33 43.28 26.02 0.0 73.35 76.9 61.59 72.01 24.0 43.42 71.25 31.02 67.19 56.72 65.25 12.81 64.9 32.28 26.83 54.42 33.62 48.92 71.18 61.1 50.29 44.6 32.25 82.76 52.2 8.25 18.0 55.54 51.66 72.01 79.2 63.13 9.9 69.23 103.28 55.95 31.76 35.69 73.06 36.72 35.85 20.62 40.25 83.22 52.0 78.39 77.16 67.98 78.71 51.97 72.4 81.4 
27.07 59.51 47.17 24.19 84.72 94.01 97.74 73.35 0.0 55.87 101.0 20.62 52.8 104.58 81.88 48.1 79.16 25.08 15.3 77.2 104.35 75.01 46.52 87.1 39.92 103.0 49.58 13.45 24.76 99.02 50.16 49.09 36.4 65.3 67.47 82.01 55.97 76.32 51.86 29.68 77.16 86.82 43.29 91.01 81.1 59.08 75.17 84.0 80.01 62.17 48.17 13.6 48.7 6.08 21.93 5.39 48.41 21.84 8.6 37.12 
39.22 21.21 22.36 33.29 34.13 67.42 90.21 76.9 55.87 0.0 63.25 74.4 72.06 82.62 33.02 73.11 32.39 69.35 65.73 71.2 65.52 54.56 60.07 50.57 55.04 75.47 7.28 58.31 60.75 73.24 45.35 12.04 30.27 72.53 60.37 43.86 26.08 26.0 6.0 27.78 73.36 40.2 44.1 54.23 60.83 42.06 24.02 60.21 56.59 56.46 37.11 50.77 25.0 60.88 36.06 54.04 9.22 49.4 47.38 23.09 
97.25 45.28 85.44 78.41 34.71 19.65 53.46 61.59 101.0 63.25 0.0 111.43 77.16 31.4 33.02 83.1 31.76 98.84 102.18 48.88 3.61 31.89 69.63 14.04 71.2 20.4 63.35 94.87 89.05 22.0 54.56 75.0 64.78 64.66 47.38 20.1 46.04 39.45 68.96 74.11 51.97 25.61 106.51 10.05 30.0 43.46 41.68 25.0 26.87 49.68 53.45 103.24 53.15 107.08 90.0 96.54 71.31 82.22 94.89 83.02 
47.52 74.2 67.68 41.23 100.26 101.2 97.87 72.01 20.62 74.4 111.43 0.0 48.51 109.37 97.01 42.06 93.81 15.3 9.43 79.03 114.95 82.23 47.0 98.09 42.3 109.84 67.62 17.2 23.19 105.55 57.28 68.88 50.0 63.79 71.25 93.91 69.34 92.2 71.02 46.86 78.16 100.96 63.0 101.77 87.48 68.01 91.35 91.22 87.56 66.48 58.18 33.02 62.43 19.03 42.38 20.59 67.74 29.53 28.79 57.38 
71.28 58.25 80.01 48.75 81.15 61.59 50.01 24.0 52.8 72.06 77.16 48.51 0.0 65.46 77.08 7.07 73.01 33.24 42.54 33.53 80.72 45.28 12.0 66.71 17.72 68.88 65.19 39.66 28.3 64.41 29.12 74.53 42.58 16.12 30.0 65.46 51.2 75.58 72.56 50.92 31.78 77.41 88.51 69.35 48.01 38.91 75.96 52.8 50.33 27.59 36.5 64.35 48.17 57.14 61.59 47.63 71.02 33.42 53.76 69.64 
108.85 61.61 102.93 86.13 62.27 15.62 25.06 43.42 104.58 82.62 31.4 109.37 65.46 0.0 59.36 72.42 56.61 94.76 101.08 31.95 33.06 30.68 62.65 35.51 67.12 11.05 80.16 95.01 86.21 10.3 54.45 92.91 72.12 49.77 38.12 41.4 58.67 64.2 87.42 83.49 34.01 53.24 121.64 33.54 24.04 47.13 66.22 22.83 26.83 43.01 57.97 110.63 63.98 110.45 99.93 99.41 88.75 83.15 100.62 97.49 
71.02 22.8 55.23 57.71 4.12 43.91 74.73 71.25 81.88 33.02 33.02 97.01 77.08 59.36 0.0 80.95 4.12 87.68 87.62 61.03 34.48 40.11 66.19 23.85 64.35 49.82 35.51 79.81 77.79 49.09 48.3 45.04 47.01 70.41 53.34 18.38 28.32 7.07 39.01 52.33 64.01 7.62 77.1 26.25 43.93 38.28 9.22 40.8 38.83 52.17 42.44 80.32 34.71 87.66 65.8 78.55 42.01 68.01 74.25 55.33 
68.48 61.03 79.08 47.13 84.97 68.1 57.0 31.02 48.1 73.11 83.1 42.06 7.07 72.42 80.95 0.0 76.94 26.93 36.72 40.52 86.68 51.22 14.76 72.14 18.11 75.58 66.03 34.71 23.35 71.11 32.65 74.43 43.0 23.19 36.36 70.43 54.08 78.92 73.03 50.01 38.83 81.84 85.88 74.97 54.38 43.27 79.12 59.08 56.4 33.42 39.22 60.31 50.22 52.01 59.03 43.14 71.18 30.41 50.0 68.41 
69.46 19.72 54.74 55.04 8.25 41.05 71.17 67.19 79.16 32.39 31.76 93.81 73.01 56.61 4.12 76.94 0.0 84.17 84.4 57.08 33.62 36.22 62.18 21.26 60.46 47.42 34.06 76.61 74.25 46.4 44.29 44.41 43.83 66.29 49.25 15.26 24.76 7.81 38.33 49.77 60.03 8.06 76.42 24.08 40.26 34.18 10.0 37.34 35.17 48.05 38.6 78.16 31.4 85.0 63.79 75.66 41.11 64.66 71.69 54.04 
50.64 65.12 67.36 36.69 91.24 87.36 82.61 56.72 25.08 69.35 98.84 15.3 33.24 94.76 87.68 26.93 84.17 0.0 10.63 64.01 102.42 68.62 32.14 85.96 28.16 95.8 62.17 13.04 10.0 91.44 44.28 66.22 41.4 48.51 56.72 82.38 59.41 83.63 67.07 41.79 63.03 90.79 67.68 89.47 73.5 55.47 83.1 77.49 74.0 52.17 46.62 38.63 53.08 27.2 43.01 21.59 64.2 20.25 30.41 56.44 
42.01 64.82 60.64 32.45 90.91 92.4 90.8 65.25 15.3 65.73 102.18 9.43 42.54 101.08 87.62 36.72 84.4 10.63 0.0 71.34 105.69 73.35 39.32 88.77 34.0 101.12 58.82 7.81 15.13 96.88 48.27 60.93 40.61 57.01 63.01 84.53 59.91 82.88 62.65 38.01 70.71 91.53 58.55 92.48 78.77 58.82 82.07 82.38 78.64 58.08 48.85 28.86 53.01 16.64 35.51 13.15 59.48 20.12 22.09 50.0 
87.09 51.08 87.21 62.97 65.01 30.48 21.1 12.81 77.2 71.2 48.88 79.03 33.53 31.95 61.03 40.52 57.08 64.01 71.34 0.0 52.15 21.02 32.06 42.45 37.66 36.4 66.29 66.1 56.22 32.02 30.0 78.6 50.45 17.89 11.31 44.28 45.18 62.65 74.33 62.01 3.16 58.22 102.3 43.66 19.31 29.15 63.95 24.17 23.77 16.4 36.77 85.49 47.2 82.71 77.39 71.84 74.4 55.36 74.85 79.21 
100.12 48.09 87.8 81.61 35.81 22.47 55.9 64.9 104.35 65.52 3.61 114.95 80.72 33.06 34.48 86.68 33.62 102.42 105.69 52.15 0.0 35.47 73.24 17.26 74.79 22.02 65.92 98.35 92.61 24.19 58.14 77.37 68.07 68.12 50.91 23.0 49.16 41.15 71.31 77.23 55.23 26.93 109.04 13.34 33.42 47.01 43.38 28.43 30.41 53.26 56.92 106.38 56.32 110.42 93.02 99.92 73.76 85.7 98.15 85.71 
78.19 33.42 73.41 55.54 44.05 19.1 36.24 32.28 75.01 54.56 31.89 82.23 45.28 30.68 40.11 51.22 36.22 68.62 73.35 21.02 35.47 0.0 38.08 22.36 40.5 28.02 50.99 66.61 59.2 24.02 25.18 63.78 41.48 33.62 15.81 23.35 29.07 42.2 58.69 52.81 24.08 37.22 91.3 24.41 6.71 16.49 43.68 9.06 5.39 17.8 27.46 80.23 33.62 81.0 69.26 70.01 59.55 54.23 70.46 67.23 
61.72 46.57 68.71 38.28 70.21 56.08 51.66 26.83 46.52 60.07 69.63 47.0 12.0 62.65 66.19 14.76 62.18 32.14 39.32 32.06 73.24 38.08 0.0 58.05 7.07 64.2 53.24 34.48 24.19 59.77 17.89 62.82 30.81 18.87 24.74 55.97 39.56 64.26 60.67 39.81 31.4 67.12 78.6 61.07 42.15 28.6 64.51 46.52 43.42 20.62 24.74 56.61 36.22 51.62 51.86 41.15 59.23 25.24 45.8 58.6 
83.38 31.58 72.45 64.38 26.83 20.12 52.47 54.42 87.1 50.57 14.04 98.09 66.71 35.51 23.85 72.14 21.26 85.96 88.77 42.45 17.26 22.36 58.05 0.0 58.82 26.17 50.0 81.34 76.06 25.24 41.88 62.03 50.8 55.95 38.08 6.71 32.02 29.0 56.08 60.07 45.61 18.03 93.15 4.0 23.35 30.53 31.11 19.03 18.68 39.2 39.92 89.2 39.12 93.17 76.01 82.71 58.19 68.71 80.89 69.43 
54.67 43.46 62.3 31.38 68.26 59.2 57.87 33.62 39.92 55.04 71.2 42.3 17.72 67.12 64.35 18.11 60.46 28.16 34.0 37.66 74.79 40.5 7.07 58.82 0.0 67.68 48.0 28.44 19.1 63.35 17.03 56.89 25.08 25.81 29.02 55.97 36.67 61.72 55.15 33.24 37.36 66.07 71.61 62.13 45.35 28.43 61.74 49.34 45.88 24.19 21.95 49.65 32.28 45.22 44.82 34.54 53.46 18.36 38.83 52.0 
104.55 55.01 96.6 82.87 52.43 9.06 34.79 48.92 103.0 75.47 20.4 109.84 68.88 11.05 49.82 75.58 47.42 95.8 101.12 36.4 22.02 28.02 64.2 26.17 67.68 0.0 73.79 94.53 86.68 4.47 53.15 86.35 68.73 54.08 39.56 32.56 53.14 55.17 80.62 79.62 39.05 43.27 116.25 23.6 22.36 44.1 57.28 19.0 23.02 43.68 55.15 107.79 59.2 109.0 96.1 98.02 82.3 82.22 98.25 92.11 
35.51 18.79 22.83 26.4 37.36 65.37 85.91 71.18 49.58 7.28 63.35 67.62 65.19 80.16 35.51 66.03 34.06 62.17 58.82 66.29 65.92 50.99 53.24 50.0 48.0 73.79 0.0 51.31 53.49 71.2 39.22 12.81 23.09 66.41 55.23 43.42 21.93 28.86 8.06 20.81 68.26 42.11 43.17 53.85 57.49 37.2 27.2 57.43 53.6 51.0 31.02 45.62 19.24 54.82 30.87 47.42 8.6 42.15 41.23 20.0 
37.66 57.01 54.59 25.06 83.1 85.71 86.13 61.1 13.45 58.31 94.87 17.2 39.66 95.01 79.81 34.71 76.61 13.04 7.81 66.1 98.35 66.61 34.48 81.34 28.44 94.53 51.31 0.0 11.4 90.35 41.44 54.08 32.8 52.92 57.14 76.97 52.15 75.07 55.46 30.53 65.73 83.76 54.82 85.09 72.25 51.66 74.28 75.66 71.85 52.04 41.44 26.42 45.22 17.49 30.0 8.94 52.39 12.65 17.46 43.74 
46.82 55.32 61.01 29.15 81.39 78.1 75.71 50.29 24.76 60.75 89.05 23.19 28.3 86.21 77.79 23.35 74.25 10.0 15.13 56.22 92.61 59.2 24.19 76.06 19.1 86.68 53.49 11.4 0.0 82.38 34.54 58.69 31.91 42.06 48.09 72.4 49.5 73.88 58.94 33.73 55.58 80.81 64.26 79.61 64.33 45.62 73.41 68.15 64.56 43.29 36.62 37.2 43.28 28.84 38.08 19.85 56.29 11.4 27.29 50.01 
101.24 52.48 94.02 79.25 51.97 5.83 31.78 44.6 99.02 73.24 22.0 105.55 64.41 10.3 49.09 71.11 46.4 91.44 96.88 32.02 24.19 24.02 59.77 25.24 63.35 4.47 71.2 90.35 82.38 0.0 49.04 83.86 65.12 49.65 35.11 31.24 50.16 54.04 78.23 76.16 34.71 42.94 113.32 23.26 18.11 40.31 56.08 15.13 19.24 39.29 51.35 104.09 55.97 105.0 92.65 94.0 79.76 78.1 94.43 89.16 
57.14 29.27 58.25 33.12 52.33 44.28 51.04 32.25 50.16 45.35 54.56 57.28 29.12 54.45 48.3 32.65 44.29 44.28 48.27 30.0 58.14 25.18 17.89 41.88 17.03 53.15 39.22 41.44 34.54 49.04 0.0 50.54 20.52 27.2 18.87 38.95 22.2 46.49 47.17 32.02 31.14 49.41 72.35 45.28 31.0 11.4 46.84 34.23 30.41 13.6 8.25 56.61 20.4 56.08 47.51 45.04 46.52 29.07 46.32 49.58 
28.65 31.38 10.44 29.61 46.04 78.03 98.49 82.76 49.09 12.04 75.0 68.88 74.53 92.91 45.04 74.43 44.41 66.22 60.93 78.6 77.37 63.78 62.82 62.03 56.89 86.35 12.81 54.08 58.69 83.86 50.54 0.0 32.02 77.47 67.42 55.36 34.71 38.01 6.08 25.08 80.45 52.24 32.06 65.79 70.29 49.68 36.0 70.21 66.4 62.97 42.54 41.77 31.4 53.41 27.66 48.3 4.24 47.38 40.5 12.81 
37.12 24.21 38.47 14.14 50.33 59.68 71.4 52.2 36.4 30.27 64.78 50.0 42.58 72.12 47.01 43.0 43.83 41.4 40.61 50.45 68.07 41.48 30.81 50.8 25.08 68.73 23.09 32.8 31.91 65.12 20.52 32.02 0.0 46.14 39.2 45.61 19.7 42.43 30.07 11.66 51.66 51.11 51.86 54.74 48.08 25.0 41.77 50.01 45.89 34.06 14.32 39.12 12.53 42.45 27.86 32.31 28.44 21.26 30.15 29.21 
79.91 55.15 84.6 55.97 74.53 47.51 34.13 8.25 65.3 72.53 64.66 63.79 16.12 49.77 70.41 23.19 66.29 48.51 57.01 17.89 68.12 33.62 18.87 55.95 25.81 54.08 66.41 52.92 42.06 49.65 27.2 77.47 46.14 0.0 17.89 56.08 48.26 70.35 74.33 56.61 15.81 69.26 96.43 57.98 34.71 33.02 71.18 39.7 38.01 18.25 35.44 75.45 47.54 70.26 70.01 59.94 73.54 44.1 64.64 75.17 
76.01 40.8 75.93 51.97 57.43 31.76 32.2 18.0 67.47 60.37 47.38 71.25 30.0 38.12 53.34 36.36 49.25 56.72 63.01 11.31 50.91 15.81 24.74 38.08 29.02 39.56 55.23 57.14 48.09 35.11 18.87 67.42 39.2 17.89 0.0 38.28 34.54 54.01 63.29 50.8 13.04 51.66 91.05 40.22 18.03 18.38 55.08 22.8 20.52 5.39 25.46 75.03 36.06 73.16 66.37 62.17 63.25 45.71 64.51 67.9 
77.16 25.18 65.79 58.86 21.84 25.81 56.52 55.54 82.01 43.86 20.1 93.91 65.46 41.4 18.38 70.43 15.26 82.38 84.53 44.28 23.0 23.35 55.97 6.71 55.97 32.56 43.42 76.97 72.4 31.24 38.95 55.36 45.61 56.08 38.28 0.0 26.31 22.8 49.4 54.33 47.38 14.0 86.59 10.44 26.08 27.59 24.84 22.56 21.02 38.47 35.85 83.49 33.54 88.06 70.03 77.79 51.55 64.4 75.5 62.97 
51.79 7.07 44.41 32.56 32.02 44.38 64.2 51.66 55.97 26.08 46.04 69.34 51.2 58.67 28.32 54.08 24.76 59.41 59.91 45.18 49.16 29.07 39.56 32.02 36.67 53.14 21.93 52.15 49.5 50.16 22.2 34.71 19.7 48.26 34.54 26.31 0.0 25.06 29.73 28.07 47.42 31.62 63.16 36.01 35.61 16.16 25.08 35.85 31.91 31.05 14.87 57.22 7.28 61.98 44.05 52.0 30.48 40.0 49.24 39.0 
64.33 18.6 48.17 52.15 8.54 48.6 77.83 72.01 76.32 26.0 39.45 92.2 75.58 64.2 7.07 78.92 7.81 83.63 82.88 62.65 41.15 42.2 64.26 29.0 61.72 55.17 28.86 75.07 73.88 54.04 46.49 38.01 42.43 70.35 54.01 22.8 25.06 0.0 32.0 46.65 65.49 14.56 70.06 31.89 46.82 37.48 2.24 44.28 41.79 52.15 39.81 74.09 30.61 81.99 59.46 73.24 35.06 63.66 68.48 48.51 
33.62 25.81 16.49 30.46 40.11 72.4 93.86 79.2 51.86 6.0 68.96 71.02 72.56 87.42 39.01 73.03 38.33 67.07 62.65 74.33 71.31 58.69 60.67 56.08 55.15 80.62 8.06 55.46 58.94 78.23 47.17 6.08 30.07 74.33 63.29 49.4 29.73 32.0 0.0 25.3 76.32 46.17 38.12 59.81 65.12 45.22 30.02 64.82 61.07 59.06 39.0 45.8 27.29 56.59 31.24 50.48 3.61 47.54 43.28 17.46 
25.5 30.36 29.12 5.66 55.07 70.61 83.01 63.13 29.68 27.78 74.11 46.86 50.92 83.49 52.33 50.01 49.77 41.79 38.01 62.01 77.23 52.81 39.81 60.07 33.24 79.62 20.81 30.53 33.73 76.16 32.02 25.08 11.66 56.61 50.8 54.33 28.07 46.65 25.3 0.0 63.13 57.58 40.36 64.07 59.46 36.4 45.49 61.13 57.01 45.61 25.94 29.15 21.0 35.36 16.49 26.91 22.56 22.36 21.93 18.79 
88.01 53.49 88.87 63.82 68.0 33.42 20.62 9.9 77.16 73.36 51.97 78.16 31.78 34.01 64.01 38.83 60.03 63.03 70.71 3.16 55.23 24.08 31.4 45.61 37.36 39.05 68.26 65.73 55.58 34.71 31.14 80.45 51.66 15.81 13.04 47.38 47.42 65.49 76.32 63.13 0.0 61.29 103.48 46.82 22.47 31.3 66.75 27.31 26.93 17.69 38.29 85.87 49.09 82.57 78.24 71.78 76.28 55.36 75.15 80.62 
77.52 27.31 62.51 62.77 9.22 38.08 70.21 69.23 86.82 40.2 25.61 100.96 77.41 53.24 7.62 81.84 8.06 90.79 91.53 58.22 26.93 37.22 67.12 18.03 66.07 43.27 42.11 83.76 80.81 42.94 49.41 52.24 51.11 69.26 51.66 14.0 31.62 14.56 46.17 57.58 61.29 0.0 84.29 19.72 40.05 38.59 16.76 36.35 35.01 51.26 44.55 86.13 38.59 92.7 71.81 83.19 49.04 71.61 79.48 62.07 
17.46 61.68 22.02 40.46 78.0 107.54 123.23 103.28 43.29 44.1 106.51 63.0 88.51 121.64 77.1 85.88 76.42 67.68 58.55 102.3 109.04 91.3 78.6 93.15 71.61 116.25 43.17 54.82 64.26 113.32 72.35 32.06 51.86 96.43 91.05 86.59 63.16 70.06 38.12 40.36 103.48 84.29 0.0 97.02 98.01 75.47 68.03 98.84 94.81 85.91 65.8 30.02 57.71 44.01 26.93 46.1 35.36 55.47 37.36 24.17 
87.37 35.51 76.22 68.36 28.84 18.68 52.09 55.95 91.01 54.23 10.05 101.77 69.35 33.54 26.25 74.97 24.08 89.47 92.48 43.66 13.34 24.41 61.07 4.0 62.13 23.6 53.85 85.09 79.61 23.26 45.28 65.79 54.74 57.98 40.22 10.44 36.01 31.89 59.81 64.07 46.82 19.72 97.02 0.0 24.35 34.0 34.06 19.65 20.12 41.77 43.66 93.19 43.1 97.08 80.01 86.59 61.98 72.45 84.85 73.35 
84.86 39.62 80.0 62.1 47.68 13.93 31.02 31.76 81.1 60.83 30.0 87.48 48.01 24.04 43.93 54.38 40.26 73.5 78.77 19.31 33.42 6.71 42.15 23.35 45.35 22.36 57.49 72.25 64.33 18.11 31.0 70.29 48.08 34.71 18.03 26.08 35.61 46.82 65.12 59.46 22.47 40.05 98.01 24.35 0.0 23.09 48.47 5.0 5.1 21.54 33.96 86.68 40.31 87.05 75.89 76.03 66.07 60.03 76.79 73.93 
61.85 22.56 58.69 39.05 42.38 35.06 48.84 35.69 59.08 42.06 43.46 68.01 38.91 47.13 38.28 43.27 34.18 55.47 58.82 29.15 47.01 16.49 28.6 30.53 28.43 44.1 37.2 51.66 45.62 40.31 11.4 49.68 25.0 33.02 18.38 27.59 16.16 37.48 45.22 36.4 31.3 38.59 75.47 34.0 23.09 0.0 38.21 25.18 21.1 15.13 11.05 63.79 18.38 65.12 52.81 54.23 45.45 39.05 54.15 51.61 
62.59 18.36 46.1 51.04 10.2 50.61 79.48 73.06 75.17 24.02 41.68 91.35 75.96 66.22 9.22 79.12 10.0 83.1 82.07 63.95 43.38 43.68 64.51 31.11 61.74 57.28 27.2 74.28 73.41 56.08 46.84 36.0 41.77 71.18 55.08 24.84 25.08 2.24 30.02 45.49 66.75 16.76 68.03 34.06 48.47 38.21 0.0 46.07 43.46 53.04 39.92 72.62 30.23 80.78 57.94 72.2 33.14 63.03 67.23 46.69 
86.33 39.05 80.16 64.13 44.38 10.05 33.96 36.72 84.0 60.21 25.0 91.22 52.8 22.83 40.8 59.08 37.34 77.49 82.38 24.17 28.43 9.06 46.52 19.03 49.34 19.0 57.43 75.66 68.15 15.13 34.23 70.21 50.01 39.7 22.8 22.56 35.85 44.28 64.82 61.13 27.31 36.35 98.84 19.65 5.0 25.18 46.07 0.0 4.12 25.94 36.22 88.96 41.23 90.01 77.62 79.03 66.03 63.29 79.31 74.69 
82.22 35.38 76.28 60.02 42.58 14.0 36.06 35.85 80.01 56.59 26.87 87.56 50.33 26.83 38.83 56.4 35.17 74.0 78.64 23.77 30.41 5.39 43.42 18.68 45.88 23.02 53.6 71.85 64.56 19.24 30.41 66.4 45.89 38.01 20.52 21.02 31.91 41.79 61.07 57.01 26.93 35.01 94.81 20.12 5.1 21.1 43.46 4.12 0.0 23.02 32.14 84.85 37.16 86.02 73.5 75.06 62.2 59.41 75.24 70.66 
70.72 37.66 71.22 46.65 56.29 35.47 37.44 20.62 62.17 56.46 49.68 66.48 27.59 43.01 52.17 33.42 48.05 52.17 58.08 16.4 53.26 17.8 20.62 39.2 24.19 43.68 51.0 52.04 43.29 39.29 13.6 62.97 34.06 18.25 5.39 38.47 31.05 52.15 59.06 45.61 17.69 51.26 85.91 41.77 21.54 15.13 53.04 25.94 23.02 0.0 20.62 69.64 31.76 67.9 61.06 56.89 58.83 40.45 59.14 62.94 
51.43 21.84 50.61 28.16 46.32 46.1 57.49 40.25 48.17 37.11 53.45 58.18 36.5 57.97 42.44 39.22 38.6 46.62 48.85 36.77 56.92 27.46 24.74 39.92 21.95 55.15 31.02 41.44 36.62 51.35 8.25 42.54 14.32 35.44 25.46 35.85 14.87 39.81 39.0 25.94 38.29 44.55 65.8 43.66 33.96 11.05 39.92 36.22 32.14 20.62 0.0 52.77 12.17 54.23 42.15 43.42 38.47 28.79 43.1 42.45 
15.23 59.23 37.44 25.02 82.64 98.73 106.45 83.22 13.6 50.77 103.24 33.02 64.35 110.63 80.32 60.31 78.16 38.63 28.86 85.49 106.38 80.23 56.61 89.2 49.65 107.79 45.62 26.42 37.2 104.09 56.61 41.77 39.12 75.45 75.03 83.49 57.22 74.09 45.8 29.15 85.87 86.13 30.02 93.19 86.68 63.79 72.62 88.96 84.85 69.64 52.77 0.0 50.09 14.14 14.76 17.49 42.2 31.4 10.82 29.0 
45.35 12.04 40.31 25.32 38.18 50.29 67.21 52.0 48.7 25.0 53.15 62.43 48.17 63.98 34.71 50.22 31.4 53.08 53.01 47.2 56.32 33.62 36.22 39.12 32.28 59.2 19.24 45.22 43.28 55.97 20.4 31.4 12.53 47.54 36.06 33.54 7.28 30.61 27.29 21.0 49.09 38.59 57.71 43.1 40.31 18.38 30.23 41.23 37.16 31.76 12.17 50.09 0.0 54.71 37.22 44.78 27.2 33.3 41.98 33.62 
29.12 65.39 50.54 29.97 90.43 100.02 103.09 78.39 6.08 60.88 107.08 19.03 57.14 110.45 87.66 52.01 85.0 27.2 16.64 82.71 110.42 81.0 51.62 93.17 45.22 109.0 54.82 17.49 28.84 105.0 56.08 53.41 42.45 70.26 73.16 88.06 61.98 81.99 56.59 35.36 82.57 92.7 44.01 97.08 87.05 65.12 80.78 90.01 86.02 67.9 54.23 14.14 54.71 0.0 25.81 11.05 53.08 27.46 13.6 41.05 
9.9 45.28 25.3 14.42 68.01 87.1 98.48 77.16 21.93 36.06 90.0 42.38 61.59 99.93 65.8 59.03 63.79 43.01 35.51 77.39 93.02 69.26 51.86 76.01 44.82 96.1 30.87 30.0 38.08 92.65 47.51 27.66 27.86 70.01 66.37 70.03 44.05 59.46 31.24 16.49 78.24 71.81 26.93 80.01 75.89 52.81 57.94 77.62 73.5 61.06 42.15 14.76 37.22 25.81 0.0 22.36 27.66 28.64 13.6 15.26 
29.15 55.95 47.54 21.26 81.54 89.05 92.36 67.98 5.39 54.04 96.54 20.59 47.63 99.41 78.55 43.14 75.66 21.59 13.15 71.84 99.92 70.01 41.15 82.71 34.54 98.02 47.42 8.94 19.85 94.0 45.04 48.3 32.31 59.94 62.17 77.79 52.0 73.24 50.48 26.91 71.78 83.19 46.1 86.59 76.03 54.23 72.2 79.03 75.06 56.89 43.42 17.49 44.78 11.05 22.36 0.0 47.17 16.49 9.0 37.0 
30.08 27.29 14.32 27.51 43.29 73.93 94.26 78.71 48.41 9.22 71.31 67.74 71.02 88.75 42.01 71.18 41.11 64.2 59.48 74.4 73.76 59.55 59.23 58.19 53.46 82.3 8.6 52.39 56.29 79.76 46.52 4.24 28.44 73.54 63.25 51.55 30.48 35.06 3.61 22.56 76.28 49.04 35.36 61.98 66.07 45.45 33.14 66.03 62.2 58.83 38.47 42.2 27.2 53.08 27.66 47.17 0.0 44.91 39.82 13.93 
38.08 45.28 50.16 18.0 71.45 73.33 75.96 51.97 21.84 49.4 82.22 29.53 33.42 83.15 68.01 30.41 64.66 20.25 20.12 55.36 85.7 54.23 25.24 68.71 18.36 82.22 42.15 12.65 11.4 78.1 29.07 47.38 21.26 44.1 45.71 64.4 40.0 63.66 47.54 22.36 55.36 71.61 55.47 72.45 60.03 39.05 63.03 63.29 59.41 40.45 28.79 31.4 33.3 27.46 28.64 16.49 44.91 0.0 20.62 39.2 
20.22 52.2 38.9 16.76 76.94 89.2 95.75 72.4 8.6 47.38 94.89 28.79 53.76 100.62 74.25 50.0 71.69 30.41 22.09 74.85 98.15 70.46 45.8 80.89 38.83 98.25 41.23 17.46 27.29 94.43 46.32 40.5 30.15 64.64 64.51 75.5 49.24 68.48 43.28 21.93 75.15 79.48 37.36 84.85 76.79 54.15 67.23 79.31 75.24 59.14 43.1 10.82 41.98 13.6 13.6 9.0 39.82 20.62 0.0 28.64 
16.16 37.85 11.0 21.38 56.89 83.38 99.9 81.4 37.12 23.09 83.02 57.38 69.64 97.49 55.33 68.41 54.04 56.44 50.0 79.21 85.71 67.23 58.6 69.43 52.0 92.11 20.0 43.74 50.01 89.16 49.58 12.81 29.21 75.17 67.9 62.97 39.0 48.51 17.46 18.79 80.62 62.07 24.17 73.35 73.93 51.61 46.69 74.69 70.66 62.94 42.45 29.0 33.62 41.05 15.26 37.0 13.93 39.2 28.64 0.0 
