110
0.0 43.19 123.07 9.85 118.09 14.04 125.13 5.0 49.19 44.41 23.02 112.45 102.2 19.7 96.52 29.73 93.62 43.27 106.12 62.01 98.49 23.26 16.16 24.35 97.13 31.78 82.49 57.87 61.01 17.26 112.36 34.23 34.54 120.07 5.1 32.98 61.74 120.21 29.41 37.0 133.3 15.52 79.31 57.04 3.61 10.2 106.04 13.04 40.52 19.85 12.65 37.95 46.1 46.87 133.54 15.81 27.29 25.71 33.29 17.89 75.03 80.23 21.21 4.24 87.8 34.48 27.86 112.45 14.04 94.09 50.8 47.3 20.25 68.68 72.11 87.05 28.43 117.0 128.39 32.56 85.62 131.24 30.36 18.25 108.9 28.64 74.81 122.04 94.92 18.87 16.28 58.86 45.65 111.54 47.68 106.79 70.03 71.39 18.87 90.05 19.03 63.35 22.85 56.82 44.01 82.01 26.93 133.0 66.71 113.56 
43.19 0.0 80.0 41.11 74.97 29.15 82.23 40.79 18.03 23.09 46.1 69.43 60.42 37.7 54.82 20.52 51.26 21.19 63.01 19.24 55.97 22.8 58.86 54.42 54.74 61.33 41.11 19.8 18.68 26.93 69.18 9.0 20.25 77.49 38.33 16.28 25.55 77.1 15.81 17.89 90.93 28.0 36.12 14.14 41.01 47.13 63.39 55.11 15.52 60.44 32.02 10.63 27.2 13.34 90.35 49.24 59.46 20.59 34.66 60.21 35.47 40.25 22.02 46.53 45.69 17.2 22.02 69.26 29.43 51.62 26.08 15.3 52.2 27.46 32.02 44.55 25.24 74.06 85.21 11.18 43.46 88.6 57.7 48.08 65.76 18.79 34.44 79.31 52.2 59.3 57.01 16.16 18.25 69.63 12.65 65.25 27.07 28.79 30.41 47.52 44.6 25.5 22.56 24.04 3.16 39.32 60.08 90.14 24.6 70.88 
123.07 80.0 0.0 119.71 13.42 109.04 19.0 120.27 81.02 89.74 123.47 18.44 35.36 115.85 30.41 96.03 36.72 89.27 17.03 61.07 32.45 102.18 138.36 132.37 27.51 138.28 43.01 67.47 62.2 106.23 12.08 89.0 92.57 23.77 118.11 91.79 70.52 13.6 95.13 89.44 16.4 108.0 44.1 66.03 121.0 125.78 18.38 134.45 85.33 139.04 111.29 87.37 91.76 78.09 12.81 128.47 137.46 98.51 107.71 139.52 57.78 47.54 102.0 126.19 42.05 91.08 98.01 12.53 109.11 30.08 86.02 78.45 130.86 58.94 58.52 36.67 101.97 6.71 7.81 91.02 43.46 25.5 134.35 126.78 18.03 97.33 51.24 7.07 33.54 139.13 135.83 65.28 84.93 19.21 76.94 24.04 53.04 53.94 107.91 33.73 122.92 63.32 102.12 76.54 79.06 41.3 138.31 11.18 59.03 23.32 
9.85 41.11 119.71 0.0 115.73 14.14 123.23 5.1 50.61 47.42 32.14 110.35 101.39 27.29 92.01 24.02 92.36 45.97 102.96 58.86 97.08 25.5 19.24 34.18 93.09 41.63 78.0 53.01 57.56 14.32 109.49 32.7 28.28 118.6 8.06 28.02 62.68 117.9 30.0 31.14 129.0 17.03 76.69 54.13 12.17 6.08 102.18 15.13 35.06 19.42 9.43 38.28 49.82 42.0 130.7 25.63 37.12 21.21 39.56 20.02 75.18 75.17 20.81 9.22 86.73 29.02 22.02 109.66 12.81 90.14 53.76 42.05 30.08 68.03 72.01 83.22 32.45 113.44 125.45 31.76 84.5 129.69 40.16 27.89 106.51 30.41 70.03 118.15 93.3 27.59 16.12 57.25 47.51 107.02 43.01 102.08 66.91 69.89 12.04 86.21 28.16 58.14 24.76 58.41 41.23 78.41 36.72 129.25 65.55 111.97 
118.09 74.97 13.42 115.73 0.0 104.09 9.22 115.74 73.25 81.61 116.21 6.32 23.02 109.02 33.42 92.72 26.68 81.39 15.56 57.01 21.84 96.19 133.82 125.2 29.0 130.65 43.01 65.39 58.52 101.79 8.6 83.86 89.81 11.0 113.28 88.32 61.81 2.24 89.27 86.65 29.68 102.7 39.05 61.61 115.73 121.81 21.95 130.05 82.54 135.15 106.89 81.1 83.19 75.27 16.49 122.0 130.25 94.59 99.72 135.15 48.27 48.41 96.88 121.49 32.56 87.93 94.64 7.81 104.39 30.48 77.28 75.96 124.04 51.09 49.65 35.51 95.02 15.0 12.53 85.59 34.37 17.03 126.67 120.02 9.22 91.09 50.77 19.65 24.19 133.14 131.8 59.3 77.23 27.66 74.0 31.02 49.04 47.04 104.29 33.02 116.04 62.18 96.25 67.9 74.53 38.91 131.19 23.35 52.01 10.0 
14.04 29.15 109.04 14.14 104.09 0.0 111.2 12.08 36.62 33.3 25.55 98.48 88.54 18.03 82.73 17.8 79.81 31.83 92.09 48.0 84.65 11.4 29.83 31.11 83.22 38.9 68.73 44.38 47.04 5.0 98.33 20.22 22.8 106.23 9.22 20.12 48.88 106.21 16.12 24.7 119.42 3.16 65.28 43.01 12.17 19.42 92.09 26.25 27.73 32.2 5.39 24.6 35.81 33.53 119.51 23.6 35.47 13.04 27.29 31.32 61.74 66.71 7.28 17.46 74.04 21.95 16.28 98.41 2.0 80.16 39.62 34.18 27.66 55.03 58.69 73.11 18.79 103.0 114.35 18.68 71.84 117.39 36.24 24.04 94.89 16.28 61.19 108.07 81.02 31.32 28.64 44.91 33.42 97.74 34.21 93.06 56.01 57.49 11.18 76.11 22.2 50.0 10.63 44.41 30.0 68.03 35.61 119.02 52.89 99.69 
125.13 82.23 19.0 123.23 9.22 111.2 0.0 123.0 79.01 87.05 122.0 13.0 25.71 115.11 42.64 100.57 32.02 87.01 24.76 64.85 27.02 102.83 141.01 131.0 38.21 136.13 52.01 73.79 66.48 109.14 17.8 91.01 97.86 7.21 120.42 96.14 67.07 7.21 96.03 94.7 33.53 109.66 46.82 69.26 122.64 129.28 31.06 137.32 90.62 142.62 114.24 87.69 88.28 83.38 14.87 128.25 136.0 102.2 105.12 142.41 53.15 57.49 103.94 128.65 38.01 95.86 102.46 17.03 111.61 39.62 82.3 84.17 130.06 57.14 55.01 44.41 101.12 22.8 13.93 92.57 40.05 7.81 132.14 126.1 17.49 97.62 59.64 26.02 30.27 139.61 139.22 66.29 83.01 36.06 82.08 39.81 57.01 53.76 111.97 42.01 122.07 70.83 102.96 73.11 82.01 47.51 137.0 26.0 58.55 12.04 
5.0 40.79 120.27 5.1 115.74 12.08 123.0 0.0 48.55 44.6 27.07 110.22 100.57 22.56 93.19 25.71 91.76 43.28 103.39 59.21 96.57 22.8 18.11 29.15 94.01 36.67 79.16 54.33 58.08 14.04 109.77 32.02 30.36 118.14 3.61 29.27 60.9 117.89 28.18 32.98 130.1 14.42 76.79 54.33 7.07 7.81 103.0 14.32 36.67 20.12 9.0 36.67 46.69 43.29 130.98 20.62 32.25 22.09 35.34 19.42 73.82 76.66 19.31 6.08 86.02 30.59 23.77 109.9 11.4 91.0 50.99 43.57 25.08 67.07 70.77 84.01 29.07 114.11 125.78 30.68 83.82 129.28 35.11 22.8 106.53 28.02 71.34 119.0 92.89 23.6 16.55 56.75 45.22 108.23 44.18 103.39 67.27 69.38 14.32 87.01 23.09 59.68 22.2 56.3 41.3 79.06 31.91 130.03 64.85 111.57 
49.19 18.03 81.02 50.61 73.25 36.62 79.01 48.55 0.0 8.94 43.01 67.12 54.45 36.22 61.06 35.78 47.0 8.25 64.29 27.66 52.0 25.94 65.31 52.01 59.48 57.43 49.04 34.54 28.6 36.8 69.23 20.59 37.0 73.17 45.28 32.31 12.65 75.17 20.62 35.17 94.24 34.13 38.08 23.85 46.1 56.04 66.85 62.18 33.38 68.6 41.23 12.81 12.04 31.06 89.56 49.5 57.04 33.84 26.68 67.08 26.48 50.21 29.83 53.24 41.0 33.84 36.72 69.05 37.8 56.36 8.54 33.06 51.09 22.2 24.08 49.74 22.36 75.96 84.85 20.0 39.01 84.29 53.46 47.17 64.5 20.59 44.6 81.91 49.09 61.19 65.0 18.44 4.0 74.69 30.15 71.2 32.8 27.2 42.52 52.35 43.1 39.36 26.42 7.81 21.0 44.42 58.01 91.92 22.14 67.03 
44.41 23.09 89.74 47.42 81.61 33.3 87.05 44.6 8.94 0.0 35.13 75.43 62.07 29.12 69.97 36.88 55.15 2.0 73.08 36.07 60.13 21.93 60.21 44.1 68.43 49.09 57.8 41.68 36.8 34.67 77.88 22.09 39.2 81.01 41.11 34.23 20.0 83.49 18.79 38.01 103.12 30.41 47.01 31.89 41.05 52.35 75.77 57.43 37.12 64.2 38.42 14.0 4.12 36.4 98.01 42.45 49.04 33.84 18.11 62.13 34.01 58.73 27.46 48.6 49.16 36.12 37.36 77.67 34.83 65.3 6.4 38.33 43.57 30.81 32.06 58.67 16.12 84.77 93.38 20.4 47.27 92.05 45.1 39.81 72.99 17.2 53.04 90.76 57.43 54.41 60.61 27.2 5.66 83.63 35.74 80.13 41.62 36.06 41.18 61.29 35.69 46.87 22.67 14.04 26.25 53.34 50.09 100.69 31.02 75.03 
23.02 46.1 123.47 32.14 116.21 25.55 122.0 27.07 43.01 35.13 0.0 110.11 97.19 8.6 100.57 42.64 90.01 35.01 106.53 64.85 95.01 23.85 33.12 9.0 100.0 15.23 87.09 65.0 64.62 30.53 111.88 38.08 47.51 116.07 24.33 43.84 55.08 118.15 30.41 48.8 135.82 23.6 79.62 59.81 20.02 33.14 108.17 32.31 50.99 39.4 29.15 36.69 34.71 55.22 132.46 10.0 14.04 37.64 17.72 35.36 69.12 86.33 28.28 26.31 84.01 45.97 41.4 111.76 27.29 96.84 40.61 56.4 8.94 65.12 67.01 89.84 21.59 118.07 127.66 35.36 82.02 127.14 11.66 6.4 107.38 27.31 80.53 123.76 92.09 21.4 36.4 58.46 39.01 115.13 55.47 111.0 72.12 69.58 36.25 92.72 4.0 70.83 24.41 49.16 48.3 84.48 15.0 134.16 64.5 110.0 
112.45 69.43 18.44 110.35 6.32 98.48 13.0 110.22 67.12 75.43 110.11 0.0 17.03 103.0 31.76 87.6 20.4 75.24 13.93 51.87 15.52 90.35 128.27 119.1 26.93 124.49 39.62 60.83 53.49 96.32 9.06 78.26 84.86 10.82 107.69 83.17 55.58 8.06 83.49 81.71 34.83 97.02 33.84 56.32 110.03 116.42 21.59 124.54 77.62 129.76 101.41 75.24 76.94 70.38 22.8 116.04 124.15 89.29 93.54 129.63 41.98 45.25 91.24 115.92 26.31 82.87 89.49 8.06 98.84 27.8 71.02 71.18 118.0 45.01 43.42 31.89 89.0 18.03 18.79 79.91 28.16 20.25 120.5 114.0 5.0 85.21 47.01 23.71 18.03 127.25 126.37 53.6 71.11 29.0 69.08 31.4 44.01 41.19 99.04 29.7 110.0 57.98 90.45 61.66 69.12 34.67 125.1 29.07 46.1 6.0 
102.2 60.42 35.36 101.39 23.02 88.54 25.71 100.57 54.45 62.07 97.19 17.03 0.0 90.67 39.05 80.13 9.9 62.2 25.3 45.61 7.28 79.31 118.3 106.17 34.01 111.0 41.23 56.59 47.63 87.09 24.41 68.71 78.23 19.1 97.72 75.66 42.11 24.19 72.8 75.17 51.66 86.68 29.07 49.09 99.46 107.34 32.98 114.79 71.28 120.55 92.11 64.29 63.01 64.4 38.91 103.95 111.11 80.96 80.01 119.85 28.07 47.01 81.27 105.95 14.76 75.8 81.88 23.6 89.2 33.24 57.01 65.6 105.48 33.53 30.41 33.84 76.79 33.84 35.51 69.89 17.0 30.0 107.0 101.6 18.03 73.98 46.65 40.0 11.18 115.57 117.05 44.28 58.42 42.06 63.01 42.76 38.9 31.76 90.8 32.98 97.51 55.32 79.56 48.04 60.83 34.0 112.16 46.1 35.85 13.93 
19.7 37.7 115.85 27.29 109.02 18.03 115.11 22.56 36.22 29.12 8.6 103.0 90.67 0.0 92.35 34.41 83.1 28.64 98.86 56.61 88.09 15.26 33.24 16.76 91.92 23.71 78.77 56.44 56.3 22.85 104.39 29.53 39.2 109.37 19.24 35.38 48.66 111.0 21.93 40.36 127.88 15.65 71.85 51.55 16.16 29.73 100.22 31.4 42.45 38.6 22.36 28.64 29.55 46.62 125.14 13.34 21.84 29.41 14.14 35.38 62.65 77.88 19.85 23.71 77.1 37.54 33.29 104.31 19.92 88.77 35.11 47.8 15.03 58.01 60.3 81.74 14.0 110.32 120.27 26.83 75.06 120.5 20.25 11.0 100.08 18.97 72.09 115.92 85.01 25.3 35.23 50.64 32.25 107.0 46.87 102.79 64.03 62.13 29.12 84.65 7.07 62.27 15.81 42.95 39.81 76.4 22.56 126.44 57.08 103.17 
96.52 54.82 30.41 92.01 33.42 82.73 42.64 93.19 61.06 69.97 100.57 31.76 39.05 92.35 0.0 68.0 32.39 68.96 18.03 35.74 32.0 77.62 111.07 109.11 5.1 115.77 14.04 39.0 36.14 79.31 24.84 63.56 64.07 42.54 91.44 64.03 53.81 35.47 70.6 61.03 37.01 82.2 24.04 40.8 94.89 98.0 12.21 107.04 57.01 111.04 84.21 63.91 72.95 50.01 43.05 104.05 114.18 71.11 86.76 112.02 45.22 17.46 76.12 99.25 33.84 63.0 70.0 25.61 82.49 6.32 68.01 50.01 107.0 41.73 44.05 11.4 79.12 23.71 37.74 65.97 33.62 50.45 112.01 102.88 26.83 73.38 22.02 26.93 29.15 113.77 108.0 42.94 64.5 15.03 49.04 10.44 28.64 35.38 80.0 9.22 99.33 34.13 77.37 59.03 53.15 16.64 114.84 38.08 39.82 37.16 
29.73 20.52 96.03 24.02 92.72 17.8 100.57 25.71 35.78 36.88 42.64 87.6 80.13 34.41 68.0 0.0 70.66 34.93 79.43 35.74 75.15 21.19 43.19 48.84 69.18 56.59 54.01 29.0 34.21 13.04 86.12 15.23 5.0 96.38 24.7 4.47 45.61 94.92 19.0 7.28 105.0 19.1 53.76 31.38 29.07 30.0 78.31 39.12 11.05 43.1 17.09 23.41 40.61 18.03 107.28 41.4 53.26 5.0 39.29 44.05 55.97 51.16 14.76 31.78 65.37 5.0 2.0 86.35 16.64 66.27 42.06 18.03 45.45 47.8 52.5 59.41 28.64 89.68 101.98 16.49 63.13 107.34 53.76 41.77 83.52 22.09 46.01 94.26 71.18 48.33 40.01 36.06 34.18 83.01 19.1 78.06 43.68 48.37 12.0 62.39 39.62 34.13 20.25 43.05 19.42 54.74 53.41 105.39 44.65 89.69 
93.62 51.26 36.72 92.36 26.68 79.81 32.02 91.76 47.0 55.15 90.01 20.4 9.9 83.1 32.39 70.66 0.0 55.04 22.67 35.81 5.0 71.02 109.64 99.01 27.66 104.24 32.28 46.69 37.8 78.11 24.7 59.77 68.6 26.48 89.02 66.19 35.23 28.44 64.33 65.51 52.2 78.1 19.21 39.45 91.01 98.35 29.15 106.04 61.59 111.63 83.17 55.9 56.57 54.64 43.17 96.25 104.02 71.69 73.25 111.13 21.59 37.95 72.53 97.27 6.0 66.24 72.45 24.19 80.36 26.17 50.64 55.8 98.05 25.18 23.09 25.32 69.12 33.42 38.9 61.13 8.06 37.66 100.24 94.09 18.79 65.76 37.12 39.82 3.61 107.67 108.16 35.11 51.0 38.59 53.25 38.08 29.0 22.47 81.54 25.02 90.05 45.45 71.2 41.3 51.48 24.7 105.0 47.89 26.93 20.1 
43.27 21.19 89.27 45.97 81.39 31.83 87.01 43.28 8.25 2.0 35.01 75.24 62.2 28.64 68.96 34.93 55.04 0.0 72.53 34.71 60.03 20.52 59.17 44.01 67.54 49.25 56.61 39.96 35.36 33.02 77.47 20.1 37.22 81.06 39.82 32.25 20.1 83.29 17.0 36.01 102.46 29.0 46.24 30.41 39.96 50.99 75.03 56.3 35.13 63.01 36.88 12.0 6.08 34.48 97.74 41.98 49.0 31.95 18.44 61.06 34.13 57.38 25.81 47.43 49.04 34.13 35.44 77.28 33.3 64.4 7.81 36.4 43.29 30.41 32.0 57.71 15.23 84.2 93.06 18.44 47.1 92.14 45.28 39.46 72.69 15.62 51.66 90.14 57.22 53.85 59.41 26.08 4.47 82.76 33.84 79.18 40.5 35.44 39.45 60.37 35.36 45.22 21.21 14.32 24.35 52.35 50.01 100.17 30.36 75.0 
106.12 63.01 17.03 102.96 15.56 92.09 24.76 103.39 64.29 73.08 106.53 13.93 25.3 98.86 18.03 79.43 22.67 72.53 0.0 44.18 19.72 85.15 121.5 115.41 13.45 121.4 27.78 51.24 45.4 89.36 7.21 72.01 76.16 24.6 101.18 75.13 54.23 17.69 78.1 73.01 30.41 91.01 27.07 49.09 104.02 109.04 8.0 117.61 68.88 122.33 94.43 70.35 75.27 61.61 27.89 111.45 120.51 81.74 90.96 122.69 42.19 33.02 85.02 109.29 27.02 74.53 81.39 7.81 92.2 15.0 69.64 62.1 113.86 42.38 42.49 20.62 85.0 11.7 22.56 74.01 28.02 32.56 117.48 109.77 9.22 80.31 35.78 17.89 19.1 122.1 119.08 48.26 68.15 16.76 60.42 18.0 36.12 37.11 91.24 17.89 105.93 47.54 85.09 60.17 62.13 24.74 121.34 27.66 42.2 19.65 
62.01 19.24 61.07 58.86 57.01 48.0 64.85 59.21 27.66 36.07 64.85 51.87 45.61 56.61 35.74 35.74 35.81 34.71 44.18 0.0 39.96 41.98 77.32 73.38 35.51 80.06 22.36 12.08 2.24 45.18 50.64 28.16 33.11 60.84 57.04 31.32 25.71 59.2 34.93 29.97 71.7 47.1 18.03 5.1 60.03 64.94 44.18 73.44 25.94 78.26 50.25 28.23 39.62 18.87 71.85 68.45 78.45 37.66 51.62 78.52 27.2 22.67 41.05 65.12 31.14 31.02 37.64 50.8 48.04 32.39 35.81 20.0 71.31 18.44 23.77 25.32 43.46 55.0 66.61 30.41 29.0 71.69 76.32 67.19 47.8 37.64 16.97 60.13 35.85 78.52 74.97 9.85 30.41 50.45 17.49 46.17 8.06 15.26 47.3 28.28 63.6 14.0 41.77 28.64 18.0 20.1 79.12 71.03 14.32 54.13 
98.49 55.97 32.45 97.08 21.84 84.65 27.02 96.57 52.0 60.13 95.01 15.52 7.28 88.09 32.0 75.15 5.0 60.03 19.72 39.96 0.0 75.95 114.48 104.0 27.02 109.22 34.01 50.45 41.88 82.86 20.62 64.56 72.95 21.59 93.86 70.68 40.2 23.54 69.23 69.84 48.27 82.98 22.67 43.83 95.9 103.09 26.93 110.86 65.86 116.39 87.93 60.83 61.52 58.83 38.33 101.24 109.02 76.32 78.23 115.95 26.48 39.81 77.37 102.11 11.0 70.66 76.97 20.0 85.16 26.08 55.58 59.91 103.04 30.15 28.07 26.57 74.11 29.7 34.18 65.97 13.04 32.76 105.23 99.08 14.42 70.71 39.66 36.07 4.24 112.64 112.93 39.85 56.0 36.25 57.45 36.4 32.8 27.2 86.16 25.71 95.05 48.8 76.12 46.27 56.08 26.93 110.0 43.57 31.78 15.13 
23.26 22.8 102.18 25.5 96.19 11.4 102.83 22.8 25.94 21.93 23.85 90.35 79.31 15.26 77.62 21.19 71.02 20.52 85.15 41.98 75.95 0.0 39.4 31.78 77.47 38.95 63.89 41.18 41.48 13.6 91.01 14.32 25.5 97.49 19.42 21.1 38.48 98.25 7.07 26.08 113.6 8.49 58.08 36.88 20.25 30.48 85.99 36.24 27.66 42.72 16.64 15.13 24.41 31.4 112.02 26.48 36.77 16.49 18.25 41.15 51.87 62.77 7.0 27.29 65.12 23.32 20.62 91.0 13.04 74.33 28.28 32.65 29.41 45.89 49.04 67.27 8.06 96.42 107.0 11.7 62.97 108.67 35.51 25.3 87.09 5.39 57.01 101.83 72.56 37.0 39.12 37.0 22.47 92.42 31.62 88.06 49.65 49.16 20.62 70.21 21.93 47.01 1.0 33.62 24.7 61.98 37.34 112.54 44.28 91.08 
16.16 58.86 138.36 19.24 133.82 29.83 141.01 18.11 65.31 60.21 33.12 128.27 118.3 33.24 111.07 43.19 109.64 59.17 121.5 77.32 114.48 39.4 0.0 29.83 112.0 35.06 97.05 72.11 76.16 32.14 127.88 50.01 47.52 136.06 20.62 47.04 77.88 135.96 45.54 50.36 148.03 31.62 94.89 72.44 19.24 13.6 121.04 4.12 54.23 7.0 27.07 54.08 61.61 61.07 149.09 23.26 30.07 40.0 47.38 2.24 91.18 94.34 37.11 12.37 103.85 48.17 41.19 128.0 29.43 109.02 66.57 61.2 26.25 84.77 88.26 102.04 44.1 132.19 143.89 48.51 101.65 147.22 35.51 26.83 124.62 44.78 89.14 137.03 110.86 16.03 5.83 74.73 61.72 126.1 62.03 121.2 85.38 87.32 31.26 105.04 29.68 77.32 39.0 72.9 59.41 97.13 29.02 148.08 82.71 129.52 
24.35 54.42 132.37 34.18 125.2 31.11 131.0 29.15 52.01 44.1 9.0 119.1 106.17 16.76 109.11 48.84 99.01 44.01 115.41 73.38 104.0 31.78 29.83 0.0 108.67 7.81 95.52 72.9 73.05 36.07 120.81 46.1 53.81 125.06 27.29 50.61 64.07 127.14 38.63 55.44 144.59 29.83 88.46 68.31 22.36 33.54 116.93 30.15 58.01 36.67 33.6 45.35 43.57 62.77 141.43 8.54 5.1 43.93 26.48 32.02 78.1 94.54 35.23 26.48 93.01 52.63 47.38 120.7 32.56 105.51 49.5 63.81 4.12 74.11 76.01 98.49 30.41 126.92 136.62 43.46 91.02 136.13 6.08 7.07 116.35 35.74 88.77 132.57 101.08 15.26 34.23 67.27 48.01 123.76 63.13 119.55 80.78 78.52 40.8 101.39 9.85 78.71 32.2 58.14 56.46 93.15 6.0 143.03 73.44 119.0 
97.13 54.74 27.51 93.09 29.0 83.22 38.21 94.01 59.48 68.43 100.0 26.93 34.01 91.92 5.1 69.18 27.66 67.54 13.45 35.51 27.02 77.47 112.0 108.67 0.0 115.13 15.52 40.31 36.22 80.02 20.52 63.64 65.49 37.74 92.09 65.07 51.4 31.11 70.41 62.39 36.22 82.49 21.63 40.61 95.34 99.13 9.22 108.02 58.31 112.29 85.01 63.32 71.2 51.16 39.81 103.94 113.76 72.01 85.62 113.04 41.87 20.12 76.42 100.02 29.55 64.2 71.18 21.21 83.1 3.16 66.04 51.35 106.73 39.2 41.01 10.2 78.45 20.88 34.44 65.92 29.53 46.01 111.32 102.61 21.95 73.01 23.77 25.08 24.33 113.99 109.17 41.79 63.07 15.23 50.09 12.04 27.89 33.02 81.15 7.28 98.95 35.9 77.28 56.86 53.34 15.52 114.48 36.22 37.74 32.2 
31.78 61.33 138.28 41.63 130.65 38.9 136.13 36.67 57.43 49.09 15.23 124.49 111.0 23.71 115.77 56.59 104.24 49.25 121.4 80.06 109.22 38.95 35.06 7.81 115.13 0.0 102.32 80.13 79.85 43.86 126.59 53.24 61.55 130.02 34.99 58.26 69.07 132.54 45.62 63.13 150.86 37.54 94.59 75.03 30.02 40.52 123.23 36.06 65.6 42.05 41.4 51.87 48.01 70.18 146.99 16.12 5.0 51.66 31.02 37.12 83.02 101.55 42.8 33.53 98.25 60.31 55.15 126.44 40.36 111.97 54.01 71.28 11.66 79.63 81.15 105.0 36.69 132.98 142.27 50.54 96.33 141.0 4.0 14.87 121.93 42.54 95.75 138.74 106.47 19.24 40.01 73.5 53.46 130.29 70.49 126.19 87.28 84.34 48.6 107.86 17.2 85.96 39.45 63.03 63.51 99.62 6.08 149.05 79.25 124.1 
82.49 41.11 43.01 78.0 43.01 68.73 52.01 79.16 49.04 57.8 87.09 39.62 41.23 78.77 14.04 54.01 32.28 56.61 27.78 22.36 34.01 63.89 97.05 95.52 15.52 102.32 0.0 25.02 22.47 65.28 34.99 49.73 50.16 50.21 77.41 50.01 43.6 45.22 56.92 47.1 51.0 68.25 16.28 27.31 80.89 84.01 24.74 93.02 43.05 97.08 70.18 50.57 61.07 36.0 55.15 90.25 100.57 57.08 73.93 98.01 37.95 5.83 62.17 85.21 31.14 49.01 56.01 35.51 68.47 13.0 56.59 36.06 93.3 32.25 35.85 7.81 65.8 36.4 49.77 52.2 30.02 59.67 98.62 89.19 34.71 59.81 8.25 40.45 30.08 99.82 94.02 30.61 52.2 29.07 35.01 24.33 16.28 25.94 66.01 10.0 85.7 20.4 63.6 48.17 39.29 8.0 101.19 51.62 29.41 43.93 
57.87 19.8 67.47 53.01 65.39 44.38 73.79 54.33 34.54 41.68 65.0 60.83 56.59 56.44 39.0 29.0 46.69 39.96 51.24 12.08 50.45 41.18 72.11 72.9 40.31 80.13 25.02 0.0 9.85 40.61 58.19 26.93 25.18 70.49 52.77 25.08 36.01 67.62 34.67 22.09 76.01 44.27 27.8 12.0 56.52 59.0 49.5 68.07 18.03 72.06 45.4 30.41 45.65 11.05 79.12 66.85 77.82 32.25 54.45 73.03 39.22 22.36 38.28 60.41 42.52 24.0 31.0 58.52 43.93 37.48 43.08 11.05 70.26 30.36 35.74 30.81 44.82 61.0 73.76 29.68 40.46 81.01 76.66 66.21 56.36 38.01 17.03 65.38 46.23 75.69 69.01 20.02 36.24 54.01 10.2 49.09 17.69 27.29 41.0 33.73 63.06 5.83 40.71 37.66 17.03 26.57 78.29 76.53 26.25 63.81 
61.01 18.68 62.2 57.56 58.52 47.04 66.48 58.08 28.6 36.8 64.62 53.49 47.63 56.3 36.14 34.21 37.8 35.36 45.4 2.24 41.88 41.48 76.16 73.05 36.22 79.85 22.47 9.85 0.0 44.05 51.97 27.46 31.38 62.61 56.0 29.83 27.46 60.73 34.48 28.23 72.44 46.27 19.7 5.0 59.14 63.64 45.04 72.25 24.17 76.94 49.09 28.18 40.46 17.0 73.16 67.91 78.11 36.35 51.87 77.32 29.41 22.2 40.2 64.03 33.24 29.41 36.14 52.17 47.0 33.14 36.89 18.03 70.88 20.62 25.96 26.08 43.38 56.04 67.9 29.83 31.11 73.41 76.16 66.76 49.34 37.34 16.4 61.03 37.74 77.78 73.68 11.4 31.14 50.99 15.65 46.57 9.49 17.49 45.89 29.07 63.25 12.04 41.23 30.08 17.12 21.0 78.75 72.0 16.49 55.9 
17.26 26.93 106.23 14.32 101.79 5.0 109.14 14.04 36.8 34.67 30.53 96.32 87.09 22.85 79.31 13.04 78.11 33.02 89.36 45.18 82.86 13.6 32.14 36.07 80.02 43.86 65.28 40.61 44.05 0.0 95.75 18.38 18.03 104.4 12.17 15.81 48.6 103.94 16.28 20.12 116.16 7.28 62.8 40.31 16.16 20.25 89.0 28.28 23.41 33.53 5.1 24.21 37.59 29.61 116.97 28.43 40.36 8.54 31.02 33.38 60.9 62.97 7.21 20.0 72.45 17.46 11.4 95.89 3.61 77.01 40.8 30.08 32.56 53.71 57.71 70.0 21.59 100.08 111.76 17.49 70.23 115.52 41.23 29.0 92.57 17.49 57.56 105.0 79.12 35.47 30.08 43.01 33.97 94.34 30.41 89.56 53.24 55.66 7.07 73.0 27.2 46.1 12.65 44.6 27.29 65.03 40.46 116.02 51.26 97.8 
112.36 69.18 12.08 109.49 8.6 98.33 17.8 109.77 69.23 77.88 111.88 9.06 24.41 104.39 24.84 86.12 24.7 77.47 7.21 50.64 20.62 91.01 127.88 120.81 20.52 126.59 34.99 58.19 51.97 95.75 0.0 78.16 82.97 18.68 107.47 81.79 58.52 10.63 84.0 79.81 27.66 97.13 33.06 55.44 110.16 115.57 13.42 124.04 75.69 128.89 100.84 76.06 79.81 68.41 21.21 117.15 125.9 88.28 95.9 129.12 45.69 40.22 91.2 115.62 29.97 81.25 88.07 1.0 98.51 22.2 74.04 68.96 119.42 47.07 46.49 27.73 90.45 9.43 16.03 80.06 31.38 25.61 122.64 115.35 6.4 86.05 42.94 15.62 21.47 128.0 125.6 54.01 73.16 20.02 67.19 22.8 42.58 42.3 97.86 25.06 111.45 54.63 91.0 64.56 68.47 31.62 126.78 23.26 47.38 15.03 
34.23 9.0 89.0 32.7 83.86 20.22 91.01 32.02 20.59 22.09 38.08 78.26 68.71 29.53 63.56 15.23 59.77 20.1 72.01 28.16 64.56 14.32 50.01 46.1 63.64 53.24 49.73 26.93 27.46 18.38 78.16 0.0 17.12 86.13 29.43 12.17 31.11 85.99 7.81 16.03 99.85 19.0 45.1 23.09 32.02 38.63 72.34 46.32 15.81 51.87 23.41 8.25 26.02 17.69 99.32 40.52 51.08 13.45 28.84 51.42 42.72 48.47 13.04 37.66 54.08 14.04 16.12 78.23 20.62 60.53 26.93 19.21 43.66 35.34 39.45 53.46 18.44 83.05 94.19 2.83 51.87 97.27 49.74 39.56 74.67 11.31 42.72 88.28 60.88 50.36 48.38 24.74 18.97 78.45 17.69 73.98 36.06 37.36 22.8 56.44 36.25 32.76 13.93 28.02 10.44 48.26 51.62 99.13 32.89 79.56 
34.54 20.25 92.57 28.28 89.81 22.8 97.86 30.36 37.0 39.2 47.51 84.86 78.23 39.2 64.07 5.0 68.6 37.22 76.16 33.11 72.95 25.5 47.52 53.81 65.49 61.55 50.16 25.18 31.38 18.03 82.97 17.12 0.0 93.94 29.55 5.0 45.79 92.03 22.36 3.16 101.08 24.04 51.08 29.15 34.0 34.13 74.67 43.42 7.28 47.0 21.93 25.32 43.1 14.56 104.05 46.4 58.26 9.9 43.32 48.26 55.17 47.01 19.42 36.4 63.51 3.16 6.71 83.24 21.63 62.65 43.93 14.14 50.45 46.69 51.62 55.9 32.57 86.15 98.72 19.0 61.29 104.79 58.69 46.75 80.65 25.71 42.05 90.55 68.88 53.23 44.05 34.71 35.9 79.03 15.81 74.0 40.85 46.62 16.28 58.86 44.55 30.0 24.6 43.86 18.44 51.42 58.41 101.71 43.28 87.24 
120.07 77.49 23.77 118.6 11.0 106.23 7.21 118.14 73.17 81.01 116.07 10.82 19.1 109.37 42.54 96.38 26.48 81.06 24.6 60.84 21.59 97.49 136.06 125.06 37.74 130.02 50.21 70.49 62.61 104.4 18.68 86.13 93.94 0.0 115.45 91.92 61.01 10.2 90.8 90.8 39.4 104.56 42.94 65.0 117.48 124.62 31.95 132.44 86.76 137.93 109.48 82.38 82.05 79.61 21.93 122.59 130.03 97.74 99.01 137.53 47.0 55.9 98.95 123.69 32.39 91.79 98.23 17.72 106.74 38.6 76.06 80.53 124.26 51.62 49.09 42.43 95.43 26.0 20.25 87.56 34.53 11.18 126.02 120.34 15.81 92.23 57.38 30.41 25.3 134.08 134.48 61.4 77.16 38.47 78.26 41.48 53.24 48.76 107.56 40.36 116.28 68.01 97.67 67.0 77.49 44.82 131.06 32.25 53.37 6.71 
5.1 38.33 118.11 8.06 113.28 9.22 120.42 3.61 45.28 41.11 24.33 107.69 97.72 19.24 91.44 24.7 89.02 39.82 101.18 57.04 93.86 19.42 20.62 27.29 92.09 34.99 77.41 52.77 56.0 12.17 107.47 29.43 29.55 115.45 0.0 27.89 57.71 115.41 25.08 31.95 128.25 11.18 74.43 52.09 5.0 11.4 101.02 17.09 35.44 23.32 7.62 33.62 43.14 41.77 128.66 18.87 30.81 20.62 31.78 22.14 70.77 75.13 16.49 8.25 83.24 29.41 22.85 107.56 9.0 89.05 47.51 42.2 23.32 64.2 67.78 82.02 25.5 112.02 123.49 27.89 81.04 126.61 33.11 20.62 104.09 24.7 69.72 117.02 90.24 23.71 19.72 54.13 41.88 106.47 42.58 101.71 65.07 66.71 14.21 85.02 20.4 58.25 18.87 53.0 39.05 77.0 30.61 128.0 62.1 108.91 
32.98 16.28 91.79 28.02 88.32 20.12 96.14 29.27 32.31 34.23 43.84 83.17 75.66 35.38 64.03 4.47 66.19 32.25 75.13 31.32 70.68 21.1 47.04 50.61 65.07 58.26 50.01 25.08 29.83 15.81 81.79 12.17 5.0 91.92 27.89 0.0 41.62 90.52 17.46 5.0 101.0 20.81 49.34 26.93 31.95 34.06 74.17 43.01 7.62 47.27 20.4 20.4 38.12 14.04 102.96 43.57 55.22 7.28 38.63 48.0 51.66 47.38 15.56 35.36 60.9 2.24 6.32 82.0 19.31 62.13 39.05 14.32 47.43 43.42 48.17 55.23 27.86 85.48 97.67 14.0 58.67 102.88 55.23 43.6 79.12 20.88 42.11 90.14 66.71 51.26 44.1 31.62 31.05 79.06 15.0 74.17 39.29 43.91 16.12 58.22 41.11 30.41 20.25 39.36 15.0 50.49 55.47 101.24 40.22 85.23 
61.74 25.55 70.52 62.68 61.81 48.88 67.07 60.9 12.65 20.0 55.08 55.58 42.11 48.66 53.81 45.61 35.23 20.1 54.23 25.71 40.2 38.48 77.88 64.07 51.4 69.07 43.6 36.01 27.46 48.6 58.52 31.11 45.79 61.01 57.71 41.62 0.0 63.64 32.76 43.42 84.58 46.53 29.83 24.02 58.69 68.26 57.8 74.69 40.72 81.01 53.25 24.41 21.38 36.4 78.26 61.98 69.03 44.55 38.05 79.62 14.04 46.14 41.88 65.74 29.27 42.72 46.86 58.24 49.93 48.41 15.52 38.33 63.39 12.21 12.17 42.45 34.93 65.92 73.76 31.24 27.46 72.06 65.07 59.54 53.37 33.11 41.15 72.09 37.66 73.76 77.41 16.12 16.49 66.29 35.17 63.41 27.78 18.44 53.81 44.69 55.44 39.46 38.91 6.08 27.73 37.48 70.06 81.6 14.21 55.04 
120.21 77.1 13.6 117.9 2.24 106.21 7.21 117.89 75.17 83.49 118.15 8.06 24.19 111.0 35.47 94.92 28.44 83.29 17.69 59.2 23.54 98.25 135.96 127.14 31.11 132.54 45.22 67.62 60.73 103.94 10.63 85.99 92.03 10.2 115.41 90.52 63.64 0.0 91.35 88.87 29.53 104.81 41.23 63.79 117.83 123.98 23.85 132.2 84.76 137.32 109.04 83.15 85.0 77.49 14.87 124.02 132.19 96.77 101.6 137.3 50.01 50.61 98.99 123.63 34.37 90.14 96.84 9.9 106.53 32.65 79.08 78.19 126.02 53.04 51.48 37.74 97.01 16.12 11.4 87.69 36.22 15.0 128.56 122.0 11.4 93.13 53.0 20.22 26.08 135.18 133.96 61.4 79.16 29.12 76.22 32.7 51.24 49.09 106.48 35.23 118.02 64.41 98.33 69.72 76.69 41.15 133.14 22.8 54.04 10.63 
29.41 15.81 95.13 30.0 89.27 16.12 96.03 28.18 20.62 18.79 30.41 83.49 72.8 21.93 70.6 19.0 64.33 17.0 78.1 34.93 69.23 7.07 45.54 38.63 70.41 45.62 56.92 34.67 34.48 16.28 84.0 7.81 22.36 90.8 25.08 17.46 32.76 91.35 0.0 22.14 106.53 13.93 51.04 29.83 26.68 35.51 78.92 42.15 22.83 48.3 20.62 8.54 22.14 25.46 105.04 33.54 43.66 15.3 21.47 47.17 45.69 55.95 9.22 33.24 58.46 19.65 19.1 84.01 17.2 67.27 24.7 26.91 36.4 39.29 42.72 60.21 10.82 89.36 100.0 5.0 56.29 101.98 42.06 32.28 80.16 3.61 50.16 94.76 65.76 44.01 44.72 30.02 17.69 85.38 25.5 81.04 42.58 42.3 22.47 63.15 28.79 40.5 7.0 28.43 17.89 54.92 44.27 105.48 37.48 84.34 
37.0 17.89 89.44 31.14 86.65 24.7 94.7 32.98 35.17 38.01 48.8 81.71 75.17 40.36 61.03 7.28 65.51 36.01 73.01 29.97 69.84 26.08 50.36 55.44 62.39 63.13 47.1 22.09 28.23 20.12 79.81 16.03 3.16 90.8 31.95 5.0 43.42 88.87 22.14 0.0 98.05 25.61 47.93 26.08 36.25 37.05 71.57 46.27 4.12 50.01 24.35 24.02 42.0 11.4 100.9 48.26 60.0 11.66 43.46 51.16 52.4 44.05 20.52 39.05 60.46 2.83 9.22 80.08 23.71 59.54 42.43 11.05 52.2 43.84 48.84 52.77 32.7 83.02 95.57 18.25 58.25 101.64 60.14 48.41 77.49 25.63 39.01 87.46 65.76 55.54 47.01 31.83 34.37 76.01 12.65 71.01 37.7 43.6 19.1 55.73 46.01 27.02 25.24 41.79 15.81 48.27 60.22 98.62 40.36 84.1 
133.3 90.93 16.4 129.0 29.68 119.42 33.53 130.1 94.24 103.12 135.82 34.83 51.66 127.88 37.01 105.0 52.2 102.46 30.41 71.7 48.27 113.6 148.03 144.59 36.22 150.86 51.0 76.01 72.44 116.16 27.66 99.85 101.08 39.4 128.25 101.0 84.58 29.53 106.53 98.05 0.0 118.71 56.32 76.79 131.55 135.0 27.66 144.01 94.02 148.05 121.1 99.25 105.48 87.0 21.0 140.07 149.68 108.04 120.81 149.0 72.56 54.23 112.64 136.13 57.14 100.0 107.0 28.32 119.27 39.32 99.92 87.02 142.77 72.62 72.9 46.39 114.24 18.87 19.65 102.11 58.31 38.33 147.0 138.65 33.97 109.04 59.03 12.53 48.83 150.21 145.01 77.37 98.03 22.09 86.01 27.29 63.95 67.07 117.0 43.42 134.94 71.11 113.44 90.47 89.56 51.62 150.44 8.0 72.11 39.66 
15.52 28.0 108.0 17.03 102.7 3.16 109.66 14.42 34.13 30.41 23.6 97.02 86.68 15.65 82.2 19.1 78.1 29.0 91.01 47.1 82.98 8.49 31.62 29.83 82.49 37.54 68.25 44.27 46.27 7.28 97.13 19.0 24.04 104.56 11.18 20.81 46.53 104.81 13.93 25.61 118.71 0.0 64.07 42.05 13.04 22.02 91.27 28.23 28.3 34.48 8.54 22.47 32.8 33.62 118.27 22.83 34.41 14.14 24.19 33.24 59.62 66.48 6.08 19.31 72.28 22.8 17.8 97.19 5.1 79.4 36.77 34.44 26.63 53.16 56.65 72.34 15.65 102.04 113.16 17.12 70.09 115.73 34.66 22.8 93.54 13.6 60.88 107.23 79.43 31.58 30.89 43.42 30.81 97.16 34.18 92.57 55.04 55.9 14.04 75.33 20.52 49.98 7.81 41.88 29.15 67.19 34.67 118.11 51.2 98.06 
79.31 36.12 44.1 76.69 39.05 65.28 46.82 76.79 38.08 47.01 79.62 33.84 29.07 71.85 24.04 53.76 19.21 46.24 27.07 18.03 22.67 58.08 94.89 88.46 21.63 94.59 16.28 27.8 19.7 62.8 33.06 45.1 51.08 42.94 74.43 49.34 29.83 41.23 51.04 47.93 56.32 64.07 0.0 22.56 77.1 82.76 28.79 91.08 43.86 96.1 67.9 43.29 49.65 36.67 54.23 84.38 93.56 55.54 64.51 96.18 21.93 21.0 58.14 82.61 16.16 49.04 55.66 33.14 65.49 18.6 44.42 37.59 86.83 17.69 20.25 12.81 58.05 38.47 49.09 47.01 14.56 53.71 90.71 82.73 29.83 53.24 18.68 44.15 18.44 95.05 92.76 21.21 41.79 36.72 35.34 33.6 10.3 11.4 65.25 14.87 78.92 26.25 58.03 35.23 35.51 8.54 94.37 54.59 16.12 36.24 
57.04 14.14 66.03 54.13 61.61 43.01 69.26 54.33 23.85 31.89 59.81 56.32 49.09 51.55 40.8 31.38 39.45 30.41 49.09 5.1 43.83 36.88 72.44 68.31 40.61 75.03 27.31 12.0 5.0 40.31 55.44 23.09 29.15 65.0 52.09 26.93 24.02 63.79 29.83 26.08 76.79 42.05 22.56 0.0 55.01 60.21 49.25 68.59 22.2 73.55 45.4 23.26 35.61 15.56 76.66 63.35 73.38 32.98 46.87 73.68 28.18 27.2 36.01 60.21 34.41 26.83 33.24 55.58 43.1 37.48 32.25 17.03 66.22 19.24 24.6 30.41 38.48 60.01 71.45 25.32 32.2 75.96 71.31 62.1 52.39 32.57 21.4 65.19 39.81 73.44 70.21 8.06 26.25 55.54 14.14 51.24 13.0 17.69 42.72 33.38 58.52 15.81 36.67 25.96 13.04 25.18 74.04 76.06 15.26 58.31 
3.61 41.01 121.0 12.17 115.73 12.17 122.64 7.07 46.1 41.05 20.02 110.03 99.46 16.16 94.89 29.07 91.01 39.96 104.02 60.03 95.9 20.25 19.24 22.36 95.34 30.02 80.89 56.52 59.14 16.16 110.16 32.02 34.0 117.48 5.0 31.95 58.69 117.83 26.68 36.25 131.55 13.04 77.1 55.01 0.0 13.6 104.17 16.4 39.56 23.35 12.21 35.17 42.64 45.61 131.31 13.89 25.81 24.7 29.68 21.1 72.11 78.85 19.0 7.81 85.15 33.62 27.29 110.22 12.65 92.27 47.43 46.17 18.36 65.97 69.26 85.21 25.0 115.02 126.19 30.15 82.98 128.65 28.23 15.81 106.57 25.63 73.35 120.15 92.4 19.31 19.8 56.44 42.49 109.9 46.32 105.22 68.01 68.88 19.1 88.2 16.03 62.1 19.92 53.67 42.05 80.1 25.61 131.06 64.13 111.0 
10.2 47.13 125.78 6.08 121.81 19.42 129.28 7.81 56.04 52.35 33.14 116.42 107.34 29.73 98.0 30.0 98.35 50.99 109.04 64.94 103.09 30.48 13.6 33.54 99.13 40.52 84.01 59.0 63.64 20.25 115.57 38.63 34.13 124.62 11.4 34.06 68.26 123.98 35.51 37.05 135.0 22.02 82.76 60.21 13.6 0.0 108.23 9.49 41.01 13.34 15.23 43.91 54.49 48.01 136.78 25.18 35.74 27.29 42.94 14.14 80.95 81.1 26.42 7.07 92.7 35.0 28.0 115.74 18.36 96.19 58.73 48.01 29.43 73.93 77.82 89.27 36.88 119.51 131.53 37.58 90.48 135.72 39.62 28.02 112.59 35.61 76.01 124.2 99.33 24.41 10.05 63.25 52.8 113.0 49.04 108.04 72.99 75.89 18.0 92.27 29.15 64.07 29.83 63.82 47.3 84.48 35.11 135.3 71.51 118.0 
106.04 63.39 18.38 102.18 21.95 92.09 31.06 103.0 66.85 75.77 108.17 21.59 32.98 100.22 12.21 78.31 29.15 75.03 8.0 44.18 26.93 85.99 121.04 116.93 9.22 123.23 24.74 49.5 45.04 89.0 13.42 72.34 74.67 31.95 101.02 74.17 57.8 23.85 78.92 71.57 27.66 91.27 28.79 49.25 104.17 108.23 0.0 117.07 67.48 121.41 94.01 71.59 78.29 60.3 30.89 112.45 122.02 81.06 93.3 122.1 46.86 29.15 85.21 109.0 32.65 73.33 80.31 14.32 92.02 12.04 72.9 60.53 115.12 45.65 46.62 19.0 86.59 11.7 25.55 74.55 33.24 38.83 119.37 111.0 17.12 81.39 32.98 16.0 25.55 122.69 118.27 49.73 70.58 9.43 59.21 10.0 36.35 39.81 90.27 16.0 107.28 45.12 85.84 63.53 62.13 24.08 122.78 27.07 44.78 27.46 
13.04 55.11 134.45 15.13 130.05 26.25 137.32 14.32 62.18 57.43 32.31 124.54 114.79 31.4 107.04 39.12 106.04 56.3 117.61 73.44 110.86 36.24 4.12 30.15 108.02 36.06 93.02 68.07 72.25 28.28 124.04 46.32 43.42 132.44 17.09 43.01 74.69 132.2 42.15 46.27 144.01 28.23 91.08 68.59 16.4 9.49 117.07 0.0 50.16 7.21 23.19 50.7 59.03 57.04 145.25 22.8 31.06 36.01 45.45 5.1 87.85 90.27 33.53 8.94 100.28 44.1 37.12 124.17 25.71 105.04 63.82 57.14 26.31 81.27 84.86 98.08 41.4 128.25 140.04 44.92 98.08 143.59 36.06 26.25 120.84 41.59 85.09 133.06 107.2 17.72 4.12 71.06 58.67 122.07 58.01 117.15 81.5 83.68 27.17 101.08 28.64 73.25 35.78 69.84 55.58 93.19 30.15 144.12 79.12 125.88 
40.52 15.52 85.33 35.06 82.54 27.73 90.62 36.67 33.38 37.12 50.99 77.62 71.28 42.45 57.01 11.05 61.59 35.13 68.88 25.94 65.86 27.66 54.23 58.01 58.31 65.6 43.05 18.03 24.17 23.41 75.69 15.81 7.28 86.76 35.44 7.62 40.72 84.76 22.83 4.12 94.02 28.3 43.86 22.2 39.56 41.01 67.48 50.16 0.0 54.04 27.89 23.19 41.19 7.28 96.77 51.11 62.68 14.87 44.29 55.08 49.04 40.11 22.8 42.76 56.61 6.08 13.04 75.96 26.93 55.44 41.05 7.0 54.92 40.36 45.45 48.66 33.62 78.92 91.44 18.38 54.41 97.58 62.48 51.04 73.39 26.42 35.0 83.38 61.77 58.87 51.0 28.32 33.02 72.0 8.54 67.03 33.62 39.82 23.02 51.62 48.41 23.09 26.91 39.56 13.0 44.15 62.97 94.53 36.77 80.06 
19.85 60.44 139.04 19.42 135.15 32.2 142.62 20.12 68.6 64.2 39.4 129.76 120.55 38.6 111.04 43.1 111.63 63.01 122.33 78.26 116.39 42.72 7.0 36.67 112.29 42.05 97.08 72.06 76.94 33.53 128.89 51.87 47.0 137.93 23.32 47.27 81.01 137.32 48.3 50.01 148.05 34.48 96.1 73.55 23.35 13.34 121.41 7.21 54.04 0.0 28.46 56.8 65.95 61.13 150.1 29.73 37.05 40.61 52.63 5.1 93.94 94.01 39.4 15.62 105.95 48.09 41.11 129.07 31.38 109.37 70.6 61.03 32.98 87.09 90.87 102.49 48.27 132.74 144.84 50.7 103.73 149.04 42.43 33.24 125.93 48.02 89.02 137.36 112.64 23.02 3.61 76.54 65.19 126.02 62.2 121.0 86.31 89.19 31.14 105.48 35.78 77.0 42.19 76.32 60.64 97.74 36.01 148.49 84.76 131.32 
12.65 32.02 111.29 9.43 106.89 5.39 114.24 9.0 41.23 38.42 29.15 101.41 92.11 22.36 84.21 17.09 83.17 36.88 94.43 50.25 87.93 16.64 27.07 33.6 85.01 41.4 70.18 45.4 49.09 5.1 100.84 23.41 21.93 109.48 7.62 20.4 53.25 109.04 20.62 24.35 121.1 8.54 67.9 45.4 12.21 15.23 94.01 23.19 27.89 28.46 0.0 28.84 41.05 34.37 122.05 25.5 37.54 13.15 32.56 28.28 65.76 67.74 11.4 15.03 77.49 21.84 15.23 100.98 3.61 82.0 44.69 34.71 29.83 58.69 62.61 75.01 24.17 105.12 116.84 22.36 75.27 120.6 39.12 26.63 97.67 21.26 62.39 110.0 84.2 31.3 25.0 48.08 38.21 99.25 35.23 94.43 58.31 60.73 7.21 78.01 25.5 50.8 15.81 49.04 32.39 70.06 37.48 121.04 56.3 102.88 
37.95 10.63 87.37 38.28 81.1 24.6 87.69 36.67 12.81 14.0 36.69 75.24 64.29 28.64 63.91 23.41 55.9 12.0 70.35 28.23 60.83 15.13 54.08 45.35 63.32 51.87 50.57 30.41 28.18 24.21 76.06 8.25 25.32 82.38 33.62 20.4 24.41 83.15 8.54 24.02 99.25 22.47 43.29 23.26 35.17 43.91 71.59 50.7 23.19 56.8 28.84 0.0 18.03 23.26 97.0 41.11 50.45 21.1 24.08 55.71 37.16 50.25 17.49 41.79 50.01 22.2 24.17 76.03 25.55 60.17 18.68 25.08 43.57 30.81 34.18 53.16 15.23 81.74 92.02 7.21 47.85 93.56 48.1 39.46 72.03 10.0 44.42 87.3 57.43 52.04 53.23 22.09 10.77 78.45 22.83 74.33 35.44 34.06 29.73 56.04 35.69 36.07 15.3 20.52 13.6 47.8 51.2 97.87 29.15 75.95 
46.1 27.2 91.76 49.82 83.19 35.81 88.28 46.69 12.04 4.12 34.71 76.94 63.01 29.55 72.95 40.61 56.57 6.08 75.27 39.62 61.52 24.41 61.61 43.57 71.2 48.01 61.07 45.65 40.46 37.59 79.81 26.02 43.1 82.05 43.14 38.12 21.38 85.0 22.14 42.0 105.48 32.8 49.65 35.61 42.64 54.49 78.29 59.03 41.19 65.95 41.05 18.03 0.0 40.52 99.64 42.72 48.37 37.36 17.12 63.6 35.13 62.23 30.41 50.33 50.64 40.05 41.0 79.56 37.44 68.1 6.0 42.45 43.42 32.89 33.54 61.59 17.69 86.98 95.13 24.19 48.84 93.01 44.01 39.85 74.73 20.12 56.59 93.05 59.03 54.78 62.37 30.48 9.43 86.35 39.85 83.01 44.82 38.48 44.28 64.14 35.74 50.77 25.24 15.3 30.36 56.3 49.5 102.79 33.54 76.24 
46.87 13.34 78.09 42.0 75.27 33.53 83.38 43.29 31.06 36.4 55.22 70.38 64.4 46.62 50.01 18.03 54.64 34.48 61.61 18.87 58.83 31.4 61.07 62.77 51.16 70.18 36.0 11.05 17.0 29.61 68.41 17.69 14.56 79.61 41.77 14.04 36.4 77.49 25.46 11.4 87.0 33.62 36.67 15.56 45.61 48.01 60.3 57.04 7.28 61.13 34.37 23.26 40.52 0.0 89.5 56.36 67.6 21.21 46.4 62.01 43.27 33.38 27.73 49.37 49.82 13.04 20.02 68.68 32.98 48.26 39.32 2.0 59.94 34.41 39.66 41.44 36.12 71.7 84.17 20.52 47.63 90.38 66.85 55.95 66.13 29.0 28.07 76.24 54.71 64.85 58.03 22.47 31.58 65.03 1.41 60.13 26.4 33.24 30.02 44.41 53.0 16.49 30.81 36.22 10.2 36.88 68.0 87.37 30.61 72.9 
133.54 90.35 12.81 130.7 16.49 119.51 14.87 130.98 89.56 98.01 132.46 22.8 38.91 125.14 43.05 107.28 43.17 97.74 27.89 71.85 38.33 112.02 149.09 141.43 39.81 146.99 55.15 79.12 73.16 116.97 21.21 99.32 104.05 21.93 128.66 102.96 78.26 14.87 105.04 100.9 21.0 118.27 54.23 76.66 131.31 136.78 30.89 145.25 96.77 150.1 122.05 97.0 99.64 89.5 0.0 138.03 146.49 109.49 116.11 150.34 64.76 59.93 112.36 136.82 49.03 102.39 109.24 21.1 119.71 42.15 93.74 89.99 140.17 67.36 66.1 48.38 111.16 19.42 5.39 101.18 50.8 17.72 143.01 136.13 25.08 107.0 63.32 18.6 40.61 149.01 146.81 75.03 93.54 31.83 88.29 36.8 63.79 63.03 119.05 45.54 132.19 75.27 112.04 84.34 89.68 52.63 147.41 13.0 68.07 25.06 
15.81 49.24 128.47 25.63 122.0 23.6 128.25 20.62 49.5 42.45 10.0 116.04 103.95 13.34 104.05 41.4 96.25 41.98 111.45 68.45 101.24 26.48 23.26 8.54 103.94 16.12 90.25 66.85 67.91 28.43 117.15 40.52 46.4 122.59 18.87 43.57 61.98 124.02 33.54 48.26 140.07 22.83 84.38 63.35 13.89 25.18 112.45 22.8 51.11 29.73 25.5 41.11 42.72 56.36 138.03 0.0 12.04 36.62 26.42 25.5 75.95 88.87 28.64 18.11 90.27 45.49 39.82 117.11 24.84 100.81 48.38 57.25 4.47 71.11 73.55 93.74 27.17 122.8 133.09 38.08 88.2 133.73 14.56 3.61 113.0 31.14 83.17 128.27 98.08 12.08 26.93 63.2 45.54 118.88 56.86 114.48 76.12 75.01 32.65 96.69 7.21 72.62 26.68 56.29 50.96 88.46 12.04 138.92 70.0 116.35 
27.29 59.46 137.46 37.12 130.25 35.47 136.0 32.25 57.04 49.04 14.04 124.15 111.11 21.84 114.18 53.26 104.02 49.0 120.51 78.45 109.02 36.77 30.07 5.1 113.76 5.0 100.57 77.82 78.11 40.36 125.9 51.08 58.26 130.03 30.81 55.22 69.03 132.19 43.66 60.0 149.68 34.41 93.56 73.38 25.81 35.74 122.02 31.06 62.68 37.05 37.54 50.45 48.37 67.6 146.49 12.04 0.0 48.41 31.26 32.14 83.05 99.54 39.96 28.79 98.02 57.2 51.74 125.78 36.8 110.6 54.33 68.6 7.81 79.16 81.0 103.58 35.51 132.02 141.69 48.47 96.05 141.09 6.4 11.66 121.41 40.8 93.78 137.67 106.12 14.32 35.01 72.37 53.04 128.84 68.0 124.62 85.87 83.6 44.69 106.48 14.87 83.63 37.16 63.07 61.47 98.23 1.41 148.12 78.52 124.0 
25.71 20.59 98.51 21.21 94.59 13.04 102.2 22.09 33.84 33.84 37.64 89.29 80.96 29.41 71.11 5.0 71.69 31.95 81.74 37.66 76.32 16.49 40.0 43.93 72.01 51.66 57.08 32.25 36.35 8.54 88.28 13.45 9.9 97.74 20.62 7.28 44.55 96.77 15.3 11.66 108.04 14.14 55.54 32.98 24.7 27.29 81.06 36.01 14.87 40.61 13.15 21.1 37.36 21.21 109.49 36.62 48.41 0.0 34.71 41.05 55.8 54.59 9.85 28.16 66.21 8.94 4.12 88.46 12.08 69.03 39.4 21.59 40.61 48.02 52.43 62.07 24.19 92.27 104.24 13.89 63.98 108.78 48.8 36.88 85.38 18.03 49.25 97.05 72.45 44.01 37.34 36.67 31.76 86.15 22.09 81.3 45.71 49.24 9.85 65.07 34.66 37.66 15.52 41.4 20.25 57.22 48.6 108.12 45.18 91.08 
33.29 34.66 107.71 39.56 99.72 27.29 105.12 35.34 26.68 18.11 17.72 93.54 80.01 14.14 86.76 39.29 73.25 18.44 90.96 51.62 78.23 18.25 47.38 26.48 85.62 31.02 73.93 54.45 51.87 31.02 95.9 28.84 43.32 99.01 31.78 38.63 38.05 101.6 21.47 43.46 120.81 24.19 64.51 46.87 29.68 42.94 93.3 45.45 44.29 52.63 32.56 24.08 17.12 46.4 116.11 26.42 31.26 34.71 0.0 49.52 52.01 74.06 25.18 37.44 67.27 40.85 38.83 95.71 29.27 82.46 23.09 48.01 26.57 48.84 50.16 75.64 10.77 102.62 111.46 26.08 65.38 110.0 27.02 23.26 91.08 17.89 68.24 108.52 75.54 38.47 49.2 43.86 22.8 100.85 46.23 97.08 58.14 53.85 38.05 78.39 19.24 60.14 19.24 32.02 37.48 70.26 32.39 118.6 48.76 93.09 
17.89 60.21 139.52 20.02 135.15 31.32 142.41 19.42 67.08 62.13 35.36 129.63 119.85 35.38 112.02 44.05 111.13 61.06 122.69 78.52 115.95 41.15 2.24 32.02 113.04 37.12 98.01 73.03 77.32 33.38 129.12 51.42 48.26 137.53 22.14 48.0 79.62 137.3 47.17 51.16 149.0 33.24 96.18 73.68 21.1 14.14 122.1 5.1 55.08 5.1 28.28 55.71 63.6 62.01 150.34 25.5 32.14 41.05 49.52 0.0 92.85 95.19 38.6 13.93 105.36 49.04 42.05 129.26 30.81 110.07 68.51 62.07 28.46 86.33 89.89 103.12 46.04 133.3 145.12 50.0 103.16 148.68 37.66 29.07 125.94 46.52 90.05 138.09 112.29 18.0 5.0 76.16 63.53 127.04 63.0 122.1 86.58 88.77 32.06 106.12 31.91 78.16 40.72 74.71 60.67 98.25 31.06 149.16 84.2 130.97 
75.03 35.47 57.78 75.18 48.27 61.74 53.15 73.82 26.48 34.01 69.12 41.98 28.07 62.65 45.22 55.97 21.59 34.13 42.19 27.2 26.48 51.87 91.18 78.1 41.87 83.02 37.95 39.22 29.41 60.9 45.69 42.72 55.17 47.0 70.77 51.66 14.04 50.01 45.69 52.4 72.56 59.62 21.93 28.18 72.11 80.95 46.86 87.85 49.04 93.94 65.76 37.16 35.13 43.27 64.76 75.95 83.05 55.8 52.01 92.85 0.0 41.98 54.56 78.92 15.81 52.33 57.49 45.31 62.61 39.2 29.15 44.94 77.41 8.94 3.61 34.48 48.84 53.71 60.44 43.42 14.32 58.03 79.03 73.55 40.16 46.49 38.21 60.03 24.35 87.66 90.38 20.81 30.41 55.9 41.88 53.81 25.0 13.0 65.46 36.06 69.46 40.79 52.2 20.0 36.77 30.46 84.1 68.94 13.0 41.11 
