15
0.0 3.16 4.12 5.1 10.05 12.04 4.47 18.68 6.0 18.03 11.0 9.22 6.0 7.21 8.0 
3.16 0.0 5.39 8.0 11.7 11.18 7.07 21.84 3.16 21.19 14.04 6.71 7.62 9.9 5.1 
4.12 5.39 0.0 7.81 6.32 8.6 3.0 19.03 6.4 18.11 12.65 8.25 2.24 5.39 8.06 
5.1 8.0 7.81 0.0 11.7 16.4 5.83 14.32 11.05 13.89 6.08 14.32 8.6 7.07 13.04 
10.05 11.7 6.32 11.7 0.0 9.06 6.08 17.72 12.21 16.49 14.14 12.81 4.12 5.0 13.45 
12.04 11.18 8.6 16.4 9.06 0.0 11.18 26.31 9.22 25.18 21.02 7.07 8.54 12.37 9.0 
4.47 7.07 3.0 5.83 6.08 11.18 0.0 16.03 8.94 15.13 9.85 11.18 2.83 2.83 10.77 
18.68 21.84 19.03 14.32 17.72 26.31 16.03 0.0 24.52 1.41 8.6 27.17 18.03 14.04 26.48 
6.0 3.16 6.4 11.05 12.21 9.22 8.94 24.52 0.0 23.77 17.0 3.61 8.49 11.66 2.0 
18.03 21.19 18.11 13.89 16.49 25.18 15.13 1.41 23.77 0.0 8.49 26.31 17.0 13.0 25.71 
11.0 14.04 12.65 6.08 14.14 21.02 9.85 8.6 17.0 8.49 0.0 20.1 12.53 9.22 19.0 
9.22 6.71 8.25 14.32 12.81 7.07 11.18 27.17 3.61 26.31 20.1 0.0 9.85 13.6 2.24 
6.0 7.62 2.24 8.6 4.12 8.54 2.83 18.03 8.49 17.0 12.53 9.85 0.0 4.0 10.0 
7.21 9.9 5.39 7.07 5.0 12.37 2.83 14.04 11.66 13.0 9.22 13.6 4.0 0.0 13.42 
8.0 5.1 8.06 13.04 13.45 9.0 10.77 26.48 2.0 25.71 19.0 2.24 10.0 13.42 0.0 
