30
0.0 41.44 7.28 20.25 18.87 19.92 13.93 19.7 37.22 10.2 22.47 29.0 36.4 18.79 22.0 10.82 29.21 5.0 8.94 21.47 17.69 8.06 8.06 32.39 25.61 7.81 10.0 42.49 32.14 38.08 
41.44 0.0 44.92 29.41 29.68 48.76 30.08 35.11 10.77 42.15 54.57 24.41 9.9 34.79 19.92 34.18 21.63 46.39 34.48 52.63 53.46 49.03 48.04 9.06 28.65 36.0 47.04 13.34 9.49 5.0 
7.28 44.92 0.0 19.42 18.25 26.31 15.13 26.93 39.12 5.0 27.86 35.47 41.18 26.0 25.0 11.05 35.36 7.62 10.44 27.2 22.36 5.83 12.08 36.06 32.45 14.76 15.52 47.71 35.44 42.15 
20.25 29.41 19.42 0.0 1.41 37.8 7.21 30.36 21.19 15.03 41.73 31.26 29.41 29.41 12.08 9.43 29.61 24.6 11.4 40.36 37.64 25.0 28.3 21.93 31.02 20.81 29.83 36.62 20.52 28.28 
18.87 29.68 18.25 1.41 0.0 36.4 5.83 29.12 21.84 14.0 40.31 30.41 29.21 28.16 11.66 8.06 28.86 23.26 10.0 38.95 36.24 23.77 26.93 21.93 30.0 19.42 28.43 36.4 20.62 28.32 
19.92 48.76 26.31 37.8 36.4 0.0 30.61 14.04 48.76 30.08 6.0 27.02 40.45 14.14 33.84 29.15 29.02 19.03 26.93 4.0 8.49 23.02 15.03 40.5 22.02 17.03 11.0 44.0 41.23 44.15 
13.93 30.08 15.13 7.21 5.83 30.61 0.0 23.54 24.02 12.08 34.66 26.25 27.66 22.56 10.3 4.12 25.08 18.68 5.1 33.24 30.81 20.02 21.93 21.47 25.18 13.6 23.02 34.66 20.62 27.78 
19.7 35.11 26.93 30.36 29.12 14.04 23.54 0.0 36.4 28.64 20.02 13.15 26.48 1.0 22.8 24.02 15.0 22.2 22.0 18.03 20.62 26.63 20.52 27.29 8.25 12.37 17.2 30.02 28.3 30.36 
37.22 10.77 39.12 21.19 21.84 48.76 24.02 36.4 0.0 35.51 54.13 28.84 17.26 35.81 15.52 28.07 26.08 42.19 29.0 52.33 51.87 44.0 44.72 10.3 31.89 33.53 44.64 23.02 8.6 13.0 
10.2 42.15 5.0 15.03 14.0 30.08 12.08 28.64 35.51 0.0 32.2 35.51 39.41 27.66 22.36 8.06 35.0 12.21 8.49 31.38 26.93 10.82 16.64 33.54 33.11 16.28 19.7 46.23 32.7 39.82 
22.47 54.57 27.86 41.73 40.31 6.0 34.66 20.02 54.13 32.2 0.0 33.02 46.39 20.1 38.95 32.65 35.01 20.25 30.48 2.0 6.0 23.54 15.81 46.17 28.02 21.4 12.53 50.0 46.82 50.01 
29.0 24.41 35.47 31.26 30.41 27.02 26.25 13.15 28.84 35.51 33.02 0.0 14.76 13.34 20.02 28.64 2.83 32.8 27.29 31.02 33.73 36.88 32.25 18.6 5.0 21.26 29.55 17.03 20.25 19.42 
36.4 9.9 41.18 29.41 29.21 40.45 27.66 26.48 17.26 39.41 46.39 14.76 0.0 26.31 17.69 31.4 12.08 41.11 31.06 44.41 46.0 44.38 41.98 8.25 19.31 29.83 40.31 7.21 10.2 5.0 
18.79 34.79 26.0 29.41 28.16 14.14 22.56 1.0 35.81 27.66 20.1 13.34 26.31 0.0 22.02 23.02 15.03 21.4 21.0 18.11 20.4 25.81 19.85 26.83 8.54 11.4 16.64 30.07 27.78 30.08 
22.0 19.92 25.0 12.08 11.66 33.84 10.3 22.8 15.52 22.36 38.95 20.02 17.69 22.02 0.0 14.32 18.03 27.0 14.56 37.22 36.4 29.27 29.27 11.18 20.88 18.03 29.12 24.84 10.44 17.49 
10.82 34.18 11.05 9.43 8.06 29.15 4.12 24.02 28.07 8.06 32.65 28.64 31.4 23.02 14.32 0.0 27.78 15.23 2.24 31.4 28.32 16.12 18.87 25.5 26.93 12.65 20.52 38.29 24.7 31.76 
29.21 21.63 35.36 29.61 28.86 29.02 25.08 15.0 26.08 35.0 35.01 2.83 12.08 15.03 18.03 27.78 0.0 33.29 26.63 33.02 35.36 37.2 33.11 15.81 7.28 21.63 30.68 15.03 17.49 16.64 
5.0 46.39 7.62 24.6 23.26 19.03 18.68 22.2 42.19 12.21 20.25 32.8 41.11 21.4 27.0 15.23 33.29 0.0 13.6 19.65 14.76 4.47 4.47 37.34 29.0 11.66 8.06 47.01 37.12 42.95 
8.94 34.48 10.44 11.4 10.0 26.93 5.1 22.0 29.0 8.49 30.48 27.29 31.06 21.0 14.56 2.24 26.63 13.6 0.0 29.21 26.25 15.0 17.0 25.63 25.3 10.44 18.44 37.8 25.0 31.78 
21.47 52.63 27.2 40.36 38.95 4.0 33.24 18.03 52.33 31.38 2.0 31.02 44.41 18.11 37.22 31.4 33.02 19.65 29.21 0.0 6.32 23.19 15.3 44.27 26.02 19.85 11.7 48.0 44.94 48.05 
17.69 53.46 22.36 37.64 36.24 8.49 30.81 20.62 51.87 26.93 6.0 33.73 46.0 20.4 36.4 28.32 35.36 14.76 26.25 6.32 0.0 17.72 10.3 44.72 28.86 18.38 7.81 50.36 45.12 49.16 
8.06 49.03 5.83 25.0 23.77 23.02 20.02 26.63 44.0 10.82 23.54 36.88 44.38 25.81 29.27 16.12 37.2 4.47 15.0 23.19 17.72 0.0 8.0 40.02 33.24 15.62 12.04 50.54 39.62 45.88 
8.06 48.04 12.08 28.3 26.93 15.03 21.93 20.52 44.72 16.64 15.81 32.25 41.98 19.85 29.27 18.87 33.11 4.47 17.0 15.3 10.3 8.0 0.0 39.01 28.02 12.17 4.12 47.43 39.01 44.28 
32.39 9.06 36.06 21.93 21.93 40.5 21.47 27.29 10.3 33.54 46.17 18.6 8.25 26.83 11.18 25.5 15.81 37.34 25.63 44.27 44.72 40.02 39.01 0.0 21.93 27.02 38.12 15.23 2.0 6.4 
25.61 28.65 32.45 31.02 30.0 22.02 25.18 8.25 31.89 33.11 28.02 5.0 19.31 8.54 20.88 26.93 7.28 29.0 25.3 26.02 28.86 33.24 28.02 21.93 0.0 17.8 25.06 22.02 23.35 23.71 
7.81 36.0 14.76 20.81 19.42 17.03 13.6 12.37 33.53 16.28 21.4 21.26 29.83 11.4 18.03 12.65 21.63 11.66 10.44 19.85 18.38 15.62 12.17 27.02 17.8 0.0 11.18 35.47 27.17 32.14 
10.0 47.04 15.52 29.83 28.43 11.0 23.02 17.2 44.64 19.7 12.53 29.55 40.31 16.64 29.12 20.52 30.68 8.06 18.44 11.7 7.81 12.04 4.12 38.12 25.06 11.18 0.0 45.35 38.33 43.01 
42.49 13.34 47.71 36.62 36.4 44.0 34.66 30.02 23.02 46.23 50.0 17.03 7.21 30.07 24.84 38.29 15.03 47.01 37.8 48.0 50.36 50.54 47.43 15.23 22.02 35.47 45.35 0.0 17.09 10.05 
32.14 9.49 35.44 20.52 20.62 41.23 20.62 28.3 8.6 32.7 46.82 20.25 10.2 27.78 10.44 24.7 17.49 37.12 25.0 44.94 45.12 39.62 39.01 2.0 23.35 27.17 38.33 17.09 0.0 7.81 
38.08 5.0 42.15 28.28 28.32 44.15 27.78 30.36 13.0 39.82 50.01 19.42 5.0 30.08 17.49 31.76 16.64 42.95 31.78 48.05 49.16 45.88 44.28 6.4 23.71 32.14 43.01 10.05 7.81 0.0 
