35
0.0 27.66 5.39 37.36 28.46 14.21 25.55 38.6 26.57 37.44 27.51 14.56 36.88 27.02 18.03 4.12 36.0 28.07 4.47 11.18 24.04 23.26 8.54 15.26 38.9 28.16 37.12 20.52 19.7 22.2 43.05 4.47 9.85 5.0 34.21 
27.66 0.0 27.31 45.31 3.0 16.28 31.3 45.88 35.85 37.48 36.72 13.15 46.1 43.28 35.38 26.08 49.93 44.69 30.68 27.2 4.12 31.91 27.78 19.8 34.0 38.08 49.24 23.32 9.22 41.04 43.29 23.35 20.59 26.0 33.54 
5.39 27.31 0.0 32.02 28.65 16.64 20.25 33.24 21.19 32.2 22.14 15.0 31.58 22.2 13.04 9.06 31.06 23.35 4.12 5.83 24.19 17.89 3.16 11.4 33.97 22.8 32.02 15.81 20.62 17.72 37.74 7.28 7.07 1.41 29.07 
37.36 45.31 32.02 0.0 48.1 45.01 14.32 1.41 11.05 12.08 10.05 40.2 2.0 14.21 20.12 41.0 10.0 14.42 34.18 26.48 44.92 15.0 28.86 28.16 18.79 9.22 7.07 22.56 44.72 19.1 12.04 38.47 32.02 32.76 14.21 
28.46 3.0 28.65 48.1 0.0 16.0 34.01 48.7 38.47 40.45 39.36 13.93 48.85 45.61 37.48 26.48 52.48 47.01 31.78 29.07 4.47 34.48 29.41 22.02 37.0 40.71 51.88 25.94 9.06 43.14 46.27 24.04 22.2 27.29 36.5 
14.21 16.28 16.64 45.01 16.0 0.0 31.06 46.0 34.06 41.23 35.06 5.83 45.1 37.95 28.79 11.18 46.32 39.22 18.38 19.92 12.17 30.02 18.79 17.12 40.31 36.12 46.69 23.35 7.07 34.01 47.3 9.9 13.15 15.26 37.36 
25.55 31.3 20.25 14.32 34.01 31.06 0.0 15.13 5.0 12.04 5.66 26.02 14.87 14.87 12.65 28.64 19.1 16.16 23.43 14.42 30.68 3.16 17.2 14.0 15.23 7.07 18.03 8.25 30.41 16.0 17.49 25.63 18.44 20.59 9.43 
38.6 45.88 33.24 1.41 48.7 46.0 15.13 0.0 12.17 11.66 11.18 41.11 3.16 15.62 21.47 42.2 11.05 15.81 35.47 27.66 45.61 16.03 30.08 29.07 18.36 10.44 8.0 23.35 45.54 20.52 11.0 39.62 33.06 33.96 14.14 
26.57 35.85 21.19 11.05 38.47 34.06 5.0 12.17 0.0 13.42 1.0 29.43 11.05 10.2 10.63 30.08 14.21 11.4 23.71 15.52 34.93 4.12 18.03 17.46 18.25 2.24 13.42 12.53 34.21 12.37 17.69 27.46 21.0 21.84 12.17 
37.44 37.48 32.2 12.08 40.45 41.23 12.04 11.66 13.42 0.0 13.0 35.69 13.93 22.36 23.85 40.31 21.59 23.19 35.47 26.4 38.05 14.87 29.21 24.35 6.71 13.6 18.97 18.03 39.12 25.63 6.08 37.12 29.55 32.45 4.0 
27.51 36.72 22.14 10.05 39.36 35.06 5.66 11.18 1.0 13.0 0.0 30.41 10.05 10.05 11.31 31.05 13.45 11.18 24.6 16.49 35.85 5.1 18.97 18.44 18.11 1.41 12.53 13.42 35.17 12.65 17.03 28.44 22.0 22.8 12.04 
14.56 13.15 15.0 40.2 13.93 5.83 26.02 41.11 29.43 35.69 30.41 0.0 40.45 34.44 25.55 13.0 42.38 35.78 17.89 16.64 9.49 25.32 16.28 12.04 34.54 31.58 42.45 18.03 5.66 31.06 41.77 10.2 9.43 13.6 31.78 
36.88 46.1 31.58 2.0 48.85 45.1 14.87 3.16 11.05 13.93 10.05 40.45 0.0 12.73 19.31 40.61 8.0 12.81 33.53 26.17 45.54 15.13 28.44 28.44 20.62 9.0 5.1 23.09 45.12 17.8 14.04 38.21 32.02 32.39 15.81 
27.02 43.28 22.2 14.21 45.61 37.95 14.87 15.62 10.2 22.36 10.05 34.44 12.73 0.0 9.22 31.06 9.06 1.41 23.02 18.03 41.62 12.53 19.42 23.6 28.02 9.0 10.77 20.62 39.82 5.39 25.08 29.43 25.08 23.35 22.0 
18.03 35.38 13.04 20.12 37.48 28.79 12.65 21.47 10.63 23.85 11.31 25.55 19.31 9.22 0.0 22.0 18.03 10.44 14.32 8.94 33.3 9.49 10.2 15.62 27.86 11.4 19.1 14.56 31.06 5.66 28.32 20.22 16.12 14.14 21.93 
4.12 26.08 9.06 41.0 26.48 11.18 28.64 42.2 30.08 40.31 31.05 13.0 40.61 31.06 22.0 0.0 40.01 32.14 8.54 14.56 22.2 26.57 12.17 16.97 41.23 31.78 41.05 22.8 17.46 26.31 46.07 3.61 11.31 8.25 36.89 
36.0 49.93 31.06 10.0 52.48 46.32 19.1 11.05 14.21 21.59 13.45 42.38 8.0 9.06 18.03 40.01 0.0 8.25 32.06 26.48 48.76 18.03 28.16 30.87 28.16 12.04 3.16 26.63 47.54 14.32 22.02 38.21 33.24 32.14 22.85 
28.07 44.69 23.35 14.42 47.01 39.22 16.16 15.81 11.4 23.19 11.18 35.78 12.81 1.41 10.44 32.14 8.25 0.0 24.0 19.31 43.01 13.89 20.62 25.0 29.0 10.05 10.3 22.02 41.18 6.08 25.63 30.59 26.4 24.52 23.02 
4.47 30.68 4.12 34.18 31.78 18.38 23.43 35.47 23.71 35.47 24.6 17.89 33.53 23.02 14.32 8.54 32.06 24.0 0.0 9.22 27.31 20.81 6.4 15.52 37.64 25.08 33.38 19.72 23.32 18.03 40.8 8.49 11.0 5.0 32.53 
11.18 27.2 5.83 26.48 29.07 19.92 14.42 27.66 15.52 26.4 16.49 16.64 26.17 18.03 8.94 14.56 26.48 19.31 9.22 0.0 24.76 12.08 2.83 8.25 28.43 17.26 27.07 10.77 22.2 14.42 31.91 12.04 7.21 6.32 23.35 
24.04 4.12 24.19 44.92 4.47 12.17 30.68 45.61 34.93 38.05 35.85 9.49 45.54 41.62 33.3 22.2 48.76 43.01 27.31 24.76 0.0 30.87 25.0 18.03 35.23 37.16 48.33 22.47 5.1 38.95 44.01 19.65 17.8 22.83 34.06 
23.26 31.91 17.89 15.0 34.48 30.02 3.16 16.03 4.12 14.87 5.1 25.32 15.13 12.53 9.49 26.57 18.03 13.89 20.81 12.08 30.87 0.0 14.76 13.34 18.38 6.32 17.46 8.6 30.08 13.04 20.0 23.77 17.03 18.38 12.53 
8.54 27.78 3.16 28.86 29.41 18.79 17.2 30.08 18.03 29.21 18.97 16.28 28.44 19.42 10.2 12.17 28.16 20.62 6.4 2.83 25.0 14.76 0.0 10.0 31.24 19.65 29.0 13.42 21.93 15.23 34.67 10.05 7.21 4.0 26.17 
15.26 19.8 11.4 28.16 22.02 17.12 14.0 29.07 17.46 24.35 18.44 12.04 28.44 23.6 15.62 16.97 30.87 25.0 15.52 8.25 18.03 13.34 10.0 0.0 24.41 19.65 30.68 6.32 16.76 21.26 30.36 13.45 5.66 10.77 20.62 
38.9 34.0 33.97 18.79 37.0 40.31 15.23 18.36 18.25 6.71 18.11 34.54 20.62 28.02 27.86 41.23 28.16 29.0 37.64 28.43 35.23 18.38 31.24 24.41 0.0 19.03 25.63 18.44 37.11 30.59 10.3 37.8 30.0 33.94 6.08 
28.16 38.08 22.8 9.22 40.71 36.12 7.07 10.44 2.24 13.6 1.41 31.58 9.0 9.0 11.4 31.78 12.04 10.05 25.08 17.26 37.16 6.32 19.65 19.65 19.03 0.0 11.18 14.76 36.4 12.08 17.2 29.27 23.02 23.54 13.0 
37.12 49.24 32.02 7.07 51.88 46.69 18.03 8.0 13.42 18.97 12.53 42.45 5.1 10.77 19.1 41.05 3.16 10.3 33.38 27.07 48.33 17.46 29.0 30.68 25.63 11.18 0.0 25.94 47.43 16.16 19.0 39.01 33.54 33.0 20.59 
20.52 23.32 15.81 22.56 25.94 23.35 8.25 23.35 12.53 18.03 13.42 18.03 23.09 20.62 14.56 22.8 26.63 22.02 19.72 10.77 22.47 8.6 13.42 6.32 18.44 14.76 25.94 0.0 22.2 19.7 24.04 19.42 11.66 15.62 14.32 
19.7 9.22 20.62 44.72 9.06 7.07 30.41 45.54 34.21 39.12 35.17 5.66 45.12 39.82 31.06 17.46 47.54 41.18 23.32 22.2 5.1 30.08 21.93 16.76 37.11 36.4 47.43 22.2 0.0 36.62 45.18 15.23 15.0 19.21 35.13 
22.2 41.04 17.72 19.1 43.14 34.01 16.0 20.52 12.37 25.63 12.65 31.06 17.8 5.39 5.66 26.31 14.32 6.08 18.03 14.42 38.95 13.04 15.23 21.26 30.59 12.08 16.16 19.7 36.62 0.0 29.15 25.0 21.63 18.97 24.52 
43.05 43.29 37.74 12.04 46.27 47.3 17.49 11.0 17.69 6.08 17.03 41.77 14.04 25.08 28.32 46.07 22.02 25.63 40.8 31.91 44.01 20.0 34.67 30.36 10.3 17.2 19.0 24.04 45.18 29.15 0.0 42.95 35.47 38.08 10.05 
4.47 23.35 7.28 38.47 24.04 9.9 25.63 39.62 27.46 37.12 28.44 10.2 38.21 29.43 20.22 3.61 38.21 30.59 8.49 12.04 19.65 23.77 10.05 13.45 37.8 29.27 39.01 19.42 15.23 25.0 42.95 0.0 7.81 6.08 33.62 
9.85 20.59 7.07 32.02 22.2 13.15 18.44 33.06 21.0 29.55 22.0 9.43 32.02 25.08 16.12 11.31 33.24 26.4 11.0 7.21 17.8 17.03 7.21 5.66 30.0 23.02 33.54 11.66 15.0 21.63 35.47 7.81 0.0 6.0 25.94 
5.0 26.0 1.41 32.76 27.29 15.26 20.59 33.96 21.84 32.45 22.8 13.6 32.39 23.35 14.14 8.25 32.14 24.52 5.0 6.32 22.83 18.38 4.0 10.77 33.94 23.54 33.0 15.62 19.21 18.97 38.08 6.08 6.0 0.0 29.21 
34.21 33.54 29.07 14.21 36.5 37.36 9.43 14.14 12.17 4.0 12.04 31.78 15.81 22.0 21.93 36.89 22.85 23.02 32.53 23.35 34.06 12.53 26.17 20.62 6.08 13.0 20.59 14.32 35.13 24.52 10.05 33.62 25.94 29.21 0.0 
