45
0.0 62.03 72.01 34.0 9.43 15.65 6.08 2.0 59.03 58.08 8.6 54.13 71.02 7.0 63.79 25.32 31.26 64.2 47.27 3.16 6.08 56.22 27.66 22.85 13.89 55.11 67.12 23.02 17.03 4.12 56.32 61.4 14.32 14.04 58.25 42.11 41.11 11.4 25.71 68.36 34.23 32.89 60.0 12.53 30.27 
62.03 0.0 10.44 28.07 67.27 48.84 61.52 62.13 5.0 4.12 69.35 15.81 12.81 55.04 12.04 37.48 31.58 7.28 15.3 59.08 56.08 6.71 35.23 42.45 55.9 12.04 7.81 39.12 45.1 63.29 7.21 5.1 48.01 48.09 11.18 20.02 21.59 60.42 37.85 7.81 28.64 32.28 2.83 51.16 32.06 
72.01 10.44 0.0 38.01 77.52 58.31 71.18 72.01 13.04 14.56 79.1 21.47 13.15 65.01 12.73 47.1 41.11 8.94 25.71 69.0 66.0 17.09 45.54 51.62 66.29 21.63 5.83 49.0 55.0 73.06 17.46 13.6 58.14 58.0 19.85 30.27 31.06 69.72 47.27 8.94 38.12 42.72 12.04 61.4 42.3 
34.0 28.07 38.01 0.0 39.81 21.19 33.54 34.06 25.08 24.19 41.3 21.95 37.95 27.0 30.68 9.85 5.0 30.41 13.93 31.02 28.02 22.56 9.22 15.81 29.55 22.83 33.24 11.05 17.03 35.23 22.8 27.89 20.22 20.02 25.94 8.54 7.62 32.89 10.82 34.71 4.0 11.4 26.0 23.77 5.66 
9.43 67.27 77.52 39.81 0.0 24.21 15.23 11.18 64.78 63.2 13.15 61.03 75.11 14.42 70.34 32.31 37.95 70.21 52.09 12.04 14.21 61.07 32.06 31.06 12.65 59.08 72.99 29.41 23.77 12.65 61.03 66.01 19.65 21.02 62.13 47.27 47.3 20.62 33.11 73.01 40.8 36.12 65.49 16.12 35.23 
15.65 48.84 58.31 21.19 24.21 0.0 13.04 14.87 45.28 45.12 21.1 39.2 59.14 9.9 49.09 11.4 17.26 50.04 35.11 12.53 10.0 43.68 18.38 7.28 20.25 43.86 53.08 10.82 6.71 15.3 43.97 49.04 10.0 6.0 47.01 29.73 27.29 11.7 11.05 55.79 20.22 24.76 46.53 13.34 19.42 
6.08 61.52 71.18 33.54 15.23 13.04 0.0 4.12 58.14 57.71 8.06 52.24 71.31 8.49 62.13 24.08 30.07 63.01 47.3 5.39 7.07 56.09 28.64 20.22 18.97 55.66 66.03 22.56 16.76 2.83 56.29 61.39 15.81 13.93 58.82 41.98 40.11 5.39 24.0 68.25 33.06 34.48 59.3 15.62 30.68 
2.0 62.13 72.01 34.06 11.18 14.87 4.12 0.0 59.0 58.22 7.62 53.76 71.39 7.28 63.51 25.08 31.06 64.07 47.52 3.16 6.08 56.44 28.16 22.14 15.65 55.54 67.03 23.02 17.03 2.24 56.57 61.66 14.87 14.04 58.69 42.3 41.01 9.49 25.32 68.59 34.06 33.62 60.03 13.6 30.59 
59.03 5.0 13.04 25.08 64.78 45.28 58.14 59.0 0.0 5.1 66.07 10.82 17.8 52.04 8.94 34.06 28.07 5.83 13.89 56.01 53.01 7.62 32.98 38.64 53.85 13.93 8.25 36.01 42.01 60.03 8.54 9.22 45.28 45.01 14.14 17.72 18.03 56.72 34.23 12.73 25.08 30.87 2.24 48.66 29.61 
58.08 4.12 14.56 24.19 63.2 45.12 57.71 58.22 5.1 0.0 65.49 14.87 15.0 51.09 13.93 33.73 27.89 10.0 11.18 55.15 52.15 2.83 31.14 38.9 51.79 8.94 11.4 35.23 41.19 59.41 3.61 5.0 44.0 44.18 9.06 16.0 18.03 56.75 34.21 10.77 25.0 28.16 3.61 47.1 28.02 
8.6 69.35 79.1 41.3 13.15 21.1 8.06 7.62 66.07 65.49 0.0 60.3 78.85 14.87 70.18 32.02 38.01 71.0 54.92 10.77 13.6 63.79 35.74 28.28 22.02 63.06 74.01 30.27 24.33 6.08 63.95 69.05 22.47 21.38 66.22 49.65 48.04 11.66 32.02 75.95 41.01 41.23 67.19 21.1 38.08 
54.13 15.81 21.47 21.95 61.03 39.2 52.24 53.76 10.82 14.87 60.3 0.0 28.6 47.3 10.05 28.86 23.09 12.53 17.09 50.99 48.05 16.28 31.06 32.06 51.43 22.02 15.65 31.62 37.36 54.45 17.26 19.7 41.44 40.26 23.35 17.8 14.42 50.0 28.44 23.43 20.25 31.11 13.04 45.31 27.46 
71.02 12.81 13.15 37.95 75.11 59.14 71.31 71.39 17.8 15.0 78.85 28.6 0.0 64.13 23.09 47.76 42.15 18.03 24.04 68.25 65.31 15.65 43.42 53.31 63.0 16.03 16.28 48.76 54.57 72.78 15.23 10.3 56.72 57.49 13.0 29.41 32.65 70.84 48.47 5.39 39.4 39.01 15.62 59.3 40.79 
7.0 55.04 65.01 27.0 14.42 9.9 8.49 7.28 52.04 51.09 14.87 47.3 64.13 0.0 56.89 18.44 24.33 57.22 40.31 4.12 1.41 49.25 20.88 16.64 12.0 48.27 60.13 16.03 10.05 8.94 49.37 54.45 7.62 7.07 51.42 35.13 34.13 11.7 18.97 61.4 27.29 26.4 53.0 7.21 23.35 
63.79 12.04 12.73 30.68 70.34 49.09 62.13 63.51 8.94 13.93 70.18 10.05 23.09 56.89 0.0 38.47 32.56 5.1 21.93 60.67 57.71 16.55 39.4 42.01 60.17 22.85 7.21 41.0 46.87 64.28 17.46 17.12 50.7 49.82 22.8 24.7 23.09 60.01 38.21 17.72 29.61 38.28 10.44 54.41 35.85 
25.32 37.48 47.1 9.85 32.31 11.4 24.08 25.08 34.06 33.73 32.02 28.86 47.76 18.44 38.47 0.0 6.0 39.01 23.77 22.2 19.24 32.28 10.2 6.4 24.08 32.65 42.0 3.61 8.54 26.0 32.57 37.64 13.04 11.4 35.78 18.38 16.03 23.09 2.0 44.38 9.0 16.16 35.23 17.2 9.43 
31.26 31.58 41.11 5.0 37.95 17.26 30.07 31.06 28.07 27.89 38.01 23.09 42.15 24.33 32.56 6.0 0.0 33.02 18.36 28.16 25.18 26.57 10.77 11.18 28.84 27.46 36.0 8.54 14.32 32.0 26.93 31.95 18.38 17.26 30.53 13.04 10.05 28.86 6.32 38.6 3.0 15.0 29.27 22.36 8.06 
64.2 7.28 8.94 30.41 70.21 50.04 63.01 64.07 5.83 10.0 71.0 12.53 18.03 57.22 5.1 39.01 33.02 0.0 19.72 61.13 58.14 12.81 38.6 43.19 59.48 18.87 3.16 41.19 47.17 65.01 13.6 12.37 50.64 50.16 18.38 23.41 23.09 61.29 39.01 12.65 30.02 36.67 6.4 54.13 35.17 
47.27 15.3 25.71 13.93 52.09 35.11 47.3 47.52 13.89 11.18 54.92 17.09 24.04 40.31 21.93 23.77 18.36 19.72 0.0 44.41 41.44 9.0 20.02 29.53 40.61 9.22 21.93 24.74 30.59 48.84 9.06 14.14 33.06 33.54 12.21 5.39 10.0 46.82 24.6 21.1 15.81 17.09 13.93 36.01 17.03 
3.16 59.08 69.0 31.02 12.04 12.53 5.39 3.16 56.01 55.15 10.77 50.99 68.25 4.12 60.67 22.2 28.16 61.13 44.41 0.0 3.0 53.34 25.0 19.7 13.6 52.39 64.07 20.0 14.0 5.0 53.46 58.55 11.7 11.0 55.54 39.2 38.05 10.0 22.56 65.49 31.14 30.46 57.01 10.63 27.46 
6.08 56.08 66.0 28.02 14.21 10.0 7.07 6.08 53.01 52.15 13.6 48.05 65.31 1.41 57.71 19.24 25.18 58.14 41.44 3.0 0.0 50.36 22.14 17.0 13.04 49.48 61.07 17.0 11.0 7.62 50.49 55.58 8.94 8.0 52.63 36.22 35.06 10.44 19.65 62.51 28.16 27.73 54.01 8.6 24.52 
56.22 6.71 17.09 22.56 61.07 43.68 56.09 56.44 7.62 2.83 63.79 16.28 15.65 49.25 16.55 32.28 26.57 12.81 9.0 53.34 50.36 0.0 29.02 37.7 49.5 6.32 14.21 33.54 39.46 57.71 1.0 5.39 42.05 42.43 7.07 14.14 17.0 55.36 32.89 12.17 23.77 25.71 6.4 45.01 26.02 
27.66 35.23 45.54 9.22 32.06 18.38 28.64 28.16 32.98 31.14 35.74 31.06 43.42 20.88 39.4 10.2 10.77 38.6 20.02 25.0 22.14 29.02 0.0 16.16 20.88 27.46 41.23 8.06 12.21 29.73 29.0 34.01 13.34 14.76 30.59 15.3 16.64 29.41 12.17 41.01 12.21 6.4 33.54 16.0 3.61 
22.85 42.45 51.62 15.81 31.06 7.28 20.22 22.14 38.64 38.9 28.28 32.06 53.31 16.64 42.01 6.4 11.18 43.19 29.53 19.7 17.0 37.7 16.16 0.0 25.24 38.59 46.27 8.25 8.94 22.56 38.08 43.08 13.89 10.63 41.68 24.19 20.88 18.11 5.0 49.65 13.93 22.36 40.02 18.03 15.81 
13.89 55.9 66.29 29.55 12.65 20.25 18.97 15.65 53.85 51.79 22.02 51.43 63.0 12.0 60.17 24.08 28.84 59.48 40.61 13.6 13.04 49.5 20.88 25.24 0.0 47.01 62.1 20.62 16.4 17.89 49.37 54.23 11.4 14.76 50.0 36.14 37.16 23.35 25.46 61.2 31.38 24.02 54.34 7.21 24.35 
55.11 12.04 21.63 22.83 59.08 43.86 55.66 55.54 13.93 8.94 63.06 22.02 16.03 48.27 22.85 32.65 27.46 18.87 9.22 52.39 49.48 6.32 27.46 38.59 47.01 0.0 19.85 33.24 38.9 57.01 5.39 8.06 40.79 41.76 3.16 14.42 19.1 55.54 33.62 14.56 25.0 23.0 12.53 43.29 25.0 
67.12 7.81 5.83 33.24 72.99 53.08 66.03 67.03 8.25 11.4 74.01 15.65 16.28 60.13 7.21 42.0 36.0 3.16 21.93 64.07 61.07 14.21 41.23 46.27 62.1 19.85 0.0 44.1 50.09 68.0 14.87 12.53 53.46 53.08 18.87 25.96 26.02 64.38 42.05 11.05 33.0 39.0 8.06 56.89 37.85 
23.02 39.12 49.0 11.05 29.41 10.82 22.56 23.02 36.01 35.23 30.27 31.62 48.76 16.03 41.0 3.61 8.54 41.19 24.74 20.0 17.0 33.54 8.06 8.25 20.62 33.24 44.1 0.0 6.0 24.19 33.73 38.83 9.85 9.0 36.4 19.42 18.11 22.36 5.39 45.71 11.4 14.42 37.01 13.89 8.6 
17.03 45.1 55.0 17.03 23.77 6.71 16.76 17.03 42.01 41.19 24.33 37.36 54.57 10.05 46.87 8.54 14.32 47.17 30.59 14.0 11.0 39.46 12.21 8.94 16.4 38.9 50.09 6.0 0.0 18.25 39.62 44.72 5.0 3.0 42.06 25.32 24.08 17.2 9.43 51.62 17.26 18.44 43.01 9.22 13.93 
4.12 63.29 73.06 35.23 12.65 15.3 2.83 2.24 60.03 59.41 6.08 54.45 72.78 8.94 64.28 26.0 32.0 65.01 48.84 5.0 7.62 57.71 29.73 22.56 17.89 57.01 68.0 24.19 18.25 0.0 57.87 62.97 16.55 15.3 60.17 43.57 42.01 8.06 26.08 69.87 35.0 35.34 61.13 15.62 32.02 
56.32 7.21 17.46 22.8 61.03 43.97 56.29 56.57 8.54 3.61 63.95 17.26 15.23 49.37 17.46 32.57 26.93 13.6 9.06 53.46 50.49 1.0 29.0 38.08 49.37 5.39 14.87 33.73 39.62 57.87 0.0 5.1 42.11 42.58 6.08 14.32 17.49 55.66 33.24 12.04 24.17 25.5 7.21 45.0 26.08 
61.4 5.1 13.6 27.89 66.01 49.04 61.39 61.66 9.22 5.0 69.05 19.7 10.3 54.45 17.12 37.64 31.95 12.37 14.14 58.55 55.58 5.39 34.01 43.08 54.23 8.06 12.53 38.83 44.72 62.97 5.1 0.0 47.17 47.68 6.4 19.42 22.36 60.73 38.28 7.0 29.15 30.27 7.07 50.01 31.14 
14.32 48.01 58.14 20.22 19.65 10.0 15.81 14.87 45.28 44.0 22.47 41.44 56.72 7.62 50.7 13.04 18.38 50.64 33.06 11.7 8.94 42.05 13.34 13.89 11.4 40.79 53.46 9.85 5.0 16.55 42.11 47.17 0.0 4.0 43.93 28.0 27.66 17.8 14.21 54.15 21.19 18.79 46.1 4.24 16.03 
14.04 48.09 58.0 20.02 21.02 6.0 13.93 14.04 45.01 44.18 21.38 40.26 57.49 7.07 49.82 11.4 17.26 50.16 33.54 11.0 8.0 42.43 14.76 10.63 14.76 41.76 53.08 9.0 3.0 15.3 42.58 47.68 4.0 0.0 44.92 28.28 27.07 14.87 12.08 54.59 20.22 20.81 46.01 7.62 16.76 
58.25 11.18 19.85 25.94 62.13 47.01 58.82 58.69 14.14 9.06 66.22 23.35 13.0 51.42 22.8 35.78 30.53 18.38 12.21 55.54 52.63 7.07 30.59 41.68 50.0 3.16 18.87 36.4 42.06 60.17 6.08 6.4 43.93 44.92 0.0 17.49 21.93 58.69 36.72 12.08 28.02 26.02 12.37 46.39 28.16 
42.11 20.02 30.27 8.54 47.27 29.73 41.98 42.3 17.72 16.0 49.65 17.8 29.41 35.13 24.7 18.38 13.04 23.41 5.39 39.2 36.22 14.14 15.3 24.19 36.14 14.42 25.96 19.42 25.32 43.57 14.32 19.42 28.0 28.28 17.49 0.0 6.08 41.44 19.24 26.31 10.63 13.6 18.25 31.14 12.04 
41.11 21.59 31.06 7.62 47.3 27.29 40.11 41.01 18.03 18.03 48.04 14.42 32.65 34.13 23.09 16.03 10.05 23.09 10.0 38.05 35.06 17.0 16.64 20.88 37.16 19.1 26.02 18.11 24.08 42.01 17.49 22.36 27.66 27.07 21.93 6.08 0.0 38.83 16.28 28.79 7.07 17.2 19.24 31.32 13.04 
11.4 60.42 69.72 32.89 20.62 11.7 5.39 9.49 56.72 56.75 11.66 50.0 70.84 11.7 60.01 23.09 28.86 61.29 46.82 10.0 10.44 55.36 29.41 18.11 23.35 55.54 64.38 22.36 17.2 8.06 55.66 60.73 17.8 14.87 58.69 41.44 38.83 0.0 22.56 67.45 31.78 35.61 58.05 18.79 30.89 
25.71 37.85 47.27 10.82 33.11 11.05 24.0 25.32 34.23 34.21 32.02 28.44 48.47 18.97 38.21 2.0 6.32 39.01 24.6 22.56 19.65 32.89 12.17 5.0 25.46 33.62 42.05 5.39 9.43 26.08 33.24 38.28 14.21 12.08 36.72 19.24 16.28 22.56 0.0 44.92 9.22 18.03 35.51 18.44 11.18 
68.36 7.81 8.94 34.71 73.01 55.79 68.25 68.59 12.73 10.77 75.95 23.43 5.39 61.4 17.72 44.38 38.6 12.65 21.1 65.49 62.51 12.17 41.01 49.65 61.2 14.56 11.05 45.71 51.62 69.87 12.04 7.0 54.15 54.59 12.08 26.31 28.79 67.45 44.92 0.0 35.74 37.22 10.63 57.01 38.12 
34.23 28.64 38.12 4.0 40.8 20.22 33.06 34.06 25.08 25.0 41.01 20.25 39.4 27.29 29.61 9.0 3.0 30.02 15.81 31.14 28.16 23.77 12.21 13.93 31.38 25.0 33.0 11.4 17.26 35.0 24.17 29.15 21.19 20.22 28.02 10.63 7.07 31.78 9.22 35.74 0.0 15.3 26.31 25.08 8.94 
32.89 32.28 42.72 11.4 36.12 24.76 34.48 33.62 30.87 28.16 41.23 31.11 39.01 26.4 38.28 16.16 15.0 36.67 17.09 30.46 27.73 25.71 6.4 22.36 24.02 23.0 39.0 14.42 18.44 35.34 25.5 30.27 18.79 20.81 26.02 13.6 17.2 35.61 18.03 37.22 15.3 0.0 31.02 20.62 7.07 
60.0 2.83 12.04 26.0 65.49 46.53 59.3 60.03 2.24 3.61 67.19 13.04 15.62 53.0 10.44 35.23 29.27 6.4 13.93 57.01 54.01 6.4 33.54 40.02 54.34 12.53 8.06 37.01 43.01 61.13 7.21 7.07 46.1 46.01 12.37 18.25 19.24 58.05 35.51 10.63 26.31 31.02 0.0 49.37 30.27 
12.53 51.16 61.4 23.77 16.12 13.34 15.62 13.6 48.66 47.1 21.1 45.31 59.3 7.21 54.41 17.2 22.36 54.13 36.01 10.63 8.6 45.01 16.0 18.03 7.21 43.29 56.89 13.89 9.22 15.62 45.0 50.01 4.24 7.62 46.39 31.14 31.32 18.79 18.44 57.01 25.08 20.62 49.37 0.0 19.1 
30.27 32.06 42.3 5.66 35.23 19.42 30.68 30.59 29.61 28.02 38.08 27.46 40.79 23.35 35.85 9.43 8.06 35.17 17.03 27.46 24.52 26.02 3.61 15.81 24.35 25.0 37.85 8.6 13.93 32.02 26.08 31.14 16.03 16.76 28.16 12.04 13.04 30.89 11.18 38.12 8.94 7.07 30.27 19.1 0.0 
