25
0.0 19.85 14.32 29.0 30.15 53.49 33.12 36.35 42.01 28.28 48.26 23.85 15.0 41.98 22.2 38.05 31.78 23.35 33.53 22.47 19.24 46.27 42.95 31.62 48.66 
19.85 0.0 7.28 19.1 21.93 35.51 14.32 27.66 30.41 15.81 37.59 7.28 5.0 26.31 3.0 25.5 29.53 18.79 17.26 7.81 10.77 35.85 27.29 27.46 39.12 
14.32 7.28 0.0 17.09 19.24 39.22 18.87 25.5 29.83 15.13 36.69 14.0 3.16 28.16 8.6 25.32 24.84 14.14 19.42 8.25 6.71 34.79 29.15 23.35 37.7 
29.0 19.1 17.09 0.0 3.16 28.32 16.0 8.6 13.04 4.12 19.65 25.61 19.24 15.0 17.03 9.22 13.0 7.21 10.44 11.31 10.44 17.72 15.81 10.05 20.62 
30.15 21.93 19.24 3.16 0.0 29.73 19.03 6.32 12.17 7.28 18.11 28.6 21.63 16.28 20.0 9.43 10.05 7.07 13.15 14.21 12.53 16.12 16.97 7.0 18.68 
53.49 35.51 39.22 28.32 29.73 0.0 21.21 27.78 21.54 26.63 24.08 37.01 39.29 13.45 32.56 20.81 38.28 35.47 20.12 31.02 34.89 24.33 12.81 35.23 27.07 
33.12 14.32 18.87 16.0 19.03 21.21 0.0 22.14 21.4 12.04 28.32 16.49 18.38 13.89 11.4 16.64 29.0 20.88 6.71 11.31 16.4 27.02 14.76 26.02 30.61 
36.35 27.66 25.5 8.6 6.32 27.78 22.14 0.0 7.21 12.04 12.0 33.97 27.78 14.87 25.46 7.28 10.63 13.04 15.52 19.85 18.79 10.0 15.23 7.81 12.37 
42.01 30.41 29.83 13.04 12.17 21.54 21.4 7.21 0.0 14.87 7.21 35.81 31.62 10.05 27.78 5.0 17.69 19.24 14.87 22.85 23.35 5.66 10.0 15.0 9.22 
28.28 15.81 15.13 4.12 7.28 26.63 12.04 12.04 14.87 0.0 21.93 21.93 16.76 13.93 13.45 10.2 17.03 9.43 7.21 8.06 9.06 20.12 14.87 14.14 23.32 
48.26 37.59 36.69 19.65 18.11 24.08 28.32 12.0 7.21 21.93 0.0 43.01 38.63 15.65 34.99 12.21 20.62 25.02 21.93 29.97 30.08 2.0 15.23 18.68 3.0 
23.85 7.28 14.0 25.61 28.6 37.01 16.49 33.97 35.81 21.93 43.01 0.0 11.05 30.08 8.6 30.81 36.67 26.0 21.47 14.42 18.03 41.4 31.02 34.48 44.82 
15.0 5.0 3.16 19.24 21.63 39.29 18.38 27.78 31.62 16.76 38.63 11.05 0.0 29.0 7.21 26.93 27.8 17.03 20.02 9.06 9.22 36.77 30.0 26.17 39.81 
41.98 26.31 28.16 15.0 16.28 13.45 13.89 14.87 10.05 13.93 15.65 30.08 29.0 0.0 23.35 7.62 25.06 22.2 9.06 20.02 22.8 14.87 1.0 21.95 18.38 
22.2 3.0 8.6 17.03 20.0 32.56 11.4 25.46 27.78 13.45 34.99 8.6 7.21 23.35 0.0 22.83 28.23 17.72 14.32 5.83 10.05 33.29 24.33 25.94 36.62 
38.05 25.5 25.32 9.22 9.43 20.81 16.64 7.28 5.0 10.2 12.21 30.81 26.93 7.62 22.83 0.0 17.49 16.16 10.0 18.03 19.03 10.63 8.06 14.42 14.14 
31.78 29.53 24.84 13.0 10.05 38.28 29.0 10.63 17.69 17.03 20.62 36.67 27.8 25.06 28.23 17.49 0.0 10.82 23.19 22.47 18.87 18.79 25.55 3.16 19.65 
23.35 18.79 14.14 7.21 7.07 35.47 20.88 13.04 19.24 9.43 25.02 26.0 17.03 22.2 17.72 16.16 10.82 0.0 16.64 12.17 8.06 23.02 23.02 9.22 25.32 
33.53 17.26 19.42 10.44 13.15 20.12 6.71 15.52 14.87 7.21 21.93 21.47 20.02 9.06 14.32 10.0 23.19 16.64 0.0 11.18 14.76 20.52 10.05 20.1 24.08 
22.47 7.81 8.25 11.31 14.21 31.02 11.31 19.85 22.85 8.06 29.97 14.42 9.06 20.02 5.83 18.03 22.47 12.17 11.18 0.0 5.39 28.18 21.02 20.12 31.38 
19.24 10.77 6.71 10.44 12.53 34.89 16.4 18.79 23.35 9.06 30.08 18.03 9.22 22.8 10.05 19.03 18.87 8.06 14.76 5.39 0.0 28.16 23.77 17.03 31.02 
46.27 35.85 34.79 17.72 16.12 24.33 27.02 10.0 5.66 20.12 2.0 41.4 36.77 14.87 33.29 10.63 18.79 23.02 20.52 28.18 28.16 0.0 14.56 16.76 3.61 
42.95 27.29 29.15 15.81 16.97 12.81 14.76 15.23 10.0 14.87 15.23 31.02 30.0 1.0 24.33 8.06 25.55 23.02 10.05 21.02 23.77 14.56 0.0 22.47 18.03 
31.62 27.46 23.35 10.05 7.0 35.23 26.02 7.81 15.0 14.14 18.68 34.48 26.17 21.95 25.94 14.42 3.16 9.22 20.1 20.12 17.03 16.76 22.47 0.0 18.11 
48.66 39.12 37.7 20.62 18.68 27.07 30.61 12.37 9.22 23.32 3.0 44.82 39.81 18.38 36.62 14.14 19.65 25.32 24.08 31.38 31.02 3.61 18.03 18.11 0.0 
