50
0.0 13.04 6.4 22.2 22.09 54.74 56.89 16.55 37.11 55.08 27.46 61.13 58.01 45.18 5.0 64.03 15.0 16.64 16.28 12.04 62.03 38.01 9.22 10.0 27.51 45.22 46.84 17.89 61.61 19.1 7.81 3.16 21.93 17.8 41.76 24.19 27.2 51.66 7.21 3.0 14.14 13.04 26.93 5.83 60.02 26.48 56.0 11.05 39.62 62.29 
13.04 0.0 17.46 35.06 35.01 67.48 69.58 15.23 49.65 67.47 38.63 73.55 71.0 58.08 13.6 76.49 24.6 25.55 10.05 25.0 75.01 51.0 20.62 20.25 39.81 57.49 59.23 29.83 74.15 29.07 8.06 14.14 32.2 28.79 54.13 37.05 38.08 64.13 10.3 16.03 19.85 16.97 39.05 10.77 72.69 39.2 69.01 17.2 52.35 75.17 
6.4 17.46 0.0 18.11 18.25 50.16 52.24 14.87 32.25 50.01 21.47 56.09 54.15 41.01 4.0 59.03 8.6 10.3 17.09 8.94 58.08 34.23 3.16 3.61 22.36 40.02 41.77 12.37 56.72 12.73 10.0 3.61 15.62 11.66 36.67 20.1 21.1 46.69 8.06 5.1 9.22 9.43 21.59 7.0 55.33 22.0 52.24 6.71 35.06 58.01 
22.2 35.06 18.11 0.0 1.0 32.56 34.71 31.38 15.23 33.24 12.04 39.22 36.06 23.02 22.09 42.06 15.81 17.03 34.93 10.2 40.01 16.12 15.3 16.76 7.21 23.71 25.08 7.81 39.56 14.21 28.07 21.0 13.42 11.31 20.12 2.0 13.0 29.73 26.17 19.24 22.83 25.08 7.62 25.08 37.85 4.47 34.13 22.47 17.46 40.11 
22.09 35.01 18.25 1.0 0.0 32.76 34.93 31.78 15.65 33.62 13.04 39.56 36.01 23.09 22.2 42.38 16.4 17.69 35.17 10.05 40.0 16.03 15.52 17.09 8.06 24.19 25.5 8.49 39.85 15.0 28.16 21.02 14.32 12.04 20.59 2.24 14.0 30.08 26.31 19.1 23.32 25.5 8.54 25.18 38.08 5.0 34.06 22.85 17.72 40.2 
54.74 67.48 50.16 32.56 32.76 0.0 2.24 61.29 18.0 6.08 31.58 8.6 8.94 10.3 54.15 10.63 45.1 45.28 66.03 42.76 10.63 17.89 47.1 48.01 28.0 12.08 9.85 38.01 7.81 41.3 60.13 53.34 38.47 40.05 14.32 30.59 32.76 5.66 58.08 51.79 52.24 55.15 29.02 57.14 5.39 28.28 9.22 53.04 15.13 8.54 
56.89 69.58 52.24 34.71 34.93 2.24 0.0 63.2 20.02 5.83 33.38 6.71 9.22 12.53 56.22 8.49 47.04 47.17 68.01 44.91 10.0 20.12 49.16 50.04 30.02 13.6 11.4 40.05 5.66 43.19 62.2 55.44 40.31 42.01 16.12 32.76 34.53 6.71 60.13 53.94 54.15 57.08 31.0 59.21 3.16 30.41 10.0 55.01 17.26 7.21 
16.55 15.23 14.87 31.38 31.78 61.29 63.2 0.0 43.42 60.0 30.0 66.01 66.49 53.15 12.21 69.01 16.28 16.03 6.4 23.6 70.21 47.13 16.64 14.76 33.54 50.01 52.04 24.04 67.01 20.02 10.05 14.42 23.0 21.38 47.1 33.24 29.02 57.04 9.49 18.03 9.06 6.32 32.39 10.77 66.12 34.48 64.76 8.94 46.69 69.58 
37.11 49.65 32.25 15.23 15.65 18.0 20.02 43.42 0.0 18.03 14.32 24.04 23.41 10.3 36.22 26.93 27.17 27.46 48.04 25.3 26.93 8.25 29.15 30.02 10.0 8.6 9.85 20.02 24.52 23.54 42.19 35.51 20.88 22.09 5.0 13.42 15.65 14.56 40.11 34.21 34.37 37.22 11.05 39.2 23.09 10.77 21.93 35.06 3.61 26.17 
55.08 67.47 50.01 33.24 33.62 6.08 5.83 60.0 18.03 0.0 30.0 6.08 14.87 13.6 53.94 9.06 44.1 44.01 65.12 43.32 15.81 20.52 46.87 47.52 27.66 10.05 8.25 37.66 7.07 40.01 59.84 53.37 37.0 39.2 13.34 31.38 31.02 3.61 57.71 52.2 51.01 54.04 28.44 56.89 7.21 28.79 15.3 52.15 16.12 12.73 
27.46 38.63 21.47 12.04 13.04 31.58 33.38 30.0 14.32 30.0 0.0 36.01 37.7 24.6 25.08 39.01 14.32 14.04 35.23 17.8 41.11 20.52 18.36 18.38 6.71 20.02 22.09 9.9 37.01 10.05 30.68 25.06 7.0 9.85 17.26 12.04 1.41 27.07 28.46 25.0 21.02 24.08 5.39 27.86 36.22 10.44 36.25 22.36 17.89 40.02 
61.13 73.55 56.09 39.22 39.56 8.6 6.71 66.01 24.04 6.08 36.01 0.0 15.03 18.44 60.02 3.0 50.16 50.04 71.18 49.34 14.32 25.81 52.95 53.6 33.73 16.12 14.32 43.74 2.24 46.04 65.92 59.44 43.01 45.28 19.42 37.34 37.0 9.49 63.79 58.24 57.04 60.07 34.53 62.97 5.0 34.79 16.28 58.22 21.93 10.44 
58.01 71.0 54.15 36.06 36.01 8.94 9.22 66.49 23.41 14.87 37.7 15.03 0.0 13.34 58.14 15.52 50.22 50.7 70.71 46.0 4.12 20.0 51.24 52.47 32.98 19.85 17.69 42.58 13.15 46.84 64.12 57.04 44.27 45.12 21.1 34.06 39.0 14.42 62.2 55.01 57.49 60.21 34.21 61.13 10.05 32.25 2.24 57.87 19.92 6.4 
45.18 58.08 41.01 23.02 23.09 10.3 12.53 53.15 10.3 13.6 24.6 18.44 13.34 0.0 45.01 20.81 36.88 37.36 57.43 33.14 17.12 7.62 38.05 39.2 19.65 10.2 9.0 29.27 18.03 33.53 51.01 44.01 31.02 31.78 9.43 21.02 25.94 10.3 49.04 42.19 44.15 46.87 20.88 48.01 15.65 19.03 11.7 44.55 6.71 17.12 
5.0 13.6 4.0 22.09 22.2 54.15 56.22 12.21 36.22 53.94 25.08 60.02 58.14 45.01 0.0 62.97 11.4 12.73 13.42 12.65 62.07 38.21 7.07 6.71 26.31 43.93 45.71 16.28 60.67 15.81 6.0 2.24 18.87 15.23 40.61 24.08 24.6 50.64 4.12 5.83 9.22 8.06 25.5 3.0 59.3 26.0 56.22 6.08 39.05 62.01 
64.03 76.49 59.03 42.06 42.38 10.63 8.49 69.01 26.93 9.06 39.01 3.0 15.52 20.81 62.97 0.0 53.15 53.04 74.17 52.2 14.0 28.3 55.9 56.57 36.67 19.1 17.26 46.69 2.83 49.04 68.88 62.37 46.01 48.26 22.36 40.16 40.0 12.37 66.75 61.13 60.03 63.07 37.48 65.92 5.83 37.64 17.09 61.2 24.7 10.0 
15.0 24.6 8.6 15.81 16.4 45.1 47.04 16.28 27.17 44.1 14.32 50.16 50.22 36.88 11.4 53.15 0.0 2.0 21.02 11.4 53.94 31.02 6.32 5.0 17.26 34.06 36.01 8.06 51.04 4.47 16.55 12.04 7.62 5.1 31.0 17.49 13.6 41.01 14.32 13.42 7.28 10.05 16.12 13.89 50.01 18.38 48.51 8.06 30.41 53.34 
16.64 25.55 10.3 17.03 17.69 45.28 47.17 16.03 27.46 44.01 14.04 50.04 50.7 37.36 12.73 53.04 2.0 0.0 21.21 13.34 54.34 31.78 8.25 6.71 17.72 34.0 36.01 9.22 51.0 4.0 17.49 13.6 7.07 5.83 31.06 18.6 13.15 41.01 15.26 15.23 7.0 10.05 16.49 15.0 50.09 19.24 49.04 8.54 30.81 53.6 
16.28 10.05 17.09 34.93 35.17 66.03 68.01 6.4 48.04 65.12 35.23 71.18 70.71 57.43 13.42 74.17 21.02 21.21 0.0 26.0 74.55 50.99 19.65 18.25 38.05 55.08 57.04 28.16 72.06 25.18 8.49 15.26 28.28 26.0 52.01 36.88 34.37 62.03 9.43 18.6 14.32 11.18 37.01 10.82 71.0 38.47 68.88 13.0 51.16 74.17 
12.04 25.0 8.94 10.2 10.05 42.76 44.91 23.6 25.3 43.32 17.8 49.34 46.0 33.14 12.65 52.2 11.4 13.34 26.0 0.0 50.01 26.0 7.07 9.22 16.12 33.62 35.11 8.06 49.73 13.04 18.44 11.18 14.56 10.2 30.08 12.17 18.03 39.85 16.76 9.06 16.4 17.69 15.81 15.52 48.05 14.56 44.01 14.87 27.66 50.25 
62.03 75.01 58.08 40.01 40.0 10.63 10.0 70.21 26.93 15.81 41.11 14.32 4.12 17.12 62.07 14.0 53.94 54.34 74.55 50.01 0.0 24.02 55.15 56.32 36.67 22.47 20.25 46.39 12.17 50.45 68.07 61.01 47.8 48.84 24.17 38.01 42.38 16.28 66.12 59.03 61.19 63.95 37.85 65.07 9.49 36.12 6.32 61.66 23.54 4.0 
38.01 51.0 34.23 16.12 16.03 17.89 20.12 47.13 8.25 20.52 20.52 25.81 20.0 7.62 38.21 28.3 31.02 31.78 50.99 26.0 24.02 0.0 31.4 32.76 14.42 13.93 13.89 23.09 25.55 28.18 44.18 37.05 26.08 26.0 11.18 14.14 21.93 16.97 42.3 35.01 38.28 40.8 15.81 41.19 23.26 12.65 18.03 38.33 6.08 24.52 
9.22 20.62 3.16 15.3 15.52 47.1 49.16 16.64 29.15 46.87 18.36 52.95 51.24 38.05 7.07 55.9 6.32 8.25 19.65 7.07 55.15 31.4 0.0 2.24 19.24 36.88 38.64 9.22 53.6 10.0 13.04 6.71 12.73 8.6 33.54 17.26 18.03 43.57 11.0 7.21 9.43 10.63 18.44 10.05 52.24 19.03 49.37 7.81 32.02 55.0 
10.0 20.25 3.61 16.76 17.09 48.01 50.04 14.76 30.02 47.52 18.38 53.6 52.47 39.2 6.71 56.57 5.0 6.71 18.25 9.22 56.32 32.76 2.24 0.0 20.02 37.48 39.32 10.0 54.33 9.22 12.37 7.07 12.21 8.54 34.23 18.68 17.89 44.28 10.2 8.54 7.21 8.6 19.1 9.49 53.08 20.22 50.64 5.83 33.02 56.04 
27.51 39.81 22.36 7.21 8.06 28.0 30.02 33.54 10.0 27.66 6.71 33.73 32.98 19.65 26.31 36.67 17.26 17.72 38.05 16.12 36.67 14.42 19.24 20.02 0.0 17.72 19.42 10.05 34.37 13.93 32.25 25.71 11.66 12.17 14.32 6.32 8.06 24.33 30.15 24.7 24.52 27.29 1.41 29.27 33.06 4.0 31.32 25.08 13.15 36.12 
45.22 57.49 40.02 23.71 24.19 12.08 13.6 50.01 8.6 10.05 20.02 16.12 19.85 10.2 43.93 19.1 34.06 34.0 55.08 33.62 22.47 13.93 36.88 37.48 17.72 0.0 2.24 27.66 17.0 30.0 49.82 43.42 27.02 29.15 3.61 21.95 21.1 7.07 47.68 42.38 41.0 44.01 18.44 46.87 16.28 19.24 19.1 42.11 8.06 20.62 
46.84 59.23 41.77 25.08 25.5 9.85 11.4 52.04 9.85 8.25 22.09 14.32 17.69 9.0 45.71 17.26 36.01 36.01 57.04 35.11 20.25 13.89 38.64 39.32 19.42 2.24 0.0 29.43 15.03 32.02 51.62 45.12 29.07 31.06 5.1 23.26 23.19 5.0 49.5 43.97 43.01 46.0 20.22 48.66 14.14 20.62 17.03 44.05 8.49 18.38 
17.89 29.83 12.37 7.81 8.49 38.01 40.05 24.04 20.02 37.66 9.9 43.74 42.58 29.27 16.28 46.69 8.06 9.22 28.16 8.06 46.39 23.09 9.22 10.0 10.05 27.66 29.43 0.0 44.41 6.71 22.2 15.81 7.0 3.61 24.33 9.43 10.0 34.37 20.1 15.26 15.23 17.72 9.22 19.24 43.1 10.44 40.79 15.3 23.02 46.04 
61.61 74.15 56.72 39.56 39.85 7.81 5.66 67.01 24.52 7.07 37.01 2.24 13.15 18.03 60.67 2.83 51.04 51.0 72.06 49.73 12.17 25.55 53.6 54.33 34.37 17.0 15.03 44.41 0.0 47.0 66.61 60.02 44.01 46.1 20.1 37.64 38.05 10.05 64.5 58.69 58.0 61.01 35.23 63.64 3.16 35.17 14.56 59.08 22.14 8.25 
19.1 29.07 12.73 14.21 15.0 41.3 43.19 20.02 23.54 40.01 10.05 46.04 46.84 33.53 15.81 49.04 4.47 4.0 25.18 13.04 50.45 28.18 10.0 9.22 13.93 30.0 32.02 6.71 47.0 0.0 21.02 16.28 3.16 3.16 27.07 15.56 9.22 37.01 18.79 17.2 11.0 14.04 12.65 18.36 46.1 15.81 45.22 12.37 26.93 49.65 
7.81 8.06 10.0 28.07 28.16 60.13 62.2 10.05 42.19 59.84 30.68 65.92 64.12 51.01 6.0 68.88 16.55 17.49 8.49 18.44 68.07 44.18 13.04 12.37 32.25 49.82 51.62 22.2 66.61 21.02 0.0 7.28 24.17 20.88 46.53 30.07 30.08 56.57 2.24 10.3 12.04 9.43 31.4 3.0 65.28 32.0 62.2 9.22 45.04 68.01 
3.16 14.14 3.61 21.0 21.02 53.34 55.44 14.42 35.51 53.37 25.06 59.44 57.04 44.01 2.24 62.37 12.04 13.6 15.26 11.18 61.01 37.05 6.71 7.07 25.71 43.42 45.12 15.81 60.02 16.28 7.28 0.0 19.21 15.26 40.02 23.0 24.7 50.01 5.83 3.61 11.05 10.2 25.0 4.47 58.55 25.08 55.08 8.0 38.21 61.07 
21.93 32.2 15.62 13.42 14.32 38.47 40.31 23.0 20.88 37.0 7.0 43.01 44.27 31.02 18.87 46.01 7.62 7.07 28.28 14.56 47.8 26.08 12.73 12.21 11.66 27.02 29.07 7.0 44.01 3.16 24.17 19.21 0.0 4.47 24.19 14.42 6.08 34.06 21.93 19.85 14.04 17.12 10.3 21.47 43.19 14.14 42.72 15.52 24.35 46.87 
17.8 28.79 11.66 11.31 12.04 40.05 42.01 21.38 22.09 39.2 9.85 45.28 45.12 31.78 15.23 48.26 5.1 5.83 26.0 10.2 48.84 26.0 8.6 8.54 12.17 29.15 31.06 3.61 46.1 3.16 20.88 15.26 4.47 0.0 26.02 12.81 9.43 36.06 18.68 15.56 12.37 15.13 11.05 18.03 45.0 13.42 43.42 13.0 25.32 48.26 
41.76 54.13 36.67 20.12 20.59 14.32 16.12 47.1 5.0 13.34 17.26 19.42 21.1 9.43 40.61 22.36 31.0 31.06 52.01 30.08 24.17 11.18 33.54 34.23 14.32 3.61 5.1 24.33 20.1 27.07 46.53 40.02 24.19 26.02 0.0 18.36 18.44 10.05 44.41 38.9 38.05 41.01 15.13 43.57 19.03 15.65 20.0 39.01 5.1 22.8 
24.19 37.05 20.1 2.0 2.24 30.59 32.76 33.24 13.42 31.38 12.04 37.34 34.06 21.02 24.08 40.16 17.49 18.6 36.88 12.17 38.01 14.14 17.26 18.68 6.32 21.95 23.26 9.43 37.64 15.56 30.07 23.0 14.42 12.81 18.36 0.0 13.15 27.86 28.16 21.21 24.6 26.93 7.07 27.07 35.9 2.83 32.14 24.35 15.52 38.12 
27.2 38.08 21.1 13.0 14.0 32.76 34.53 29.02 15.65 31.02 1.41 37.0 39.0 25.94 24.6 40.0 13.6 13.15 34.37 18.03 42.38 21.93 18.03 17.89 8.06 21.1 23.19 10.0 38.05 9.22 30.08 24.7 6.08 9.43 18.44 13.15 0.0 28.16 27.86 24.84 20.1 23.19 6.71 27.31 37.34 11.7 37.58 21.59 19.24 41.23 
51.66 64.13 46.69 29.73 30.08 5.66 6.71 57.04 14.56 3.61 27.07 9.49 14.42 10.3 50.64 12.37 41.01 41.01 62.03 39.85 16.28 16.97 43.57 44.28 24.33 7.07 5.0 34.37 10.05 37.01 56.57 50.01 34.06 36.06 10.05 27.86 28.16 0.0 54.45 48.76 48.01 51.0 25.18 53.6 9.22 25.3 14.32 49.04 12.53 13.89 
7.21 10.3 8.06 26.17 26.31 58.08 60.13 9.49 40.11 57.71 28.46 63.79 62.2 49.04 4.12 66.75 14.32 15.26 9.43 16.76 66.12 42.3 11.0 10.2 30.15 47.68 49.5 20.1 64.5 18.79 2.24 5.83 21.93 18.68 44.41 28.16 27.86 54.45 0.0 9.22 10.0 7.62 29.27 1.41 63.2 30.02 60.3 7.07 43.01 66.0 
3.0 16.03 5.1 19.24 19.1 51.79 53.94 18.03 34.21 52.2 25.0 58.24 55.01 42.19 5.83 61.13 13.42 15.23 18.6 9.06 59.03 35.01 7.21 8.54 24.7 42.38 43.97 15.26 58.69 17.2 10.3 3.61 19.85 15.56 38.9 21.21 24.84 48.76 9.22 0.0 14.04 13.6 24.17 7.81 57.07 23.54 53.0 11.18 36.67 59.3 
14.14 19.85 9.22 22.83 23.32 52.24 54.15 9.06 34.37 51.01 21.02 57.04 57.49 44.15 9.22 60.03 7.28 7.0 14.32 16.4 61.19 38.28 9.43 7.21 24.52 41.0 43.01 15.23 58.0 11.0 12.04 11.05 14.04 12.37 38.05 24.6 20.1 48.01 10.0 14.04 0.0 3.16 23.35 10.3 57.08 25.63 55.79 3.16 37.66 60.53 
13.04 16.97 9.43 25.08 25.5 55.15 57.08 6.32 37.22 54.04 24.08 60.07 60.21 46.87 8.06 63.07 10.05 10.05 11.18 17.69 63.95 40.8 10.63 8.6 27.29 44.01 46.0 17.72 61.01 14.04 9.43 10.2 17.12 15.13 41.01 26.93 23.19 51.0 7.62 13.6 3.16 0.0 26.17 8.25 60.03 28.16 58.46 2.83 40.45 63.39 
26.93 39.05 21.59 7.62 8.54 29.02 31.0 32.39 11.05 28.44 5.39 34.53 34.21 20.88 25.5 37.48 16.12 16.49 37.01 15.81 37.85 15.81 18.44 19.1 1.41 18.44 20.22 9.22 35.23 12.65 31.4 25.0 10.3 11.05 15.13 7.07 6.71 25.18 29.27 24.17 23.35 26.17 0.0 28.44 34.01 5.1 32.57 24.02 14.32 37.22 
5.83 10.77 7.0 25.08 25.18 57.14 59.21 10.77 39.2 56.89 27.86 62.97 61.13 48.01 3.0 65.92 13.89 15.0 10.82 15.52 65.07 41.19 10.05 9.49 29.27 46.87 48.66 19.24 63.64 18.36 3.0 4.47 21.47 18.03 43.57 27.07 27.31 53.6 1.41 7.81 10.3 8.25 28.44 0.0 62.29 29.0 59.21 7.21 42.05 65.01 
60.02 72.69 55.33 37.85 38.08 5.39 3.16 66.12 23.09 7.21 36.22 5.0 10.05 15.65 59.3 5.83 50.01 50.09 71.0 48.05 9.49 23.26 52.24 53.08 33.06 16.28 14.14 43.1 3.16 46.1 65.28 58.55 43.19 45.0 19.03 35.9 37.34 9.22 63.2 57.07 57.08 60.03 34.01 62.29 0.0 33.54 11.4 58.0 20.4 5.83 
26.48 39.2 22.0 4.47 5.0 28.28 30.41 34.48 10.77 28.79 10.44 34.79 32.25 19.03 26.0 37.64 18.38 19.24 38.47 14.56 36.12 12.65 19.03 20.22 4.0 19.24 20.62 10.44 35.17 15.81 32.0 25.08 14.14 13.42 15.65 2.83 11.7 25.3 30.02 23.54 25.63 28.16 5.1 29.0 33.54 0.0 30.41 25.71 13.15 36.01 
56.0 69.01 52.24 34.13 34.06 9.22 10.0 64.76 21.93 15.3 36.25 16.28 2.24 11.7 56.22 17.09 48.51 49.04 68.88 44.01 6.32 18.03 49.37 50.64 31.32 19.1 17.03 40.79 14.56 45.22 62.2 55.08 42.72 43.42 20.0 32.14 37.58 14.32 60.3 53.0 55.79 58.46 32.57 59.21 11.4 30.41 0.0 56.09 18.38 8.49 
11.05 17.2 6.71 22.47 22.85 53.04 55.01 8.94 35.06 52.15 22.36 58.22 57.87 44.55 6.08 61.2 8.06 8.54 13.0 14.87 61.66 38.33 7.81 5.83 25.08 42.11 44.05 15.3 59.08 12.37 9.22 8.0 15.52 13.0 39.01 24.35 21.59 49.04 7.07 11.18 3.16 2.83 24.02 7.21 58.0 25.71 56.09 0.0 38.21 61.2 
39.62 52.35 35.06 17.46 17.72 15.13 17.26 46.69 3.61 16.12 17.89 21.93 19.92 6.71 39.05 24.7 30.41 30.81 51.16 27.66 23.54 6.08 32.02 33.02 13.15 8.06 8.49 23.02 22.14 26.93 45.04 38.21 24.35 25.32 5.1 15.52 19.24 12.53 43.01 36.67 37.66 40.45 14.32 42.05 20.4 13.15 18.38 38.21 0.0 23.02 
62.29 75.17 58.01 40.11 40.2 8.54 7.21 69.58 26.17 12.73 40.02 10.44 6.4 17.12 62.01 10.0 53.34 53.6 74.17 50.25 4.0 24.52 55.0 56.04 36.12 20.62 18.38 46.04 8.25 49.65 68.01 61.07 46.87 48.26 22.8 38.12 41.23 13.89 66.0 59.3 60.53 63.39 37.22 65.01 5.83 36.01 8.49 61.2 23.02 0.0 
