15
0.0 10.82 4.47 9.49 5.39 4.0 9.22 3.61 5.0 5.39 10.05 5.0 3.61 1.41 3.0 
10.82 0.0 13.6 3.0 5.66 14.32 4.0 7.62 6.32 14.56 5.1 9.06 11.4 9.43 8.49 
4.47 13.6 0.0 13.04 9.0 2.0 13.0 6.08 7.28 1.0 14.04 5.0 2.24 5.1 7.28 
9.49 3.0 13.04 0.0 4.12 13.34 1.0 7.0 6.08 14.04 2.24 9.22 11.0 8.25 6.71 
5.39 5.66 9.0 4.12 0.0 9.22 4.0 3.16 2.83 10.0 5.1 5.83 7.07 4.12 2.83 
4.0 14.32 2.0 13.34 9.22 0.0 13.15 6.71 8.06 2.24 14.04 6.4 3.61 5.1 7.0 
9.22 4.0 13.0 1.0 4.0 13.15 0.0 7.07 6.32 14.0 1.41 9.49 11.05 8.06 6.32 
3.61 7.62 6.08 7.0 3.16 6.71 7.07 0.0 1.41 7.07 8.25 2.83 4.0 2.24 3.16 
5.0 6.32 7.28 6.08 2.83 8.06 6.32 1.41 0.0 8.25 7.62 3.16 5.1 3.61 4.0 
5.39 14.56 1.0 14.04 10.0 2.24 14.0 7.07 8.25 0.0 15.03 5.83 3.16 6.08 8.25 
10.05 5.1 14.04 2.24 5.1 14.04 1.41 8.25 7.62 15.03 0.0 10.77 12.17 9.0 7.07 
5.0 9.06 5.0 9.22 5.83 6.4 9.49 2.83 3.16 5.83 10.77 0.0 2.83 4.12 5.83 
3.61 11.4 2.24 11.0 7.07 3.61 11.05 4.0 5.1 3.16 12.17 2.83 0.0 3.61 5.83 
1.41 9.43 5.1 8.25 4.12 5.1 8.06 2.24 3.61 6.08 9.0 4.12 3.61 0.0 2.24 
3.0 8.49 7.28 6.71 2.83 7.0 6.32 3.16 4.0 8.25 7.07 5.83 5.83 2.24 0.0 
