40
0.0 7.28 16.55 4.24 20.4 41.05 7.81 63.03 2.24 66.49 33.38 49.65 66.1 26.83 68.36 29.12 32.06 23.09 9.22 19.21 33.06 41.01 71.45 39.2 36.22 17.72 13.0 22.02 34.18 2.24 70.01 46.01 31.06 50.96 47.85 16.12 14.32 22.8 67.12 40.52 
7.28 0.0 13.0 10.05 18.25 40.02 7.07 61.66 9.49 63.39 31.06 47.01 63.2 22.56 66.0 26.02 31.32 22.85 4.0 13.93 31.4 39.81 69.01 38.6 34.13 15.13 13.04 20.88 30.41 6.0 68.26 44.41 30.36 47.52 45.04 14.87 12.65 20.02 65.07 37.22 
16.55 13.0 0.0 15.62 5.83 27.51 20.02 48.84 18.36 50.49 18.11 34.01 50.25 10.3 53.0 13.04 19.24 12.04 9.0 5.0 18.68 27.2 56.01 26.4 21.21 2.83 7.28 9.22 17.72 14.32 55.33 31.58 18.36 34.71 32.06 5.1 4.12 7.07 52.09 24.33 
4.24 10.05 15.62 0.0 18.38 38.01 12.04 60.01 4.12 64.29 31.05 47.3 63.79 25.81 65.76 27.31 29.02 20.02 10.44 19.21 30.41 38.05 68.88 36.01 33.73 16.12 10.44 19.42 32.65 4.12 67.12 43.19 28.02 49.04 45.61 13.93 12.53 21.02 64.38 38.63 
20.4 18.25 5.83 18.38 0.0 21.84 25.08 43.42 21.84 46.1 13.04 29.27 45.71 8.94 48.09 8.94 13.42 6.71 14.32 9.43 13.15 21.59 51.16 20.62 16.0 3.16 8.06 3.61 14.42 18.25 50.09 26.17 12.53 30.68 27.46 4.47 6.08 2.83 47.0 20.25 
41.05 40.02 27.51 38.01 21.84 0.0 46.69 22.0 42.0 28.84 10.63 12.81 27.78 22.02 28.46 16.4 9.0 18.0 36.14 29.53 8.94 1.0 31.62 2.83 7.81 25.0 28.07 19.24 16.64 39.12 29.15 5.83 10.0 17.89 12.53 25.32 27.46 20.62 26.68 13.15 
7.81 7.07 20.02 12.04 25.08 46.69 0.0 68.47 8.94 70.46 38.01 54.04 70.26 29.61 73.01 33.06 37.85 29.12 11.05 20.88 38.21 46.53 76.03 45.12 41.05 22.02 18.97 27.46 37.48 8.6 75.17 51.24 36.88 54.59 52.09 21.38 19.24 27.0 72.03 44.28 
63.03 61.66 48.84 60.01 43.42 22.0 68.47 0.0 64.0 16.12 30.81 17.2 14.14 41.44 10.3 36.4 31.0 40.0 57.71 50.0 30.27 22.02 12.81 24.08 27.66 46.53 50.04 41.11 34.01 61.07 7.62 17.26 32.0 21.26 19.42 47.17 49.25 41.77 7.21 27.29 
2.24 9.49 18.36 4.12 21.84 42.0 8.94 64.0 0.0 67.91 34.71 50.99 67.47 28.65 69.58 30.68 33.0 24.0 11.4 21.26 34.23 42.01 72.69 40.05 37.48 19.31 14.14 23.19 35.85 4.24 71.06 47.1 32.0 52.5 49.24 17.46 15.81 24.35 68.26 42.06 
66.49 63.39 50.49 64.29 46.1 28.84 70.46 16.12 67.91 0.0 33.24 17.09 2.0 41.05 7.62 37.48 36.67 44.94 59.41 50.04 34.18 28.3 8.49 31.62 30.68 48.84 53.85 44.92 33.06 64.33 13.93 23.02 37.58 16.0 18.68 50.45 52.17 43.74 10.2 26.17 
33.38 31.06 18.11 31.05 13.04 10.63 38.01 30.81 34.71 33.24 0.0 16.28 32.76 11.4 35.06 5.83 7.07 12.21 27.07 19.31 3.0 10.0 38.12 10.82 3.16 16.0 20.62 11.7 7.07 31.26 37.22 13.6 7.28 18.36 14.56 17.26 19.1 11.05 34.01 8.49 
49.65 47.01 34.01 47.3 29.27 12.81 54.04 17.2 50.99 17.09 16.28 0.0 16.49 25.32 19.03 21.0 19.72 27.86 43.01 34.23 17.09 12.04 22.0 15.62 13.6 32.14 36.88 27.89 17.46 47.52 22.14 7.62 20.59 6.0 2.24 33.54 35.36 27.07 18.44 10.44 
66.1 63.2 50.25 63.79 45.71 27.78 70.26 14.14 67.47 2.0 32.76 16.49 0.0 41.0 5.83 37.22 35.85 44.27 59.21 50.0 33.53 27.29 7.21 30.53 30.08 48.51 53.37 44.38 33.0 63.95 12.08 21.95 36.77 16.12 18.25 50.01 51.79 43.42 8.25 26.02 
26.83 22.56 10.3 25.81 8.94 22.02 29.61 41.44 28.65 41.05 11.4 25.32 41.0 0.0 44.28 5.66 16.12 14.04 18.68 9.0 13.45 21.4 47.17 21.93 14.42 9.9 16.28 11.18 8.0 24.6 47.3 24.6 15.65 25.08 23.19 12.81 13.45 6.32 43.74 15.03 
68.36 66.0 53.0 65.76 48.09 28.46 73.01 10.3 69.58 7.62 35.06 19.03 5.83 44.28 0.0 40.01 37.11 45.89 62.0 53.24 35.36 28.16 3.16 31.02 32.14 51.04 55.44 46.39 36.35 66.27 6.32 22.8 38.08 20.25 21.1 52.24 54.15 46.01 3.16 29.27 
29.12 26.02 13.04 27.31 8.94 16.4 33.06 36.4 30.68 37.48 5.83 21.0 37.22 5.66 40.01 0.0 10.77 11.18 22.02 13.6 7.81 15.81 43.0 16.28 8.94 11.4 17.0 9.22 5.66 26.93 42.58 19.31 10.44 21.84 19.03 13.42 14.87 6.32 39.2 11.4 
32.06 31.32 19.24 29.02 13.42 9.0 37.85 31.0 33.0 36.67 7.07 19.72 35.85 16.12 37.11 10.77 0.0 9.0 27.51 22.02 4.12 9.06 40.26 7.28 7.21 16.55 19.1 10.44 14.0 30.15 38.12 14.32 1.0 23.35 18.6 16.49 18.68 12.81 35.51 14.76 
23.09 22.85 12.04 20.02 6.71 18.0 29.12 40.0 24.0 44.94 12.21 27.86 44.27 14.04 45.89 11.18 9.0 0.0 19.24 16.12 10.77 18.03 49.03 16.12 14.32 9.22 10.2 3.16 16.64 21.21 47.1 23.19 8.0 30.53 26.4 8.06 10.3 8.06 44.41 20.62 
9.22 4.0 9.0 10.44 14.32 36.14 11.05 57.71 11.4 59.41 27.07 43.01 59.21 18.68 62.0 22.02 27.51 19.24 0.0 10.3 27.46 35.9 65.01 34.79 30.15 11.18 9.9 17.09 26.48 7.21 64.28 40.45 26.57 43.57 41.05 11.18 8.94 16.03 61.07 33.24 
19.21 13.93 5.0 19.21 9.43 29.53 20.88 50.0 21.26 50.04 19.31 34.23 50.0 9.0 53.24 13.6 22.02 16.12 10.3 0.0 20.59 29.07 56.14 28.84 22.47 7.28 12.17 13.04 17.0 17.03 56.09 32.89 21.26 34.06 32.14 10.05 9.06 9.22 52.61 24.02 
33.06 31.4 18.68 30.41 13.15 8.94 38.21 30.27 34.23 34.18 3.0 17.09 33.53 13.45 35.36 7.81 4.12 10.77 27.46 20.59 0.0 8.54 38.47 8.49 3.61 16.28 20.1 11.05 10.05 31.02 37.01 13.04 4.47 20.0 15.65 17.0 19.03 11.7 34.06 10.82 
41.01 39.81 27.2 38.05 21.59 1.0 46.53 22.02 42.01 28.3 10.0 12.04 27.29 21.4 28.16 15.81 9.06 18.03 35.9 29.07 8.54 0.0 31.32 3.61 7.07 24.74 28.02 19.1 15.81 39.05 29.07 5.39 10.05 17.0 11.66 25.18 27.29 20.25 26.48 12.17 
71.45 69.01 56.01 68.88 51.16 31.62 76.03 12.81 72.69 8.49 38.12 22.0 7.21 47.17 3.16 43.0 40.26 49.03 65.01 56.14 38.47 31.32 0.0 34.18 35.23 54.08 58.55 49.5 39.2 69.35 7.07 25.96 41.23 22.8 24.02 55.33 57.22 49.04 5.66 32.14 
39.2 38.6 26.4 36.01 20.62 2.83 45.12 24.08 40.05 31.62 10.82 15.62 30.53 21.93 31.02 16.28 7.28 16.12 34.79 28.84 8.49 3.61 34.18 0.0 8.54 23.77 26.31 17.72 17.46 37.34 31.4 8.6 8.25 20.59 15.26 23.77 25.96 19.72 29.12 15.0 
36.22 34.13 21.21 33.73 16.0 7.81 41.05 27.66 37.48 30.68 3.16 13.6 30.08 14.42 32.14 8.94 7.21 14.32 30.15 22.47 3.61 7.07 35.23 8.54 0.0 19.03 23.35 14.32 8.94 34.13 34.13 10.44 7.81 16.4 12.08 20.1 22.02 14.14 31.0 7.62 
17.72 15.13 2.83 16.12 3.16 25.0 22.02 46.53 19.31 48.84 16.0 32.14 48.51 9.9 51.04 11.4 16.55 9.22 11.18 7.28 16.28 24.74 54.08 23.77 19.03 0.0 6.4 6.4 16.55 15.52 53.15 29.27 15.65 33.24 30.27 3.16 3.61 5.1 50.01 22.8 
13.0 13.04 7.28 10.44 8.06 28.07 18.97 50.04 14.14 53.85 20.62 36.88 53.37 16.28 55.44 17.0 19.1 10.2 9.9 12.17 20.1 28.02 58.55 26.31 23.35 6.4 0.0 9.06 22.47 11.05 57.01 33.02 18.11 38.63 35.17 3.61 3.16 10.82 54.15 28.23 
22.02 20.88 9.22 19.42 3.61 19.24 27.46 41.11 23.19 44.92 11.7 27.89 44.38 11.18 46.39 9.22 10.44 3.16 17.09 13.04 11.05 19.1 49.5 17.72 14.32 6.4 9.06 0.0 14.87 20.0 48.0 24.0 9.49 29.97 26.25 6.08 8.25 5.0 45.1 19.72 
34.18 30.41 17.72 32.65 14.42 16.64 37.48 34.01 35.85 33.06 7.07 17.46 33.0 8.0 36.35 5.66 14.0 16.64 26.48 17.0 10.05 15.81 39.2 17.46 8.94 16.55 22.47 14.87 0.0 31.95 39.56 17.8 14.04 17.12 15.3 18.87 20.12 11.66 35.9 7.07 
2.24 6.0 14.32 4.12 18.25 39.12 8.6 61.07 4.24 64.33 31.26 47.52 63.95 24.6 66.27 26.93 30.15 21.21 7.21 17.03 31.02 39.05 69.35 37.34 34.13 15.52 11.05 20.0 31.95 0.0 68.0 44.0 29.15 48.76 45.71 14.04 12.17 20.62 65.07 38.33 
70.01 68.26 55.33 67.12 50.09 29.15 75.17 7.62 71.06 13.93 37.22 22.14 12.08 47.3 6.32 42.58 38.12 47.1 64.28 56.09 37.01 29.07 7.07 31.4 34.13 53.15 57.01 48.0 39.56 68.0 0.0 24.0 39.12 24.7 24.35 54.01 56.04 48.26 4.24 32.57 
46.01 44.41 31.58 43.19 26.17 5.83 51.24 17.26 47.1 23.02 13.6 7.62 21.95 24.6 22.8 19.31 14.32 23.19 40.45 32.89 13.04 5.39 25.96 8.6 10.44 29.27 33.02 24.0 17.8 44.0 24.0 0.0 15.3 13.34 8.06 30.02 32.06 24.52 21.21 12.21 
31.06 30.36 18.36 28.02 12.53 10.0 36.88 32.0 32.0 37.58 7.28 20.59 36.77 15.65 38.08 10.44 1.0 8.0 26.57 21.26 4.47 10.05 41.23 8.25 7.81 15.65 18.11 9.49 14.04 29.15 39.12 15.3 0.0 24.08 19.42 15.52 17.72 12.04 36.5 15.26 
50.96 47.52 34.71 49.04 30.68 17.89 54.59 21.26 52.5 16.0 18.36 6.0 16.12 25.08 20.25 21.84 23.35 30.53 43.57 34.06 20.0 17.0 22.8 20.59 16.4 33.24 38.63 29.97 17.12 48.76 24.7 13.34 24.08 0.0 5.39 35.11 36.69 28.16 20.59 10.44 
47.85 45.04 32.06 45.61 27.46 12.53 52.09 19.42 49.24 18.68 14.56 2.24 18.25 23.19 21.1 19.03 18.6 26.4 41.05 32.14 15.65 11.66 24.02 15.26 12.08 30.27 35.17 26.25 15.3 45.71 24.35 8.06 19.42 5.39 0.0 31.78 33.54 25.18 20.62 8.25 
16.12 14.87 5.1 13.93 4.47 25.32 21.38 47.17 17.46 50.45 17.26 33.54 50.01 12.81 52.24 13.42 16.49 8.06 11.18 10.05 17.0 25.18 55.33 23.77 20.1 3.16 3.61 6.08 18.87 14.04 54.01 30.02 15.52 35.11 31.78 0.0 2.24 7.21 51.04 24.7 
14.32 12.65 4.12 12.53 6.08 27.46 19.24 49.25 15.81 52.17 19.1 35.36 51.79 13.45 54.15 14.87 18.68 10.3 8.94 9.06 19.03 27.29 57.22 25.96 22.02 3.61 3.16 8.25 20.12 12.17 56.04 32.06 17.72 36.69 33.54 2.24 0.0 8.54 53.01 26.25 
22.8 20.02 7.07 21.02 2.83 20.62 27.0 41.77 24.35 43.74 11.05 27.07 43.42 6.32 46.01 6.32 12.81 8.06 16.03 9.22 11.7 20.25 49.04 19.72 14.14 5.1 10.82 5.0 11.66 20.62 48.26 24.52 12.04 28.16 25.18 7.21 8.54 0.0 45.04 17.72 
67.12 65.07 52.09 64.38 47.0 26.68 72.03 7.21 68.26 10.2 34.01 18.44 8.25 43.74 3.16 39.2 35.51 44.41 61.07 52.61 34.06 26.48 5.66 29.12 31.0 50.01 54.15 45.1 35.9 65.07 4.24 21.21 36.5 20.59 20.62 51.04 53.01 45.04 0.0 28.86 
40.52 37.22 24.33 38.63 20.25 13.15 44.28 27.29 42.06 26.17 8.49 10.44 26.02 15.03 29.27 11.4 14.76 20.62 33.24 24.02 10.82 12.17 32.14 15.0 7.62 22.8 28.23 19.72 7.07 38.33 32.57 12.21 15.26 10.44 8.25 24.7 26.25 17.72 28.86 0.0 
