50
0.0 75.8 13.93 22.56 44.64 31.24 71.06 19.42 14.87 57.01 50.6 75.77 68.01 18.68 65.12 31.91 62.37 15.26 25.08 80.0 67.27 83.77 31.06 38.33 78.59 38.95 77.1 21.02 15.56 42.94 58.14 6.32 11.05 41.23 30.08 73.6 51.66 28.23 74.33 4.12 52.43 5.83 57.04 34.06 62.97 27.66 83.2 46.69 28.32 69.18 
75.8 0.0 88.2 55.36 32.02 56.52 14.56 86.15 70.06 24.17 27.46 18.68 13.89 57.31 12.21 48.37 14.14 62.07 78.26 12.08 9.22 22.09 59.91 38.01 9.06 48.38 2.24 76.66 64.0 61.27 27.46 73.17 64.78 45.54 84.93 36.67 25.08 65.73 3.61 74.33 55.22 79.62 22.2 50.22 31.83 48.26 10.0 29.15 56.89 17.09 
13.93 88.2 0.0 36.4 56.44 38.08 84.38 11.18 20.12 67.91 61.98 86.4 81.22 31.0 78.01 41.76 74.43 26.17 22.83 93.13 79.4 94.25 36.62 50.25 90.26 46.96 89.36 20.0 24.74 46.67 68.31 15.03 24.33 49.66 24.52 81.88 63.51 31.89 86.47 14.04 57.38 14.14 70.35 42.54 72.09 40.01 95.04 59.08 35.78 82.61 
22.56 55.36 36.4 0.0 27.02 29.07 49.04 39.12 25.5 40.46 33.42 58.82 46.17 10.77 43.93 22.56 42.95 15.81 38.42 58.22 47.54 66.85 31.4 21.21 59.51 31.78 56.92 34.71 19.42 43.05 43.14 22.83 12.53 32.57 45.34 61.4 33.29 32.89 54.42 22.85 48.66 25.0 35.13 27.29 49.82 12.08 63.69 27.29 26.17 47.0 
44.64 32.02 56.44 27.02 0.0 25.94 31.76 54.15 38.05 13.45 6.4 31.91 28.18 25.96 23.41 16.76 18.03 30.27 46.84 38.9 23.02 39.96 29.53 6.32 33.96 19.8 33.02 44.91 32.02 34.71 16.64 41.44 33.84 17.8 53.76 35.78 7.07 34.93 30.07 42.76 33.62 49.04 19.8 19.72 24.17 17.09 38.64 5.0 25.63 31.06 
31.24 56.52 38.08 29.07 25.94 0.0 57.71 32.02 18.03 33.14 29.12 50.25 54.12 19.1 49.24 9.9 42.45 17.46 22.02 64.62 47.3 57.71 3.61 22.02 56.14 9.22 57.07 21.21 15.81 14.0 32.06 25.46 24.7 12.17 28.44 43.83 31.95 9.22 53.94 27.59 21.47 37.01 45.22 6.32 34.48 19.31 61.2 30.53 3.16 56.94 
71.06 14.56 84.38 49.04 31.76 57.71 0.0 84.17 68.15 30.0 29.83 32.02 3.61 53.6 9.22 48.33 18.87 59.03 78.19 9.49 16.76 36.5 61.29 36.4 23.54 51.04 16.76 75.89 61.61 65.44 34.67 69.58 60.13 48.6 85.23 48.51 26.4 66.64 17.12 70.35 61.62 74.03 14.04 51.48 41.15 44.91 24.17 27.31 57.27 2.83 
19.42 86.15 11.18 39.12 54.15 32.02 84.17 0.0 16.12 64.2 59.0 82.04 80.81 31.02 76.94 38.01 72.06 25.3 12.73 92.4 77.06 89.63 29.73 48.37 87.09 41.23 87.05 11.18 22.56 38.01 63.79 16.4 26.63 44.15 13.34 75.39 61.07 24.17 84.02 16.97 49.09 22.47 70.34 37.48 66.48 39.29 92.05 57.56 30.41 82.71 
14.87 70.06 20.12 25.5 38.05 18.03 68.15 16.12 0.0 48.51 43.05 66.71 64.76 15.81 60.83 22.2 56.01 10.0 13.04 76.3 61.01 74.46 16.97 32.25 71.25 26.83 71.01 9.22 6.71 28.3 48.51 8.54 14.32 29.55 19.85 61.77 45.01 13.42 68.0 10.77 38.29 20.62 54.41 22.47 52.0 23.41 76.16 41.44 15.65 66.76 
57.01 24.17 67.91 40.46 13.45 33.14 30.0 64.2 48.51 0.0 7.07 18.79 26.63 38.48 20.81 26.31 11.31 42.06 55.15 34.21 15.26 26.83 36.35 19.42 23.02 24.52 24.35 54.0 43.17 37.12 5.1 53.16 46.52 21.59 61.52 23.77 8.54 42.3 21.19 54.71 31.83 61.74 23.35 27.02 13.0 30.02 28.07 14.76 34.0 30.53 
50.6 27.46 61.98 33.42 6.4 29.12 29.83 59.0 43.05 7.07 0.0 25.55 26.25 31.95 20.81 21.02 13.34 35.9 50.8 35.78 18.25 33.62 32.57 12.53 28.28 21.47 28.16 49.25 37.34 35.61 10.77 47.07 39.92 18.87 57.49 30.08 3.61 38.33 25.08 48.51 32.45 55.15 20.12 22.8 18.68 23.26 33.14 8.25 29.43 29.7 
75.77 18.68 86.4 58.82 31.91 50.25 32.02 82.04 66.71 18.79 25.55 0.0 30.07 57.27 25.5 44.64 18.36 60.75 72.11 30.68 16.49 8.06 53.08 38.08 10.82 41.11 17.09 71.45 61.68 50.8 18.25 71.78 65.31 38.12 78.0 18.6 25.61 59.08 15.3 73.39 42.38 80.53 33.62 44.55 17.72 48.76 14.87 31.89 51.62 34.01 
68.01 13.89 81.22 46.17 28.18 54.12 3.61 80.81 64.76 26.63 26.25 30.07 0.0 50.36 5.83 44.78 15.65 55.73 74.67 12.04 14.14 35.17 57.71 32.89 22.47 47.43 16.12 72.42 58.25 61.85 31.38 66.37 57.04 45.0 81.71 45.89 22.8 63.07 15.81 67.19 58.14 71.11 11.05 47.89 38.08 41.59 23.85 23.77 53.71 4.12 
18.68 57.31 31.0 10.77 25.96 19.1 53.6 31.02 15.81 38.48 31.95 57.27 50.36 0.0 47.01 15.0 43.74 5.83 28.28 62.2 48.66 65.31 21.02 19.65 59.91 23.71 58.55 24.84 9.22 33.06 39.96 16.03 8.06 25.24 35.38 56.59 32.98 22.14 55.73 17.03 39.85 23.26 39.62 18.79 45.45 9.06 64.54 28.16 16.03 51.97 
65.12 12.21 78.01 43.93 23.41 49.24 9.22 76.94 60.83 20.81 20.81 25.5 5.83 47.01 0.0 40.16 9.85 52.15 70.21 15.52 9.06 31.38 52.8 28.64 19.42 42.19 14.21 68.15 54.45 56.4 25.55 63.03 54.08 39.66 77.16 40.45 17.49 58.31 12.81 64.0 52.4 68.59 10.0 42.95 32.31 38.05 21.93 19.42 49.04 9.85 
31.91 48.37 41.76 22.56 16.76 9.9 48.33 38.01 22.2 26.31 21.02 44.64 44.78 15.0 40.16 0.0 34.23 16.64 30.08 55.66 39.2 52.5 13.45 12.21 49.09 9.22 49.16 28.28 17.09 22.14 26.57 27.31 22.63 10.3 37.0 41.87 23.35 18.36 46.1 29.07 26.17 37.2 35.51 5.1 31.06 11.0 54.04 21.02 8.94 47.41 
62.37 14.14 74.43 42.95 18.03 42.45 18.87 72.06 56.01 11.31 13.34 18.36 15.65 43.74 9.85 34.23 0.0 48.26 64.13 23.02 5.0 25.61 45.88 24.19 16.55 34.54 15.0 62.51 50.04 48.02 15.81 59.41 51.42 31.78 70.83 31.06 11.0 51.66 12.04 60.67 43.14 66.48 15.52 36.14 22.47 34.71 20.88 15.81 42.76 19.7 
15.26 62.07 26.17 15.81 30.27 17.46 59.03 25.3 10.0 42.06 35.9 60.75 55.73 5.83 52.15 16.64 48.26 0.0 22.67 67.48 53.24 68.71 18.44 24.08 64.13 24.08 63.2 19.1 3.61 30.81 42.95 11.18 7.28 26.17 29.7 58.41 37.34 18.11 60.3 12.65 38.91 20.62 45.12 19.1 47.71 14.14 68.88 33.0 14.32 57.49 
25.08 78.26 22.83 38.42 46.84 22.02 78.19 12.73 13.04 55.15 50.8 72.11 74.67 28.28 70.21 30.08 64.13 22.67 0.0 85.73 69.05 79.4 19.03 41.79 78.16 31.02 78.92 4.12 19.1 25.55 54.01 19.42 27.29 34.01 7.21 63.89 53.37 13.04 75.8 21.21 36.72 30.02 64.88 28.16 55.73 34.67 83.22 50.92 21.38 77.08 
80.0 12.08 93.13 58.22 38.9 64.62 9.49 92.4 76.3 34.21 35.78 30.68 12.04 62.2 15.52 55.66 23.02 67.48 85.73 0.0 19.1 33.14 68.15 44.15 20.4 57.25 13.6 83.68 69.87 71.02 38.21 78.23 69.01 54.59 92.66 48.75 32.7 73.74 15.65 79.1 65.95 83.15 23.09 58.31 43.42 53.34 19.03 34.93 64.51 12.08 
67.27 9.22 79.4 47.54 23.02 47.3 16.76 77.06 61.01 15.26 18.25 16.49 14.14 48.66 9.06 39.2 5.0 53.24 69.05 19.1 0.0 22.83 50.7 29.15 12.21 39.22 10.0 67.48 55.04 52.35 19.1 64.38 56.29 36.4 75.71 31.78 16.0 56.52 7.07 65.62 46.86 71.31 17.49 41.0 24.7 39.62 16.16 20.62 47.68 18.25 
83.77 22.09 94.25 66.85 39.96 57.71 36.5 89.63 74.46 26.83 33.62 8.06 35.17 65.31 31.38 52.5 25.61 68.71 79.4 33.14 22.83 0.0 60.41 46.14 13.04 48.51 20.02 78.92 69.57 57.22 25.96 79.71 73.35 45.54 85.09 21.1 33.6 66.37 19.42 81.34 48.05 88.57 40.31 52.17 24.02 56.82 14.56 39.82 59.23 38.83 
31.06 59.91 36.62 31.4 29.53 3.61 61.29 29.73 16.97 36.35 32.57 53.08 57.71 21.02 52.8 13.45 45.88 18.44 19.03 68.15 50.7 60.41 0.0 25.61 59.3 12.0 60.42 18.68 16.16 12.37 35.0 25.0 25.71 15.0 25.18 45.69 35.47 6.0 57.27 27.2 21.4 36.89 48.83 9.85 36.88 22.36 64.38 34.13 5.39 60.54 
38.33 38.01 50.25 21.21 6.32 22.02 36.4 48.37 32.25 19.42 12.53 38.08 32.89 19.65 28.64 12.21 24.19 24.08 41.79 44.15 29.15 46.14 25.61 0.0 40.26 17.89 39.12 39.56 26.02 32.76 21.93 35.23 27.51 16.76 48.85 40.5 13.34 30.53 36.22 36.5 33.73 42.72 23.32 16.28 28.84 10.77 44.91 9.22 21.1 35.34 
78.59 9.06 90.26 59.51 33.96 56.14 23.54 87.09 71.25 23.02 28.28 10.82 22.47 59.91 19.42 49.09 16.55 64.13 78.16 20.4 12.21 13.04 59.3 40.26 0.0 47.38 7.0 77.01 65.62 58.82 24.74 75.31 67.72 44.41 84.48 29.41 26.93 65.28 6.71 76.69 51.43 82.86 29.07 50.04 26.93 50.96 5.1 32.31 57.01 25.96 
38.95 48.38 46.96 31.78 19.8 9.22 51.04 41.23 26.83 24.52 21.47 41.11 47.43 23.71 42.19 9.22 34.54 24.08 31.02 57.25 39.22 48.51 12.0 17.89 47.38 0.0 48.76 30.41 23.43 15.0 23.0 33.6 30.81 3.0 37.12 34.99 24.7 18.0 45.61 35.61 17.03 44.55 39.6 5.0 25.3 20.1 52.47 24.76 11.18 50.61 
77.1 2.24 89.36 56.92 33.02 57.07 16.76 87.05 71.01 24.35 28.16 17.09 16.12 58.55 14.21 49.16 15.0 63.2 78.92 13.6 10.0 20.02 60.42 39.12 7.0 48.76 0.0 77.41 65.03 61.33 27.29 74.33 66.1 45.88 85.51 35.36 26.0 66.29 3.16 75.54 54.92 81.02 24.21 50.8 31.14 49.5 7.81 30.41 57.56 19.31 
21.02 76.66 20.0 34.71 44.91 21.21 75.89 11.18 9.22 54.0 49.25 71.45 72.42 24.84 68.15 28.28 62.51 19.1 4.12 83.68 67.48 78.92 18.68 39.56 77.01 30.41 77.41 0.0 15.62 27.02 53.24 15.3 23.32 33.38 10.63 64.26 51.62 13.0 74.33 17.12 38.01 26.08 62.39 27.02 55.54 31.76 82.02 48.76 20.0 74.67 
15.56 64.0 24.74 19.42 32.02 15.81 61.61 22.56 6.71 43.17 37.34 61.68 58.25 9.22 54.45 17.09 50.04 3.61 19.1 69.87 55.04 69.57 16.16 26.02 65.62 23.43 65.03 15.62 0.0 28.46 43.66 10.3 10.0 25.81 26.17 58.25 39.05 15.0 62.07 12.21 37.22 21.26 47.8 18.6 47.89 16.76 70.46 35.13 12.81 60.17 
42.94 61.27 46.67 43.05 34.71 14.0 65.44 38.01 28.3 37.12 35.61 50.8 61.85 33.06 56.4 22.14 48.02 30.81 25.55 71.02 52.35 57.22 12.37 32.76 58.82 15.0 61.33 27.02 28.46 0.0 34.18 36.72 38.08 16.97 29.41 39.46 39.05 15.0 58.18 38.95 11.18 48.76 54.49 17.09 33.24 32.76 63.89 39.7 17.03 65.19 
58.14 27.46 68.31 43.14 16.64 32.06 34.67 63.79 48.51 5.1 10.77 18.25 31.38 39.96 25.55 26.57 15.81 42.95 54.01 38.21 19.1 25.96 35.0 21.93 24.74 23.0 27.29 53.24 43.66 34.18 0.0 53.85 48.02 20.0 60.07 19.31 13.15 41.0 24.19 55.54 27.8 63.13 28.44 26.31 8.06 32.02 29.83 18.97 33.38 35.36 
6.32 73.17 15.03 22.83 41.44 25.46 69.58 16.4 8.54 53.16 47.07 71.78 66.37 16.03 63.03 27.31 59.41 11.18 19.42 78.23 64.38 79.71 25.0 35.23 75.31 33.6 74.33 15.3 10.3 36.72 53.85 0.0 10.3 36.06 25.08 68.51 48.51 21.93 71.45 2.24 46.4 12.08 55.58 28.84 58.18 25.0 80.06 44.05 22.67 67.9 
11.05 64.78 24.33 12.53 33.84 24.7 60.13 26.63 14.32 46.52 39.92 65.31 57.04 8.06 54.08 22.63 51.42 7.28 27.29 69.01 56.29 73.35 25.71 27.51 67.72 30.81 66.1 23.32 10.0 38.08 48.02 10.3 0.0 32.65 33.84 64.44 40.8 25.0 63.35 10.44 46.1 15.23 46.1 25.81 53.41 16.76 72.28 35.69 21.54 58.31 
41.23 45.54 49.66 32.57 17.8 12.17 48.6 44.15 29.55 21.59 18.87 38.12 45.0 25.24 39.66 10.3 31.78 26.17 34.01 54.59 36.4 45.54 15.0 16.76 44.41 3.0 45.88 33.38 25.81 16.97 20.0 36.06 32.65 0.0 40.11 32.45 22.2 21.0 42.72 38.01 17.12 46.75 37.54 7.21 22.47 20.62 49.5 22.8 13.93 48.27 
30.08 84.93 24.52 45.34 53.76 28.44 85.23 13.34 19.85 61.52 57.49 78.0 81.71 35.38 77.16 37.0 70.83 29.7 7.21 92.66 75.71 85.09 25.18 48.85 84.48 37.12 85.51 10.63 26.17 29.41 60.07 25.08 33.84 40.11 0.0 68.66 60.17 19.24 82.38 26.57 40.5 34.37 72.01 34.71 61.2 41.88 89.56 57.94 28.16 84.17 
73.6 36.67 81.88 61.4 35.78 43.83 48.51 75.39 61.77 23.77 30.08 18.6 45.89 56.59 40.45 41.87 31.06 58.41 63.89 48.75 31.78 21.1 45.69 40.5 29.41 34.99 35.36 64.26 58.25 39.46 19.31 68.51 64.44 32.45 68.66 0.0 32.28 51.26 33.11 70.46 29.02 79.03 46.04 39.66 11.66 49.68 33.3 38.28 46.14 50.01 
51.66 25.08 63.51 33.29 7.07 31.95 26.4 61.07 45.01 8.54 3.61 25.61 22.8 32.98 17.49 23.35 11.0 37.34 53.37 32.7 16.0 33.6 35.47 13.34 26.93 24.7 26.0 51.62 39.05 39.05 13.15 48.51 40.8 22.2 60.17 32.28 0.0 41.11 23.02 49.82 36.06 55.97 16.55 25.63 21.21 24.04 31.58 6.4 32.02 26.17 
28.23 65.73 31.89 32.89 34.93 9.22 66.64 24.17 13.42 42.3 38.33 59.08 63.07 22.14 58.31 18.36 51.66 18.11 13.04 73.74 56.52 66.37 6.0 30.53 65.28 18.0 66.29 13.0 15.0 15.0 41.0 21.93 25.0 21.0 19.24 51.26 41.11 0.0 63.15 24.17 25.5 34.01 53.85 15.52 42.76 25.61 70.35 39.36 9.43 65.76 
74.33 3.61 86.47 54.42 30.07 53.94 17.12 84.02 68.0 21.19 25.08 15.3 15.81 55.73 12.81 46.1 12.04 60.3 75.8 15.65 7.07 19.42 57.27 36.22 6.71 45.61 3.16 74.33 62.07 58.18 24.19 71.45 63.35 42.72 82.38 33.11 23.02 63.15 0.0 72.69 51.87 78.34 22.63 47.68 28.28 46.69 9.43 27.66 54.45 19.42 
4.12 74.33 14.04 22.85 42.76 27.59 70.35 16.97 10.77 54.71 48.51 73.39 67.19 17.03 64.0 29.07 60.67 12.65 21.21 79.1 65.62 81.34 27.2 36.5 76.69 35.61 75.54 17.12 12.21 38.95 55.54 2.24 10.44 38.01 26.57 70.46 49.82 24.17 72.69 0.0 48.6 9.85 56.32 30.81 60.03 26.08 81.39 45.18 24.76 68.59 
52.43 55.22 57.38 48.66 33.62 21.47 61.62 49.09 38.29 31.83 32.45 42.38 58.14 39.85 52.4 26.17 43.14 38.91 36.72 65.95 46.86 48.05 21.4 33.73 51.43 17.03 54.92 38.01 37.22 11.18 27.8 46.4 46.1 17.12 40.5 29.02 36.06 25.5 51.87 48.6 0.0 58.25 52.48 21.38 24.7 37.12 56.36 38.48 24.6 61.85 
5.83 79.62 14.14 25.0 49.04 37.01 74.03 22.47 20.62 61.74 55.15 80.53 71.11 23.26 68.59 37.2 66.48 20.62 30.02 83.15 71.31 88.57 36.89 42.72 82.86 44.55 81.02 26.08 21.26 48.76 63.13 12.08 15.23 46.75 34.37 79.03 55.97 34.01 78.34 9.85 58.25 0.0 60.07 39.62 68.24 31.95 87.36 50.7 34.06 72.0 
57.04 22.2 70.35 35.13 19.8 45.22 14.04 70.34 54.41 23.35 20.12 33.62 11.05 39.62 10.0 35.51 15.52 45.12 64.88 23.09 17.49 40.31 48.83 23.32 29.07 39.6 24.21 62.39 47.8 54.49 28.44 55.58 46.1 37.54 72.01 46.04 16.55 53.85 22.63 56.32 52.48 60.07 0.0 39.2 36.22 31.05 31.89 14.87 44.42 12.37 
34.06 50.22 42.54 27.29 19.72 6.32 51.48 37.48 22.47 27.02 22.8 44.55 47.89 18.79 42.95 5.1 36.14 19.1 28.16 58.31 41.0 52.17 9.85 16.28 50.04 5.0 50.8 27.02 18.6 17.09 26.31 28.84 25.81 7.21 34.71 39.66 25.63 15.52 47.68 30.81 21.38 39.62 39.2 0.0 29.55 16.03 55.08 24.41 7.07 50.77 
62.97 31.83 72.09 49.82 24.17 34.48 41.15 66.48 52.0 13.0 18.68 17.72 38.08 45.45 32.31 31.06 22.47 47.71 55.73 43.42 24.7 24.02 36.88 28.84 26.93 25.3 31.14 55.54 47.89 33.24 8.06 58.18 53.41 22.47 61.2 11.66 21.21 42.76 28.28 60.03 24.7 68.24 36.22 29.55 0.0 38.21 31.76 26.93 36.4 42.15 
27.66 48.26 40.01 12.08 17.09 19.31 44.91 39.29 23.41 30.02 23.26 48.76 41.59 9.06 38.05 11.0 34.71 14.14 34.67 53.34 39.62 56.82 22.36 10.77 50.96 20.1 49.5 31.76 16.76 32.76 32.02 25.0 16.76 20.62 41.88 49.68 24.04 25.61 46.69 26.08 37.12 31.95 31.05 16.03 38.21 0.0 55.54 19.1 17.0 43.42 
83.2 10.0 95.04 63.69 38.64 61.2 24.17 92.05 76.16 28.07 33.14 14.87 23.85 64.54 21.93 54.04 20.88 68.88 83.22 19.03 16.16 14.56 64.38 44.91 5.1 52.47 7.81 82.02 70.46 63.89 29.83 80.06 72.28 49.5 89.56 33.3 31.58 70.35 9.43 81.39 56.36 87.36 31.89 55.08 31.76 55.54 0.0 36.69 62.03 26.83 
46.69 29.15 59.08 27.29 5.0 30.53 27.31 57.56 41.44 14.76 8.25 31.89 23.77 28.16 19.42 21.02 15.81 33.0 50.92 34.93 20.62 39.82 34.13 9.22 32.31 24.76 30.41 48.76 35.13 39.7 18.97 44.05 35.69 22.8 57.94 38.28 6.4 39.36 27.66 45.18 38.48 50.7 14.87 24.41 26.93 19.1 36.69 0.0 29.97 26.42 
28.32 56.89 35.78 26.17 25.63 3.16 57.27 30.41 15.65 34.0 29.43 51.62 53.71 16.03 49.04 8.94 42.76 14.32 21.38 64.51 47.68 59.23 5.39 21.1 57.01 11.18 57.56 20.0 12.81 17.03 33.38 22.67 21.54 13.93 28.16 46.14 32.02 9.43 54.45 24.76 24.6 34.06 44.42 7.07 36.4 17.0 62.03 29.97 0.0 56.36 
69.18 17.09 82.61 47.0 31.06 56.94 2.83 82.71 66.76 30.53 29.7 34.01 4.12 51.97 9.85 47.41 19.7 57.49 77.08 12.08 18.25 38.83 60.54 35.34 25.96 50.61 19.31 74.67 60.17 65.19 35.36 67.9 58.31 48.27 84.17 50.01 26.17 65.76 19.42 68.59 61.85 72.0 12.37 50.77 42.15 43.42 26.83 26.42 56.36 0.0 
