65
0.0 29.07 39.82 96.54 54.01 44.01 28.65 93.81 31.3 100.69 101.55 68.15 71.11 92.48 63.95 133.3 136.36 44.55 71.51 112.7 79.56 18.44 32.53 73.76 67.9 92.66 79.92 102.58 50.25 78.23 125.67 83.22 64.4 92.91 11.66 63.95 101.2 69.46 71.51 26.17 45.34 74.41 70.71 77.52 27.78 116.83 46.53 70.01 80.45 48.01 89.83 106.4 82.57 128.0 18.87 98.08 53.04 53.41 80.06 103.79 73.82 81.25 52.47 81.39 94.02 
29.07 0.0 64.26 92.27 59.06 59.55 55.32 117.62 12.04 118.14 115.26 78.82 100.18 119.37 79.93 152.5 155.13 67.08 92.36 126.66 89.59 12.53 56.08 94.05 89.36 120.07 104.92 127.77 79.31 103.08 142.84 112.29 83.6 117.2 39.81 72.95 109.13 94.92 84.5 55.23 68.94 94.87 99.32 102.88 48.3 134.38 56.85 74.32 98.6 37.01 110.68 129.77 80.06 145.69 15.26 99.2 57.71 73.78 102.58 117.44 97.99 90.74 81.5 96.26 117.24 
39.82 64.26 0.0 87.01 43.19 21.93 12.53 54.08 60.02 63.56 68.07 43.32 49.41 55.73 32.06 94.4 97.65 7.0 32.76 78.34 53.15 56.94 8.25 35.36 28.84 57.14 40.72 63.56 35.51 38.91 88.12 60.54 27.89 53.34 37.44 42.94 74.67 30.68 42.43 28.44 5.83 35.85 41.79 38.63 17.03 79.18 31.89 54.08 43.66 60.64 50.61 66.61 73.11 90.05 49.34 80.96 43.28 17.12 40.31 70.21 34.13 55.32 38.28 48.26 54.2 
96.54 92.27 87.01 0.0 45.18 65.22 92.78 105.48 80.22 79.76 65.03 48.01 135.1 123.55 63.01 109.22 109.55 81.57 81.12 72.34 45.31 98.08 84.06 79.65 82.38 127.77 103.94 119.04 122.41 102.22 94.43 145.0 73.24 107.54 105.0 45.28 43.29 101.02 54.2 108.23 85.04 80.53 124.58 104.62 78.71 90.01 56.08 33.24 73.54 55.33 88.87 111.13 14.32 98.41 84.21 18.44 45.62 75.69 91.68 66.0 96.57 43.66 125.21 61.68 102.53 
54.01 59.06 43.19 45.18 0.0 21.4 47.71 77.01 48.26 64.85 58.14 21.63 92.46 89.27 30.15 99.76 101.71 38.83 49.01 69.35 31.14 60.44 39.2 49.04 48.26 92.44 70.04 90.05 77.99 68.07 87.92 103.23 39.05 78.03 61.0 15.0 50.09 63.89 29.07 63.07 42.44 50.04 83.53 69.63 33.54 80.26 11.31 16.12 48.51 30.89 63.95 86.58 30.89 91.27 46.49 44.1 1.41 36.06 61.01 60.21 61.98 32.02 80.81 41.59 75.11 
44.01 59.55 21.93 65.22 21.4 0.0 28.46 61.61 51.62 58.69 57.71 25.02 71.06 70.35 20.62 92.96 95.59 17.49 34.18 68.96 36.22 56.4 19.31 35.34 32.02 72.99 52.01 73.68 57.2 50.01 83.55 81.84 24.6 61.98 47.38 22.56 58.22 44.41 27.51 45.12 21.1 36.25 62.27 51.04 17.12 74.97 10.3 32.65 39.05 44.05 51.88 72.73 51.22 86.28 44.55 60.41 21.63 17.03 45.61 59.94 44.05 38.12 60.0 37.74 60.44 
28.65 55.32 12.53 92.78 47.71 28.46 0.0 65.44 53.0 76.06 80.05 52.61 49.4 64.2 43.19 106.83 110.11 18.97 45.28 90.52 63.2 46.62 9.22 47.89 41.34 64.76 51.31 73.93 31.4 49.65 100.65 61.35 40.16 64.4 25.0 50.96 85.09 40.82 53.0 17.03 18.36 48.37 45.18 48.88 14.87 91.71 36.72 60.93 56.08 58.6 63.01 78.1 78.55 102.58 41.19 88.87 47.43 29.12 52.4 82.23 45.45 65.28 34.21 60.02 65.86 
93.81 117.62 54.08 105.48 77.01 61.61 65.44 0.0 111.79 33.84 49.58 60.02 59.21 23.26 47.04 47.3 51.2 50.54 28.07 52.84 60.17 110.98 61.91 28.02 29.61 28.64 15.26 13.6 65.39 16.4 48.17 61.4 38.12 3.16 89.87 65.49 70.43 25.61 52.39 76.58 48.88 27.02 45.4 18.36 69.32 40.79 69.58 76.49 31.95 105.22 17.2 12.73 95.6 48.0 102.42 90.82 78.03 44.92 16.12 50.45 20.0 61.85 66.48 43.86 3.61 
31.3 12.04 60.02 80.22 48.26 51.62 53.0 111.79 0.0 109.48 105.48 68.77 100.62 115.74 71.4 144.2 146.65 61.68 85.42 116.85 79.2 20.59 51.79 86.83 82.76 116.97 100.0 122.71 80.28 98.08 133.87 112.79 76.16 111.66 42.94 62.63 98.11 90.47 74.95 56.61 64.03 87.71 98.08 98.23 43.17 125.61 47.42 63.06 90.44 25.0 103.45 123.57 68.07 136.88 12.65 87.36 46.87 67.12 96.25 107.63 92.66 80.21 82.71 87.05 111.09 
100.69 118.14 63.56 79.76 64.85 58.69 76.06 33.84 109.48 0.0 16.64 43.46 88.12 56.94 38.21 34.99 37.2 57.25 31.32 19.31 37.48 114.87 68.96 28.46 35.44 62.27 42.45 45.25 88.28 41.98 25.0 92.72 36.36 36.89 100.65 50.16 39.4 48.09 35.78 91.42 57.78 28.16 74.15 45.12 73.01 16.28 62.2 57.49 20.25 95.71 18.68 33.84 73.03 27.59 103.24 62.82 66.19 47.51 30.15 17.03 40.11 38.21 90.14 23.26 30.23 
101.55 115.26 68.07 65.03 58.14 57.71 80.05 49.58 105.48 16.64 0.0 36.77 100.0 72.2 37.7 44.91 45.88 61.19 39.32 11.4 27.46 113.74 71.84 36.35 43.19 77.42 55.9 61.62 97.25 55.04 31.02 105.85 40.31 52.5 103.41 43.19 23.09 59.48 30.81 96.51 62.65 36.5 86.33 58.18 73.93 25.18 58.41 47.41 26.17 88.6 33.02 50.48 60.02 34.79 101.02 47.38 59.55 50.99 42.54 2.24 51.87 27.29 99.41 20.25 46.01 
68.15 78.82 43.32 48.01 21.63 25.02 52.61 60.02 68.77 43.46 36.77 0.0 88.41 76.06 15.0 78.26 80.13 36.77 33.62 48.1 11.4 78.26 43.42 32.57 34.48 80.06 56.36 73.55 78.29 54.56 66.29 97.67 25.24 61.61 72.34 6.71 33.24 53.01 8.06 69.58 39.81 33.53 77.1 56.82 42.11 58.67 22.36 16.49 29.0 52.48 45.01 68.03 36.25 69.64 65.0 38.28 23.02 28.84 44.92 38.9 48.76 13.15 80.96 20.25 57.56 
71.11 100.18 49.41 135.1 92.46 71.06 49.4 59.21 100.62 88.12 100.0 88.41 0.0 40.85 74.06 106.21 110.17 53.81 61.47 107.08 95.72 89.0 55.07 64.26 58.18 37.12 46.1 57.87 21.02 46.27 107.0 12.17 65.0 56.32 61.03 89.94 114.49 40.52 84.6 45.01 50.25 63.91 14.04 43.19 63.51 99.05 81.22 101.86 74.33 107.94 69.58 69.43 121.63 107.12 88.12 126.61 92.62 59.67 58.05 101.65 48.27 97.94 19.24 84.58 62.07 
92.48 119.37 55.73 123.55 89.27 70.35 64.2 23.26 115.74 56.94 72.2 76.06 40.85 0.0 61.47 67.01 71.01 55.04 42.49 76.06 78.77 110.72 63.95 43.91 41.79 5.39 19.7 17.26 53.08 21.54 70.41 40.11 51.26 20.12 85.88 80.41 91.92 26.02 69.35 70.49 52.15 43.05 28.84 19.65 72.69 63.6 79.91 92.31 51.22 114.11 39.2 30.02 112.31 69.72 104.79 110.44 90.03 53.6 32.2 73.24 27.51 80.71 53.26 63.41 26.83 
63.95 79.93 32.06 63.01 30.15 20.62 43.19 47.04 71.4 38.21 37.7 15.0 74.06 61.47 0.0 72.8 75.29 25.08 19.42 48.75 21.93 77.01 34.53 19.03 19.7 65.31 41.79 60.3 65.46 39.92 62.97 82.98 10.3 48.26 65.8 18.97 42.76 38.01 10.77 60.07 27.46 20.02 62.37 42.05 36.25 54.45 24.6 30.87 19.24 59.77 33.96 56.44 51.0 65.76 65.07 52.63 31.26 15.52 31.26 39.92 34.01 24.17 68.01 17.46 45.01 
133.3 152.5 94.4 109.22 99.76 92.96 106.83 47.3 144.2 34.99 44.91 78.26 106.21 67.01 72.8 0.0 4.0 88.87 61.85 37.0 71.17 148.49 100.9 59.55 65.6 72.01 61.98 50.04 112.27 62.63 15.13 107.07 69.3 50.01 131.83 84.97 66.03 71.31 70.71 120.57 88.6 58.9 92.57 65.15 106.1 19.92 97.08 91.42 53.91 130.65 43.83 37.05 104.92 11.18 137.44 91.05 101.12 79.98 55.07 43.57 63.98 71.47 113.53 58.18 44.92 
136.36 155.13 97.65 109.55 101.71 95.59 110.11 51.2 146.65 37.2 45.88 80.13 110.17 71.01 75.29 4.0 0.0 92.01 65.0 37.22 72.62 151.35 104.02 62.63 68.82 76.01 65.8 54.04 116.06 66.41 15.13 111.07 72.18 53.94 135.09 86.83 66.27 75.03 72.72 124.04 91.84 62.01 96.51 68.96 109.04 21.47 99.4 92.85 56.59 132.59 47.17 41.05 105.76 11.18 140.12 91.27 103.08 82.98 58.59 44.38 67.62 72.8 117.34 60.21 48.76 
44.55 67.08 7.0 81.57 38.83 17.49 18.97 50.54 61.68 57.25 61.19 36.77 53.81 55.04 25.08 88.87 92.01 0.0 27.02 71.57 46.32 60.8 12.04 29.41 23.35 57.08 38.33 61.03 41.59 36.4 81.99 64.4 21.19 50.16 43.42 36.89 67.74 29.15 35.51 35.36 3.61 30.0 44.78 36.67 18.79 73.06 27.78 48.41 37.16 59.41 45.28 62.77 67.9 84.06 51.89 74.71 39.12 10.2 35.81 63.35 31.02 48.51 44.29 41.3 50.25 
71.51 92.36 32.76 81.12 49.01 34.18 45.28 28.07 85.42 31.32 39.32 33.62 61.47 42.49 19.42 61.85 65.0 27.02 0.0 48.04 36.88 87.21 39.05 3.0 4.12 46.65 22.83 41.05 58.03 21.1 55.46 68.6 10.05 29.02 70.18 38.33 53.34 21.63 26.93 60.17 26.93 3.16 48.3 23.6 44.69 46.52 41.59 49.98 13.15 77.28 18.44 38.6 69.86 57.31 77.1 68.77 50.0 18.6 12.0 41.19 15.62 38.95 60.13 23.32 26.48 
112.7 126.66 78.34 72.34 69.35 68.96 90.52 52.84 116.85 19.31 11.4 48.1 107.08 76.06 48.75 37.0 37.22 71.57 48.04 0.0 38.42 125.1 82.54 45.04 52.09 81.41 61.68 63.41 106.0 61.13 22.09 111.97 50.45 55.95 114.23 54.45 29.07 66.75 42.2 106.73 72.78 45.01 93.17 64.29 85.0 18.97 69.81 57.98 35.23 99.64 37.95 50.93 68.96 26.08 112.41 54.08 70.77 61.4 49.03 9.22 58.86 38.01 108.02 31.3 49.24 
79.56 89.59 53.15 45.31 31.14 36.22 63.2 60.17 79.2 37.48 27.46 11.4 95.72 78.77 21.93 71.17 72.62 46.32 36.88 38.42 0.0 89.47 54.08 35.0 38.9 83.23 59.41 73.74 87.32 57.8 58.14 104.2 30.81 62.24 83.6 16.64 22.02 58.0 11.18 80.22 49.04 35.81 83.6 60.44 53.34 51.26 33.62 20.25 28.23 61.22 43.68 66.29 36.22 61.74 76.06 31.89 32.56 37.34 46.65 29.41 52.5 2.24 89.89 16.49 57.25 
18.44 12.53 56.94 98.08 60.44 56.4 46.62 110.98 20.59 114.87 113.74 78.26 89.0 110.72 77.01 148.49 151.35 60.8 87.21 125.1 89.47 0.0 49.09 89.2 83.87 111.02 97.53 120.31 68.01 95.77 139.82 101.02 79.2 110.28 28.07 73.01 110.14 87.21 83.01 44.01 62.13 89.94 89.11 95.26 42.52 131.14 55.9 76.4 94.85 44.15 105.65 123.42 85.02 142.43 14.14 102.96 59.2 68.68 96.61 115.97 91.07 90.87 70.06 94.05 110.94 
32.53 56.08 8.25 84.06 39.2 19.31 9.22 61.91 51.79 68.96 71.84 43.42 55.07 63.95 34.53 100.9 104.02 12.04 39.05 82.54 54.08 49.09 0.0 41.4 35.38 65.28 48.85 71.69 38.9 47.01 93.81 66.64 32.65 61.29 31.78 41.76 76.03 38.9 44.05 26.17 13.04 42.01 48.76 46.82 9.06 84.91 28.02 51.89 48.76 53.45 57.31 74.33 69.89 95.96 41.11 79.71 39.05 21.47 47.63 74.04 42.06 56.14 41.73 51.66 61.85 
73.76 94.05 35.36 79.65 49.04 35.34 47.89 28.02 86.83 28.46 36.35 32.57 64.26 43.91 19.03 59.55 62.63 29.41 3.0 45.04 35.0 89.2 41.4 0.0 7.07 48.26 24.41 41.3 61.03 22.8 52.77 71.2 10.77 29.27 72.72 37.66 50.77 24.19 25.5 62.97 29.53 1.0 50.99 25.5 46.69 43.83 42.2 49.04 10.2 77.88 16.64 37.85 68.71 54.71 78.82 66.84 50.09 20.52 12.37 38.21 17.69 37.01 63.13 20.81 26.08 
67.9 89.36 28.84 82.38 48.26 32.02 41.34 29.61 82.76 35.44 43.19 34.48 58.18 41.79 19.7 65.6 68.82 23.35 4.12 52.09 38.9 83.87 35.38 7.07 0.0 45.62 22.14 42.05 54.08 20.25 59.51 65.73 9.49 30.15 66.29 38.63 56.36 19.1 28.43 56.08 23.02 7.28 45.28 22.36 41.4 50.57 40.11 50.57 17.03 75.66 21.93 40.85 70.66 61.29 74.09 70.72 49.16 15.65 13.6 45.1 14.32 41.04 56.22 26.4 28.46 
92.66 120.07 57.14 127.77 92.44 72.99 64.76 28.64 116.97 62.27 77.42 80.06 37.12 5.39 65.31 72.01 76.01 57.08 46.65 81.41 83.23 111.02 65.28 48.26 45.62 0.0 23.85 22.02 50.99 25.55 75.71 35.36 55.04 25.5 85.49 84.17 96.9 28.64 73.57 69.77 54.01 47.43 26.17 23.26 74.17 68.96 82.76 96.18 55.97 116.43 44.41 35.13 116.28 74.97 105.72 115.0 93.15 56.52 36.88 78.49 31.3 85.21 50.91 68.12 32.2 
79.92 104.92 40.72 103.94 70.04 52.01 51.31 15.26 100.0 42.45 55.9 56.36 46.1 19.7 41.79 61.98 65.8 38.33 22.83 61.68 59.41 97.53 48.85 24.41 22.14 23.85 0.0 22.85 50.33 2.0 61.13 50.29 31.62 13.45 75.29 60.75 73.88 10.63 49.74 61.55 36.06 23.6 32.06 3.16 56.92 53.0 61.13 72.62 32.56 96.05 23.77 27.8 92.61 61.52 89.89 91.21 70.86 35.0 13.6 57.27 8.06 61.4 51.55 44.55 17.09 
102.58 127.77 63.56 119.04 90.05 73.68 73.93 13.6 122.71 45.25 61.62 73.55 57.87 17.26 60.3 50.04 54.04 61.03 41.05 63.41 73.74 120.31 71.69 41.3 42.05 22.02 22.85 0.0 68.24 24.7 54.71 57.31 51.01 12.04 97.42 78.92 83.23 33.12 65.97 82.98 58.87 40.31 45.19 25.06 79.71 48.75 82.15 90.03 45.54 117.61 30.41 13.6 109.2 53.6 112.72 104.2 91.02 56.72 29.07 62.24 30.08 75.39 68.8 57.38 16.55 
50.25 79.31 35.51 122.41 77.99 57.2 31.4 65.39 80.28 88.28 97.25 78.29 21.02 53.08 65.46 112.27 116.06 41.59 58.03 106.0 87.32 68.01 38.9 61.03 54.08 50.99 50.33 68.24 0.0 49.65 110.22 33.02 58.25 63.07 40.01 78.39 107.97 41.23 76.22 24.08 38.48 61.01 25.0 47.17 46.23 101.61 66.71 89.59 71.11 89.55 71.02 77.37 108.41 111.09 67.68 116.3 77.9 49.98 58.86 99.18 49.03 89.54 2.83 79.25 67.42 
78.23 103.08 38.91 102.22 68.07 50.01 49.65 16.4 98.08 41.98 55.04 54.56 46.27 21.54 39.92 62.63 66.41 36.4 21.1 61.13 57.8 95.77 47.01 22.8 20.25 25.55 2.0 24.7 49.65 0.0 61.29 50.92 29.73 14.87 73.76 58.87 72.62 9.22 48.02 60.21 34.18 22.02 32.25 3.16 55.03 53.04 59.14 70.77 31.24 94.05 23.35 29.07 90.8 61.81 88.02 89.64 68.88 33.0 12.53 56.46 6.08 59.82 50.96 43.14 17.89 
125.67 142.84 88.12 94.43 87.92 83.55 100.65 48.17 133.87 25.0 31.02 66.29 107.0 70.41 62.97 15.13 15.13 81.99 55.46 22.09 58.14 139.82 93.81 52.77 59.51 75.71 61.13 54.71 110.22 61.29 0.0 109.55 61.29 51.24 125.4 72.95 51.16 69.05 59.2 115.55 82.3 52.33 93.02 64.2 98.01 8.94 86.45 78.29 45.22 118.73 39.29 41.11 90.71 4.0 128.04 76.16 89.31 72.4 51.42 29.41 61.19 58.18 111.8 46.86 45.04 
83.22 112.29 60.54 145.0 103.23 81.84 61.35 61.4 112.79 92.72 105.85 97.67 12.17 40.11 82.98 107.07 111.07 64.4 68.6 111.97 104.2 101.02 66.64 71.2 65.73 35.36 50.29 57.31 33.02 50.92 109.55 0.0 73.41 58.31 73.0 99.72 121.94 47.01 93.24 57.08 60.8 70.71 20.62 47.76 75.24 102.11 92.09 111.8 80.95 119.77 74.04 70.03 131.8 109.22 100.28 135.59 103.47 69.31 63.32 107.34 54.13 106.4 31.02 91.92 64.63 
64.4 83.6 27.89 73.24 39.05 24.6 40.16 38.12 76.16 36.36 40.31 25.24 65.0 51.26 10.3 69.3 72.18 21.19 10.05 50.45 30.81 79.2 32.65 10.77 9.49 55.04 31.62 51.01 58.25 29.73 61.29 73.41 0.0 39.0 64.4 29.15 49.98 27.8 19.85 56.29 22.36 11.7 52.8 31.78 36.88 52.43 31.58 41.15 16.12 67.27 27.29 48.51 61.29 63.6 68.41 62.29 40.01 11.18 22.02 42.43 23.77 33.02 60.64 21.1 36.5 
92.91 117.2 53.34 107.54 78.03 61.98 64.4 3.16 111.66 36.89 52.5 61.61 56.32 20.12 48.26 50.01 53.94 50.16 29.02 55.95 62.24 110.28 61.29 29.27 30.15 25.5 13.45 12.04 63.07 14.87 51.24 58.31 39.0 0.0 88.62 66.91 73.11 24.04 54.12 75.01 48.3 28.28 42.58 16.4 68.94 43.93 70.26 78.1 34.01 105.8 19.85 14.42 97.42 51.01 102.04 93.15 79.01 45.12 17.03 53.41 19.24 63.98 64.08 46.07 6.71 
11.66 39.81 37.44 105.0 61.0 47.38 25.0 89.87 42.94 100.65 103.41 72.34 61.03 85.88 65.8 131.83 135.09 43.42 70.18 114.23 83.6 28.07 31.78 72.72 66.29 85.49 75.29 97.42 40.01 73.76 125.4 73.0 64.4 88.62 0.0 69.01 105.57 64.66 74.53 16.28 43.27 73.25 62.1 72.62 30.27 116.47 52.09 76.53 80.5 58.9 88.01 102.59 90.8 127.42 30.53 104.94 60.21 53.23 77.34 105.62 70.01 85.48 42.01 83.17 90.51 
63.95 72.95 42.94 45.28 15.0 22.56 50.96 65.49 62.63 50.16 43.19 6.71 89.94 80.41 18.97 84.97 86.83 36.89 38.33 54.45 16.64 73.01 41.76 37.66 38.63 84.17 60.75 78.92 78.39 58.87 72.95 99.72 29.15 66.91 69.01 0.0 37.36 56.44 14.56 67.68 40.22 38.64 79.31 60.93 39.12 65.37 17.46 12.21 35.13 45.79 51.04 74.01 32.45 76.32 59.48 38.08 16.4 30.41 50.01 45.28 52.92 17.89 81.12 26.93 63.2 
101.2 109.13 74.67 43.29 50.09 58.22 85.09 70.43 98.11 39.4 23.09 33.24 114.49 91.92 42.76 66.03 66.27 67.74 53.34 29.07 22.02 110.14 76.03 50.77 56.36 96.9 73.88 83.23 107.97 72.62 51.16 121.94 49.98 73.11 105.57 37.36 0.0 74.95 32.25 102.12 70.21 51.31 101.6 75.6 75.33 47.17 54.82 35.23 41.4 77.47 53.26 72.95 41.15 55.15 96.38 25.02 51.43 58.25 60.31 23.54 68.24 20.1 110.44 30.02 67.01 
69.46 94.92 30.68 101.02 63.89 44.41 40.82 25.61 90.47 48.09 59.48 53.01 40.52 26.02 38.01 71.31 75.03 29.15 21.63 66.75 58.0 87.21 38.9 24.19 19.1 28.64 10.63 33.12 41.23 9.22 69.05 47.01 27.8 24.04 64.66 56.44 74.95 0.0 47.42 50.99 26.48 23.71 26.93 8.06 47.3 60.53 54.13 68.6 34.01 88.09 30.07 38.29 88.84 69.86 80.01 89.81 64.56 27.89 18.0 61.13 8.0 60.14 42.76 44.94 26.93 
71.51 84.5 42.43 54.2 29.07 27.51 53.0 52.39 74.95 35.78 30.81 8.06 84.6 69.35 10.77 70.71 72.72 35.51 26.93 42.2 11.18 83.01 44.05 25.5 28.43 73.57 49.74 65.97 76.22 48.02 59.2 93.24 19.85 54.12 74.53 14.56 32.25 47.42 0.0 70.01 38.08 26.4 72.62 50.48 44.38 51.31 27.66 24.19 21.02 59.94 37.05 60.07 43.32 62.43 70.21 42.45 30.41 26.25 37.7 33.02 42.44 13.42 78.77 12.53 49.82 
26.17 55.23 28.44 108.23 63.07 45.12 17.03 76.58 56.61 91.42 96.51 69.58 45.01 70.49 60.07 120.57 124.04 35.36 60.17 106.73 80.22 44.01 26.17 62.97 56.08 69.77 61.55 82.98 24.08 60.21 115.55 57.08 56.29 75.01 16.28 67.68 102.12 50.99 70.01 0.0 33.96 63.32 45.88 58.69 29.55 106.62 52.55 77.16 71.84 68.41 76.94 89.27 93.91 117.2 43.97 105.36 62.61 45.54 65.51 98.66 57.2 82.3 26.31 76.66 77.62 
45.34 68.94 5.83 85.04 42.44 21.1 18.36 48.88 64.03 57.78 62.65 39.81 50.25 52.15 27.46 88.6 91.84 3.61 26.93 72.78 49.04 62.13 13.04 29.53 23.02 54.01 36.06 58.87 38.48 34.18 82.3 60.8 22.36 48.3 43.27 40.22 70.21 26.48 38.08 33.96 0.0 30.02 41.18 34.21 20.88 73.36 31.38 51.86 37.95 62.65 44.82 61.29 71.42 84.22 53.85 77.9 42.72 12.04 34.71 64.78 29.07 51.24 41.15 43.05 48.83 
74.41 94.87 35.85 80.53 50.04 36.25 48.37 27.02 87.71 28.16 36.5 33.53 63.91 43.05 20.02 58.9 62.01 30.0 3.16 45.01 35.81 89.94 42.01 1.0 7.28 47.43 23.6 40.31 61.01 22.02 52.33 70.71 11.7 28.28 73.25 38.64 51.31 23.71 26.4 63.32 30.02 0.0 50.57 24.76 47.42 43.38 43.17 50.0 10.44 78.85 15.81 36.88 69.64 54.2 79.63 67.62 51.09 21.26 11.4 38.33 17.03 37.8 63.07 21.4 25.08 
70.71 99.32 41.79 124.58 83.53 62.27 45.18 45.4 98.08 74.15 86.33 77.1 14.04 28.84 62.37 92.57 96.51 44.78 48.3 93.17 83.6 89.11 48.76 50.99 45.28 26.17 32.06 45.19 25.0 32.25 93.02 20.62 52.8 42.58 62.1 79.31 101.6 26.93 72.62 45.88 41.18 50.57 0.0 29.15 57.72 85.02 72.56 91.44 60.93 102.2 55.58 56.04 111.52 93.19 86.0 114.98 83.86 48.92 44.15 87.93 34.48 85.8 24.76 71.59 48.17 
77.52 102.88 38.63 104.62 69.63 51.04 48.88 18.36 98.23 45.12 58.18 56.82 43.19 19.65 42.05 65.15 68.96 36.67 23.6 64.29 60.44 95.26 46.82 25.5 22.36 23.26 3.16 25.06 47.17 3.16 64.2 47.76 31.78 16.4 72.62 60.93 75.6 8.06 50.48 58.69 34.21 24.76 29.15 0.0 55.08 56.01 60.41 72.92 34.21 95.0 26.48 30.81 93.02 64.63 87.92 92.31 70.41 34.13 15.65 59.62 8.06 62.48 48.38 46.01 20.25 
27.78 48.3 17.03 78.71 33.54 17.12 14.87 69.32 43.17 73.01 73.93 42.11 63.51 72.69 36.25 106.1 109.04 18.79 44.69 85.0 53.34 42.52 9.06 46.69 41.4 74.17 56.92 79.71 46.23 55.03 98.01 75.24 36.88 68.94 30.27 39.12 75.33 47.3 44.38 29.55 20.88 47.42 57.72 55.08 0.0 89.2 23.09 47.8 52.8 44.6 63.13 81.49 64.41 100.42 33.11 76.16 33.12 26.17 54.38 76.16 49.77 55.23 49.04 53.71 68.96 
116.83 134.38 79.18 90.01 80.26 74.97 91.71 40.79 125.61 16.28 25.18 58.67 99.05 63.6 54.45 19.92 21.47 73.06 46.52 18.97 51.26 131.14 84.91 43.83 50.57 68.96 53.0 48.75 101.61 53.04 8.94 102.11 52.43 43.93 116.47 65.37 47.17 60.53 51.31 106.62 73.36 43.38 85.02 56.01 89.2 0.0 78.24 71.51 36.4 111.14 30.59 35.36 85.16 11.31 119.5 72.06 81.63 63.51 42.76 24.02 52.61 51.55 103.25 38.83 37.48 
46.53 56.85 31.89 56.08 11.31 10.3 36.72 69.58 47.42 62.2 58.41 22.36 81.22 79.91 24.6 97.08 99.4 27.78 41.59 69.81 33.62 55.9 28.02 42.2 40.11 82.76 61.13 82.15 66.71 59.14 86.45 92.09 31.58 70.26 52.09 17.46 54.82 54.13 27.66 52.55 31.38 43.17 72.56 60.41 23.09 78.24 0.0 24.74 43.83 35.69 58.19 80.05 41.88 89.5 42.72 53.15 11.4 26.31 53.46 60.61 53.08 35.11 69.53 39.62 68.07 
70.01 74.32 54.08 33.24 16.12 32.65 60.93 76.49 63.06 57.49 47.41 16.49 101.86 92.31 30.87 91.42 92.85 48.41 49.98 57.98 20.25 76.4 51.89 49.04 50.57 96.18 72.62 90.03 89.59 70.77 78.29 111.8 41.15 78.1 76.53 12.21 35.23 68.6 24.19 77.16 51.86 50.0 91.44 72.92 47.8 71.51 24.74 0.0 45.18 42.45 61.2 84.21 20.25 81.94 62.36 28.44 17.26 42.52 61.4 49.24 64.88 20.12 92.36 35.13 73.98 
80.45 98.6 43.66 73.54 48.51 39.05 56.08 31.95 90.44 20.25 26.17 29.0 74.33 51.22 19.24 53.91 56.59 37.16 13.15 35.23 28.23 94.85 48.76 10.2 17.03 55.97 32.56 45.54 71.11 31.24 45.22 80.95 16.12 34.01 80.5 35.13 41.4 34.01 21.02 71.84 37.95 10.44 60.93 34.21 52.8 36.4 43.83 45.18 0.0 78.77 16.03 39.05 63.79 47.63 83.55 59.36 49.73 27.29 19.1 28.07 26.93 29.97 73.25 12.21 29.12 
48.01 37.01 60.64 55.33 30.89 44.05 58.6 105.22 25.0 95.71 88.6 52.48 107.94 114.11 59.77 130.65 132.59 59.41 77.28 99.64 61.22 44.15 53.45 77.88 75.66 116.43 96.05 117.61 89.55 94.05 118.73 119.77 67.27 105.8 58.9 45.79 77.47 88.09 59.94 68.41 62.65 78.85 102.2 95.0 44.6 111.14 35.69 42.45 78.77 0.0 93.68 115.73 43.68 122.11 31.38 63.69 29.53 61.07 89.11 90.6 88.09 61.72 92.28 72.47 103.75 
89.83 110.68 50.61 88.87 63.95 51.88 63.01 17.2 103.45 18.68 33.02 45.01 69.58 39.2 33.96 43.83 47.17 45.28 18.44 37.95 43.68 105.65 57.31 16.64 21.93 44.41 23.77 30.41 71.02 23.35 39.29 74.04 27.29 19.85 88.01 51.04 53.26 30.07 37.05 76.94 44.82 15.81 55.58 26.48 63.13 30.59 58.19 61.2 16.03 93.68 0.0 23.02 79.62 40.5 95.44 73.79 65.12 37.01 12.17 34.13 22.09 45.22 72.69 27.2 13.89 
106.4 129.77 66.61 111.13 86.58 72.73 78.1 12.73 123.57 33.84 50.48 68.03 69.43 30.02 56.44 37.05 41.05 62.77 38.6 50.93 66.29 123.42 74.33 37.85 40.85 35.13 27.8 13.6 77.37 29.07 41.11 70.03 48.51 14.42 102.59 74.01 72.95 38.29 60.07 89.27 61.29 36.88 56.04 30.81 81.49 35.36 80.05 84.21 39.05 115.73 23.02 0.0 102.42 40.02 114.53 95.27 87.69 56.46 27.31 50.8 32.65 67.68 78.29 49.82 12.53 
82.57 80.06 73.11 14.32 30.89 51.22 78.55 95.6 68.07 73.03 60.02 36.25 121.63 112.31 51.0 104.92 105.76 67.9 69.86 68.96 36.22 85.02 69.89 68.71 70.66 116.28 92.61 109.2 108.41 90.8 90.71 131.8 61.29 97.42 90.8 32.45 41.15 88.84 43.32 93.91 71.42 69.64 111.52 93.02 64.41 85.16 41.88 20.25 63.79 43.68 79.62 102.42 0.0 94.59 71.0 20.81 31.3 62.63 80.99 61.39 84.97 35.06 111.21 52.61 92.89 
128.0 145.69 90.05 98.41 91.27 86.28 102.58 48.0 136.88 27.59 34.79 69.64 107.12 69.72 65.76 11.18 11.18 84.06 57.31 26.08 61.74 142.43 95.96 54.71 61.29 74.97 61.52 53.6 111.09 61.81 4.0 109.22 63.6 51.01 127.42 76.32 55.15 69.86 62.43 117.2 84.22 54.2 93.19 64.63 100.42 11.31 89.5 81.94 47.63 122.11 40.5 40.02 94.59 0.0 130.82 80.16 92.65 74.63 52.5 33.24 62.1 61.85 112.59 50.0 45.04 
18.87 15.26 49.34 84.21 46.49 44.55 41.19 102.42 12.65 103.24 101.02 65.0 88.12 104.79 65.07 137.44 140.12 51.89 77.1 112.41 76.06 14.14 41.11 78.82 74.09 105.72 89.89 112.72 67.68 88.02 128.04 100.28 68.41 102.04 30.53 59.48 96.38 80.01 70.21 43.97 53.85 79.63 86.0 87.92 33.11 119.5 42.72 62.36 83.55 31.38 95.44 114.53 71.0 130.82 0.0 88.81 45.22 58.52 87.32 103.23 82.86 77.37 70.09 81.69 102.0 
98.08 99.2 80.96 18.44 44.1 60.41 88.87 90.82 87.36 62.82 47.38 38.28 126.61 110.44 52.63 91.05 91.27 74.71 68.77 54.08 31.89 102.96 79.71 66.84 70.72 115.0 91.21 104.2 116.3 89.64 76.16 135.59 62.29 93.15 104.94 38.08 25.02 89.81 42.45 105.36 77.9 67.62 114.98 92.31 76.16 72.06 53.15 28.44 59.36 63.69 73.79 95.27 20.81 80.16 88.81 0.0 45.04 67.12 78.24 48.17 84.39 29.83 119.0 47.17 87.66 
53.04 57.71 43.28 45.62 1.41 21.63 47.43 78.03 46.87 66.19 59.55 23.02 92.62 90.03 31.26 101.12 103.08 39.12 50.0 70.77 32.56 59.2 39.05 50.09 49.16 93.15 70.86 91.02 77.9 68.88 89.31 103.47 40.01 79.01 60.21 16.4 51.43 64.56 30.41 62.61 42.72 51.09 83.86 70.41 33.12 81.63 11.4 17.26 49.73 29.53 65.12 87.69 31.3 92.65 45.22 45.04 0.0 36.69 62.0 61.62 62.8 33.42 80.72 42.94 76.16 
53.41 73.78 17.12 75.69 36.06 17.03 29.12 44.92 67.12 47.51 50.99 28.84 59.67 53.6 15.52 79.98 82.98 10.2 18.6 61.4 37.34 68.68 21.47 20.52 15.65 56.52 35.0 56.72 49.98 33.0 72.4 69.31 11.18 45.12 53.23 30.41 58.25 27.89 26.25 45.54 12.04 21.26 48.92 34.13 26.17 63.51 26.31 42.52 27.29 61.07 37.01 56.46 62.63 74.63 58.52 67.12 36.69 0.0 29.15 53.15 27.02 39.56 52.55 31.14 44.01 
80.06 102.58 40.31 91.68 61.01 45.61 52.4 16.12 96.25 30.15 42.54 44.92 58.05 32.2 31.26 55.07 58.59 35.81 12.0 49.03 46.65 96.61 47.63 12.37 13.6 36.88 13.6 29.07 58.86 12.53 51.42 63.32 22.02 17.03 77.34 50.01 60.31 18.0 37.7 65.51 34.71 11.4 44.15 15.65 54.38 42.76 53.46 61.4 19.1 89.11 12.17 27.31 80.99 52.5 87.32 78.24 62.0 29.15 0.0 44.01 10.0 48.55 60.53 31.24 14.87 
103.79 117.44 70.21 66.0 60.21 59.94 82.23 50.45 107.63 17.03 2.24 38.9 101.65 73.24 39.92 43.57 44.38 63.35 41.19 9.22 29.41 115.97 74.04 38.21 45.1 78.49 57.27 62.24 99.18 56.46 29.41 107.34 42.43 53.41 105.62 45.28 23.54 61.13 33.02 98.66 64.78 38.33 87.93 59.62 76.16 24.02 60.61 49.24 28.07 90.6 34.13 50.8 61.39 33.24 103.23 48.17 61.62 53.15 44.01 0.0 53.45 29.15 101.32 22.47 46.86 
73.82 97.99 34.13 96.57 61.98 44.05 45.45 20.0 92.66 40.11 51.87 48.76 48.27 27.51 34.01 63.98 67.62 31.02 15.62 58.86 52.5 91.07 42.06 17.69 14.32 31.3 8.06 30.08 49.03 6.08 61.19 54.13 23.77 19.24 70.01 52.92 68.24 8.0 42.44 57.2 29.07 17.03 34.48 8.06 49.77 52.61 53.08 64.88 26.93 88.09 22.09 32.65 84.97 62.1 82.86 84.39 62.8 27.02 10.0 53.45 0.0 54.56 50.64 38.42 20.52 
81.25 90.74 55.32 43.66 32.02 38.12 65.28 61.85 80.21 38.21 27.29 13.15 97.94 80.71 24.17 71.47 72.8 48.51 38.95 38.01 2.24 90.87 56.14 37.01 41.04 85.21 61.4 75.39 89.54 59.82 58.18 106.4 33.02 63.98 85.48 17.89 20.1 60.14 13.42 82.3 51.24 37.8 85.8 62.48 55.23 51.55 35.11 20.12 29.97 61.72 45.22 67.68 35.06 61.85 77.37 29.83 33.42 39.56 48.55 29.15 54.56 0.0 92.11 18.03 58.87 
52.47 81.5 38.28 125.21 80.81 60.0 34.21 66.48 82.71 90.14 99.41 80.96 19.24 53.26 68.01 113.53 117.34 44.29 60.13 108.02 89.89 70.06 41.73 63.13 56.22 50.91 51.55 68.8 2.83 50.96 111.8 31.02 60.64 64.08 42.01 81.12 110.44 42.76 78.77 26.31 41.15 63.07 24.76 48.38 49.04 103.25 69.53 92.36 73.25 92.28 72.69 78.29 111.21 112.59 70.09 119.0 80.72 52.55 60.53 101.32 50.64 92.11 0.0 81.58 68.62 
81.39 96.26 48.26 61.68 41.59 37.74 60.02 43.86 87.05 23.26 20.25 20.25 84.58 63.41 17.46 58.18 60.21 41.3 23.32 31.3 16.49 94.05 51.66 20.81 26.4 68.12 44.55 57.38 79.25 43.14 46.86 91.92 21.1 46.07 83.17 26.93 30.02 44.94 12.53 76.66 43.05 21.4 71.59 46.01 53.71 38.83 39.62 35.13 12.21 72.47 27.2 49.82 52.61 50.0 81.69 47.17 42.94 31.14 31.24 22.47 38.42 18.03 81.58 0.0 40.85 
94.02 117.24 54.2 102.53 75.11 60.44 65.86 3.61 111.09 30.23 46.01 57.56 62.07 26.83 45.01 44.92 48.76 50.25 26.48 49.24 57.25 110.94 61.85 26.08 28.46 32.2 17.09 16.55 67.42 17.89 45.04 64.63 36.5 6.71 90.51 63.2 67.01 26.93 49.82 77.62 48.83 25.08 48.17 20.25 68.96 37.48 68.07 73.98 29.12 103.75 13.89 12.53 92.89 45.04 102.0 87.66 76.16 44.01 14.87 46.86 20.52 58.87 68.62 40.85 0.0 
