45
0.0 51.92 33.54 38.9 46.75 19.0 19.42 44.82 38.29 61.85 65.62 60.46 76.85 15.56 62.0 35.34 76.55 53.04 30.08 37.7 4.12 71.11 57.08 48.27 66.41 31.95 48.37 27.73 65.8 26.93 49.65 37.16 49.48 71.45 49.58 50.57 65.73 42.72 5.0 56.8 45.88 16.49 47.68 61.61 34.71 
51.92 0.0 20.02 26.93 22.67 50.25 39.05 30.41 29.15 57.8 65.44 39.4 51.79 39.12 69.31 39.36 50.64 27.29 41.44 15.0 50.01 53.49 68.25 4.24 56.94 20.22 55.61 25.08 57.98 25.32 16.64 16.03 2.83 38.01 23.02 8.06 22.56 16.64 56.75 44.65 7.28 35.44 6.71 22.0 47.42 
33.54 20.02 0.0 13.34 16.76 30.27 19.03 20.1 14.87 47.43 54.23 35.23 51.2 19.42 55.76 22.67 50.45 24.04 23.02 5.1 31.02 49.01 53.41 17.46 48.84 4.0 40.8 5.83 49.24 7.07 17.03 4.0 18.25 41.59 19.31 17.09 32.65 10.0 38.08 36.35 13.04 17.8 18.38 29.0 29.83 
38.9 26.93 13.34 0.0 8.54 28.46 20.0 7.07 2.24 34.18 41.15 23.09 39.56 23.35 43.42 12.65 39.0 14.14 16.0 16.12 35.38 36.22 41.73 26.25 35.51 17.26 29.0 16.12 35.9 18.11 14.0 14.76 26.4 32.56 11.18 20.25 29.12 10.3 42.52 23.09 20.0 26.4 28.28 24.35 20.88 
46.75 22.67 16.76 8.54 0.0 37.0 28.3 8.06 10.2 35.23 42.8 19.03 34.53 31.24 46.75 20.02 33.73 7.28 24.19 17.0 43.42 33.24 46.04 23.32 34.93 20.62 33.62 21.47 35.78 23.26 6.71 16.03 23.02 25.24 2.83 14.87 20.62 8.06 50.61 22.36 17.0 33.02 25.94 15.81 28.16 
19.0 50.25 30.27 28.46 37.0 0.0 11.4 32.25 26.93 43.66 46.87 46.01 61.62 13.6 43.0 19.85 61.55 41.59 14.21 35.36 15.03 54.64 38.12 47.68 48.75 31.05 29.61 25.96 47.93 26.57 41.98 34.23 48.51 59.08 39.56 46.04 57.57 36.22 19.65 40.61 43.1 21.93 48.27 52.81 16.55 
19.42 39.05 19.03 20.0 28.3 11.4 0.0 25.5 19.1 44.18 49.04 41.05 57.45 5.0 47.3 16.49 57.14 34.06 12.0 24.08 15.62 52.0 43.32 36.35 48.05 19.65 32.39 14.56 47.68 15.23 32.31 23.02 37.22 52.35 31.06 35.36 48.33 25.96 22.63 37.7 32.0 13.0 36.88 43.83 18.44 
44.82 30.41 20.1 7.07 8.06 32.25 25.5 0.0 6.71 28.18 35.51 16.16 32.7 29.41 38.9 13.34 32.2 9.49 18.38 22.14 41.11 29.15 38.01 30.61 28.86 24.08 25.55 23.19 29.41 25.18 14.76 20.88 30.48 27.02 9.22 22.8 27.02 14.42 48.1 16.28 24.21 33.24 33.02 22.02 21.02 
38.29 29.15 14.87 2.24 10.2 26.93 19.1 6.71 0.0 32.57 39.4 22.85 39.4 22.8 41.4 10.44 38.91 15.0 14.04 18.03 34.66 35.51 39.6 28.43 34.23 18.68 26.87 17.0 34.53 19.0 16.03 16.64 28.6 33.24 12.65 22.47 30.81 12.53 41.73 22.0 22.2 26.57 30.41 25.96 18.68 
61.85 57.8 47.43 34.18 35.23 43.66 44.18 28.18 32.57 0.0 7.81 21.47 26.48 49.16 15.13 28.0 27.29 31.11 32.25 50.16 57.72 16.49 18.25 58.52 6.71 51.24 15.0 49.03 5.0 50.99 41.23 48.85 58.25 34.93 34.83 49.82 46.65 42.54 63.25 13.45 52.15 56.01 61.06 42.44 27.2 
65.62 65.44 54.23 41.15 42.8 46.87 49.04 35.51 39.4 7.81 0.0 29.15 32.0 54.04 9.49 33.54 33.02 38.9 37.05 57.25 61.52 22.02 14.42 66.03 12.17 57.94 17.26 55.36 10.2 57.28 48.92 55.9 65.8 42.06 42.52 57.49 54.38 49.93 66.49 21.26 59.64 61.4 68.51 50.22 31.06 
60.46 39.4 35.23 23.09 19.03 46.01 41.05 16.16 22.85 21.47 29.15 0.0 16.55 45.28 36.06 26.17 16.12 12.37 31.83 36.01 56.61 14.32 37.66 41.11 18.38 39.2 28.07 39.05 19.85 41.0 23.09 35.0 40.5 15.13 17.26 31.38 25.24 27.07 63.41 9.06 35.17 49.4 43.97 21.26 31.38 
76.85 51.79 51.2 39.56 34.53 61.62 57.45 32.7 39.4 26.48 32.0 16.55 0.0 61.77 41.11 42.01 1.41 27.29 47.63 51.35 72.95 10.05 44.72 54.33 20.1 55.11 38.91 55.36 22.09 57.28 37.0 50.49 53.46 15.26 32.25 44.28 32.2 42.3 79.63 21.26 49.04 65.92 57.31 30.36 46.01 
15.56 39.12 19.42 23.35 31.24 13.6 5.0 29.41 22.8 49.16 54.04 45.28 61.77 0.0 52.17 21.38 61.4 37.48 17.0 24.19 12.21 56.65 48.08 36.0 52.95 19.0 37.34 14.04 52.61 14.04 34.48 23.35 37.01 55.9 34.06 36.4 50.61 27.73 19.42 42.38 32.39 8.6 36.12 46.32 23.35 
62.0 69.31 55.76 43.42 46.75 43.0 47.3 38.9 41.4 15.13 9.49 36.06 41.11 52.17 0.0 33.54 42.05 44.1 35.74 59.41 58.01 31.06 5.83 69.35 21.02 59.17 15.23 55.9 19.03 57.7 53.26 58.01 69.31 50.01 47.01 61.62 60.84 53.08 62.2 27.31 62.97 60.17 71.59 56.36 28.86 
35.34 39.36 22.67 12.65 20.02 19.85 16.49 13.34 10.44 28.0 33.54 26.17 42.01 21.38 33.54 0.0 41.87 22.8 5.66 26.91 31.3 35.78 30.81 38.28 31.58 25.81 18.36 22.36 31.26 24.17 26.31 25.5 38.59 39.45 22.02 32.89 40.2 22.85 37.74 21.47 32.25 28.02 40.0 35.23 8.25 
76.55 50.64 50.45 39.0 33.73 61.55 57.14 32.2 38.91 27.29 33.02 16.12 1.41 61.4 42.05 41.87 0.0 26.48 47.51 50.49 72.67 11.0 45.54 53.24 21.02 54.34 39.4 54.71 23.02 56.61 36.01 49.65 52.35 13.89 31.4 43.19 30.87 41.44 79.4 21.4 48.01 65.39 56.22 29.12 46.1 
53.04 27.29 24.04 14.14 7.28 41.59 34.06 9.49 15.0 31.11 38.9 12.37 27.29 37.48 44.1 22.8 26.48 0.0 27.86 24.08 49.52 26.68 44.28 28.79 29.68 27.89 32.57 28.64 30.81 30.46 10.77 23.19 28.23 18.44 5.0 19.24 18.11 15.03 56.64 17.69 22.8 39.96 31.62 13.15 30.27 
30.08 41.44 23.02 16.0 24.19 14.21 12.0 18.38 14.04 32.25 37.05 31.83 47.63 17.0 35.74 5.66 47.51 27.86 0.0 27.78 26.0 41.18 32.2 39.81 36.4 25.5 20.62 21.26 35.9 22.8 30.0 26.42 40.31 44.94 26.48 35.69 44.72 25.5 32.25 26.93 34.18 24.52 41.18 39.81 7.21 
37.7 15.0 5.1 16.12 17.0 35.36 24.08 22.14 18.03 50.16 57.25 36.01 51.35 24.19 59.41 26.91 50.49 24.08 27.78 0.0 35.44 50.16 57.38 12.37 50.96 5.83 44.69 10.2 51.55 10.77 15.23 1.41 13.15 40.5 19.1 13.04 29.73 9.06 42.38 38.33 8.25 21.47 13.42 26.63 34.41 
4.12 50.01 31.02 35.38 43.42 15.03 15.62 41.11 34.66 57.72 61.52 56.61 72.95 12.21 58.01 31.3 72.67 49.52 26.0 35.44 0.0 67.08 53.15 46.53 62.3 29.83 44.28 25.3 61.68 24.74 46.65 34.79 47.68 67.88 46.23 48.1 62.77 39.82 7.21 52.77 43.68 15.0 46.17 58.52 30.59 
71.11 53.49 49.01 36.22 33.24 54.64 52.0 29.15 35.51 16.49 22.02 14.32 10.05 56.65 31.06 35.78 11.0 26.68 41.18 50.16 67.08 0.0 34.71 55.36 10.05 53.01 29.68 52.35 12.04 54.33 37.36 49.09 54.71 21.63 31.58 45.54 36.88 41.3 73.43 14.32 49.48 61.85 58.24 33.84 38.42 
57.08 68.25 53.41 41.73 46.04 38.12 43.32 38.01 39.6 18.25 14.42 37.66 44.72 48.08 5.83 30.81 45.54 44.28 32.2 57.38 53.15 34.71 0.0 67.94 24.74 56.61 12.73 53.0 22.8 54.71 52.7 55.97 68.01 52.24 46.65 60.8 61.68 51.74 57.04 28.64 61.62 56.3 70.01 57.01 25.08 
48.27 4.24 17.46 26.25 23.32 47.68 36.35 30.61 28.43 58.52 66.03 41.11 54.33 36.0 69.35 38.28 53.24 28.79 39.81 12.37 46.53 55.36 67.94 0.0 58.14 17.0 55.23 22.02 59.06 22.02 18.03 13.6 1.41 41.05 24.17 10.05 26.25 16.28 53.15 45.65 6.4 31.78 3.0 25.18 46.14 
66.41 56.94 48.84 35.51 34.93 48.75 48.05 28.86 34.23 6.71 12.17 18.38 20.1 52.95 21.02 31.58 21.02 29.68 36.4 50.96 62.3 10.05 24.74 58.14 0.0 52.77 21.21 51.16 2.0 53.15 40.31 49.73 57.71 30.08 34.0 48.88 43.42 42.72 68.15 12.65 51.89 59.21 60.84 39.62 32.2 
31.95 20.22 4.0 17.26 20.62 31.05 19.65 24.08 18.68 51.24 57.94 39.2 55.11 19.0 59.17 25.81 54.34 27.89 25.5 5.83 29.83 53.01 56.61 17.0 52.77 0.0 44.1 5.1 53.15 5.1 20.25 5.66 18.03 45.19 23.09 18.87 35.36 13.42 36.69 40.31 13.93 15.65 17.26 32.02 32.53 
48.37 55.61 40.8 29.0 33.62 29.61 32.39 25.55 26.87 15.0 17.26 28.07 38.91 37.34 15.23 18.36 39.4 32.57 20.62 44.69 44.28 29.68 12.73 55.23 21.21 44.1 0.0 40.71 19.85 42.49 40.31 43.28 55.32 43.19 34.44 48.26 50.45 39.05 49.24 19.24 48.92 45.12 57.28 45.61 14.04 
27.73 25.08 5.83 16.12 21.47 25.96 14.56 23.19 17.0 49.03 55.36 39.05 55.36 14.04 55.9 22.36 54.71 28.64 21.26 10.2 25.3 52.35 53.0 22.02 51.16 5.1 40.71 0.0 51.35 2.0 22.63 9.49 23.0 46.65 24.19 22.85 38.42 15.56 32.31 39.0 18.44 12.04 22.36 34.66 28.43 
65.8 57.98 49.24 35.9 35.78 47.93 47.68 29.41 34.53 5.0 10.2 19.85 22.09 52.61 19.03 31.26 23.02 30.81 35.9 51.55 61.68 12.04 22.8 59.06 2.0 53.15 19.85 51.35 0.0 53.34 41.34 50.29 58.67 31.95 34.99 49.93 45.0 43.46 67.42 13.42 52.77 59.08 61.72 41.11 31.38 
26.93 25.32 7.07 18.11 23.26 26.57 15.23 25.18 19.0 50.99 57.28 41.0 57.28 14.04 57.7 24.17 56.61 30.46 22.8 10.77 24.74 54.33 54.71 22.02 53.15 5.1 42.49 2.0 53.34 0.0 24.08 10.3 23.09 48.37 25.94 23.71 39.7 17.03 31.62 41.0 18.97 10.82 22.09 36.07 30.0 
49.65 16.64 17.03 14.0 6.71 41.98 32.31 14.76 16.03 41.23 48.92 23.09 37.0 34.48 53.26 26.31 36.01 10.77 30.0 15.23 46.65 37.36 52.7 18.03 40.31 20.25 40.31 22.63 41.34 24.08 0.0 14.76 17.46 25.3 6.4 8.6 16.12 7.07 53.85 28.02 12.17 34.66 20.88 12.04 34.53 
37.16 16.03 4.0 14.76 16.03 34.23 23.02 20.88 16.64 48.85 55.9 35.0 50.49 23.35 58.01 25.5 49.65 23.19 26.42 1.41 34.79 49.09 55.97 13.6 49.73 5.66 43.28 9.49 50.29 10.3 14.76 0.0 14.32 39.92 18.25 13.42 29.7 8.25 41.79 37.11 9.06 21.1 14.76 26.4 33.02 
49.48 2.83 18.25 26.4 23.02 48.51 37.22 30.48 28.6 58.25 65.8 40.5 53.46 37.01 69.31 38.59 52.35 28.23 40.31 13.15 47.68 54.71 68.01 1.41 57.71 18.03 55.32 23.0 58.67 23.09 17.46 14.32 0.0 40.01 23.71 9.22 25.0 16.28 54.34 45.28 6.4 32.98 4.12 24.08 46.53 
71.45 38.01 41.59 32.56 25.24 59.08 52.35 27.02 33.24 34.93 42.06 15.13 15.26 55.9 50.01 39.45 13.89 18.44 44.94 40.5 67.88 21.63 52.24 41.05 30.08 45.19 43.19 46.65 31.95 48.37 25.3 39.92 40.01 0.0 22.47 31.14 17.09 31.78 74.97 24.02 36.5 58.25 44.05 16.03 45.69 
49.58 23.02 19.31 11.18 2.83 39.56 31.06 9.22 12.65 34.83 42.52 17.26 32.25 34.06 47.01 22.02 31.4 5.0 26.48 19.1 46.23 31.58 46.65 24.17 34.0 23.09 34.44 24.19 34.99 25.94 6.4 18.25 23.71 22.47 0.0 15.0 18.25 10.05 53.41 21.63 18.03 35.81 26.93 13.34 30.02 
50.57 8.06 17.09 20.25 14.87 46.04 35.36 22.8 22.47 49.82 57.49 31.38 44.28 36.4 61.62 32.89 43.19 19.24 35.69 13.04 48.1 45.54 60.8 10.05 48.88 18.87 48.26 22.85 49.93 23.71 8.6 13.42 9.22 31.14 15.0 0.0 17.49 10.2 55.15 36.62 5.83 34.48 13.04 15.52 41.11 
65.73 22.56 32.65 29.12 20.62 57.57 48.33 27.02 30.81 46.65 54.38 25.24 32.2 50.61 60.84 40.2 30.87 18.11 44.72 29.73 62.77 36.88 61.68 26.25 43.42 35.36 50.45 38.42 45.0 39.7 16.12 29.7 25.0 17.09 18.25 17.49 0.0 23.02 69.97 33.54 23.32 50.45 29.12 5.0 48.04 
42.72 16.64 10.0 10.3 8.06 36.22 25.96 14.42 12.53 42.54 49.93 27.07 42.3 27.73 53.08 22.85 41.44 15.03 25.5 9.06 39.82 41.3 51.74 16.28 42.72 13.42 39.05 15.56 43.46 17.03 7.07 8.25 16.28 31.78 10.05 10.2 23.02 0.0 47.01 30.08 9.9 27.59 18.6 19.1 31.02 
5.0 56.75 38.08 42.52 50.61 19.65 22.63 48.1 41.73 63.25 66.49 63.41 79.63 19.42 62.2 37.74 79.4 56.64 32.25 42.38 7.21 73.43 57.04 53.15 68.15 36.69 49.24 32.31 67.42 31.62 53.85 41.79 54.34 74.97 53.41 55.15 69.97 47.01 0.0 59.17 50.6 21.38 52.61 65.73 36.06 
56.8 44.65 36.35 23.09 22.36 40.61 37.7 16.28 22.0 13.45 21.26 9.06 21.26 42.38 27.31 21.47 21.4 17.69 26.93 38.33 52.77 14.32 28.64 45.65 12.65 40.31 19.24 39.0 13.42 41.0 28.02 37.11 45.28 24.02 21.63 36.62 33.54 30.08 59.17 0.0 39.36 47.85 48.3 29.15 24.76 
45.88 7.28 13.04 20.0 17.0 43.1 32.0 24.21 22.2 52.15 59.64 35.17 49.04 32.39 62.97 32.25 48.01 22.8 34.18 8.25 43.68 49.48 61.62 6.4 51.89 13.93 48.92 18.44 52.77 18.97 12.17 9.06 6.4 36.5 18.03 5.83 23.32 9.9 50.6 39.36 0.0 29.55 8.94 21.19 40.25 
16.49 35.44 17.8 26.4 33.02 21.93 13.0 33.24 26.57 56.01 61.4 49.4 65.92 8.6 60.17 28.02 65.39 39.96 24.52 21.47 15.0 61.85 56.3 31.78 59.21 15.65 45.12 12.04 59.08 10.82 34.66 21.1 32.98 58.25 35.81 34.48 50.45 27.59 21.38 47.85 29.55 0.0 31.26 46.69 31.32 
47.68 6.71 18.38 28.28 25.94 48.27 36.88 33.02 30.41 61.06 68.51 43.97 57.31 36.12 71.59 40.0 56.22 31.62 41.18 13.42 46.17 58.24 70.01 3.0 60.84 17.26 57.28 22.36 61.72 22.09 20.88 14.76 4.12 44.05 26.93 13.04 29.12 18.6 52.61 48.3 8.94 31.26 0.0 28.16 47.71 
61.61 22.0 29.0 24.35 15.81 52.81 43.83 22.02 25.96 42.44 50.22 21.26 30.36 46.32 56.36 35.23 29.12 13.15 39.81 26.63 58.52 33.84 57.01 25.18 39.62 32.02 45.61 34.66 41.11 36.07 12.04 26.4 24.08 16.03 13.34 15.52 5.0 19.1 65.73 29.15 21.19 46.69 28.16 0.0 43.05 
34.71 47.42 29.83 20.88 28.16 16.55 18.44 21.02 18.68 27.2 31.06 31.38 46.01 23.35 28.86 8.25 46.1 30.27 7.21 34.41 30.59 38.42 25.08 46.14 32.2 32.53 14.04 28.43 31.38 30.0 34.53 33.02 46.53 45.69 30.02 41.11 48.04 31.02 36.06 24.76 40.25 31.32 47.71 43.05 0.0 
