60
0.0 67.6 28.86 29.68 43.42 15.62 35.06 34.41 25.32 81.1 33.97 48.0 86.77 33.3 21.47 39.12 62.97 45.61 69.08 8.06 73.16 11.7 63.13 54.08 50.99 31.83 68.01 51.0 84.22 14.76 93.98 72.9 11.4 16.28 6.71 49.41 6.08 44.6 31.06 36.72 5.0 39.4 56.65 41.59 42.8 37.8 29.07 35.69 26.17 20.22 88.02 22.8 29.15 42.38 36.24 64.2 36.07 67.74 21.02 25.02 
67.6 0.0 40.46 85.7 86.01 52.33 39.2 79.16 44.69 36.4 84.59 34.79 19.31 81.39 81.32 56.32 11.0 25.81 8.6 59.54 23.85 75.77 29.27 30.41 21.02 37.64 8.06 33.96 16.64 55.71 29.0 6.0 56.6 58.52 67.62 30.81 65.8 26.17 76.32 92.23 65.73 75.06 14.32 66.48 85.01 30.68 78.77 52.04 56.44 84.5 45.45 65.92 88.77 45.54 82.15 28.44 85.38 2.24 86.93 46.69 
28.86 40.46 0.0 53.76 61.27 16.28 8.6 52.39 4.24 53.08 55.36 21.19 59.08 53.14 47.1 40.61 34.44 16.76 40.71 21.21 44.41 39.12 35.13 26.31 28.79 15.81 42.64 24.04 57.01 21.84 65.39 45.22 17.46 26.57 31.02 33.02 29.02 23.54 48.85 61.0 26.0 52.7 28.18 48.8 60.37 16.12 49.34 35.0 31.4 48.17 60.67 37.16 55.15 35.85 55.15 36.06 56.92 41.04 49.65 6.71 
29.68 85.7 53.76 0.0 18.11 37.48 61.61 13.0 51.42 106.68 7.0 74.73 104.79 9.49 8.49 36.24 84.21 69.12 89.56 34.18 97.05 18.44 88.81 80.06 65.52 48.37 83.52 77.67 101.39 32.14 114.27 91.59 38.28 28.0 24.17 59.09 26.0 59.67 12.81 7.28 34.67 21.93 78.1 30.81 18.03 55.44 8.49 37.22 29.73 13.93 114.42 19.92 5.39 45.79 12.17 89.68 9.06 85.15 17.46 52.2 
43.42 86.01 61.27 18.11 0.0 45.79 69.77 9.22 60.03 112.09 11.18 82.35 104.17 10.3 25.3 30.41 86.83 74.33 91.35 45.34 101.2 34.0 94.87 86.73 65.0 51.42 82.22 85.09 100.32 39.96 115.0 92.01 49.04 34.99 36.88 56.32 38.21 60.13 12.81 16.76 48.27 11.18 81.22 21.19 1.0 58.05 14.42 34.01 31.05 31.78 120.5 24.19 23.0 41.44 7.21 95.51 9.06 85.01 35.51 61.59 
15.62 52.33 16.28 37.48 45.79 0.0 24.35 36.72 14.32 69.26 39.22 37.36 71.59 37.16 31.0 30.36 48.51 32.06 54.41 7.81 60.07 23.77 51.35 42.58 35.38 16.28 52.43 40.26 68.88 5.83 79.4 57.78 7.07 10.82 15.52 34.48 13.6 29.0 33.12 44.72 15.26 38.21 42.2 36.36 44.94 22.2 33.24 25.5 18.36 32.76 76.94 21.63 39.01 30.07 39.36 52.24 40.85 52.35 34.79 15.81 
35.06 39.2 8.6 61.61 69.77 24.35 0.0 60.84 10.2 46.04 63.57 13.15 56.64 61.47 54.59 48.92 31.24 13.45 37.64 28.07 38.6 46.04 28.07 19.03 32.14 23.32 42.94 16.12 55.17 30.08 61.4 43.14 24.02 34.93 38.21 38.47 36.22 28.07 57.27 68.88 31.4 61.29 25.46 57.31 68.88 21.59 57.58 43.28 40.0 55.01 53.15 45.62 62.65 43.42 63.56 29.15 65.19 40.22 56.08 10.05 
34.41 79.16 52.39 13.0 9.22 36.72 60.84 0.0 51.0 103.81 7.07 73.54 97.74 3.61 18.03 25.5 79.23 65.97 84.02 36.12 93.21 25.63 86.4 78.11 58.31 43.42 75.95 76.32 94.05 30.89 108.12 85.15 39.82 25.94 27.8 50.45 29.07 53.04 3.61 15.62 39.2 8.94 73.44 18.38 8.49 50.25 6.08 27.89 23.09 25.0 112.09 15.23 18.38 36.06 3.0 87.09 6.71 78.31 29.02 52.48 
25.32 44.69 4.24 51.42 60.03 14.32 10.2 51.0 0.0 56.0 53.49 23.35 63.25 51.48 44.41 41.34 38.47 20.62 44.78 18.0 47.85 36.0 38.0 29.02 32.7 18.11 46.86 26.31 61.22 20.12 69.35 49.41 14.04 25.06 28.07 36.22 26.08 27.2 47.41 58.69 22.14 52.01 32.25 48.92 59.17 19.65 47.54 35.85 31.11 45.01 63.29 35.85 52.47 37.64 53.67 39.01 55.15 45.28 46.27 3.0 
81.1 36.4 53.08 106.68 112.09 69.26 46.04 103.81 56.0 0.0 107.69 33.24 36.22 105.12 100.18 85.49 28.43 37.85 27.8 74.0 12.73 92.0 18.0 27.02 52.43 60.73 44.41 30.27 38.83 74.55 29.83 33.12 70.01 78.92 84.02 63.25 82.02 54.59 100.44 113.86 77.32 102.14 32.25 95.46 111.13 54.42 101.61 80.23 81.04 101.0 9.22 88.84 108.23 76.06 106.73 17.03 109.04 38.6 102.12 56.08 
33.97 84.59 55.36 7.0 11.18 39.22 63.57 7.07 53.49 107.69 0.0 76.54 103.41 3.61 14.32 32.25 84.01 69.87 89.05 37.22 97.51 23.6 90.03 81.49 63.95 48.01 81.79 79.4 99.82 33.53 113.44 90.55 41.18 28.86 27.8 56.61 29.41 58.42 8.54 8.6 38.95 15.81 78.06 25.46 11.05 55.0 6.08 34.18 28.16 20.62 115.73 19.03 12.17 42.54 5.39 90.8 2.24 83.86 24.33 54.63 
48.0 34.79 21.19 74.73 82.35 37.36 13.15 73.54 23.35 33.24 76.54 0.0 49.41 74.33 67.74 59.55 24.6 12.65 30.53 41.19 27.29 59.14 15.52 6.71 35.44 33.3 40.61 3.0 48.88 43.01 51.86 37.12 37.12 47.76 51.35 44.28 49.37 33.54 70.01 82.0 44.1 73.43 20.62 68.6 81.44 29.21 70.52 53.91 51.97 68.07 40.05 58.31 75.8 52.5 76.32 16.76 78.11 36.4 69.01 23.02 
86.77 19.31 59.08 104.79 104.17 71.59 56.64 97.74 63.25 36.22 103.41 49.41 0.0 100.13 100.58 74.01 25.46 43.28 19.1 78.71 27.46 95.08 38.63 43.57 39.46 56.92 22.0 47.71 4.47 75.03 13.04 13.89 75.66 77.79 86.93 48.0 85.09 45.12 95.04 111.2 84.72 93.09 31.24 84.01 103.17 49.98 97.67 70.18 75.31 103.82 43.42 84.93 107.97 63.0 100.72 37.34 104.09 19.65 106.23 65.0 
33.3 81.39 53.14 9.49 10.3 37.16 61.47 3.61 51.48 105.12 3.61 74.33 100.13 0.0 15.3 28.65 81.06 67.27 86.01 35.81 94.76 23.71 87.56 79.12 60.67 45.1 78.45 77.16 96.51 31.38 110.29 87.37 39.66 26.57 26.87 53.16 28.32 55.23 5.1 12.21 38.21 12.53 75.17 21.93 9.85 52.04 4.24 30.68 25.02 22.09 113.27 16.28 14.87 39.0 3.16 88.29 4.0 80.62 26.02 52.77 
21.47 81.32 47.1 8.49 25.3 31.0 54.59 18.03 44.41 100.18 14.32 67.74 100.58 15.3 0.0 36.4 78.92 63.03 84.53 26.68 91.05 10.0 82.22 73.33 61.85 43.68 79.85 70.71 97.41 26.17 109.44 87.09 30.81 22.8 16.49 56.6 18.44 55.71 16.12 15.26 26.42 26.17 72.69 33.24 25.0 50.7 12.0 36.07 27.2 7.07 107.67 17.69 8.06 44.6 18.44 83.15 16.55 80.96 11.18 44.91 
39.12 56.32 40.61 36.24 30.41 30.36 48.92 25.5 41.34 85.49 32.25 59.55 74.01 28.65 36.4 0.0 58.52 49.09 62.37 35.23 73.74 37.7 69.46 62.43 35.36 26.25 52.01 61.85 70.06 26.31 85.21 62.29 36.88 23.0 33.54 26.02 33.24 31.32 23.85 40.82 42.01 19.24 53.49 10.2 29.43 31.38 27.8 5.66 13.0 42.72 94.37 19.24 41.04 11.05 28.23 69.84 32.2 55.15 46.65 43.91 
62.97 11.0 34.44 84.21 86.83 48.51 31.24 79.23 38.47 28.43 84.01 24.6 25.46 81.06 78.92 58.52 0.0 18.03 6.4 55.03 15.81 72.28 18.44 19.65 24.19 36.0 18.44 23.41 24.41 52.77 31.02 12.53 51.62 56.32 64.03 34.99 62.1 27.2 76.11 91.09 60.42 76.3 6.32 68.68 85.84 29.02 78.0 53.6 56.14 81.25 37.64 65.0 86.7 48.47 82.22 17.72 85.05 13.04 83.24 39.96 
45.61 25.81 16.76 69.12 74.33 32.06 13.45 65.97 20.62 37.85 69.87 12.65 43.28 67.27 63.03 49.09 18.03 0.0 24.41 37.85 28.02 55.58 20.62 13.45 22.8 23.26 30.08 13.89 41.73 37.01 48.75 29.7 34.21 41.19 47.38 31.76 45.4 21.1 62.59 76.24 42.72 64.62 12.04 58.67 73.38 17.8 63.79 43.57 43.32 64.63 46.17 50.99 71.01 41.04 68.88 21.19 71.2 26.93 66.29 21.95 
69.08 8.6 40.71 89.56 91.35 54.41 37.64 84.02 44.78 27.8 89.05 30.53 19.1 86.01 84.53 62.37 6.4 24.41 0.0 61.1 15.26 78.16 22.02 25.08 27.2 41.19 16.64 29.07 18.36 58.46 25.0 7.07 57.78 61.81 69.92 37.7 68.01 31.26 81.0 96.33 66.64 80.62 12.53 72.57 90.35 34.13 83.1 57.71 61.0 87.09 36.88 70.11 92.23 51.92 87.02 21.0 90.01 10.82 89.19 46.32 
8.06 59.54 21.21 34.18 45.34 7.81 28.07 36.12 18.0 74.0 37.22 41.19 78.71 35.81 26.68 35.23 55.03 37.85 61.1 0.0 65.62 18.0 56.0 47.01 43.14 24.08 60.0 44.18 76.16 9.0 86.03 64.85 4.12 12.65 10.2 42.19 8.25 36.77 32.56 41.44 7.62 39.41 48.7 39.56 44.6 29.83 31.62 31.0 22.36 27.02 81.22 22.2 34.71 36.67 38.42 57.01 39.12 59.68 28.44 18.25 
73.16 23.85 44.41 97.05 101.2 60.07 38.6 93.21 47.85 12.73 97.51 27.29 27.46 94.76 91.05 73.74 15.81 28.02 15.26 65.62 0.0 83.49 12.73 20.59 39.96 49.82 31.91 24.7 29.02 65.0 25.61 21.19 61.81 69.07 75.33 50.77 73.33 42.54 89.94 104.12 69.86 90.96 20.25 83.82 100.22 43.17 91.44 68.62 70.21 92.54 21.93 78.52 99.02 63.98 96.18 11.31 98.73 26.08 94.05 48.51 
11.7 75.77 39.12 18.44 34.0 23.77 46.04 25.63 36.0 92.0 23.6 59.14 95.08 23.71 10.0 37.7 72.28 55.58 78.16 18.0 83.49 0.0 74.0 65.01 57.45 38.47 75.18 62.13 92.2 20.12 103.16 81.34 22.02 18.44 8.25 53.81 10.2 51.11 22.8 25.24 16.55 32.39 65.97 37.22 33.54 45.19 19.7 35.85 26.08 9.06 99.18 18.68 17.46 43.83 26.83 75.01 25.81 75.64 11.18 36.12 
63.13 29.27 35.13 88.81 94.87 51.35 28.07 86.4 38.0 18.0 90.03 15.52 38.63 87.56 82.22 69.46 18.44 20.62 22.02 56.0 12.73 74.0 0.0 9.06 39.05 43.86 36.88 12.65 39.29 56.72 38.29 29.07 52.01 61.19 66.03 49.52 64.03 39.7 82.97 96.03 59.41 85.23 18.87 79.18 93.92 38.08 83.95 64.01 63.91 83.01 25.71 71.31 90.27 60.8 89.29 1.41 91.44 31.4 84.15 38.12 
54.08 30.41 26.31 80.06 86.73 42.58 19.03 78.11 29.02 27.02 81.49 6.71 43.57 79.12 73.33 62.43 19.65 13.45 25.08 47.01 20.59 65.01 9.06 0.0 34.89 36.36 37.01 4.24 43.38 48.05 45.34 31.95 43.0 52.63 57.08 44.65 55.08 34.21 74.63 87.3 50.36 77.39 17.03 71.87 85.8 31.24 75.43 56.86 55.95 74.0 34.37 62.94 81.39 54.49 80.96 10.2 82.97 32.25 75.11 29.07 
50.99 21.02 28.79 65.52 65.0 35.38 32.14 58.31 32.7 52.43 63.95 35.44 39.46 60.67 61.85 35.36 24.19 22.8 27.2 43.14 39.96 57.45 39.05 34.89 0.0 19.21 18.03 36.4 35.9 37.44 50.01 27.02 41.11 39.36 49.65 10.82 48.01 6.4 55.58 71.81 50.25 54.04 20.52 45.54 64.0 13.6 58.25 31.02 35.9 65.76 61.61 45.61 68.95 24.74 61.29 38.95 64.63 20.02 68.6 35.47 
31.83 37.64 15.81 48.37 51.42 16.28 23.32 43.42 18.11 60.73 48.01 33.3 56.92 45.1 43.68 26.25 36.0 23.26 41.19 24.08 49.82 38.47 43.86 36.36 19.21 0.0 36.72 35.61 53.85 18.36 65.92 43.42 22.47 20.88 30.53 18.97 28.84 12.81 40.2 55.15 31.4 41.44 30.07 35.51 50.45 7.07 42.0 20.62 20.4 47.01 69.29 29.0 51.2 20.12 46.39 44.38 49.09 37.34 49.65 21.1 
68.01 8.06 42.64 83.52 82.22 52.43 42.94 75.95 46.86 44.41 81.79 40.61 22.0 78.45 79.85 52.01 18.44 30.08 16.64 60.0 31.91 75.18 36.88 37.01 18.03 36.72 0.0 40.2 18.11 55.07 33.73 12.21 57.49 57.27 67.23 26.0 65.51 24.17 73.35 89.74 66.71 71.11 20.1 62.01 81.22 30.23 76.16 48.26 53.85 83.63 53.41 63.6 86.98 41.0 78.92 36.14 82.38 5.83 86.35 49.2 
51.0 33.96 24.04 77.67 85.09 40.26 16.12 76.32 26.31 30.27 79.4 3.0 47.71 77.16 70.71 61.85 23.41 13.89 29.07 44.18 24.7 62.13 12.65 4.24 36.4 35.61 40.2 0.0 47.41 45.88 49.58 35.85 40.11 50.6 54.33 45.65 52.35 34.99 72.8 84.93 47.1 76.06 20.1 71.03 84.17 31.14 73.38 56.22 54.59 71.06 37.05 61.1 78.77 54.49 79.12 13.93 80.96 35.69 72.01 26.02 
84.22 16.64 57.01 101.39 100.32 68.88 55.17 94.05 61.22 38.83 99.82 48.88 4.47 96.51 97.41 70.06 24.41 41.73 18.36 76.16 29.02 92.2 39.29 43.38 35.9 53.85 18.11 47.41 0.0 72.09 17.49 12.04 73.25 74.67 84.1 44.05 82.29 41.76 91.41 107.71 82.38 89.2 29.73 80.01 99.32 47.01 94.15 66.37 71.81 100.85 46.49 81.49 104.69 59.03 97.02 38.08 100.45 16.55 103.37 63.13 
14.76 55.71 21.84 32.14 39.96 5.83 30.08 30.89 20.12 74.55 33.53 43.01 75.03 31.38 26.17 26.31 52.77 37.01 58.46 9.0 65.0 20.12 56.72 48.05 37.44 18.36 55.07 45.88 72.09 0.0 83.43 61.35 10.77 5.0 12.21 34.83 10.63 31.06 27.29 39.32 16.28 32.53 46.53 31.3 39.12 25.08 27.51 22.0 13.6 28.79 82.38 15.81 34.06 27.89 33.54 57.56 35.11 55.54 31.3 21.63 
93.98 29.0 65.39 114.27 115.0 79.4 61.4 108.12 69.35 29.83 113.44 51.86 13.04 110.29 109.44 85.21 31.02 48.75 25.0 86.03 25.61 103.16 38.29 45.34 50.01 65.92 33.73 49.58 17.49 83.43 0.0 23.0 82.64 86.68 94.92 59.41 93.01 55.08 105.23 120.93 91.39 104.04 37.34 95.34 114.0 58.86 107.56 81.02 85.29 112.09 35.0 94.64 117.09 74.33 111.11 36.88 114.28 30.07 114.18 70.66 
72.9 6.0 45.22 91.59 92.01 57.78 43.14 85.15 49.41 33.12 90.55 37.12 13.89 87.37 87.09 62.29 12.53 29.7 7.07 64.85 21.19 81.34 29.07 31.95 27.02 43.42 12.21 35.85 12.04 61.35 23.0 0.0 61.77 64.29 73.16 36.67 71.31 32.14 82.3 98.15 70.83 81.06 17.69 72.44 91.01 36.4 84.72 58.03 62.39 90.14 41.88 71.85 94.59 51.48 88.14 28.02 91.35 7.28 92.48 51.22 
11.4 56.6 17.46 38.28 49.04 7.07 24.02 39.82 14.04 70.01 41.18 37.12 75.66 39.66 30.81 36.88 51.62 34.21 57.78 4.12 61.81 22.02 52.01 43.0 41.11 22.47 57.49 40.11 73.25 10.77 82.64 61.77 0.0 15.26 14.32 41.15 12.37 34.83 36.24 45.54 9.22 42.64 45.31 42.05 48.27 27.59 35.51 32.25 24.35 31.0 77.16 25.5 38.83 37.12 42.2 53.04 43.05 56.86 32.25 14.14 
16.28 58.52 26.57 28.0 34.99 10.82 34.93 25.94 25.06 78.92 28.86 47.76 77.79 26.57 22.8 23.0 56.32 41.19 61.81 12.65 69.07 18.44 61.19 52.63 39.36 20.88 57.27 50.6 74.67 5.0 86.68 64.29 15.26 0.0 11.66 35.38 10.77 33.11 22.36 35.06 19.03 27.59 50.16 26.93 34.13 27.89 22.8 19.42 10.0 26.42 86.88 10.82 30.41 26.4 28.64 61.98 30.36 58.19 29.41 26.63 
6.71 67.62 31.02 24.17 36.88 15.52 38.21 27.8 28.07 84.02 27.8 51.35 86.93 26.87 16.49 33.54 64.03 47.38 69.92 10.2 75.33 8.25 66.03 57.08 49.65 30.53 67.23 54.33 84.1 12.21 94.92 73.16 14.32 11.66 0.0 46.69 2.0 43.27 24.41 31.38 11.4 32.7 57.72 35.23 36.24 37.12 22.63 30.68 20.88 17.26 91.35 16.28 24.52 38.01 29.73 67.01 29.83 67.54 19.31 28.44 
49.41 30.81 33.02 59.09 56.32 34.48 38.47 50.45 36.22 63.25 56.61 44.28 48.0 53.16 56.6 26.02 34.99 31.76 37.7 42.19 50.77 53.81 49.52 44.65 10.82 18.97 26.0 45.65 44.05 34.83 59.41 36.67 41.15 35.38 46.69 0.0 45.34 10.77 48.08 64.85 49.74 45.18 31.24 36.01 55.33 17.03 51.26 22.56 29.53 61.4 72.42 39.36 63.06 15.0 53.37 49.5 57.01 29.43 64.66 39.2 
6.08 65.8 29.02 26.0 38.21 13.6 36.22 29.07 26.08 82.02 29.41 49.37 85.09 28.32 18.44 33.24 62.1 45.4 68.01 8.25 73.33 10.2 64.03 55.08 48.01 28.84 65.51 52.35 82.29 10.63 93.01 71.31 12.37 10.77 2.0 45.34 0.0 41.62 25.61 33.24 10.3 33.54 55.79 35.51 37.54 35.36 24.08 30.08 20.4 19.24 89.36 16.76 26.48 37.16 31.11 65.01 31.4 65.74 21.19 26.48 
44.6 26.17 23.54 59.67 60.13 29.0 28.07 53.04 27.2 54.59 58.42 33.54 45.12 55.23 55.71 31.32 27.2 21.1 31.26 36.77 42.54 51.11 39.7 34.21 6.4 12.81 24.17 34.99 41.76 31.06 55.08 32.14 34.83 33.11 43.27 10.77 41.62 0.0 50.16 66.1 43.93 49.37 22.36 41.48 59.14 7.62 52.61 26.48 30.27 59.48 63.63 39.81 62.94 21.47 56.04 39.82 59.21 25.5 62.27 30.08 
31.06 76.32 48.85 12.81 12.81 33.12 57.27 3.61 47.41 100.44 8.54 70.01 95.04 5.1 16.12 23.85 76.11 62.59 81.0 32.56 89.94 22.8 82.97 74.63 55.58 40.2 73.35 72.8 91.41 27.29 105.23 82.3 36.24 22.36 24.41 48.08 25.61 50.16 0.0 17.0 35.81 10.05 70.26 18.03 12.04 47.1 4.47 25.63 20.0 23.19 108.67 11.7 18.03 34.01 6.32 83.68 9.06 75.54 27.29 48.88 
36.72 92.23 61.0 7.28 16.76 44.72 68.88 15.62 58.69 113.86 8.6 82.0 111.2 12.21 15.26 40.82 91.09 76.24 96.33 41.44 104.12 25.24 96.03 87.3 71.81 55.15 89.74 84.93 107.71 39.32 120.93 98.15 45.54 35.06 31.38 64.85 33.24 66.1 17.0 0.0 41.68 24.08 85.02 33.97 17.09 62.2 13.6 42.54 35.9 19.21 121.66 26.31 8.6 50.99 13.45 96.88 9.22 91.59 21.95 59.48 
5.0 65.73 26.0 34.67 48.27 15.26 31.4 39.2 22.14 77.32 38.95 44.1 84.72 38.21 26.42 42.01 60.42 42.72 66.64 7.62 69.86 16.55 59.41 50.36 50.25 31.4 66.71 47.1 82.38 16.28 91.39 70.83 9.22 19.03 11.4 49.74 10.3 43.93 35.81 41.68 0.0 43.83 54.13 45.35 47.63 36.77 33.97 38.12 29.02 24.74 84.01 26.93 34.01 44.15 41.11 60.53 41.04 66.03 25.08 21.38 
39.4 75.06 52.7 21.93 11.18 38.21 61.29 8.94 52.01 102.14 15.81 73.43 93.09 12.53 26.17 19.24 76.3 64.62 80.62 39.41 90.96 32.39 85.23 77.39 54.04 41.44 71.11 76.06 89.2 32.53 104.04 81.06 42.64 27.59 32.7 45.18 33.54 49.37 10.05 24.08 43.83 0.0 70.83 10.3 10.2 47.8 14.32 23.02 21.47 33.24 110.72 17.2 27.31 30.27 10.63 85.8 14.87 74.01 37.34 53.91 
56.65 14.32 28.18 78.1 81.22 42.2 25.46 73.44 32.25 32.25 78.06 20.62 31.24 75.17 72.69 53.49 6.32 12.04 12.53 48.7 20.25 65.97 18.87 17.03 20.52 30.07 20.1 20.1 29.73 46.53 37.34 17.69 45.31 50.16 57.72 31.24 55.79 22.36 70.26 85.02 54.13 70.83 0.0 63.57 80.23 23.19 72.03 48.38 50.36 74.95 41.34 59.03 80.5 43.83 76.42 18.6 79.16 15.81 76.92 33.84 
41.59 66.48 48.8 30.81 21.19 36.36 57.31 18.38 48.92 95.46 25.46 68.6 84.01 21.93 33.24 10.2 68.68 58.67 72.57 39.56 83.82 37.22 79.18 71.87 45.54 35.51 62.01 71.03 80.01 31.3 95.34 72.44 42.05 26.93 35.23 36.01 35.51 41.48 18.03 33.97 45.35 10.3 63.57 0.0 20.25 41.15 22.47 15.23 18.03 40.16 104.28 19.03 36.06 21.02 20.62 79.61 24.84 65.28 44.27 51.22 
42.8 85.01 60.37 18.03 1.0 44.94 68.88 8.49 59.17 111.13 11.05 81.44 103.17 9.85 25.0 29.43 85.84 73.38 90.35 44.6 100.22 33.54 93.92 85.8 64.0 50.45 81.22 84.17 99.32 39.12 114.0 91.01 48.27 34.13 36.24 55.33 37.54 59.14 12.04 17.09 47.63 10.2 80.23 20.25 0.0 57.07 13.89 33.02 30.08 31.58 119.55 23.32 23.02 40.45 6.71 94.56 9.0 84.01 35.36 60.75 
37.8 30.68 16.12 55.44 58.05 22.2 21.59 50.25 19.65 54.42 55.0 29.21 49.98 52.04 50.7 31.38 29.02 17.8 34.13 29.83 43.17 45.19 38.08 31.24 13.6 7.07 30.23 31.14 47.01 25.08 58.86 36.4 27.59 27.89 37.12 17.03 35.36 7.62 47.1 62.2 36.77 47.8 23.19 41.15 57.07 0.0 49.01 25.94 27.17 53.85 63.16 36.01 58.25 23.35 53.24 38.47 56.04 30.46 56.36 22.56 
29.07 78.77 49.34 8.49 14.42 33.24 57.58 6.08 47.54 101.61 6.08 70.52 97.67 4.24 12.0 27.8 78.0 63.79 83.1 31.62 91.44 19.7 83.95 75.43 58.25 42.0 76.16 73.38 94.15 27.51 107.56 84.72 35.51 22.8 22.63 51.26 24.08 52.61 4.47 13.6 33.97 14.32 72.03 22.47 13.89 49.01 0.0 29.07 22.36 19.03 109.66 13.0 13.6 37.59 7.21 84.72 7.62 78.09 23.09 48.75 
35.69 52.04 35.0 37.22 34.01 25.5 43.28 27.89 35.85 80.23 34.18 53.91 70.18 30.68 36.07 5.66 53.6 43.57 57.71 31.0 68.62 35.85 64.01 56.86 31.02 20.62 48.26 56.22 66.37 22.0 81.02 58.03 32.25 19.42 30.68 22.56 30.08 26.48 25.63 42.54 38.12 23.02 48.38 15.23 33.02 25.94 29.07 0.0 9.85 41.87 89.05 18.38 41.62 8.6 30.81 64.41 34.48 51.0 45.61 38.47 
26.17 56.44 31.4 29.73 31.05 18.36 40.0 23.09 31.11 81.04 28.16 51.97 75.31 25.02 27.2 13.0 56.14 43.32 61.0 22.36 70.21 26.08 63.91 55.95 35.9 20.4 53.85 54.59 71.81 13.6 85.29 62.39 24.35 10.0 20.88 29.53 20.4 30.27 20.0 35.9 29.02 21.47 50.36 18.03 30.08 27.17 22.36 9.85 0.0 32.53 89.49 9.85 33.54 17.8 26.08 64.51 29.02 55.73 36.12 33.3 
20.22 84.5 48.17 13.93 31.78 32.76 55.01 25.0 45.01 101.0 20.62 68.07 103.82 22.09 7.07 42.72 81.25 64.63 87.09 27.02 92.54 9.06 83.01 74.0 65.76 47.01 83.63 71.06 100.85 28.79 112.09 90.14 31.0 26.42 17.26 61.4 19.24 59.48 23.19 19.21 24.74 33.24 74.95 40.16 31.58 53.85 19.03 41.87 32.53 0.0 108.12 23.6 10.63 50.25 25.18 84.02 22.8 84.31 4.12 45.04 
88.02 45.45 60.67 114.42 120.5 76.94 53.15 112.09 63.29 9.22 115.73 40.05 43.42 113.27 107.67 94.37 37.64 46.17 36.88 81.22 21.93 99.18 25.71 34.37 61.61 69.29 53.41 37.05 46.49 82.38 35.0 41.88 77.16 86.88 91.35 72.42 89.36 63.63 108.67 121.66 84.01 110.72 41.34 104.28 119.55 63.16 109.66 89.05 89.49 108.12 0.0 97.02 115.73 85.09 114.98 25.0 117.15 47.63 109.0 63.07 
22.8 65.92 37.16 19.92 24.19 21.63 45.62 15.23 35.85 88.84 19.03 58.31 84.93 16.28 17.69 19.24 65.0 50.99 70.11 22.2 78.52 18.68 71.31 62.94 45.61 29.0 63.6 61.1 81.49 15.81 94.64 71.85 25.5 10.82 16.28 39.36 16.76 39.81 11.7 26.31 26.93 17.2 59.03 19.03 23.32 36.01 13.0 18.38 9.85 23.6 97.02 0.0 23.71 26.91 18.03 72.03 20.22 65.31 27.46 37.44 
29.15 88.77 55.15 5.39 23.0 39.01 62.65 18.38 52.47 108.23 12.17 75.8 107.97 14.87 8.06 41.04 86.7 71.01 92.23 34.71 99.02 17.46 90.27 81.39 68.95 51.2 86.98 78.77 104.69 34.06 117.09 94.59 38.83 30.41 24.52 63.06 26.48 62.94 18.03 8.6 34.01 27.31 80.5 36.06 23.02 58.25 13.6 41.62 33.54 10.63 115.73 23.71 0.0 50.22 17.46 91.2 14.04 88.32 13.42 52.95 
42.38 45.54 35.85 45.79 41.44 30.07 43.42 36.06 37.64 76.06 42.54 52.5 63.0 39.0 44.6 11.05 48.47 41.04 51.92 36.67 63.98 43.83 60.8 54.49 24.74 20.12 41.0 54.49 59.03 27.89 74.33 51.48 37.12 26.4 38.01 15.0 37.16 21.47 34.01 50.99 44.15 30.27 43.83 21.02 40.45 23.35 37.59 8.6 17.8 50.25 85.09 26.91 50.22 0.0 38.9 61.03 42.72 44.28 53.91 40.52 
36.24 82.15 55.15 12.17 7.21 39.36 63.56 3.0 53.67 106.73 5.39 76.32 100.72 3.16 18.44 28.23 82.22 68.88 87.02 38.42 96.18 26.83 89.29 80.96 61.29 46.39 78.92 79.12 97.02 33.54 111.11 88.14 42.2 28.64 29.73 53.37 31.11 56.04 6.32 13.45 41.11 10.63 76.42 20.62 6.71 53.24 7.21 30.81 26.08 25.18 114.98 18.03 17.46 38.9 0.0 89.99 4.24 81.3 29.07 55.07 
64.2 28.44 36.06 89.68 95.51 52.24 29.15 87.09 39.01 17.03 90.8 16.76 37.34 88.29 83.15 69.84 17.72 21.19 21.0 57.01 11.31 75.01 1.41 10.2 38.95 44.38 36.14 13.93 38.08 57.56 36.88 28.02 53.04 61.98 67.01 49.5 65.01 39.82 83.68 96.88 60.53 85.8 18.6 79.61 94.56 38.47 84.72 64.41 64.51 84.02 25.0 72.03 91.2 61.03 89.99 0.0 92.2 30.59 85.21 39.2 
36.07 85.38 56.92 9.06 9.06 40.85 65.19 6.71 55.15 109.04 2.24 78.11 104.09 4.0 16.55 32.2 85.05 71.2 90.01 39.12 98.73 25.81 91.44 82.97 64.63 49.09 82.38 80.96 100.45 35.11 114.28 91.35 43.05 30.36 29.83 57.01 31.4 59.21 9.06 9.22 41.04 14.87 79.16 24.84 9.0 56.04 7.62 34.48 29.02 22.8 117.15 20.22 14.04 42.72 4.24 92.2 0.0 84.59 26.48 56.36 
67.74 2.24 41.04 85.15 85.01 52.35 40.22 78.31 45.28 38.6 83.86 36.4 19.65 80.62 80.96 55.15 13.04 26.93 10.82 59.68 26.08 75.64 31.4 32.25 20.02 37.34 5.83 35.69 16.55 55.54 30.07 7.28 56.86 58.19 67.54 29.43 65.74 25.5 75.54 91.59 66.03 74.01 15.81 65.28 84.01 30.46 78.09 51.0 55.73 84.31 47.63 65.31 88.32 44.28 81.3 30.59 84.59 0.0 86.82 47.38 
21.02 86.93 49.65 17.46 35.51 34.79 56.08 29.02 46.27 102.12 24.33 69.01 106.23 26.02 11.18 46.65 83.24 66.29 89.19 28.44 94.05 11.18 84.15 75.11 68.6 49.65 86.35 72.01 103.37 31.3 114.18 92.48 32.25 29.41 19.31 64.66 21.19 62.27 27.29 21.95 25.08 37.34 76.92 44.27 35.36 56.36 23.09 45.61 36.12 4.12 109.0 27.46 13.42 53.91 29.07 85.21 26.48 86.82 0.0 46.04 
25.02 46.69 6.71 52.2 61.59 15.81 10.05 52.48 3.0 56.08 54.63 23.02 65.0 52.77 44.91 43.91 39.96 21.95 46.32 18.25 48.51 36.12 38.12 29.07 35.47 21.1 49.2 26.02 63.13 21.63 70.66 51.22 14.14 26.63 28.44 39.2 26.48 30.08 48.88 59.48 21.38 53.91 33.84 51.22 60.75 22.56 48.75 38.47 33.3 45.04 63.07 37.44 52.95 40.52 55.07 39.2 56.36 47.38 46.04 0.0 
