60
0.0 44.28 33.73 28.64 43.01 41.05 7.07 7.21 11.18 9.49 33.96 44.18 10.0 15.81 26.02 8.54 38.64 12.65 22.0 12.04 44.55 16.03 11.05 6.32 4.24 12.04 26.93 41.19 11.18 38.83 35.23 8.6 34.0 2.24 13.04 21.1 22.8 37.66 39.62 34.23 24.0 25.08 43.57 30.15 17.46 5.83 11.4 23.09 14.32 27.46 9.22 26.08 7.21 10.3 14.76 14.32 8.54 29.27 9.85 24.02 
44.28 0.0 16.28 16.03 4.12 7.62 51.16 50.8 35.44 53.04 11.4 1.0 36.01 34.01 18.44 36.06 13.42 32.02 22.56 53.85 2.0 28.28 33.54 38.12 47.68 32.56 21.63 3.16 34.0 6.71 9.06 51.0 11.18 43.57 55.04 24.04 22.02 7.28 5.39 10.05 20.62 19.24 12.04 16.12 28.46 48.05 37.0 25.06 31.02 17.0 53.08 18.25 48.01 36.4 57.04 58.55 41.11 15.03 36.14 20.4 
33.73 16.28 0.0 13.93 12.81 9.43 40.79 39.12 23.09 43.17 15.0 15.56 28.18 20.1 10.63 26.93 5.0 23.71 13.04 41.05 17.8 18.79 22.8 28.46 36.22 21.84 7.0 13.6 25.94 15.81 11.18 41.76 7.07 32.39 46.17 13.0 17.03 14.56 15.23 11.05 11.4 12.04 10.0 5.0 16.28 36.06 24.0 11.0 23.85 13.42 42.95 11.4 39.22 24.08 48.08 47.17 33.54 11.7 24.19 12.04 
28.64 16.03 13.93 0.0 15.81 15.26 35.36 35.44 21.1 37.12 5.39 16.12 20.0 21.21 5.39 20.22 16.4 16.12 8.49 39.0 16.03 13.0 18.38 22.36 32.28 17.46 13.15 13.15 18.03 10.2 7.28 35.01 8.49 28.16 39.01 10.63 6.0 9.06 11.05 6.32 7.21 5.0 19.85 9.22 14.87 32.89 23.02 14.32 15.0 1.41 37.22 4.47 32.0 21.95 41.01 42.95 25.08 2.24 21.47 6.4 
43.01 4.12 12.81 15.81 0.0 3.61 50.0 49.25 33.54 52.04 12.21 3.16 35.36 31.62 17.0 35.06 9.43 31.14 21.02 51.97 6.08 27.0 32.06 37.01 46.17 31.06 18.79 3.61 33.24 8.6 8.54 50.16 9.06 42.11 54.33 22.2 21.59 8.49 7.21 9.49 19.03 18.03 8.0 13.6 26.48 46.39 34.93 22.47 30.41 16.49 52.01 17.03 47.27 34.53 56.32 57.14 40.61 14.32 34.37 19.0 
41.05 7.62 9.43 15.26 3.61 0.0 48.09 47.04 31.14 50.25 12.81 6.71 33.96 28.86 15.3 33.38 5.83 29.61 19.1 49.5 9.49 25.18 30.02 35.23 44.01 29.02 15.81 6.0 31.78 10.44 8.49 48.51 7.28 40.0 52.77 20.0 20.62 9.85 9.22 9.22 17.12 16.49 5.39 11.05 24.08 44.1 32.39 19.65 29.12 15.65 50.16 15.52 45.71 32.14 54.74 55.01 39.29 13.42 32.06 17.26 
7.07 51.16 40.79 35.36 50.0 48.09 0.0 5.1 18.03 2.83 40.61 51.09 15.81 22.36 33.0 15.13 45.71 19.24 29.02 10.05 51.35 23.0 18.11 13.04 5.66 19.1 33.96 48.09 17.46 45.54 42.11 4.0 41.01 8.54 7.21 28.16 29.43 44.41 46.39 41.11 31.02 32.02 50.64 37.22 24.52 7.21 17.89 30.08 20.62 34.23 2.24 33.02 5.83 17.09 8.49 8.06 12.21 36.12 16.76 31.0 
7.21 50.8 39.12 35.44 49.25 47.04 5.1 0.0 16.03 7.62 40.8 50.64 17.2 19.65 32.39 15.65 44.1 19.7 28.28 5.39 51.2 22.56 17.26 13.42 3.16 18.25 32.14 47.68 18.36 45.61 41.77 9.06 40.2 7.28 12.08 27.07 29.73 44.38 46.32 40.79 30.27 31.58 49.09 36.01 23.0 3.16 15.3 28.16 21.47 34.21 6.71 32.56 10.2 15.03 13.04 8.06 15.0 35.9 15.0 30.41 
11.18 35.44 23.09 21.1 33.54 31.14 18.03 16.03 0.0 20.62 26.42 35.17 11.18 5.0 17.09 8.25 28.07 9.22 13.0 18.44 36.06 8.49 4.12 8.06 13.15 4.47 16.12 32.28 10.0 30.87 26.57 19.72 24.52 9.49 24.19 11.4 16.28 29.55 31.38 25.63 14.87 16.55 33.06 20.1 7.07 13.0 2.24 12.17 11.4 19.72 20.25 17.46 17.8 1.0 25.94 24.08 14.76 21.02 1.41 15.23 
9.49 53.04 43.17 37.12 52.04 50.25 2.83 7.62 20.62 0.0 42.3 53.01 17.26 25.06 35.06 17.0 48.05 21.02 31.14 12.04 53.15 25.08 20.4 15.03 8.49 21.38 36.4 50.01 19.1 47.27 44.01 2.83 43.1 11.18 4.47 30.41 31.14 46.17 48.17 43.01 33.14 34.01 52.95 39.46 26.93 10.0 20.59 32.57 22.2 36.06 1.0 35.01 5.83 19.7 5.66 7.81 13.0 38.01 19.31 33.06 
33.96 11.4 15.0 5.39 12.21 12.81 40.61 40.8 26.42 42.3 0.0 11.7 25.08 26.25 9.9 25.5 15.81 21.38 13.6 44.38 11.05 18.38 23.77 27.66 37.64 22.85 16.55 8.94 23.19 5.0 4.47 40.11 8.06 33.53 44.01 15.62 11.18 4.12 6.08 4.12 12.04 10.0 18.03 11.4 20.0 38.28 28.3 18.6 20.1 6.71 42.43 9.22 37.05 27.29 46.01 48.27 30.0 5.66 26.83 11.4 
44.18 1.0 15.56 16.12 3.16 6.71 51.09 50.64 35.17 53.01 11.7 0.0 36.06 33.62 18.25 36.01 12.53 32.0 22.36 53.6 3.0 28.16 33.38 38.05 47.52 32.39 21.1 3.0 34.01 7.21 9.0 51.01 10.77 43.42 55.08 23.77 22.09 7.62 5.83 10.0 20.4 19.1 11.05 15.65 28.16 47.85 36.69 24.6 31.06 17.03 53.04 18.11 48.04 36.14 57.08 58.42 41.19 15.0 35.9 20.22 
10.0 36.01 28.18 20.0 35.36 33.96 15.81 17.2 11.18 17.26 25.08 36.06 0.0 15.81 18.68 3.0 32.7 4.47 15.23 21.93 36.01 9.43 7.62 4.47 14.21 8.06 22.2 33.06 2.24 30.07 27.07 15.03 26.68 10.63 19.03 15.26 14.0 29.02 31.02 26.08 17.09 17.46 37.34 23.77 13.45 15.56 13.04 19.1 5.0 19.03 17.46 18.44 12.0 11.05 21.02 23.77 5.39 21.1 10.05 16.76 
15.81 34.01 20.1 21.21 31.62 28.86 22.36 19.65 5.0 25.06 26.25 33.62 15.81 0.0 16.4 13.0 25.08 13.04 12.73 21.0 34.89 10.44 8.25 13.04 17.09 8.06 13.15 30.87 14.32 30.23 25.55 24.41 22.85 13.89 28.84 10.63 17.49 28.84 30.53 24.7 14.21 16.28 30.07 18.03 6.4 16.49 4.47 9.22 15.0 19.8 24.6 17.03 22.67 5.66 30.53 27.66 19.72 20.62 6.4 14.87 
26.02 18.44 10.63 5.39 17.0 15.3 33.0 32.39 17.09 35.06 9.9 18.25 18.68 16.4 0.0 18.11 14.42 14.32 4.12 35.44 18.97 10.0 15.13 20.02 29.27 14.14 8.0 15.3 16.49 13.89 9.49 33.24 8.06 25.18 37.48 5.83 6.4 12.53 14.32 8.54 2.24 1.41 18.79 5.66 10.3 29.61 18.79 8.94 13.93 4.12 35.01 1.0 30.41 18.03 39.46 40.2 24.04 4.24 17.72 2.0 
8.54 36.06 26.93 20.22 35.06 33.38 15.13 15.65 8.25 17.0 25.5 36.01 3.0 13.0 18.11 0.0 31.62 4.12 14.32 20.0 36.22 8.25 5.0 2.24 12.53 5.66 20.59 33.02 2.83 30.41 27.02 15.13 26.17 8.6 19.42 13.93 14.32 29.27 31.26 26.02 16.28 17.03 36.4 22.8 11.4 13.6 10.05 17.2 5.83 19.1 17.03 18.03 12.37 8.06 21.38 22.8 7.07 21.02 7.07 16.12 
38.64 13.42 5.0 16.4 9.43 5.83 45.71 44.1 28.07 48.05 15.81 12.53 32.7 25.08 14.42 31.62 0.0 28.23 17.46 46.04 15.23 23.41 27.66 33.24 41.19 26.68 12.0 11.4 30.46 15.0 11.4 46.57 8.06 37.34 50.96 17.72 20.62 14.04 14.04 11.7 15.65 15.81 5.0 8.94 21.21 41.05 29.0 16.0 28.18 16.28 47.85 15.0 43.97 29.07 52.89 52.15 38.08 14.21 29.15 16.12 
12.65 32.02 23.71 16.12 31.14 29.61 19.24 19.7 9.22 21.02 21.38 32.0 4.47 13.04 14.32 4.12 28.23 0.0 10.77 23.85 32.14 5.0 5.1 6.32 16.55 5.0 17.8 29.0 2.24 26.31 23.0 19.03 22.36 12.53 23.19 10.82 10.2 25.18 27.17 22.0 12.65 13.15 32.89 19.31 9.43 17.49 11.4 14.87 2.24 15.03 21.1 14.14 16.12 9.49 25.18 26.93 9.85 17.0 8.54 12.37 
22.0 22.56 13.04 8.49 21.02 19.1 29.02 28.28 13.0 31.14 13.6 22.36 15.23 12.73 4.12 14.32 17.46 10.77 0.0 31.32 23.09 6.08 11.05 16.12 25.18 10.05 8.06 19.42 13.0 17.89 13.6 29.43 12.0 21.1 33.73 2.24 6.0 16.55 18.38 12.65 2.0 3.61 22.14 8.54 6.4 25.5 14.76 7.0 10.82 7.07 31.06 4.47 26.68 13.93 35.69 36.12 20.62 8.06 13.6 2.24 
12.04 53.85 41.05 39.0 51.97 49.5 10.05 5.39 18.44 12.04 44.38 53.6 21.93 21.0 35.44 20.0 46.04 23.85 31.32 0.0 54.41 26.0 20.62 17.8 7.81 21.54 34.06 50.7 22.8 49.04 44.92 14.04 42.95 11.4 16.28 29.83 33.54 47.76 49.65 43.97 33.24 34.79 51.04 38.47 25.5 6.4 17.12 30.07 25.81 37.7 11.05 35.74 15.52 17.46 16.76 8.49 20.25 39.22 17.72 33.53 
44.55 2.0 17.8 16.03 6.08 9.49 51.35 51.2 36.06 53.15 11.05 3.0 36.01 34.89 18.97 36.22 15.23 32.14 23.09 54.41 0.0 28.64 33.96 38.33 48.05 32.98 22.8 4.24 34.06 6.08 9.49 51.04 12.21 43.93 55.0 24.7 22.02 7.0 5.0 10.44 21.19 19.65 14.04 17.2 29.15 48.51 37.7 26.08 31.02 17.12 53.24 18.68 48.01 37.0 57.0 58.86 41.01 15.3 36.69 20.88 
16.03 28.28 18.79 13.0 27.0 25.18 23.0 22.56 8.49 25.08 18.38 28.16 9.43 10.44 10.0 8.25 23.41 5.0 6.08 26.0 28.64 0.0 5.39 10.05 19.42 4.47 12.81 25.18 7.21 23.09 19.24 23.35 18.03 15.3 27.66 5.83 7.81 21.84 23.77 18.25 8.06 9.06 28.16 14.56 5.1 19.92 10.63 10.0 5.83 11.7 25.02 10.05 20.62 9.22 29.61 30.27 14.76 13.34 8.6 8.0 
11.05 33.54 22.8 18.38 32.06 30.02 18.11 17.26 4.12 20.4 23.77 33.38 7.62 8.25 15.13 5.0 27.66 5.1 11.05 20.62 33.96 5.39 0.0 5.83 14.14 1.0 16.16 30.41 6.08 28.46 24.52 18.97 23.02 10.05 23.41 10.05 13.04 27.2 29.12 23.54 13.04 14.32 32.56 19.1 6.71 14.56 6.32 12.53 7.28 17.09 20.22 15.3 16.55 4.47 25.3 25.08 12.04 18.68 3.61 13.15 
6.32 38.12 28.46 22.36 37.01 35.23 13.04 13.42 8.06 15.03 27.66 38.05 4.47 13.04 20.02 2.24 33.24 6.32 16.12 17.8 38.33 10.05 5.83 0.0 10.3 6.71 21.93 35.06 5.0 32.56 29.07 13.34 28.07 6.4 17.72 15.52 16.49 31.4 33.38 28.07 18.11 19.0 38.08 24.52 12.53 11.4 9.49 18.36 8.06 21.21 15.0 20.0 10.77 7.62 19.65 20.62 6.71 23.09 6.71 18.03 
4.24 47.68 36.22 32.28 46.17 44.01 5.66 3.16 13.15 8.49 37.64 47.52 14.21 17.09 29.27 12.53 41.19 16.55 25.18 7.81 48.05 19.42 14.14 10.3 0.0 15.13 29.27 44.55 15.26 42.45 38.64 8.94 37.12 4.12 12.81 24.02 26.57 41.23 43.17 37.66 27.17 28.44 46.17 33.0 20.02 2.0 12.65 25.32 18.36 31.05 7.81 29.43 9.06 12.17 14.14 11.0 12.53 32.76 12.04 27.29 
12.04 32.56 21.84 17.46 31.06 29.02 19.1 18.25 4.47 21.38 22.85 32.39 8.06 8.06 14.14 5.66 26.68 5.0 10.05 21.54 32.98 4.47 1.0 6.71 15.13 0.0 15.23 29.43 6.32 27.51 23.54 19.92 22.02 11.05 24.35 9.06 12.21 26.25 28.16 22.56 12.04 13.34 31.58 18.11 5.83 15.52 6.71 11.66 7.07 16.16 21.21 14.32 17.46 5.0 26.25 26.08 12.73 17.72 4.24 12.17 
26.93 21.63 7.0 13.15 18.79 15.81 33.96 32.14 16.12 36.4 16.55 21.1 22.2 13.15 8.0 20.59 12.0 17.8 8.06 34.06 22.8 12.81 16.16 21.93 29.27 15.23 0.0 18.6 20.0 19.21 14.21 35.11 10.63 25.5 39.56 7.07 13.6 17.8 19.1 13.6 7.28 9.06 17.0 5.66 9.49 29.07 17.0 4.0 18.38 12.04 36.14 9.0 32.7 17.12 41.44 40.2 27.46 11.4 17.26 8.25 
41.19 3.16 13.6 13.15 3.61 6.0 48.09 47.68 32.28 50.01 8.94 3.0 33.06 30.87 15.3 33.02 11.4 29.0 19.42 50.7 4.24 25.18 30.41 35.06 44.55 29.43 18.6 0.0 31.02 5.0 6.0 48.01 8.06 40.45 52.09 20.88 19.1 5.0 3.61 7.0 17.46 16.12 11.18 13.04 25.3 44.91 33.84 21.95 28.07 14.04 50.04 15.13 45.04 33.24 54.08 55.44 38.21 12.0 32.98 17.26 
11.18 34.0 25.94 18.03 33.24 31.78 17.46 18.36 10.0 19.1 23.19 34.01 2.24 14.32 16.49 2.83 30.46 2.24 13.0 22.8 34.06 7.21 6.08 5.0 15.26 6.32 20.0 31.02 0.0 28.16 25.02 17.0 24.52 11.4 21.1 13.04 12.04 27.07 29.07 24.02 14.87 15.3 35.11 21.54 11.4 16.4 12.04 16.97 3.16 17.0 19.24 16.28 14.04 10.05 23.09 25.3 7.62 19.03 9.06 14.56 
38.83 6.71 15.81 10.2 8.6 10.44 45.54 45.61 30.87 47.27 5.0 7.21 30.07 30.23 13.89 30.41 15.0 26.31 17.89 49.04 6.08 23.09 28.46 32.56 42.45 27.51 19.21 5.0 28.16 0.0 5.0 45.1 8.94 38.33 49.01 19.72 16.12 1.41 1.41 5.66 16.12 14.32 15.81 13.6 24.19 43.01 32.65 21.93 25.08 11.4 47.38 13.42 42.05 31.78 51.01 53.15 35.0 9.85 31.38 15.65 
35.23 9.06 11.18 7.28 8.54 8.49 42.11 41.77 26.57 44.01 4.47 9.0 27.07 25.55 9.49 27.02 11.4 23.0 13.6 44.92 9.49 19.24 24.52 29.07 38.64 23.54 14.21 6.0 25.02 5.0 0.0 42.01 4.12 34.53 46.1 15.23 13.15 3.61 5.0 1.0 11.7 10.2 13.6 8.6 19.7 39.05 28.23 17.03 22.09 8.06 44.05 9.22 39.05 27.51 48.09 49.5 32.25 6.0 27.2 11.4 
8.6 51.0 41.76 35.01 50.16 48.51 4.0 9.06 19.72 2.83 40.11 51.01 15.03 24.41 33.24 15.13 46.57 19.03 29.43 14.04 51.04 23.35 18.97 13.34 8.94 19.92 35.11 48.01 17.0 45.1 42.01 0.0 41.3 10.63 4.47 28.86 29.02 44.05 46.04 41.01 31.4 32.14 51.42 37.85 25.63 10.77 20.0 31.38 20.02 34.0 3.61 33.14 3.16 18.87 6.32 10.63 10.44 36.01 18.36 31.26 
34.0 11.18 7.07 8.49 9.06 7.28 41.01 40.2 24.52 43.1 8.06 10.77 26.68 22.85 8.06 26.17 8.06 22.36 12.0 42.95 12.21 18.03 23.02 28.07 37.12 22.02 10.63 8.06 24.52 8.94 4.12 41.3 0.0 33.06 45.54 13.15 13.42 7.62 8.6 4.0 10.0 9.22 11.4 5.0 17.46 37.34 25.96 13.89 21.84 8.6 43.05 8.25 38.47 25.5 47.52 48.09 32.02 6.4 25.32 10.05 
2.24 43.57 32.39 28.16 42.11 40.0 8.54 7.28 9.49 11.18 33.53 43.42 10.63 13.89 25.18 8.6 37.34 12.53 21.1 11.4 43.93 15.3 10.05 6.4 4.12 11.05 25.5 40.45 11.4 38.33 34.53 10.63 33.06 0.0 15.0 20.0 22.47 37.11 39.05 33.54 23.09 24.33 42.3 29.02 16.12 5.0 9.43 21.59 14.42 26.93 10.77 25.32 9.43 8.54 16.64 15.03 10.2 28.64 8.25 23.19 
13.04 55.04 46.17 39.01 54.33 52.77 7.21 12.08 24.19 4.47 44.01 55.08 19.03 28.84 37.48 19.42 50.96 23.19 33.73 16.28 55.0 27.66 23.41 17.72 12.81 24.35 39.56 52.09 21.1 49.01 46.1 4.47 45.54 15.0 0.0 33.24 33.02 48.0 50.0 45.1 35.69 36.35 55.79 42.2 30.08 14.42 24.41 35.85 24.02 38.05 5.39 37.34 7.07 23.32 2.0 10.44 14.04 40.11 22.83 35.51 
21.1 24.04 13.0 10.63 22.2 20.0 28.16 27.07 11.4 30.41 15.62 23.77 15.26 10.63 5.83 13.93 17.72 10.82 2.24 29.83 24.7 5.83 10.05 15.52 24.02 9.06 7.07 20.88 13.04 19.72 15.23 28.86 13.15 20.0 33.24 0.0 8.06 18.36 20.12 14.32 3.61 5.66 22.56 9.06 4.47 24.19 13.0 5.1 11.31 9.22 30.27 6.4 26.25 12.37 35.17 35.01 20.59 10.0 12.17 4.24 
22.8 22.02 17.03 6.0 21.59 20.62 29.43 29.73 16.28 31.14 11.18 22.09 14.0 17.49 6.4 14.32 20.62 10.2 6.0 33.54 22.02 7.81 13.04 16.49 26.57 12.21 13.6 19.1 12.04 16.12 13.15 29.02 13.42 22.47 33.02 8.06 0.0 15.03 17.03 12.17 6.32 5.0 24.7 12.04 11.18 27.31 18.38 13.0 9.0 5.1 31.26 5.66 26.0 17.03 35.01 37.11 19.1 7.28 16.4 5.39 
37.66 7.28 14.56 9.06 8.49 9.85 44.41 44.38 29.55 46.17 4.12 7.62 29.02 28.84 12.53 29.27 14.04 25.18 16.55 47.76 7.0 21.84 27.2 31.4 41.23 26.25 17.8 5.0 27.07 1.41 3.61 44.05 7.62 37.11 48.0 18.36 15.03 0.0 2.0 4.24 14.76 13.0 15.23 12.21 22.83 41.76 31.3 20.52 24.02 10.2 46.27 12.08 41.01 30.46 50.0 51.97 34.01 8.54 30.08 14.32 
39.62 5.39 15.23 11.05 7.21 9.22 46.39 46.32 31.38 48.17 6.08 5.83 31.02 30.53 14.32 31.26 14.04 27.17 18.38 49.65 5.0 23.77 29.12 33.38 43.17 28.16 19.1 3.61 29.07 1.41 5.0 46.04 8.6 39.05 50.0 20.12 17.03 2.0 0.0 5.83 16.55 14.87 14.56 13.45 24.6 43.68 33.11 22.02 26.02 12.17 48.26 13.93 43.01 32.31 52.0 53.94 36.01 10.44 31.95 16.16 
34.23 10.05 11.05 6.32 9.49 9.22 41.11 40.79 25.63 43.01 4.12 10.0 26.08 24.7 8.54 26.02 11.7 22.0 12.65 43.97 10.44 18.25 23.54 28.07 37.66 22.56 13.6 7.0 24.02 5.66 1.0 41.01 4.0 33.54 45.1 14.32 12.17 4.24 5.83 0.0 10.77 9.22 14.21 8.06 18.79 38.08 27.31 16.28 21.1 7.07 43.05 8.25 38.05 26.57 47.1 48.51 31.26 5.0 26.25 10.44 
24.0 20.62 11.4 7.21 19.03 17.12 31.02 30.27 14.87 33.14 12.04 20.4 17.09 14.21 2.24 16.28 15.65 12.65 2.0 33.24 21.19 8.06 13.04 18.11 27.17 12.04 7.28 17.46 14.87 16.12 11.7 31.4 10.0 23.09 35.69 3.61 6.32 14.76 16.55 10.77 0.0 2.24 20.25 6.71 8.06 27.46 16.55 7.28 12.53 5.83 33.06 2.83 28.64 15.81 37.66 38.12 22.47 6.4 15.52 1.0 
25.08 19.24 12.04 5.0 18.03 16.49 32.02 31.58 16.55 34.01 10.0 19.1 17.46 16.28 1.41 17.03 15.81 13.15 3.61 34.79 19.65 9.06 14.32 19.0 28.44 13.34 9.06 16.12 15.3 14.32 10.2 32.14 9.22 24.33 36.35 5.66 5.0 13.0 14.87 9.22 2.24 0.0 20.12 7.07 10.0 28.86 18.36 9.49 12.65 3.61 34.0 1.0 29.27 17.46 38.33 39.32 22.8 4.47 17.09 1.41 
43.57 12.04 10.0 19.85 8.0 5.39 50.64 49.09 33.06 52.95 18.03 11.05 37.34 30.07 18.79 36.4 5.0 32.89 22.14 51.04 14.04 28.16 32.56 38.08 46.17 31.58 17.0 11.18 35.11 15.81 13.6 51.42 11.4 42.3 55.79 22.56 24.7 15.23 14.56 14.21 20.25 20.12 0.0 13.6 26.17 46.04 34.0 21.0 32.7 20.0 52.77 19.24 48.76 34.06 57.72 57.14 42.72 17.8 34.13 20.62 
30.15 16.12 5.0 9.22 13.6 11.05 37.22 36.01 20.1 39.46 11.4 15.65 23.77 18.03 5.66 22.8 8.94 19.31 8.54 38.47 17.2 14.56 19.1 24.52 33.0 18.11 5.66 13.04 21.54 13.6 8.6 37.85 5.0 29.02 42.2 9.06 12.04 12.21 13.45 8.06 6.71 7.07 13.6 0.0 13.04 33.06 21.38 8.94 19.24 8.54 39.32 6.4 35.17 21.1 44.15 44.0 29.15 7.07 21.02 7.21 
17.46 28.46 16.28 14.87 26.48 24.08 24.52 23.0 7.07 26.93 20.0 28.16 13.45 6.4 10.3 11.4 21.21 9.43 6.4 25.5 29.15 5.1 6.71 12.53 20.02 5.83 9.49 25.3 11.4 24.19 19.7 25.63 17.46 16.12 30.08 4.47 11.18 22.83 24.6 18.79 8.06 10.0 26.17 13.04 0.0 20.02 8.54 5.83 10.77 13.45 26.68 10.82 23.26 8.06 31.95 31.02 18.44 14.42 8.0 8.6 
5.83 48.05 36.06 32.89 46.39 44.1 7.21 3.16 13.0 10.0 38.28 47.85 15.56 16.49 29.61 13.6 41.05 17.49 25.5 6.4 48.51 19.92 14.56 11.4 2.0 15.52 29.07 44.91 16.4 43.01 39.05 10.77 37.34 5.0 14.42 24.19 27.31 41.76 43.68 38.08 27.46 28.86 46.04 33.06 20.02 0.0 12.17 25.08 19.42 31.62 9.22 29.83 11.05 12.0 15.62 11.18 14.32 33.24 12.04 27.66 
11.4 37.0 24.0 23.02 34.93 32.39 17.89 15.3 2.24 20.59 28.3 36.69 13.04 4.47 18.79 10.05 29.0 11.4 14.76 17.12 37.7 10.63 6.32 9.49 12.65 6.71 17.0 33.84 12.04 32.65 28.23 20.0 25.96 9.43 24.41 13.0 18.38 31.3 33.11 27.31 16.55 18.36 34.0 21.38 8.54 12.17 0.0 13.0 13.6 21.63 20.12 19.24 18.38 2.0 26.08 23.35 16.16 22.83 3.0 17.0 
23.09 25.06 11.0 14.32 22.47 19.65 30.08 28.16 12.17 32.57 18.6 24.6 19.1 9.22 8.94 17.2 16.0 14.87 7.0 30.07 26.08 10.0 12.53 18.36 25.32 11.66 4.0 21.95 16.97 21.93 17.03 31.38 13.89 21.59 35.85 5.1 13.0 20.52 22.02 16.28 7.28 9.49 21.0 8.94 5.83 25.08 13.0 0.0 15.81 13.0 32.28 9.85 29.07 13.15 37.7 36.22 24.21 13.04 13.34 8.25 
14.32 31.02 23.85 15.0 30.41 29.12 20.62 21.47 11.4 22.2 20.1 31.06 5.0 15.0 13.93 5.83 28.18 2.24 10.82 25.81 31.02 5.83 7.28 8.06 18.36 7.07 18.38 28.07 3.16 25.08 22.09 20.02 21.84 14.42 24.02 11.31 9.0 24.02 26.02 21.1 12.53 12.65 32.7 19.24 10.77 19.42 13.6 15.81 0.0 14.04 22.36 13.6 17.0 11.7 26.02 28.46 10.2 16.12 10.77 12.08 
27.46 17.0 13.42 1.41 16.49 15.65 34.23 34.21 19.72 36.06 6.71 17.03 19.03 19.8 4.12 19.1 16.28 15.03 7.07 37.7 17.12 11.7 17.09 21.21 31.05 16.16 12.04 14.04 17.0 11.4 8.06 34.0 8.6 26.93 38.05 9.22 5.1 10.2 12.17 7.07 5.83 3.61 20.0 8.54 13.45 31.62 21.63 13.0 14.04 0.0 36.12 3.16 31.02 20.59 40.05 41.77 24.19 2.24 20.12 5.0 
9.22 53.08 42.95 37.22 52.01 50.16 2.24 6.71 20.25 1.0 42.43 53.04 17.46 24.6 35.01 17.03 47.85 21.1 31.06 11.05 53.24 25.02 20.22 15.0 7.81 21.21 36.14 50.04 19.24 47.38 44.05 3.61 43.05 10.77 5.39 30.27 31.26 46.27 48.26 43.05 33.06 34.0 52.77 39.32 26.68 9.22 20.12 32.28 22.36 36.12 0.0 35.0 6.4 19.31 6.4 7.07 13.42 38.05 18.97 33.02 
26.08 18.25 11.4 4.47 17.03 15.52 33.02 32.56 17.46 35.01 9.22 18.11 18.44 17.03 1.0 18.03 15.0 14.14 4.47 35.74 18.68 10.05 15.3 20.0 29.43 14.32 9.0 15.13 16.28 13.42 9.22 33.14 8.25 25.32 37.34 6.4 5.66 12.08 13.93 8.25 2.83 1.0 19.24 6.4 10.82 29.83 19.24 9.85 13.6 3.16 35.0 0.0 30.27 18.38 39.32 40.31 23.77 3.61 18.03 2.24 
7.21 48.01 39.22 32.0 47.27 45.71 5.83 10.2 17.8 5.83 37.05 48.04 12.0 22.67 30.41 12.37 43.97 16.12 26.68 15.52 48.01 20.62 16.55 10.77 9.06 17.46 32.7 45.04 14.04 42.05 39.05 3.16 38.47 9.43 7.07 26.25 26.0 41.01 43.01 38.05 28.64 29.27 48.76 35.17 23.26 11.05 18.38 29.07 17.0 31.02 6.4 30.27 0.0 17.03 9.06 13.45 7.28 33.06 16.4 28.44 
10.3 36.4 24.08 21.95 34.53 32.14 17.09 15.03 1.0 19.7 27.29 36.14 11.05 5.66 18.03 8.06 29.07 9.49 13.93 17.46 37.0 9.22 4.47 7.62 12.17 5.0 17.12 33.24 10.05 31.78 27.51 18.87 25.5 8.54 23.32 12.37 17.03 30.46 32.31 26.57 15.81 17.46 34.06 21.1 8.06 12.0 2.0 13.15 11.7 20.59 19.31 18.38 17.03 0.0 25.06 23.09 14.32 21.93 1.0 16.16 
14.76 57.04 48.08 41.01 56.32 54.74 8.49 13.04 25.94 5.66 46.01 57.08 21.02 30.53 39.46 21.38 52.89 25.18 35.69 16.76 57.0 29.61 25.3 19.65 14.14 26.25 41.44 54.08 23.09 51.01 48.09 6.32 47.52 16.64 2.0 35.17 35.01 50.0 52.0 47.1 37.66 38.33 57.72 44.15 31.95 15.62 26.08 37.7 26.02 40.05 6.4 39.32 9.06 25.06 0.0 10.05 16.03 42.11 24.6 37.48 
14.32 58.55 47.17 42.95 57.14 55.01 8.06 8.06 24.08 7.81 48.27 58.42 23.77 27.66 40.2 22.8 52.15 26.93 36.12 8.49 58.86 30.27 25.08 20.62 11.0 26.08 40.2 55.44 25.3 53.15 49.5 10.63 48.09 15.03 10.44 35.01 37.11 51.97 53.94 48.51 38.12 39.32 57.14 44.0 31.02 11.18 23.35 36.22 28.46 41.77 7.07 40.31 13.45 23.09 10.05 0.0 20.25 43.57 23.02 38.21 
8.54 41.11 33.54 25.08 40.61 39.29 12.21 15.0 14.76 13.0 30.0 41.19 5.39 19.72 24.04 7.07 38.08 9.85 20.62 20.25 41.01 14.76 12.04 6.71 12.53 12.73 27.46 38.21 7.62 35.0 32.25 10.44 32.02 10.2 14.04 20.59 19.1 34.01 36.01 31.26 22.47 22.8 42.72 29.15 18.44 14.32 16.16 24.21 10.2 24.19 13.42 23.77 7.28 14.32 16.03 20.25 0.0 26.31 13.42 22.14 
29.27 15.03 11.7 2.24 14.32 13.42 36.12 35.9 21.02 38.01 5.66 15.0 21.1 20.62 4.24 21.02 14.21 17.0 8.06 39.22 15.3 13.34 18.68 23.09 32.76 17.72 11.4 12.0 19.03 9.85 6.0 36.01 6.4 28.64 40.11 10.0 7.28 8.54 10.44 5.0 6.4 4.47 17.8 7.07 14.42 33.24 22.83 13.04 16.12 2.24 38.05 3.61 33.06 21.93 42.11 43.57 26.31 0.0 21.54 5.83 
9.85 36.14 24.19 21.47 34.37 32.06 16.76 15.0 1.41 19.31 26.83 35.9 10.05 6.4 17.72 7.07 29.15 8.54 13.6 17.72 36.69 8.6 3.61 6.71 12.04 4.24 17.26 32.98 9.06 31.38 27.2 18.36 25.32 8.25 22.83 12.17 16.4 30.08 31.95 26.25 15.52 17.09 34.13 21.02 8.0 12.04 3.0 13.34 10.77 20.12 18.97 18.03 16.4 1.0 24.6 23.02 13.42 21.54 0.0 15.81 
24.02 20.4 12.04 6.4 19.0 17.26 31.0 30.41 15.23 33.06 11.4 20.22 16.76 14.87 2.0 16.12 16.12 12.37 2.24 33.53 20.88 8.0 13.15 18.03 27.29 12.17 8.25 17.26 14.56 15.65 11.4 31.26 10.05 23.19 35.51 4.24 5.39 14.32 16.16 10.44 1.0 1.41 20.62 7.21 8.6 27.66 17.0 8.25 12.08 5.0 33.02 2.24 28.44 16.16 37.48 38.21 22.14 5.83 15.81 0.0 
