15
0.0 6.08 3.61 7.0 5.39 4.47 9.49 3.16 5.1 3.0 1.0 10.3 9.06 5.0 1.0 
6.08 0.0 4.24 1.41 10.0 3.61 5.0 9.0 11.18 6.32 5.1 6.71 3.61 10.77 6.32 
3.61 4.24 0.0 4.47 5.83 1.0 6.08 6.71 8.06 5.83 2.83 6.71 6.08 7.07 3.16 
7.0 1.41 4.47 0.0 10.3 3.61 3.61 10.05 12.04 7.62 6.0 5.39 2.24 11.4 7.07 
5.39 10.0 5.83 10.3 0.0 6.71 11.18 6.08 5.0 8.25 5.83 11.0 11.7 2.83 4.47 
4.47 3.61 1.0 3.61 6.71 0.0 5.1 7.62 9.06 6.4 3.61 5.83 5.1 8.06 4.12 
9.49 5.0 6.08 3.61 11.18 5.1 0.0 12.65 14.14 10.82 8.54 2.0 2.0 13.0 9.22 
3.16 9.0 6.71 10.05 6.08 7.62 12.65 0.0 2.83 3.61 4.12 13.42 12.17 4.12 3.61 
5.1 11.18 8.06 12.04 5.0 9.06 14.14 2.83 0.0 6.4 6.08 14.56 14.0 2.24 5.0 
3.0 6.32 5.83 7.62 8.25 6.4 10.82 3.61 6.4 0.0 3.16 12.04 9.85 7.21 4.0 
1.0 5.1 2.83 6.0 5.83 3.61 8.54 4.12 6.08 3.16 0.0 9.43 8.06 5.83 1.41 
10.3 6.71 6.71 5.39 11.0 5.83 2.0 13.42 14.56 12.04 9.43 0.0 4.0 13.15 9.85 
9.06 3.61 6.08 2.24 11.7 5.1 2.0 12.17 14.0 9.85 8.06 4.0 0.0 13.15 9.0 
5.0 10.77 7.07 11.4 2.83 8.06 13.0 4.12 2.24 7.21 5.83 13.15 13.15 0.0 4.47 
1.0 6.32 3.16 7.07 4.47 4.12 9.22 3.61 5.0 4.0 1.41 9.85 9.0 4.47 0.0 
