30
0.0 33.24 4.24 4.0 28.43 25.5 13.04 25.18 37.34 24.41 35.61 25.08 22.47 21.54 37.58 32.25 30.61 21.47 20.59 28.43 31.05 35.36 9.06 21.47 25.32 22.2 29.15 27.8 27.46 16.16 
33.24 0.0 29.61 29.41 19.1 31.76 32.02 9.22 14.87 13.0 13.6 9.06 26.83 12.04 25.08 25.32 29.12 13.04 34.83 13.45 17.12 8.06 31.0 23.02 8.6 31.78 5.39 19.85 6.4 26.68 
4.24 29.61 0.0 3.16 24.21 26.08 14.56 22.0 34.93 20.25 31.4 21.19 18.68 17.72 36.36 31.4 30.41 17.46 22.14 24.21 29.15 31.3 6.32 20.62 22.02 19.0 25.3 23.6 24.08 12.37 
4.0 29.41 3.16 0.0 26.08 23.02 11.4 21.21 33.38 21.26 32.56 21.47 21.38 17.89 34.0 28.84 27.59 18.03 18.97 25.46 27.2 31.91 9.49 18.03 21.38 22.02 25.5 25.55 23.54 15.13 
28.43 19.1 24.21 26.08 0.0 41.01 34.79 20.25 33.02 8.25 10.0 13.0 10.05 14.14 41.23 39.29 41.44 12.04 40.79 5.66 32.31 13.93 21.4 32.02 19.31 15.0 14.21 1.0 19.24 13.89 
25.5 31.76 26.08 23.02 41.01 0.0 12.81 23.41 24.41 33.14 42.45 29.61 41.0 27.17 17.26 11.4 7.0 29.07 7.07 37.34 17.03 38.63 32.25 9.22 24.35 43.32 31.62 41.0 26.0 35.74 
13.04 32.02 14.56 11.4 34.79 12.81 0.0 22.8 30.59 28.18 39.12 26.4 32.02 23.02 27.46 21.59 18.79 24.19 7.62 32.65 23.19 36.88 20.88 12.04 23.43 33.24 29.73 34.48 25.61 26.02 
25.18 9.22 22.0 21.21 20.25 23.41 22.8 0.0 14.42 12.08 19.24 7.28 24.76 7.07 21.02 19.24 22.02 9.22 25.81 15.3 12.08 15.23 24.74 14.32 1.0 29.07 8.25 20.62 2.83 22.47 
37.34 14.87 34.93 33.38 33.02 24.41 30.59 14.42 0.0 25.5 28.46 20.52 38.95 21.4 11.4 14.21 19.1 23.43 29.97 27.46 7.62 22.8 38.63 18.68 15.0 43.42 18.87 33.6 14.14 36.89 
24.41 13.0 20.25 21.26 8.25 33.14 28.18 12.08 25.5 0.0 11.31 5.0 13.89 6.0 33.11 31.05 33.24 4.12 33.53 4.47 24.17 11.4 19.65 24.02 11.18 18.79 7.62 8.54 11.4 14.04 
35.61 13.6 31.4 32.56 10.0 42.45 39.12 19.24 28.46 11.31 0.0 13.0 20.02 16.12 38.47 38.0 41.19 15.0 43.86 7.21 30.07 5.83 29.97 33.24 18.25 25.0 11.05 11.0 17.03 23.09 
25.08 9.06 21.19 21.47 13.0 29.61 26.4 7.28 20.52 5.0 13.0 0.0 18.6 3.61 28.23 26.48 29.02 4.0 30.87 8.06 19.31 10.63 22.02 20.4 6.32 23.32 4.12 13.42 6.4 17.72 
22.47 26.83 18.68 21.38 10.05 41.0 32.02 24.76 38.95 13.89 20.02 18.6 0.0 17.69 45.22 42.06 43.08 15.56 39.05 14.32 36.4 23.35 13.89 32.89 24.04 5.1 21.47 9.06 24.84 6.32 
21.54 12.04 17.72 17.89 14.14 27.17 23.02 7.07 21.4 6.0 16.12 3.61 17.69 0.0 27.78 25.3 27.29 2.24 27.86 10.2 18.87 14.21 19.03 18.03 6.4 22.02 7.62 14.32 7.62 15.65 
37.58 25.08 36.36 34.0 41.23 17.26 27.46 21.02 11.4 33.11 38.47 28.23 45.22 27.78 0.0 6.0 10.44 30.02 24.08 36.06 8.94 33.14 41.4 16.16 21.93 49.04 27.89 41.63 22.14 41.77 
32.25 25.32 31.4 28.84 39.29 11.4 21.59 19.24 14.21 31.05 38.0 26.48 42.06 25.3 6.0 0.0 5.0 27.51 18.11 34.53 8.25 33.14 36.8 10.82 20.22 45.49 27.02 39.56 21.02 38.01 
30.61 29.12 30.41 27.59 41.44 7.0 18.79 22.02 19.1 33.24 41.19 29.02 43.08 27.29 10.44 5.0 0.0 29.43 14.04 37.05 12.53 36.67 36.24 10.3 23.02 46.07 30.15 41.59 24.19 38.47 
21.47 13.04 17.46 18.03 12.04 29.07 24.19 9.22 23.43 4.12 15.0 4.0 15.56 2.24 30.02 27.51 29.43 0.0 29.41 8.54 21.1 13.89 18.03 20.0 8.49 20.0 8.06 12.17 9.43 13.93 
20.59 34.83 22.14 18.97 40.79 7.07 7.62 25.81 29.97 33.53 43.86 30.87 39.05 27.86 24.08 18.11 14.04 29.41 0.0 37.95 22.36 40.82 28.46 12.04 26.63 40.61 33.62 40.61 28.6 33.24 
28.43 13.45 24.21 25.46 5.66 37.34 32.65 15.3 27.46 4.47 7.21 8.06 14.32 10.2 36.06 34.53 37.05 8.54 37.95 0.0 27.2 9.06 22.85 28.16 14.32 19.42 8.6 6.4 13.93 16.28 
31.05 17.12 29.15 27.2 32.31 17.03 23.19 12.08 7.62 24.17 30.07 19.31 36.4 18.87 8.94 8.25 12.53 21.1 22.36 27.2 0.0 25.02 33.62 11.18 13.0 40.36 19.24 32.7 13.34 33.24 
35.36 8.06 31.3 31.91 13.93 38.63 36.88 15.23 22.8 11.4 5.83 10.63 23.35 14.21 33.14 33.14 36.67 13.89 40.82 9.06 25.02 0.0 31.05 29.55 14.32 28.44 7.21 14.87 12.65 25.08 
9.06 31.0 6.32 9.49 21.4 32.25 20.88 24.74 38.63 19.65 29.97 22.02 13.89 19.03 41.4 36.8 36.24 18.03 28.46 22.85 33.62 31.05 0.0 26.17 24.52 13.15 26.08 20.62 26.31 7.81 
21.47 23.02 20.62 18.03 32.02 9.22 12.04 14.32 18.68 24.02 33.24 20.4 32.89 18.03 16.16 10.82 10.3 20.0 12.04 28.16 11.18 29.55 26.17 0.0 15.23 35.78 22.47 32.06 17.0 28.18 
25.32 8.6 22.02 21.38 19.31 24.35 23.43 1.0 15.0 11.18 18.25 6.32 24.04 6.4 21.93 20.22 23.02 8.49 26.63 14.32 13.0 14.32 24.52 15.23 0.0 28.43 7.28 19.7 2.24 21.95 
22.2 31.78 19.0 22.02 15.0 43.32 33.24 29.07 43.42 18.79 25.0 23.32 5.1 22.02 49.04 45.49 46.07 20.0 40.61 19.42 40.36 28.44 13.15 35.78 28.43 0.0 26.4 14.0 29.41 7.62 
29.15 5.39 25.3 25.5 14.21 31.62 29.73 8.25 18.87 7.62 11.05 4.12 21.47 7.62 27.89 27.02 30.15 8.06 33.62 8.6 19.24 7.21 26.08 22.47 7.28 26.4 0.0 14.87 6.0 21.38 
27.8 19.85 23.6 25.55 1.0 41.0 34.48 20.62 33.6 8.54 11.0 13.42 9.06 14.32 41.63 39.56 41.59 12.17 40.61 6.4 32.7 14.87 20.62 32.06 19.7 14.0 14.87 0.0 19.72 13.04 
27.46 6.4 24.08 23.54 19.24 26.0 25.61 2.83 14.14 11.4 17.03 6.4 24.84 7.62 22.14 21.02 24.19 9.43 28.6 13.93 13.34 12.65 26.31 17.0 2.24 29.41 6.0 19.72 0.0 23.26 
16.16 26.68 12.37 15.13 13.89 35.74 26.02 22.47 36.89 14.04 23.09 17.72 6.32 15.65 41.77 38.01 38.47 13.93 33.24 16.28 33.24 25.08 7.81 28.18 21.95 7.62 21.38 13.04 23.26 0.0 
