40
0.0 10.82 6.71 12.73 11.4 5.66 6.08 15.26 18.11 4.12 22.0 22.8 12.04 4.12 2.0 12.53 4.0 15.62 11.18 14.14 22.2 3.61 17.03 6.08 9.0 16.12 11.4 9.49 12.65 8.54 18.79 5.0 13.04 4.47 20.02 13.45 2.24 12.37 14.87 8.06 
10.82 0.0 4.24 15.0 13.0 5.39 5.83 7.07 16.28 14.14 18.36 16.28 14.0 8.25 9.22 5.83 9.22 5.0 12.08 13.6 17.09 14.21 7.28 10.0 6.0 12.21 7.81 9.0 7.81 12.17 11.05 7.21 10.63 6.4 17.2 15.03 8.94 13.42 8.94 17.2 
6.71 4.24 0.0 12.37 10.44 2.24 2.0 10.2 17.0 9.9 19.92 19.0 11.4 5.1 5.0 8.0 6.08 9.22 11.31 13.6 19.24 10.0 11.18 7.62 4.24 13.6 8.54 6.71 9.22 10.3 14.14 3.16 11.18 2.24 18.38 12.65 5.1 12.73 11.05 13.04 
12.73 15.0 12.37 0.0 2.0 13.93 10.44 22.02 29.15 11.18 32.28 31.14 1.0 15.26 11.4 20.22 15.81 19.24 22.83 25.5 31.58 12.53 22.09 18.03 9.0 25.96 20.88 6.0 21.59 20.81 26.02 9.85 23.41 12.08 30.68 1.0 13.6 24.19 23.35 10.05 
11.4 13.0 10.44 2.0 0.0 12.08 8.54 20.02 27.31 10.44 30.36 29.15 1.0 13.6 9.9 18.25 14.21 17.26 21.1 23.71 29.61 11.7 20.1 16.4 7.0 24.04 18.97 4.0 19.65 19.21 24.02 8.06 21.54 10.3 28.79 2.24 12.04 22.47 21.38 10.05 
5.66 5.39 2.24 13.93 12.08 0.0 3.61 9.85 15.23 9.43 18.44 18.11 13.0 3.0 4.47 7.28 4.0 10.0 9.22 11.66 18.03 9.22 11.4 5.39 6.4 12.17 7.07 8.6 8.0 8.06 13.6 4.12 9.49 2.0 16.76 14.32 3.61 10.63 10.05 13.0 
6.08 5.83 2.0 10.44 8.54 3.61 0.0 12.17 18.79 8.6 21.84 21.0 9.49 5.83 4.12 10.0 6.71 10.82 12.81 15.26 21.21 8.94 13.0 8.6 3.16 15.52 10.44 5.0 11.18 11.4 16.12 1.41 13.0 2.24 20.25 10.77 5.1 14.21 13.04 11.4 
15.26 7.07 10.2 22.02 20.02 9.85 12.17 0.0 11.18 19.24 12.04 9.22 21.02 11.4 14.32 2.83 12.04 5.0 10.2 10.05 10.3 18.87 3.0 11.4 13.04 6.71 5.39 16.03 4.12 12.08 4.0 13.34 7.0 11.7 11.4 22.09 13.04 11.05 3.16 22.85 
18.11 16.28 17.0 29.15 27.31 15.23 18.79 11.18 0.0 22.02 4.47 8.94 28.23 14.32 18.44 10.63 14.14 16.12 7.0 4.0 6.4 21.0 13.93 12.04 21.1 4.47 8.6 23.71 8.49 10.05 10.05 19.31 5.83 17.09 2.24 29.55 16.28 6.08 8.06 26.02 
4.12 14.14 9.9 11.18 10.44 9.43 8.6 19.24 22.02 0.0 26.02 26.93 10.77 8.25 5.0 16.55 8.06 19.1 15.03 18.03 26.31 1.41 20.81 10.0 10.77 20.22 15.52 10.05 16.76 12.17 22.85 7.21 17.12 7.81 24.0 12.08 6.32 16.12 18.97 4.0 
22.0 18.36 19.92 32.28 30.36 18.44 21.84 12.04 4.47 26.02 0.0 6.0 31.32 18.03 22.09 12.53 18.0 16.97 11.18 8.25 3.0 25.08 14.21 16.03 23.77 6.32 11.4 26.57 10.77 14.32 9.43 22.56 9.06 20.4 2.24 32.57 20.02 10.44 9.43 30.02 
22.8 16.28 19.0 31.14 29.15 18.11 21.0 9.22 8.94 26.93 6.0 0.0 30.15 18.68 22.36 11.0 18.97 13.42 13.6 11.31 3.0 26.25 10.3 17.46 22.2 7.21 11.4 25.18 10.2 16.64 5.39 22.02 10.3 20.1 7.28 31.26 20.62 13.45 8.06 30.81 
12.04 14.0 11.4 1.0 1.0 13.0 9.49 21.02 28.23 10.77 31.32 30.15 0.0 14.42 10.63 19.24 15.0 18.25 21.95 24.6 30.59 12.08 21.1 17.2 8.0 25.0 19.92 5.0 20.62 20.0 25.02 8.94 22.47 11.18 29.73 1.41 12.81 23.32 22.36 10.0 
4.12 8.25 5.1 15.26 13.6 3.0 5.83 11.4 14.32 8.25 18.03 18.68 14.42 0.0 4.12 8.6 1.0 12.53 7.62 10.44 18.11 7.62 13.45 2.83 8.94 12.04 7.28 10.63 8.54 5.66 14.76 5.66 9.0 3.61 16.12 15.81 2.0 8.94 10.77 12.17 
2.0 9.22 5.0 11.4 9.9 4.47 4.12 14.32 18.44 5.0 22.09 22.36 10.63 4.12 0.0 11.7 4.47 14.14 11.7 14.56 22.02 5.0 15.81 6.71 7.0 16.0 11.05 7.62 12.17 9.43 18.03 3.0 13.04 2.83 20.22 12.04 2.24 13.0 14.32 8.54 
12.53 5.83 8.0 20.22 18.25 7.28 10.0 2.83 10.63 16.55 12.53 11.0 19.24 8.6 11.7 0.0 9.22 6.08 8.0 8.54 11.4 16.12 5.39 8.6 11.4 6.4 3.0 14.32 2.24 9.49 6.32 11.05 5.39 9.22 11.4 20.4 10.3 9.06 3.16 20.25 
4.0 9.22 6.08 15.81 14.21 4.0 6.71 12.04 14.14 8.06 18.0 18.97 15.0 1.0 4.47 9.22 0.0 13.42 7.28 10.2 18.25 7.28 14.21 2.24 9.85 12.17 7.62 11.4 8.94 5.0 15.26 6.4 9.06 4.47 16.03 16.4 2.24 8.54 11.18 12.04 
15.62 5.0 9.22 19.24 17.26 10.0 10.82 5.0 16.12 19.1 16.97 13.42 18.25 12.53 14.14 6.08 13.42 0.0 14.04 14.56 15.0 19.1 3.16 13.6 10.44 11.66 9.06 13.34 8.25 15.13 8.06 12.21 11.4 11.31 16.4 19.1 13.6 15.13 8.06 22.2 
11.18 12.08 11.31 22.83 21.1 9.22 12.81 10.2 7.0 15.03 11.18 13.6 21.95 7.62 11.7 8.0 7.28 14.04 0.0 3.0 12.08 14.0 13.15 5.1 15.56 6.4 5.0 17.8 6.08 3.16 11.66 13.04 3.61 10.82 9.06 23.32 9.49 1.41 7.62 19.03 
14.14 13.6 13.6 25.5 23.71 11.66 15.26 10.05 4.0 18.03 8.25 11.31 24.6 10.44 14.56 8.54 10.2 14.56 3.0 0.0 9.43 17.0 13.04 8.06 17.8 4.47 5.83 20.25 6.32 6.08 10.44 15.65 3.16 13.42 6.08 25.94 12.37 2.24 7.0 22.02 
22.2 17.09 19.24 31.58 29.61 18.03 21.21 10.3 6.4 26.31 3.0 3.0 30.59 18.11 22.02 11.4 18.25 15.0 12.08 9.43 0.0 25.5 12.04 16.49 22.8 6.08 11.0 25.71 10.05 15.23 7.07 22.09 9.22 20.02 4.47 31.78 20.1 11.66 8.25 30.27 
3.61 14.21 10.0 12.53 11.7 9.22 8.94 18.87 21.0 1.41 25.08 26.25 12.08 7.62 5.0 16.12 7.28 19.1 14.0 17.0 25.5 0.0 20.62 9.06 11.4 19.42 14.87 11.0 16.16 11.05 22.36 7.62 16.28 7.81 23.02 13.42 5.83 15.03 18.38 5.1 
17.03 7.28 11.18 22.09 20.1 11.4 13.0 3.0 13.93 20.81 14.21 10.3 21.1 13.45 15.81 5.39 14.21 3.16 13.15 13.04 12.04 20.62 0.0 13.89 13.15 9.49 8.25 16.12 7.07 14.87 5.0 14.32 10.0 13.04 13.89 22.02 14.87 14.04 6.08 24.19 
6.08 10.0 7.62 18.03 16.4 5.39 8.6 11.4 12.04 10.0 16.03 17.46 17.2 2.83 6.71 8.6 2.24 13.6 5.1 8.06 16.49 9.06 13.89 0.0 11.66 10.44 6.4 13.45 7.81 2.83 14.21 8.49 7.28 6.4 14.0 18.6 4.47 6.32 10.0 14.0 
9.0 6.0 4.24 9.0 7.0 6.4 3.16 13.04 21.1 10.77 23.77 22.2 8.0 8.94 7.0 11.4 9.85 10.44 15.56 17.8 22.8 11.4 13.15 11.66 0.0 17.46 12.53 3.0 13.0 14.42 17.03 4.0 15.26 5.39 22.36 9.06 8.25 16.97 14.56 12.81 
16.12 12.21 13.6 25.96 24.04 12.17 15.52 6.71 4.47 20.22 6.32 7.21 25.0 12.04 16.0 6.4 12.17 11.66 6.4 4.47 6.08 19.42 9.49 10.44 17.46 0.0 5.1 20.25 4.47 9.43 6.08 16.28 3.16 14.14 5.0 26.25 14.04 6.4 3.61 24.19 
11.4 7.81 8.54 20.88 18.97 7.07 10.44 5.39 8.6 15.52 11.4 11.4 19.92 7.28 11.05 3.0 7.62 9.06 5.0 5.83 11.0 14.87 8.25 6.4 12.53 5.1 0.0 15.23 1.41 6.71 7.81 11.18 2.83 9.06 9.85 21.19 9.22 6.08 3.61 19.42 
9.49 9.0 6.71 6.0 4.0 8.6 5.0 16.03 23.71 10.05 26.57 25.18 5.0 10.63 7.62 14.32 11.4 13.34 17.8 20.25 25.71 11.0 16.12 13.45 3.0 20.25 15.23 0.0 15.81 16.28 20.02 5.0 17.89 7.07 25.08 6.08 9.43 19.21 17.46 11.18 
12.65 7.81 9.22 21.59 19.65 8.0 11.18 4.12 8.49 16.76 10.77 10.2 20.62 8.54 12.17 2.24 8.94 8.25 6.08 6.32 10.05 16.16 7.07 7.81 13.0 4.47 1.41 15.81 0.0 8.06 6.4 12.04 3.16 10.0 9.43 21.84 10.44 7.0 2.24 20.62 
8.54 12.17 10.3 20.81 19.21 8.06 11.4 12.08 10.05 12.17 14.32 16.64 20.0 5.66 9.43 9.49 5.0 15.13 3.16 6.08 15.23 11.05 14.87 2.83 14.42 9.43 6.71 16.28 8.06 0.0 14.21 11.31 6.4 9.22 12.17 21.4 7.21 4.0 10.0 16.12 
18.79 11.05 14.14 26.02 24.02 13.6 16.12 4.0 10.05 22.85 9.43 5.39 25.02 14.76 18.03 6.32 15.26 8.06 11.66 10.44 7.07 22.36 5.0 14.21 17.03 6.08 7.81 20.02 6.4 14.21 0.0 17.26 8.06 15.52 9.49 26.08 16.55 12.08 4.24 26.57 
5.0 7.21 3.16 9.85 8.06 4.12 1.41 13.34 19.31 7.21 22.56 22.02 8.94 5.66 3.0 11.05 6.4 12.21 13.04 15.65 22.09 7.62 14.32 8.49 4.0 16.28 11.18 5.0 12.04 11.31 17.26 0.0 13.6 2.24 20.88 10.3 4.47 14.42 14.0 10.0 
13.04 10.63 11.18 23.41 21.54 9.49 13.0 7.0 5.83 17.12 9.06 10.3 22.47 9.0 13.04 5.39 9.06 11.4 3.61 3.16 9.22 16.28 10.0 7.28 15.26 3.16 2.83 17.89 3.16 6.4 8.06 13.6 0.0 11.4 7.28 23.77 11.0 4.12 4.12 21.1 
4.47 6.4 2.24 12.08 10.3 2.0 2.24 11.7 17.09 7.81 20.4 20.1 11.18 3.61 2.83 9.22 4.47 11.31 10.82 13.42 20.02 7.81 13.04 6.4 5.39 14.14 9.06 7.07 10.0 9.22 15.52 2.24 11.4 0.0 18.68 12.53 3.0 12.21 12.04 11.18 
20.02 17.2 18.38 30.68 28.79 16.76 20.25 11.4 2.24 24.0 2.24 7.28 29.73 16.12 20.22 11.4 16.03 16.4 9.06 6.08 4.47 23.02 13.89 14.0 22.36 5.0 9.85 25.08 9.43 12.17 9.49 20.88 7.28 18.68 0.0 31.02 18.11 8.25 8.49 28.0 
13.45 15.03 12.65 1.0 2.24 14.32 10.77 22.09 29.55 12.08 32.57 31.26 1.41 15.81 12.04 20.4 16.4 19.1 23.32 25.94 31.78 13.42 22.02 18.6 9.06 26.25 21.19 6.08 21.84 21.4 26.08 10.3 23.77 12.53 31.02 0.0 14.21 24.7 23.54 11.05 
2.24 8.94 5.1 13.6 12.04 3.61 5.1 13.04 16.28 6.32 20.02 20.62 12.81 2.0 2.24 10.3 2.24 13.6 9.49 12.37 20.1 5.83 14.87 4.47 8.25 14.04 9.22 9.43 10.44 7.21 16.55 4.47 11.0 3.0 18.11 14.21 0.0 10.77 12.65 10.2 
12.37 13.42 12.73 24.19 22.47 10.63 14.21 11.05 6.08 16.12 10.44 13.45 23.32 8.94 13.0 9.06 8.54 15.13 1.41 2.24 11.66 15.03 14.04 6.32 16.97 6.4 6.08 19.21 7.0 4.0 12.08 14.42 4.12 12.21 8.25 24.7 10.77 0.0 8.25 20.1 
14.87 8.94 11.05 23.35 21.38 10.05 13.04 3.16 8.06 18.97 9.43 8.06 22.36 10.77 14.32 3.16 11.18 8.06 7.62 7.0 8.25 18.38 6.08 10.0 14.56 3.61 3.61 17.46 2.24 10.0 4.24 14.0 4.12 12.04 8.49 23.54 12.65 8.25 0.0 22.8 
8.06 17.2 13.04 10.05 10.05 13.0 11.4 22.85 26.02 4.0 30.02 30.81 10.0 12.17 8.54 20.25 12.04 22.2 19.03 22.02 30.27 5.1 24.19 14.0 12.81 24.19 19.42 11.18 20.62 16.12 26.57 10.0 21.1 11.18 28.0 11.05 10.2 20.1 22.8 0.0 
