75
0.0 96.51 20.4 25.94 48.84 28.32 64.03 11.18 75.24 73.16 20.02 84.85 48.3 71.17 22.56 83.29 27.0 24.41 65.97 28.43 36.72 35.0 94.01 55.11 53.46 5.0 94.37 49.98 9.49 48.37 18.38 31.38 52.0 51.62 81.49 93.02 11.0 13.93 27.51 88.28 79.62 79.7 82.57 96.0 14.32 32.65 43.32 31.14 46.87 93.06 35.36 12.21 76.01 64.62 22.2 45.18 51.0 14.32 22.47 81.22 44.38 48.26 21.93 90.8 59.93 63.79 35.81 45.54 53.15 97.25 94.76 34.79 43.42 96.13 85.62 
96.51 0.0 91.05 77.62 47.68 84.97 33.02 105.68 30.48 28.79 96.05 12.08 65.0 27.29 73.98 26.83 70.09 89.05 31.02 80.96 63.01 77.03 16.03 41.44 48.37 91.59 5.0 48.0 104.94 52.33 87.32 75.58 46.24 44.91 40.31 15.13 95.19 84.9 69.46 12.21 17.03 20.25 17.46 17.03 83.43 74.43 54.08 65.51 56.72 4.24 63.91 102.24 24.84 35.69 82.01 54.23 47.17 105.36 103.08 26.93 63.81 51.89 79.03 29.43 41.98 33.06 66.12 52.04 51.31 10.2 5.1 62.29 56.86 12.04 12.65 
20.4 91.05 0.0 37.22 45.35 43.66 58.14 20.52 75.61 64.38 5.0 80.4 57.31 64.01 23.43 83.49 30.48 41.23 60.13 42.05 28.07 47.51 91.98 50.8 55.95 20.02 88.01 43.1 21.4 51.11 34.21 42.72 52.0 48.51 85.0 90.8 9.85 26.57 24.6 85.0 74.11 72.11 75.11 94.15 25.08 17.72 37.48 31.91 35.51 88.2 39.82 14.87 74.46 56.14 9.22 47.51 51.08 34.48 12.04 81.27 52.33 50.61 13.0 91.76 50.36 58.22 25.02 39.32 57.14 93.9 90.35 30.36 46.87 93.21 79.01 
25.94 77.62 37.22 0.0 32.65 9.85 48.01 37.12 52.35 59.55 40.0 65.55 22.36 55.8 17.03 60.21 12.65 12.04 49.65 6.08 31.32 10.3 72.18 38.6 30.41 21.63 76.49 37.64 35.34 25.71 10.05 5.66 31.38 34.41 56.57 71.39 32.53 12.21 21.21 67.72 61.72 64.07 66.57 73.98 12.73 37.05 31.62 17.0 41.23 73.74 13.89 37.2 54.57 51.62 31.62 23.41 30.46 29.02 45.28 58.31 18.68 25.96 27.89 67.0 49.04 47.43 33.54 33.6 29.02 76.4 74.95 25.08 20.88 74.95 68.48 
48.84 47.68 45.35 32.65 0.0 41.73 15.65 58.14 30.89 26.91 50.22 36.12 31.4 23.32 26.31 38.48 22.85 44.69 17.46 37.48 18.36 36.06 46.69 6.32 16.76 43.93 45.61 8.06 57.31 15.0 41.34 32.65 9.85 3.16 42.45 45.54 48.04 37.7 22.0 40.05 30.81 31.76 34.44 48.84 36.06 31.38 8.6 18.03 19.24 44.28 19.1 55.01 29.12 19.21 36.14 13.34 9.49 58.31 57.27 36.25 26.93 14.0 32.56 46.96 18.03 15.23 22.47 7.81 20.4 49.04 46.1 15.13 15.81 48.17 37.0 
28.32 84.97 43.66 9.85 41.73 0.0 56.73 38.95 57.97 68.59 45.62 72.9 24.02 64.54 26.17 65.51 22.47 5.1 58.26 4.24 41.11 9.0 78.16 47.42 36.77 25.24 84.22 47.2 36.88 32.65 10.0 9.43 39.12 43.19 60.01 77.49 37.22 17.09 30.81 74.46 69.64 72.62 75.0 79.81 18.68 46.04 41.34 26.83 51.08 80.96 22.63 40.46 61.1 60.88 39.46 31.06 38.28 26.25 49.93 63.79 22.36 33.12 36.12 71.57 58.6 56.08 43.17 43.27 34.48 82.87 81.94 34.93 28.3 81.27 76.55 
64.03 33.02 58.14 48.01 15.65 56.73 0.0 72.84 25.55 12.53 63.13 22.36 42.49 7.81 41.48 31.14 38.48 60.0 2.0 52.5 30.07 50.25 35.34 9.43 24.7 59.2 30.41 15.03 72.18 26.08 56.94 47.42 18.87 13.6 39.81 34.01 62.2 53.31 36.67 27.51 16.0 16.12 18.79 37.58 51.62 41.98 21.1 33.62 25.08 30.07 34.21 69.26 20.52 8.25 49.04 26.25 19.42 73.93 70.18 29.07 39.12 25.24 46.01 39.6 12.81 1.0 33.38 19.03 28.79 36.14 32.25 29.43 29.07 35.74 21.59 
11.18 105.68 20.52 37.12 58.14 38.95 72.84 0.0 85.71 81.04 17.49 94.26 59.48 79.62 32.0 93.77 37.34 34.66 74.81 39.41 43.97 46.04 104.08 64.28 64.13 15.81 103.25 58.25 2.24 59.03 29.21 42.54 62.2 61.07 92.44 103.04 11.66 25.08 36.22 98.02 88.68 88.07 91.01 106.12 25.3 36.89 51.79 41.05 53.31 102.4 46.1 5.83 86.09 72.53 26.42 55.73 61.2 18.44 16.12 91.66 55.54 58.86 27.86 101.43 67.36 72.69 42.15 53.94 64.03 107.02 104.24 43.42 54.13 106.0 94.37 
75.24 30.48 75.61 52.35 30.89 57.97 25.55 85.71 0.0 33.73 80.32 20.12 35.78 27.89 54.13 8.06 48.37 62.59 24.6 54.34 49.24 49.34 20.25 27.02 22.02 70.26 31.91 36.24 84.48 27.0 62.39 49.03 23.77 27.78 14.56 19.7 76.9 62.01 51.24 18.38 22.2 30.02 30.27 21.84 61.07 62.27 39.45 44.91 48.17 26.25 40.01 83.55 7.07 33.54 66.48 30.07 24.74 81.3 87.28 6.0 35.74 27.02 62.63 16.16 38.28 24.7 53.34 38.28 23.54 25.55 26.17 45.31 32.0 23.71 28.16 
73.16 28.79 64.38 59.55 26.91 68.59 12.53 81.04 33.73 0.0 69.35 21.93 55.01 6.0 50.99 37.16 49.09 71.59 11.7 64.35 37.11 62.48 36.77 21.26 37.16 68.54 24.74 23.26 80.65 38.59 68.01 59.41 31.38 25.5 48.27 35.36 69.86 63.63 45.69 28.28 14.87 8.54 11.4 38.9 61.77 47.04 29.97 44.1 29.02 27.29 45.97 76.9 27.2 8.54 55.73 38.6 31.91 84.12 76.24 35.47 51.62 37.74 53.37 44.78 14.04 13.42 39.46 27.73 41.23 35.23 30.02 38.48 41.4 35.61 16.16 
20.02 96.05 5.0 40.0 50.22 45.62 63.13 17.49 80.32 69.35 0.0 85.38 60.83 69.01 27.46 88.23 34.41 42.72 65.12 44.42 33.06 50.22 96.88 55.73 60.37 20.88 93.01 48.09 18.79 55.47 35.85 45.61 56.65 53.37 89.44 95.71 9.06 28.65 29.15 89.94 79.1 77.1 80.1 99.04 27.46 22.56 42.43 36.24 40.45 93.19 43.83 11.66 79.31 61.13 14.14 51.88 55.71 33.38 7.07 86.02 55.97 55.01 17.72 96.46 55.33 63.2 30.02 44.28 61.4 98.86 95.34 35.17 51.11 98.15 84.01 
84.85 12.08 80.4 65.55 36.12 72.9 22.36 94.26 20.12 21.93 85.38 0.0 53.26 18.36 62.39 19.03 58.25 76.97 20.4 68.88 52.35 65.0 14.87 30.02 36.36 79.91 12.04 37.34 93.43 40.25 75.27 63.51 34.18 33.24 32.39 13.45 84.01 73.01 58.08 6.4 7.21 14.42 13.0 16.97 71.59 64.33 43.05 53.76 47.13 8.25 51.87 91.02 13.6 26.83 71.25 42.15 35.11 93.41 92.44 18.25 51.87 39.81 68.07 24.74 33.11 22.2 55.73 41.11 39.41 13.93 10.0 51.01 44.78 13.89 9.06 
48.3 65.0 57.31 22.36 31.4 24.02 42.49 59.48 35.78 55.01 60.83 53.26 0.0 49.74 34.21 42.72 27.2 29.07 43.42 21.38 41.48 15.03 55.95 34.79 18.03 43.91 65.19 39.2 57.7 16.76 31.32 17.09 23.77 31.05 36.06 55.46 54.2 34.48 35.36 53.54 51.66 56.61 58.41 57.38 34.67 51.89 36.06 27.73 48.17 60.8 18.79 59.36 40.22 49.04 50.0 18.11 23.41 49.82 66.71 41.23 5.39 17.72 45.8 48.05 49.24 41.59 45.22 37.0 14.21 61.29 61.29 34.48 16.0 59.48 58.73 
71.17 27.29 64.01 55.8 23.32 64.54 7.81 79.62 27.89 6.0 69.01 18.36 49.74 0.0 48.7 31.76 46.07 67.8 6.4 60.31 36.12 58.0 32.8 17.2 31.76 66.41 24.0 21.38 79.08 33.6 64.66 55.23 26.4 21.4 42.45 31.4 68.73 60.84 43.68 24.41 11.18 8.54 11.4 35.0 59.09 47.17 27.89 41.15 29.43 25.0 42.01 75.8 21.54 8.54 55.08 33.97 27.02 81.44 76.0 29.97 46.62 32.8 52.35 39.66 14.87 8.49 39.0 25.71 35.78 32.2 27.51 36.4 36.8 32.25 15.0 
22.56 73.98 23.43 17.03 26.31 26.17 41.48 32.0 54.13 50.99 27.46 62.39 34.21 48.7 0.0 62.17 7.07 26.25 43.42 23.0 16.4 26.68 72.11 32.56 33.24 17.72 71.81 27.73 31.06 28.23 20.12 21.59 30.41 29.15 62.24 71.06 22.8 13.45 5.66 66.03 57.07 57.25 60.08 74.17 11.31 20.02 21.02 9.22 27.02 70.58 16.4 29.43 54.15 42.49 15.81 24.7 29.43 33.29 34.0 60.02 29.07 27.86 11.66 70.09 38.28 41.23 17.46 23.26 34.0 75.03 72.34 12.53 23.71 74.0 63.06 
83.29 26.83 83.49 60.21 38.48 65.51 31.14 93.77 8.06 37.16 88.23 19.03 42.72 31.76 62.17 0.0 56.44 70.21 29.83 61.98 56.8 56.75 13.6 34.13 30.0 78.31 29.41 43.27 92.54 35.01 70.26 56.72 31.78 35.34 13.6 13.45 84.93 70.03 59.2 14.87 23.54 31.78 31.26 14.76 69.12 69.77 46.96 52.95 55.0 22.85 48.04 91.59 10.63 38.6 74.33 38.12 32.76 89.2 95.21 2.24 43.17 35.06 70.52 8.6 43.93 30.41 60.83 45.65 31.26 19.8 21.95 53.14 40.01 17.69 28.0 
27.0 70.09 30.48 12.65 22.85 22.47 38.48 37.34 48.37 49.09 34.41 58.25 27.2 46.07 7.07 56.44 0.0 23.85 40.31 18.68 18.68 21.02 67.01 29.15 26.93 22.0 68.31 26.25 36.12 21.84 19.1 16.0 25.0 25.3 55.71 66.03 29.15 14.87 9.06 61.4 53.45 54.56 57.27 69.0 13.34 25.71 19.8 5.0 28.64 66.49 9.43 35.44 49.01 40.8 22.8 18.44 24.0 35.47 40.82 54.33 22.02 21.59 18.6 64.13 37.48 38.08 21.1 21.93 27.31 70.35 68.07 12.53 17.09 69.18 59.81 
24.41 89.05 41.23 12.04 44.69 5.1 60.0 34.66 62.59 71.59 42.72 76.97 29.07 67.8 26.25 70.21 23.85 0.0 61.61 8.25 42.05 14.04 82.71 50.61 41.11 21.93 88.12 49.58 32.53 36.77 7.07 13.6 42.94 46.4 65.0 82.01 34.01 15.03 31.38 78.77 73.43 76.03 78.49 84.4 17.0 45.54 43.42 28.6 52.35 85.09 25.81 36.62 65.46 63.66 38.01 34.89 42.06 21.19 46.53 68.45 27.17 37.16 35.06 76.42 60.96 59.41 43.66 45.45 39.05 87.28 86.16 36.36 32.2 85.73 80.26 
65.97 31.02 60.13 49.65 17.46 58.26 2.0 74.81 24.6 11.7 65.12 20.4 43.42 6.4 43.42 29.83 40.31 61.61 0.0 54.04 32.06 51.62 33.54 11.18 25.5 61.13 28.44 17.03 74.15 27.2 58.67 48.92 20.0 15.26 39.0 32.2 64.2 55.15 38.64 25.63 14.0 14.42 17.0 35.78 53.49 43.93 23.09 35.47 26.93 28.07 35.81 71.25 19.21 8.94 51.04 27.59 20.62 75.77 72.17 27.8 40.22 26.4 48.01 38.21 14.14 2.24 35.36 21.02 29.55 34.21 30.27 31.4 30.41 33.84 19.65 
28.43 80.96 42.05 6.08 37.48 4.24 52.5 39.41 54.34 64.35 44.42 68.88 21.38 60.31 23.0 61.98 18.68 8.25 54.04 0.0 37.36 6.71 74.46 43.19 32.89 24.76 80.13 43.01 37.44 28.64 10.3 5.39 34.99 38.95 57.04 73.76 36.4 15.81 27.29 70.58 65.51 68.41 70.8 76.16 17.0 43.01 37.22 22.85 47.17 76.97 18.38 40.31 57.25 56.64 37.11 26.93 34.13 28.44 49.2 60.21 19.03 29.07 33.54 68.26 54.41 51.86 39.62 39.12 30.81 79.06 78.0 31.02 24.19 77.49 72.4 
36.72 63.01 28.07 31.32 18.36 41.11 30.07 43.97 49.24 37.11 33.06 52.35 41.48 36.12 16.4 56.8 18.68 42.05 32.06 37.36 0.0 39.2 64.29 23.09 32.65 32.45 60.07 15.03 43.66 28.84 36.36 34.37 26.91 21.47 60.44 63.06 32.76 29.83 10.82 57.07 46.04 44.41 47.38 66.48 27.66 13.04 9.85 15.03 10.63 60.13 23.19 39.81 47.17 28.64 19.0 25.55 26.17 49.04 40.11 54.56 36.14 28.02 16.28 65.3 23.41 30.15 4.24 11.4 35.23 65.92 62.29 7.07 26.4 65.31 51.09 
35.0 77.03 47.51 10.3 36.06 9.0 50.25 46.04 49.34 62.48 50.22 65.0 15.03 58.0 26.68 56.75 21.02 14.04 51.62 6.71 39.2 0.0 69.57 41.23 28.65 31.14 76.55 42.49 44.1 25.0 17.0 5.1 31.89 37.01 51.01 68.95 42.52 21.93 30.07 66.21 62.2 65.8 68.01 71.17 22.8 46.53 37.34 24.19 48.27 72.95 17.46 46.75 52.8 55.22 41.79 24.04 31.14 34.93 55.32 55.08 13.6 25.61 37.95 62.65 53.71 49.52 42.01 39.0 26.0 74.46 73.79 32.39 21.21 72.8 69.2 
94.01 16.03 91.98 72.18 46.69 78.16 35.34 104.08 20.25 36.77 96.88 14.87 55.95 32.8 72.11 13.6 67.01 82.71 33.54 74.46 64.29 69.57 0.0 41.23 41.77 89.01 20.1 49.65 103.02 46.53 82.2 69.12 42.01 43.57 25.81 1.41 94.53 81.22 68.47 8.49 21.93 29.21 27.46 2.24 80.1 76.84 54.57 63.03 60.42 13.15 59.3 101.4 18.0 41.05 82.76 49.25 43.01 100.98 103.94 14.76 55.97 46.39 79.25 13.6 47.17 34.93 68.01 52.89 43.68 6.71 11.0 61.81 51.48 4.47 22.83 
55.11 41.44 50.8 38.6 6.32 47.42 9.43 64.28 27.02 21.26 55.73 30.02 34.79 17.2 32.56 34.13 29.15 50.61 11.18 43.19 23.09 41.23 41.23 0.0 18.03 50.22 39.29 9.22 63.51 18.03 47.51 38.18 11.18 4.24 39.82 40.02 54.0 44.01 28.07 34.23 24.52 25.55 28.18 43.42 42.38 35.85 13.34 24.35 21.21 38.12 24.84 61.01 24.17 14.32 41.59 17.49 11.4 64.62 62.8 31.91 30.87 17.09 38.21 42.72 15.0 8.94 26.93 11.7 22.09 43.19 40.01 21.0 20.25 42.43 30.68 
53.46 48.37 55.95 30.41 16.76 36.77 24.7 64.13 22.02 37.16 60.37 36.36 18.03 31.76 33.24 30.0 26.93 41.11 25.5 32.89 32.65 28.65 41.77 18.03 0.0 48.51 48.01 24.74 62.8 5.1 40.45 27.51 7.07 15.13 29.07 41.0 55.97 40.05 31.38 37.7 33.97 38.6 40.46 43.57 39.2 45.25 24.19 24.17 35.85 44.29 18.11 62.36 24.35 31.78 47.17 8.54 7.28 59.3 67.12 28.02 15.62 5.39 43.05 37.34 33.02 23.77 36.88 24.17 4.12 46.17 45.19 26.91 10.05 44.64 41.04 
5.0 91.59 20.02 21.63 43.93 25.24 59.2 15.81 70.26 68.54 20.88 79.91 43.91 66.41 17.72 78.31 22.0 21.93 61.13 24.76 32.45 31.14 89.01 50.22 48.51 0.0 89.5 45.31 14.32 43.42 15.26 27.2 47.0 46.69 76.66 88.02 12.08 9.43 22.85 83.29 74.73 74.95 77.79 91.0 9.49 29.68 38.63 26.17 42.8 88.12 30.41 15.62 71.01 60.01 19.7 40.2 46.0 17.03 24.7 76.24 39.81 43.29 18.6 85.84 55.47 58.94 31.89 40.85 48.27 92.27 89.81 30.08 38.47 91.14 80.78 
94.37 5.0 88.01 76.49 45.61 84.22 30.41 103.25 31.91 24.74 93.01 12.04 65.19 24.0 71.81 29.41 68.31 88.12 28.44 80.13 60.07 76.55 20.1 39.29 48.01 89.5 0.0 45.18 102.59 51.62 86.01 74.79 45.18 43.01 43.01 19.03 92.54 83.17 67.08 14.56 14.87 16.28 13.34 21.38 81.61 71.11 51.48 63.6 53.24 7.0 62.65 99.61 25.61 32.14 79.06 53.24 46.07 103.73 100.0 29.15 63.6 51.11 76.24 33.06 38.33 30.59 63.0 49.37 51.22 14.87 9.22 59.84 55.95 16.49 9.0 
49.98 48.0 43.1 37.64 8.06 47.2 15.03 58.25 36.24 23.26 48.09 37.34 39.2 21.38 27.73 43.27 26.25 49.58 17.03 43.01 15.03 42.49 49.65 9.22 24.74 45.31 45.18 0.0 57.72 23.02 45.34 38.59 17.72 9.85 48.92 48.38 47.38 40.5 22.47 42.2 31.02 29.83 32.76 51.87 38.59 27.2 6.71 21.26 12.04 45.1 25.06 54.45 33.12 14.76 34.01 21.1 17.46 60.9 55.15 41.05 34.53 22.02 31.06 51.87 11.4 15.13 18.44 4.47 28.44 50.99 47.27 15.23 23.35 50.45 36.22 
9.49 104.94 21.4 35.34 57.31 36.88 72.18 2.24 84.48 80.65 18.79 93.43 57.7 79.08 31.06 92.54 36.12 32.53 74.15 37.44 43.66 44.1 103.02 63.51 62.8 14.32 102.59 57.72 0.0 57.71 27.2 40.71 61.07 60.21 90.96 102.0 12.04 23.41 35.51 97.08 87.97 87.56 90.47 105.04 23.77 37.2 51.2 40.0 53.23 101.6 44.72 7.28 85.02 72.12 26.63 54.45 60.07 16.28 18.03 90.45 53.85 57.56 27.73 100.13 67.07 72.01 42.05 53.37 62.59 106.08 103.39 42.76 52.77 105.02 93.74 
48.37 52.33 51.11 25.71 15.0 32.65 26.08 59.03 27.0 38.59 55.47 40.25 16.76 33.6 28.23 35.01 21.84 36.77 27.2 28.64 28.84 25.0 46.53 18.03 5.1 43.42 51.62 23.02 57.71 0.0 35.69 23.26 7.21 14.32 34.01 45.71 50.92 35.01 26.63 42.06 37.2 41.04 43.14 48.37 34.13 41.11 21.19 19.24 33.24 48.33 13.04 57.28 28.86 32.31 42.44 3.61 6.71 54.45 62.17 33.0 13.04 1.0 38.28 42.43 32.56 25.24 33.02 21.59 6.4 50.7 49.4 22.67 5.0 49.24 44.2 
18.38 87.32 34.21 10.05 41.34 10.0 56.94 29.21 62.39 68.01 35.85 75.27 31.32 64.66 20.12 70.26 19.1 7.07 58.67 10.3 36.36 17.0 82.2 47.51 40.45 15.26 86.01 45.34 27.2 35.69 0.0 14.32 41.11 43.42 66.37 81.39 27.29 8.0 25.55 77.62 71.18 73.06 75.66 84.01 10.05 38.83 38.9 24.08 46.87 83.49 23.41 30.48 64.54 59.82 31.0 33.24 40.16 19.0 39.96 68.36 28.28 35.9 28.16 77.01 56.59 56.44 37.58 41.04 39.05 86.35 84.77 31.24 30.81 84.93 77.82 
31.38 75.58 42.72 5.66 32.65 9.43 47.42 42.54 49.03 59.41 45.61 63.51 17.09 55.23 21.59 56.72 16.0 13.6 48.92 5.39 34.37 5.1 69.12 38.18 27.51 27.2 74.79 38.59 40.71 23.26 14.32 0.0 29.68 33.94 52.15 68.41 38.18 17.8 25.02 65.19 60.21 63.25 65.6 70.83 18.38 41.44 33.11 19.42 43.68 71.59 13.6 42.8 51.87 51.86 36.77 21.63 28.84 33.14 50.93 54.92 14.04 23.71 32.89 63.13 49.93 46.75 37.05 34.89 25.5 73.68 72.62 27.66 18.87 72.12 67.12 
52.0 46.24 52.0 31.38 9.85 39.12 18.87 62.2 23.77 31.38 56.65 34.18 23.77 26.4 30.41 31.78 25.0 42.94 20.0 34.99 26.91 31.89 42.01 11.18 7.07 47.0 45.18 17.72 61.07 7.21 41.11 29.68 0.0 8.06 33.6 41.05 53.15 39.32 27.51 36.67 30.53 33.94 36.12 44.0 38.12 39.82 17.8 21.21 29.07 42.38 17.72 59.84 24.02 25.3 42.95 8.06 1.0 59.44 63.57 29.61 20.25 6.4 39.0 39.85 26.08 18.03 31.14 17.49 11.0 45.54 43.68 21.95 10.82 44.28 37.44 
51.62 44.91 48.51 34.41 3.16 43.19 13.6 61.07 27.78 25.5 53.37 33.24 31.05 21.4 29.15 35.34 25.3 46.4 15.26 38.95 21.47 37.01 43.57 4.24 15.13 46.69 43.01 9.85 60.21 14.32 43.42 33.94 8.06 0.0 39.6 42.43 51.09 40.16 25.02 37.01 28.16 29.68 32.25 45.71 38.6 34.48 11.66 20.62 21.63 41.44 20.62 58.03 25.96 18.36 39.29 13.42 8.0 60.75 60.42 33.11 26.93 13.34 35.69 43.83 18.25 13.04 25.55 10.63 19.03 46.01 43.19 18.25 16.12 45.1 34.54 
81.49 40.31 85.0 56.57 42.45 60.01 39.81 92.44 14.56 48.27 89.44 32.39 36.06 42.45 62.24 13.6 55.71 65.0 39.0 57.04 60.44 51.01 25.81 39.82 29.07 76.66 43.01 48.92 90.96 34.01 66.37 52.15 33.6 39.6 0.0 26.08 84.86 67.68 60.42 28.46 36.01 44.1 44.0 26.25 67.19 73.41 50.99 53.23 60.96 36.4 46.49 91.08 21.21 47.93 76.16 37.58 34.41 85.29 96.18 14.14 38.12 34.44 72.07 13.6 52.35 38.91 64.66 50.21 28.46 32.45 35.34 55.47 38.63 30.23 41.19 
93.02 15.13 90.8 71.39 45.54 77.49 34.01 103.04 19.7 35.36 95.71 13.45 55.46 31.4 71.06 13.45 66.03 82.01 32.2 73.76 63.06 68.95 1.41 40.02 41.0 88.02 19.03 48.38 102.0 45.71 81.39 68.41 41.05 42.43 26.08 0.0 93.43 80.31 67.36 7.07 20.52 27.8 26.08 3.61 79.16 75.58 53.37 62.01 59.09 12.04 58.42 100.32 17.03 39.66 81.58 48.37 42.05 100.13 102.77 14.42 55.36 45.54 78.09 14.32 45.79 33.62 66.76 51.66 43.01 6.4 10.05 60.67 50.64 4.24 21.47 
11.0 95.19 9.85 32.53 48.04 37.22 62.2 11.66 76.9 69.86 9.06 84.01 54.2 68.73 22.8 84.93 29.15 34.01 64.2 36.4 32.76 42.52 94.53 54.0 55.97 12.08 92.54 47.38 12.04 50.92 27.29 38.18 53.15 51.09 84.86 93.43 0.0 20.62 26.08 88.09 78.16 77.1 80.06 96.63 19.8 25.24 41.11 32.02 41.79 92.05 38.48 7.07 76.66 61.39 14.76 47.43 52.17 24.74 12.81 82.76 49.65 50.6 16.49 92.89 56.04 62.13 30.68 43.19 56.46 97.08 94.01 33.0 46.24 96.19 83.6 
13.93 84.9 26.57 12.21 37.7 17.09 53.31 25.08 62.01 63.63 28.65 73.01 34.48 60.84 13.45 70.03 14.87 15.03 55.15 15.81 29.83 21.93 81.22 44.01 40.05 9.43 83.17 40.5 23.41 35.01 8.0 17.8 39.32 40.16 67.68 80.31 20.62 0.0 19.1 75.95 68.31 69.35 72.09 83.15 2.24 31.05 33.84 19.7 40.46 81.25 22.0 25.0 63.29 55.23 23.0 32.02 38.33 20.62 33.42 68.01 30.46 35.0 20.22 77.32 51.4 52.92 30.53 36.06 39.46 84.85 82.76 25.61 30.02 83.6 74.67 
27.51 69.46 24.6 21.21 22.0 30.81 36.67 36.22 51.24 45.69 29.15 58.08 35.36 43.68 5.66 59.2 9.06 31.38 38.64 27.29 10.82 30.07 68.47 28.07 31.38 22.85 67.08 22.47 35.51 26.63 25.55 25.02 27.51 25.02 60.42 67.36 26.08 19.1 0.0 62.03 52.47 52.2 55.08 70.58 16.97 16.76 15.81 7.81 21.4 66.19 16.64 33.02 50.64 37.16 15.81 23.02 26.57 38.83 36.06 57.01 30.02 26.08 11.66 67.36 32.76 36.5 12.37 18.03 32.8 71.03 68.07 7.28 22.67 70.11 58.25 
88.28 12.21 85.0 67.72 40.05 74.46 27.51 98.02 18.38 28.28 89.94 6.4 53.54 24.41 66.03 14.87 61.4 78.77 25.63 70.58 57.07 66.21 8.49 34.23 37.7 83.29 14.56 42.2 97.08 42.06 77.62 65.19 36.67 37.01 28.46 7.07 88.09 75.95 62.03 0.0 13.45 20.81 19.24 10.63 74.67 69.38 47.52 57.14 52.55 8.06 54.34 95.05 13.42 32.76 75.8 44.38 37.66 96.1 97.02 14.76 52.77 41.76 72.44 19.1 38.95 27.2 60.64 45.71 40.25 9.0 7.81 55.15 46.84 8.25 14.87 
79.62 17.03 74.11 61.72 30.81 69.64 16.0 88.68 22.2 14.87 79.1 7.21 51.66 11.18 57.07 23.54 53.45 73.43 14.0 65.51 46.04 62.2 21.93 24.52 33.97 74.73 14.87 31.02 87.97 37.2 71.18 60.21 30.53 28.16 36.01 20.52 78.16 68.31 52.47 13.45 0.0 8.25 8.06 24.08 66.76 57.71 37.05 48.76 40.26 14.14 47.85 85.21 15.13 19.7 65.03 38.59 31.38 88.87 86.15 22.2 49.58 36.62 62.01 30.46 26.0 16.03 49.25 35.01 37.48 21.02 16.49 45.28 41.34 21.1 7.07 
79.7 20.25 72.11 64.07 31.76 72.62 16.12 88.07 30.02 8.54 77.1 14.42 56.61 8.54 57.25 31.78 54.56 76.03 14.42 68.41 44.41 65.8 29.21 25.55 38.6 74.95 16.28 29.83 87.56 41.04 73.06 63.25 33.94 29.68 44.1 27.8 77.1 69.35 52.2 20.81 8.25 0.0 3.0 31.24 67.62 55.01 36.4 49.66 37.05 18.87 50.22 84.17 23.0 16.0 63.29 41.77 34.66 89.96 84.05 30.41 53.91 40.31 60.67 38.63 22.09 16.64 47.1 34.21 42.44 27.02 21.63 44.92 44.6 27.59 7.62 
82.57 17.46 75.11 66.57 34.44 75.0 18.79 91.01 30.27 11.4 80.1 13.0 58.41 11.4 60.08 31.26 57.27 78.49 17.0 70.8 47.38 68.01 27.46 28.18 40.46 77.79 13.34 32.76 90.47 43.14 75.66 65.6 36.12 32.25 44.0 26.08 80.06 72.09 55.08 19.24 8.06 3.0 0.0 29.41 70.38 58.01 39.29 52.39 40.05 16.4 52.7 87.13 23.19 19.0 66.27 44.05 36.88 92.7 87.05 30.07 55.9 42.45 63.64 37.64 25.08 19.24 50.09 37.11 44.2 24.76 19.21 47.8 46.86 25.5 5.0 
96.0 17.03 94.15 73.98 48.84 79.81 37.58 106.12 21.84 38.9 99.04 16.97 57.38 35.0 74.17 14.76 69.0 84.4 35.78 76.16 66.48 71.17 2.24 43.42 43.57 91.0 21.38 51.87 105.04 48.37 84.01 70.83 44.0 45.71 26.25 3.61 96.63 83.15 70.58 10.63 24.08 31.24 29.41 0.0 82.05 79.06 56.75 65.07 62.65 14.56 61.2 103.48 20.02 43.27 84.93 51.16 45.0 102.83 106.1 16.16 57.57 48.26 81.39 13.42 49.4 37.16 70.21 55.08 45.35 7.07 12.17 63.95 53.34 5.0 24.7 
14.32 83.43 25.08 12.73 36.06 18.68 51.62 25.3 61.07 61.77 27.46 71.59 34.67 59.09 11.31 69.12 13.34 17.0 53.49 17.0 27.66 22.8 80.1 42.38 39.2 9.49 81.61 38.59 23.77 34.13 10.05 18.38 38.12 38.6 67.19 79.16 19.8 2.24 16.97 74.67 66.76 67.62 70.38 82.05 0.0 28.86 31.91 18.03 38.29 79.83 21.1 24.7 62.13 53.34 21.02 31.02 37.12 22.36 32.56 67.07 30.41 34.06 18.11 76.53 49.41 51.26 28.3 34.13 38.83 83.6 81.39 23.6 29.15 82.39 73.05 
32.65 74.43 17.72 37.05 31.38 46.04 41.98 36.89 62.27 47.04 22.56 64.33 51.89 47.17 20.02 69.77 25.71 45.54 43.93 43.01 13.04 46.53 76.84 35.85 45.25 29.68 71.11 27.2 37.2 41.11 38.83 41.44 39.82 34.48 73.41 75.58 25.24 31.05 16.76 69.38 57.71 55.01 58.01 79.06 28.86 0.0 22.83 24.17 18.03 71.85 33.11 31.76 60.01 39.01 10.63 37.64 39.05 46.62 29.27 67.54 46.52 40.36 11.18 78.29 33.02 42.2 8.94 24.17 47.51 78.1 74.15 18.44 38.01 77.62 62.13 
43.32 54.08 37.48 31.62 8.6 41.34 21.1 51.79 39.45 29.97 42.43 43.05 36.06 27.89 21.02 46.96 19.8 43.42 23.09 37.22 9.85 37.34 54.57 13.34 24.19 38.63 51.48 6.71 51.2 21.19 38.9 33.11 17.8 11.66 50.99 53.37 41.11 33.84 15.81 47.52 37.05 36.4 39.29 56.75 31.91 22.83 0.0 14.87 12.17 51.0 19.92 48.17 37.34 21.47 28.28 18.44 17.2 54.2 49.5 44.72 31.0 20.25 25.02 55.47 17.69 21.02 13.89 2.24 27.31 56.44 53.04 8.54 20.1 55.73 42.58 
31.14 65.51 31.91 17.0 18.03 26.83 33.62 41.05 44.91 44.1 36.24 53.76 27.73 41.15 9.22 52.95 5.0 28.6 35.47 22.85 15.03 24.19 63.03 24.35 24.17 26.17 63.6 21.26 40.0 19.24 24.08 19.42 21.21 20.62 53.23 62.01 32.02 19.7 7.81 57.14 48.76 49.66 52.39 65.07 18.03 24.17 14.87 0.0 24.35 61.98 8.94 38.64 45.04 35.81 23.43 15.65 20.22 40.31 42.95 50.8 22.36 18.79 19.21 60.88 32.53 33.24 18.11 16.97 25.24 66.12 63.64 8.25 15.0 65.03 55.03 
46.87 56.72 35.51 41.23 19.24 51.08 25.08 53.31 48.17 29.02 40.45 47.13 48.17 29.43 27.02 55.0 28.64 52.35 26.93 47.17 10.63 48.27 60.42 21.21 35.85 42.8 53.24 12.04 53.23 33.24 46.87 43.68 29.07 21.63 60.96 59.09 41.79 40.46 21.4 52.55 40.26 37.05 40.05 62.65 38.29 18.03 12.17 24.35 0.0 54.34 31.26 48.7 44.65 21.1 27.2 30.59 28.64 59.55 47.27 52.8 43.05 32.28 25.5 63.6 15.0 25.5 11.18 11.7 39.22 61.03 56.75 16.16 32.25 60.75 44.28 
93.06 4.24 88.2 73.74 44.28 80.96 30.07 102.4 26.25 27.29 93.19 8.25 60.8 25.0 70.58 22.85 66.49 85.09 28.07 76.97 60.13 72.95 13.15 38.12 44.29 88.12 7.0 45.1 101.6 48.33 83.49 71.59 42.38 41.44 36.4 12.04 92.05 81.25 66.19 8.06 14.14 18.87 16.4 14.56 79.83 71.85 51.0 61.98 54.34 0.0 60.08 99.08 20.62 33.53 79.1 50.33 43.32 101.65 100.24 22.83 59.68 47.93 76.01 26.08 39.85 30.02 63.39 49.01 47.17 8.6 2.83 59.08 52.92 9.85 11.4 
35.36 63.91 39.82 13.89 19.1 22.63 34.21 46.1 40.01 45.97 43.83 51.87 18.79 42.01 16.4 48.04 9.43 25.81 35.81 18.38 23.19 17.46 59.3 24.84 18.11 30.41 62.65 25.06 44.72 13.04 23.41 13.6 17.72 20.62 46.49 58.42 38.48 22.0 16.64 54.34 47.85 50.22 52.7 61.2 21.1 33.11 19.92 8.94 31.26 60.08 0.0 44.6 41.44 38.29 31.83 10.05 16.76 41.77 50.25 46.01 13.42 13.0 27.59 55.44 36.36 33.6 26.68 21.54 18.03 63.15 61.4 16.12 8.06 61.81 54.59 
12.21 102.24 14.87 37.2 55.01 40.46 69.26 5.83 83.55 76.9 11.66 91.02 59.36 75.8 29.43 91.59 35.44 36.62 71.25 40.31 39.81 46.75 101.4 61.01 62.36 15.62 99.61 54.45 7.28 57.28 30.48 42.8 59.84 58.03 91.08 100.32 7.07 25.0 33.02 95.05 85.21 84.17 87.13 103.48 24.7 31.76 48.17 38.64 48.7 99.08 44.6 0.0 83.49 68.45 21.54 53.85 58.86 23.02 11.05 89.44 55.07 57.01 23.54 99.46 63.06 69.18 37.64 50.25 62.63 104.04 101.02 40.01 52.5 103.12 90.67 
76.01 24.84 74.46 54.57 29.12 61.1 20.52 86.09 7.07 27.2 79.31 13.6 40.22 21.54 54.15 10.63 49.01 65.46 19.21 57.25 47.17 52.8 18.0 24.17 24.35 71.01 25.61 33.12 85.02 28.86 64.54 51.87 24.02 25.96 21.21 17.03 76.66 63.29 50.64 13.42 15.13 23.0 23.19 20.02 62.13 60.01 37.34 45.04 44.65 20.62 41.44 83.49 0.0 28.02 65.25 31.4 25.02 83.19 86.35 8.6 39.36 28.64 61.61 19.1 33.3 19.8 51.08 35.85 26.83 21.84 21.1 44.15 33.73 20.4 21.19 
64.62 35.69 56.14 51.62 19.21 60.88 8.25 72.53 33.54 8.54 61.13 26.83 49.04 8.54 42.49 38.6 40.8 63.66 8.94 56.64 28.64 55.22 41.05 14.32 31.78 60.01 32.14 14.76 72.12 32.31 59.82 51.86 25.3 18.36 47.93 39.66 61.39 55.23 37.16 32.76 19.7 16.0 19.0 43.27 53.34 39.01 21.47 35.81 21.1 33.53 38.29 68.45 28.02 0.0 47.38 31.76 25.63 75.66 68.07 36.62 45.19 31.38 44.91 46.86 6.32 9.22 31.14 19.24 35.9 40.72 36.06 29.97 34.48 40.71 23.19 
22.2 82.01 9.22 31.62 36.14 39.46 49.04 26.42 66.48 55.73 14.14 71.25 50.0 55.08 15.81 74.33 22.8 38.01 51.04 37.11 19.0 41.79 82.76 41.59 47.17 19.7 79.06 34.01 26.63 42.44 31.0 36.77 42.95 39.29 76.16 81.58 14.76 23.0 15.81 75.8 65.03 63.29 66.27 84.93 21.02 10.63 28.28 23.43 27.2 79.1 31.83 21.54 65.25 47.38 0.0 38.83 42.05 36.36 21.21 72.11 44.82 41.88 4.24 82.64 41.77 49.09 16.28 30.15 48.6 84.72 81.22 21.19 38.42 84.01 70.06 
45.18 54.23 47.51 23.41 13.34 31.06 26.25 55.73 30.07 38.6 51.88 42.15 18.11 33.97 24.7 38.12 18.44 34.89 27.59 26.93 25.55 24.04 49.25 17.49 8.54 40.2 53.24 21.1 54.45 3.61 33.24 21.63 8.06 13.42 37.58 48.37 47.43 32.02 23.02 44.38 38.59 41.77 44.05 51.16 31.02 37.64 18.44 15.65 30.59 50.33 10.05 53.85 31.4 31.76 38.83 0.0 7.21 51.79 58.6 36.06 13.6 3.16 34.67 45.71 31.32 25.5 29.68 19.1 9.9 53.15 51.55 19.21 2.83 51.79 45.49 
51.0 47.17 51.08 30.46 9.49 38.28 19.42 61.2 24.74 31.91 55.71 35.11 23.41 27.02 29.43 32.76 24.0 42.06 20.62 34.13 26.17 31.14 43.01 11.4 7.28 46.0 46.07 17.46 60.07 6.71 40.16 28.84 1.0 8.0 34.41 42.05 52.17 38.33 26.57 37.66 31.38 34.66 36.88 45.0 37.12 39.05 17.2 20.22 28.64 43.32 16.76 58.86 25.02 25.63 42.05 7.21 0.0 58.46 62.63 30.59 19.72 5.83 38.08 40.8 26.17 18.6 30.41 17.0 11.05 46.53 44.64 21.1 10.0 45.28 38.28 
14.32 105.36 34.48 29.02 58.31 26.25 73.93 18.44 81.3 84.12 33.38 93.41 49.82 81.44 33.29 89.2 35.47 21.19 75.77 28.44 49.04 34.93 100.98 64.62 59.3 17.03 103.73 60.9 16.28 54.45 19.0 33.14 59.44 60.75 85.29 100.13 24.74 20.62 38.83 96.1 88.87 89.96 92.7 102.83 22.36 46.62 54.2 40.31 59.55 101.65 41.77 23.02 83.19 75.66 36.36 51.79 58.46 0.0 34.06 87.28 47.17 54.59 35.61 96.01 71.56 73.54 48.8 56.44 58.03 104.92 103.08 45.79 49.5 103.58 95.27 
22.47 103.08 12.04 45.28 57.27 49.93 70.18 16.12 87.28 76.24 7.07 92.44 66.71 76.0 34.0 95.21 40.82 46.53 72.17 49.2 40.11 55.32 103.94 62.8 67.12 24.7 100.0 55.15 18.03 62.17 39.96 50.93 63.57 60.42 96.18 102.77 12.81 33.42 36.06 97.02 86.15 84.05 87.05 106.1 32.56 29.27 49.5 42.95 47.27 100.24 50.25 11.05 86.35 68.07 21.21 58.6 62.63 34.06 0.0 93.01 62.01 61.74 24.74 103.41 62.2 70.26 37.0 51.35 68.0 105.93 102.4 42.2 57.71 105.22 91.0 
81.22 26.93 81.27 58.31 36.25 63.79 29.07 91.66 6.0 35.47 86.02 18.25 41.23 29.97 60.02 2.24 54.33 68.45 27.8 60.21 54.56 55.08 14.76 31.91 28.02 76.24 29.15 41.05 90.45 33.0 68.36 54.92 29.61 33.11 14.14 14.42 82.76 68.01 57.01 14.76 22.2 30.41 30.07 16.16 67.07 67.54 44.72 50.8 52.8 22.83 46.01 89.44 8.6 36.62 72.11 36.06 30.59 87.28 93.01 0.0 41.48 33.02 68.31 10.82 41.87 28.32 58.59 43.42 29.43 20.62 22.2 50.92 38.0 18.6 27.07 
44.38 63.81 52.33 18.68 26.93 22.36 39.12 55.54 35.74 51.62 55.97 51.87 5.39 46.62 29.07 43.17 22.02 27.17 40.22 19.03 36.14 13.6 55.97 30.87 15.62 39.81 63.6 34.53 53.85 13.04 28.28 14.04 20.25 26.93 38.12 55.36 49.65 30.46 30.02 52.77 49.58 53.91 55.9 57.57 30.41 46.52 31.0 22.36 43.05 59.68 13.42 55.07 39.36 45.19 44.82 13.6 19.72 47.17 62.01 41.48 0.0 13.89 40.61 49.25 44.92 38.28 39.85 32.06 12.53 60.93 60.42 29.12 11.18 59.24 56.64 
48.26 51.89 50.61 25.96 14.0 33.12 25.24 58.86 27.02 37.74 55.01 39.81 17.72 32.8 27.86 35.06 21.59 37.16 26.4 29.07 28.02 25.61 46.39 17.09 5.39 43.29 51.11 22.02 57.56 1.0 35.9 23.71 6.4 13.34 34.44 45.54 50.6 35.0 26.08 41.76 36.62 40.31 42.45 48.26 34.06 40.36 20.25 18.79 32.28 47.93 13.0 57.01 28.64 31.38 41.88 3.16 5.83 54.59 61.74 33.02 13.89 0.0 37.74 42.58 31.58 24.41 32.2 20.62 7.21 50.45 49.04 21.93 5.1 49.03 43.6 
21.93 79.03 13.0 27.89 32.56 36.12 46.01 27.86 62.63 53.37 17.72 68.07 45.8 52.35 11.66 70.52 18.6 35.06 48.01 33.54 16.28 37.95 79.25 38.21 43.05 18.6 76.24 31.06 27.73 38.28 28.16 32.89 39.0 35.69 72.07 78.09 16.49 20.22 11.66 72.44 62.01 60.67 63.64 81.39 18.11 11.18 25.02 19.21 25.5 76.01 27.59 23.54 61.61 44.91 4.24 34.67 38.08 35.61 24.74 68.31 40.61 37.74 0.0 78.77 39.56 46.0 14.32 27.0 44.41 81.39 78.06 17.46 34.21 80.62 67.27 
90.8 29.43 91.76 67.0 46.96 71.57 39.6 101.43 16.16 44.78 96.46 24.74 48.05 39.66 70.09 8.6 64.13 76.42 38.21 68.26 65.3 62.65 13.6 42.72 37.34 85.84 33.06 51.87 100.13 42.43 77.01 63.13 39.85 43.83 13.6 14.32 92.89 77.32 67.36 19.1 30.46 38.63 37.64 13.42 76.53 78.29 55.47 60.88 63.6 26.08 55.44 99.46 19.1 46.86 82.64 45.71 40.8 96.01 103.41 10.82 49.25 42.58 78.77 0.0 52.35 38.9 69.35 54.2 38.01 20.25 24.33 61.47 47.38 18.03 33.73 
59.93 41.98 50.36 49.04 18.03 58.6 12.81 67.36 38.28 14.04 55.33 33.11 49.24 14.87 38.28 43.93 37.48 60.96 14.14 54.41 23.41 53.71 47.17 15.0 33.02 55.47 38.33 11.4 67.07 32.56 56.59 49.93 26.08 18.25 52.35 45.79 56.04 51.4 32.76 38.95 26.0 22.09 25.08 49.4 49.41 33.02 17.69 32.53 15.0 39.85 36.36 63.06 33.3 6.32 41.77 31.32 26.17 71.56 62.2 41.87 44.92 31.58 39.56 52.35 0.0 13.6 25.5 15.56 37.05 47.01 42.38 25.81 33.84 46.96 29.43 
63.79 33.06 58.22 47.43 15.23 56.08 1.0 72.69 24.7 13.42 63.2 22.2 41.59 8.49 41.23 30.41 38.08 59.41 2.24 51.86 30.15 49.52 34.93 8.94 23.77 58.94 30.59 15.13 72.01 25.24 56.44 46.75 18.03 13.04 38.91 33.62 62.13 52.92 36.5 27.2 16.03 16.64 19.24 37.16 51.26 42.2 21.02 33.24 25.5 30.02 33.6 69.18 19.8 9.22 49.09 25.5 18.6 73.54 70.26 28.32 38.28 24.41 46.0 38.9 13.6 0.0 33.54 19.0 27.86 35.9 32.14 29.27 28.32 35.44 21.84 
35.81 66.12 25.02 33.54 22.47 43.17 33.38 42.15 53.34 39.46 30.02 55.73 45.22 39.0 17.46 60.83 21.1 43.66 35.36 39.62 4.24 42.01 68.01 26.93 36.88 31.89 63.0 18.44 42.05 33.02 37.58 37.05 31.14 25.55 64.66 66.76 30.68 30.53 12.37 60.64 49.25 47.1 50.09 70.21 28.3 8.94 13.89 18.11 11.18 63.39 26.68 37.64 51.08 31.14 16.28 29.68 30.41 48.8 37.0 58.59 39.85 32.2 14.32 69.35 25.5 33.54 0.0 15.23 39.41 69.43 65.62 10.77 30.41 68.88 54.0 
45.54 52.04 39.32 33.6 7.81 43.27 19.03 53.94 38.28 27.73 44.28 41.11 37.0 25.71 23.26 45.65 21.93 45.45 21.02 39.12 11.4 39.0 52.89 11.7 24.17 40.85 49.37 4.47 53.37 21.59 41.04 34.89 17.49 10.63 50.21 51.66 43.19 36.06 18.03 45.71 35.01 34.21 37.11 55.08 34.13 24.17 2.24 16.97 11.7 49.01 21.54 50.25 35.85 19.24 30.15 19.1 17.0 56.44 51.35 43.42 32.06 20.62 27.0 54.2 15.56 19.0 15.23 0.0 27.51 54.59 51.09 10.77 21.0 53.94 40.45 
53.15 51.31 57.14 29.02 20.4 34.48 28.79 64.03 23.54 41.23 61.4 39.41 14.21 35.78 34.0 31.26 27.31 39.05 29.55 30.81 35.23 26.0 43.68 22.09 4.12 48.27 51.22 28.44 62.59 6.4 39.05 25.5 11.0 19.03 28.46 43.01 56.46 39.46 32.8 40.25 37.48 42.44 44.2 45.35 38.83 47.51 27.31 25.24 39.22 47.17 18.03 62.63 26.83 35.9 48.6 9.9 11.05 58.03 68.0 29.43 12.53 7.21 44.41 38.01 37.05 27.86 39.41 27.51 0.0 48.47 47.89 29.07 10.3 46.82 44.55 
97.25 10.2 93.9 76.4 49.04 82.87 36.14 107.02 25.55 35.23 98.86 13.93 61.29 32.2 75.03 19.8 70.35 87.28 34.21 79.06 65.92 74.46 6.71 43.19 46.17 92.27 14.87 50.99 106.08 50.7 86.35 73.68 45.54 46.01 32.45 6.4 97.08 84.85 71.03 9.0 21.02 27.02 24.76 7.07 83.6 78.1 56.44 66.12 61.03 8.6 63.15 104.04 21.84 40.72 84.72 53.15 46.53 104.92 105.93 20.62 60.93 50.45 81.39 20.25 47.01 35.9 69.43 54.59 48.47 0.0 5.83 64.12 55.54 2.24 19.8 
94.76 5.1 90.35 74.95 46.1 81.94 32.25 104.24 26.17 30.02 95.34 10.0 61.29 27.51 72.34 21.95 68.07 86.16 30.27 78.0 62.29 73.79 11.0 40.01 45.19 89.81 9.22 47.27 103.39 49.4 84.77 72.62 43.68 43.19 35.34 10.05 94.01 82.76 68.07 7.81 16.49 21.63 19.21 12.17 81.39 74.15 53.04 63.64 56.75 2.83 61.4 101.02 21.1 36.06 81.22 51.55 44.64 103.08 102.4 22.2 60.42 49.04 78.06 24.33 42.38 32.14 65.62 51.09 47.89 5.83 0.0 61.01 54.08 7.28 14.21 
34.79 62.29 30.36 25.08 15.13 34.93 29.43 43.42 45.31 38.48 35.17 51.01 34.48 36.4 12.53 53.14 12.53 36.36 31.4 31.02 7.07 32.39 61.81 21.0 26.91 30.08 59.84 15.23 42.76 22.67 31.24 27.66 21.95 18.25 55.47 60.67 33.0 25.61 7.28 55.15 45.28 44.92 47.8 63.95 23.6 18.44 8.54 8.25 16.16 59.08 16.12 40.01 44.15 29.97 21.19 19.21 21.1 45.79 42.2 50.92 29.12 21.93 17.46 61.47 25.81 29.27 10.77 10.77 29.07 64.12 61.01 0.0 19.72 63.29 50.99 
43.42 56.86 46.87 20.88 15.81 28.3 29.07 54.13 32.0 41.4 51.11 44.78 16.0 36.8 23.71 40.01 17.09 32.2 30.41 24.19 26.4 21.21 51.48 20.25 10.05 38.47 55.95 23.35 52.77 5.0 30.81 18.87 10.82 16.12 38.63 50.64 46.24 30.02 22.67 46.84 41.34 44.6 46.86 53.34 29.15 38.01 20.1 15.0 32.25 52.92 8.06 52.5 33.73 34.48 38.42 2.83 10.0 49.5 57.71 38.0 11.18 5.1 34.21 47.38 33.84 28.32 30.41 21.0 10.3 55.54 54.08 19.72 0.0 54.13 48.26 
96.13 12.04 93.21 74.95 48.17 81.27 35.74 106.0 23.71 35.61 98.15 13.89 59.48 32.25 74.0 17.69 69.18 85.73 33.84 77.49 65.31 72.8 4.47 42.43 44.64 91.14 16.49 50.45 105.02 49.24 84.93 72.12 44.28 45.1 30.23 4.24 96.19 83.6 70.11 8.25 21.1 27.59 25.5 5.0 82.39 77.62 55.73 65.03 60.75 9.85 61.81 103.12 20.4 40.71 84.01 51.79 45.28 103.58 105.22 18.6 59.24 49.03 80.62 18.03 46.96 35.44 68.88 53.94 46.82 2.24 7.28 63.29 54.13 0.0 20.62 
85.62 12.65 79.01 68.48 37.0 76.55 21.59 94.37 28.16 16.16 84.01 9.06 58.73 15.0 63.06 28.0 59.81 80.26 19.65 72.4 51.09 69.2 22.83 30.68 41.04 80.78 9.0 36.22 93.74 44.2 77.82 67.12 37.44 34.54 41.19 21.47 83.6 74.67 58.25 14.87 7.07 7.62 5.0 24.7 73.05 62.13 42.58 55.03 44.28 11.4 54.59 90.67 21.19 23.19 70.06 45.49 38.28 95.27 91.0 27.07 56.64 43.6 67.27 33.73 29.43 21.84 54.0 40.45 44.55 19.8 14.21 50.99 48.26 20.62 0.0 
