60
0.0 49.77 50.91 31.02 54.2 57.08 20.22 13.6 8.54 35.06 31.3 45.65 56.85 62.77 37.11 49.65 20.12 34.21 24.02 41.77 20.25 46.1 27.2 26.93 39.01 29.15 34.44 63.41 27.59 26.57 48.85 42.45 22.47 70.21 47.93 5.66 39.36 61.29 21.95 17.8 39.05 13.34 30.23 35.51 38.9 4.0 53.76 58.31 39.0 26.4 23.0 47.04 11.4 47.17 52.39 38.6 53.01 15.81 26.08 23.09 
49.77 0.0 55.9 57.87 63.35 19.42 49.01 63.07 55.95 72.25 18.68 41.44 55.04 15.26 77.78 47.27 52.33 67.48 62.24 21.63 57.04 4.0 22.83 22.85 73.41 57.56 15.52 20.4 27.02 70.43 38.01 69.46 69.34 24.6 2.0 47.89 32.25 12.81 71.59 48.1 72.8 39.66 63.29 65.92 80.62 51.43 19.31 41.77 74.03 43.01 62.29 21.02 41.34 2.83 2.83 79.91 50.09 34.48 29.0 28.6 
50.91 55.9 0.0 80.21 7.62 44.29 68.24 54.71 48.01 38.01 50.64 14.56 8.0 70.34 45.0 9.43 32.45 84.96 37.0 67.48 70.84 55.33 45.12 47.3 35.13 78.6 51.24 76.3 58.52 46.32 19.24 25.5 50.92 79.81 55.58 45.25 73.25 67.45 60.42 33.3 34.13 40.22 80.81 85.91 48.01 48.17 73.06 22.8 36.12 25.0 38.28 35.74 41.4 53.6 58.25 47.01 8.6 50.54 35.44 40.16 
31.02 57.87 80.21 0.0 84.38 72.8 12.04 37.0 37.85 64.63 41.79 72.12 85.15 65.07 65.03 77.16 51.08 10.2 54.34 39.05 12.0 53.94 42.54 40.71 69.05 2.0 44.27 61.81 31.32 54.04 73.76 73.38 48.01 69.05 55.9 36.25 29.61 65.0 40.79 48.3 69.23 40.0 7.21 8.06 66.01 34.79 50.64 82.62 68.88 55.22 53.15 65.76 38.83 56.29 59.54 66.0 80.72 31.24 48.27 43.42 
54.2 63.35 7.62 84.38 0.0 51.88 72.56 56.22 50.21 35.9 57.22 22.14 13.04 77.88 42.58 17.0 34.66 88.41 37.22 74.17 74.4 62.65 51.48 53.6 32.25 82.68 58.03 83.74 64.54 45.69 26.83 22.09 51.0 87.36 62.97 48.6 79.43 75.0 61.06 36.4 31.26 44.72 84.4 89.63 45.4 51.09 80.22 29.7 33.24 29.55 38.59 43.32 45.65 61.0 65.73 44.41 15.62 55.71 41.59 46.1 
57.08 19.42 44.29 72.8 51.88 0.0 62.36 68.88 61.0 70.18 31.02 30.23 41.11 29.15 76.66 34.89 52.39 81.61 62.17 40.31 69.43 21.93 31.4 32.76 70.0 72.11 28.64 36.67 41.63 71.69 25.06 63.66 72.42 38.0 20.62 53.46 50.45 26.17 77.28 49.04 69.2 44.41 77.2 80.65 79.76 57.43 38.47 25.18 70.8 40.71 62.65 11.18 46.39 19.1 20.12 78.89 36.77 44.41 31.4 34.01 
20.22 49.01 68.24 12.04 72.56 62.36 0.0 29.12 28.0 55.01 31.58 60.11 73.11 58.25 56.32 65.12 39.85 19.31 44.18 32.89 8.54 45.01 31.38 29.73 59.14 10.63 34.37 56.3 22.0 45.4 61.85 62.59 40.02 63.57 47.01 25.0 25.81 57.71 34.89 36.77 59.21 28.02 14.87 18.87 57.71 24.19 45.31 70.8 59.08 43.27 43.1 54.63 26.93 47.1 51.01 57.56 68.68 19.42 36.4 31.62 
13.6 63.07 54.71 37.0 56.22 68.88 29.12 0.0 8.0 28.46 44.78 52.89 61.72 76.32 28.07 55.71 22.36 36.4 20.0 55.15 25.0 59.48 40.31 40.25 33.24 35.0 47.89 77.01 41.04 17.12 57.07 39.66 11.05 83.82 61.27 15.52 51.87 74.79 8.54 22.8 33.62 24.52 33.54 38.83 29.02 11.7 67.27 66.49 32.89 32.98 18.6 58.31 22.56 60.42 65.74 29.0 58.69 29.41 37.48 35.44 
8.54 55.95 48.01 37.85 50.21 61.0 28.0 8.0 0.0 27.02 38.01 45.22 54.71 69.63 28.64 48.33 15.62 39.36 16.49 49.82 26.25 52.48 33.12 33.29 31.26 35.9 41.05 70.84 35.61 18.03 49.24 35.85 14.21 77.47 54.2 8.06 47.85 67.96 16.28 15.23 31.4 16.76 35.85 41.23 30.36 5.0 61.55 58.69 31.14 25.3 15.3 50.36 14.87 53.24 58.67 30.08 51.43 23.35 29.61 27.86 
35.06 72.25 38.01 64.63 35.9 70.18 55.01 28.46 27.02 0.0 57.45 43.97 46.01 87.32 7.07 43.57 20.25 64.85 11.4 72.5 52.77 69.66 51.31 52.48 5.0 62.65 59.91 90.44 58.87 12.21 49.65 14.32 18.87 96.21 70.94 31.58 72.8 85.04 29.41 24.7 5.66 35.34 61.85 67.19 10.2 31.06 82.86 57.49 4.47 29.83 12.17 59.08 34.54 69.43 75.07 9.22 45.18 46.49 43.28 44.65 
31.3 18.68 50.64 41.79 57.22 31.02 31.58 44.78 38.01 57.45 0.0 37.95 52.5 31.62 62.2 43.97 37.22 50.7 46.62 17.0 39.12 14.87 6.32 5.0 59.48 41.11 3.16 33.3 10.82 53.76 37.12 57.57 51.86 39.62 16.76 30.0 23.26 30.02 53.24 32.76 59.03 22.67 46.32 49.65 64.82 33.29 25.5 44.41 59.94 30.81 46.4 24.84 24.04 16.28 21.19 64.2 47.43 15.81 16.12 13.0 
45.65 41.44 14.56 72.12 22.14 30.23 60.11 52.89 45.22 43.97 37.95 0.0 14.56 55.79 50.96 6.08 31.26 78.24 39.05 54.34 64.2 41.05 33.11 35.34 42.54 70.72 38.08 61.81 46.96 49.09 5.83 34.67 52.09 65.25 41.19 40.25 61.1 52.89 60.02 30.08 41.63 33.02 73.88 78.64 54.12 43.86 59.01 14.0 43.46 19.92 40.01 21.19 34.67 39.2 43.74 53.16 9.49 41.11 24.41 29.41 
56.85 55.04 8.0 85.15 13.04 41.11 73.11 61.72 54.71 46.01 52.5 14.56 0.0 68.73 53.0 8.54 39.36 90.52 44.64 68.88 76.38 55.04 47.54 49.77 43.1 83.63 52.63 75.24 61.33 54.13 17.03 33.38 58.52 78.09 55.0 51.22 75.61 65.76 67.78 39.66 42.11 45.28 86.27 91.24 56.01 54.41 73.17 17.2 44.1 30.48 45.88 34.13 46.67 53.0 57.14 55.01 5.1 54.64 38.47 43.42 
62.77 15.26 70.34 65.07 77.88 29.15 58.25 76.32 69.63 87.32 31.62 55.79 68.73 0.0 92.7 61.39 67.27 75.17 77.1 26.02 66.71 17.69 36.88 36.4 88.6 65.19 28.6 8.06 37.0 84.96 51.79 84.72 83.41 9.49 16.4 61.61 36.12 3.0 84.72 62.97 88.01 53.91 71.34 73.03 95.48 64.9 15.81 54.0 89.2 58.25 77.08 34.71 55.44 18.03 12.53 94.79 63.95 47.01 44.05 43.14 
37.11 77.78 45.0 65.03 42.58 76.66 56.32 28.07 28.64 7.07 62.2 50.96 53.0 92.7 0.0 50.64 25.46 64.13 15.62 76.54 53.04 75.01 56.22 57.2 10.44 63.03 64.82 95.43 62.61 11.0 56.61 20.62 17.26 101.41 76.38 34.54 75.96 90.52 26.93 29.73 11.4 39.66 61.52 66.75 3.16 33.24 87.37 64.54 9.49 36.06 15.81 65.51 38.59 74.95 80.61 2.24 52.24 50.09 48.8 49.68 
49.65 47.27 9.43 77.16 17.0 34.89 65.12 55.71 48.33 43.57 43.97 6.08 8.54 61.39 50.64 0.0 33.53 82.88 40.2 60.42 68.77 47.01 39.0 41.23 41.48 75.69 44.15 67.6 52.8 50.09 9.85 32.7 53.76 70.83 47.1 44.1 67.07 58.46 62.36 33.11 40.52 37.54 78.57 83.45 53.76 47.51 65.03 14.32 42.45 23.32 41.3 26.68 39.05 45.1 49.5 52.77 3.61 46.4 30.02 34.99 
20.12 52.33 32.45 51.08 34.66 52.39 39.85 22.36 15.62 20.25 37.22 31.26 39.36 67.27 25.46 33.53 0.0 54.08 10.0 52.55 40.31 49.58 31.06 32.25 22.47 49.24 39.66 70.21 39.29 19.31 36.01 23.09 21.02 76.06 50.93 14.87 53.76 65.07 28.86 4.47 22.14 15.52 50.25 55.57 28.32 16.64 62.65 45.18 22.85 12.17 10.3 41.23 15.13 49.5 55.15 27.59 36.4 27.29 23.35 24.41 
34.21 67.48 84.96 10.2 88.41 81.61 19.31 36.4 39.36 64.85 50.7 78.24 90.52 75.17 64.13 82.88 54.08 0.0 55.54 49.16 14.14 63.51 50.7 49.04 69.57 10.0 53.37 72.01 40.61 53.37 80.45 75.15 46.87 79.25 65.49 39.82 39.81 75.03 38.05 52.01 69.89 45.34 4.47 3.61 64.63 37.44 60.83 89.59 69.26 60.11 54.23 73.93 43.86 65.76 69.26 64.78 86.37 38.47 55.23 50.61 
24.02 62.24 37.0 54.34 37.22 62.17 44.18 20.0 16.49 11.4 46.62 39.05 44.64 77.1 15.62 40.2 10.0 55.54 0.0 61.27 42.72 59.41 40.61 41.62 15.0 52.39 49.2 79.81 47.54 10.05 44.28 19.72 13.93 85.8 60.81 20.22 61.4 74.95 23.85 14.14 15.03 24.19 52.2 57.58 18.38 20.02 71.87 53.04 15.03 21.54 1.41 50.99 23.26 59.41 65.07 17.69 42.58 35.11 33.3 34.06 
41.77 21.63 67.48 39.05 74.17 40.31 32.89 55.15 49.82 72.5 17.0 54.34 68.88 26.02 76.54 60.42 52.55 49.16 61.27 0.0 41.44 18.44 23.09 21.21 75.03 39.2 16.28 23.41 14.21 67.12 52.81 73.98 64.03 30.68 20.0 42.44 10.77 26.08 63.03 48.1 74.67 37.16 45.4 47.01 78.89 44.82 12.53 59.03 75.39 47.52 60.83 38.08 38.01 21.26 22.36 78.39 63.79 26.63 33.06 29.43 
20.25 57.04 70.84 12.0 74.4 69.43 8.54 25.0 26.25 52.77 39.12 64.2 76.38 66.71 53.04 68.77 40.31 14.14 42.72 41.44 0.0 53.04 38.08 36.67 57.27 10.0 42.05 64.85 30.15 42.05 66.57 62.03 36.01 72.11 55.04 25.81 34.13 66.1 29.12 38.01 57.49 31.24 10.0 15.26 54.01 23.71 53.85 75.8 57.07 45.97 41.48 61.03 29.73 55.0 59.14 54.0 72.25 25.3 41.59 37.16 
46.1 4.0 55.33 53.94 62.65 21.93 45.01 59.48 52.48 69.66 14.87 41.05 55.04 17.69 75.01 47.01 49.58 63.51 59.41 18.44 53.04 0.0 19.42 19.24 71.03 53.6 11.7 21.54 23.02 67.36 38.12 67.54 66.03 26.63 2.0 44.42 28.84 15.62 67.98 45.28 70.46 36.4 59.3 61.98 77.79 47.89 18.25 42.72 71.61 40.82 59.4 21.59 38.01 2.83 6.32 77.1 50.01 30.68 26.4 25.5 
27.2 22.83 45.12 42.54 51.48 31.4 31.38 40.31 33.12 51.31 6.32 33.11 47.54 36.88 56.22 39.0 31.06 50.7 40.61 23.09 38.08 19.42 0.0 2.24 53.24 41.59 8.6 39.2 13.89 48.1 33.02 51.24 46.62 45.28 21.1 25.06 28.16 35.0 48.85 26.63 52.77 17.03 46.24 50.09 58.9 28.64 31.78 41.04 53.71 24.52 40.46 23.26 18.6 20.12 25.55 58.26 42.54 13.04 10.0 6.71 
26.93 22.85 47.3 40.71 53.6 32.76 29.73 40.25 33.29 52.48 5.0 35.34 49.77 36.4 57.2 41.23 32.25 49.04 41.62 21.21 36.67 19.24 2.24 0.0 54.56 39.81 7.81 38.29 11.66 48.8 35.23 52.89 47.01 44.55 21.02 25.24 25.96 34.67 48.75 27.78 54.13 17.69 44.6 48.33 59.82 28.65 30.41 43.19 55.01 26.31 41.4 25.06 19.1 20.25 25.5 59.2 44.78 12.04 12.04 8.25 
39.01 73.41 35.13 69.05 32.25 70.0 59.14 33.24 31.26 5.0 59.48 42.54 43.1 88.6 10.44 41.48 22.47 69.57 15.0 75.03 57.27 71.03 53.24 54.56 0.0 67.08 61.77 92.11 61.68 17.2 48.33 10.2 23.85 97.65 72.2 35.13 75.93 86.21 34.41 26.93 1.0 37.95 66.48 71.84 13.15 35.01 84.97 55.66 1.0 30.48 16.03 59.03 37.36 70.6 76.22 12.17 42.76 49.48 44.65 46.53 
29.15 57.56 78.6 2.0 82.68 72.11 10.63 35.0 35.9 62.65 41.11 70.72 83.63 65.19 63.03 75.69 49.24 10.0 52.39 39.2 10.0 53.6 41.59 39.81 67.08 0.0 43.68 62.17 30.81 52.04 72.47 71.47 46.01 69.43 55.58 34.44 30.08 65.03 38.83 46.53 67.27 38.42 6.32 8.54 64.01 32.89 50.99 81.4 66.91 53.6 51.2 64.85 37.2 55.9 59.3 64.0 79.25 30.0 47.01 42.2 
34.44 15.52 51.24 44.27 58.03 28.64 34.37 47.89 41.05 59.91 3.16 38.08 52.63 28.6 64.82 44.15 39.66 53.37 49.2 16.28 42.05 11.7 8.6 7.81 61.77 43.68 0.0 30.61 13.0 56.57 36.77 59.46 54.82 36.77 13.6 33.02 23.85 26.93 56.36 35.23 61.29 25.46 49.03 52.2 67.48 36.36 23.41 43.57 62.27 32.57 49.04 23.35 26.91 13.15 18.03 66.84 47.54 18.97 17.72 15.26 
63.41 20.4 76.3 61.81 83.74 36.67 56.3 77.01 70.84 90.44 33.3 61.81 75.24 8.06 95.43 67.6 70.21 72.01 79.81 23.41 64.85 21.54 39.2 38.29 92.11 62.17 30.61 0.0 36.36 87.05 58.22 89.0 84.9 7.28 20.88 62.97 32.25 10.77 85.21 65.8 91.59 55.97 68.45 69.58 98.08 65.95 11.18 61.13 92.65 62.18 79.65 41.11 57.31 22.8 18.11 97.45 70.35 47.63 47.51 45.8 
27.59 27.02 58.52 31.32 64.54 41.63 22.0 41.04 35.61 58.87 10.82 46.96 61.33 37.0 62.61 52.8 39.29 40.61 47.54 14.21 30.15 23.02 13.89 11.66 61.68 30.81 13.0 36.36 0.0 53.0 46.87 61.52 49.82 43.42 25.02 28.3 15.03 36.14 49.04 34.93 61.4 23.77 36.35 39.29 64.88 30.61 26.25 54.67 61.98 36.06 47.01 35.61 24.35 25.18 29.02 64.41 56.36 12.53 23.09 18.44 
26.57 70.43 46.32 54.04 45.69 71.69 45.4 17.12 18.03 12.21 53.76 49.09 54.13 84.96 11.0 50.09 19.31 53.37 10.05 67.12 42.05 67.36 48.1 48.8 17.2 52.04 56.57 87.05 53.0 0.0 54.33 25.61 6.71 93.34 68.88 24.7 65.8 82.98 17.2 22.83 17.8 31.11 50.64 55.9 12.37 22.85 78.41 63.07 16.64 31.32 9.22 60.54 29.73 67.62 73.25 12.17 52.35 40.5 41.88 41.87 
48.85 38.01 19.24 73.76 26.83 25.06 61.85 57.07 49.24 49.65 37.12 5.83 17.03 51.79 56.61 9.85 36.01 80.45 44.28 52.81 66.57 38.12 33.02 35.23 48.33 72.47 36.77 58.22 46.87 54.33 0.0 40.5 57.0 61.19 38.01 43.66 60.37 48.84 64.5 34.37 47.42 35.78 76.03 80.6 59.77 47.43 56.32 9.49 49.24 24.19 45.18 17.12 37.58 36.01 40.11 58.82 12.17 42.52 25.5 30.41 
42.45 69.46 25.5 73.38 22.09 63.66 62.59 39.66 35.85 14.32 57.57 34.67 33.38 84.72 20.62 32.7 23.09 75.15 19.72 73.98 62.03 67.54 51.24 52.89 10.2 71.47 59.46 89.0 61.52 25.61 40.5 0.0 31.83 94.02 68.48 37.66 76.32 82.15 42.43 27.0 9.22 38.05 71.69 77.08 23.35 38.6 82.87 47.01 11.18 26.93 21.1 53.08 38.0 66.73 72.2 22.36 33.53 50.04 41.79 44.64 
22.47 69.34 50.92 48.01 51.0 72.42 40.02 11.05 14.21 18.87 51.86 52.09 58.52 83.41 17.26 53.76 21.02 46.87 13.93 64.03 36.01 66.03 46.62 47.01 23.85 46.01 54.82 84.9 49.82 6.71 57.0 31.83 0.0 91.44 67.68 21.93 61.77 81.61 10.63 23.54 24.41 29.68 44.28 49.5 18.0 19.21 75.74 66.07 23.32 33.14 12.65 61.4 28.02 66.57 72.11 18.03 56.29 37.54 41.63 40.82 
70.21 24.6 79.81 69.05 87.36 38.0 63.57 83.82 77.47 96.21 39.62 65.25 78.09 9.49 101.41 70.83 76.06 79.25 85.8 30.68 72.11 26.63 45.28 44.55 97.65 69.43 36.77 7.28 43.42 93.34 61.19 94.02 91.44 0.0 25.55 69.53 39.46 12.37 92.09 71.7 97.08 62.23 75.71 76.79 104.14 72.62 18.44 63.07 98.23 67.42 85.7 44.15 63.66 27.29 21.93 103.48 73.35 54.41 53.01 51.74 
47.93 2.0 55.58 55.9 62.97 20.62 47.01 61.27 54.2 70.94 16.76 41.19 55.0 16.4 76.38 47.1 50.93 65.49 60.81 20.0 55.04 2.0 21.1 21.02 72.2 55.58 13.6 20.88 25.02 68.88 38.01 68.48 67.68 25.55 0.0 46.14 30.53 14.14 69.78 46.67 71.61 38.01 61.29 63.95 79.2 49.65 18.68 42.2 72.8 41.88 60.83 21.21 39.66 2.0 4.47 78.49 50.01 32.57 27.66 27.02 
5.66 47.89 45.25 36.25 48.6 53.46 25.0 15.52 8.06 31.58 30.0 40.25 51.22 61.61 34.54 44.1 14.87 39.82 20.22 42.44 25.81 44.42 25.06 25.24 35.13 34.44 33.02 62.97 28.3 24.7 43.66 37.66 21.93 69.53 46.14 0.0 41.44 59.91 24.04 12.21 35.06 9.06 35.81 41.05 36.67 4.0 53.91 53.14 35.23 20.81 19.42 43.05 7.07 45.18 50.61 36.25 47.43 15.81 22.09 19.92 
39.36 32.25 73.25 29.61 79.43 50.45 25.81 51.87 47.85 72.8 23.26 61.1 75.61 36.12 75.96 67.07 53.76 39.81 61.4 10.77 34.13 28.84 28.16 25.96 75.93 30.08 23.85 32.25 15.03 65.8 60.37 76.32 61.77 39.46 30.53 41.44 0.0 36.5 59.03 49.5 75.71 38.33 36.4 37.34 78.0 42.95 21.1 67.42 76.16 51.09 60.73 47.01 38.64 31.62 33.11 77.62 70.58 26.48 37.85 33.38 
61.29 12.81 67.45 65.0 75.0 26.17 57.71 74.79 67.96 85.04 30.02 52.89 65.76 3.0 90.52 58.46 65.07 75.03 74.95 26.08 66.1 15.62 35.0 34.67 86.21 65.03 26.93 10.77 36.14 82.98 48.84 82.15 81.61 12.37 14.14 59.91 36.5 0.0 83.24 60.81 85.6 52.01 71.11 73.01 93.34 63.29 17.0 51.0 86.83 55.8 74.97 31.78 53.6 15.62 10.0 92.63 61.0 45.62 41.77 41.11 
21.95 71.59 60.42 40.79 61.06 77.28 34.89 8.54 16.28 29.41 53.24 60.02 67.78 84.72 26.93 62.36 28.86 38.05 23.85 63.03 29.12 67.98 48.85 48.75 34.41 38.83 56.36 85.21 49.04 17.2 64.5 42.43 10.63 92.09 69.78 24.04 59.03 83.24 0.0 30.15 35.0 32.98 36.06 41.0 26.93 20.25 75.29 73.82 33.84 40.31 22.47 66.61 31.05 68.94 74.25 27.2 65.15 37.74 45.89 43.97 
17.8 48.1 33.3 48.3 36.4 49.04 36.77 22.8 15.23 24.7 32.76 30.08 39.66 62.97 29.73 33.11 4.47 52.01 14.14 48.1 38.01 45.28 26.63 27.78 26.93 46.53 35.23 65.8 34.93 22.83 34.37 27.0 23.54 71.7 46.67 12.21 49.5 60.81 30.15 0.0 26.57 11.18 48.01 53.25 32.53 14.87 58.18 43.74 27.31 10.2 14.21 37.95 11.0 45.28 50.93 31.83 36.24 23.09 19.21 20.0 
39.05 72.8 34.13 69.23 31.26 69.2 59.21 33.62 31.4 5.66 59.03 41.63 42.11 88.01 11.4 40.52 22.14 69.89 15.03 74.67 57.49 70.46 52.77 54.13 1.0 67.27 61.29 91.59 61.4 17.8 47.42 9.22 24.41 97.08 71.61 35.06 75.71 85.6 35.0 26.57 0.0 37.64 66.76 72.12 14.14 35.06 84.53 54.71 2.0 29.83 16.12 58.26 37.11 70.0 75.6 13.15 41.77 49.24 44.1 46.07 
13.34 39.66 40.22 40.0 44.72 44.41 28.02 24.52 16.76 35.34 22.67 33.02 45.28 53.91 39.66 37.54 15.52 45.34 24.19 37.16 31.24 36.4 17.03 17.69 37.95 38.42 25.46 55.97 23.77 31.11 35.78 38.05 29.68 62.23 38.01 9.06 38.33 52.01 32.98 11.18 37.64 0.0 41.04 45.97 42.2 13.04 47.71 45.19 38.28 15.26 23.85 34.01 2.0 36.89 42.44 41.62 41.04 12.0 13.04 11.18 
30.23 63.29 80.81 7.21 84.4 77.2 14.87 33.54 35.85 61.85 46.32 73.88 86.27 71.34 61.52 78.57 50.25 4.47 52.2 45.4 10.0 59.3 46.24 44.6 66.48 6.32 49.03 68.45 36.35 50.64 76.03 71.69 44.28 75.71 61.29 35.81 36.4 71.11 36.06 48.01 66.76 41.04 0.0 5.39 62.2 33.62 57.27 85.15 66.22 55.9 50.92 69.46 39.6 61.52 65.12 62.29 82.07 34.0 50.77 46.14 
35.51 65.92 85.91 8.06 89.63 80.65 18.87 38.83 41.23 67.19 49.65 78.64 91.24 73.03 66.75 83.45 55.57 3.61 57.58 47.01 15.26 61.98 50.09 48.33 71.84 8.54 52.2 69.58 39.29 55.9 80.6 77.08 49.5 76.79 63.95 41.05 37.34 73.01 41.0 53.25 72.12 45.97 5.39 0.0 67.36 38.95 58.42 89.63 71.57 60.96 56.3 73.35 44.6 64.33 67.6 67.48 86.98 38.28 55.22 50.48 
38.9 80.62 48.01 66.01 45.4 79.76 57.71 29.02 30.36 10.2 64.82 54.12 56.01 95.48 3.16 53.76 28.32 64.63 18.38 78.89 54.01 77.79 58.9 59.82 13.15 64.01 67.48 98.08 64.88 12.37 59.77 23.35 18.0 104.14 79.2 36.67 78.0 93.34 26.93 32.53 14.14 42.2 62.2 67.36 0.0 35.11 89.87 67.68 12.17 39.12 18.44 68.6 41.05 77.79 83.45 1.0 55.33 52.35 51.66 52.4 
4.0 51.43 48.17 34.79 51.09 57.43 24.19 11.7 5.0 31.06 33.29 43.86 54.41 64.9 33.24 47.51 16.64 37.44 20.02 44.82 23.71 47.89 28.64 28.65 35.01 32.89 36.36 65.95 30.61 22.85 47.43 38.6 19.21 72.62 49.65 4.0 42.95 63.29 20.25 14.87 35.06 13.04 33.62 38.95 35.11 0.0 56.59 56.92 35.0 24.19 19.0 47.04 11.05 48.75 54.12 34.79 50.77 18.38 26.08 23.77 
53.76 19.31 73.06 50.64 80.22 38.47 45.31 67.27 61.55 82.86 25.5 59.01 73.17 15.81 87.37 65.03 62.65 60.83 71.87 12.53 53.85 18.25 31.78 30.41 84.97 50.99 23.41 11.18 26.25 78.41 56.32 82.87 75.74 18.44 18.68 53.91 21.1 17.0 75.29 58.18 84.53 47.71 57.27 58.42 89.87 56.59 0.0 60.88 85.42 55.97 71.56 39.81 48.83 20.62 18.36 89.31 68.12 38.21 41.11 38.48 
58.31 41.77 22.8 82.62 29.7 25.18 70.8 66.49 58.69 57.49 44.41 14.0 17.2 54.0 64.54 14.32 45.18 89.59 53.04 59.03 75.8 42.72 41.04 43.19 55.66 81.4 43.57 61.13 54.67 63.07 9.49 47.01 66.07 63.07 42.2 53.14 67.42 51.0 73.82 43.74 54.71 45.19 85.15 89.63 67.68 56.92 60.88 0.0 56.61 33.54 54.01 21.19 47.01 40.26 43.42 66.71 14.21 51.4 34.41 39.2 
39.0 74.03 36.12 68.88 33.24 70.8 59.08 32.89 31.14 4.47 59.94 43.46 44.1 89.2 9.49 42.45 22.85 69.26 15.03 75.39 57.07 71.61 53.71 55.01 1.0 66.91 62.27 92.65 61.98 16.64 49.24 11.18 23.32 98.23 72.8 35.23 76.16 86.83 33.84 27.31 2.0 38.28 66.22 71.57 12.17 35.0 85.42 56.61 0.0 31.14 16.0 59.82 37.64 71.22 76.84 11.18 43.74 49.73 45.22 47.01 
26.4 43.01 25.0 55.22 29.55 40.71 43.27 32.98 25.3 29.83 30.81 19.92 30.48 58.25 36.06 23.32 12.17 60.11 21.54 47.52 45.97 40.82 24.52 26.31 30.48 53.6 32.57 62.18 36.06 31.32 24.19 26.93 33.14 67.42 41.88 20.81 51.09 55.8 40.31 10.2 29.83 15.26 55.9 60.96 39.12 24.19 55.97 33.54 31.14 0.0 22.14 29.53 16.4 40.22 45.8 38.28 26.63 26.25 14.87 18.11 
23.0 62.29 38.28 53.15 38.59 62.65 43.1 18.6 15.3 12.17 46.4 40.01 45.88 77.08 15.81 41.3 10.3 54.23 1.41 60.83 41.48 59.4 40.46 41.4 16.03 51.2 49.04 79.65 47.01 9.22 45.18 21.1 12.65 85.7 60.83 19.42 60.73 74.97 22.47 14.21 16.12 23.85 50.92 56.3 18.44 19.0 71.56 54.01 16.0 22.14 0.0 51.48 22.83 59.46 65.12 17.8 43.74 34.54 33.42 33.97 
47.04 21.02 35.74 65.76 43.32 11.18 54.63 58.31 50.36 59.08 24.84 21.19 34.13 34.71 65.51 26.68 41.23 73.93 50.99 38.08 61.03 21.59 23.26 25.06 59.03 64.85 23.35 41.11 35.61 60.54 17.12 53.08 61.4 44.15 21.21 43.05 47.01 31.78 66.61 37.95 58.26 34.01 69.46 73.35 68.6 47.04 39.81 21.19 59.82 29.53 51.48 0.0 36.01 19.24 23.02 67.74 29.27 35.74 21.0 24.33 
11.4 41.34 41.4 38.83 45.65 46.39 26.93 22.56 14.87 34.54 24.04 34.67 46.67 55.44 38.59 39.05 15.13 43.86 23.26 38.01 29.73 38.01 18.6 19.1 37.36 37.2 26.91 57.31 24.35 29.73 37.58 38.0 28.02 63.66 39.66 7.07 38.64 53.6 31.05 11.0 37.11 2.0 39.6 44.6 41.05 11.05 48.83 47.01 37.64 16.4 22.83 36.01 0.0 38.59 44.1 40.5 42.52 12.17 15.03 13.0 
47.17 2.83 53.6 56.29 61.0 19.1 47.1 60.42 53.24 69.43 16.28 39.2 53.0 18.03 74.95 45.1 49.5 65.76 59.41 21.26 55.0 2.83 20.12 20.25 70.6 55.9 13.15 22.8 25.18 67.62 36.01 66.73 66.57 27.29 2.0 45.18 31.62 15.62 68.94 45.28 70.0 36.89 61.52 64.33 77.79 48.75 20.62 40.26 71.22 40.22 59.46 19.24 38.59 0.0 5.66 77.08 48.01 32.02 26.17 25.81 
52.39 2.83 58.25 59.54 65.73 20.12 51.01 65.74 58.67 75.07 21.19 43.74 57.14 12.53 80.61 49.5 55.15 69.26 65.07 22.36 59.14 6.32 25.55 25.5 76.22 59.3 18.03 18.11 29.02 73.25 40.11 72.2 72.11 21.93 4.47 50.61 33.11 10.0 74.25 50.93 75.6 42.44 65.12 67.6 83.45 54.12 18.36 43.42 76.84 45.8 65.12 23.02 44.1 5.66 0.0 82.73 52.24 37.0 31.83 31.4 
38.6 79.91 47.01 66.0 44.41 78.89 57.56 29.0 30.08 9.22 64.2 53.16 55.01 94.79 2.24 52.77 27.59 64.78 17.69 78.39 54.0 77.1 58.26 59.2 12.17 64.0 66.84 97.45 64.41 12.17 58.82 22.36 18.03 103.48 78.49 36.25 77.62 92.63 27.2 31.83 13.15 41.62 62.29 67.48 1.0 34.79 89.31 66.71 11.18 38.28 17.8 67.74 40.5 77.08 82.73 0.0 54.33 51.88 50.93 51.74 
53.01 50.09 8.6 80.72 15.62 36.77 68.68 58.69 51.43 45.18 47.43 9.49 5.1 63.95 52.24 3.61 36.4 86.37 42.58 63.79 72.25 50.01 42.54 44.78 42.76 79.25 47.54 70.35 56.36 52.35 12.17 33.53 56.29 73.35 50.01 47.43 70.58 61.0 65.15 36.24 41.77 41.04 82.07 86.98 55.33 50.77 68.12 14.21 43.74 26.63 43.74 29.27 42.52 48.01 52.24 54.33 0.0 50.0 33.62 38.59 
15.81 34.48 50.54 31.24 55.71 44.41 19.42 29.41 23.35 46.49 15.81 41.11 54.64 47.01 50.09 46.4 27.29 38.47 35.11 26.63 25.3 30.68 13.04 12.04 49.48 30.0 18.97 47.63 12.53 40.5 42.52 50.04 37.54 54.41 32.57 15.81 26.48 45.62 37.74 23.09 49.24 12.0 34.0 38.28 52.35 18.38 38.21 51.4 49.73 26.25 34.54 35.74 12.17 32.02 37.0 51.88 50.0 0.0 17.03 12.21 
26.08 29.0 35.44 48.27 41.59 31.4 36.4 37.48 29.61 43.28 16.12 24.41 38.47 44.05 48.8 30.02 23.35 55.23 33.3 33.06 41.59 26.4 10.0 12.04 44.65 47.01 17.72 47.51 23.09 41.88 25.5 41.79 41.63 53.01 27.66 22.09 37.85 41.77 45.89 19.21 44.1 13.04 50.77 55.22 51.66 26.08 41.11 34.41 45.22 14.87 33.42 21.0 15.03 26.17 31.83 50.93 33.62 17.03 0.0 5.0 
23.09 28.6 40.16 43.42 46.1 34.01 31.62 35.44 27.86 44.65 13.0 29.41 43.42 43.14 49.68 34.99 24.41 50.61 34.06 29.43 37.16 25.5 6.71 8.25 46.53 42.2 15.26 45.8 18.44 41.87 30.41 44.64 40.82 51.74 27.02 19.92 33.38 41.11 43.97 20.0 46.07 11.18 46.14 50.48 52.4 23.77 38.48 39.2 47.01 18.11 33.97 24.33 13.0 25.81 31.4 51.74 38.59 12.21 5.0 0.0 
