15
0.0 5.66 4.47 5.0 4.12 15.81 12.21 20.25 12.81 20.88 17.03 14.14 12.53 7.62 18.97 
5.66 0.0 2.0 4.12 3.0 10.3 6.71 15.3 7.21 16.12 11.4 8.49 7.28 3.16 14.14 
4.47 2.0 0.0 5.0 1.0 12.08 7.81 17.26 8.49 18.11 13.04 10.0 8.06 5.1 16.12 
5.0 4.12 5.0 0.0 5.66 12.04 10.2 15.65 10.44 16.16 13.6 11.18 11.05 3.61 14.32 
4.12 3.0 1.0 5.66 0.0 13.0 8.49 18.25 9.22 19.1 13.89 10.82 8.6 6.08 17.12 
15.81 10.3 12.08 12.04 13.0 0.0 6.08 6.32 5.1 7.62 2.0 3.16 7.28 8.49 5.83 
12.21 6.71 7.81 10.2 8.49 6.08 0.0 12.37 1.0 13.6 6.08 3.0 1.41 7.0 11.7 
20.25 15.3 17.26 15.65 18.25 6.32 12.37 0.0 11.4 1.41 7.21 9.49 13.6 12.65 1.41 
12.81 7.21 8.49 10.44 9.22 5.1 1.0 11.4 0.0 12.65 5.1 2.0 2.24 7.07 10.77 
20.88 16.12 18.11 16.16 19.1 7.62 13.6 1.41 12.65 0.0 8.6 10.77 14.87 13.34 2.0 
17.03 11.4 13.04 13.6 13.89 2.0 6.08 7.21 5.1 8.6 0.0 3.16 7.0 10.0 7.07 
14.14 8.49 10.0 11.18 10.82 3.16 3.0 9.49 2.0 10.77 3.16 0.0 4.12 7.62 8.94 
12.53 7.28 8.06 11.05 8.6 7.28 1.41 13.6 2.24 14.87 7.0 4.12 0.0 8.06 13.0 
7.62 3.16 5.1 3.61 6.08 8.49 7.0 12.65 7.07 13.34 10.0 7.62 8.06 0.0 11.4 
18.97 14.14 16.12 14.32 17.12 5.83 11.7 1.41 10.77 2.0 7.07 8.94 13.0 11.4 0.0 
