70
0.0 21.02 13.04 1.0 13.34 8.06 15.03 19.42 27.59 31.4 37.01 22.36 16.12 29.15 30.81 19.7 34.0 16.55 28.18 2.83 24.74 15.0 33.62 20.59 36.12 19.85 27.07 18.97 20.0 17.49 39.05 1.41 13.42 34.93 9.43 31.62 30.02 23.02 23.6 36.89 28.6 36.24 13.45 36.24 18.03 18.38 25.5 26.17 33.06 22.47 20.1 26.17 13.04 31.02 14.76 30.46 12.53 8.06 21.26 37.22 32.7 16.55 24.17 28.46 26.17 26.08 25.32 24.35 6.0 14.87 
21.02 0.0 28.43 21.47 27.2 20.02 8.94 10.63 28.02 34.0 38.21 41.01 35.69 34.99 27.66 29.15 40.82 26.68 7.21 20.25 19.85 9.85 38.05 28.46 18.68 8.49 41.68 36.8 31.78 34.0 39.46 19.7 16.55 40.22 11.7 35.01 48.8 36.72 11.18 22.02 38.63 19.42 21.47 42.72 15.26 39.4 41.62 38.48 31.89 3.0 20.25 23.35 34.0 21.54 17.09 48.27 13.15 26.48 25.5 23.0 21.84 16.49 31.78 37.36 10.05 24.04 7.81 4.12 26.57 9.22 
13.04 28.43 0.0 12.04 2.0 21.1 19.8 30.68 19.92 21.63 27.2 13.04 22.67 41.76 24.52 8.6 46.24 29.12 35.38 11.05 37.34 19.1 22.63 10.3 46.14 30.46 14.32 8.6 31.78 27.2 29.41 14.0 13.04 47.43 19.31 21.4 20.62 10.0 34.54 47.93 40.25 46.53 8.54 48.47 30.41 18.97 13.42 13.15 46.1 30.81 33.02 39.05 13.42 43.17 13.42 19.85 24.52 18.79 13.34 48.47 44.64 15.23 36.69 16.12 36.24 39.01 29.41 30.41 14.76 25.63 
1.0 21.47 12.04 0.0 12.37 9.06 15.13 20.25 26.91 30.61 36.24 21.47 16.28 30.08 30.23 18.79 34.89 17.46 28.65 2.24 25.71 15.03 32.76 19.72 36.88 20.62 26.08 18.03 20.81 18.03 38.29 2.24 13.0 35.85 10.0 30.81 29.15 22.02 24.41 37.74 29.41 37.01 12.73 37.12 18.97 18.03 24.52 25.18 34.06 23.02 21.1 27.17 12.53 31.95 14.32 29.55 13.42 8.6 20.52 38.08 33.62 16.16 25.08 27.51 26.91 27.07 25.5 24.7 6.08 15.62 
13.34 27.2 2.0 12.37 0.0 21.38 18.44 30.08 18.03 20.0 25.61 14.76 24.21 42.38 22.56 7.07 47.01 29.73 34.06 11.05 37.12 17.69 21.26 8.6 45.18 29.73 14.87 10.3 32.65 28.43 27.8 14.14 11.4 48.1 18.68 19.85 22.2 10.2 33.84 47.17 41.18 45.62 6.71 49.24 30.15 20.88 14.42 13.0 46.27 29.68 33.02 39.0 15.23 42.76 11.66 21.21 24.19 19.72 11.4 47.76 44.15 13.42 37.34 15.23 35.34 39.01 27.8 29.0 15.81 25.0 
8.06 20.02 21.1 9.06 21.38 0.0 17.46 14.42 34.21 38.59 44.1 29.41 16.16 21.47 36.77 27.51 26.63 9.22 26.48 10.44 17.46 17.89 41.15 28.23 31.4 15.65 35.01 26.48 13.6 14.04 46.04 7.28 19.1 27.29 9.49 38.95 36.77 31.06 18.6 31.14 21.93 31.24 20.59 28.84 11.4 21.93 33.24 34.23 25.02 20.4 12.37 18.44 18.03 24.19 20.52 37.64 7.62 7.21 28.3 31.24 26.08 21.93 16.64 36.4 21.95 18.25 26.31 24.0 9.43 11.4 
15.03 8.94 19.8 15.13 18.44 17.46 0.0 15.52 20.62 26.31 31.05 32.65 31.02 36.77 21.47 20.25 42.45 26.08 15.62 13.34 24.7 1.0 30.07 19.65 27.51 14.14 32.76 28.32 30.89 31.05 32.57 14.0 7.62 42.45 8.06 27.17 40.36 27.78 18.03 30.41 38.83 28.16 12.53 44.55 18.36 32.98 32.8 29.55 36.24 11.7 23.02 27.73 27.2 28.28 8.25 39.62 13.45 22.2 17.03 31.26 29.07 8.0 32.65 28.64 18.25 28.18 10.44 10.63 21.02 11.18 
19.42 10.63 30.68 20.25 30.08 14.42 15.52 0.0 36.14 41.77 46.57 41.68 30.41 24.6 36.77 34.13 30.41 18.03 14.32 20.12 9.43 16.49 45.4 34.01 17.03 2.24 44.92 38.01 23.0 26.93 48.08 18.03 22.02 29.68 11.4 42.58 49.4 40.26 4.24 17.49 28.86 16.97 26.08 32.25 5.1 36.24 44.01 42.76 21.4 8.94 9.85 12.81 31.83 13.0 23.09 49.65 7.07 21.63 32.14 17.89 14.14 23.35 21.84 43.05 7.62 13.45 18.44 14.42 23.35 5.1 
27.59 28.02 19.92 26.91 18.03 34.21 20.62 36.14 0.0 6.08 10.44 30.02 41.68 55.47 5.1 12.04 60.8 43.42 32.39 24.76 45.22 19.65 10.44 10.05 46.17 34.71 23.41 26.02 47.42 44.82 12.08 27.59 15.26 61.29 26.83 7.28 35.69 19.42 38.47 50.0 55.97 47.1 14.21 63.01 38.63 38.9 25.71 18.38 56.46 31.02 42.95 48.1 33.24 48.84 13.89 33.24 33.11 35.47 6.71 51.01 49.5 13.0 50.8 13.6 38.05 48.47 23.54 27.17 32.2 31.62 
31.4 34.0 21.63 30.61 20.0 38.59 26.31 41.77 6.08 0.0 5.66 29.43 44.2 60.03 9.22 13.04 65.19 47.71 38.47 28.6 50.7 25.32 4.47 11.4 52.24 40.45 21.1 25.96 51.4 48.08 7.81 31.62 20.25 65.86 31.95 1.41 34.01 18.11 44.28 56.01 60.0 53.15 18.03 67.42 43.97 40.25 24.0 16.03 61.68 37.0 48.1 53.45 34.99 54.59 18.97 31.14 38.28 38.95 10.3 57.0 55.33 18.44 55.23 10.2 44.01 53.76 29.61 33.24 35.36 37.11 
37.01 38.21 27.2 36.24 25.61 44.1 31.05 46.57 10.44 5.66 0.0 34.21 49.82 65.51 11.18 18.6 70.72 53.25 42.05 34.21 55.66 30.08 6.0 17.03 56.01 45.12 25.08 31.02 57.01 53.74 2.24 37.2 25.5 71.34 37.16 5.83 38.12 22.8 48.84 60.07 65.6 57.0 23.6 72.95 49.04 45.65 28.28 20.22 66.85 41.19 53.31 58.52 40.5 59.23 24.17 35.01 43.46 44.6 15.81 61.13 59.84 23.41 60.75 14.14 48.26 58.87 33.06 37.0 41.01 42.06 
22.36 41.01 13.04 21.47 14.76 29.41 32.65 41.68 30.02 29.43 34.21 0.0 22.8 47.01 35.06 18.11 50.36 35.13 48.1 21.63 46.82 32.02 28.46 20.1 58.01 41.88 10.63 4.47 36.06 29.43 36.4 23.71 26.08 52.15 30.81 28.64 7.81 11.4 45.79 59.17 43.57 58.25 21.47 52.47 40.31 14.76 7.07 14.32 53.6 43.19 41.76 47.8 13.04 53.31 26.42 8.25 34.89 24.19 24.33 59.54 55.04 28.18 42.0 20.25 48.01 47.54 42.44 43.28 20.4 36.89 
16.12 35.69 22.67 16.28 24.21 16.16 31.02 30.41 41.68 44.2 49.82 22.8 0.0 25.5 45.62 31.24 28.0 15.81 42.45 18.44 31.11 31.06 45.28 32.8 47.17 31.78 32.2 22.36 14.56 7.07 52.01 17.03 29.12 30.07 24.19 44.05 28.02 30.23 34.48 46.23 21.02 46.87 27.73 30.02 26.63 9.06 29.15 33.84 34.01 36.4 25.46 30.61 10.3 38.18 30.36 30.27 23.77 9.22 34.99 46.1 40.31 32.28 20.88 38.29 38.01 30.0 41.05 39.46 10.2 27.51 
29.15 34.99 41.76 30.08 42.38 21.47 36.77 24.6 55.47 60.03 65.51 47.01 25.5 0.0 57.63 48.85 5.83 12.65 38.63 31.78 17.26 37.48 62.61 49.66 35.0 26.83 54.74 45.28 11.05 18.44 67.42 28.64 40.22 5.83 29.07 60.42 53.15 51.42 26.25 31.26 7.21 34.01 42.06 7.81 19.72 34.53 52.35 54.82 10.82 33.54 14.76 14.04 34.0 22.09 41.62 55.01 23.35 23.35 49.74 30.41 24.19 42.8 5.1 57.58 30.08 13.04 42.72 38.95 27.46 26.4 
30.81 27.66 24.52 30.23 22.56 36.77 21.47 36.77 5.1 9.22 11.18 35.06 45.62 57.63 0.0 17.0 63.13 45.97 31.0 28.02 46.1 20.59 13.6 15.0 45.01 35.11 28.46 31.0 50.25 48.26 12.0 30.61 17.69 63.41 28.6 10.63 40.79 24.52 38.6 49.25 58.69 46.04 17.89 65.3 39.82 43.42 30.81 23.41 57.71 30.59 44.42 49.19 37.64 49.04 16.28 38.33 34.67 38.83 11.18 50.36 49.48 14.87 53.15 18.36 37.66 49.65 22.0 26.08 35.85 32.65 
19.7 29.15 8.6 18.79 7.07 27.51 20.25 34.13 12.04 13.04 18.6 18.11 31.24 48.85 17.0 0.0 53.67 36.25 35.36 17.09 42.05 19.31 14.21 2.0 47.76 33.38 13.45 14.0 39.45 35.47 20.81 20.25 12.65 54.63 23.0 12.81 24.35 8.6 37.48 50.45 48.02 48.38 8.06 55.9 35.06 27.31 14.76 9.43 51.97 31.95 38.47 44.28 21.95 47.1 12.08 22.36 29.07 26.63 6.32 51.2 48.26 13.04 43.86 9.06 38.33 44.41 27.8 30.02 22.8 29.07 
34.0 40.82 46.24 34.89 47.01 26.63 42.45 30.41 60.8 65.19 70.72 50.36 28.0 5.83 63.13 53.67 0.0 17.49 44.38 36.72 22.8 43.14 67.6 54.59 40.11 32.65 58.69 49.03 14.56 21.02 72.67 33.62 45.61 2.83 34.66 65.51 56.01 55.66 31.95 36.01 7.07 39.05 47.17 2.24 25.55 37.01 56.09 59.14 14.32 39.36 20.59 19.42 37.34 27.02 47.01 58.14 29.07 27.51 54.92 35.06 29.0 48.27 10.0 62.24 35.74 18.44 48.55 44.78 31.62 32.2 
16.55 26.68 29.12 17.46 29.73 9.22 26.08 18.03 43.42 47.71 53.25 35.13 15.81 12.65 45.97 36.25 17.49 0.0 32.06 19.24 15.81 26.63 50.12 37.12 33.24 20.0 42.3 33.02 5.1 10.0 55.22 16.12 28.32 18.38 18.03 48.02 41.77 38.83 21.38 31.38 12.81 32.7 29.68 19.72 13.15 24.17 40.05 42.2 18.68 26.17 10.3 14.87 22.36 22.8 29.73 43.29 13.6 11.0 37.44 31.06 25.0 31.11 7.62 44.94 25.32 14.21 33.84 30.81 15.03 17.46 
28.18 7.21 35.38 28.65 34.06 26.48 15.62 14.32 32.39 38.47 42.05 48.1 42.45 38.63 31.0 35.36 44.38 32.06 0.0 27.46 21.95 16.4 42.76 34.44 14.04 12.17 48.26 43.84 37.12 40.2 43.0 26.83 23.02 43.38 18.79 39.62 55.87 43.27 12.53 18.68 43.17 15.13 28.02 46.1 19.42 46.52 48.41 44.78 33.6 6.08 24.04 25.55 41.18 21.26 23.32 55.23 19.1 33.24 31.02 19.92 20.81 22.36 36.14 43.08 9.22 26.42 9.0 5.39 33.62 15.13 
2.83 20.25 11.05 2.24 11.05 10.44 13.34 20.12 24.76 28.6 34.21 21.63 18.44 31.78 28.02 17.09 36.72 19.24 27.46 0.0 26.31 13.15 30.89 17.89 36.4 20.25 25.32 17.89 22.8 20.25 36.24 3.16 10.77 37.58 9.22 28.84 29.41 21.02 24.19 37.59 31.4 36.62 10.63 38.95 19.42 19.65 24.04 24.02 35.23 22.02 22.0 28.02 13.93 32.28 12.08 29.53 13.6 10.82 18.44 38.01 33.84 13.93 26.83 25.96 26.4 28.0 23.77 23.26 8.25 15.26 
24.74 19.85 37.34 25.71 37.12 17.46 24.7 9.43 45.22 50.7 55.66 46.82 31.11 17.26 46.1 42.05 22.8 15.81 21.95 26.31 0.0 25.63 54.13 42.19 18.25 11.4 51.62 43.68 19.7 25.81 57.25 23.54 30.59 21.54 19.1 51.42 54.23 47.27 9.43 15.65 23.02 17.46 34.13 24.35 7.0 38.6 50.22 50.09 12.04 17.69 5.66 3.61 35.36 7.07 31.78 55.03 13.0 23.85 40.79 15.26 9.22 32.28 16.12 51.09 13.0 4.47 27.59 23.35 26.83 13.6 
15.0 9.85 19.1 15.03 17.69 17.89 1.0 16.49 19.65 25.32 30.08 32.02 31.06 37.48 20.59 19.31 43.14 26.63 16.4 13.15 25.63 0.0 29.07 18.68 28.46 15.13 31.91 27.66 31.38 31.32 31.62 14.04 6.71 43.19 8.6 26.17 39.7 26.93 19.03 31.4 39.41 29.12 11.66 45.25 19.24 32.76 32.02 28.64 37.12 12.65 23.85 28.64 26.93 29.27 7.28 38.9 14.21 22.36 16.03 32.25 30.07 7.0 33.3 27.66 19.24 29.07 10.77 11.31 21.0 12.08 
33.62 38.05 22.63 32.76 21.26 41.15 30.07 45.4 10.44 4.47 6.0 28.46 45.28 62.61 13.6 14.21 67.6 50.12 42.76 30.89 54.13 29.07 0.0 13.04 56.44 44.18 19.1 25.5 53.54 49.68 8.06 34.0 23.54 68.43 35.17 3.16 32.14 17.09 48.09 60.07 62.13 57.31 20.62 69.84 47.3 40.5 22.36 14.32 64.85 41.05 51.24 56.75 35.61 58.31 22.36 29.02 41.48 40.8 13.34 61.03 59.14 22.09 57.71 8.25 48.01 57.01 33.96 37.48 37.01 40.61 
20.59 28.46 10.3 19.72 8.6 28.23 19.65 34.01 10.05 11.4 17.03 20.1 32.8 49.66 15.0 2.0 54.59 37.12 34.44 17.89 42.19 18.68 13.04 0.0 47.13 33.14 15.0 16.0 40.5 36.8 19.21 21.02 12.17 55.46 23.09 11.31 26.25 10.3 37.22 50.01 49.09 47.8 8.06 56.82 35.23 29.15 16.55 10.63 52.39 31.32 38.83 44.55 23.71 47.01 11.4 24.17 29.27 27.8 4.47 50.8 48.09 12.08 44.72 9.06 37.85 44.72 26.63 29.07 24.08 29.0 
36.12 18.68 46.14 36.88 45.18 31.4 27.51 17.03 46.17 52.24 56.01 58.01 47.17 35.0 45.01 47.76 40.11 33.24 14.04 36.4 18.25 28.46 56.44 47.13 0.0 16.28 59.93 54.08 37.64 42.95 57.01 34.71 35.11 38.33 27.2 53.34 65.8 55.04 12.81 5.66 41.19 1.41 39.92 41.3 20.59 53.26 59.54 57.01 26.68 15.81 23.09 21.02 48.8 13.15 35.74 65.73 24.08 38.6 44.15 7.07 11.4 35.17 34.37 56.04 10.0 22.02 23.02 19.03 40.36 21.26 
19.85 8.49 30.46 20.62 29.73 15.65 14.14 2.24 34.71 40.45 45.12 41.88 31.78 26.83 35.11 33.38 32.65 20.0 12.17 20.25 11.4 15.13 44.18 33.14 16.28 0.0 44.6 38.08 25.02 28.64 46.57 18.44 21.02 31.91 11.18 41.3 49.65 39.85 4.12 17.46 31.05 16.4 25.32 34.48 7.28 37.2 43.86 42.2 23.43 6.71 12.08 14.87 32.56 14.14 22.0 49.74 8.06 22.83 31.02 18.03 15.0 22.09 24.04 42.19 6.4 15.56 16.28 12.21 24.21 5.0 
27.07 41.68 14.32 26.08 14.87 35.01 32.76 44.92 23.41 21.1 25.08 10.63 32.2 54.74 28.46 13.45 58.69 42.3 48.26 25.32 51.62 31.91 19.1 15.0 59.93 44.6 0.0 9.85 44.15 38.28 27.17 28.16 25.24 60.21 33.53 20.02 13.04 5.0 48.7 62.03 52.2 60.42 20.25 60.88 44.72 25.0 3.61 5.1 60.0 44.29 47.17 53.24 21.93 57.49 25.0 10.05 38.83 31.4 19.42 62.63 58.94 26.25 49.65 11.0 50.16 53.15 41.11 43.01 27.29 39.85 
18.97 36.8 8.6 18.03 10.3 26.48 28.32 38.01 26.02 25.96 31.02 4.47 22.36 45.28 31.0 14.0 49.03 33.02 43.84 17.89 43.68 27.66 25.5 16.0 54.08 38.08 9.85 0.0 34.53 28.46 33.24 20.25 21.63 50.64 26.93 25.3 12.04 8.6 42.06 55.47 42.45 54.38 17.0 51.2 37.0 15.56 7.07 12.04 51.16 39.05 38.83 44.91 12.08 49.98 21.95 11.66 31.38 22.02 20.1 55.9 51.62 23.71 40.2 17.49 44.1 44.72 38.01 38.95 18.0 33.12 
20.0 31.78 31.78 20.81 32.65 13.6 30.89 23.0 47.42 51.4 57.01 36.06 14.56 11.05 50.25 39.45 14.56 5.1 37.12 22.8 19.7 31.38 53.54 40.5 37.64 25.02 44.15 34.53 0.0 7.62 59.03 19.85 32.56 16.12 22.83 51.61 42.11 41.11 26.17 35.34 8.6 37.0 33.42 16.76 18.03 23.54 41.59 44.6 19.72 31.26 14.56 18.03 23.02 26.42 33.97 44.0 18.68 13.0 41.23 34.89 28.65 35.47 6.32 47.85 30.15 17.2 38.9 35.9 17.09 22.56 
17.49 34.0 27.2 18.03 28.43 14.04 31.05 26.93 44.82 48.08 53.74 29.43 7.07 18.44 48.26 35.47 21.02 10.0 40.2 20.25 25.81 31.32 49.68 36.8 42.95 28.64 38.28 28.46 7.62 0.0 55.87 17.89 30.89 23.02 23.35 48.1 35.0 35.78 30.68 41.34 14.14 42.49 30.61 23.09 22.47 16.12 35.44 39.36 27.29 34.13 20.25 24.76 16.49 32.8 32.25 37.12 21.1 9.43 38.29 41.05 35.0 34.0 13.93 43.27 34.48 24.04 40.31 38.01 12.73 25.08 
39.05 39.46 29.41 38.29 27.8 46.04 32.57 48.08 12.08 7.81 2.24 36.4 52.01 67.42 12.0 20.81 72.67 55.22 43.0 36.24 57.25 31.62 8.06 19.21 57.01 46.57 27.17 33.24 59.03 55.87 0.0 39.2 27.29 73.25 38.91 8.06 40.2 25.0 50.22 61.2 67.62 58.03 25.61 74.89 50.7 47.89 30.41 22.36 68.54 42.43 55.04 60.17 42.72 60.64 25.94 37.05 45.19 46.69 17.8 62.29 61.19 25.08 62.68 16.28 49.5 60.54 34.0 38.05 43.14 43.66 
1.41 19.7 14.0 2.24 14.14 7.28 14.0 18.03 27.59 31.62 37.2 23.71 17.03 28.64 30.61 20.25 33.62 16.12 26.83 3.16 23.54 14.04 34.0 21.02 34.71 18.44 28.16 20.25 19.85 17.89 39.2 0.0 13.04 34.44 8.06 31.91 31.38 24.0 22.2 35.51 28.43 34.83 13.6 35.85 16.76 19.7 26.68 27.07 32.14 21.1 19.03 25.08 14.42 29.73 14.42 31.78 11.18 8.54 21.4 35.85 31.38 16.12 23.71 29.12 24.76 25.02 24.19 23.09 7.07 13.45 
13.42 16.55 13.04 13.0 11.4 19.1 7.62 22.02 15.26 20.25 25.5 26.08 29.12 40.22 17.69 12.65 45.61 28.32 23.02 10.77 30.59 6.71 23.54 12.17 35.11 21.02 25.24 21.63 32.56 30.89 27.29 13.04 0.0 46.04 11.7 20.88 33.6 20.25 25.08 37.85 41.01 35.74 5.0 47.8 23.77 29.02 25.5 21.93 41.44 19.31 27.86 33.24 23.02 35.01 1.41 32.56 18.03 21.47 10.2 38.64 36.01 3.16 35.61 21.21 25.71 33.53 16.4 17.8 18.97 17.12 
34.93 40.22 47.43 35.85 48.1 27.29 42.45 29.68 61.29 65.86 71.34 52.15 30.07 5.83 63.41 54.63 2.83 18.38 43.38 37.58 21.54 43.19 68.43 55.46 38.33 31.91 60.21 50.64 16.12 23.02 73.25 34.44 46.04 0.0 34.83 66.24 58.01 57.01 30.87 34.01 9.49 37.22 47.89 3.0 25.0 39.12 57.71 60.44 12.04 38.59 20.0 18.03 39.12 25.18 47.43 60.03 29.0 28.86 55.57 33.0 27.07 48.6 10.77 63.32 34.54 17.09 48.01 44.1 32.98 31.89 
9.43 11.7 19.31 10.0 18.68 9.49 8.06 11.4 26.83 31.95 37.16 30.81 24.19 29.07 28.6 23.0 34.66 18.03 18.79 9.22 19.1 8.6 35.17 23.09 27.2 11.18 33.53 26.93 22.83 23.35 38.91 8.06 11.7 34.83 0.0 32.57 38.6 28.86 15.23 28.64 30.81 27.46 15.03 36.8 12.17 27.73 32.7 31.4 29.73 13.04 16.16 21.59 22.47 24.19 13.0 38.59 6.32 15.03 21.84 29.15 25.5 13.89 24.76 32.02 17.2 21.84 17.03 15.3 14.87 6.32 
31.62 35.01 21.4 30.81 19.85 38.95 27.17 42.58 7.28 1.41 5.83 28.64 44.05 60.42 10.63 12.81 65.51 48.02 39.62 28.84 51.42 26.17 3.16 11.31 53.34 41.3 20.02 25.3 51.61 48.1 8.06 31.91 20.88 66.24 32.57 0.0 33.0 17.26 45.18 57.04 60.22 54.23 18.36 67.74 44.64 39.82 23.02 15.0 62.3 38.01 48.7 54.12 34.67 55.44 19.65 30.07 38.9 39.05 10.77 58.01 56.22 19.24 55.57 9.06 45.0 54.41 30.81 34.37 35.38 37.85 
30.02 48.8 20.62 29.15 22.2 36.77 40.36 49.4 35.69 34.01 38.12 7.81 28.02 53.15 40.79 24.35 56.01 41.77 55.87 29.41 54.23 39.7 32.14 26.25 65.8 49.65 13.04 12.04 42.11 35.0 40.2 31.38 33.6 58.01 38.6 33.0 0.0 16.28 53.54 66.89 49.04 66.03 28.84 58.03 47.85 19.1 10.05 18.0 60.42 50.99 49.04 55.03 19.42 60.84 33.84 3.61 42.54 31.05 30.68 67.23 62.61 35.51 48.26 24.02 55.8 54.71 50.0 50.99 27.51 44.65 
23.02 36.72 10.0 22.02 10.2 31.06 27.78 40.26 19.42 18.11 22.8 11.4 30.23 51.42 24.52 8.6 55.66 38.83 43.27 21.02 47.27 26.93 17.09 10.3 55.04 39.85 5.0 8.6 41.11 35.78 25.0 24.0 20.25 57.01 28.86 17.26 16.28 0.0 43.97 57.25 49.4 55.54 15.26 57.87 40.31 24.08 6.32 3.61 56.08 39.36 43.01 49.04 20.0 52.95 20.0 13.93 34.37 28.16 14.76 57.87 54.34 21.26 46.32 8.94 45.31 49.01 36.12 38.01 24.04 35.17 
23.6 11.18 34.54 24.41 33.84 18.6 18.03 4.24 38.47 44.28 48.84 45.79 34.48 26.25 38.6 37.48 31.95 21.38 12.53 24.19 9.43 19.03 48.09 37.22 12.81 4.12 48.7 42.06 26.17 30.68 50.22 22.2 25.08 30.87 15.23 45.18 53.54 43.97 0.0 13.42 31.26 12.73 29.43 33.62 8.25 40.46 47.93 46.32 21.26 8.6 12.04 13.04 36.07 10.44 26.02 53.71 11.31 25.81 35.0 13.93 11.05 26.02 24.19 46.27 4.0 13.89 18.6 14.21 27.59 8.94 
36.89 22.02 47.93 37.74 47.17 31.14 30.41 17.49 50.0 56.01 60.07 59.17 46.23 31.26 49.25 50.45 36.01 31.38 18.68 37.59 15.65 31.4 60.07 50.01 5.66 17.46 62.03 55.47 35.34 41.34 61.2 35.51 37.85 34.01 28.64 57.04 66.89 57.25 13.42 0.0 37.85 4.24 42.45 37.01 19.8 53.04 61.33 59.48 22.09 19.03 21.1 17.72 49.04 9.22 38.64 67.12 24.41 38.18 47.38 1.41 7.07 38.33 31.32 59.03 12.17 18.68 27.46 23.19 40.46 22.36 
28.6 38.63 40.25 29.41 41.18 21.93 38.83 28.86 55.97 60.0 65.6 43.57 21.02 7.21 58.69 48.02 7.07 12.81 43.17 31.4 23.02 39.41 62.13 49.09 41.19 31.05 52.2 42.45 8.6 14.14 67.62 28.43 41.01 9.49 30.81 60.22 49.04 49.4 31.26 37.85 0.0 40.31 42.01 9.0 23.77 30.0 49.48 52.92 18.03 37.64 19.24 20.22 30.59 28.64 42.43 51.24 25.94 21.47 49.82 37.11 30.81 43.86 7.07 56.36 35.23 19.24 46.1 42.72 25.5 29.55 
36.24 19.42 46.53 37.01 45.62 31.24 28.16 16.97 47.1 53.15 57.0 58.25 46.87 34.01 46.04 48.38 39.05 32.7 15.13 36.62 17.46 29.12 57.31 47.8 1.41 16.4 60.42 54.38 37.0 42.49 58.03 34.83 35.74 37.22 27.46 54.23 66.03 55.54 12.73 4.24 40.31 0.0 40.5 40.2 20.25 53.15 59.94 57.58 25.5 16.49 22.47 20.1 48.8 12.04 36.4 66.04 24.04 38.42 44.91 5.66 10.2 35.9 33.54 56.75 10.3 21.1 24.08 20.0 40.31 21.4 
13.45 21.47 8.54 12.73 6.71 20.59 12.53 26.08 14.21 18.03 23.6 21.47 27.73 42.06 17.89 8.06 47.17 29.68 28.02 10.63 34.13 11.66 20.62 8.06 39.92 25.32 20.25 17.0 33.42 30.61 25.61 13.6 5.0 47.89 15.03 18.36 28.84 15.26 29.43 42.45 42.01 40.5 0.0 49.4 27.17 26.17 20.52 17.09 44.38 24.17 30.81 36.5 20.22 39.05 5.0 27.66 21.21 21.26 7.81 43.17 40.2 6.71 37.22 17.0 30.36 36.67 21.26 22.8 18.03 21.02 
36.24 42.72 48.47 37.12 49.24 28.84 44.55 32.25 63.01 67.42 72.95 52.47 30.02 7.81 65.3 55.9 2.24 19.72 46.1 38.95 24.35 45.25 69.84 56.82 41.3 34.48 60.88 51.2 16.76 23.09 74.89 35.85 47.8 3.0 36.8 67.74 58.03 57.87 33.62 37.01 9.0 40.2 49.4 0.0 27.46 39.0 58.25 61.35 15.03 41.18 22.47 20.88 39.46 28.16 49.2 60.21 31.14 29.73 57.14 36.0 30.07 50.45 12.21 64.47 37.34 19.92 50.48 46.65 33.84 34.21 
18.03 15.26 30.41 18.97 30.15 11.4 18.36 5.1 38.63 43.97 49.04 40.31 26.63 19.72 39.82 35.06 25.55 13.15 19.42 19.42 7.0 19.24 47.3 35.23 20.59 7.28 44.72 37.0 18.03 22.47 50.7 16.76 23.77 25.0 12.17 44.64 47.85 40.31 8.25 19.8 23.77 20.25 27.17 27.46 0.0 33.24 43.42 43.1 17.89 13.93 5.0 9.49 29.41 13.0 25.0 48.47 6.0 18.38 33.96 19.85 14.76 25.63 16.76 44.1 12.17 9.85 23.02 19.24 20.81 7.21 
18.38 39.4 18.97 18.03 20.88 21.93 32.98 36.24 38.9 40.25 45.65 14.76 9.06 34.53 43.42 27.31 37.01 24.17 46.52 19.65 38.6 32.76 40.5 29.15 53.26 37.2 25.0 15.56 23.54 16.12 47.89 19.7 29.02 39.12 27.73 39.82 19.1 24.08 40.46 53.04 30.0 53.15 26.17 39.0 33.24 0.0 21.63 27.59 42.72 40.71 33.02 38.59 6.0 45.61 30.0 21.59 29.21 14.87 32.28 53.08 47.63 32.0 29.83 32.8 43.6 38.08 43.42 42.72 13.04 32.45 
25.5 41.62 13.42 24.52 14.42 33.24 32.8 44.01 25.71 24.0 28.28 7.07 29.15 52.35 30.81 14.76 56.09 40.05 48.41 24.04 50.22 32.02 22.36 16.55 59.54 43.86 3.61 7.07 41.59 35.44 30.41 26.68 25.5 57.71 32.7 23.02 10.05 6.32 47.93 61.33 49.48 59.94 20.52 58.25 43.42 21.63 0.0 8.06 58.08 44.1 45.54 51.62 18.97 56.32 25.46 7.62 37.64 29.07 21.02 61.85 57.87 26.91 47.27 14.14 49.65 51.48 41.73 43.28 25.02 39.0 
26.17 38.48 13.15 25.18 13.0 34.23 29.55 42.76 18.38 16.03 20.22 14.32 33.84 54.82 23.41 9.43 59.14 42.2 44.78 24.02 50.09 28.64 14.32 10.63 57.01 42.2 5.1 12.04 44.6 39.36 22.36 27.07 21.93 60.44 31.4 15.0 18.0 3.61 46.32 59.48 52.92 57.58 17.09 61.35 43.1 27.59 8.06 0.0 59.21 41.23 46.01 52.0 23.6 55.58 21.47 15.13 37.12 31.62 14.87 60.17 56.89 22.47 49.73 6.08 47.43 52.01 37.2 39.45 27.51 37.66 
33.06 31.89 46.1 34.06 46.27 25.02 36.24 21.4 56.46 61.68 66.85 53.6 34.01 10.82 57.71 51.97 14.32 18.68 33.6 35.23 12.04 37.12 64.85 52.39 26.68 23.43 60.0 51.16 19.72 27.29 68.54 32.14 41.44 12.04 29.73 62.3 60.42 56.08 21.26 22.09 18.03 25.5 44.38 15.03 17.89 42.72 58.08 59.21 0.0 29.7 13.6 8.6 41.0 13.6 42.72 61.81 23.41 29.43 51.55 21.02 15.3 43.46 13.6 61.0 24.41 8.06 39.62 35.36 33.24 25.06 
22.47 3.0 30.81 23.02 29.68 20.4 11.7 8.94 31.02 37.0 41.19 43.19 36.4 33.54 30.59 31.95 39.36 26.17 6.08 22.02 17.69 12.65 41.05 31.32 15.81 6.71 44.29 39.05 31.26 34.13 42.43 21.1 19.31 38.59 13.04 38.01 50.99 39.36 8.6 19.03 37.64 16.49 24.17 41.18 13.93 40.71 44.1 41.23 29.7 0.0 18.79 21.26 35.51 18.79 19.92 50.61 13.04 27.2 28.44 20.0 18.97 19.42 30.68 40.26 7.07 22.02 10.0 5.66 27.73 9.06 
20.1 20.25 33.02 21.1 33.02 12.37 23.02 9.85 42.95 48.1 53.31 41.76 25.46 14.76 44.42 38.47 20.59 10.3 24.04 22.0 5.66 23.85 51.24 38.83 23.09 12.08 47.17 38.83 14.56 20.25 55.04 19.03 27.86 20.0 16.16 48.7 49.04 43.01 12.04 21.1 19.24 22.47 30.81 22.47 5.0 33.02 45.54 46.01 13.6 18.79 0.0 6.08 29.97 12.73 29.15 50.0 9.85 18.36 37.95 20.81 14.87 29.97 12.17 47.52 16.03 6.0 28.02 24.19 21.54 12.04 
26.17 23.35 39.05 27.17 39.0 18.44 27.73 12.81 48.1 53.45 58.52 47.8 30.61 14.04 49.19 44.28 19.42 14.87 25.55 28.02 3.61 28.64 56.75 44.55 21.02 14.87 53.24 44.91 18.03 24.76 60.17 25.08 33.24 18.03 21.59 54.12 55.03 49.04 13.04 17.72 20.22 20.1 36.5 20.88 9.49 38.59 51.62 52.0 8.6 21.26 6.08 0.0 35.85 8.54 34.48 56.04 15.3 24.17 43.42 17.09 10.77 35.11 13.6 53.34 16.55 1.0 31.11 26.91 27.51 16.55 
13.04 34.0 13.42 12.53 15.23 18.03 27.2 31.83 33.24 34.99 40.5 13.04 10.3 34.0 37.64 21.95 37.34 22.36 41.18 13.93 35.36 26.93 35.61 23.71 48.8 32.56 21.93 12.08 23.02 16.49 42.72 14.42 23.02 39.12 22.47 34.67 19.42 20.0 36.07 49.04 30.59 48.8 20.22 39.46 29.41 6.0 18.97 23.6 41.0 35.51 29.97 35.85 0.0 42.19 24.0 21.02 24.76 11.7 26.57 49.2 44.1 26.0 29.02 28.28 38.95 35.47 37.64 37.16 8.6 27.66 
31.02 21.54 43.17 31.95 42.76 24.19 28.28 13.0 48.84 54.59 59.23 53.31 38.18 22.09 49.04 47.1 27.02 22.8 21.26 32.28 7.07 29.27 58.31 47.01 13.15 14.14 57.49 49.98 26.42 32.8 60.64 29.73 35.01 25.18 24.19 55.44 60.84 52.95 10.44 9.22 28.64 12.04 39.05 28.16 13.0 45.61 56.32 55.58 13.6 18.79 12.73 8.54 42.19 0.0 36.06 61.47 18.68 30.81 45.1 8.54 2.24 36.22 22.14 56.04 12.21 9.49 28.65 24.19 33.62 18.03 
14.76 17.09 13.42 14.32 11.66 20.52 8.25 23.09 13.89 18.97 24.17 26.42 30.36 41.62 16.28 12.08 47.01 29.73 23.32 12.08 31.78 7.28 22.36 11.4 35.74 22.0 25.0 21.95 33.97 32.25 25.94 14.42 1.41 47.43 13.0 19.65 33.84 20.0 26.02 38.64 42.43 36.4 5.0 49.2 25.0 30.0 25.46 21.47 42.72 19.92 29.15 34.48 24.0 36.06 0.0 32.65 19.31 22.83 9.06 39.46 37.0 2.0 37.01 20.4 26.48 34.79 16.28 18.03 20.25 18.25 
30.46 48.27 19.85 29.55 21.21 37.64 39.62 49.65 33.24 31.14 35.01 8.25 30.27 55.01 38.33 22.36 58.14 43.29 55.23 29.53 55.03 38.9 29.02 24.17 65.73 49.74 10.05 11.66 44.0 37.12 37.05 31.78 32.56 60.03 38.59 30.07 3.61 13.93 53.71 67.12 51.24 66.04 27.66 60.21 48.47 21.59 7.62 15.13 61.81 50.61 50.0 56.04 21.02 61.47 32.65 0.0 42.95 32.39 28.64 67.54 63.16 34.21 50.04 21.02 55.76 55.79 48.92 50.21 28.64 44.78 
12.53 13.15 24.52 13.42 24.19 7.62 13.45 7.07 33.11 38.28 43.46 34.89 23.77 23.35 34.67 29.07 29.07 13.6 19.1 13.6 13.0 14.21 41.48 29.27 24.08 8.06 38.83 31.38 18.68 21.1 45.19 11.18 18.03 29.0 6.32 38.9 42.54 34.37 11.31 24.41 25.94 24.04 21.21 31.14 6.0 29.21 37.64 37.12 23.41 13.04 9.85 15.3 24.76 18.68 19.31 42.95 0.0 14.76 28.16 24.7 20.25 20.12 19.42 38.12 14.42 15.52 20.25 17.26 16.28 4.0 
8.06 26.48 18.79 8.6 19.72 7.21 22.2 21.63 35.47 38.95 44.6 24.19 9.22 23.35 38.83 26.63 27.51 11.0 33.24 10.82 23.85 22.36 40.8 27.8 38.6 22.83 31.4 22.02 13.0 9.43 46.69 8.54 21.47 28.86 15.03 39.05 31.05 28.16 25.81 38.18 21.47 38.42 21.26 29.73 18.38 14.87 29.07 31.62 29.43 27.2 18.36 24.17 11.7 30.81 22.83 32.39 14.76 0.0 29.0 38.21 32.8 24.6 18.25 34.89 29.15 23.77 32.0 30.27 4.12 18.38 
21.26 25.5 13.34 20.52 11.4 28.3 17.03 32.14 6.71 10.3 15.81 24.33 34.99 49.74 11.18 6.32 54.92 37.44 31.02 18.44 40.79 16.03 13.34 4.47 44.15 31.02 19.42 20.1 41.23 38.29 17.8 21.4 10.2 55.57 21.84 10.77 30.68 14.76 35.0 47.38 49.82 44.91 7.81 57.14 33.96 32.28 21.02 14.87 51.55 28.44 37.95 43.42 26.57 45.1 9.06 28.64 28.16 29.0 0.0 48.26 46.01 9.06 44.94 12.08 35.23 43.68 22.83 25.63 25.61 27.29 
37.22 23.0 48.47 38.08 47.76 31.24 31.26 17.89 51.01 57.0 61.13 59.54 46.1 30.41 50.36 51.2 35.06 31.06 19.92 38.01 15.26 32.25 61.03 50.8 7.07 18.03 62.63 55.9 34.89 41.05 62.29 35.85 38.64 33.0 29.15 58.01 67.23 57.87 13.93 1.41 37.11 5.66 43.17 36.0 19.85 53.08 61.85 60.17 21.02 20.0 20.81 17.09 49.2 8.54 39.46 67.54 24.7 38.21 48.26 0.0 6.32 39.2 30.68 59.84 13.04 18.03 28.64 24.33 40.61 22.85 
32.7 21.84 44.64 33.62 44.15 26.08 29.07 14.14 49.5 55.33 59.84 55.04 40.31 24.19 49.48 48.26 29.0 25.0 20.81 33.84 9.22 30.07 59.14 48.09 11.4 15.0 58.94 51.62 28.65 35.0 61.19 31.38 36.01 27.07 25.5 56.22 62.61 54.34 11.05 7.07 30.81 10.2 40.2 30.07 14.76 47.63 57.87 56.89 15.3 18.97 14.87 10.77 44.1 2.24 37.0 63.16 20.25 32.8 46.01 6.32 0.0 37.05 24.35 57.14 12.08 11.7 28.64 24.17 35.51 19.24 
16.55 16.49 15.23 16.16 13.42 21.93 8.0 23.35 13.0 18.44 23.41 28.18 32.28 42.8 14.87 13.04 48.27 31.11 22.36 13.93 32.28 7.0 22.09 12.08 35.17 22.09 26.25 23.71 35.47 34.0 25.08 16.12 3.16 48.6 13.89 19.24 35.51 21.26 26.02 38.33 43.86 35.9 6.71 50.45 25.63 32.0 26.91 22.47 43.46 19.42 29.97 35.11 26.0 36.22 2.0 34.21 20.12 24.6 9.06 39.2 37.05 0.0 38.29 20.88 26.17 35.47 14.87 17.0 22.14 18.68 
24.17 31.78 36.69 25.08 37.34 16.64 32.65 21.84 50.8 55.23 60.75 42.0 20.88 5.1 53.15 43.86 10.0 7.62 36.14 26.83 16.12 33.3 57.71 44.72 34.37 24.04 49.65 40.2 6.32 13.93 62.68 23.71 35.61 10.77 24.76 55.57 48.26 46.32 24.19 31.32 7.07 33.54 37.22 12.21 16.76 29.83 47.27 49.73 13.6 30.68 12.17 13.6 29.02 22.14 37.01 50.04 19.42 18.25 44.94 30.68 24.35 38.29 0.0 52.55 28.16 12.65 39.36 35.85 22.36 22.83 
28.46 37.36 16.12 27.51 15.23 36.4 28.64 43.05 13.6 10.2 14.14 20.25 38.29 57.58 18.36 9.06 62.24 44.94 43.08 25.96 51.09 27.66 8.25 9.06 56.04 42.19 11.0 17.49 47.85 43.27 16.28 29.12 21.21 63.32 32.02 9.06 24.02 8.94 46.27 59.03 56.36 56.75 17.0 64.47 44.1 32.8 14.14 6.08 61.0 40.26 47.52 53.34 28.28 56.04 20.4 21.02 38.12 34.89 12.08 59.84 57.14 20.88 52.55 0.0 46.87 53.46 34.89 37.7 30.89 38.01 
26.17 10.05 36.24 26.91 35.34 21.95 18.25 7.62 38.05 44.01 48.26 48.01 38.01 30.08 37.66 38.33 35.74 25.32 9.22 26.4 13.0 19.24 48.01 37.85 10.0 6.4 50.16 44.1 30.15 34.48 49.5 24.76 25.71 34.54 17.2 45.0 55.8 45.31 4.0 12.17 35.23 10.3 30.36 37.34 12.17 43.6 49.65 47.43 24.41 7.07 16.03 16.55 38.95 12.21 26.48 55.76 14.42 29.15 35.23 13.04 12.08 26.17 28.16 46.87 0.0 17.46 16.55 12.08 30.61 11.31 
26.08 24.04 39.01 27.07 39.01 18.25 28.18 13.45 48.47 53.76 58.87 47.54 30.0 13.04 49.65 44.41 18.44 14.21 26.42 28.0 4.47 29.07 57.01 44.72 22.02 15.56 53.15 44.72 17.2 24.04 60.54 25.02 33.53 17.09 21.84 54.41 54.71 49.01 13.89 18.68 19.24 21.1 36.67 19.92 9.85 38.08 51.48 52.01 8.06 22.02 6.0 1.0 35.47 9.49 34.79 55.79 15.52 23.77 43.68 18.03 11.7 35.47 12.65 53.46 17.46 0.0 31.83 27.66 27.2 17.0 
25.32 7.81 29.41 25.5 27.8 26.31 10.44 18.44 23.54 29.61 33.06 42.44 41.05 42.72 22.0 27.8 48.55 33.84 9.0 23.77 27.59 10.77 33.96 26.63 23.02 16.28 41.11 38.01 38.9 40.31 34.0 24.19 16.4 48.01 17.03 30.81 50.0 36.12 18.6 27.46 46.1 24.08 21.26 50.48 23.02 43.42 41.73 37.2 39.62 10.0 28.02 31.11 37.64 28.65 16.28 48.92 20.25 32.0 22.83 28.64 28.64 14.87 39.36 34.89 16.55 31.83 0.0 4.47 31.26 16.55 
24.35 4.12 30.41 24.7 29.0 24.0 10.63 14.42 27.17 33.24 37.0 43.28 39.46 38.95 26.08 30.02 44.78 30.81 5.39 23.26 23.35 11.31 37.48 29.07 19.03 12.21 43.01 38.95 35.9 38.01 38.05 23.09 17.8 44.1 15.3 34.37 50.99 38.01 14.21 23.19 42.72 20.0 22.8 46.65 19.24 42.72 43.28 39.45 35.36 5.66 24.19 26.91 37.16 24.19 18.03 50.21 17.26 30.27 25.63 24.33 24.17 17.0 35.85 37.7 12.08 27.66 4.47 0.0 30.08 13.34 
6.0 26.57 14.76 6.08 15.81 9.43 21.02 23.35 32.2 35.36 41.01 20.4 10.2 27.46 35.85 22.8 31.62 15.03 33.62 8.25 26.83 21.0 37.01 24.08 40.36 24.21 27.29 18.0 17.09 12.73 43.14 7.07 18.97 32.98 14.87 35.38 27.51 24.04 27.59 40.46 25.5 40.31 18.03 33.84 20.81 13.04 25.02 27.51 33.24 27.73 21.54 27.51 8.6 33.62 20.25 28.64 16.28 4.12 25.61 40.61 35.51 22.14 22.36 30.89 30.61 27.2 31.26 30.08 0.0 19.42 
14.87 9.22 25.63 15.62 25.0 11.4 11.18 5.1 31.62 37.11 42.06 36.89 27.51 26.4 32.65 29.07 32.2 17.46 15.13 15.26 13.6 12.08 40.61 29.0 21.26 5.0 39.85 33.12 22.56 25.08 43.66 13.45 17.12 31.89 6.32 37.85 44.65 35.17 8.94 22.36 29.55 21.4 21.02 34.21 7.21 32.45 39.0 37.66 25.06 9.06 12.04 16.55 27.66 18.03 18.25 44.78 4.0 18.38 27.29 22.85 19.24 18.68 22.83 38.01 11.31 17.0 16.55 13.34 19.42 0.0 
