20
0.0 11.18 16.12 8.25 10.05 7.28 6.32 13.45 12.08 11.18 14.21 18.25 11.18 10.63 3.61 8.0 11.05 15.81 14.32 12.21 
11.18 0.0 26.93 8.54 12.08 8.25 8.06 5.1 21.0 21.21 4.12 28.07 22.14 4.24 7.62 10.44 6.08 20.62 23.02 5.83 
16.12 26.93 0.0 20.59 19.21 20.12 19.7 27.73 8.6 6.4 29.15 5.39 5.0 25.08 19.42 18.87 27.02 16.55 8.54 25.94 
8.25 8.54 20.59 0.0 3.61 1.0 2.0 7.28 13.34 14.32 9.06 20.62 16.4 5.0 6.08 2.0 12.73 12.08 15.13 5.39 
10.05 12.08 19.21 3.61 0.0 4.24 5.0 10.0 11.18 12.81 12.04 18.38 15.62 8.25 8.94 2.24 16.28 8.54 12.65 8.0 
7.28 8.25 20.12 1.0 4.24 0.0 1.0 7.62 13.15 13.93 9.22 20.4 15.81 5.1 5.1 2.24 12.04 12.53 15.03 5.83 
6.32 8.06 19.7 2.0 5.0 1.0 0.0 8.06 13.04 13.6 9.49 20.22 15.26 5.39 4.12 2.83 11.4 13.04 15.0 6.4 
13.45 5.1 27.73 7.28 10.0 7.62 8.06 0.0 20.62 21.54 2.24 27.89 23.32 2.83 10.0 9.22 11.18 18.25 22.36 2.0 
12.08 21.0 8.6 13.34 11.18 13.15 13.04 20.62 0.0 3.0 22.36 7.28 7.0 18.25 14.32 11.4 22.8 8.25 2.24 18.68 
11.18 21.21 6.4 14.32 12.81 13.93 13.6 21.54 3.0 0.0 23.09 7.07 4.0 18.97 14.0 12.53 22.2 11.18 4.47 19.7 
14.21 4.12 29.15 9.06 12.04 9.22 9.49 2.24 22.36 23.09 0.0 29.61 24.6 4.12 10.63 11.05 10.0 20.4 24.19 4.12 
18.25 28.07 5.39 20.62 18.38 20.4 20.22 27.89 7.28 7.07 29.61 0.0 8.6 25.5 21.02 18.68 29.27 13.45 5.83 25.96 
11.18 22.14 5.0 16.4 15.62 15.81 15.26 23.32 7.0 4.0 24.6 8.6 0.0 20.59 14.56 14.87 22.02 15.13 8.25 21.63 
10.63 4.24 25.08 5.0 8.25 5.1 5.39 2.83 18.25 18.97 4.12 25.5 20.59 0.0 7.21 7.0 9.85 16.76 20.1 2.0 
3.61 7.62 19.42 6.08 8.94 5.1 4.12 10.0 14.32 14.0 10.63 21.02 14.56 7.21 0.0 6.71 8.54 16.28 16.49 8.94 
8.0 10.44 18.87 2.0 2.24 2.24 2.83 9.22 11.4 12.53 11.05 18.68 14.87 7.0 6.71 0.0 14.21 10.3 13.15 7.28 
11.05 6.08 27.02 12.73 16.28 12.04 11.4 11.18 22.8 22.2 10.0 29.27 22.02 9.85 8.54 14.21 0.0 24.41 25.0 11.7 
15.81 20.62 16.55 12.08 8.54 12.53 13.04 18.25 8.25 11.18 20.4 13.45 15.13 16.76 16.28 10.3 24.41 0.0 8.06 16.28 
14.32 23.02 8.54 15.13 12.65 15.03 15.0 22.36 2.24 4.47 24.19 5.83 8.25 20.1 16.49 13.15 25.0 8.06 0.0 20.4 
12.21 5.83 25.94 5.39 8.0 5.83 6.4 2.0 18.68 19.7 4.12 25.96 21.63 2.0 8.94 7.28 11.7 16.28 20.4 0.0 
