75
0.0 89.14 93.41 33.97 4.47 17.69 128.28 49.04 85.0 74.25 43.68 58.01 53.6 58.05 25.18 105.12 28.02 44.6 107.49 78.49 59.41 102.36 97.33 86.28 20.25 71.18 123.15 43.27 94.7 45.18 103.23 87.05 48.09 42.58 126.57 75.93 73.01 103.08 70.09 39.05 100.32 92.7 88.41 31.91 12.17 95.43 81.61 52.47 41.59 98.08 77.1 63.01 71.84 87.09 88.77 32.25 128.41 59.67 51.22 105.04 79.1 51.2 77.03 46.07 47.01 17.8 60.3 104.04 70.46 43.38 33.14 56.65 63.03 104.74 89.5 
89.14 0.0 29.07 66.48 87.01 103.41 64.51 57.25 89.4 84.22 107.56 104.45 53.34 32.56 64.5 44.18 61.29 48.05 24.08 75.0 110.15 23.26 15.26 80.45 102.39 33.94 65.31 72.01 30.02 51.55 59.54 66.19 101.55 47.04 63.89 19.21 111.21 35.51 30.41 97.14 17.03 32.25 65.31 65.79 77.32 76.16 9.43 37.05 89.55 29.15 124.28 105.39 94.11 78.03 17.26 89.19 74.15 32.28 55.95 17.89 13.45 90.05 80.28 50.6 75.18 80.28 29.02 17.0 116.76 77.82 56.57 84.05 104.56 19.8 16.12 
93.41 29.07 0.0 62.97 90.14 110.07 39.41 49.09 66.71 64.14 99.32 91.21 44.05 37.8 72.2 16.16 68.6 48.85 21.1 53.01 97.27 14.42 43.17 56.59 110.48 22.56 38.08 63.03 1.41 48.76 30.59 41.04 91.08 52.48 38.28 21.4 94.43 10.0 54.42 89.14 43.97 3.61 39.7 78.75 83.19 49.65 24.74 44.2 80.31 5.0 108.46 90.76 75.59 53.74 12.04 83.02 46.49 35.23 47.04 41.15 38.83 77.67 59.08 47.8 64.38 89.89 38.9 40.72 101.59 68.18 65.46 69.64 89.81 21.93 13.0 
33.97 66.48 62.97 0.0 29.83 51.66 95.26 15.26 55.11 44.55 41.59 43.6 20.12 34.18 26.0 72.8 24.19 18.79 80.0 46.1 48.17 74.06 78.39 54.23 53.81 40.45 89.69 13.04 64.13 15.13 69.4 53.26 37.54 23.35 93.48 49.37 55.46 72.03 58.73 31.38 81.15 61.61 54.56 40.05 28.18 62.13 57.49 31.38 25.46 67.9 65.22 46.65 46.27 54.56 61.01 22.85 94.63 34.21 17.49 84.12 60.37 30.41 45.88 16.12 18.11 39.56 38.91 83.17 57.43 17.09 27.2 30.41 46.14 78.1 62.03 
4.47 87.01 90.14 29.83 0.0 21.93 124.53 45.0 80.53 69.78 40.5 54.08 49.65 55.44 24.04 101.52 26.48 41.48 104.74 74.06 55.73 99.46 95.75 81.84 24.7 67.78 119.27 38.83 91.42 41.63 99.2 82.76 44.28 40.11 122.8 73.16 69.01 99.72 69.26 35.23 98.73 89.32 84.15 32.65 11.66 91.05 79.23 50.09 37.34 94.87 73.55 59.01 67.45 82.66 85.91 28.07 124.4 56.89 47.2 103.24 77.41 46.87 72.56 42.54 42.54 20.12 58.03 102.24 66.75 38.91 31.78 52.2 59.0 102.11 86.68 
17.69 103.41 110.07 51.66 21.93 0.0 145.65 66.71 101.6 90.92 54.01 71.02 71.22 73.68 39.05 122.3 42.45 61.27 123.08 95.8 71.25 118.27 110.07 103.47 5.39 88.12 140.66 60.61 111.4 62.43 120.88 104.69 60.83 58.19 143.96 91.71 86.15 119.87 81.15 52.17 113.07 109.57 106.08 40.31 26.93 112.93 96.54 67.72 56.65 114.63 88.0 76.3 87.46 104.4 104.68 47.17 146.03 75.61 68.88 118.34 92.35 66.48 94.03 63.29 64.07 24.08 75.19 117.35 82.15 60.21 46.87 72.9 76.49 120.07 105.3 
128.28 64.51 39.41 95.26 124.53 145.65 0.0 80.06 74.81 78.01 124.34 111.29 75.13 76.38 109.48 24.04 105.89 85.0 43.29 66.01 117.21 41.48 75.13 64.38 146.73 58.26 8.54 91.08 38.01 83.22 29.07 51.04 114.42 90.03 2.0 60.8 109.22 30.02 93.02 115.21 74.67 38.29 49.04 117.38 119.28 51.79 63.06 82.73 105.99 36.72 123.41 109.04 90.05 61.29 50.12 111.32 14.42 73.54 77.82 69.18 76.56 100.28 72.01 82.38 90.52 127.28 78.1 69.26 118.07 94.92 103.39 90.93 108.04 47.52 50.54 
49.04 57.25 49.09 15.26 45.0 66.71 80.06 0.0 46.04 36.5 51.2 47.43 5.1 27.59 36.4 57.87 33.53 16.49 67.48 34.53 53.0 61.2 70.72 42.76 68.59 27.07 74.43 14.87 50.16 10.2 54.2 39.12 44.38 24.33 78.26 38.63 55.97 57.71 56.6 40.79 73.25 47.38 40.22 49.24 42.01 48.75 47.85 27.78 32.57 54.08 68.01 48.92 42.05 42.45 48.84 34.01 79.4 26.25 2.24 75.13 53.91 33.02 36.0 10.44 18.03 52.48 33.3 74.24 60.31 20.62 34.37 28.43 48.17 66.1 50.01 
85.0 89.4 66.71 55.11 80.53 101.6 74.81 46.04 0.0 10.77 59.41 41.59 45.54 69.26 80.75 63.51 78.41 62.29 87.62 14.42 46.62 81.06 104.62 10.77 105.1 56.08 66.48 42.72 66.84 56.14 46.84 26.42 48.6 70.26 72.84 71.02 35.23 69.64 99.3 53.74 106.4 63.25 28.18 94.43 82.57 23.09 80.71 71.81 46.23 70.6 49.01 37.7 17.89 13.93 74.33 55.22 66.01 66.73 45.18 105.65 91.71 36.8 10.2 56.22 38.28 94.37 74.95 105.0 44.55 41.63 80.06 28.84 36.77 88.62 75.74 
74.25 84.22 64.14 44.55 69.78 90.92 78.01 36.5 10.77 0.0 50.61 34.21 36.69 61.33 70.35 63.6 68.12 52.95 85.23 12.17 39.81 78.55 99.25 15.23 94.37 50.33 70.03 32.02 64.5 46.69 49.09 27.17 39.82 60.83 76.01 65.3 31.58 68.54 91.39 44.05 101.24 60.9 29.15 84.15 71.84 28.16 75.17 63.25 36.07 68.48 45.89 31.26 12.17 17.72 70.29 44.82 70.86 59.03 35.9 101.14 85.15 27.02 6.0 46.87 27.51 83.68 67.12 100.42 40.11 30.87 70.01 18.44 30.27 85.7 71.7 
43.68 107.56 99.32 41.59 40.5 54.01 124.34 51.2 59.41 50.61 0.0 19.42 55.9 75.64 58.26 105.23 58.73 60.37 118.53 60.54 17.72 112.15 119.92 65.76 59.01 78.09 117.15 36.5 100.24 56.08 95.57 74.33 10.82 64.35 122.38 89.56 33.62 107.02 99.4 10.44 122.65 97.13 76.24 70.72 50.12 78.29 98.35 72.95 19.03 104.31 34.01 24.7 41.87 67.98 100.02 18.87 119.55 75.39 52.95 125.36 101.97 24.35 55.9 57.01 35.01 60.54 80.5 124.42 28.28 31.14 63.64 33.84 25.24 117.28 101.2 
58.01 104.45 91.21 43.6 54.08 71.02 111.29 47.43 41.59 34.21 19.42 0.0 51.11 74.65 66.31 94.43 65.74 60.81 111.63 45.54 6.08 105.0 118.15 49.34 75.66 72.09 103.59 33.3 91.92 55.23 82.22 60.3 10.2 66.71 109.29 85.48 15.13 97.67 101.91 19.03 120.65 88.53 62.29 80.06 61.39 62.36 95.02 73.55 18.79 96.05 21.63 5.39 23.71 51.92 94.15 26.48 104.92 73.6 48.55 122.3 101.21 14.42 40.02 55.97 29.41 72.99 80.16 121.43 13.89 27.59 69.84 21.59 5.83 111.07 95.46 
53.6 53.34 44.05 20.12 49.65 71.22 75.13 5.1 45.54 36.69 55.9 51.11 0.0 25.24 39.36 52.81 36.25 17.03 62.65 33.02 56.82 56.32 67.2 41.11 72.92 22.2 69.64 19.42 45.1 11.4 49.68 35.78 48.7 25.02 73.36 34.44 58.69 52.61 55.01 45.54 69.63 42.3 36.72 51.55 46.01 45.88 43.91 26.57 37.11 49.04 71.22 52.2 43.57 40.45 44.15 39.0 74.81 23.43 3.0 71.2 50.91 36.72 35.36 11.18 21.93 56.04 31.06 70.33 63.6 25.0 36.4 31.14 51.4 61.39 45.35 
58.05 32.56 37.8 34.18 55.44 73.68 76.38 27.59 69.26 61.33 75.64 74.65 25.24 0.0 34.93 52.35 31.38 15.52 49.48 55.54 80.0 44.6 44.28 62.97 73.54 19.7 73.41 41.4 39.2 19.72 58.18 53.04 70.49 15.52 75.01 18.03 83.55 47.8 30.08 65.31 47.01 38.21 53.15 41.04 46.84 64.03 24.02 6.4 58.31 41.88 95.52 76.42 68.8 61.52 31.02 57.01 80.71 3.16 27.02 50.0 26.63 60.31 59.14 18.87 45.34 52.35 5.83 49.04 87.78 47.2 27.78 55.97 75.69 46.69 31.62 
25.18 64.5 72.2 26.0 24.04 39.05 109.48 36.4 80.75 70.35 58.26 66.31 39.36 34.93 0.0 85.6 3.61 24.76 84.12 70.6 69.77 79.48 72.17 78.85 38.63 51.22 105.42 39.01 73.57 28.3 87.32 75.13 58.18 19.72 107.94 52.92 79.7 82.15 45.22 49.93 75.17 72.11 76.06 14.14 13.04 85.09 57.49 28.79 47.54 76.54 87.66 70.23 72.17 78.75 65.92 40.82 111.76 37.12 38.08 80.0 54.01 54.82 71.2 28.84 44.05 17.8 36.14 79.0 80.11 42.43 8.0 56.22 69.89 81.04 66.48 
105.12 44.18 16.16 72.8 101.52 122.3 24.04 57.87 63.51 63.6 105.23 94.43 52.81 52.35 85.6 0.0 82.01 61.29 28.64 51.55 100.5 23.77 57.14 52.77 123.17 34.41 21.93 70.21 14.87 59.94 19.21 37.16 96.01 66.07 22.67 37.22 95.08 9.22 70.58 95.52 57.43 14.42 35.34 93.34 95.72 42.8 40.8 58.69 86.37 15.03 109.38 93.06 75.69 49.65 27.89 90.61 30.36 49.5 55.66 53.37 54.82 82.01 57.87 59.06 70.46 103.41 54.2 53.15 103.16 74.67 79.4 73.11 92.07 31.62 28.64 
28.02 61.29 68.6 24.19 26.48 42.45 105.89 33.53 78.41 68.12 58.73 65.74 36.25 31.38 3.61 82.01 0.0 21.26 80.65 67.91 69.46 75.96 69.35 76.16 42.15 47.63 101.86 37.22 69.97 25.06 83.87 72.01 57.98 16.12 104.35 49.4 78.77 78.55 43.08 50.0 72.34 68.51 72.9 16.03 16.03 82.08 54.13 25.3 46.96 72.95 87.24 69.46 70.46 75.96 62.39 40.8 108.25 33.54 35.11 77.03 51.09 53.76 68.73 25.55 42.3 21.4 32.76 76.03 79.61 41.0 5.39 54.59 69.08 77.62 62.97 
44.6 48.05 48.85 18.79 41.48 61.27 85.0 16.49 62.29 52.95 60.37 60.81 17.03 15.52 24.76 61.29 21.26 0.0 63.51 50.04 65.86 58.05 59.62 58.14 61.91 26.93 80.72 27.66 50.16 6.32 62.63 51.87 55.8 8.0 83.41 32.06 71.03 58.6 41.23 50.12 62.39 48.3 52.55 35.34 34.48 62.36 39.32 12.81 43.6 53.49 82.13 63.13 58.31 57.43 44.55 41.63 87.0 16.03 17.12 65.52 41.59 46.75 52.15 6.08 32.2 42.45 20.12 64.56 74.33 33.24 20.12 43.91 62.48 61.13 45.4 
107.49 24.08 21.1 80.0 104.74 123.08 43.29 67.48 87.62 85.23 118.53 111.63 62.65 49.48 84.12 28.64 80.65 63.51 0.0 74.06 117.64 6.71 32.02 77.34 122.7 40.45 46.1 82.04 20.81 65.03 47.51 61.62 110.86 65.0 43.1 31.58 115.39 19.72 54.49 108.19 31.4 24.41 60.14 87.66 96.3 69.43 27.29 55.36 99.64 17.03 129.36 111.43 96.65 74.41 19.03 101.4 55.08 47.85 65.62 26.0 37.48 97.8 80.16 64.03 83.95 101.02 48.1 26.02 122.38 87.48 76.55 90.14 110.49 4.47 18.11 
78.49 75.0 53.01 46.1 74.06 95.8 66.01 34.53 14.42 12.17 60.54 45.54 33.02 55.54 70.6 51.55 67.91 50.04 74.06 0.0 51.35 67.42 90.21 8.25 98.74 41.68 58.14 35.23 53.25 44.18 37.01 15.03 49.98 58.03 64.01 56.6 43.74 56.8 85.44 52.84 92.01 49.65 17.03 83.74 74.25 18.03 66.29 58.55 44.1 57.14 58.05 43.05 24.33 8.6 60.11 51.86 59.44 52.89 33.24 91.35 77.37 36.25 6.32 44.1 31.89 85.62 61.13 90.69 52.24 36.07 68.88 26.83 42.05 74.81 61.52 
59.41 110.15 97.27 48.17 55.73 71.25 117.21 53.0 46.62 39.81 17.72 6.08 56.82 80.0 69.77 100.5 69.46 65.86 117.64 51.35 0.0 111.02 123.71 54.82 76.11 78.0 109.46 38.6 97.98 60.44 88.14 66.19 11.7 71.45 115.21 91.24 16.12 103.75 106.78 20.62 126.25 94.59 68.18 83.26 63.89 67.91 100.72 78.64 22.8 102.11 18.03 8.94 28.79 57.49 100.09 29.15 110.64 79.06 54.2 128.02 106.61 20.12 45.71 61.22 34.99 75.19 85.43 127.14 11.05 32.8 73.78 27.66 9.85 117.05 101.39 
102.36 23.26 14.42 74.06 99.46 118.27 41.48 61.2 81.06 78.55 112.15 105.0 56.32 44.6 79.48 23.77 75.96 58.05 6.71 67.42 111.02 0.0 34.06 70.84 118.11 34.13 43.1 75.66 14.21 59.21 42.05 55.17 104.35 60.08 41.0 26.57 108.69 14.56 53.01 101.83 34.01 17.8 53.74 83.86 91.39 63.25 24.08 50.7 93.21 10.63 122.65 104.75 89.94 67.94 13.6 95.19 52.09 42.72 59.3 29.61 36.06 91.21 73.5 58.22 77.47 96.66 43.83 29.43 115.69 81.05 72.09 83.49 103.82 8.06 13.0 
97.33 15.26 43.17 78.39 95.75 110.07 75.13 70.72 104.62 99.25 119.92 118.15 67.2 44.28 72.17 57.14 69.35 59.62 32.02 90.21 123.71 34.06 0.0 95.72 108.37 48.92 77.16 85.23 43.93 63.95 73.76 81.41 114.61 57.01 74.81 33.97 125.61 48.04 30.36 109.59 3.0 46.57 80.5 70.58 85.21 91.29 24.08 47.43 102.47 42.3 138.41 119.4 108.89 93.3 31.95 101.24 86.15 44.78 69.63 9.43 18.44 103.73 95.43 63.06 88.75 86.21 39.56 8.6 130.8 91.07 64.2 98.23 118.6 27.66 30.68 
86.28 80.45 56.59 54.23 81.84 103.47 64.38 42.76 10.77 15.23 65.76 49.34 41.11 62.97 78.85 52.77 76.16 58.14 77.34 8.25 54.82 70.84 95.72 0.0 106.53 47.93 56.14 43.05 56.64 52.35 36.14 15.81 55.01 66.12 62.39 62.61 45.0 59.08 92.65 58.82 97.35 53.08 17.49 91.98 82.35 13.15 72.07 66.27 50.45 60.31 59.08 46.1 26.31 3.16 64.82 58.69 56.22 60.21 41.44 96.21 83.77 41.88 10.0 52.24 39.41 93.78 68.45 95.6 54.08 43.42 77.1 32.8 45.12 78.52 66.22 
20.25 102.39 110.48 53.81 24.7 5.39 146.73 68.59 105.1 94.37 59.01 75.66 72.92 73.54 38.63 123.17 42.15 61.91 122.7 98.74 76.11 118.11 108.37 106.53 0.0 88.84 142.0 63.51 111.83 63.6 122.58 107.06 65.49 58.18 145.09 91.55 90.8 120.35 79.0 56.72 111.36 110.15 108.37 38.0 27.46 115.6 95.88 67.42 60.73 114.93 93.02 80.89 91.42 107.34 104.55 51.24 147.63 75.64 70.72 116.84 90.93 70.52 97.25 64.4 67.23 22.2 74.63 115.85 87.05 63.53 46.17 76.56 81.05 119.55 105.11 
71.18 33.94 22.56 40.45 67.78 88.12 58.26 27.07 56.08 50.33 78.09 72.09 22.2 19.7 51.22 34.41 47.63 26.93 40.45 41.68 78.0 34.13 48.92 47.93 88.84 0.0 54.49 41.59 23.77 26.25 38.48 35.51 70.6 31.83 56.73 15.0 77.67 31.95 46.1 67.74 50.93 21.54 35.23 59.67 61.4 46.39 24.84 25.55 59.23 27.46 91.07 72.47 60.21 45.88 22.14 61.07 61.4 16.55 25.18 51.22 35.85 57.94 46.62 25.3 43.68 69.03 23.54 50.45 83.73 47.07 45.25 51.0 71.59 39.29 23.41 
123.15 65.31 38.08 89.69 119.27 140.66 8.54 74.43 66.48 70.03 117.15 103.59 69.64 73.41 105.42 21.93 101.86 80.72 46.1 58.14 109.46 43.1 77.16 56.14 142.0 54.49 0.0 84.69 36.77 78.41 21.59 43.29 107.08 86.28 6.71 59.06 101.08 29.83 92.48 108.24 77.03 36.24 41.3 114.11 114.63 43.42 62.63 79.65 99.04 36.4 115.21 101.18 82.0 53.08 49.65 104.75 9.0 70.43 72.2 72.06 76.54 92.96 64.03 77.62 83.82 123.17 75.72 72.03 110.0 88.26 99.72 83.55 100.18 50.01 50.29 
43.27 72.01 63.03 13.04 38.83 60.61 91.08 14.87 42.72 32.02 36.5 33.3 19.42 41.4 39.01 70.21 37.22 27.66 82.04 35.23 38.6 75.66 85.23 43.05 63.51 41.59 84.69 0.0 64.01 21.93 63.51 44.82 29.55 34.13 89.2 53.49 43.57 71.11 68.88 26.17 87.82 61.01 46.4 53.08 39.85 52.4 62.65 40.31 17.72 68.03 54.49 35.47 33.24 43.83 63.56 20.4 88.59 40.5 16.49 89.9 68.01 19.1 34.01 22.67 5.1 51.66 46.86 89.0 46.69 5.83 40.02 17.46 34.83 80.81 64.76 
94.7 30.02 1.41 64.13 91.42 111.4 38.01 50.16 66.84 64.5 100.24 91.92 45.1 39.2 73.57 14.87 69.97 50.16 20.81 53.25 97.98 14.21 43.93 56.64 111.83 23.77 36.77 64.01 0.0 50.0 29.83 41.01 91.92 53.85 36.89 22.8 94.94 8.6 55.71 90.09 44.64 3.61 39.62 80.16 84.53 49.41 25.96 45.61 81.22 4.12 109.0 91.39 76.03 53.76 13.15 84.05 45.22 36.62 48.09 41.63 40.02 78.45 59.36 49.04 65.28 91.27 40.31 41.23 102.18 69.12 66.85 70.34 90.44 21.93 14.04 
45.18 51.55 48.76 15.13 41.63 62.43 83.22 10.2 56.14 46.69 56.08 55.23 11.4 19.72 28.3 59.94 25.06 6.32 65.03 44.18 60.44 59.21 63.95 52.35 63.6 26.25 78.41 21.93 50.0 0.0 59.41 47.01 50.77 14.14 81.54 34.23 65.0 58.19 47.2 45.69 66.64 47.76 47.85 40.16 36.24 57.25 42.45 18.44 38.59 53.6 76.38 57.31 52.0 51.79 46.01 37.64 84.22 19.31 11.0 69.29 46.32 41.01 46.04 1.0 26.25 45.45 25.0 68.35 68.59 27.66 25.0 37.74 56.64 63.03 47.0 
103.23 59.54 30.59 69.4 99.2 120.88 29.07 54.2 46.84 49.09 95.57 82.22 49.68 58.18 87.32 19.21 83.87 62.63 47.51 37.01 88.14 42.05 73.76 36.14 122.58 38.48 21.59 63.51 29.83 59.41 0.0 22.0 85.51 69.07 27.07 47.52 80.5 27.78 82.04 86.68 74.46 27.29 20.0 97.35 95.48 24.6 54.0 63.95 77.49 31.95 94.76 80.01 61.2 32.98 42.3 83.38 25.24 55.04 52.01 71.17 68.03 71.39 43.1 58.73 62.39 104.8 61.68 70.84 89.2 66.85 82.42 61.98 79.01 50.09 43.42 
87.05 66.19 41.04 53.26 82.76 104.69 51.04 39.12 26.42 27.17 74.33 60.3 35.78 53.04 75.13 37.16 72.01 51.87 61.62 15.03 66.19 55.17 81.41 15.81 107.06 35.51 43.29 44.82 41.01 47.01 22.0 0.0 64.03 59.48 49.04 49.34 58.69 43.27 81.5 65.92 82.86 37.48 2.0 87.09 81.02 11.0 58.31 57.43 56.86 44.6 72.99 58.01 39.32 12.81 49.93 63.63 45.22 50.01 37.22 81.27 70.88 50.0 21.21 46.62 42.72 91.59 58.01 80.71 67.27 47.17 71.87 40.52 57.01 62.94 51.31 
48.09 101.55 91.08 37.54 44.28 60.83 114.42 44.38 48.6 39.82 10.82 10.2 48.7 70.49 58.18 96.01 57.98 55.8 110.86 49.98 11.7 104.35 114.61 55.01 65.49 70.6 107.08 29.55 91.92 50.77 85.51 64.03 0.0 60.88 112.45 83.01 25.32 98.33 96.26 9.06 117.24 88.68 65.97 71.59 52.2 67.62 92.2 68.6 12.21 96.03 29.73 15.52 31.14 57.27 92.72 17.46 109.2 69.84 45.88 119.44 97.1 14.14 45.19 51.62 26.93 63.56 75.72 118.53 22.56 23.77 62.43 23.54 15.81 109.9 93.96 
42.58 47.04 52.48 23.35 40.11 58.19 90.03 24.33 70.26 60.83 64.35 66.71 25.02 15.52 19.72 66.07 16.12 8.0 65.0 58.03 71.45 60.08 57.01 66.12 58.18 31.83 86.28 34.13 53.85 14.14 69.07 59.48 60.88 0.0 88.53 33.53 77.7 62.43 35.38 54.41 59.91 52.43 60.08 28.3 31.32 70.09 39.12 10.0 48.8 56.82 88.24 69.4 65.79 65.38 46.49 45.49 92.96 17.46 25.08 63.79 38.6 53.01 60.13 14.04 38.95 37.44 18.03 62.8 80.43 39.41 13.45 50.99 68.82 62.17 47.13 
126.57 63.89 38.28 93.48 122.8 143.96 2.0 78.26 72.84 76.01 122.38 109.29 73.36 75.01 107.94 22.67 104.35 83.41 43.1 64.01 115.21 41.0 74.81 62.39 145.09 56.73 6.71 89.2 36.89 81.54 27.07 49.04 112.45 88.53 0.0 59.64 107.23 29.07 92.14 113.27 74.43 37.01 47.04 115.97 117.64 49.82 62.17 81.34 104.05 35.78 121.41 107.04 88.05 59.3 49.19 109.42 13.42 72.14 76.03 69.07 75.77 98.31 70.01 80.71 88.6 125.73 76.84 69.12 116.07 93.01 101.91 88.96 106.04 47.27 49.66 
75.93 19.21 21.4 49.37 73.16 91.71 60.8 38.63 71.02 65.3 89.56 85.48 34.44 18.03 52.92 37.22 49.4 32.06 31.58 56.6 91.24 26.57 33.97 62.61 91.55 15.0 59.06 53.49 22.8 34.23 47.52 49.34 83.01 33.53 59.64 0.0 92.01 31.14 34.53 79.12 36.07 22.83 48.76 58.01 64.85 59.91 9.9 24.17 71.17 24.76 105.12 86.28 74.97 60.42 13.0 71.59 67.12 16.28 37.16 36.89 21.59 71.12 61.61 33.24 56.36 70.21 17.8 36.06 97.64 59.24 45.62 64.9 85.44 29.07 13.6 
73.01 111.21 94.43 55.46 69.01 86.15 109.22 55.97 35.23 31.58 33.62 15.13 58.69 83.55 79.7 95.08 78.77 71.03 115.39 43.74 16.12 108.69 125.61 45.0 90.8 77.67 101.08 43.57 94.94 65.0 80.5 58.69 25.32 77.7 107.23 92.01 0.0 99.62 112.2 34.13 127.91 91.39 60.67 93.68 75.8 58.03 101.83 83.41 32.56 99.01 14.32 10.0 19.42 48.01 99.13 41.11 101.12 82.04 56.59 128.81 109.6 25.08 37.48 65.6 38.83 87.57 89.27 128.0 9.49 38.47 82.46 27.59 10.05 115.41 100.5 
103.08 35.51 10.0 72.03 99.72 119.87 30.02 57.71 69.64 68.54 107.02 97.67 52.61 47.8 82.15 9.22 78.55 58.6 19.72 56.8 103.75 14.56 48.04 59.08 120.35 31.95 29.83 71.11 8.6 58.19 27.78 43.27 98.33 62.43 29.07 31.14 99.62 0.0 63.07 97.01 48.26 10.44 41.62 88.73 93.02 50.21 33.11 54.2 88.01 6.71 113.84 96.77 80.41 56.04 20.12 91.35 38.64 45.22 55.58 44.15 46.82 84.59 63.07 57.25 72.01 99.86 48.8 43.93 107.28 76.01 75.45 76.12 95.8 22.47 20.62 
70.09 30.41 54.42 58.73 69.26 81.15 93.02 56.6 99.3 91.39 99.4 101.91 55.01 30.08 45.22 70.58 43.08 41.23 54.49 85.44 106.78 53.01 30.36 92.65 79.0 46.1 92.48 68.88 55.71 47.2 82.04 81.5 96.26 35.38 92.14 34.53 112.2 63.07 0.0 89.64 33.24 56.61 81.3 41.0 57.97 92.44 29.97 28.84 84.17 56.36 123.33 104.35 98.49 91.01 42.95 80.6 100.9 32.57 56.44 39.56 17.03 87.97 89.2 46.62 73.41 57.08 24.35 38.63 115.52 74.41 37.7 84.88 103.71 50.21 42.49 
39.05 97.14 89.14 31.38 35.23 52.17 115.21 40.79 53.74 44.05 10.44 19.03 45.54 65.31 49.93 95.52 50.0 50.12 108.19 52.84 20.62 101.83 109.59 58.82 56.72 67.74 108.24 26.17 90.09 45.69 86.68 65.92 9.06 54.41 113.27 79.12 34.13 97.01 89.64 0.0 112.31 87.02 67.78 63.06 43.32 70.83 87.92 62.77 9.22 94.13 38.6 24.19 37.2 60.75 89.63 9.22 111.07 65.0 42.58 114.95 91.71 17.03 48.83 46.62 25.08 54.57 70.24 114.02 31.58 21.0 54.67 26.08 24.33 106.89 90.8 
100.32 17.03 43.97 81.15 98.73 113.07 74.67 73.25 106.4 101.24 122.65 120.65 69.63 47.01 75.17 57.43 72.34 62.39 31.4 92.01 126.25 34.01 3.0 97.35 111.36 50.93 77.03 87.82 44.64 66.64 74.46 82.86 117.24 59.91 74.43 36.07 127.91 48.26 33.24 112.31 0.0 47.43 81.88 73.55 88.2 92.57 26.17 50.29 105.12 42.76 140.8 121.83 111.04 94.87 33.11 104.0 86.02 47.41 72.11 7.07 21.38 106.23 97.31 65.74 91.27 89.2 42.38 6.4 133.22 93.65 67.19 100.6 121.02 27.17 31.78 
92.7 32.25 3.61 61.61 89.32 109.57 38.29 47.38 63.25 60.9 97.13 88.53 42.3 38.21 72.11 14.42 68.51 48.3 24.41 49.65 94.59 17.8 46.57 53.08 110.15 21.54 36.24 61.01 3.61 47.76 27.29 37.48 88.68 52.43 37.01 22.83 91.39 10.44 56.61 87.02 47.43 0.0 36.12 79.25 82.76 46.04 27.29 44.6 78.1 7.62 105.48 87.93 72.45 50.21 15.03 81.15 44.38 35.47 45.28 44.72 41.44 75.13 55.76 46.82 62.13 89.87 39.82 44.28 98.68 66.03 65.6 66.94 86.98 25.46 16.12 
88.41 65.31 39.7 54.56 84.15 106.08 49.04 40.22 28.18 29.15 76.24 62.29 36.72 53.15 76.06 35.34 72.9 52.55 60.14 17.03 68.18 53.74 80.5 17.49 108.37 35.23 41.3 46.4 39.62 47.85 20.0 2.0 65.97 60.08 47.04 48.76 60.67 41.62 81.3 67.78 81.88 36.12 0.0 87.85 82.2 11.18 57.58 57.71 58.69 43.14 74.97 60.01 41.3 14.42 48.88 65.37 43.32 50.09 38.28 80.16 70.34 51.92 23.19 47.42 44.42 92.65 58.01 79.61 69.26 48.88 72.62 42.45 59.01 61.55 50.25 
31.91 65.79 78.75 40.05 32.65 40.31 117.38 49.24 94.43 84.15 70.72 80.06 51.55 41.04 14.14 93.34 16.03 35.34 87.66 83.74 83.26 83.86 70.58 91.98 38.0 59.67 114.11 53.08 80.16 40.16 97.35 87.09 71.59 28.3 115.97 58.01 93.68 88.73 41.0 63.06 73.55 79.25 87.85 0.0 21.21 97.41 60.37 34.66 61.35 82.62 101.24 84.12 86.28 91.68 70.72 54.13 121.04 43.84 50.7 79.25 53.6 68.88 84.72 40.5 58.14 16.28 40.22 78.26 93.78 56.57 15.23 70.35 83.82 84.1 71.02 
12.17 77.32 83.19 28.18 11.66 26.93 119.28 42.01 82.57 71.84 50.12 61.39 46.01 46.84 13.04 95.72 16.03 34.48 96.3 74.25 63.89 91.39 85.21 82.35 27.46 61.4 114.63 39.85 84.53 36.24 95.48 81.02 52.2 31.32 117.64 64.85 75.8 93.02 57.97 43.32 88.2 82.76 82.2 21.21 0.0 90.21 70.04 41.0 43.29 87.73 81.91 65.92 71.45 82.73 77.79 34.93 120.42 48.7 44.05 93.01 67.03 52.01 73.74 37.01 44.38 12.04 48.66 92.01 74.73 41.59 21.02 55.58 65.76 93.39 78.45 
95.43 76.16 49.65 62.13 91.05 112.93 51.79 48.75 23.09 28.16 78.29 62.36 45.88 64.03 85.09 42.8 82.08 62.36 69.43 18.03 67.91 63.25 91.29 13.15 115.6 46.39 43.42 52.4 49.41 57.25 24.6 11.0 67.62 70.09 49.82 59.91 58.03 50.21 92.44 70.83 92.57 46.04 11.18 97.41 90.21 0.0 68.62 68.36 62.13 52.63 72.01 59.23 39.46 10.44 59.48 69.81 43.1 61.01 47.01 90.55 81.49 54.12 22.47 56.92 49.52 101.12 69.01 90.05 67.19 53.81 82.22 44.78 58.25 71.22 60.83 
81.61 9.43 24.74 57.49 79.23 96.54 63.06 47.85 80.71 75.17 98.35 95.02 43.91 24.02 57.49 40.8 54.13 39.32 27.29 66.29 100.72 24.08 24.08 72.07 95.88 24.84 62.63 62.65 25.96 42.45 54.0 58.31 92.2 39.12 62.17 9.9 101.83 33.11 29.97 87.92 26.17 27.29 57.58 60.37 70.04 68.62 0.0 29.15 80.23 26.4 114.86 95.96 84.86 69.77 13.0 80.08 71.17 23.35 46.53 27.29 14.14 80.62 71.4 41.48 65.76 74.0 21.38 26.42 107.34 68.45 49.73 74.63 95.13 23.77 12.53 
52.47 37.05 44.2 31.38 50.09 67.72 82.73 27.78 71.81 63.25 72.95 73.55 26.57 6.4 28.79 58.69 25.3 12.81 55.36 58.55 78.64 50.7 47.43 66.27 67.42 25.55 79.65 40.31 45.61 18.44 63.95 57.43 68.6 10.0 81.34 24.17 83.41 54.2 28.84 62.77 50.29 44.6 57.71 34.66 41.0 68.36 29.15 0.0 56.4 48.26 94.79 75.74 69.77 65.07 37.16 54.12 86.84 9.22 27.73 53.94 29.15 59.41 61.61 17.8 44.69 46.07 8.06 52.95 87.0 45.97 21.47 56.04 75.07 52.39 37.7 
41.59 89.55 80.31 25.46 37.34 56.65 105.99 32.57 46.23 36.07 19.03 18.79 37.11 58.31 47.54 86.37 46.96 43.6 99.64 44.1 22.8 93.21 102.47 50.45 60.73 59.23 99.04 17.72 81.22 38.59 77.49 56.86 12.21 48.8 104.05 71.17 32.56 88.01 84.17 9.22 105.12 78.1 58.69 61.35 43.29 62.13 80.23 56.4 0.0 85.29 40.31 22.8 30.87 52.2 81.25 9.49 101.95 57.71 34.21 107.42 84.91 9.85 40.46 39.45 16.0 55.15 63.51 106.51 32.65 12.17 51.11 17.69 22.56 98.49 82.46 
98.08 29.15 5.0 67.9 94.87 114.63 36.72 54.08 70.6 68.48 104.31 96.05 49.04 41.88 76.54 15.03 72.95 53.49 17.03 57.14 102.11 10.63 42.3 60.31 114.93 27.46 36.4 68.03 4.12 53.6 31.95 44.6 96.03 56.82 35.78 24.76 99.01 6.71 56.36 94.13 42.76 7.62 43.14 82.62 87.73 52.63 26.4 48.26 85.29 0.0 113.09 95.51 80.06 57.38 13.42 88.02 45.12 39.45 52.04 39.22 40.16 82.57 63.29 52.63 69.35 94.15 42.52 38.9 106.28 73.17 69.64 74.46 94.56 18.6 13.93 
77.1 124.28 108.46 65.22 73.55 88.0 123.41 68.01 49.01 45.89 34.01 21.63 71.22 95.52 87.66 109.38 87.24 82.13 129.36 58.05 18.03 122.65 138.41 59.08 93.02 91.07 115.21 54.49 109.0 76.38 94.76 72.99 29.73 88.24 121.41 105.12 14.32 113.84 123.33 38.6 140.8 105.48 74.97 101.24 81.91 72.01 114.86 94.79 40.31 113.09 0.0 19.1 33.73 62.13 112.77 47.17 115.02 94.26 68.88 142.0 121.92 35.38 51.79 77.08 50.21 93.15 101.14 141.17 7.81 48.92 91.42 40.22 19.85 129.25 114.13 
63.01 105.39 90.76 46.65 59.01 76.3 109.04 48.92 37.7 31.26 24.7 5.39 52.2 76.42 70.23 93.06 69.46 63.13 111.43 43.05 8.94 104.75 119.4 46.1 80.89 72.47 101.18 35.47 91.39 57.31 80.01 58.01 15.52 69.4 107.04 86.28 10.0 96.77 104.35 24.19 121.83 87.93 60.01 84.12 65.92 59.23 95.96 75.74 22.8 95.51 19.1 0.0 19.92 48.84 94.37 31.14 102.11 75.17 49.82 123.17 102.83 16.4 37.22 58.0 31.11 77.65 82.04 122.33 11.4 30.0 73.35 21.47 1.0 111.09 95.71 
71.84 94.11 75.59 46.27 67.45 87.46 90.05 42.05 17.89 12.17 41.87 23.71 43.57 68.8 72.17 75.69 70.46 58.31 96.65 24.33 28.79 89.94 108.89 26.31 91.42 60.21 82.0 33.24 76.03 52.0 61.2 39.32 31.14 65.79 88.05 74.97 19.42 80.41 98.49 37.2 111.04 72.45 41.3 86.28 71.45 39.46 84.86 69.77 30.87 80.06 33.73 19.92 0.0 29.15 81.02 40.31 82.49 66.85 42.06 111.4 93.86 21.02 18.11 52.39 28.16 83.49 74.63 110.63 28.02 30.02 73.16 16.0 18.97 96.9 82.42 
87.09 78.03 53.74 54.56 82.66 104.4 61.29 42.45 13.93 17.72 67.98 51.92 40.45 61.52 78.75 49.65 75.96 57.43 74.41 8.6 57.49 67.94 93.3 3.16 107.34 45.88 53.08 43.83 53.76 51.79 32.98 12.81 57.27 65.38 59.3 60.42 48.01 56.04 91.01 60.75 94.87 50.21 14.42 91.68 82.73 10.44 69.77 65.07 52.2 57.38 62.13 48.84 29.15 0.0 62.2 60.21 53.34 58.69 41.0 93.6 81.71 43.91 12.08 51.62 40.46 94.02 66.91 93.01 57.04 44.6 76.69 34.67 47.85 75.66 63.6 
88.77 17.26 12.04 61.01 85.91 104.68 50.12 48.84 74.33 70.29 100.02 94.15 44.15 31.02 65.92 27.89 62.39 44.55 19.03 60.11 100.09 13.6 31.95 64.82 104.55 22.14 49.65 63.56 13.15 46.01 42.3 49.93 92.72 46.49 49.19 13.0 99.13 20.12 42.95 89.63 33.11 15.03 48.88 70.72 77.79 59.48 13.0 37.16 81.25 13.42 112.77 94.37 81.02 62.2 0.0 82.61 58.24 29.12 47.07 31.4 26.93 80.06 65.8 45.01 65.8 83.19 30.53 30.81 105.55 69.12 58.6 72.92 93.47 17.26 1.41 
32.25 89.19 83.02 22.85 28.07 47.17 111.32 34.01 55.22 44.82 18.87 26.48 39.0 57.01 40.82 90.61 40.8 41.63 101.4 51.86 29.15 95.19 101.24 58.69 51.24 61.07 104.75 20.4 84.05 37.64 83.38 63.63 17.46 45.49 109.42 71.59 41.11 91.35 80.6 9.22 104.0 81.15 65.37 54.13 34.93 69.81 80.08 54.12 9.49 88.02 47.17 31.14 40.31 60.21 82.61 0.0 108.26 56.92 36.0 106.89 83.19 19.31 48.8 38.6 21.02 46.53 61.74 105.95 39.85 16.55 45.45 26.4 31.06 99.85 83.73 
128.41 74.15 46.49 94.63 124.4 146.03 14.42 79.4 66.01 70.86 119.55 104.92 74.81 80.71 111.76 30.36 108.25 87.0 55.08 59.44 110.64 52.09 86.15 56.22 147.63 61.4 9.0 88.59 45.22 84.22 25.24 45.22 109.2 92.96 13.42 67.12 101.12 38.64 100.9 111.07 86.02 44.38 43.32 121.04 120.42 43.1 71.17 86.84 101.95 45.12 115.02 102.11 82.49 53.34 58.24 108.26 0.0 77.67 77.2 81.06 85.16 95.21 64.94 83.49 87.24 129.4 83.35 81.02 110.29 91.71 106.4 85.73 101.12 59.01 58.94 
59.67 32.28 35.23 34.21 56.89 75.61 73.54 26.25 66.73 59.03 75.39 73.6 23.43 3.16 37.12 49.5 33.54 16.03 47.85 52.89 79.06 42.72 44.78 60.21 75.64 16.55 70.43 40.5 36.62 19.31 55.04 50.01 69.84 17.46 72.14 16.28 82.04 45.22 32.57 65.0 47.41 35.47 50.09 43.84 48.7 61.01 23.35 9.22 57.71 39.45 94.26 75.17 66.85 58.69 29.12 56.92 77.67 0.0 25.46 49.98 27.66 59.2 56.65 18.38 44.2 54.71 8.25 49.04 86.56 46.32 30.23 54.45 74.41 45.28 29.83 
51.22 55.95 47.04 17.49 47.2 68.88 77.82 2.24 45.18 35.9 52.95 48.55 3.0 27.02 38.08 55.66 35.11 17.12 65.62 33.24 54.2 59.3 69.63 41.44 70.72 25.18 72.2 16.49 48.09 11.0 52.01 37.22 45.88 25.08 76.03 37.16 56.59 55.58 56.44 42.58 72.11 45.28 38.28 50.7 44.05 47.01 46.53 27.73 34.21 52.04 68.88 49.82 42.06 41.0 47.07 36.0 77.2 25.46 0.0 73.82 53.08 34.13 35.06 11.05 19.24 54.38 32.8 72.95 61.22 22.14 35.69 29.0 49.04 64.33 48.27 
105.04 17.89 41.15 84.12 103.24 118.34 69.18 75.13 105.65 101.14 125.36 122.3 71.2 50.0 80.0 53.37 77.03 65.52 26.0 91.35 128.02 29.61 9.43 96.21 116.84 51.22 72.06 89.9 41.63 69.29 71.17 81.27 119.44 63.79 69.07 36.89 128.81 44.15 39.56 114.95 7.07 44.72 80.16 79.25 93.01 90.55 27.29 53.94 107.42 39.22 142.0 123.17 111.4 93.6 31.4 106.89 81.06 49.98 73.82 0.0 26.02 107.91 96.9 68.35 93.06 94.64 45.89 1.0 134.53 95.71 72.0 101.79 122.33 22.09 30.0 
79.1 13.45 38.83 60.37 77.41 92.35 76.56 53.91 91.71 85.15 101.97 101.21 50.91 26.63 54.01 54.82 51.09 41.59 37.48 77.37 106.61 36.06 18.44 83.77 90.93 35.85 76.54 68.01 40.02 46.32 68.03 70.88 97.1 38.6 75.77 21.59 109.6 46.82 17.03 91.71 21.38 41.44 70.34 53.6 67.03 81.49 14.14 29.15 84.91 40.16 121.92 102.83 93.86 81.71 26.93 83.19 85.16 27.66 53.08 26.02 0.0 86.83 81.99 45.49 71.84 68.73 21.47 25.02 114.21 73.82 46.01 82.04 102.07 33.24 26.25 
51.2 90.05 77.67 30.41 46.87 66.48 100.28 33.02 36.8 27.02 24.35 14.42 36.72 60.31 54.82 82.01 53.76 46.75 97.8 36.25 20.12 91.21 103.73 41.88 70.52 57.94 92.96 19.1 78.45 41.01 71.39 50.0 14.14 53.01 98.31 71.12 25.08 84.59 87.97 17.03 106.23 75.13 51.92 68.88 52.01 54.12 80.62 59.41 9.85 82.57 35.38 16.4 21.02 43.91 80.06 19.31 95.21 59.2 34.13 107.91 86.83 0.0 31.91 41.73 15.0 64.0 65.86 107.04 27.59 13.6 57.38 9.49 15.81 97.08 81.34 
77.03 80.28 59.08 45.88 72.56 94.03 72.01 36.0 10.2 6.0 55.9 40.02 35.36 59.14 71.2 57.87 68.73 52.15 80.16 6.32 45.71 73.5 95.43 10.0 97.25 46.62 64.03 34.01 59.36 46.04 43.1 21.21 45.19 60.13 70.01 61.61 37.48 63.07 89.2 48.83 97.31 55.76 23.19 84.72 73.74 22.47 71.4 61.61 40.46 63.29 51.79 37.22 18.11 12.08 65.8 48.8 64.94 56.65 35.06 96.9 81.99 31.91 0.0 46.1 30.02 85.38 64.85 96.21 46.1 33.84 70.18 22.8 36.22 80.8 67.21 
46.07 50.6 47.8 16.12 42.54 63.29 82.38 10.44 56.22 46.87 57.01 55.97 11.18 18.87 28.84 59.06 25.55 6.08 64.03 44.1 61.22 58.22 63.06 52.24 64.4 25.3 77.62 22.67 49.04 1.0 58.73 46.62 51.62 14.04 80.71 33.24 65.6 57.25 46.62 46.62 65.74 46.82 47.42 40.5 37.01 56.92 41.48 17.8 39.45 52.63 77.08 58.0 52.39 51.62 45.01 38.6 83.49 18.38 11.05 68.35 45.49 41.73 46.1 0.0 26.91 46.1 24.21 67.42 69.3 28.43 25.3 38.28 57.31 62.03 46.0 
47.01 75.18 64.38 18.11 42.54 64.07 90.52 18.03 38.28 27.51 35.01 29.41 21.93 45.34 44.05 70.46 42.3 32.2 83.95 31.89 34.99 77.47 88.75 39.41 67.23 43.68 83.82 5.1 65.28 26.25 62.39 42.72 26.93 38.95 88.6 56.36 38.83 72.01 73.41 25.08 91.27 62.13 44.42 58.14 44.38 49.52 65.76 44.69 16.0 69.35 50.21 31.11 28.16 40.46 65.8 21.02 87.24 44.2 19.24 93.06 71.84 15.0 30.02 26.91 0.0 56.29 50.93 92.18 42.45 4.47 45.12 12.37 30.41 82.97 67.05 
17.8 80.28 89.89 39.56 20.12 24.08 127.28 52.48 94.37 83.68 60.54 72.99 56.04 52.35 17.8 103.41 21.4 42.45 101.02 85.62 75.19 96.66 86.21 93.78 22.2 69.03 123.17 51.66 91.27 45.45 104.8 91.59 63.56 37.44 125.73 70.21 87.57 99.86 57.08 54.57 89.2 89.87 92.65 16.28 12.04 101.12 74.0 46.07 55.15 94.15 93.15 77.65 83.49 94.02 83.19 46.53 129.4 54.71 54.38 94.64 68.73 64.0 85.38 46.1 56.29 0.0 52.92 93.65 86.12 53.6 24.6 67.6 77.52 97.74 83.67 
60.3 29.02 38.9 38.91 58.03 75.19 78.1 33.3 74.95 67.12 80.5 80.16 31.06 5.83 36.14 54.2 32.76 20.12 48.1 61.13 85.43 43.83 39.56 68.45 74.63 23.54 75.72 46.86 40.31 25.0 61.68 58.01 75.72 18.03 76.84 17.8 89.27 48.8 24.35 70.24 42.38 39.82 58.01 40.22 48.66 69.01 21.38 8.06 63.51 42.52 101.14 82.04 74.63 66.91 30.53 61.74 83.35 8.25 32.8 45.89 21.47 65.86 64.85 24.21 50.93 52.92 0.0 44.91 93.38 52.63 28.46 61.72 81.32 44.92 30.89 
104.04 17.0 40.72 83.17 102.24 117.35 69.26 74.24 105.0 100.42 124.42 121.43 70.33 49.04 79.0 53.15 76.03 64.56 26.02 90.69 127.14 29.43 8.6 95.6 115.85 50.45 72.03 89.0 41.23 68.35 70.84 80.71 118.53 62.8 69.12 36.06 128.0 43.93 38.63 114.02 6.4 44.28 79.61 78.26 92.01 90.05 26.42 52.95 106.51 38.9 141.17 122.33 110.63 93.01 30.81 105.95 81.02 49.04 72.95 1.0 25.02 107.04 96.21 67.42 92.18 93.65 44.91 0.0 133.69 94.81 71.0 100.96 121.49 22.02 29.41 
70.46 116.76 101.59 57.43 66.75 82.15 118.07 60.31 44.55 40.11 28.28 13.89 63.6 87.78 80.11 103.16 79.61 74.33 122.38 52.24 11.05 115.69 130.8 54.08 87.05 83.73 110.0 46.69 102.18 68.59 89.2 67.27 22.56 80.43 116.07 97.64 9.49 107.28 115.52 31.58 133.22 98.68 69.26 93.78 74.73 67.19 107.34 87.0 32.65 106.28 7.81 11.4 28.02 57.04 105.55 39.85 110.29 86.56 61.22 134.53 114.21 27.59 46.1 69.3 42.45 86.12 93.38 133.69 0.0 41.11 83.73 32.76 12.21 122.16 106.89 
43.38 77.82 68.18 17.09 38.91 60.21 94.92 20.62 41.63 30.87 31.14 27.59 25.0 47.2 42.43 74.67 41.0 33.24 87.48 36.07 32.8 81.05 91.07 43.42 63.53 47.07 88.26 5.83 69.12 27.66 66.85 47.17 23.77 39.41 93.01 59.24 38.47 76.01 74.41 21.0 93.65 66.03 48.88 56.57 41.59 53.81 68.45 45.97 12.17 73.17 48.92 30.0 30.02 44.6 69.12 16.55 91.71 46.32 22.14 95.71 73.82 13.6 33.84 28.43 4.47 53.6 52.63 94.81 41.11 0.0 44.27 14.04 29.41 86.35 70.34 
33.14 56.57 65.46 27.2 31.78 46.87 103.39 34.37 80.06 70.01 63.64 69.84 36.4 27.78 8.0 79.4 5.39 20.12 76.55 68.88 73.78 72.09 64.2 77.1 46.17 45.25 99.72 40.02 66.85 25.0 82.42 71.87 62.43 13.45 101.91 45.62 82.46 75.45 37.7 54.67 67.19 65.6 72.62 15.23 21.02 82.22 49.73 21.47 51.11 69.64 91.42 73.35 73.16 76.69 58.6 45.45 106.4 30.23 35.69 72.0 46.01 57.38 70.18 25.3 45.12 24.6 28.46 71.0 83.73 44.27 0.0 57.49 72.92 73.38 59.09 
56.65 84.05 69.64 30.41 52.2 72.9 90.93 28.43 28.84 18.44 33.84 21.59 31.14 55.97 56.22 73.11 54.59 43.91 90.14 26.83 27.66 83.49 98.23 32.8 76.56 51.0 83.55 17.46 70.34 37.74 61.98 40.52 23.54 50.99 88.96 64.9 27.59 76.12 84.88 26.08 100.6 66.94 42.45 70.35 55.58 44.78 74.63 56.04 17.69 74.46 40.22 21.47 16.0 34.67 72.92 26.4 85.73 54.45 29.0 101.79 82.04 9.49 22.8 38.28 12.37 67.6 61.72 100.96 32.76 14.04 57.49 0.0 20.59 89.69 74.25 
63.03 104.56 89.81 46.14 59.0 76.49 108.04 48.17 36.77 30.27 25.24 5.83 51.4 75.69 69.89 92.07 69.08 62.48 110.49 42.05 9.85 103.82 118.6 45.12 81.05 71.59 100.18 34.83 90.44 56.64 79.01 57.01 15.81 68.82 106.04 85.44 10.05 95.8 103.71 24.33 121.02 86.98 59.01 83.82 65.76 58.25 95.13 75.07 22.56 94.56 19.85 1.0 18.97 47.85 93.47 31.06 101.12 74.41 49.04 122.33 102.07 15.81 36.22 57.31 30.41 77.52 81.32 121.49 12.21 29.41 72.92 20.59 0.0 110.17 94.81 
104.74 19.8 21.93 78.1 102.11 120.07 47.52 66.1 88.62 85.7 117.28 111.07 61.39 46.69 81.04 31.62 77.62 61.13 4.47 74.81 117.05 8.06 27.66 78.52 119.55 39.29 50.01 80.81 21.93 63.03 50.09 62.94 109.9 62.17 47.27 29.07 115.41 22.47 50.21 106.89 27.17 25.46 61.55 84.1 93.39 71.22 23.77 52.39 98.49 18.6 129.25 111.09 96.9 75.66 17.26 99.85 59.01 45.28 64.33 22.09 33.24 97.08 80.8 62.03 82.97 97.74 44.92 22.02 122.16 86.35 73.38 89.69 110.17 0.0 16.12 
89.5 16.12 13.0 62.03 86.68 105.3 50.54 50.01 75.74 71.7 101.2 95.46 45.35 31.62 66.48 28.64 62.97 45.4 18.11 61.52 101.39 13.0 30.68 66.22 105.11 23.41 50.29 64.76 14.04 47.0 43.42 51.31 93.96 47.13 49.66 13.6 100.5 20.62 42.49 90.8 31.78 16.12 50.25 71.02 78.45 60.83 12.53 37.7 82.46 13.93 114.13 95.71 82.42 63.6 1.41 83.73 58.94 29.83 48.27 30.0 26.25 81.34 67.21 46.0 67.05 83.67 30.89 29.41 106.89 70.34 59.09 74.25 94.81 16.12 0.0 
