85
0.0 151.0 108.78 41.44 94.4 3.0 75.29 73.41 18.44 125.36 101.08 81.1 65.0 128.27 122.33 53.34 147.49 61.4 126.06 146.97 51.24 24.08 35.51 93.23 46.53 104.39 64.66 147.96 127.46 44.28 60.07 25.0 62.51 81.34 79.88 48.08 143.03 30.08 67.23 69.63 64.41 39.0 91.21 65.19 56.65 53.71 126.14 62.77 93.94 154.74 42.05 19.21 87.8 99.46 66.29 27.89 89.94 56.57 56.36 35.38 121.02 115.04 69.31 72.69 123.07 87.32 44.05 129.03 128.8 88.19 92.72 85.16 101.26 61.59 117.69 97.02 43.32 75.93 30.46 5.1 60.01 53.01 147.22 142.17 132.91 
151.0 0.0 60.0 110.22 94.2 154.0 82.28 89.54 133.09 57.2 75.0 70.18 94.64 30.61 30.68 166.03 13.6 178.39 25.5 25.71 103.25 127.04 135.59 74.79 135.67 51.26 109.38 35.69 68.8 152.78 165.64 159.97 89.45 108.23 96.65 171.56 26.93 142.97 93.01 102.55 134.18 112.0 67.78 93.15 100.22 107.45 25.96 131.1 81.54 39.01 158.93 166.51 97.35 61.27 103.25 160.46 63.56 118.33 135.0 129.84 39.41 66.48 112.26 79.76 65.0 101.51 107.04 48.83 69.12 86.09 67.62 73.05 90.03 104.68 44.41 54.08 111.02 117.83 165.56 156.0 163.78 98.02 9.85 12.04 39.66 
108.78 60.0 0.0 68.45 34.21 111.63 33.62 36.35 90.48 17.2 15.0 38.01 44.15 29.41 32.2 110.48 49.65 122.38 38.6 43.42 57.58 85.62 84.15 17.03 81.22 18.0 53.34 41.01 24.6 98.41 108.91 110.55 49.09 48.75 38.33 117.52 39.56 92.27 41.98 46.27 76.24 72.95 18.6 43.68 52.2 56.72 37.01 73.5 21.93 47.1 105.23 120.22 37.59 11.4 48.04 110.29 26.08 63.2 78.45 79.51 20.62 12.17 54.57 39.82 18.36 41.68 67.6 20.4 25.94 27.2 16.64 24.19 30.48 51.04 15.62 33.54 65.46 58.69 115.21 113.84 106.96 60.46 51.62 48.01 26.17 
41.44 110.22 68.45 0.0 61.03 44.41 34.89 35.38 23.09 85.42 62.8 40.05 26.87 86.83 81.06 66.47 106.17 78.57 85.02 105.55 12.04 17.46 32.56 54.08 39.82 62.97 36.14 106.74 89.05 52.35 69.66 51.26 21.1 53.14 46.32 68.01 101.61 37.2 29.0 37.58 52.17 6.32 50.33 26.25 18.44 20.88 85.0 48.84 56.64 113.6 56.08 56.32 55.23 58.52 34.01 52.39 48.51 34.01 46.49 26.25 79.62 76.01 42.95 31.26 84.06 56.36 5.0 88.39 90.44 51.62 52.0 44.38 66.84 29.15 76.4 56.14 8.0 52.61 57.38 46.53 68.41 13.0 106.02 101.0 91.76 
94.4 94.2 34.21 61.03 0.0 96.83 34.23 27.51 77.9 42.45 19.21 52.24 34.89 63.6 65.76 82.05 83.53 93.05 72.14 76.06 49.09 74.97 62.65 22.36 56.04 47.43 30.02 71.47 38.01 72.01 79.1 88.96 50.0 17.0 14.87 90.55 72.45 70.77 33.11 24.84 46.01 67.12 34.18 36.25 42.72 41.73 70.71 44.05 13.89 76.16 79.25 101.08 6.71 36.06 28.32 87.92 44.92 39.4 50.36 60.03 54.82 30.36 27.2 46.17 36.35 9.0 62.77 49.98 39.05 13.04 32.7 33.54 7.28 33.24 49.82 57.94 54.67 27.07 92.35 99.05 77.1 59.62 85.7 82.2 58.18 
3.0 154.0 111.63 44.41 96.83 0.0 78.16 76.16 21.38 128.16 103.79 84.1 67.78 131.24 125.32 53.08 150.48 60.64 129.06 149.93 54.12 27.07 37.2 96.01 48.02 107.35 67.01 150.88 130.15 44.72 60.0 24.33 65.49 83.55 82.38 47.3 145.99 31.3 70.01 72.11 65.86 42.0 94.11 68.01 59.46 56.36 129.14 64.35 96.6 157.65 42.01 16.97 90.21 102.36 68.8 27.29 92.91 58.73 57.8 37.48 123.97 117.78 71.51 75.66 125.8 89.64 47.04 131.9 131.48 90.82 95.6 88.06 103.73 64.14 120.62 100.02 46.17 77.9 29.41 2.24 60.03 56.01 150.21 145.17 135.82 
75.29 82.28 33.62 34.89 34.23 78.16 0.0 9.43 56.92 50.54 29.07 20.12 12.37 55.15 51.66 83.93 75.66 96.38 56.92 73.03 24.04 52.0 53.6 19.8 53.49 31.4 29.07 72.99 54.67 70.52 84.08 79.03 17.2 36.4 23.77 89.29 69.03 61.29 10.77 23.43 54.67 39.66 16.12 11.05 19.1 25.32 56.32 51.22 24.6 79.62 76.66 87.57 31.06 24.33 22.67 79.16 19.24 36.72 53.85 48.17 47.0 41.4 34.06 12.0 49.41 34.37 34.41 53.76 56.08 21.59 17.46 10.05 37.64 22.83 43.1 32.02 32.02 42.72 84.21 80.36 82.3 28.32 76.3 71.59 57.87 
73.41 89.54 36.35 35.38 27.51 76.16 9.43 0.0 55.47 52.2 27.78 29.53 8.6 61.19 58.87 76.54 82.0 88.87 64.47 78.23 23.43 51.31 48.0 19.92 46.32 38.28 20.25 77.1 54.2 63.56 76.16 74.24 22.56 27.2 15.03 82.57 74.24 56.04 6.4 14.14 45.8 41.04 21.84 9.22 17.2 20.4 63.69 42.44 21.26 83.38 70.04 83.95 23.19 29.27 13.89 74.06 27.8 28.79 45.62 43.19 52.61 41.63 24.76 20.62 49.66 26.0 36.24 56.72 55.57 16.4 22.36 16.55 32.25 15.3 48.26 41.04 30.53 33.29 79.03 78.39 74.32 32.2 82.97 78.45 62.03 
18.44 133.09 90.48 23.09 77.9 21.38 56.92 55.47 0.0 107.15 83.24 63.0 46.96 109.9 104.12 54.56 129.25 65.19 108.0 128.57 32.89 6.32 26.02 75.15 37.22 85.99 48.92 129.52 109.66 42.06 59.81 32.02 44.18 66.22 63.13 52.8 124.62 25.0 49.19 53.08 54.34 21.38 72.8 47.01 38.48 36.4 108.02 51.92 76.32 136.31 42.94 33.96 71.45 81.04 49.58 33.97 71.57 42.19 46.69 22.8 102.59 97.05 54.41 54.33 105.1 71.45 26.08 110.68 111.02 70.72 74.33 66.76 84.5 44.69 99.25 79.03 25.08 62.27 38.42 23.54 59.14 35.13 129.06 124.04 114.48 
125.36 57.2 17.2 85.42 42.45 128.16 50.54 52.2 107.15 0.0 26.02 54.56 60.41 28.79 36.35 123.26 44.6 134.73 41.98 35.0 74.32 102.46 99.14 32.28 95.08 31.3 67.12 29.15 12.37 112.0 120.93 125.77 66.29 59.03 51.0 131.0 31.89 107.35 58.19 60.21 87.82 90.05 35.81 60.17 68.71 72.53 40.02 85.48 34.01 33.73 119.04 136.06 47.68 28.32 62.51 125.3 42.52 77.16 91.14 94.92 23.09 12.17 67.07 57.01 7.81 51.2 84.72 8.49 13.15 40.05 33.84 41.34 36.4 66.1 20.1 47.42 82.08 69.23 130.12 130.38 118.95 77.67 47.63 45.49 17.69 
101.08 75.0 15.0 62.8 19.21 103.79 29.07 27.78 83.24 26.02 0.0 41.23 36.36 44.41 46.75 97.42 64.5 109.04 53.15 57.58 51.04 79.08 73.35 9.43 69.07 29.55 41.11 53.94 26.42 86.0 95.35 100.02 46.23 34.18 25.02 105.02 53.85 81.58 34.13 34.23 62.37 68.12 20.22 36.62 44.94 47.54 51.66 59.84 8.0 59.3 93.02 110.72 22.85 18.68 36.67 99.46 31.06 51.16 65.28 69.38 35.61 14.32 41.19 38.95 22.14 26.83 63.03 32.39 27.78 14.04 18.11 22.85 16.12 40.52 30.61 42.43 58.31 44.27 104.24 106.02 93.38 57.38 66.57 63.01 39.85 
81.1 70.18 38.01 40.05 52.24 84.1 20.12 29.53 63.0 54.56 41.23 0.0 29.7 48.08 41.3 99.85 66.48 112.38 45.0 67.05 33.84 57.04 67.23 32.39 69.64 25.55 48.27 69.78 62.43 85.88 100.96 90.24 19.42 56.46 43.66 103.87 63.25 74.0 29.07 43.27 73.55 42.19 21.19 27.59 32.25 40.5 45.04 70.01 40.05 76.92 91.29 96.33 50.22 26.63 42.01 90.96 12.04 54.56 71.7 61.1 42.05 49.24 53.82 10.82 56.3 53.85 37.05 54.67 63.81 39.2 23.41 19.03 54.04 41.01 39.96 16.12 41.23 62.77 96.05 86.15 99.3 28.16 66.12 61.07 55.57 
65.0 94.64 44.15 26.87 34.89 67.78 12.37 8.6 46.96 60.41 36.36 29.7 0.0 67.36 64.03 71.69 87.97 84.17 69.26 85.01 14.87 42.72 41.3 28.23 41.23 43.74 18.87 84.48 62.77 58.19 72.07 67.01 17.12 31.02 20.88 76.92 81.01 49.09 2.24 15.3 43.86 32.65 28.02 2.24 8.6 13.04 68.68 40.31 29.83 90.93 64.29 76.12 29.73 36.01 13.0 67.03 31.38 25.0 42.2 36.01 59.08 50.09 25.08 19.21 58.14 31.78 28.02 64.54 64.14 24.76 29.02 22.09 40.22 11.31 55.0 43.57 21.95 34.79 72.06 70.01 70.33 25.0 88.65 83.95 69.35 
128.27 30.61 29.41 86.83 63.6 131.24 55.15 61.19 109.9 28.79 44.41 48.08 67.36 0.0 10.3 137.53 20.88 149.72 14.04 18.97 78.06 104.24 108.66 44.78 107.49 24.02 80.36 23.35 41.11 124.74 136.62 134.13 65.76 77.9 66.71 143.75 15.23 116.43 65.49 73.38 104.55 89.82 39.46 66.19 74.03 80.4 12.04 101.59 51.11 30.48 131.21 142.13 66.89 32.02 74.46 134.3 38.33 89.74 105.95 103.31 8.94 36.4 82.64 55.58 36.25 71.02 84.53 21.38 41.76 55.9 38.83 45.28 59.46 76.49 13.89 34.0 86.09 87.66 139.36 133.36 134.71 75.93 22.36 18.6 14.14 
122.33 30.68 32.2 81.06 65.76 125.32 51.66 58.87 104.12 36.35 46.75 41.3 64.03 10.3 0.0 135.35 25.18 147.72 6.4 27.46 73.25 98.25 105.12 45.0 105.0 20.62 78.79 33.3 48.66 122.12 135.0 129.87 60.01 78.6 66.57 140.94 24.21 112.61 62.36 72.01 103.77 83.49 37.16 62.59 69.87 76.9 5.0 100.62 52.4 40.31 128.32 137.03 68.12 31.06 72.62 130.25 33.24 87.66 104.39 99.46 13.34 41.63 81.88 50.01 43.17 72.35 78.31 30.02 49.5 56.4 37.12 42.38 62.63 74.0 17.46 25.96 81.15 87.92 135.34 127.39 133.15 69.46 25.02 20.1 24.04 
53.34 166.03 110.48 66.47 82.05 53.08 83.93 76.54 54.56 123.26 97.42 99.85 71.69 137.53 135.35 0.0 158.4 12.53 140.8 153.76 66.85 59.17 33.97 93.56 30.46 114.79 57.27 151.2 120.07 14.21 7.62 29.02 81.54 65.07 72.44 10.63 149.83 30.23 73.16 64.33 36.22 69.53 98.37 73.41 67.6 59.48 140.12 38.01 89.45 156.72 11.7 41.98 76.0 105.51 63.06 26.02 103.08 47.8 32.14 40.36 128.79 111.16 56.22 89.07 118.02 73.06 71.42 129.76 121.1 83.6 98.76 92.97 89.14 61.35 124.2 114.93 61.07 55.23 25.71 54.01 8.6 78.64 159.48 154.98 136.62 
147.49 13.6 49.65 106.17 83.53 150.48 75.66 82.0 129.25 44.6 64.5 66.48 87.97 20.88 25.18 158.4 0.0 170.6 22.47 12.17 98.05 123.41 129.26 65.55 128.32 44.28 101.24 22.2 55.8 145.56 157.49 154.47 85.09 98.39 87.46 164.55 13.42 136.94 86.15 94.25 125.36 108.66 60.21 86.7 94.34 100.98 21.84 122.43 71.55 26.17 151.99 162.0 87.24 52.89 95.34 154.73 58.01 110.6 126.83 123.79 29.73 54.67 103.46 75.03 52.4 91.3 103.48 36.12 56.04 76.56 59.67 65.92 78.82 97.29 34.54 50.99 106.02 108.26 159.8 152.55 155.59 94.64 4.0 7.07 26.91 
61.4 178.39 122.38 78.57 93.05 60.64 96.38 88.87 65.19 134.73 109.04 112.38 84.17 149.72 147.72 12.53 170.6 0.0 153.21 165.74 79.32 70.21 46.23 105.54 42.95 127.14 69.38 162.93 131.02 26.63 14.04 36.4 94.03 76.06 84.17 13.34 161.83 41.77 85.62 76.4 47.04 81.34 110.68 85.91 80.13 72.01 152.51 49.25 101.12 168.32 22.67 47.04 87.21 117.72 75.29 33.53 115.55 60.08 43.93 52.63 140.94 122.59 67.9 101.6 129.25 84.05 83.49 141.42 132.0 95.35 111.02 105.34 100.0 73.74 136.31 127.46 73.41 66.01 31.4 61.19 16.03 90.91 171.75 167.29 148.48 
126.06 25.5 38.6 85.02 72.14 129.06 56.92 64.47 108.0 41.98 53.15 45.0 69.26 14.04 6.4 140.8 22.47 153.21 0.0 27.59 77.78 102.02 110.11 51.22 110.39 26.42 84.53 34.99 54.34 127.44 140.63 134.5 64.12 84.81 72.67 146.16 25.0 117.48 67.68 77.83 109.66 87.09 42.94 67.72 74.73 82.01 2.0 106.47 58.73 41.62 133.52 141.23 74.41 37.2 78.29 134.97 38.08 93.23 110.07 104.35 19.31 47.85 87.82 54.33 49.04 78.64 82.02 35.13 55.11 62.63 43.05 47.93 69.03 79.48 23.71 29.07 85.59 94.05 140.07 131.1 138.8 73.06 21.38 16.28 28.16 
146.97 25.71 43.42 105.55 76.06 149.93 73.03 78.23 128.57 35.0 57.58 67.05 85.01 18.97 27.46 153.76 12.17 165.74 27.59 0.0 96.42 122.98 126.14 60.21 124.17 42.58 96.51 10.05 45.28 141.42 152.32 152.0 84.53 91.76 81.74 160.51 4.0 134.06 83.02 89.44 119.64 108.68 57.0 84.01 92.09 98.02 26.17 116.91 65.15 14.87 148.1 160.45 80.41 49.04 90.93 152.03 57.07 106.21 121.81 121.02 26.08 46.14 97.98 74.33 42.64 84.31 103.37 26.63 45.34 70.6 56.04 63.01 70.71 93.43 30.02 52.8 104.48 101.84 157.05 152.07 150.37 94.83 16.12 17.26 17.89 
51.24 103.25 57.58 12.04 49.09 54.12 24.04 23.43 32.89 74.32 51.04 33.84 14.87 78.06 73.25 66.85 98.05 79.32 77.78 96.42 0.0 28.18 33.54 42.54 37.48 54.04 26.02 96.88 77.39 52.7 68.77 56.72 14.76 42.2 34.48 70.21 92.44 40.16 17.03 26.25 46.1 18.03 40.02 14.42 6.4 11.18 77.52 42.54 44.69 103.59 57.71 64.07 43.42 48.27 22.8 57.27 40.05 26.57 41.88 27.31 70.35 64.5 33.02 23.54 72.56 44.78 13.93 77.79 78.77 39.6 41.48 33.96 54.82 18.25 66.75 49.73 8.06 43.0 62.37 56.32 67.27 14.56 98.25 93.34 81.79 
24.08 127.04 85.62 17.46 74.97 27.07 52.0 51.31 6.32 102.46 79.08 57.04 42.72 104.24 98.25 59.17 123.41 70.21 102.02 122.98 28.18 0.0 28.44 70.71 39.05 80.41 46.87 124.19 105.48 46.1 63.98 38.01 38.47 64.35 60.11 58.14 119.05 29.07 44.94 50.33 55.33 15.13 67.68 42.54 34.13 33.24 102.08 52.61 72.42 131.04 47.71 40.26 68.68 75.89 46.75 39.82 65.92 41.23 48.04 24.0 97.08 92.66 52.84 48.66 100.72 69.03 20.0 105.69 106.85 67.01 69.29 61.68 81.34 41.77 93.86 73.0 20.81 61.33 44.41 29.15 63.16 29.02 123.15 118.11 109.2 
35.51 135.59 84.15 32.56 62.65 37.2 53.6 48.0 26.02 99.14 73.35 67.23 41.3 108.66 105.12 33.97 129.26 46.23 110.11 126.14 33.54 28.44 0.0 67.27 11.4 85.0 32.89 125.06 98.76 19.8 37.2 26.68 48.3 47.71 49.34 36.67 122.15 8.25 43.19 39.29 29.15 36.06 69.26 42.58 35.44 28.28 109.66 27.29 65.51 131.24 24.19 38.47 55.95 77.1 36.67 26.17 72.03 23.26 21.19 6.4 100.32 87.66 35.85 56.65 95.34 54.59 37.54 104.39 100.0 59.44 70.11 63.39 69.86 33.14 96.13 82.87 27.2 41.04 31.06 39.2 36.06 44.69 129.88 125.13 110.02 
93.23 74.79 17.03 54.08 22.36 96.01 19.8 19.92 75.15 32.28 9.43 32.39 28.23 44.78 45.0 93.56 65.55 105.54 51.22 60.21 42.54 70.71 67.27 0.0 64.2 25.5 36.35 58.03 35.0 81.39 92.18 93.77 36.88 33.6 21.93 100.5 56.29 75.43 26.0 29.27 59.81 59.2 12.17 28.18 36.67 40.26 50.0 56.92 8.54 64.03 88.2 103.81 23.35 14.14 31.02 93.43 23.19 46.17 61.61 62.8 35.85 21.95 37.95 29.53 30.02 27.59 54.04 37.12 36.4 11.4 10.44 13.6 22.2 34.13 31.02 35.74 50.09 43.05 98.33 98.23 90.25 48.1 67.12 63.06 43.19 
46.53 135.67 81.22 39.82 56.04 48.02 53.49 46.32 37.22 95.08 69.07 69.64 41.23 107.49 105.0 30.46 128.32 42.95 110.39 124.17 37.48 39.05 11.4 64.2 0.0 84.48 28.0 122.2 93.38 17.26 31.4 33.62 51.86 39.92 44.18 36.35 120.21 17.03 42.72 35.01 17.89 44.38 68.15 42.95 37.44 29.15 109.73 16.4 61.07 128.04 24.02 47.01 49.48 75.5 33.24 32.2 72.62 18.03 9.85 15.13 98.84 83.22 28.86 58.83 90.55 47.43 44.78 101.02 94.54 55.04 68.66 62.64 63.32 31.05 94.37 84.53 33.02 31.91 36.4 49.93 29.83 50.61 129.28 124.72 107.38 
104.39 51.26 18.0 62.97 47.43 107.35 31.4 38.28 85.99 31.3 29.55 25.55 43.74 24.02 20.62 114.79 44.28 127.14 26.42 42.58 54.04 80.41 85.0 25.5 84.48 0.0 58.18 44.38 41.48 101.65 114.39 110.22 41.98 58.8 46.4 120.54 38.64 92.66 41.98 51.43 83.24 66.22 16.55 42.43 50.09 56.72 25.5 80.06 33.6 51.48 107.94 118.11 48.84 11.4 52.0 110.45 14.56 67.07 83.77 79.51 16.76 30.07 61.4 31.78 35.17 53.08 60.88 29.73 42.72 36.77 16.64 21.84 45.62 53.45 14.42 16.16 62.07 67.8 115.52 109.49 112.54 52.5 44.91 40.26 30.02 
64.66 109.38 53.34 36.14 30.02 67.01 29.07 20.25 48.92 67.12 41.11 48.27 18.87 80.36 78.79 57.27 101.24 69.38 84.53 96.51 26.02 46.87 32.89 36.35 28.0 58.18 0.0 94.26 65.97 45.1 56.3 59.48 35.11 17.49 16.49 64.2 92.57 41.11 19.21 7.07 25.61 42.45 41.63 21.1 21.21 15.3 83.67 22.2 33.14 100.04 52.01 71.18 23.32 48.38 6.4 58.69 48.01 10.05 25.63 30.02 71.57 55.33 7.0 38.01 62.8 22.67 39.46 73.03 67.19 27.07 41.79 36.72 37.12 8.25 66.94 61.07 28.46 17.03 63.35 69.2 54.42 40.11 102.46 98.08 79.51 
147.96 35.69 41.01 106.74 71.47 150.88 72.99 77.1 129.52 29.15 53.94 69.78 84.48 23.35 33.3 151.2 22.2 162.93 34.99 10.05 96.88 124.19 125.06 58.03 122.2 44.38 94.26 0.0 37.8 139.36 149.28 151.33 86.02 87.8 78.77 158.46 10.44 133.14 82.39 87.21 116.3 110.37 56.89 83.73 92.07 97.33 33.29 113.77 61.81 7.21 146.22 160.51 76.4 48.66 89.05 151.16 58.87 104.17 119.08 120.27 27.73 41.11 95.04 75.89 36.24 80.08 105.0 21.59 37.64 67.6 55.58 62.97 65.55 92.01 30.36 56.86 104.92 97.98 156.12 153.06 147.31 96.8 26.17 27.07 15.13 
127.46 68.8 24.6 89.05 38.01 130.15 54.67 54.2 109.66 12.37 26.42 62.43 62.77 41.11 48.66 120.07 55.8 131.02 54.34 45.28 77.39 105.48 98.76 35.0 93.38 41.48 65.97 37.8 0.0 109.77 117.04 125.42 71.45 55.01 49.48 128.47 42.64 107.0 60.54 59.48 84.0 94.2 42.01 62.97 71.34 73.82 52.39 82.05 33.62 40.71 116.97 136.62 44.18 35.85 62.3 124.66 50.61 75.93 88.28 95.19 35.36 13.45 64.63 63.03 6.32 47.01 89.02 20.12 1.41 39.56 39.82 46.69 31.02 66.48 32.02 57.57 84.72 65.01 129.29 132.38 115.04 82.81 59.08 57.31 29.15 
44.28 152.78 98.41 52.35 72.01 44.72 70.52 63.56 42.06 112.0 86.0 85.88 58.19 124.74 122.12 14.21 145.56 26.63 127.44 141.42 52.7 46.1 19.8 81.39 17.26 101.65 45.1 139.36 109.77 0.0 17.89 23.32 67.42 55.32 61.01 19.1 137.46 17.09 59.77 52.15 28.18 55.61 85.38 59.81 53.67 45.69 126.83 28.79 78.0 145.12 7.28 37.74 65.62 92.76 50.49 20.81 89.54 35.23 21.84 26.17 116.1 100.04 45.18 75.13 107.23 63.15 57.31 118.11 110.89 72.01 85.91 79.81 79.25 48.27 111.63 101.13 46.86 46.17 23.35 46.1 17.09 64.44 146.49 141.91 124.58 
60.07 165.64 108.91 69.66 79.1 60.0 84.08 76.16 59.81 120.93 95.35 100.96 72.07 136.62 135.0 7.62 157.49 14.04 140.63 152.32 68.77 63.98 37.2 92.18 31.4 114.39 56.3 149.28 117.04 17.89 0.0 36.22 83.24 62.13 70.61 17.8 148.43 34.93 73.36 63.25 33.14 73.24 97.86 73.93 68.82 60.46 139.85 35.51 87.48 154.57 18.03 49.48 73.33 104.68 62.39 33.24 103.31 47.42 30.68 43.42 127.78 108.78 54.34 90.14 115.35 70.11 74.65 127.74 118.02 81.79 98.08 92.7 86.02 61.27 123.08 115.6 63.66 52.04 33.24 61.03 2.0 81.34 158.76 154.38 134.94 
25.0 159.97 110.55 51.26 88.96 24.33 79.03 74.24 32.02 125.77 100.02 90.24 67.01 134.13 129.87 29.02 154.47 36.4 134.5 152.0 56.72 38.01 26.68 93.77 33.62 110.22 59.48 151.33 125.42 23.32 36.22 0.0 70.83 73.35 75.96 23.09 148.0 18.44 69.03 65.97 49.58 51.88 95.0 68.01 60.13 54.04 134.21 49.2 92.2 157.62 18.68 14.42 82.28 103.02 63.35 3.0 96.63 49.65 42.01 31.06 126.02 114.34 61.85 80.23 122.02 80.62 55.54 130.86 126.65 86.12 96.02 89.01 96.21 59.68 122.0 106.3 49.03 65.51 6.4 25.08 36.5 64.26 154.83 149.97 136.24 
62.51 89.45 49.09 21.1 50.0 65.49 17.2 22.56 44.18 66.29 46.23 19.42 17.12 65.76 60.01 81.54 85.09 94.03 64.12 84.53 14.76 38.47 48.3 36.88 51.86 41.98 35.11 86.02 71.45 67.42 83.24 70.83 0.0 48.09 37.22 84.97 80.6 54.78 18.0 32.39 58.52 24.35 30.53 15.03 15.0 23.43 64.03 54.92 41.68 92.97 72.47 77.1 45.71 38.47 29.83 71.57 27.46 38.83 55.32 42.05 58.69 58.05 41.76 10.2 65.95 48.26 18.97 68.43 72.86 38.08 32.45 25.0 54.23 26.93 55.66 35.51 21.84 51.66 76.66 67.6 81.69 11.4 85.0 80.01 71.17 
81.34 108.23 48.75 53.14 17.0 83.55 36.4 27.2 66.22 59.03 34.18 56.46 31.02 77.9 78.6 65.07 98.39 76.06 84.81 91.76 42.2 64.35 47.71 33.6 39.92 58.8 17.49 87.8 55.01 55.32 62.13 73.35 48.09 0.0 13.04 73.68 88.02 55.57 30.15 16.12 29.02 59.46 43.19 33.06 36.5 32.31 83.6 27.07 26.83 92.76 62.59 86.09 11.4 47.63 19.42 72.09 52.43 24.84 33.54 46.1 68.96 46.87 12.04 47.8 53.24 8.0 56.04 66.22 56.04 22.2 42.43 40.22 24.08 24.04 64.01 66.03 45.69 10.2 76.32 85.7 60.13 55.33 100.24 96.38 74.0 
79.88 96.65 38.33 46.32 14.87 82.38 23.77 15.03 63.13 51.0 25.02 43.66 20.88 66.71 66.57 72.44 87.46 84.17 72.67 81.74 34.48 60.11 49.34 21.93 44.18 46.4 16.49 78.77 49.48 61.01 70.61 75.96 37.22 13.04 0.0 80.01 77.88 57.57 19.42 10.3 37.95 52.48 30.41 22.56 28.18 26.87 71.56 35.17 17.03 84.29 68.07 87.46 8.94 35.51 13.6 75.19 39.41 26.48 40.31 46.1 57.78 39.05 16.28 35.51 46.39 11.05 48.3 57.31 50.7 11.18 29.83 27.2 21.4 18.44 52.92 53.01 39.82 21.4 79.83 84.6 68.66 45.88 89.05 84.97 64.33 
48.08 171.56 117.52 68.01 90.55 47.3 89.29 82.57 52.8 131.0 105.02 103.87 76.92 143.75 140.94 10.63 164.55 13.34 146.16 160.51 70.21 58.14 36.67 100.5 36.35 120.54 64.2 158.46 128.47 19.1 17.8 23.09 84.97 73.68 80.01 0.0 156.55 30.81 78.59 71.25 45.35 70.18 104.35 78.45 71.87 64.2 145.6 46.69 97.02 164.2 12.65 34.01 84.29 111.8 69.58 20.25 108.16 54.33 40.2 42.94 135.15 119.0 64.03 93.23 126.1 81.61 72.8 137.18 129.56 91.05 104.92 98.72 97.74 67.27 130.7 119.4 63.63 64.13 18.11 47.85 19.1 80.71 165.42 160.8 143.68 
143.03 26.93 39.56 101.61 72.45 145.99 69.03 74.24 124.62 31.89 53.85 63.25 81.01 15.23 24.21 149.83 13.42 161.83 25.0 4.0 92.44 119.05 122.15 56.29 120.21 38.64 92.57 10.44 42.64 137.46 148.43 148.0 80.6 88.02 77.88 156.55 0.0 130.06 79.03 85.51 115.8 104.79 53.0 80.01 88.09 94.02 23.43 113.05 61.35 16.64 144.13 156.46 76.69 45.04 86.98 148.03 53.15 102.26 117.9 117.02 22.09 42.72 94.11 70.41 39.62 80.62 99.46 23.43 42.8 66.76 52.04 59.01 67.23 89.45 26.02 49.19 100.5 98.08 153.05 148.12 146.49 90.96 17.09 17.03 14.42 
30.08 142.97 92.27 37.2 70.77 31.3 61.29 56.04 25.0 107.35 81.58 74.0 49.09 116.43 112.61 30.23 136.94 41.77 117.48 134.06 40.16 29.07 8.25 75.43 17.03 92.66 41.11 133.14 107.0 17.09 34.93 18.44 54.78 55.57 57.57 30.81 130.06 0.0 51.04 47.54 34.67 39.6 77.1 50.25 42.76 36.06 117.09 33.42 73.76 139.36 19.1 30.53 64.08 85.02 44.91 18.03 79.43 31.38 26.63 13.15 108.17 95.9 43.83 63.6 103.59 62.61 42.01 112.54 108.24 67.68 78.03 71.18 78.0 41.3 104.04 89.84 33.11 48.41 23.0 33.12 34.18 49.93 137.46 132.67 118.07 
67.23 93.01 41.98 29.0 33.11 70.01 10.77 6.4 49.19 58.19 34.13 29.07 2.24 65.49 62.36 73.16 86.15 85.62 67.68 83.02 17.03 44.94 43.19 26.0 42.72 41.98 19.21 82.39 60.54 59.77 73.36 69.03 18.0 30.15 19.42 78.59 79.03 51.04 0.0 14.87 44.55 34.71 26.08 3.16 10.82 15.0 67.05 41.04 27.66 88.81 65.97 78.26 28.16 34.0 13.04 69.01 29.97 26.08 43.27 38.0 57.14 47.85 25.06 18.87 55.9 30.41 30.0 62.37 61.91 22.67 27.0 20.22 38.28 12.21 53.01 42.44 24.19 34.54 74.03 72.24 71.59 26.57 86.88 82.23 67.27 
69.63 102.55 46.27 37.58 24.84 72.11 23.43 14.14 53.08 60.21 34.23 43.27 15.3 73.38 72.01 64.33 94.25 76.4 77.83 89.44 26.25 50.33 39.29 29.27 35.01 51.43 7.07 87.21 59.48 52.15 63.25 65.97 32.39 16.12 10.3 71.25 85.51 47.54 14.87 0.0 31.91 43.86 34.89 17.46 20.4 17.2 76.92 28.65 26.31 93.02 59.03 77.25 18.38 41.44 3.61 65.31 41.87 17.0 32.57 35.85 64.56 48.51 10.63 33.54 56.09 18.87 40.16 66.01 60.73 20.22 34.93 30.23 31.62 8.6 59.91 55.17 30.53 19.7 70.04 74.33 61.35 39.2 95.52 91.18 72.44 
64.41 134.18 76.24 52.17 46.01 65.86 54.67 45.8 54.34 87.82 62.37 73.55 43.86 104.55 103.77 36.22 125.36 47.04 109.66 119.64 46.1 55.33 29.15 59.81 17.89 83.24 25.61 116.3 84.0 28.18 33.14 49.58 58.52 29.02 37.95 45.35 115.8 34.67 44.55 31.91 0.0 57.71 66.73 46.01 43.57 35.36 108.71 3.61 54.57 121.49 35.34 63.64 40.2 72.92 32.02 47.63 73.6 19.72 8.06 31.58 95.63 75.66 21.93 63.03 82.22 37.01 56.75 94.73 85.01 49.04 66.65 62.13 53.01 32.56 90.82 86.68 44.38 19.03 51.04 67.74 31.14 60.54 126.85 122.65 102.11 
39.0 112.0 72.95 6.32 67.12 42.0 39.66 41.04 21.38 90.05 68.12 42.19 32.65 89.82 83.49 69.53 108.66 81.34 87.09 108.68 18.03 15.13 36.06 59.2 44.38 66.22 42.45 110.37 94.2 55.61 73.24 51.88 24.35 59.46 52.48 70.18 104.79 39.6 34.71 43.86 57.71 0.0 54.56 31.83 24.41 27.2 87.21 54.45 62.23 117.32 58.69 55.32 61.4 62.65 40.31 53.34 51.66 40.01 51.66 30.02 82.97 81.02 49.24 34.48 89.05 62.61 5.39 92.61 95.6 57.38 56.36 48.76 72.8 35.47 80.01 58.03 14.14 58.86 58.18 44.01 72.11 14.04 108.3 103.24 95.52 
91.21 67.78 18.6 50.33 34.18 94.11 16.12 21.84 72.8 35.81 20.22 21.19 28.02 39.46 37.16 98.37 60.21 110.68 42.94 57.0 40.02 67.68 69.26 12.17 68.15 16.55 41.63 56.89 42.01 85.38 97.86 95.0 30.53 43.19 30.41 104.35 53.0 77.1 26.08 34.89 66.73 54.56 0.0 27.02 35.23 41.05 42.05 63.53 20.62 63.56 91.78 103.7 34.13 8.25 35.47 95.05 11.05 50.6 67.23 64.03 31.06 28.6 44.94 21.26 36.12 38.28 49.19 38.08 43.42 21.95 2.24 6.08 34.37 37.11 27.02 23.77 48.05 51.74 100.08 96.3 96.01 41.88 61.13 56.61 41.77 
65.19 93.15 43.68 26.25 36.25 68.01 11.05 9.22 47.01 60.17 36.62 27.59 2.24 66.19 62.59 73.41 86.7 85.91 67.72 84.01 14.42 42.54 42.58 28.18 42.95 42.43 21.1 83.73 62.97 59.81 73.93 68.01 15.03 33.06 22.56 78.45 80.01 50.25 3.16 17.46 46.01 31.83 27.02 0.0 8.54 14.32 67.19 42.45 30.41 90.26 65.8 76.79 31.32 35.13 15.23 68.12 29.73 27.02 44.2 37.12 58.01 50.12 27.31 17.03 58.18 33.54 27.02 64.03 64.35 25.61 28.16 21.0 41.34 13.45 54.04 41.68 21.93 37.0 73.17 70.23 72.2 23.41 87.3 82.57 68.59 
56.65 100.22 52.2 18.44 42.72 59.46 19.1 17.2 38.48 68.71 44.94 32.25 8.6 74.03 69.87 67.6 94.34 80.13 74.73 92.09 6.4 34.13 35.44 36.67 37.44 50.09 21.21 92.07 71.34 53.67 68.82 60.13 15.0 36.5 28.18 71.87 88.09 42.76 10.82 20.4 43.57 24.41 35.23 8.54 0.0 8.49 74.33 39.96 38.42 98.66 59.24 68.47 37.12 43.42 17.12 60.41 36.67 23.85 40.36 29.61 66.03 58.59 28.16 21.47 66.65 38.63 20.12 72.53 72.72 33.24 36.5 29.15 48.41 13.04 62.2 47.54 13.42 38.21 65.49 61.68 67.2 19.0 94.76 89.94 76.94 
53.71 107.45 56.72 20.88 41.73 56.36 25.32 20.4 36.4 72.53 47.54 40.5 13.04 80.4 76.9 59.48 100.98 72.01 82.01 98.02 11.18 33.24 28.28 40.26 29.15 56.72 15.3 97.33 73.82 45.69 60.46 54.04 23.43 32.31 26.87 64.2 94.02 36.06 15.0 17.2 35.36 27.2 41.05 14.32 8.49 0.0 81.49 31.76 40.25 103.7 51.55 63.56 35.47 49.0 13.6 54.01 43.97 15.65 31.89 23.0 72.11 61.68 22.2 29.68 69.64 36.06 24.19 77.1 75.15 34.48 42.0 35.13 48.17 8.6 68.01 55.46 13.42 32.06 59.03 58.59 58.82 25.71 101.61 96.88 82.22 
126.14 25.96 37.01 85.0 70.71 129.14 56.32 63.69 108.02 40.02 51.66 45.04 68.68 12.04 5.0 140.12 21.84 152.51 2.0 26.17 77.52 102.08 109.66 50.0 109.73 25.5 83.67 33.29 52.39 126.83 139.85 134.21 64.03 83.6 71.56 145.6 23.43 117.09 67.05 76.92 108.71 87.21 42.05 67.19 74.33 81.49 0.0 105.55 57.38 40.0 132.97 141.13 73.11 36.06 77.47 134.65 37.66 92.48 109.25 103.94 17.46 46.07 86.83 54.15 47.13 77.34 82.1 33.14 53.15 61.4 42.06 47.17 67.48 78.77 21.95 29.27 85.38 92.91 139.74 131.19 138.0 73.17 21.1 16.03 26.17 
62.77 131.1 73.5 48.84 44.05 64.35 51.22 42.44 51.92 85.48 59.84 70.01 40.31 101.59 100.62 38.01 122.43 49.25 106.47 116.91 42.54 52.61 27.29 56.92 16.4 80.06 22.2 113.77 82.05 28.79 35.51 49.2 54.92 27.07 35.17 46.69 113.05 33.42 41.04 28.65 3.61 54.45 63.53 42.45 39.96 31.76 105.55 0.0 51.97 119.08 36.06 63.03 38.01 69.86 28.6 47.43 70.21 16.12 7.21 29.12 92.7 73.33 18.97 59.46 80.06 35.06 53.37 92.23 83.1 46.32 63.51 58.83 51.16 29.0 87.92 83.24 41.0 17.46 51.11 66.29 33.54 57.01 123.86 119.62 99.46 
93.94 81.54 21.93 56.64 13.89 96.6 24.6 21.26 76.32 34.01 8.0 40.05 29.83 51.11 52.4 89.45 71.55 101.12 58.73 65.15 44.69 72.42 65.51 8.54 61.07 33.6 33.14 61.81 33.62 78.0 87.48 92.2 41.68 26.83 17.03 97.02 61.35 73.76 27.66 26.31 54.57 62.23 20.62 30.41 38.42 40.25 57.38 51.97 0.0 67.27 85.02 103.09 15.81 22.2 28.86 91.59 31.58 43.19 57.31 61.68 42.19 22.2 33.24 35.74 29.83 20.0 57.31 40.31 34.93 6.08 18.97 21.02 14.0 32.89 37.22 44.27 51.61 36.77 96.34 98.84 85.51 52.43 73.43 69.64 47.54 
154.74 39.01 47.1 113.6 76.16 157.65 79.62 83.38 136.31 33.73 59.3 76.92 90.93 30.48 40.31 156.72 26.17 168.32 41.62 14.87 103.59 131.04 131.24 64.03 128.04 51.48 100.04 7.21 40.71 145.12 154.57 157.62 92.97 92.76 84.29 164.2 16.64 139.36 88.81 93.02 121.49 117.32 63.56 90.26 98.66 103.7 40.0 119.08 67.27 0.0 152.05 167.04 81.39 55.32 95.01 157.38 65.92 110.02 124.58 126.57 34.89 45.89 100.5 82.87 40.16 84.93 111.95 27.02 40.31 73.17 62.17 69.63 69.92 98.13 37.34 64.07 111.61 102.96 162.31 159.83 152.59 103.82 30.15 32.02 21.84 
42.05 158.93 105.23 56.08 79.25 42.01 76.66 70.04 42.94 119.04 93.02 91.29 64.29 131.21 128.32 11.7 151.99 22.67 133.52 148.1 57.71 47.71 24.19 88.2 24.02 107.94 52.01 146.22 116.97 7.28 18.03 18.68 72.47 62.59 68.07 12.65 144.13 19.1 65.97 59.03 35.34 58.69 91.78 65.8 59.24 51.55 132.97 36.06 85.02 152.05 0.0 32.7 72.84 99.3 57.22 15.81 95.51 42.05 29.12 30.53 122.64 107.12 52.35 80.62 114.35 70.41 60.96 125.04 118.09 79.01 92.4 86.12 86.49 54.74 118.23 106.78 51.31 53.45 17.2 43.1 18.03 68.6 152.83 148.19 131.38 
19.21 166.51 120.22 56.32 101.08 16.97 87.57 83.95 33.96 136.06 110.72 96.33 76.12 142.13 137.03 41.98 162.0 47.04 141.23 160.45 64.07 40.26 38.47 103.81 47.01 118.11 71.18 160.51 136.62 37.74 49.48 14.42 77.1 86.09 87.46 34.01 156.46 30.53 78.26 77.25 63.64 55.32 103.7 76.79 68.47 63.56 141.13 63.03 103.09 167.04 32.7 0.0 94.37 111.88 74.33 17.0 104.0 61.72 55.9 41.44 134.37 125.0 74.3 87.02 132.85 93.06 59.84 140.62 137.9 97.08 104.94 97.62 108.26 70.21 130.65 112.45 56.04 78.82 16.28 16.4 50.0 68.88 162.05 157.08 145.38 
87.8 97.35 37.59 55.23 6.71 90.21 31.06 23.19 71.45 47.68 22.85 50.22 29.73 66.89 68.12 76.0 87.24 87.21 74.41 80.41 43.42 68.68 55.95 23.35 49.48 48.84 23.32 76.4 44.18 65.62 73.33 82.28 45.71 11.4 8.94 84.29 76.69 64.08 28.16 18.38 40.2 61.4 34.13 31.32 37.12 35.47 73.11 38.01 15.81 81.39 72.84 94.37 0.0 37.48 21.93 81.27 44.28 32.7 44.1 53.34 57.98 35.51 20.62 43.05 42.05 4.24 57.25 54.82 45.28 12.21 33.02 32.31 13.93 26.91 53.0 57.71 48.6 21.59 85.73 92.42 71.34 54.71 89.19 85.44 62.63 
99.46 61.27 11.4 58.52 36.06 102.36 24.33 29.27 81.04 28.32 18.68 26.63 36.01 32.02 31.06 105.51 52.89 117.72 37.2 49.04 48.27 75.89 77.1 14.14 75.5 11.4 48.38 48.66 35.85 92.76 104.68 103.02 38.47 47.63 35.51 111.8 45.04 85.02 34.0 41.44 72.92 62.65 8.25 35.13 43.42 49.0 36.06 69.86 22.2 55.32 99.3 111.88 37.48 0.0 42.45 103.0 14.76 57.72 74.0 72.0 23.35 22.85 50.99 28.84 29.68 41.73 57.27 29.97 37.22 25.5 7.0 14.32 34.54 44.55 19.03 24.02 56.29 56.86 108.02 104.55 102.79 49.74 54.08 49.77 33.54 
66.29 103.25 48.04 34.01 28.32 68.8 22.67 13.89 49.58 62.51 36.67 42.01 13.0 74.46 72.62 63.06 95.34 75.29 78.29 90.93 22.8 46.75 36.67 31.02 33.24 52.0 6.4 89.05 62.3 50.49 62.39 63.35 29.83 19.42 13.6 69.58 86.98 44.91 13.04 3.61 32.02 40.31 35.47 15.23 17.12 13.6 77.47 28.6 28.86 95.01 57.22 74.33 21.93 42.45 0.0 62.8 41.62 15.3 31.78 32.89 65.73 50.99 12.08 31.91 58.69 22.47 36.69 68.03 63.57 22.8 35.74 30.41 35.0 5.0 61.19 54.67 26.93 21.84 67.6 71.02 60.54 36.06 96.46 92.03 74.17 
27.89 160.46 110.29 52.39 87.92 27.29 79.16 74.06 33.97 125.3 99.46 90.96 67.03 134.3 130.25 26.02 154.73 33.53 134.97 152.03 57.27 39.82 26.17 93.43 32.2 110.45 58.69 151.16 124.66 20.81 33.24 3.0 71.57 72.09 75.19 20.25 148.03 18.03 69.01 65.31 47.63 53.34 95.05 68.12 60.41 54.01 134.65 47.43 91.59 157.38 15.81 17.0 81.27 103.0 62.8 0.0 97.02 48.76 40.22 31.02 126.1 113.77 60.75 80.81 121.4 79.48 56.8 130.55 125.88 85.51 96.01 89.09 95.19 59.3 122.02 106.96 49.73 64.01 5.1 28.07 33.54 65.39 155.17 150.34 136.09 
89.94 63.56 26.08 48.51 44.92 92.91 19.24 27.8 71.57 42.52 31.06 12.04 31.38 38.33 33.24 103.08 58.01 115.55 38.08 57.07 40.05 65.92 72.03 23.19 72.62 14.56 48.01 58.87 50.61 89.54 103.31 96.63 27.46 52.43 39.41 108.16 53.15 79.43 29.97 41.87 73.6 51.66 11.05 29.73 36.67 43.97 37.66 70.21 31.58 65.92 95.51 104.0 44.28 14.76 41.62 97.02 0.0 55.95 73.06 66.29 31.32 37.58 52.4 17.26 44.42 48.3 46.32 42.8 51.97 32.31 13.0 12.21 45.4 42.06 28.64 13.6 48.01 60.21 102.11 95.04 101.53 37.95 58.22 53.34 44.28 
56.57 118.33 63.2 34.01 39.4 58.73 36.72 28.79 42.19 77.16 51.16 54.56 25.0 89.74 87.66 47.8 110.6 60.08 93.23 106.21 26.57 41.23 23.26 46.17 18.03 67.07 10.05 104.17 75.93 35.23 47.42 49.65 38.83 24.84 26.48 54.33 102.26 31.38 26.08 17.0 19.72 40.01 50.6 27.02 23.85 15.65 92.48 16.12 43.19 110.02 42.05 61.72 32.7 57.72 15.3 48.76 55.95 0.0 17.2 21.26 81.02 65.38 12.81 43.86 72.84 31.38 38.21 83.01 77.13 37.12 50.96 45.31 46.62 13.89 76.49 68.51 26.02 20.12 53.37 60.88 45.62 41.11 111.68 107.21 89.36 
56.36 135.0 78.45 46.49 50.36 57.8 53.85 45.62 46.69 91.14 65.28 71.7 42.2 105.95 104.39 32.14 126.83 43.93 110.07 121.81 41.88 48.04 21.19 61.61 9.85 83.77 25.63 119.08 88.28 21.84 30.68 42.01 55.32 33.54 40.31 40.2 117.9 26.63 43.27 32.57 8.06 51.66 67.23 44.2 40.36 31.89 109.25 7.21 57.31 124.58 29.12 55.9 44.1 74.0 31.78 40.22 73.06 17.2 0.0 24.08 97.12 79.06 24.08 60.96 86.01 41.44 51.26 97.62 89.36 51.48 67.42 62.17 57.56 31.06 92.44 85.7 39.0 24.35 43.91 59.68 28.79 55.95 128.08 123.71 104.56 
35.38 129.84 79.51 26.25 60.03 37.48 48.17 43.19 22.8 94.92 69.38 61.1 36.01 103.31 99.46 40.36 123.79 52.63 104.35 121.02 27.31 24.0 6.4 62.8 15.13 79.51 30.02 120.27 95.19 26.17 43.42 31.06 42.05 46.1 46.1 42.94 117.02 13.15 38.0 35.85 31.58 30.02 64.03 37.12 29.61 23.0 103.94 29.12 61.68 126.57 30.53 41.44 53.34 72.0 32.89 31.02 66.29 21.26 24.08 0.0 95.08 83.68 34.06 50.6 91.48 52.43 31.24 99.85 96.46 55.66 65.0 58.08 67.12 28.86 91.01 76.84 20.81 40.61 36.06 39.62 42.2 38.29 124.31 119.52 105.17 
121.02 39.41 20.62 79.62 54.82 123.97 47.0 52.61 102.59 23.09 35.61 42.05 59.08 8.94 13.34 128.79 29.73 140.94 19.31 26.08 70.35 97.08 100.32 35.85 98.84 16.76 71.57 27.73 35.36 116.1 127.78 126.02 58.69 68.96 57.78 135.15 22.09 108.17 57.14 64.56 95.63 82.97 31.06 58.01 66.03 72.11 17.46 92.7 42.19 34.89 122.64 134.37 57.98 23.35 65.73 126.1 31.32 81.02 97.12 95.08 0.0 28.65 73.74 48.51 29.83 62.13 77.62 17.46 36.22 46.96 30.27 37.01 50.91 67.9 5.0 29.73 78.41 78.71 131.14 126.12 125.87 69.26 31.3 27.46 14.14 
115.04 66.48 12.17 76.01 30.36 117.78 41.4 41.63 97.05 12.17 14.32 49.24 50.09 36.4 41.63 111.16 54.67 122.59 47.85 46.14 64.5 92.66 87.66 21.95 83.22 30.07 55.33 41.11 13.45 100.04 108.78 114.34 58.05 46.87 39.05 119.0 42.72 95.9 47.85 48.51 75.66 81.02 28.6 50.12 58.59 61.68 46.07 73.33 22.2 45.89 107.12 125.0 35.51 22.85 50.99 113.77 37.58 65.38 79.06 83.68 28.65 0.0 55.01 49.58 8.06 39.05 75.8 19.7 14.87 28.28 26.4 33.24 24.6 54.82 24.17 45.71 72.01 57.07 118.53 120.02 106.79 69.43 57.31 54.49 28.3 
69.31 112.26 54.57 42.95 27.2 71.51 34.06 24.76 54.41 67.07 41.19 53.82 25.08 82.64 81.88 56.22 103.46 67.9 87.82 97.98 33.02 52.84 35.85 37.95 28.86 61.4 7.0 95.04 64.63 45.18 54.34 61.85 41.76 12.04 16.28 64.03 94.11 43.83 25.06 10.63 21.93 49.24 44.94 27.31 28.16 22.2 86.83 18.97 33.24 100.5 52.35 74.3 20.62 50.99 12.08 60.75 52.4 12.81 24.08 34.06 73.74 55.01 0.0 43.91 62.07 18.79 46.39 73.55 65.76 27.46 44.78 40.61 34.48 15.13 68.95 65.76 35.17 10.05 65.15 73.66 52.39 47.1 104.92 100.72 80.6 
72.69 79.76 39.82 31.26 46.17 75.66 12.0 20.62 54.33 57.01 38.95 10.82 19.21 55.58 50.01 89.07 75.03 101.6 54.33 74.33 23.54 48.66 56.65 29.53 58.83 31.78 38.01 75.89 63.03 75.13 90.14 80.23 10.2 47.8 35.51 93.23 70.41 63.6 18.87 33.54 63.03 34.48 21.26 17.03 21.47 29.68 54.15 59.46 35.74 82.87 80.62 87.02 43.05 28.84 31.91 80.81 17.26 43.86 60.96 50.6 48.51 49.58 43.91 0.0 57.28 46.27 29.12 58.67 64.44 33.38 23.35 16.4 49.24 30.48 45.54 26.25 31.26 53.23 85.91 77.78 88.48 21.02 75.03 70.06 61.1 
123.07 65.0 18.36 84.06 36.35 125.8 49.41 49.66 105.1 7.81 22.14 56.3 58.14 36.25 43.17 118.02 52.4 129.25 49.04 42.64 72.56 100.72 95.34 30.02 90.55 35.17 62.8 36.24 6.32 107.23 115.35 122.02 65.95 53.24 46.39 126.1 39.62 103.59 55.9 56.09 82.22 89.05 36.12 58.18 66.65 69.64 47.13 80.06 29.83 40.16 114.35 132.85 42.05 29.68 58.69 121.4 44.42 72.84 86.01 91.48 29.83 8.06 62.07 57.28 0.0 45.28 83.82 16.28 7.62 35.9 33.97 41.04 29.83 62.64 26.17 51.24 80.06 63.39 126.12 128.04 113.36 77.34 55.44 53.25 25.5 
87.32 101.51 41.68 56.36 9.0 89.64 34.37 26.0 71.45 51.2 26.83 53.85 31.78 71.02 72.35 73.06 91.3 84.05 78.64 84.31 44.78 69.03 54.59 27.59 47.43 53.08 22.67 80.08 47.01 63.15 70.11 80.62 48.26 8.0 11.05 81.61 80.62 62.61 30.41 18.87 37.01 62.61 38.28 33.54 38.63 36.06 77.34 35.06 20.0 84.93 70.41 93.06 4.24 41.73 22.47 79.48 48.3 31.38 41.44 52.43 62.13 39.05 18.79 46.27 45.28 0.0 58.69 58.52 48.04 16.4 37.2 36.25 16.12 27.46 57.14 61.77 49.4 18.11 83.82 91.83 68.12 56.75 93.3 89.59 66.48 
44.05 107.04 67.6 5.0 62.77 47.04 34.41 36.24 26.08 84.72 63.03 37.05 28.02 84.53 78.31 71.42 103.48 83.49 82.02 103.37 13.93 20.0 37.54 54.04 44.78 60.88 39.46 105.0 89.02 57.31 74.65 55.54 18.97 56.04 48.3 72.8 99.46 42.01 30.0 40.16 56.75 5.39 49.19 27.02 20.12 24.19 82.1 53.37 57.31 111.95 60.96 59.84 57.25 57.27 36.69 56.8 46.32 38.21 51.26 31.24 77.62 75.8 46.39 29.12 83.82 58.69 0.0 87.24 90.43 52.63 51.0 43.42 68.24 32.02 74.63 53.0 12.37 56.22 61.74 49.09 73.41 9.06 103.17 98.13 90.14 
129.03 48.83 20.4 88.39 49.98 131.9 53.76 56.72 110.68 8.49 32.39 54.67 64.54 21.38 30.02 129.76 36.12 141.42 35.13 26.63 77.79 105.69 104.39 37.12 101.02 29.73 73.03 21.59 20.12 118.11 127.74 130.86 68.43 66.22 57.31 137.18 23.43 112.54 62.37 66.01 94.73 92.61 38.08 64.03 72.53 77.1 33.14 92.23 40.31 27.02 125.04 140.62 54.82 29.97 68.03 130.55 42.8 83.01 97.62 99.85 17.46 19.7 73.55 58.67 16.28 58.52 87.24 0.0 20.62 46.17 36.4 44.01 44.28 71.25 16.12 45.22 85.73 76.4 135.45 134.1 125.77 79.65 39.2 37.22 9.22 
128.8 69.12 25.94 90.44 39.05 131.48 56.08 55.57 111.02 13.15 27.78 63.81 64.14 41.76 49.5 121.1 56.04 132.0 55.11 45.34 78.77 106.85 100.0 36.4 94.54 42.72 67.19 37.64 1.41 110.89 118.02 126.65 72.86 56.04 50.7 129.56 42.8 108.24 61.91 60.73 85.01 95.6 43.42 64.35 72.72 75.15 53.15 83.1 34.93 40.31 118.09 137.9 45.28 37.22 63.57 125.88 51.97 77.13 89.36 96.46 36.22 14.87 65.76 64.44 7.62 48.04 90.43 20.62 0.0 40.85 41.23 48.1 32.0 67.78 33.0 58.82 86.09 66.0 130.5 133.72 116.02 84.22 59.36 57.71 29.53 
88.19 86.09 27.2 51.62 13.04 90.82 21.59 16.4 70.72 40.05 14.04 39.2 24.76 55.9 56.4 83.6 76.56 95.35 62.63 70.6 39.6 67.01 59.44 11.4 55.04 36.77 27.07 67.6 39.56 72.01 81.79 86.12 38.08 22.2 11.18 91.05 66.76 67.68 22.67 20.22 49.04 57.38 21.95 25.61 33.24 34.48 61.4 46.32 6.08 73.17 79.01 97.08 12.21 25.5 22.8 85.51 32.31 37.12 51.48 55.66 46.96 28.28 27.46 33.38 35.9 16.4 52.63 46.17 40.85 0.0 20.81 20.62 16.16 26.93 42.05 45.62 46.23 31.76 90.26 93.06 79.83 48.37 78.26 74.3 53.15 
92.72 67.62 16.64 52.0 32.7 95.6 17.46 22.36 74.33 33.84 18.11 23.41 29.02 38.83 37.12 98.76 59.67 111.02 43.05 56.04 41.48 69.29 70.11 10.44 68.66 16.64 41.79 55.58 39.82 85.91 98.08 96.02 32.45 42.43 29.83 104.92 52.04 78.03 27.0 34.93 66.65 56.36 2.24 28.16 36.5 42.0 42.06 63.51 18.97 62.17 92.4 104.94 33.02 7.0 35.74 96.01 13.0 50.96 67.42 65.0 30.27 26.4 44.78 23.35 33.97 37.2 51.0 36.4 41.23 20.81 0.0 7.62 32.56 37.66 26.02 25.3 49.48 51.22 101.02 97.8 96.21 43.83 60.73 56.3 40.45 
85.16 73.05 24.19 44.38 33.54 88.06 10.05 16.55 66.76 41.34 22.85 19.03 22.09 45.28 42.38 92.97 65.92 105.34 47.93 63.01 33.96 61.68 63.39 13.6 62.64 21.84 36.72 62.97 46.69 79.81 92.7 89.01 25.0 40.22 27.2 98.72 59.01 71.18 20.22 30.23 62.13 48.76 6.08 21.0 29.15 35.13 47.17 58.83 21.02 69.63 86.12 97.62 32.31 14.32 30.41 89.09 12.21 45.31 62.17 58.08 37.01 33.24 40.61 16.4 41.04 36.25 43.42 44.01 48.1 20.62 7.62 0.0 35.01 31.62 33.06 25.81 41.98 48.1 94.13 90.25 90.87 36.4 66.71 62.1 47.85 
101.26 90.03 30.48 66.84 7.28 103.73 37.64 32.25 84.5 36.4 16.12 54.04 40.22 59.46 62.63 89.14 78.82 100.0 69.03 70.71 54.82 81.34 69.86 22.2 63.32 45.62 37.12 65.55 31.02 79.25 86.02 96.21 54.23 24.08 21.4 97.74 67.23 78.0 38.28 31.62 53.01 72.8 34.37 41.34 48.41 48.17 67.48 51.16 14.0 69.92 86.49 108.26 13.93 34.54 35.0 95.19 45.4 46.62 57.56 67.12 50.91 24.6 34.48 49.24 29.83 16.12 68.24 44.28 32.0 16.16 32.56 35.01 0.0 39.82 45.97 57.72 60.83 34.0 99.62 105.95 84.02 64.41 81.22 77.99 52.84 
61.59 104.68 51.04 29.15 33.24 64.14 22.83 15.3 44.69 66.1 40.52 41.01 11.31 76.49 74.0 61.35 97.29 73.74 79.48 93.43 18.25 41.77 33.14 34.13 31.05 53.45 8.25 92.01 66.48 48.27 61.27 59.68 26.93 24.04 18.44 67.27 89.45 41.3 12.21 8.6 32.56 35.47 37.11 13.45 13.04 8.6 78.77 29.0 32.89 98.13 54.74 70.21 26.91 44.55 5.0 59.3 42.06 13.89 31.06 28.86 67.9 54.82 15.13 30.48 62.64 27.46 32.02 71.25 67.78 26.93 37.66 31.62 39.82 0.0 63.51 54.64 21.95 25.18 64.2 66.37 59.48 32.02 98.23 93.68 77.01 
117.69 44.41 15.62 76.4 49.82 120.62 43.1 48.26 99.25 20.1 30.61 39.96 55.0 13.89 17.46 124.2 34.54 136.31 23.71 30.02 66.75 93.86 96.13 31.02 94.37 14.42 66.94 30.36 32.02 111.63 123.08 122.0 55.66 64.01 52.92 130.7 26.02 104.04 53.01 59.91 90.82 80.01 27.02 54.04 62.2 68.01 21.95 87.92 37.22 37.34 118.23 130.65 53.0 19.03 61.19 122.02 28.64 76.49 92.44 91.01 5.0 24.17 68.95 45.54 26.17 57.14 74.63 16.12 33.0 42.05 26.02 33.06 45.97 63.51 0.0 29.21 74.81 73.79 127.04 122.78 121.17 66.48 36.24 32.45 15.65 
97.02 54.08 33.54 56.14 57.94 100.02 32.02 41.04 79.03 47.42 42.43 16.12 43.57 34.0 25.96 114.93 50.99 127.46 29.07 52.8 49.73 73.0 82.87 35.74 84.53 16.16 61.07 56.86 57.57 101.13 115.6 106.3 35.51 66.03 53.01 119.4 49.19 89.84 42.44 55.17 86.68 58.03 23.77 41.68 47.54 55.46 29.27 83.24 44.27 64.07 106.78 112.45 57.71 24.02 54.67 106.96 13.6 68.51 85.7 76.84 29.73 45.71 65.76 26.25 51.24 61.77 53.0 45.22 58.82 45.62 25.3 25.81 57.72 54.64 29.21 0.0 57.27 73.76 112.06 102.04 113.88 44.01 50.36 45.28 43.86 
43.32 111.02 65.46 8.0 54.67 46.17 32.02 30.53 25.08 82.08 58.31 41.23 21.95 86.09 81.15 61.07 106.02 73.41 85.59 104.48 8.06 20.81 27.2 50.09 33.02 62.07 28.46 104.92 84.72 46.86 63.66 49.03 21.84 45.69 39.82 63.63 100.5 33.11 24.19 30.53 44.38 14.14 48.05 21.93 13.42 13.42 85.38 41.0 51.61 111.61 51.31 56.04 48.6 56.29 26.93 49.73 48.01 26.02 39.0 20.81 78.41 72.01 35.17 31.26 80.06 49.4 12.37 85.73 86.09 46.23 49.48 41.98 60.83 21.95 74.81 57.27 0.0 44.72 54.82 48.38 62.29 17.69 106.17 101.24 89.82 
75.93 117.83 58.69 52.61 27.07 77.9 42.72 33.29 62.27 69.23 44.27 62.77 34.79 87.66 87.92 55.23 108.26 66.01 94.05 101.84 43.0 61.33 41.04 43.05 31.91 67.8 17.03 97.98 65.01 46.17 52.04 65.51 51.66 10.2 21.4 64.13 98.08 48.41 34.54 19.7 19.03 58.86 51.74 37.0 38.21 32.06 92.91 17.46 36.77 102.96 53.45 78.82 21.59 56.86 21.84 64.01 60.21 20.12 24.35 40.61 78.71 57.07 10.05 53.23 63.39 18.11 56.22 76.4 66.0 31.76 51.22 48.1 34.0 25.18 73.79 73.76 44.72 0.0 67.98 79.98 50.04 57.14 110.02 106.07 84.12 
