30
0.0 38.48 7.62 40.8 29.41 18.03 23.43 33.24 18.38 21.63 28.07 27.78 9.22 35.23 37.01 9.06 12.04 10.05 24.41 33.02 29.68 23.77 25.81 11.7 38.08 12.04 29.07 36.12 16.16 39.85 
38.48 0.0 30.87 5.66 11.05 29.02 20.1 5.66 42.01 23.09 19.31 11.18 29.73 12.0 17.12 31.06 28.6 47.43 15.13 15.13 10.0 15.62 14.04 26.83 7.28 34.23 9.49 13.04 29.02 5.0 
7.62 30.87 0.0 33.24 22.02 14.04 17.0 25.63 19.8 15.81 21.59 20.25 3.0 28.02 30.27 4.47 6.4 17.12 17.03 26.08 22.2 16.28 18.44 4.12 30.59 10.82 21.47 29.0 12.04 32.28 
40.8 5.66 33.24 0.0 15.81 33.38 24.74 8.0 46.27 27.66 17.8 15.13 32.56 8.94 13.15 32.7 29.97 50.22 19.1 12.53 14.56 17.09 18.25 29.12 3.61 38.0 13.04 9.49 33.14 1.0 
29.41 11.05 22.02 15.81 0.0 18.0 9.06 8.6 31.0 12.04 19.42 3.0 20.25 17.03 22.2 23.43 21.63 37.58 5.0 18.36 1.41 11.05 3.61 18.38 15.26 23.54 4.47 18.44 18.11 14.87 
18.03 29.02 14.04 33.38 18.0 0.0 9.06 25.5 13.0 6.08 29.07 18.25 11.05 31.78 35.85 18.25 18.97 22.63 14.32 31.38 19.03 20.25 15.13 13.93 32.02 7.07 20.4 33.11 2.0 32.39 
23.43 20.1 17.0 24.74 9.06 9.06 0.0 17.09 22.02 3.0 23.85 9.85 14.42 24.41 29.07 19.92 19.24 30.23 6.4 24.76 10.2 14.42 6.71 14.56 23.77 15.23 12.08 25.81 9.49 23.77 
33.24 5.66 25.63 8.0 8.6 25.5 17.09 0.0 38.33 19.92 14.32 7.28 24.74 8.94 14.32 25.55 23.02 42.45 11.18 11.18 7.21 10.0 10.44 21.54 6.71 30.0 5.1 10.3 25.18 7.0 
18.38 42.01 19.8 46.27 31.0 13.0 22.02 38.33 0.0 19.03 39.82 31.14 17.8 43.97 47.54 24.08 26.17 16.28 27.17 43.08 32.02 31.95 28.07 22.2 44.72 9.43 33.24 45.22 13.15 45.28 
21.63 23.09 15.81 27.66 12.04 6.08 3.0 19.92 19.03 0.0 25.61 12.65 13.0 26.93 31.4 19.24 19.0 27.8 8.94 27.02 13.15 16.28 9.49 14.04 26.57 12.53 14.87 28.3 6.71 26.68 
28.07 19.31 21.59 17.8 19.42 29.07 23.85 14.32 39.82 25.61 0.0 16.49 22.47 9.22 9.06 19.03 16.03 38.12 17.89 5.83 18.25 9.43 18.38 18.03 14.21 30.41 15.13 9.43 27.8 17.2 
27.78 11.18 20.25 15.13 3.0 18.25 9.85 7.28 31.14 12.65 16.49 0.0 18.79 14.87 19.85 21.21 19.21 36.4 4.0 15.81 2.24 8.06 3.16 16.4 13.93 23.09 2.24 16.28 18.03 14.14 
9.22 29.73 3.0 32.56 20.25 11.05 14.42 24.74 17.8 13.0 22.47 18.79 0.0 28.07 30.81 7.28 8.6 17.72 15.26 26.48 20.59 16.0 16.64 4.47 30.15 8.49 20.25 29.15 9.06 31.58 
35.23 12.0 28.02 8.94 17.03 31.78 24.41 8.94 43.97 26.93 9.22 14.87 28.07 0.0 5.39 26.48 23.54 45.1 18.03 3.61 15.62 12.17 17.8 24.0 5.39 34.93 12.73 1.41 31.02 8.54 
37.01 17.12 30.27 13.15 22.2 35.85 29.07 14.32 47.54 31.4 9.06 19.85 30.81 5.39 0.0 28.0 25.0 47.04 22.67 4.47 20.81 15.65 22.63 26.48 10.0 38.28 17.8 4.12 34.89 13.04 
9.06 31.06 4.47 32.7 23.43 18.25 19.92 25.55 24.08 19.24 19.03 21.21 7.28 26.48 28.0 0.0 3.0 19.1 18.6 24.08 23.35 15.65 20.0 5.39 29.73 15.26 22.02 27.29 16.28 31.78 
12.04 28.6 6.4 29.97 21.63 18.97 19.24 23.02 26.17 19.0 16.03 19.21 8.6 23.54 25.0 3.0 0.0 22.09 17.0 21.1 21.4 13.04 18.36 5.1 26.93 17.03 19.8 24.33 17.09 29.07 
10.05 47.43 17.12 50.22 37.58 22.63 30.23 42.45 16.28 27.8 38.12 36.4 17.72 45.1 47.04 19.1 22.09 0.0 32.7 43.0 38.08 33.38 34.01 21.21 47.68 15.56 37.95 46.04 21.26 49.24 
24.41 15.13 17.03 19.1 5.0 14.32 6.4 11.18 27.17 8.94 17.89 4.0 15.26 18.03 22.67 18.6 17.0 32.7 0.0 18.38 5.39 8.54 1.41 13.45 17.72 19.1 6.08 19.42 14.04 18.11 
33.02 15.13 26.08 12.53 18.36 31.38 24.76 11.18 43.08 27.02 5.83 15.81 26.48 3.61 4.47 24.08 21.1 43.0 18.38 0.0 17.0 11.18 18.44 22.2 8.94 33.84 13.89 3.61 30.41 12.08 
29.68 10.0 22.2 14.56 1.41 19.03 10.2 7.21 32.02 13.15 18.25 2.24 20.59 15.62 20.81 23.35 21.4 38.08 5.39 17.0 0.0 10.2 4.12 18.44 13.89 24.33 3.16 17.03 19.03 13.6 
23.77 15.62 16.28 17.09 11.05 20.25 14.42 10.0 31.95 16.28 9.43 8.06 16.0 12.17 15.65 15.65 13.04 33.38 8.54 11.18 10.2 0.0 9.22 12.17 14.32 22.8 7.62 13.34 19.24 16.16 
25.81 14.04 18.44 18.25 3.61 15.13 6.71 10.44 28.07 9.49 18.38 3.16 16.64 17.8 22.63 20.0 18.36 34.01 1.41 18.44 4.12 9.22 0.0 14.87 17.09 20.22 5.39 19.21 15.0 17.26 
11.7 26.83 4.12 29.12 18.38 13.93 14.56 21.54 22.2 14.04 18.03 16.4 4.47 24.0 26.48 5.39 5.1 21.21 13.45 22.2 18.44 12.17 14.87 0.0 26.48 12.81 17.49 25.02 12.08 28.16 
38.08 7.28 30.59 3.61 15.26 32.02 23.77 6.71 44.72 26.57 14.21 13.93 30.15 5.39 10.0 29.73 26.93 47.68 17.72 8.94 13.89 14.32 17.09 26.48 0.0 36.12 11.7 6.08 31.58 3.16 
12.04 34.23 10.82 38.0 23.54 7.07 15.23 30.0 9.43 12.53 30.41 23.09 8.49 34.93 38.28 15.26 17.03 15.56 19.1 33.84 24.33 22.8 20.22 12.81 36.12 0.0 25.02 36.14 5.83 37.0 
29.07 9.49 21.47 13.04 4.47 20.4 12.08 5.1 33.24 14.87 15.13 2.24 20.25 12.73 17.8 22.02 19.8 37.95 6.08 13.89 3.16 7.62 5.39 17.49 11.7 25.02 0.0 14.14 20.1 12.04 
36.12 13.04 29.0 9.49 18.44 33.11 25.81 10.3 45.22 28.3 9.43 16.28 29.15 1.41 4.12 27.29 24.33 46.04 19.42 3.61 17.03 13.34 19.21 25.02 6.08 36.14 14.14 0.0 32.31 9.22 
16.16 29.02 12.04 33.14 18.11 2.0 9.49 25.18 13.15 6.71 27.8 18.03 9.06 31.02 34.89 16.28 17.09 21.26 14.04 30.41 19.03 19.24 15.0 12.08 31.58 5.83 20.1 32.31 0.0 32.14 
39.85 5.0 32.28 1.0 14.87 32.39 23.77 7.0 45.28 26.68 17.2 14.14 31.58 8.54 13.04 31.78 29.07 49.24 18.11 12.08 13.6 16.16 17.26 28.16 3.16 37.0 12.04 9.22 32.14 0.0 
