65
0.0 72.73 60.53 99.64 10.05 99.64 14.76 105.51 92.0 10.2 104.24 75.43 5.83 48.01 42.64 68.01 13.45 58.94 108.78 106.17 96.42 80.22 40.26 33.53 40.72 40.0 33.11 72.37 36.07 109.88 89.02 84.02 46.1 104.39 110.04 83.02 61.61 73.55 7.21 36.4 31.78 23.09 59.48 18.79 58.46 15.0 13.93 32.56 59.06 54.08 27.07 9.22 7.81 64.94 6.4 30.53 32.06 32.57 8.54 98.15 45.35 88.53 95.01 102.83 42.11 
72.73 0.0 17.49 29.43 69.23 50.22 62.8 33.24 32.53 64.08 34.71 5.66 78.43 31.89 36.22 22.02 84.69 14.42 53.08 47.01 30.41 31.02 32.7 49.58 51.22 37.01 53.76 9.22 43.05 38.05 29.0 29.15 30.48 37.7 48.55 38.28 12.73 38.12 68.54 47.38 41.23 62.01 41.76 72.95 15.62 58.69 58.82 40.72 17.72 25.0 46.96 68.45 79.48 34.37 78.77 58.05 42.54 50.33 67.68 47.2 42.2 17.12 35.38 48.84 37.48 
60.53 17.49 0.0 39.29 59.03 46.04 53.24 46.1 32.98 50.99 43.74 17.03 65.92 15.0 33.02 10.63 71.31 7.62 52.39 48.08 36.01 24.41 21.1 33.29 33.97 32.25 37.2 12.53 38.01 49.98 29.61 26.0 14.87 44.01 51.2 30.41 6.0 25.94 55.32 30.81 29.02 54.82 25.18 57.7 5.83 45.71 47.1 28.07 21.54 7.81 33.54 58.01 66.49 19.42 66.1 41.62 28.64 34.13 57.0 43.57 24.84 29.07 36.14 46.96 21.1 
99.64 29.43 39.29 0.0 97.33 36.0 91.14 9.85 18.97 90.24 5.39 25.02 105.12 53.49 65.62 34.48 110.6 41.11 32.57 25.3 9.22 30.0 59.54 71.69 70.33 66.27 75.15 27.29 72.34 11.4 18.36 24.41 54.12 10.82 24.19 34.89 38.21 42.01 94.59 68.94 67.9 91.09 53.91 96.57 41.3 84.93 85.99 67.08 47.07 46.49 72.78 96.42 105.76 44.69 105.32 79.62 67.91 72.62 95.52 33.02 61.29 12.37 19.24 31.26 59.81 
10.05 69.23 59.03 97.33 0.0 100.96 6.71 102.42 91.55 15.0 102.18 72.56 14.32 48.27 36.24 67.6 22.36 56.22 109.44 106.21 95.01 80.6 38.0 36.89 45.0 34.01 37.64 70.11 29.15 107.06 88.36 83.86 45.54 103.0 109.77 84.2 59.14 75.27 14.87 39.45 30.15 13.42 62.17 27.89 56.08 17.2 13.0 31.26 54.08 53.46 27.2 1.41 17.09 66.41 15.23 36.07 32.02 36.06 2.83 99.2 47.85 85.71 94.64 103.59 43.01 
99.64 50.22 46.04 36.0 100.96 0.0 96.14 45.18 18.97 89.44 34.37 44.65 104.09 52.81 79.06 35.51 107.3 52.63 11.18 14.42 27.07 21.63 65.31 66.48 61.01 78.23 68.12 41.87 83.86 43.93 21.93 21.26 56.08 27.66 19.21 16.76 49.68 26.17 93.06 63.51 71.51 99.4 41.01 90.01 51.4 84.93 88.06 70.23 65.05 48.75 73.76 99.72 103.7 34.71 103.95 72.03 68.96 67.48 98.49 3.16 54.45 40.8 17.26 6.4 57.97 
14.76 62.8 53.24 91.14 6.71 96.14 0.0 96.03 85.99 15.3 96.05 66.27 20.0 43.32 29.53 62.17 28.02 50.04 104.29 100.81 89.09 75.43 32.14 33.97 42.43 27.31 35.47 64.01 22.47 100.72 82.73 78.45 40.26 97.08 104.24 79.38 53.01 70.77 17.03 36.24 24.74 9.0 58.31 30.02 50.0 15.26 10.0 25.96 47.43 48.05 22.83 6.4 22.47 61.85 20.81 34.67 27.31 33.24 6.4 94.25 44.1 79.4 89.11 98.49 38.48 
105.51 33.24 46.1 9.85 102.42 45.18 96.03 0.0 28.79 96.46 11.05 30.08 111.13 60.83 69.0 42.8 117.0 46.57 40.45 33.24 18.97 39.66 65.25 79.18 78.49 70.06 82.86 33.62 76.03 5.39 28.18 34.13 60.93 18.11 31.05 44.72 43.97 51.61 100.88 76.54 73.76 95.13 62.94 103.79 47.13 91.09 91.68 73.08 50.01 53.67 79.06 101.61 111.97 53.74 111.4 87.32 74.33 80.06 100.81 42.3 69.34 17.09 28.86 40.0 67.08 
92.0 32.53 32.98 18.97 91.55 18.97 85.99 28.79 0.0 82.02 19.42 26.87 97.05 44.01 64.88 24.02 101.49 38.08 20.62 15.23 9.85 13.42 53.94 60.83 57.57 64.62 63.56 25.24 70.58 29.15 3.61 8.25 46.1 15.0 18.25 16.4 34.93 25.0 86.09 57.87 61.4 87.8 38.91 85.7 37.34 77.0 79.16 60.3 48.83 38.12 65.03 90.45 97.19 30.08 97.08 67.91 60.03 61.81 89.36 15.81 49.24 21.84 3.16 16.4 50.09 
10.2 64.08 50.99 90.24 15.0 89.44 15.3 96.46 82.02 0.0 94.73 66.41 15.03 38.01 37.01 58.08 20.62 49.98 98.62 96.08 86.7 70.11 31.38 23.41 30.89 34.06 23.32 63.06 31.38 100.69 79.1 74.0 36.35 94.64 100.0 72.84 52.5 63.35 4.47 26.25 22.85 24.19 49.34 15.13 49.34 5.39 7.62 23.41 51.61 44.28 17.46 13.6 15.52 54.74 15.13 21.26 22.36 22.47 12.21 87.97 35.17 79.4 85.01 92.66 32.02 
104.24 34.71 43.74 5.39 102.18 34.37 96.05 11.05 19.42 94.73 0.0 30.15 109.66 57.57 70.86 38.08 114.98 46.01 29.43 22.2 9.9 31.83 64.28 75.61 73.79 71.45 78.92 32.06 77.52 9.85 19.8 26.17 58.46 7.07 20.25 35.81 43.05 43.84 99.04 72.8 72.56 96.19 56.61 100.57 46.1 89.44 90.67 71.7 52.39 50.7 77.28 101.24 110.22 47.43 109.84 83.38 72.37 76.55 100.32 31.58 64.88 17.72 18.79 29.02 63.89 
75.43 5.66 17.03 25.02 72.56 44.65 66.27 30.08 26.87 66.41 30.15 0.0 81.04 32.02 40.79 18.68 86.98 16.49 47.42 41.4 25.08 25.96 35.17 50.22 50.91 41.3 54.2 5.39 47.38 34.53 23.35 23.71 31.38 32.57 43.05 33.24 13.93 34.01 70.84 47.8 43.68 66.07 39.4 74.3 17.09 61.03 61.61 43.01 22.85 24.84 49.04 71.7 81.91 31.32 81.32 58.6 44.38 51.04 70.86 41.62 41.73 13.15 29.73 43.19 38.01 
5.83 78.43 65.92 105.12 14.32 104.09 20.0 111.13 97.05 15.03 109.66 81.04 0.0 53.04 48.41 73.11 8.06 64.56 113.44 111.04 101.71 85.05 45.88 37.66 44.27 45.8 36.69 77.88 41.77 115.45 94.13 89.01 51.35 109.66 115.0 87.57 67.19 77.93 11.05 40.61 37.36 27.73 63.56 19.1 64.03 20.22 19.7 38.08 64.88 59.3 32.39 13.89 3.0 69.46 1.0 33.62 37.34 36.67 13.6 102.7 49.65 94.11 100.02 107.47 47.0 
48.01 31.89 15.0 53.49 48.27 52.81 43.32 60.83 44.01 38.01 57.57 32.02 53.04 0.0 31.76 20.1 57.71 18.36 61.19 58.22 49.03 32.39 14.21 18.36 19.42 29.68 22.2 27.46 34.06 64.47 41.11 36.01 4.47 56.89 62.03 36.06 19.21 27.78 42.11 15.81 18.79 47.01 18.36 43.08 16.64 33.02 35.51 17.46 29.27 7.21 21.21 47.07 53.24 18.87 53.08 26.63 16.28 19.24 45.89 50.96 10.77 43.91 47.0 55.32 6.32 
42.64 36.22 33.02 65.62 36.24 79.06 29.53 69.0 64.88 37.01 70.86 40.79 48.41 31.76 0.0 43.6 55.97 26.83 85.0 80.11 65.52 57.43 18.03 37.01 44.18 3.16 41.11 40.16 7.28 74.03 61.33 58.67 27.29 73.25 82.64 63.25 29.97 57.31 41.11 37.05 20.1 26.48 50.12 50.61 27.78 32.45 29.73 21.02 19.03 31.89 25.71 35.85 50.33 49.04 49.04 43.57 25.02 37.05 35.51 76.55 39.56 53.34 68.03 79.76 31.32 
68.01 22.02 10.63 34.48 67.6 35.51 62.17 42.8 24.02 58.08 38.08 18.68 73.11 20.1 43.6 0.0 77.78 17.8 42.38 38.64 29.12 13.89 30.36 37.64 35.85 42.72 40.85 13.34 48.37 45.79 21.02 16.28 22.09 36.88 42.19 19.8 15.26 16.49 62.2 34.79 37.48 64.51 21.1 62.64 16.28 53.01 55.15 36.35 31.38 14.14 41.01 66.48 73.33 12.65 73.17 45.31 36.01 38.6 65.38 33.12 26.83 26.91 27.07 36.77 26.31 
13.45 84.69 71.31 110.6 22.36 107.3 28.02 117.0 101.49 20.62 114.98 86.98 8.06 57.71 55.97 77.78 0.0 70.58 117.04 115.07 106.71 89.09 52.0 41.0 46.53 53.26 39.2 83.52 49.5 121.17 98.73 93.34 56.52 114.59 119.21 91.05 73.05 81.15 16.16 44.0 43.46 35.78 66.37 18.38 69.89 26.0 26.63 44.01 71.87 64.33 37.95 21.95 5.66 73.01 7.21 35.51 42.72 40.0 21.63 106.12 53.01 99.93 104.39 111.04 51.48 
58.94 14.42 7.62 41.11 56.22 52.63 50.04 46.57 38.08 49.98 46.01 16.49 64.56 18.36 26.83 17.8 70.58 0.0 58.18 53.31 39.46 31.14 18.68 35.36 37.74 26.57 39.62 14.04 32.57 50.99 34.54 31.91 16.28 47.38 55.97 37.54 3.16 33.54 54.42 33.3 27.2 50.49 32.0 58.52 2.0 44.6 45.12 26.57 13.93 12.37 32.7 55.33 65.46 26.93 64.85 43.84 28.18 36.07 54.45 50.0 29.07 29.61 41.23 53.0 23.43 
108.78 53.08 52.39 32.57 109.44 11.18 104.29 40.45 20.62 98.62 29.43 47.42 113.44 61.19 85.0 42.38 117.04 58.18 0.0 7.28 25.06 28.86 72.73 76.06 71.11 84.53 78.01 45.8 90.38 38.01 24.21 26.4 64.03 22.36 10.2 26.0 55.07 36.06 102.4 73.06 79.56 106.89 51.16 100.08 57.25 93.9 96.69 78.34 69.4 56.32 82.38 108.26 113.22 44.05 113.36 82.05 77.47 77.06 107.08 11.18 64.03 40.5 17.69 6.0 66.75 
106.17 47.01 48.08 25.3 106.21 14.42 100.81 33.24 15.23 96.08 22.2 41.4 111.04 58.22 80.11 38.64 115.07 53.31 7.28 0.0 18.03 26.0 68.88 74.11 69.87 79.85 76.42 40.31 85.8 31.02 18.79 22.36 60.67 15.13 5.0 25.0 50.16 35.17 100.02 71.11 76.12 102.88 50.22 98.62 52.55 91.2 93.65 74.97 63.81 52.77 79.4 105.08 111.0 42.3 111.02 80.62 74.43 75.11 103.95 12.73 62.2 33.6 12.08 8.06 64.07 
96.42 30.41 36.01 9.22 95.01 27.07 89.09 18.97 9.85 86.7 9.9 25.08 101.71 49.03 65.52 29.12 106.71 39.46 25.06 18.03 0.0 21.93 57.01 66.76 64.47 65.73 69.89 25.5 71.81 19.42 9.9 16.28 50.36 8.0 18.44 26.08 36.35 33.94 90.93 63.89 65.03 89.94 46.87 91.76 39.2 81.5 83.1 64.07 47.93 42.43 69.35 94.0 102.11 37.74 101.83 74.33 64.38 67.72 93.01 24.02 55.71 15.62 10.05 22.8 55.32 
80.22 31.02 24.41 30.0 80.6 21.63 75.43 39.66 13.42 70.11 31.83 25.96 85.05 32.39 57.43 13.89 89.09 31.14 28.86 26.0 21.93 0.0 44.01 48.17 44.38 56.6 50.64 21.93 62.27 41.11 12.04 5.66 35.17 28.3 30.15 7.28 28.28 12.04 74.03 45.18 50.7 78.19 25.5 72.84 29.83 65.28 67.9 49.48 44.05 27.51 53.6 79.43 85.0 16.76 85.02 54.92 48.66 49.16 78.26 19.24 36.35 27.66 15.81 23.09 38.12 
40.26 32.7 21.1 59.54 38.0 65.31 32.14 65.25 53.94 31.38 64.28 35.17 45.88 14.21 18.03 30.36 52.0 18.68 72.73 68.88 57.01 44.01 0.0 21.19 27.07 15.65 25.63 32.25 19.85 69.63 50.64 46.57 9.9 65.01 72.18 48.76 21.38 41.4 35.85 20.4 8.54 34.18 32.45 41.11 18.25 26.0 26.48 8.06 22.2 16.55 14.42 37.01 46.82 32.65 46.17 29.07 10.63 21.54 36.06 63.16 21.59 48.27 57.07 67.07 13.34 
33.53 49.58 33.29 71.69 36.89 66.48 33.97 79.18 60.83 23.41 75.61 50.22 37.66 18.36 37.01 37.64 41.0 35.36 76.06 74.11 66.76 48.17 21.19 0.0 8.6 34.0 4.47 45.79 35.51 82.76 58.25 52.61 19.1 74.46 78.31 50.09 36.88 40.31 26.68 3.0 17.03 40.61 25.96 25.0 33.97 19.72 24.21 16.0 42.94 25.55 13.0 35.51 37.22 32.02 37.48 8.49 12.0 1.0 34.13 65.19 12.04 62.27 63.64 70.06 12.21 
40.72 51.22 33.97 70.33 45.0 61.01 42.43 78.49 57.57 30.89 73.79 50.91 44.27 19.42 44.18 35.85 46.53 37.74 71.11 69.87 64.47 44.38 27.07 8.6 0.0 41.3 7.62 46.01 43.42 81.63 55.36 49.34 21.93 71.87 74.33 45.18 38.6 35.06 33.62 7.28 24.74 49.2 20.0 29.0 36.06 27.8 32.56 23.54 47.43 26.25 21.47 43.6 43.42 27.66 43.97 11.05 19.65 9.22 42.2 60.03 9.22 62.01 60.17 65.12 14.87 
40.0 37.01 32.25 66.27 34.01 78.23 27.31 70.06 64.62 34.06 71.45 41.3 45.8 29.68 3.16 42.72 53.26 26.57 84.53 79.85 65.73 56.6 15.65 34.0 41.3 0.0 38.05 40.26 6.08 75.01 61.1 58.14 25.24 73.55 82.54 62.2 29.73 55.87 38.21 34.13 17.03 25.08 48.02 47.51 27.31 29.41 26.87 18.0 20.4 30.41 22.56 33.54 47.63 47.42 46.4 40.45 22.0 34.01 33.12 75.8 37.0 54.08 67.78 79.18 28.79 
33.11 53.76 37.2 75.15 37.64 68.12 35.47 82.86 63.56 23.32 78.92 54.2 36.69 22.2 41.11 40.85 39.2 39.62 78.01 76.42 69.89 50.64 25.63 4.47 7.62 38.05 0.0 49.65 39.2 86.31 61.13 55.32 23.35 77.49 80.75 52.01 41.04 42.01 26.0 6.4 21.02 42.72 27.17 22.2 38.18 20.52 25.5 20.1 47.41 29.41 16.28 36.24 35.9 34.13 36.4 4.47 16.12 4.12 34.83 67.01 14.32 66.04 66.29 72.01 16.28 
72.37 9.22 12.53 27.29 70.11 41.87 64.01 33.62 25.24 63.06 32.06 5.39 77.88 27.46 40.16 13.34 83.52 14.04 45.8 40.31 25.5 21.93 32.25 45.79 46.01 40.26 49.65 0.0 46.32 37.64 21.63 20.62 27.31 33.38 42.54 29.15 11.0 29.02 67.45 43.27 40.61 64.5 34.01 70.21 14.04 57.72 58.69 39.81 23.6 20.25 45.61 69.18 78.59 25.96 78.1 54.08 40.8 46.65 68.26 38.95 36.8 16.55 28.3 41.11 33.62 
36.07 43.05 38.01 72.34 29.15 83.86 22.47 76.03 70.58 31.38 77.52 47.38 41.77 34.06 7.28 48.37 49.5 32.57 90.38 85.8 71.81 62.27 19.85 35.51 43.42 6.08 39.2 46.32 0.0 81.0 67.07 63.98 29.73 79.62 88.54 67.68 35.74 60.96 35.23 36.14 18.68 19.24 52.2 45.69 33.24 27.31 23.85 19.92 26.17 35.61 23.02 28.84 43.84 52.35 42.45 41.0 23.77 35.36 28.6 81.49 40.25 60.13 73.74 84.97 32.25 
109.88 38.05 49.98 11.4 107.06 43.93 100.72 5.39 29.15 100.69 9.85 34.53 115.45 64.47 74.03 45.79 121.17 50.99 38.01 31.02 19.42 41.11 69.63 82.76 81.63 75.01 86.31 37.64 81.0 0.0 29.21 35.47 64.85 16.28 28.16 45.49 48.27 53.15 105.08 80.06 78.1 100.04 65.3 107.54 51.42 95.34 96.1 77.37 55.08 57.38 83.24 106.21 116.21 56.08 115.69 90.79 78.45 83.67 105.38 41.23 72.56 21.38 28.64 38.33 70.77 
89.02 29.0 29.61 18.36 88.36 21.93 82.73 28.18 3.61 79.1 19.8 23.35 94.13 41.11 61.33 21.02 98.73 34.54 24.21 18.79 9.9 12.04 50.64 58.25 55.36 61.1 61.13 21.63 67.07 29.21 0.0 6.4 43.01 16.55 21.59 16.55 31.38 24.04 83.22 55.32 58.22 84.4 37.22 83.2 33.84 74.03 76.06 57.14 45.22 35.01 62.0 87.28 94.34 28.18 94.19 65.52 57.0 59.23 86.21 18.79 46.84 19.24 6.71 19.85 47.27 
84.02 29.15 26.0 24.41 83.86 21.26 78.45 34.13 8.25 74.0 26.17 23.71 89.01 36.01 58.67 16.28 93.34 31.91 26.4 22.36 16.28 5.66 46.57 52.61 49.34 58.14 55.32 20.62 63.98 35.47 6.4 0.0 38.33 22.83 26.02 11.18 28.84 17.69 78.03 49.65 53.76 80.65 30.89 77.47 30.89 69.03 71.34 52.61 43.86 30.41 57.14 82.73 89.09 21.93 89.02 59.67 52.15 53.6 81.61 18.38 41.0 23.09 11.05 21.1 42.01 
46.1 30.48 14.87 54.12 45.54 56.08 40.26 60.93 46.1 36.35 58.46 31.38 51.35 4.47 27.29 22.09 56.52 16.28 64.03 60.67 50.36 35.17 9.9 19.1 21.93 25.24 23.35 27.31 29.73 64.85 43.01 38.33 0.0 58.31 64.28 39.4 17.8 31.62 40.61 17.03 15.52 43.38 22.83 42.94 14.87 31.14 33.06 14.32 25.71 8.0 19.03 44.41 51.79 22.8 51.48 27.59 14.04 19.85 43.29 54.08 14.14 43.86 49.16 58.24 7.21 
104.39 37.7 44.01 10.82 103.0 27.66 97.08 18.11 15.0 94.64 7.07 32.57 109.66 56.89 73.25 36.88 114.59 47.38 22.36 15.13 8.0 28.3 65.01 74.46 71.87 73.55 77.49 33.38 79.62 16.28 16.55 22.83 58.31 0.0 13.42 31.11 44.28 40.0 98.86 71.57 73.03 97.87 53.71 99.46 47.17 89.45 91.09 72.06 55.36 50.36 77.32 102.0 110.03 44.72 109.77 81.91 72.34 75.43 101.0 25.0 63.25 21.63 13.45 22.09 63.15 
110.04 48.55 51.2 24.19 109.77 19.21 104.24 31.05 18.25 100.0 20.25 43.05 115.0 62.03 82.64 42.19 119.21 55.97 10.2 5.0 18.44 30.15 72.18 78.31 74.33 82.54 80.75 42.54 88.54 28.16 21.59 26.02 64.28 13.42 0.0 29.73 52.81 39.85 104.0 75.33 79.63 105.99 54.82 102.96 55.36 95.05 97.33 78.52 65.76 56.32 83.15 108.66 115.04 46.69 115.0 85.0 78.16 79.31 107.56 17.69 66.48 33.94 15.13 12.81 68.0 
83.02 38.28 30.41 34.89 84.2 16.76 79.38 44.72 16.4 72.84 35.81 33.24 87.57 36.06 63.25 19.8 91.05 37.54 26.0 25.0 26.08 7.28 48.76 50.09 45.18 62.2 52.01 29.15 67.68 45.49 16.55 11.18 39.4 31.11 29.73 0.0 34.83 10.2 76.53 47.1 54.78 82.76 25.32 74.11 36.07 68.25 71.31 53.49 50.8 32.25 57.01 82.97 87.28 18.11 87.46 56.08 52.2 51.09 81.74 15.13 38.05 34.23 17.69 20.0 41.23 
61.61 12.73 6.0 38.21 59.14 49.68 53.01 43.97 34.93 52.5 43.05 13.93 67.19 19.21 29.97 15.26 73.05 3.16 55.07 50.16 36.35 28.28 21.38 36.88 38.6 29.73 41.04 11.0 35.74 48.27 31.38 28.84 17.8 44.28 52.81 34.83 0.0 31.38 56.92 34.66 29.83 53.6 31.14 60.54 3.16 47.13 47.85 29.12 16.12 12.53 35.11 58.22 68.01 25.32 67.45 45.34 30.46 37.64 57.31 47.01 29.68 26.93 38.08 49.93 24.76 
73.55 38.12 25.94 42.01 75.27 26.17 70.77 51.61 25.0 63.35 43.84 34.01 77.93 27.78 57.31 16.49 81.15 33.54 36.06 35.17 33.94 12.04 41.4 40.31 35.06 55.87 42.01 29.02 60.96 53.15 24.04 17.69 31.62 40.0 39.85 10.2 31.38 0.0 66.91 37.34 46.53 74.79 15.13 64.03 31.76 58.94 62.3 45.18 47.42 25.46 48.1 74.0 77.52 8.94 77.78 46.01 43.46 41.3 72.73 25.0 28.28 38.63 26.93 30.07 32.31 
7.21 68.54 55.32 94.59 14.87 93.06 17.03 100.88 86.09 4.47 99.04 70.84 11.05 42.11 41.11 62.2 16.16 54.42 102.4 100.02 90.93 74.03 35.85 26.68 33.62 38.21 26.0 67.45 35.23 105.08 83.22 78.03 40.61 98.86 104.0 76.53 56.92 66.91 0.0 29.61 27.31 26.02 52.63 13.15 53.76 9.85 11.4 27.86 56.04 48.51 21.84 13.6 11.18 58.42 11.0 23.32 26.68 25.71 12.37 91.66 38.64 83.82 89.05 96.42 36.01 
36.4 47.38 30.81 68.94 39.45 63.51 36.24 76.54 57.87 26.25 72.8 47.8 40.61 15.81 37.05 34.79 44.0 33.3 73.06 71.11 63.89 45.18 20.4 3.0 7.28 34.13 6.4 43.27 36.14 80.06 55.32 49.65 17.03 71.57 75.33 47.1 34.66 37.34 29.61 0.0 17.46 42.52 23.09 27.89 31.83 22.36 26.63 16.28 41.63 23.02 14.42 38.08 40.2 29.02 40.45 10.82 12.37 4.0 36.72 62.2 9.06 59.68 60.67 67.07 9.9 
31.78 41.23 29.02 67.9 30.15 71.51 24.74 73.76 61.4 22.85 72.56 43.68 37.36 18.79 20.1 37.48 43.46 27.2 79.56 76.12 65.03 50.7 8.54 17.03 24.74 17.03 21.02 40.61 18.68 78.1 58.22 53.76 15.52 73.03 79.63 54.78 29.83 46.53 27.31 17.46 0.0 28.3 35.38 33.24 26.68 17.46 18.11 1.41 29.7 23.35 6.4 29.07 38.28 37.59 37.64 23.54 5.1 17.0 28.02 69.57 22.2 56.75 64.5 73.76 14.87 
23.09 62.01 54.82 91.09 13.42 99.4 9.0 95.13 87.8 24.19 96.19 66.07 27.73 47.01 26.48 64.51 35.78 50.49 106.89 102.88 89.94 78.19 34.18 40.61 49.2 25.08 42.72 64.5 19.24 100.04 84.4 80.65 43.38 97.87 105.99 82.76 53.6 74.79 26.02 42.52 28.3 0.0 63.41 39.01 50.8 23.41 18.03 29.68 45.4 50.7 28.28 13.93 30.46 65.86 28.64 42.49 32.02 40.0 14.56 97.31 49.58 79.01 90.96 101.24 43.01 
59.48 41.76 25.18 53.91 62.17 41.01 58.31 62.94 38.91 49.34 56.61 39.4 63.56 18.36 50.12 21.1 66.37 32.0 51.16 50.22 46.87 25.5 32.45 25.96 20.0 48.02 27.17 34.01 52.2 65.3 37.22 30.89 22.83 53.71 54.82 25.32 31.14 15.13 52.63 23.09 35.38 63.41 0.0 49.0 30.0 45.31 49.19 33.97 45.28 20.22 35.51 60.84 62.97 9.22 63.35 31.02 31.4 26.93 59.51 40.05 14.32 47.8 41.23 45.18 20.52 
18.79 72.95 57.7 96.57 27.89 90.01 30.02 103.79 85.7 15.13 100.57 74.3 19.1 43.08 50.61 62.64 18.38 58.52 100.08 98.62 91.76 72.84 41.11 25.0 29.0 47.51 22.2 70.21 45.69 107.54 83.2 77.47 42.94 99.46 102.96 74.11 60.54 64.03 13.15 27.89 33.24 39.01 49.0 0.0 57.45 18.38 22.56 33.24 62.94 50.16 26.87 26.68 17.03 56.32 18.38 18.03 30.61 24.04 25.5 89.02 36.5 86.76 88.46 94.09 36.77 
58.46 15.62 5.83 41.3 56.08 51.4 50.0 47.13 37.34 49.34 46.1 17.09 64.03 16.64 27.78 16.28 69.89 2.0 57.25 52.55 39.2 29.83 18.25 33.97 36.06 27.31 38.18 14.04 33.24 51.42 33.84 30.89 14.87 47.17 55.36 36.07 3.16 31.76 53.76 31.83 26.68 50.8 30.0 57.45 0.0 43.97 44.72 25.96 15.81 10.44 31.95 55.15 64.85 25.0 64.29 42.45 27.31 34.71 54.23 48.83 27.29 30.08 40.5 51.97 21.93 
15.0 58.69 45.71 84.93 17.2 84.93 15.26 91.09 77.0 5.39 89.44 61.03 20.22 33.02 32.45 53.01 26.0 44.6 93.9 91.2 81.5 65.28 26.0 19.72 27.8 29.41 20.52 57.72 27.31 95.34 74.03 69.03 31.14 89.45 95.05 68.25 47.13 58.94 9.85 22.36 17.46 23.41 45.31 18.38 43.97 0.0 5.39 18.03 46.4 39.12 12.17 15.81 20.88 50.22 20.4 19.42 17.12 18.87 14.42 83.36 31.02 74.04 80.01 87.97 27.17 
13.93 58.82 47.1 85.99 13.0 88.06 10.0 91.68 79.16 7.62 90.67 61.61 19.7 35.51 29.73 55.15 26.63 45.12 96.69 93.65 83.1 67.9 26.48 24.21 32.56 26.87 25.5 58.69 23.85 96.1 76.06 71.34 33.06 91.09 97.33 71.31 47.85 62.3 11.4 26.63 18.11 18.03 49.19 22.56 44.72 5.39 0.0 19.03 45.28 41.05 14.32 11.7 21.1 53.45 20.12 24.7 19.24 23.43 10.44 86.35 34.89 74.73 82.22 90.8 30.08 
32.56 40.72 28.07 67.08 31.26 70.23 25.96 73.08 60.3 23.41 71.7 43.01 38.08 17.46 21.02 36.35 44.01 26.57 78.34 74.97 64.07 49.48 8.06 16.0 23.54 18.0 20.1 39.81 19.92 77.37 57.14 52.61 14.32 72.06 78.52 53.49 29.12 45.18 27.86 16.28 1.41 29.68 33.97 33.24 25.96 18.03 19.03 0.0 29.73 22.2 6.4 30.15 38.9 36.24 38.33 22.8 4.0 16.03 29.07 68.31 20.81 56.04 63.39 72.53 13.45 
59.06 17.72 21.54 47.07 54.08 65.05 47.43 50.01 48.83 51.61 52.39 22.85 64.88 29.27 19.03 31.38 71.87 13.93 69.4 63.81 47.93 44.05 22.2 42.94 47.43 20.4 47.41 23.6 26.17 55.08 45.22 43.86 25.71 55.36 65.76 50.8 16.12 47.42 56.04 41.63 29.7 45.4 45.28 62.94 15.81 46.4 45.28 29.73 0.0 25.08 36.07 53.49 66.37 40.8 65.37 51.11 32.8 43.42 52.92 62.24 39.81 34.71 51.87 64.66 32.57 
54.08 25.0 7.81 46.49 53.46 48.75 48.05 53.67 38.12 44.28 50.7 24.84 59.3 7.21 31.89 14.14 64.33 12.37 56.32 52.77 42.43 27.51 16.55 25.55 26.25 30.41 29.41 20.25 35.61 57.38 35.01 30.41 8.0 50.36 56.32 32.25 12.53 25.46 48.51 23.02 23.35 50.7 20.22 50.16 10.44 39.12 41.05 22.2 25.08 0.0 27.02 52.35 59.68 17.2 59.41 33.84 22.02 26.42 51.24 46.62 17.2 36.72 41.19 50.6 13.42 
27.07 46.96 33.54 72.78 27.2 73.76 22.83 79.06 65.03 17.46 77.28 49.04 32.39 21.21 25.71 41.01 37.95 32.7 82.38 79.4 69.35 53.6 14.42 13.0 21.47 22.56 16.28 45.61 23.02 83.24 62.0 57.14 19.03 77.32 83.15 57.01 35.11 48.1 21.84 14.42 6.4 28.28 35.51 26.87 31.95 12.17 14.32 6.4 36.07 27.02 0.0 25.96 32.98 39.22 32.56 18.03 5.0 12.65 24.74 72.03 21.4 61.98 68.07 76.49 15.81 
9.22 68.45 58.01 96.42 1.41 99.72 6.4 101.61 90.45 13.6 101.24 71.7 13.89 47.07 35.85 66.48 21.95 55.33 108.26 105.08 94.0 79.43 37.01 35.51 43.6 33.54 36.24 69.18 28.84 106.21 87.28 82.73 44.41 102.0 108.66 82.97 58.22 74.0 13.6 38.08 29.07 13.93 60.84 26.68 55.15 15.81 11.7 30.15 53.49 52.35 25.96 0.0 16.55 65.15 14.76 34.66 30.81 34.67 1.41 97.98 46.52 84.85 93.54 102.39 41.76 
7.81 79.48 66.49 105.76 17.09 103.7 22.47 111.97 97.19 15.52 110.22 81.91 3.0 53.24 50.33 73.33 5.66 65.46 113.22 111.0 102.11 85.0 46.82 37.22 43.42 47.63 35.9 78.59 43.84 116.21 94.34 89.09 51.79 110.03 115.04 87.28 68.01 77.52 11.18 40.2 38.28 30.46 62.97 17.03 64.85 20.88 21.1 38.9 66.37 59.68 32.98 16.55 0.0 69.18 2.0 32.57 37.85 36.22 16.12 102.4 49.25 94.92 100.12 107.23 47.1 
64.94 34.37 19.42 44.69 66.41 34.71 61.85 53.74 30.08 54.74 47.43 31.32 69.46 18.87 49.04 12.65 73.01 26.93 44.05 42.3 37.74 16.76 32.65 32.02 27.66 47.42 34.13 25.96 52.35 56.08 28.18 21.93 22.8 44.72 46.69 18.11 25.32 8.94 58.42 29.02 37.59 65.86 9.22 56.32 25.0 50.22 53.45 36.24 40.8 17.2 39.22 65.15 69.18 0.0 69.35 38.33 34.54 33.02 63.89 33.24 20.0 38.83 32.57 38.05 23.41 
6.4 78.77 66.1 105.32 15.23 103.95 20.81 111.4 97.08 15.13 109.84 81.32 1.0 53.08 49.04 73.17 7.21 64.85 113.36 111.02 101.83 85.02 46.17 37.48 43.97 46.4 36.4 78.1 42.45 115.69 94.19 89.02 51.48 109.77 115.0 87.46 67.45 77.78 11.0 40.45 37.64 28.64 63.35 18.38 64.29 20.4 20.12 38.33 65.37 59.41 32.56 14.76 2.0 69.35 0.0 33.24 37.48 36.5 14.42 102.59 49.5 94.37 100.04 107.38 47.01 
30.53 58.05 41.62 79.62 36.07 72.03 34.67 87.32 67.91 21.26 83.38 58.6 33.62 26.63 43.57 45.31 35.51 43.84 82.05 80.62 74.33 54.92 29.07 8.49 11.05 40.45 4.47 54.08 41.0 90.79 65.52 59.67 27.59 81.91 85.0 56.08 45.34 46.01 23.32 10.82 23.54 42.49 31.02 18.03 42.45 19.42 24.7 22.8 51.11 33.84 18.03 34.66 32.57 38.33 33.24 0.0 18.97 7.81 33.24 71.01 18.68 70.49 70.61 76.06 20.62 
32.06 42.54 28.64 67.91 32.02 68.96 27.31 74.33 60.03 22.36 72.37 44.38 37.34 16.28 25.02 36.01 42.72 28.18 77.47 74.43 64.38 48.66 10.63 12.0 19.65 22.0 16.12 40.8 23.77 78.45 57.0 52.15 14.04 72.34 78.16 52.2 30.46 43.46 26.68 12.37 5.1 32.02 31.4 30.61 27.31 17.12 19.24 4.0 32.8 22.02 5.0 30.81 37.85 34.54 37.48 18.97 0.0 12.04 29.61 67.19 17.69 57.25 63.07 71.59 11.18 
32.57 50.33 34.13 72.62 36.06 67.48 33.24 80.06 61.81 22.47 76.55 51.04 36.67 19.24 37.05 38.6 40.0 36.07 77.06 75.11 67.72 49.16 21.54 1.0 9.22 34.01 4.12 46.65 35.36 83.67 59.23 53.6 19.85 75.43 79.31 51.09 37.64 41.3 25.71 4.0 17.0 40.0 26.93 24.04 34.71 18.87 23.43 16.03 43.42 26.42 12.65 34.67 36.22 33.02 36.5 7.81 12.04 0.0 33.29 66.19 13.04 63.13 64.63 71.06 13.04 
8.54 67.68 57.0 95.52 2.83 98.49 6.4 100.81 89.36 12.21 100.32 70.86 13.6 45.89 35.51 65.38 21.63 54.45 107.08 103.95 93.01 78.26 36.06 34.13 42.2 33.12 34.83 68.26 28.6 105.38 86.21 81.61 43.29 101.0 107.56 81.74 57.31 72.73 12.37 36.72 28.02 14.56 59.51 25.5 54.23 14.42 10.44 29.07 52.92 51.24 24.74 1.41 16.12 63.89 14.42 33.24 29.61 33.29 0.0 96.77 45.19 84.01 92.44 101.2 40.52 
98.15 47.2 43.57 33.02 99.2 3.16 94.25 42.3 15.81 87.97 31.58 41.62 102.7 50.96 76.55 33.12 106.12 50.0 11.18 12.73 24.02 19.24 63.16 65.19 60.03 75.8 67.01 38.95 81.49 41.23 18.79 18.38 54.08 25.0 17.69 15.13 47.01 25.0 91.66 62.2 69.57 97.31 40.05 89.02 48.83 83.36 86.35 68.31 62.24 46.62 72.03 97.98 102.4 33.24 102.59 71.01 67.19 66.19 96.77 0.0 53.15 37.64 14.14 5.39 56.29 
45.35 42.2 24.84 61.29 47.85 54.45 44.1 69.34 49.24 35.17 64.88 41.73 49.65 10.77 39.56 26.83 53.01 29.07 64.03 62.2 55.71 36.35 21.59 12.04 9.22 37.0 14.32 36.8 40.25 72.56 46.84 41.0 14.14 63.25 66.48 38.05 29.68 28.28 38.64 9.06 22.2 49.58 14.32 36.5 27.29 31.02 34.89 20.81 39.81 17.2 21.4 46.52 49.25 20.0 49.5 18.68 17.69 13.04 45.19 53.15 0.0 52.8 51.97 58.03 8.25 
88.53 17.12 29.07 12.37 85.71 40.8 79.4 17.09 21.84 79.4 17.72 13.15 94.11 43.91 53.34 26.91 99.93 29.61 40.5 33.6 15.62 27.66 48.27 62.27 62.01 54.08 66.04 16.55 60.13 21.38 19.24 23.09 43.86 21.63 33.94 34.23 26.93 38.63 83.82 59.68 56.75 79.01 47.8 86.76 30.08 74.04 74.73 56.04 34.71 36.72 61.98 84.85 94.92 38.83 94.37 70.49 57.25 63.13 84.01 37.64 52.8 0.0 23.77 37.58 50.12 
95.01 35.38 36.14 19.24 94.64 17.26 89.11 28.86 3.16 85.01 18.79 29.73 100.02 47.0 68.03 27.07 104.39 41.23 17.69 12.08 10.05 15.81 57.07 63.64 60.17 67.78 66.29 28.3 73.74 28.64 6.71 11.05 49.16 13.45 15.13 17.69 38.08 26.93 89.05 60.67 64.5 90.96 41.23 88.46 40.5 80.01 82.22 63.39 51.87 41.19 68.07 93.54 100.12 32.57 100.04 70.61 63.07 64.63 92.44 14.14 51.97 23.77 0.0 13.89 53.04 
102.83 48.84 46.96 31.26 103.59 6.4 98.49 40.0 16.4 92.66 29.02 43.19 107.47 55.32 79.76 36.77 111.04 53.0 6.0 8.06 22.8 23.09 67.07 70.06 65.12 79.18 72.01 41.11 84.97 38.33 19.85 21.1 58.24 22.09 12.81 20.0 49.93 30.07 96.42 67.07 73.76 101.24 45.18 94.09 51.97 87.97 90.8 72.53 64.66 50.6 76.49 102.39 107.23 38.05 107.38 76.06 71.59 71.06 101.2 5.39 58.03 37.58 13.89 0.0 60.83 
42.11 37.48 21.1 59.81 43.01 57.97 38.48 67.08 50.09 32.02 63.89 38.01 47.0 6.32 31.32 26.31 51.48 23.43 66.75 64.07 55.32 38.12 13.34 12.21 14.87 28.79 16.28 33.62 32.25 70.77 47.27 42.01 7.21 63.15 68.0 41.23 24.76 32.31 36.01 9.9 14.87 43.01 20.52 36.77 21.93 27.17 30.08 13.45 32.57 13.42 15.81 41.76 47.1 23.41 47.01 20.62 11.18 13.04 40.52 56.29 8.25 50.12 53.04 60.83 0.0 
