100
0.0 99.25 111.32 53.81 52.7 46.27 52.61 113.03 99.93 26.68 103.08 65.19 22.36 93.3 121.46 49.5 74.79 55.11 96.69 68.88 39.41 13.42 52.24 52.09 5.1 80.06 110.16 55.33 100.66 67.2 44.28 51.35 70.46 77.37 40.5 111.07 46.04 35.69 119.0 113.56 68.1 63.32 42.52 91.22 30.41 100.45 72.47 30.08 27.17 59.21 33.84 65.31 47.3 103.58 55.44 18.87 116.43 83.93 103.04 27.86 29.15 66.27 113.51 83.49 50.57 14.14 44.41 12.21 20.0 30.36 66.85 11.18 98.27 77.67 96.52 84.69 75.43 69.34 77.1 92.02 20.25 98.74 25.63 90.44 46.69 22.02 50.01 61.81 58.31 50.64 18.68 108.78 50.36 124.06 33.96 112.29 111.63 77.9 46.32 87.01 
99.25 0.0 41.59 78.6 59.24 53.04 108.45 21.95 38.21 110.06 59.84 60.83 109.77 58.19 55.54 107.7 55.61 107.07 11.7 33.24 73.41 106.71 48.51 112.68 94.34 49.93 17.03 111.77 16.03 65.07 115.83 48.01 62.37 51.61 64.51 12.37 63.89 65.51 21.19 33.24 48.26 100.66 81.01 28.79 101.02 10.0 96.26 73.25 72.69 41.76 69.38 111.52 102.73 25.18 81.22 83.05 24.04 34.13 5.66 73.06 72.11 33.02 36.69 79.92 59.94 85.15 65.8 90.09 102.62 92.65 86.98 95.52 14.32 89.81 4.24 45.18 28.3 60.88 78.01 11.4 80.0 64.29 75.03 64.08 72.24 101.12 49.37 128.47 113.46 49.01 81.02 60.13 109.08 53.76 67.68 15.62 28.23 71.85 68.0 14.42 
111.32 41.59 0.0 70.26 88.39 71.56 99.64 60.13 11.4 112.29 24.76 51.01 127.95 29.53 14.32 100.13 41.11 97.08 53.15 63.41 74.81 114.14 61.29 104.56 106.25 34.01 28.28 102.18 57.56 52.35 111.45 68.01 48.37 37.01 70.88 38.33 90.69 75.96 36.4 11.18 82.66 86.68 78.03 22.02 101.08 51.48 78.0 81.32 84.86 55.23 77.49 97.72 95.75 16.49 71.57 100.18 26.0 27.73 37.12 91.3 90.92 56.57 7.21 55.95 61.39 98.79 92.2 99.72 106.92 115.66 71.17 103.81 55.9 68.88 45.12 28.02 40.46 48.17 57.38 34.93 96.18 31.89 92.59 36.72 100.5 120.77 66.04 119.1 102.84 70.0 96.25 21.95 101.27 14.14 77.49 51.24 15.52 51.26 67.6 38.08 
53.81 78.6 70.26 0.0 69.46 46.1 30.46 99.16 59.68 44.27 54.34 19.65 75.6 44.72 76.32 30.36 29.15 28.65 82.73 64.01 17.46 50.48 38.48 35.11 49.82 36.35 81.44 33.54 88.39 18.0 41.19 48.38 22.0 33.38 26.08 86.95 66.03 33.02 92.14 76.69 77.49 23.02 11.31 56.65 32.57 84.96 24.08 30.08 38.08 41.88 29.27 33.24 25.71 69.57 3.16 53.85 85.44 48.47 79.61 50.99 51.79 54.92 74.97 29.7 21.47 47.41 66.0 42.01 41.18 74.09 15.13 43.14 85.56 25.3 78.1 42.58 50.45 22.09 23.35 67.68 49.98 48.38 50.45 39.85 74.11 72.2 43.32 50.57 34.99 50.0 48.47 60.42 31.62 80.1 32.14 94.2 76.92 25.06 15.3 64.2 
52.7 59.24 88.39 69.46 0.0 24.08 88.64 66.07 78.75 74.33 92.66 64.94 54.74 85.0 101.98 86.33 69.26 89.32 52.17 26.42 53.37 64.66 34.93 90.79 49.2 69.86 74.71 92.2 54.33 69.72 87.92 24.04 70.41 68.71 43.42 71.51 6.71 37.11 80.41 85.43 15.81 90.47 63.06 66.53 70.72 56.29 93.54 43.08 36.24 37.16 41.76 98.03 81.94 74.65 72.56 33.84 81.88 63.01 64.47 26.17 24.76 31.83 87.21 90.93 50.04 40.36 8.54 49.52 65.86 35.0 84.21 55.15 52.61 93.0 55.36 70.71 48.27 68.45 85.48 57.14 33.3 92.2 28.28 86.38 13.0 45.54 28.64 104.96 94.94 21.84 35.38 96.57 87.66 102.53 38.6 68.07 81.61 82.2 54.23 52.43 
46.27 53.04 71.56 46.1 24.08 0.0 68.51 67.36 60.8 60.54 71.4 41.0 57.97 62.97 84.02 66.61 46.1 68.6 50.7 23.71 31.3 54.71 11.66 71.4 41.44 47.71 64.94 72.11 55.03 45.71 70.72 5.1 46.57 46.14 20.62 65.01 22.47 16.28 73.17 71.18 31.78 68.01 41.15 49.74 53.91 54.34 70.04 24.08 20.62 16.4 21.26 76.49 61.85 60.54 49.24 30.41 71.59 44.2 57.04 20.62 19.92 20.02 72.01 66.91 26.0 32.14 23.26 37.95 52.35 44.1 60.53 43.66 52.5 69.03 50.25 49.68 31.78 44.64 61.4 46.53 27.07 69.97 22.36 63.51 32.2 49.98 5.66 86.56 74.63 5.0 28.0 75.93 68.01 85.45 18.38 66.1 68.35 58.25 30.81 41.44 
52.61 108.45 99.64 30.46 88.64 68.51 0.0 128.41 89.5 29.53 81.0 49.98 74.22 72.11 104.12 3.16 58.94 3.61 111.66 90.03 37.64 42.38 64.38 5.0 51.09 66.22 111.89 3.61 117.15 47.54 15.26 72.2 51.42 63.32 48.41 117.24 83.57 52.48 122.58 106.74 99.98 16.55 28.28 87.09 22.2 114.2 28.64 45.62 52.55 69.35 47.51 13.0 6.71 99.96 28.46 62.51 115.88 78.92 109.77 64.56 65.8 82.02 104.79 49.82 49.04 54.33 82.87 45.04 32.98 81.01 30.15 42.11 114.34 37.95 107.65 72.53 80.16 51.92 45.18 97.75 60.02 74.06 63.06 66.0 89.29 74.55 67.62 20.12 6.32 73.24 57.87 87.01 2.83 108.3 50.61 123.98 107.21 50.0 41.11 94.03 
113.03 21.95 60.13 99.16 66.07 67.36 128.41 0.0 58.94 127.12 80.78 82.13 120.15 79.85 73.03 127.41 77.42 127.28 17.0 44.15 92.11 122.07 65.76 132.41 108.42 71.87 32.0 131.82 12.37 86.56 134.63 62.3 84.02 73.5 82.37 22.02 72.0 81.94 27.51 50.01 51.62 121.63 100.44 50.57 119.0 14.21 117.8 89.96 87.92 59.68 86.33 132.32 122.41 44.72 101.91 95.35 36.5 56.08 24.04 85.51 84.34 48.33 54.0 101.87 79.4 98.95 74.0 105.3 119.23 101.04 108.37 111.0 14.87 111.61 21.26 67.12 48.8 82.46 99.86 33.29 92.96 85.7 87.66 85.91 78.41 111.07 65.0 148.22 133.69 62.64 94.37 80.41 128.81 70.26 84.17 9.06 45.0 93.74 87.42 35.47 
99.93 38.21 11.4 59.68 78.75 60.8 89.5 58.94 0.0 101.12 21.84 40.2 116.73 22.67 23.35 89.82 30.59 87.09 49.0 54.71 63.51 102.77 50.25 94.37 94.87 23.35 29.15 92.18 54.08 41.98 100.84 57.49 38.08 26.31 59.48 38.48 80.61 64.62 39.2 17.46 74.3 77.25 67.01 12.53 90.01 48.17 69.35 69.92 73.54 44.41 66.1 88.39 85.33 14.76 61.19 89.01 29.7 16.64 34.93 80.26 79.92 47.01 15.3 48.41 50.01 87.46 82.04 88.32 95.63 104.86 61.85 92.42 52.01 60.75 41.01 17.12 30.48 37.66 48.88 29.15 84.97 27.29 81.49 29.7 90.52 109.66 55.22 109.2 93.01 59.55 85.0 22.0 91.01 24.7 66.13 50.6 19.21 42.54 56.32 31.05 
26.68 110.06 112.29 44.27 74.33 60.54 29.53 127.12 101.12 0.0 98.49 61.66 46.17 88.77 119.85 26.42 71.85 32.76 110.17 84.22 38.12 14.0 61.68 27.51 27.31 78.52 117.71 31.38 114.97 61.61 18.03 65.37 65.51 75.54 45.61 120.78 68.12 45.19 127.68 117.02 88.46 43.93 34.53 95.19 11.7 113.46 55.17 37.16 40.22 68.31 40.85 42.49 26.25 108.3 44.38 42.19 123.04 87.09 112.79 48.17 49.58 78.79 116.02 72.07 52.24 34.41 66.84 24.84 8.49 57.01 52.7 19.42 112.31 62.8 108.17 84.29 82.98 65.12 66.19 100.9 41.4 92.66 46.1 84.12 71.02 48.26 62.17 35.23 34.18 65.51 39.2 104.55 26.83 123.32 42.95 124.65 116.21 69.08 45.01 96.3 
103.08 59.84 24.76 54.34 92.66 71.4 81.0 80.78 21.84 98.49 0.0 38.01 122.41 9.85 23.54 82.05 28.3 78.03 70.26 71.47 63.95 103.08 59.82 86.0 98.27 24.04 50.57 83.05 75.54 37.0 94.34 69.34 33.24 26.25 63.6 60.17 93.19 70.29 60.03 35.61 91.08 66.37 64.2 32.0 86.83 69.72 56.29 73.5 79.03 55.76 70.21 76.94 78.23 36.4 54.74 95.78 49.93 31.05 56.75 88.39 88.39 62.39 31.89 33.24 53.01 92.42 94.3 90.92 94.58 113.85 51.09 93.91 73.33 46.57 62.39 21.95 46.17 34.01 36.22 50.09 91.55 7.62 89.14 15.0 103.17 116.52 65.8 99.41 83.22 71.56 91.05 6.08 83.02 28.16 71.22 72.42 39.12 31.0 56.82 51.04 
65.19 60.83 51.01 19.65 64.94 41.0 49.98 82.13 40.2 61.66 38.01 0.0 85.15 28.18 58.25 50.0 10.2 47.93 66.4 52.39 25.94 65.19 30.15 54.71 60.46 17.0 62.18 52.92 72.2 5.1 60.67 41.19 5.83 14.0 27.02 68.24 63.32 34.41 72.95 57.07 69.12 40.0 27.17 37.16 50.25 68.12 35.81 36.12 42.52 30.27 33.24 51.04 45.35 49.98 21.54 59.55 65.92 29.07 61.22 53.54 53.85 42.45 55.44 26.08 16.64 55.23 63.89 53.0 57.01 78.82 26.25 55.9 69.4 31.02 60.88 23.09 33.6 4.24 21.1 49.58 55.32 33.6 53.82 25.5 72.73 79.91 36.35 70.01 54.13 43.29 54.49 43.86 51.24 61.66 34.83 76.42 57.28 17.26 18.87 46.69 
22.36 109.77 127.95 75.6 54.74 57.97 74.22 120.15 116.73 46.17 122.41 85.15 0.0 112.8 139.19 71.06 94.2 76.92 105.02 77.1 60.11 32.25 66.85 73.16 25.81 98.74 122.78 76.69 108.04 87.73 64.2 62.59 90.69 96.26 58.82 122.05 48.37 52.48 130.54 128.75 70.41 85.62 64.4 106.78 52.2 109.04 94.83 49.04 43.57 73.39 52.2 87.09 69.26 118.27 77.42 27.86 129.52 100.22 114.27 37.36 38.08 77.28 129.24 105.12 69.4 30.0 46.39 33.6 41.23 21.02 89.04 33.54 106.0 99.86 106.47 102.73 89.49 89.38 98.72 104.35 31.78 118.7 35.74 110.63 44.27 9.22 62.94 81.0 79.62 61.19 31.76 127.88 71.81 141.32 51.31 121.04 126.18 99.04 66.53 99.25 
93.3 58.19 29.53 44.72 85.0 62.97 72.11 79.85 22.67 88.77 9.85 28.18 112.8 0.0 32.02 73.01 18.6 69.26 67.68 65.31 54.12 93.23 51.31 77.1 88.51 15.26 51.61 74.33 73.25 27.2 85.09 61.29 23.41 17.03 54.04 60.54 85.09 60.88 61.85 39.2 84.65 58.05 54.41 29.41 77.13 67.72 48.7 63.82 69.53 47.85 60.61 68.88 69.03 37.2 45.28 86.37 52.35 26.02 55.95 79.25 79.31 55.79 36.06 26.42 43.42 82.8 86.09 81.12 84.76 104.74 42.58 84.08 70.83 39.4 60.17 15.13 40.31 24.17 28.16 47.54 82.13 7.28 79.91 7.21 95.02 107.06 57.45 90.93 74.67 63.53 81.57 15.81 74.03 36.22 61.72 72.01 41.73 22.36 47.01 47.52 
121.46 55.54 14.32 76.32 101.98 84.02 104.12 73.03 23.35 119.85 23.54 58.25 139.19 32.02 0.0 105.02 48.05 101.24 67.19 77.42 83.52 123.08 73.24 109.11 116.47 41.76 41.05 106.3 71.39 58.42 117.04 80.81 54.45 44.64 81.02 51.01 103.95 86.77 47.52 23.02 96.8 89.81 85.33 35.47 108.34 65.31 79.83 91.39 95.71 67.62 87.73 100.45 101.0 30.68 77.1 111.65 37.22 39.82 50.8 103.17 102.9 70.18 19.1 56.75 70.94 109.57 105.38 109.56 115.21 128.0 74.43 113.22 69.86 70.09 59.2 36.77 53.76 54.74 59.68 49.24 107.54 31.05 104.31 38.33 113.85 132.4 78.41 122.8 106.57 82.88 107.42 18.03 106.04 5.0 88.1 64.01 28.07 54.23 76.24 52.35 
49.5 107.7 100.13 30.36 86.33 66.61 3.16 127.41 89.82 26.42 82.05 50.0 71.06 73.01 105.02 0.0 59.23 6.4 110.6 88.46 36.07 39.22 62.94 5.0 48.04 66.49 111.62 6.08 116.04 47.85 13.0 70.43 51.79 63.56 46.75 116.73 81.15 50.48 122.25 106.96 97.94 18.87 27.02 86.98 19.1 113.23 30.89 43.42 50.16 68.12 45.49 16.16 5.0 99.93 28.64 59.68 115.77 78.77 109.18 61.98 63.25 80.66 105.12 51.42 48.01 51.48 80.41 42.11 29.83 78.03 31.58 39.05 113.23 39.92 106.78 72.78 79.4 52.17 46.53 97.13 57.27 75.24 60.44 67.07 86.68 71.45 65.95 20.81 9.06 71.4 55.11 88.09 1.41 109.11 48.55 123.17 107.28 51.09 40.0 93.3 
74.79 55.61 41.11 29.15 69.26 46.1 58.94 77.42 30.59 71.85 28.3 10.2 94.2 18.6 48.05 59.23 0.0 56.61 62.65 53.04 35.85 75.27 34.54 63.79 69.97 7.28 54.64 61.68 68.48 11.4 70.35 45.22 7.62 4.47 35.47 61.62 68.54 42.43 65.46 47.8 71.25 47.41 37.34 29.41 60.41 63.81 41.11 45.22 50.99 32.56 42.01 58.59 54.74 41.59 30.59 67.9 57.71 21.93 55.17 61.07 61.22 43.01 45.89 25.3 24.84 64.2 69.35 62.65 67.19 86.56 32.45 65.8 65.76 34.21 56.3 13.6 30.68 7.07 22.47 44.2 63.66 24.76 61.62 17.49 78.29 88.53 40.85 78.75 62.63 47.43 63.03 34.0 60.42 51.48 43.19 70.94 48.47 16.55 28.64 42.19 
55.11 107.07 97.08 28.65 89.32 68.6 3.61 127.28 87.09 32.76 78.03 47.93 76.92 69.26 101.24 6.4 56.61 0.0 110.63 89.64 37.44 45.31 63.89 8.25 53.34 63.89 110.02 5.1 116.18 45.22 18.87 72.11 49.04 61.03 48.26 115.6 84.43 52.77 120.75 104.4 100.24 13.0 27.8 85.09 24.74 113.07 25.08 46.24 53.45 68.59 47.85 10.2 8.0 97.86 26.4 64.2 113.85 76.97 108.23 65.73 66.94 81.39 102.36 46.53 48.1 56.08 83.82 47.01 35.74 83.02 27.02 44.41 113.36 34.48 106.4 70.21 78.82 49.65 42.05 96.25 61.52 71.01 64.33 63.03 90.47 76.94 67.42 22.14 6.4 73.25 59.41 84.01 6.4 105.48 50.99 122.64 105.0 47.04 40.31 92.66 
96.69 11.7 53.15 82.73 52.17 50.7 111.66 17.0 49.0 110.17 70.26 66.4 105.02 67.68 67.19 110.6 62.65 110.63 0.0 28.07 75.17 105.36 48.76 115.6 91.98 57.78 28.3 115.11 5.83 71.03 117.66 45.61 68.8 59.03 65.37 21.26 57.56 65.0 30.0 44.94 39.4 105.42 83.6 38.47 102.0 4.12 102.2 73.01 71.17 42.72 69.35 115.97 105.6 36.67 85.56 79.4 35.0 42.38 17.0 69.46 68.36 31.38 48.38 87.66 62.63 82.57 59.54 88.6 102.32 86.7 92.62 94.25 3.16 96.57 8.06 53.76 32.8 67.12 85.09 20.22 76.79 74.15 71.57 73.08 65.0 96.08 48.1 131.4 117.03 46.1 78.09 71.0 112.0 65.46 67.23 16.03 39.92 79.18 70.6 20.62 
68.88 33.24 63.41 64.01 26.42 23.71 90.03 44.15 54.71 84.22 71.47 52.39 77.1 65.31 77.42 88.46 53.04 89.64 28.07 0.0 52.4 78.19 25.81 93.38 64.29 51.24 48.3 93.61 31.78 57.49 93.72 18.87 56.72 51.04 41.73 45.61 30.68 39.41 54.41 59.46 19.7 86.95 61.85 42.19 77.2 32.02 86.54 47.43 44.28 22.47 44.2 96.52 83.55 48.8 67.12 51.35 55.47 40.5 38.28 41.44 40.31 10.05 61.52 77.65 42.54 54.82 32.57 61.47 76.06 59.44 76.69 67.23 29.43 83.24 29.61 50.22 25.3 54.74 73.35 30.81 48.84 72.57 43.57 68.36 39.36 68.26 22.67 108.89 95.9 18.79 50.22 74.46 89.87 77.47 41.62 44.01 55.44 68.59 49.65 26.25 
39.41 73.41 74.81 17.46 53.37 31.3 37.64 92.11 63.51 38.12 63.95 25.94 60.11 54.12 83.52 36.07 35.85 37.44 75.17 52.4 0.0 39.56 26.91 41.01 34.83 41.76 79.83 41.23 80.45 27.8 42.54 34.67 31.06 38.9 10.82 83.49 49.37 16.28 89.99 79.01 63.07 37.11 9.85 57.08 27.89 78.03 41.05 12.65 20.62 32.45 12.0 45.19 31.14 70.18 20.22 36.67 85.0 49.01 75.61 33.54 34.37 44.69 78.16 45.49 14.14 30.81 49.16 27.2 32.14 56.86 32.56 29.97 77.67 42.72 72.01 47.07 45.54 30.02 39.12 63.57 32.7 59.36 32.98 51.04 57.0 55.8 30.0 56.64 43.6 35.85 31.3 69.78 37.48 86.59 15.03 88.55 78.1 38.95 7.28 59.24 
13.42 106.71 114.14 50.48 64.66 54.71 42.38 122.07 102.77 14.0 103.08 65.19 32.25 93.23 123.08 39.22 75.27 45.31 105.36 78.19 39.56 0.0 58.42 41.0 15.56 81.32 116.16 44.64 109.73 66.21 32.02 59.77 69.86 78.45 44.05 118.09 58.14 41.3 125.57 117.61 79.63 55.23 39.45 95.34 21.1 108.93 65.6 34.01 34.21 65.38 38.01 55.36 38.01 108.17 51.4 31.11 122.02 87.57 110.03 38.83 40.22 74.22 117.1 79.81 52.77 24.41 56.64 16.76 10.0 43.66 61.52 11.18 107.21 72.14 104.35 86.59 81.1 69.08 73.6 98.51 31.4 97.94 36.62 89.44 59.67 34.37 57.49 49.16 47.54 59.46 29.41 109.0 39.85 126.13 39.2 120.54 116.21 75.47 46.84 93.65 
52.24 48.51 61.29 38.48 34.93 11.66 64.38 65.76 50.25 61.68 59.82 30.15 66.85 51.31 73.24 62.94 34.54 63.89 48.76 25.81 26.91 58.42 0.0 67.9 47.17 36.06 58.01 67.94 53.85 35.06 69.07 11.05 35.51 34.48 16.64 59.68 34.01 17.12 67.19 61.98 39.62 61.29 36.12 39.92 53.24 51.89 61.68 24.74 25.08 7.0 20.88 70.72 57.98 51.66 41.63 39.0 64.2 33.62 51.62 30.02 29.68 17.8 62.39 56.22 17.09 38.64 34.89 42.05 54.12 54.82 51.92 47.27 51.11 59.54 46.49 38.21 23.19 33.54 51.01 40.11 35.11 58.31 31.3 51.89 43.83 59.48 6.32 83.55 70.18 13.15 35.44 64.44 64.35 74.95 19.24 62.97 59.67 47.38 23.85 35.23 
52.09 112.68 104.56 35.11 90.79 71.4 5.0 132.41 94.37 27.51 86.0 54.71 73.16 77.1 109.11 5.0 63.79 8.25 115.6 93.38 41.01 41.0 67.9 0.0 51.04 71.06 116.47 4.24 121.04 52.39 11.31 75.29 56.29 68.15 51.66 121.66 85.49 55.22 127.12 111.57 102.63 21.19 32.02 91.76 22.09 118.22 33.24 48.02 54.56 73.11 50.22 15.62 10.0 104.68 33.24 63.35 120.55 83.57 114.13 66.13 67.42 85.63 109.66 54.74 53.01 55.11 84.69 45.54 32.14 81.22 35.13 42.05 118.23 42.72 111.77 77.37 84.38 56.75 50.16 102.08 61.13 79.06 64.51 71.0 90.76 74.11 70.84 15.81 6.71 76.22 58.94 92.01 3.61 113.28 53.25 128.16 111.97 55.0 45.0 98.27 
5.1 94.34 106.25 49.82 49.2 41.44 51.09 108.42 94.87 27.31 98.27 60.46 25.81 88.51 116.47 48.04 69.97 53.34 91.98 64.29 34.83 15.56 47.17 51.04 0.0 75.13 105.12 54.01 96.05 62.63 44.15 46.53 65.8 72.47 35.47 106.12 42.64 30.59 114.0 108.47 64.35 60.73 38.6 86.12 29.0 95.71 69.35 25.08 22.09 54.15 28.79 63.51 45.4 98.48 51.61 15.56 111.36 78.85 98.08 23.71 25.06 61.4 108.42 79.4 45.62 9.49 41.11 7.81 19.65 30.27 63.29 9.0 93.62 74.09 91.66 79.71 70.35 64.64 73.0 87.01 16.12 94.05 21.47 85.8 44.2 23.77 45.04 61.85 57.01 45.89 14.32 103.94 49.01 119.04 28.86 107.52 106.53 73.55 41.62 82.0 
80.06 49.93 34.01 36.35 69.86 47.71 66.22 71.87 23.35 78.52 24.04 17.0 98.74 15.26 41.76 66.49 7.28 63.89 57.78 51.24 41.76 81.32 36.06 71.06 75.13 0.0 47.8 68.96 63.56 18.68 77.52 46.07 14.87 3.0 39.96 55.15 69.84 46.4 58.6 40.52 70.21 54.56 44.1 22.67 67.19 58.59 47.8 50.12 55.22 32.7 46.65 65.74 61.98 34.48 37.85 71.84 50.61 15.81 49.04 64.35 64.35 41.44 38.64 30.02 29.53 68.8 70.83 68.03 73.55 89.81 39.45 71.51 60.93 40.31 51.0 6.32 27.17 14.32 28.32 38.59 67.62 22.36 65.12 17.12 79.76 92.62 42.19 86.02 69.89 48.3 67.2 29.21 67.68 44.91 47.43 65.0 41.23 22.02 34.48 37.16 
110.16 17.03 28.28 81.44 74.71 64.94 111.89 32.0 29.15 117.71 50.57 62.18 122.78 51.61 41.05 111.62 54.64 110.02 28.3 48.3 79.83 116.16 58.01 116.47 105.12 47.8 0.0 114.97 31.38 65.51 121.12 60.21 62.13 50.22 72.44 10.05 78.79 75.01 10.82 18.03 64.82 101.87 86.02 25.24 107.71 25.5 95.6 82.15 83.05 51.01 78.16 113.02 106.78 14.42 83.63 95.35 7.21 33.12 11.4 85.51 84.72 45.61 22.0 76.38 65.73 96.33 80.62 100.0 110.89 106.89 87.09 105.08 30.41 87.86 21.26 41.87 35.06 61.06 75.82 18.44 91.92 56.44 87.3 58.41 87.66 114.48 60.41 132.0 116.28 61.61 92.66 49.34 112.92 38.47 77.03 23.02 13.0 69.43 73.5 23.54 
55.33 111.77 102.18 33.54 92.2 72.11 3.61 131.82 92.18 31.38 83.05 52.92 76.69 74.33 106.3 6.08 61.68 5.1 115.11 93.61 41.23 44.64 67.94 4.24 54.01 68.96 114.97 0.0 120.62 50.29 15.56 75.8 54.12 66.1 52.01 120.44 87.09 56.08 125.67 109.48 103.59 17.46 31.83 90.08 25.02 117.61 29.41 49.19 56.08 72.86 51.11 11.4 10.3 102.88 31.38 65.76 118.85 81.94 113.02 68.01 69.26 85.56 107.45 51.35 52.5 57.56 86.38 48.17 35.51 84.05 32.0 45.01 117.8 39.05 111.02 75.29 83.49 54.71 47.01 101.02 63.35 76.0 66.48 68.07 92.72 77.32 71.22 17.09 3.0 76.84 61.19 89.02 5.0 110.55 54.2 127.31 110.05 52.09 44.6 97.35 
100.66 16.03 57.56 88.39 54.33 55.03 117.15 12.37 54.08 114.97 75.54 72.2 108.04 73.25 71.39 116.04 68.48 116.18 5.83 31.78 80.45 109.73 53.85 121.04 96.05 63.56 31.38 120.62 0.0 76.84 122.87 49.98 74.63 64.85 70.49 23.02 60.07 69.78 31.14 48.76 40.52 111.13 89.02 43.93 107.04 6.08 108.0 77.82 75.61 48.01 74.24 121.63 111.04 41.19 91.24 83.02 37.59 48.1 20.62 73.16 72.01 36.24 52.39 93.47 68.12 86.59 62.07 92.97 107.02 89.2 98.41 98.68 2.83 102.4 13.15 59.46 38.6 72.95 90.92 25.71 80.6 79.62 75.31 78.75 66.91 99.01 52.8 136.82 122.58 50.29 82.0 76.06 117.44 69.38 72.01 14.32 43.68 85.0 76.06 26.4 
67.2 65.07 52.35 18.0 69.72 45.71 47.54 86.56 41.98 61.61 37.0 5.1 87.73 27.2 58.42 47.85 11.4 45.22 71.03 57.49 27.8 66.21 35.06 52.39 62.63 18.68 65.51 50.29 76.84 0.0 59.14 46.1 4.0 15.81 30.53 72.01 67.91 38.08 76.32 59.2 74.17 36.36 27.2 40.31 50.01 72.62 31.24 38.95 45.8 35.36 36.4 47.51 43.42 52.8 19.24 62.8 68.88 32.45 65.19 57.31 57.71 47.54 57.27 21.21 20.62 58.0 68.41 55.0 57.58 82.38 21.93 57.45 74.06 26.0 65.3 25.0 38.28 4.47 16.03 53.74 58.6 31.76 57.45 23.32 77.2 82.88 41.19 67.36 51.26 48.17 57.63 43.01 49.03 62.13 38.28 80.61 59.81 12.65 21.21 51.09 
44.28 115.83 111.45 41.19 87.92 70.72 15.26 134.63 100.84 18.03 94.34 60.67 64.2 85.09 117.04 13.0 70.35 18.87 117.66 93.72 42.54 32.02 69.07 11.31 44.15 77.52 121.12 15.56 122.87 59.14 0.0 75.07 63.13 74.55 52.43 125.54 82.15 54.49 131.58 117.71 100.9 31.76 35.11 97.02 17.2 120.57 43.83 46.67 52.01 74.95 49.58 26.91 16.12 110.11 40.01 57.94 125.69 88.77 117.78 62.27 63.63 86.84 116.11 64.29 55.95 49.77 81.12 39.92 24.52 74.33 44.38 35.44 120.11 52.92 114.53 83.73 87.73 63.29 59.23 105.7 56.36 87.69 60.42 79.4 86.33 66.12 71.06 17.72 17.8 75.69 54.13 100.4 12.53 121.0 52.35 131.06 117.69 63.51 47.93 101.55 
51.35 48.01 68.01 48.38 24.04 5.1 72.2 62.3 57.49 65.37 69.34 41.19 62.59 61.29 80.81 70.43 45.22 72.11 45.61 18.87 34.67 59.77 11.05 75.29 46.53 46.07 60.21 75.8 49.98 46.1 75.07 0.0 46.53 44.78 23.85 60.03 23.85 20.62 68.26 67.08 29.12 70.77 44.42 46.04 58.41 49.24 72.03 28.6 25.63 13.6 25.5 79.65 65.6 56.36 51.55 35.23 66.94 41.04 52.09 25.32 24.52 15.0 68.1 67.27 27.46 37.22 25.0 43.01 57.25 47.89 62.37 48.7 47.43 70.35 45.18 47.43 27.78 44.55 62.03 41.77 32.02 68.43 27.17 62.39 33.84 54.41 5.1 90.61 78.24 2.24 33.02 73.6 71.84 82.01 22.8 61.0 64.08 58.42 33.24 36.67 
70.46 62.37 48.37 22.0 70.41 46.57 51.42 84.02 38.08 65.51 33.24 5.83 90.69 23.41 54.45 51.79 7.62 49.04 68.8 56.72 31.06 69.86 35.51 56.29 65.8 14.87 62.13 54.12 74.63 4.0 63.13 46.53 0.0 12.08 32.8 68.88 68.96 40.22 72.95 55.36 74.01 39.82 31.05 36.89 53.94 70.21 33.94 41.73 48.27 35.01 38.95 51.0 47.38 49.19 23.19 65.3 65.3 29.21 62.24 59.36 59.68 46.69 53.37 21.02 22.47 60.83 69.57 58.25 61.35 84.63 25.0 60.9 71.87 27.78 62.8 21.19 36.24 2.0 16.76 50.99 61.07 28.3 59.64 20.0 78.43 85.59 41.77 71.17 55.03 48.66 60.21 39.22 52.95 58.14 40.61 77.83 56.08 12.0 24.21 48.6 
77.37 51.61 37.01 33.38 68.71 46.14 63.32 73.5 26.31 75.54 26.25 14.0 96.26 17.03 44.64 63.56 4.47 61.03 59.03 51.04 38.9 78.45 34.48 68.15 72.47 3.0 50.22 66.1 64.85 15.81 74.55 44.78 12.08 0.0 37.44 57.31 68.43 44.05 61.03 43.42 69.72 51.88 41.11 25.0 64.2 60.03 45.45 47.51 52.8 31.62 44.1 63.06 59.03 37.12 34.93 69.53 53.24 17.69 50.99 62.24 62.29 41.11 41.59 28.64 26.93 66.29 69.35 65.31 70.61 87.73 36.89 68.71 62.17 38.29 52.48 9.22 27.66 11.4 26.4 40.22 65.3 23.85 62.94 17.72 78.29 90.27 40.71 83.17 67.07 47.01 64.82 31.62 64.76 47.85 45.0 66.84 44.01 20.25 31.62 38.47 
40.5 64.51 70.88 26.08 43.42 20.62 48.41 82.37 59.48 45.61 63.6 27.02 58.82 54.04 81.02 46.75 35.47 48.26 65.37 41.73 10.82 44.05 16.64 51.66 35.47 39.96 72.44 52.01 70.49 30.53 52.43 23.85 32.8 37.44 0.0 75.19 40.0 7.62 82.2 73.68 52.39 47.43 20.59 51.35 36.67 68.43 50.16 10.44 15.56 22.85 6.71 55.9 41.87 64.12 29.15 32.56 78.1 43.74 67.19 26.83 27.31 34.41 73.35 50.7 10.63 28.84 40.05 28.86 38.47 51.87 41.0 33.24 67.74 50.36 62.77 44.28 37.48 31.24 44.6 55.32 28.32 60.14 26.93 52.35 48.37 53.08 19.21 67.18 54.41 25.06 27.59 69.07 48.17 83.57 7.81 79.31 72.17 42.94 11.05 50.7 
111.07 12.37 38.33 86.95 71.51 65.01 117.24 22.02 38.48 120.78 60.17 68.24 122.05 60.54 51.01 116.73 61.62 115.6 21.26 45.61 83.49 118.09 59.68 121.66 106.12 55.15 10.05 120.44 23.02 72.01 125.54 60.03 68.88 57.31 75.19 0.0 76.24 76.79 8.94 28.0 60.03 108.23 90.47 32.56 111.32 17.69 102.73 84.34 84.29 52.77 80.41 119.28 111.8 23.77 89.36 95.19 14.87 39.7 8.06 85.21 84.29 45.04 32.02 84.5 69.64 97.02 78.16 101.6 113.56 105.02 93.86 106.92 22.67 95.46 16.16 49.58 37.95 67.62 83.45 19.92 92.05 65.74 87.14 67.12 84.5 113.44 61.07 137.35 121.94 61.13 93.01 59.2 118.07 48.26 78.92 13.0 23.02 77.1 77.62 24.52 
46.04 63.89 90.69 66.03 6.71 22.47 83.57 72.0 80.61 68.12 93.19 63.32 48.37 85.09 103.95 81.15 68.54 84.43 57.56 30.68 49.37 58.14 34.01 85.49 42.64 69.84 78.79 87.09 60.07 67.91 82.15 23.85 68.96 68.43 40.0 76.24 0.0 33.14 85.07 88.48 22.47 86.31 58.86 68.68 65.0 61.66 90.09 38.33 31.02 37.44 37.48 93.41 76.9 77.67 69.07 27.2 85.91 64.44 68.95 20.0 18.6 34.41 90.0 89.05 47.68 33.94 2.0 43.28 59.67 29.15 81.0 48.84 58.22 90.2 60.17 71.28 50.25 67.05 83.36 60.83 26.87 92.18 22.02 85.91 10.0 39.2 27.73 99.36 89.89 21.63 29.0 97.42 82.46 104.8 34.37 73.55 84.91 80.52 51.01 55.95 
35.69 65.51 75.96 33.02 37.11 16.28 52.48 81.94 64.62 45.19 70.29 34.41 52.48 60.88 86.77 50.48 42.43 52.77 65.0 39.41 16.28 41.3 17.12 55.22 30.59 46.4 75.01 56.08 69.78 38.08 54.49 20.62 40.22 44.05 7.62 76.79 33.14 0.0 84.29 77.88 47.51 53.37 25.96 55.54 37.8 68.35 57.01 8.06 8.94 24.08 5.0 61.1 45.79 67.9 36.0 25.5 81.06 48.38 68.73 19.24 19.7 33.62 77.88 58.31 17.8 22.85 33.02 25.0 37.34 44.41 48.09 30.15 67.12 57.71 63.32 50.25 40.01 38.6 52.2 57.22 21.26 67.18 19.42 59.55 41.11 46.23 17.0 70.29 58.67 21.21 20.81 75.6 51.87 89.05 2.24 79.7 75.95 50.54 18.44 52.35 
119.0 21.19 36.4 92.14 80.41 73.17 122.58 27.51 39.2 127.68 60.03 72.95 130.54 61.85 47.52 122.25 65.46 120.75 30.0 54.41 89.99 125.57 67.19 127.12 114.0 58.6 10.82 125.67 31.14 76.32 131.58 68.26 72.95 61.03 82.2 8.94 85.07 84.29 0.0 25.3 68.96 112.68 96.46 36.06 117.88 26.25 106.4 91.66 92.05 60.21 87.69 123.82 117.39 24.76 94.37 103.48 10.44 43.91 16.28 93.54 92.66 53.34 29.41 86.98 75.96 105.02 86.98 109.22 120.67 113.76 97.91 114.44 31.14 98.6 25.08 52.63 44.72 71.87 86.56 27.07 100.24 66.29 95.43 68.77 93.41 122.0 69.01 142.7 127.02 69.46 101.12 58.18 123.57 44.1 86.37 18.79 21.02 80.16 83.82 32.02 
113.56 33.24 11.18 76.69 85.43 71.18 106.74 50.01 17.46 117.02 35.61 57.07 128.75 39.2 23.02 106.96 47.8 104.4 44.94 59.46 79.01 117.61 61.98 111.57 108.47 40.52 18.03 109.48 48.76 59.2 117.71 67.08 55.36 43.42 73.68 28.0 88.48 77.88 25.3 0.0 77.9 94.7 83.38 22.36 106.17 42.72 86.77 84.01 86.59 55.36 80.06 105.85 102.39 10.82 78.34 100.9 14.87 30.07 28.16 91.55 91.0 54.08 4.12 65.46 65.07 100.42 90.14 102.42 111.07 114.95 79.31 106.92 47.43 78.03 37.16 34.21 39.4 54.82 66.24 29.07 97.08 42.45 93.05 46.4 98.01 121.08 65.92 126.53 110.37 68.88 97.42 33.12 108.17 20.62 79.62 41.0 5.1 59.94 72.01 33.24 
68.1 48.26 82.66 77.49 15.81 31.78 99.98 51.62 74.3 88.46 91.08 69.12 70.41 84.65 96.8 97.94 71.25 100.24 39.4 19.7 63.07 79.63 39.62 102.63 64.35 70.21 64.82 103.59 40.52 74.17 100.9 29.12 74.01 69.72 52.39 60.03 22.47 47.51 68.96 77.9 0.0 99.72 72.92 61.77 83.74 43.46 101.14 54.64 48.92 39.0 52.48 108.26 93.3 67.48 80.65 49.24 72.01 60.17 53.82 40.8 39.41 28.86 80.28 95.02 56.52 55.22 24.35 63.89 79.98 50.25 91.44 69.66 39.22 99.14 44.1 69.64 44.94 72.01 90.2 48.84 48.26 91.92 43.01 87.3 27.0 61.19 34.21 117.41 106.17 27.51 50.22 94.15 99.32 96.61 49.4 54.71 73.55 86.01 62.3 44.82 
63.32 100.66 86.68 23.02 90.47 68.01 16.55 121.63 77.25 43.93 66.37 40.0 85.62 58.05 89.81 18.87 47.41 13.0 105.42 86.95 37.11 55.23 61.29 21.19 60.73 54.56 101.87 17.46 111.13 36.36 31.76 70.77 39.82 51.88 47.43 108.23 86.31 53.37 112.68 94.7 99.72 0.0 27.46 76.66 34.13 107.48 12.08 48.26 56.14 64.9 48.84 11.18 17.69 89.01 20.0 69.35 105.12 68.8 101.21 69.07 70.11 77.94 92.36 34.06 44.42 61.66 85.99 53.6 45.28 89.11 15.52 52.2 108.3 21.59 100.45 60.84 72.84 40.82 30.15 89.5 66.12 59.14 68.01 51.48 93.43 84.48 65.8 33.06 17.03 72.24 64.2 72.25 19.24 94.2 51.97 116.28 95.75 35.69 37.58 86.37 
42.52 81.01 78.03 11.31 63.06 41.15 28.28 100.44 67.01 34.53 64.2 27.17 64.4 54.41 85.33 27.02 37.34 27.8 83.6 61.85 9.85 39.45 36.12 32.02 38.6 44.1 86.02 31.83 89.02 27.2 35.11 44.42 31.05 41.11 20.59 90.47 58.86 25.96 96.46 83.38 72.92 27.46 0.0 62.17 23.09 86.27 32.56 21.0 29.02 41.11 21.38 35.34 22.02 75.31 13.04 43.68 90.71 53.94 82.76 42.05 43.01 53.74 82.1 41.01 21.1 36.77 58.55 30.81 30.46 63.89 25.08 31.83 86.21 35.78 79.92 50.01 52.77 30.59 34.66 70.68 40.02 58.69 41.19 50.16 66.12 61.29 39.66 47.8 34.06 45.65 38.33 70.21 28.43 88.81 24.52 96.38 83.02 36.06 13.04 66.65 
91.22 28.79 22.02 56.65 66.53 49.74 87.09 50.57 12.53 95.19 32.0 37.16 106.78 29.41 35.47 86.98 29.41 85.09 38.47 42.19 57.08 95.34 39.92 91.76 86.12 22.67 25.24 90.08 43.93 40.31 97.02 46.04 36.89 25.0 51.35 32.56 68.68 55.54 36.06 22.36 61.77 76.66 62.17 0.0 84.59 38.33 70.43 61.66 64.29 33.54 57.71 87.82 82.22 13.15 58.69 78.92 28.79 8.25 26.93 69.78 69.32 34.71 22.47 52.01 43.01 78.16 70.18 80.06 89.0 93.81 61.85 84.59 41.59 62.94 30.81 17.03 18.44 35.85 50.91 18.25 75.03 35.69 71.18 35.34 78.52 99.32 44.29 107.15 91.29 48.01 75.27 33.54 88.26 36.12 57.27 43.05 21.02 44.55 50.25 19.1 
30.41 101.02 101.08 32.57 70.72 53.91 22.2 119.0 90.01 11.7 86.83 50.25 52.2 77.13 108.34 19.1 60.41 24.74 102.0 77.2 27.89 21.1 53.24 22.09 29.0 67.19 107.71 25.02 107.04 50.01 17.2 58.41 53.94 64.2 36.67 111.32 65.0 37.8 117.88 106.17 83.74 34.13 23.09 84.59 0.0 105.1 44.69 29.83 34.83 59.51 33.02 34.93 17.09 97.74 32.7 41.48 112.79 76.42 103.41 45.18 46.53 70.83 105.02 60.54 41.98 33.24 64.01 23.54 11.18 59.14 41.4 20.0 104.32 51.74 99.4 73.06 73.38 53.6 54.59 91.39 39.56 80.96 43.38 72.42 69.46 52.35 54.64 34.44 28.02 58.9 37.34 92.89 20.02 111.88 35.61 115.95 105.57 57.38 34.37 86.98 
100.45 10.0 51.48 84.96 56.29 54.34 114.2 14.21 48.17 113.46 69.72 68.12 109.04 67.72 65.31 113.23 63.81 113.07 4.12 32.02 78.03 108.93 51.89 118.22 95.71 58.59 25.5 117.61 6.08 72.62 120.57 49.24 70.21 60.03 68.43 17.69 61.66 68.35 26.25 42.72 43.46 107.48 86.27 38.33 105.1 0.0 103.86 76.32 74.73 45.65 72.62 118.14 108.23 35.13 87.73 83.29 31.91 42.95 14.56 73.33 72.25 34.79 46.32 88.59 65.22 86.31 63.64 92.18 105.69 90.8 94.37 97.8 5.0 97.91 7.62 54.23 34.66 68.6 86.28 20.25 80.62 73.98 75.43 73.39 69.12 100.12 51.55 134.03 119.47 49.82 81.88 70.11 114.62 63.32 70.58 12.0 37.64 80.26 73.24 21.63 
72.47 96.26 78.0 24.08 93.54 70.04 28.64 117.8 69.35 55.17 56.29 35.81 94.83 48.7 79.83 30.89 41.11 25.08 102.2 86.54 41.05 65.6 61.68 33.24 69.35 47.8 95.6 29.41 108.0 31.24 43.83 72.03 33.94 45.45 50.16 102.73 90.09 57.01 106.4 86.77 101.14 12.08 32.56 70.43 44.69 103.86 0.0 53.34 61.4 64.08 53.04 21.0 29.21 82.1 21.02 76.16 98.18 63.03 96.18 74.43 75.33 76.97 84.1 23.19 44.64 68.96 90.02 61.85 55.61 96.3 9.85 61.29 105.21 10.0 96.54 53.82 69.4 35.38 20.62 84.9 72.57 48.84 73.68 41.76 98.02 92.85 66.94 44.1 28.64 73.76 70.83 61.98 31.3 84.4 56.01 111.76 88.32 26.83 39.32 82.33 
30.08 73.25 81.32 30.08 43.08 24.08 45.62 89.96 69.92 37.16 73.5 36.12 49.04 63.82 91.39 43.42 45.22 46.24 73.01 47.43 12.65 34.01 24.74 48.02 25.08 50.12 82.15 49.19 77.82 38.95 46.67 28.6 41.73 47.51 10.44 84.34 38.33 8.06 91.66 84.01 54.64 48.26 21.0 61.66 29.83 76.32 53.34 0.0 8.06 31.58 4.0 55.08 38.91 74.33 32.76 24.19 88.01 54.13 76.3 21.1 22.02 41.63 83.74 57.8 20.59 19.1 37.85 18.44 29.41 44.28 45.12 23.02 75.15 55.36 71.17 54.63 47.1 40.36 51.48 64.63 20.12 69.66 20.4 61.62 45.18 43.93 25.06 62.8 51.89 29.07 18.87 79.08 44.78 93.98 5.83 87.6 82.39 50.8 17.8 59.84 
27.17 72.69 84.86 38.08 36.24 20.62 52.55 87.92 73.54 40.22 79.03 42.52 43.57 69.53 95.71 50.16 50.99 53.45 71.17 44.28 20.62 34.21 25.08 54.56 22.09 55.22 83.05 56.08 75.61 45.8 52.01 25.63 48.27 52.8 15.56 84.29 31.02 8.94 92.05 86.59 48.92 56.14 29.02 64.29 34.83 74.73 61.4 8.06 0.0 32.06 9.43 62.59 45.88 76.49 40.79 17.03 89.27 57.25 76.24 13.04 14.0 40.02 86.68 65.3 26.17 13.93 30.36 17.46 31.91 36.72 53.15 23.09 73.05 63.32 70.21 59.17 48.26 46.75 59.03 65.01 12.81 75.69 12.37 67.9 37.34 37.54 23.35 68.8 58.87 25.5 12.04 84.4 51.48 97.99 7.81 86.35 84.53 57.98 25.06 60.03 
59.21 41.76 55.23 41.88 37.16 16.4 69.35 59.68 44.41 68.31 55.76 30.27 73.39 47.85 67.62 68.12 32.56 68.59 42.72 22.47 32.45 65.38 7.0 73.11 54.15 32.7 51.01 72.86 48.01 35.36 74.95 13.6 35.01 31.62 22.85 52.77 37.44 24.08 60.21 55.36 39.0 64.9 41.11 33.54 59.51 45.65 64.08 31.58 32.06 0.0 27.66 74.81 63.13 44.92 44.94 45.54 57.22 27.8 44.72 36.25 35.78 13.04 55.95 56.04 20.62 45.54 38.6 49.04 60.88 60.46 54.23 54.23 45.22 60.88 39.92 33.84 16.28 33.02 51.35 33.14 41.76 55.04 37.7 49.34 47.43 65.8 10.82 88.87 74.95 15.81 42.2 60.0 69.53 69.07 26.17 56.46 52.89 47.01 28.28 28.28 
33.84 69.38 77.49 29.27 41.76 21.26 47.51 86.33 66.1 40.85 70.21 33.24 52.2 60.61 87.73 45.49 42.01 47.85 69.35 44.2 12.0 38.01 20.88 50.22 28.79 46.65 78.16 51.11 74.24 36.4 49.58 25.5 38.95 44.1 6.71 80.41 37.48 5.0 87.69 80.06 52.48 48.84 21.38 57.71 33.02 72.62 53.04 4.0 9.43 27.66 0.0 56.3 40.82 70.35 32.14 26.4 84.01 50.22 72.37 21.84 22.56 38.01 79.83 55.9 17.2 22.2 37.22 22.36 33.24 46.14 44.41 27.02 71.55 54.34 67.36 50.99 43.1 37.48 49.66 60.67 22.2 66.6 21.54 58.69 45.0 46.67 21.63 65.3 53.71 26.17 21.26 75.72 46.87 90.25 3.16 83.82 78.41 48.55 15.65 55.9 
65.31 111.52 97.72 33.24 98.03 76.49 13.0 132.32 88.39 42.49 76.94 51.04 87.09 68.88 100.45 16.16 58.59 10.2 115.97 96.52 45.19 55.36 70.72 15.62 63.51 65.74 113.02 11.4 121.63 47.51 26.91 79.65 51.0 63.06 55.9 119.28 93.41 61.1 123.82 105.85 108.26 11.18 35.34 87.82 34.93 118.14 21.0 55.08 62.59 74.81 56.3 0.0 18.11 100.18 30.41 74.06 116.3 79.92 112.2 75.13 76.3 87.8 103.46 44.1 54.2 66.01 92.89 57.08 45.88 93.09 26.57 54.59 118.8 31.0 111.2 72.01 83.55 51.97 40.79 100.42 71.25 69.58 73.82 62.17 99.82 87.13 74.79 23.19 9.22 80.95 69.18 82.73 15.65 104.92 59.46 127.14 106.93 46.57 46.87 97.19 
47.3 102.73 95.75 25.71 81.94 61.85 6.71 122.41 85.33 26.25 78.23 45.35 69.26 69.03 101.0 5.0 54.74 8.0 105.6 83.55 31.14 38.01 57.98 10.0 45.4 61.98 106.78 10.3 111.04 43.42 16.12 65.6 47.38 59.03 41.87 111.8 76.9 45.79 117.39 102.39 93.3 17.69 22.02 82.22 17.09 108.23 29.21 38.91 45.88 63.13 40.82 18.11 0.0 95.21 24.19 56.22 111.0 74.0 104.24 57.97 59.2 75.69 100.62 48.38 43.01 48.09 76.22 39.01 28.23 75.03 28.46 36.5 108.23 37.59 101.79 68.25 74.43 47.68 43.17 92.18 53.6 71.57 56.52 63.29 82.71 69.05 61.07 25.81 13.0 66.61 51.48 84.29 6.4 105.02 43.91 118.19 102.62 47.38 35.0 88.32 
103.58 25.18 16.49 69.57 74.65 60.54 99.96 44.72 14.76 108.3 36.4 49.98 118.27 37.2 30.68 99.93 41.59 97.86 36.67 48.8 70.18 108.17 51.66 104.68 98.48 34.48 14.42 102.88 41.19 52.8 110.11 56.36 49.19 37.12 64.12 23.77 77.67 67.9 24.76 10.82 67.48 89.01 75.31 13.15 97.74 35.13 82.1 74.33 76.49 44.92 70.35 100.18 95.21 0.0 71.51 90.44 16.12 21.38 21.02 80.99 80.41 43.27 12.81 62.24 56.08 90.24 79.32 92.66 102.02 104.2 73.93 97.33 39.46 74.03 28.64 28.3 28.79 48.33 62.01 18.87 86.68 42.06 82.54 44.05 87.2 110.49 55.36 119.97 104.0 58.14 87.09 35.69 101.19 29.53 69.72 36.14 8.06 55.61 63.39 22.67 
55.44 81.22 71.57 3.16 72.56 49.24 28.46 101.91 61.19 44.38 54.74 21.54 77.42 45.28 77.1 28.64 30.59 26.4 85.56 67.12 20.22 51.4 41.63 33.24 51.61 37.85 83.63 31.38 91.24 19.24 40.01 51.55 23.19 34.93 29.15 89.36 69.07 36.0 94.37 78.34 80.65 20.0 13.04 58.69 32.7 87.73 21.02 32.76 40.79 44.94 32.14 30.41 24.19 71.51 0.0 56.3 87.46 50.57 82.1 53.76 54.59 57.98 76.49 28.43 24.6 49.66 69.01 43.83 41.88 76.55 12.37 44.6 88.41 22.85 80.81 44.15 53.15 23.54 22.2 70.21 52.5 48.51 53.15 40.02 77.06 74.3 46.49 48.47 32.65 53.16 50.92 60.83 29.83 81.01 35.06 96.83 78.75 24.7 18.44 66.84 
18.87 83.05 100.18 53.85 33.84 30.41 62.51 95.35 89.01 42.19 95.78 59.55 27.86 86.37 111.65 59.68 67.9 64.2 79.4 51.35 36.67 31.11 39.0 63.35 15.56 71.84 95.35 65.76 83.02 62.8 57.94 35.23 65.3 69.53 32.56 95.19 27.2 25.5 103.48 100.9 49.24 69.35 43.68 78.92 41.48 83.29 76.16 24.19 17.03 45.54 26.4 74.06 56.22 90.44 56.3 0.0 101.98 72.45 87.28 10.0 11.05 50.16 101.39 81.99 43.14 8.25 25.61 18.03 34.0 20.25 68.62 22.83 80.75 79.12 80.0 75.45 61.68 63.78 75.66 76.94 4.24 92.63 8.06 84.9 28.84 20.81 35.17 75.61 68.73 34.06 5.39 101.04 60.83 113.65 24.76 95.26 98.37 74.89 41.88 71.85 
116.43 24.04 26.0 85.44 81.88 71.59 115.88 36.5 29.7 123.04 49.93 65.92 129.52 52.35 37.22 115.77 57.71 113.85 35.0 55.47 85.0 122.02 64.2 120.55 111.36 50.61 7.21 118.85 37.59 68.88 125.69 66.94 65.3 53.24 78.1 14.87 85.91 81.06 10.44 14.87 72.01 105.12 90.71 28.79 112.79 31.91 98.18 88.01 89.27 57.22 84.01 116.3 111.0 16.12 87.46 101.98 0.0 37.0 18.38 92.2 91.44 52.5 18.97 77.99 70.86 102.7 87.73 106.04 116.43 113.89 90.05 111.0 36.89 90.0 28.28 44.42 41.05 64.4 78.01 25.3 98.48 56.4 93.94 59.4 94.83 121.3 66.91 135.93 120.02 68.41 99.14 47.85 117.05 34.0 83.02 27.46 10.82 71.61 78.45 30.36 
83.93 34.13 27.73 48.47 63.01 44.2 78.92 56.08 16.64 87.09 31.05 29.07 100.22 26.02 39.82 78.77 21.93 76.97 42.38 40.5 49.01 87.57 33.62 83.57 78.85 15.81 33.12 81.94 48.1 32.45 88.77 41.04 29.21 17.69 43.74 39.7 64.44 48.38 43.91 30.07 60.17 68.8 53.94 8.25 76.42 42.95 63.03 54.13 57.25 27.8 50.22 79.92 74.0 21.38 50.57 72.45 37.0 0.0 33.3 63.63 63.29 31.76 29.61 45.79 35.01 71.17 65.8 72.57 81.02 88.23 54.2 76.94 45.54 55.97 35.34 11.4 15.23 28.02 44.05 22.83 68.45 33.02 64.88 30.81 74.41 93.06 38.6 99.01 83.19 43.14 68.54 34.01 80.06 41.34 50.0 49.2 29.15 37.8 42.11 21.84 
103.04 5.66 37.12 79.61 64.47 57.04 109.77 24.04 34.93 112.79 56.75 61.22 114.27 55.95 50.8 109.18 55.17 108.23 17.0 38.28 75.61 110.03 51.62 114.13 98.08 49.04 11.4 113.02 20.62 65.19 117.78 52.09 62.24 50.99 67.19 8.06 68.95 68.73 16.28 28.16 53.82 101.21 82.76 26.93 103.41 14.56 96.18 76.3 76.24 44.72 72.37 112.2 104.24 21.02 82.1 87.28 18.38 33.3 0.0 77.32 76.42 37.12 31.78 78.82 61.85 89.01 70.84 93.54 105.54 97.53 87.11 98.86 19.31 89.27 9.9 43.83 30.08 60.88 77.34 12.08 84.1 61.68 79.23 62.18 77.47 105.72 53.04 129.87 114.59 53.24 85.02 56.57 110.54 48.76 70.86 16.12 23.09 71.06 69.86 16.49 
27.86 73.06 91.3 50.99 26.17 20.62 64.56 85.51 80.26 48.17 88.39 53.54 37.36 79.25 103.17 61.98 61.07 65.73 69.46 41.44 33.54 38.83 30.02 66.13 23.71 64.35 85.51 68.01 73.16 57.31 62.27 25.32 59.36 62.24 26.83 85.21 20.0 19.24 93.54 91.55 40.8 69.07 42.05 69.78 45.18 73.33 74.43 21.1 13.04 36.25 21.84 75.13 57.97 80.99 53.76 10.0 92.2 63.63 77.32 0.0 1.41 40.2 92.2 77.47 36.89 14.42 18.87 23.35 39.7 25.5 66.1 29.0 70.86 76.16 70.0 67.48 52.2 57.69 71.31 67.08 7.62 85.8 2.24 78.41 24.74 29.55 25.63 79.61 70.88 24.08 9.43 93.43 63.25 104.96 19.31 85.29 88.87 69.77 37.34 61.98 
29.15 72.11 90.92 51.79 24.76 19.92 65.8 84.34 79.92 49.58 88.39 53.85 38.08 79.31 102.9 63.25 61.22 66.94 68.36 40.31 34.37 40.22 29.68 67.42 25.06 64.35 84.72 69.26 72.01 57.71 63.63 24.52 59.68 62.29 27.31 84.29 18.6 19.7 92.66 91.0 39.41 70.11 43.01 69.32 46.53 72.25 75.33 22.02 14.0 35.78 22.56 76.3 59.2 80.41 54.59 11.05 91.44 63.29 76.42 1.41 0.0 39.32 91.71 78.0 37.22 15.81 17.49 24.76 41.11 25.46 66.91 30.41 69.72 76.9 69.01 67.36 51.62 57.98 71.87 66.29 8.94 85.91 3.61 78.6 23.54 30.08 25.08 80.95 72.12 23.19 10.82 93.38 64.51 104.62 19.92 84.21 88.26 70.21 37.95 61.19 
66.27 33.02 56.57 54.92 31.83 20.02 82.02 48.33 47.01 78.79 62.39 42.45 77.28 55.79 70.18 80.66 43.01 81.39 31.38 10.05 44.69 74.22 17.8 85.63 61.4 41.44 45.61 85.56 36.24 47.54 86.84 15.0 46.69 41.11 34.41 45.04 34.41 33.62 53.34 54.08 28.86 77.94 53.74 34.71 70.83 34.79 76.97 41.63 40.02 13.04 38.01 87.8 75.69 43.27 57.98 50.16 52.5 31.76 37.12 40.2 39.32 0.0 55.61 67.6 33.6 52.15 36.06 57.49 70.94 61.47 67.12 63.06 33.54 73.38 30.27 40.8 16.64 44.72 63.35 27.2 47.01 63.06 42.11 58.55 44.05 68.88 16.76 101.32 87.73 16.12 48.01 65.74 82.07 70.71 35.85 46.32 50.61 58.55 41.11 22.14 
113.51 36.69 7.21 74.97 87.21 72.01 104.79 54.0 15.3 116.02 31.89 55.44 129.24 36.06 19.1 105.12 45.89 102.36 48.38 61.52 78.16 117.1 62.39 109.66 108.42 38.64 22.0 107.45 52.39 57.27 116.11 68.1 53.37 41.59 73.35 32.02 90.0 77.88 29.41 4.12 80.28 92.36 82.1 22.47 105.02 46.32 84.1 83.74 86.68 55.95 79.83 103.46 100.62 12.81 76.49 101.39 18.97 29.61 31.78 92.2 91.71 55.61 0.0 62.43 64.38 100.58 91.61 102.18 110.29 115.97 76.9 106.53 50.96 75.18 40.5 32.39 40.31 52.95 63.51 31.62 97.5 38.9 93.62 43.27 99.64 121.74 66.64 124.45 108.24 69.97 97.74 29.15 106.3 17.09 79.56 45.01 9.0 57.27 71.06 35.47 
83.49 79.92 55.95 29.7 90.93 66.91 49.82 101.87 48.41 72.07 33.24 26.08 105.12 26.42 56.75 51.42 25.3 46.53 87.66 77.65 45.49 79.81 56.22 54.74 79.4 30.02 76.38 51.35 93.47 21.21 64.29 67.27 21.02 28.64 50.7 84.5 89.05 58.31 86.98 65.46 95.02 34.06 41.01 52.01 60.54 88.59 23.19 57.8 65.3 56.04 55.9 44.1 48.38 62.24 28.43 81.99 77.99 45.79 78.82 77.47 78.0 67.6 62.43 0.0 41.48 76.28 89.5 71.59 70.21 102.0 19.92 72.84 90.8 13.34 81.01 35.0 55.97 23.02 6.4 68.6 77.9 25.71 77.39 19.24 98.23 101.26 62.39 67.0 51.09 69.35 76.66 38.83 52.17 61.4 58.18 94.87 67.62 9.06 40.25 67.08 
50.57 59.94 61.39 21.47 50.04 26.0 49.04 79.4 50.01 52.24 53.01 16.64 69.4 43.42 70.94 48.01 24.84 48.1 62.63 42.54 14.14 52.77 17.09 53.01 45.62 29.53 65.73 52.5 68.12 20.62 55.95 27.46 22.47 26.93 10.63 69.64 47.68 17.8 75.96 65.07 56.52 44.42 21.1 43.01 41.98 65.22 44.64 20.59 26.17 20.62 17.2 54.2 43.01 56.08 24.6 43.14 70.86 35.01 61.85 36.89 37.22 33.6 64.38 41.48 0.0 39.41 48.05 38.63 46.01 62.2 34.93 42.45 65.3 43.05 58.83 34.18 31.78 20.81 35.69 49.77 38.9 49.52 37.2 41.77 56.75 63.7 22.36 68.82 54.49 29.27 38.21 58.52 49.41 73.68 18.38 75.29 64.03 33.24 8.06 45.62 
14.14 85.15 98.79 47.41 40.36 32.14 54.33 98.95 87.46 34.41 92.42 55.23 30.0 82.8 109.57 51.48 64.2 56.08 82.57 54.82 30.81 24.41 38.64 55.11 9.49 68.8 96.33 57.56 86.59 58.0 49.77 37.22 60.83 66.29 28.84 97.02 33.94 22.85 105.02 100.42 55.22 61.66 36.77 78.16 33.24 86.31 68.96 19.1 13.93 45.54 22.2 66.01 48.09 90.24 49.66 8.25 102.7 71.17 89.01 14.42 15.81 52.15 100.58 76.28 39.41 0.0 32.56 9.85 26.08 27.46 61.85 15.0 84.17 72.5 82.39 72.95 61.81 59.46 69.89 78.1 7.07 88.73 12.21 80.72 36.72 25.0 36.01 67.42 60.53 36.5 5.0 97.91 52.61 111.89 21.47 98.15 98.27 69.66 36.8 73.06 
44.41 65.8 92.2 66.0 8.54 23.26 82.87 74.0 82.04 66.84 94.3 63.89 46.39 86.09 105.38 80.41 69.35 83.82 59.54 32.57 49.16 56.64 34.89 84.69 41.11 70.83 80.62 86.38 62.07 68.41 81.12 25.0 69.57 69.35 40.05 78.16 2.0 33.02 86.98 90.14 24.35 85.99 58.55 70.18 64.01 63.64 90.02 37.85 30.36 38.6 37.22 92.89 76.22 79.32 69.01 25.61 87.73 65.8 70.84 18.87 17.49 36.06 91.61 89.5 48.05 32.56 0.0 42.01 58.41 27.17 81.02 47.51 60.21 90.35 62.1 72.42 51.74 67.68 83.74 62.61 25.5 93.15 20.81 86.76 8.94 37.22 28.65 98.41 89.2 22.8 27.66 98.6 81.71 106.3 34.13 75.54 86.61 81.04 51.09 57.71 
