85
0.0 51.26 48.84 66.07 23.43 35.69 83.95 92.96 61.66 16.28 51.08 40.16 23.43 26.4 56.3 30.0 63.2 66.48 47.54 83.05 13.15 33.02 34.41 56.57 28.64 26.91 38.47 86.7 26.17 40.85 73.76 28.84 44.72 86.15 44.91 95.04 15.03 55.9 59.81 41.79 20.12 53.14 39.62 32.2 42.8 69.87 38.33 87.97 31.11 33.02 49.4 47.51 54.13 77.82 22.47 16.28 82.02 91.29 27.2 49.2 24.7 50.99 34.83 35.61 72.01 6.4 35.11 42.15 78.06 30.59 81.74 32.02 86.4 50.09 44.78 52.55 26.4 28.23 43.42 89.27 66.07 45.18 36.5 45.28 49.19 
51.26 0.0 27.0 69.26 33.0 17.03 104.4 112.79 97.42 56.4 2.24 82.81 63.0 32.14 13.04 72.0 91.71 83.52 68.88 110.57 58.83 67.6 20.1 92.8 74.4 45.61 34.0 110.39 67.0 66.1 74.0 32.56 64.4 116.73 84.22 128.02 49.09 71.78 78.77 65.86 71.31 94.76 14.21 37.22 16.12 105.12 79.93 121.43 47.71 69.35 36.06 93.09 41.01 89.11 29.61 45.04 111.8 101.49 42.8 48.84 75.96 28.07 83.22 27.86 102.47 48.3 16.16 38.28 106.02 55.32 119.04 63.25 87.09 21.1 62.65 73.01 76.92 36.4 62.17 111.02 60.07 34.83 56.92 74.04 67.23 
48.84 27.0 0.0 42.43 42.64 20.62 78.92 86.98 77.16 45.54 29.02 67.54 68.54 43.86 40.01 76.9 69.03 58.18 46.1 86.61 50.16 76.06 35.23 73.11 62.36 29.41 52.43 85.43 72.24 78.6 47.0 45.97 41.77 93.48 66.89 105.21 54.56 47.01 54.2 44.6 66.0 77.7 18.36 19.65 37.7 84.15 64.4 99.02 29.07 52.77 9.22 78.79 14.04 62.59 35.81 51.48 88.48 74.67 26.93 22.85 71.0 2.24 72.28 45.22 79.81 43.29 25.81 57.69 82.38 66.61 98.29 45.65 60.13 6.32 39.7 49.41 69.35 22.09 39.62 85.62 33.14 55.95 70.29 85.7 43.6 
66.07 69.26 42.43 0.0 74.09 58.42 39.2 46.14 51.97 52.4 71.18 56.52 89.5 76.55 82.15 95.48 38.9 21.1 25.0 50.45 58.14 99.02 72.37 50.25 59.51 39.66 88.32 46.75 92.1 105.69 7.81 79.38 24.6 58.6 51.48 70.6 78.77 17.03 21.59 29.55 73.24 60.01 58.08 39.22 77.41 55.97 53.85 65.73 35.23 44.78 33.24 66.75 28.86 20.62 67.07 77.52 53.82 32.25 40.31 21.21 77.39 41.77 68.35 81.49 47.85 59.82 63.64 93.68 47.43 94.15 68.94 39.45 20.59 48.66 23.32 23.09 72.07 43.08 24.7 45.8 12.73 93.39 99.36 111.02 21.19 
23.43 33.0 42.64 74.09 0.0 22.83 100.04 109.07 82.57 36.06 32.06 62.61 30.0 3.16 34.54 39.0 81.61 80.5 62.07 101.71 35.36 35.17 13.15 77.49 51.62 36.35 16.28 104.08 34.0 36.06 81.02 6.08 58.22 105.91 66.48 115.69 16.28 68.73 74.24 57.0 42.64 75.58 26.4 34.93 20.62 90.8 60.42 108.67 40.61 52.89 47.51 70.72 53.26 90.03 7.21 12.17 101.43 103.59 34.71 53.67 46.62 44.82 58.26 12.21 91.41 24.17 18.97 21.02 96.75 24.19 103.46 49.5 94.54 40.82 57.43 67.12 49.52 31.02 56.32 106.0 69.97 22.8 27.66 43.42 62.39 
35.69 17.03 20.62 58.42 22.83 0.0 90.61 99.3 80.99 39.41 17.69 65.8 51.2 23.6 26.83 60.02 76.16 69.87 53.76 95.52 42.06 57.58 14.76 76.28 57.43 29.15 31.91 96.05 55.11 58.83 64.33 25.5 49.34 101.24 67.36 112.26 36.88 57.87 64.54 50.16 55.36 77.83 4.0 21.84 19.03 88.84 62.94 105.55 31.78 52.5 27.31 76.06 33.11 77.01 16.76 33.24 96.38 90.05 26.42 37.22 60.17 22.67 66.37 24.7 86.82 31.95 5.39 37.22 90.82 47.01 102.63 46.62 77.88 18.03 47.8 58.24 60.54 20.12 47.13 97.08 51.55 35.85 50.22 66.24 52.63 
83.95 104.4 78.92 39.2 100.04 90.61 0.0 9.06 34.21 67.68 106.04 53.82 105.3 103.02 116.66 108.46 23.02 20.88 38.0 15.03 71.84 115.11 102.49 36.77 63.53 64.03 116.0 8.06 106.63 124.45 39.7 106.02 42.05 23.35 46.62 34.18 98.84 32.76 26.17 43.1 81.39 48.17 91.44 68.88 109.18 31.78 53.0 31.4 60.13 51.87 69.86 58.69 66.65 20.0 94.01 99.14 20.0 20.02 66.12 56.08 83.73 78.79 68.01 110.07 21.47 79.08 95.19 121.02 15.52 114.54 39.12 51.97 36.4 85.23 43.19 33.02 76.66 71.45 44.1 6.71 51.86 122.04 120.42 127.76 38.21 
92.96 112.79 86.98 46.14 109.07 99.3 9.06 0.0 41.04 76.69 114.48 61.91 114.18 112.04 125.17 117.18 31.3 29.43 47.01 17.89 80.78 123.97 111.36 44.2 72.01 73.01 125.0 9.43 115.43 133.41 45.45 115.04 51.01 24.52 54.71 33.14 107.87 41.44 35.06 52.15 89.96 55.23 100.02 77.65 117.96 37.2 61.29 32.25 69.07 60.73 77.83 65.95 74.32 25.81 103.0 108.19 22.85 20.62 75.06 64.2 92.13 86.73 76.01 119.04 27.59 88.12 103.95 130.03 20.62 123.56 41.76 61.0 39.66 93.3 52.09 42.0 85.0 80.31 53.04 5.0 58.52 131.02 129.44 136.62 47.1 
61.66 97.42 77.16 51.97 82.57 80.99 34.21 41.04 0.0 46.57 98.47 23.35 79.23 85.73 107.7 80.41 14.14 33.02 31.91 25.06 48.51 88.57 89.05 5.1 35.13 51.87 98.76 32.02 79.63 99.18 57.22 88.6 35.81 25.32 17.0 33.38 76.42 35.74 30.41 32.56 52.77 14.21 83.23 60.44 97.05 8.25 24.02 26.31 49.82 29.73 69.81 25.0 69.34 43.93 78.19 77.93 22.14 51.89 54.64 57.14 53.85 77.99 36.4 94.24 13.6 58.69 84.22 103.08 20.81 91.05 21.63 34.48 61.52 82.73 38.01 30.46 46.57 61.03 37.8 36.12 62.94 105.36 97.05 100.98 35.36 
16.28 56.4 45.54 52.4 36.06 39.41 67.68 76.69 46.57 0.0 56.85 27.2 38.47 39.22 64.38 43.42 47.04 50.57 31.76 67.0 5.83 48.3 43.83 41.48 18.03 17.12 52.2 70.46 40.5 56.92 60.21 42.06 29.41 70.46 30.46 79.83 31.26 40.5 43.86 25.94 22.14 39.96 42.72 26.08 52.2 54.82 24.7 72.78 19.92 17.12 43.05 36.8 46.53 62.27 32.25 32.0 66.19 75.59 19.0 38.63 26.93 47.38 27.31 47.93 56.14 12.17 41.04 56.52 62.0 46.87 67.42 15.81 72.18 48.76 29.83 36.67 24.0 23.54 28.43 72.99 54.59 58.82 52.77 60.84 33.84 
51.08 2.24 29.02 71.18 32.06 17.69 106.04 114.48 98.47 56.85 0.0 83.45 62.03 31.02 11.0 71.03 93.02 85.16 70.26 112.0 59.08 66.37 19.0 93.81 74.81 46.62 32.2 111.95 66.03 64.56 76.01 31.26 65.8 118.07 85.04 129.29 48.26 73.38 80.32 67.12 71.18 95.52 15.26 38.47 14.32 106.23 80.61 122.67 48.88 70.18 38.01 93.61 43.05 90.93 29.12 44.18 113.16 103.39 43.83 50.64 75.77 30.15 83.49 26.25 103.77 48.37 16.12 36.36 107.42 53.94 120.1 64.2 89.14 23.19 64.08 74.46 76.94 37.44 63.56 112.64 62.13 32.8 55.36 72.53 68.71 
40.16 82.81 67.54 56.52 62.61 65.8 53.82 61.91 23.35 27.2 83.45 0.0 56.04 65.74 91.44 57.07 30.81 44.1 31.58 47.76 27.31 65.28 71.03 18.68 12.04 38.59 78.39 53.67 56.32 76.03 63.6 68.45 33.06 48.66 7.21 56.01 54.34 39.85 38.47 28.02 29.43 13.0 68.77 48.37 79.4 31.06 3.16 49.0 38.48 14.87 62.3 11.4 63.79 56.86 59.36 56.32 45.35 68.01 41.34 52.61 30.68 68.94 14.21 74.71 36.06 38.47 67.94 82.28 43.08 68.36 41.77 22.14 72.01 72.07 35.01 33.84 23.41 47.43 34.0 57.31 64.12 85.09 74.33 77.65 35.51 
23.43 63.0 68.54 89.5 30.0 51.2 105.3 114.18 79.23 38.47 62.03 56.04 0.0 31.14 63.35 9.0 83.43 89.0 70.24 102.59 33.62 9.85 43.05 74.33 44.1 50.21 36.67 107.2 4.0 20.0 97.19 31.58 67.74 104.48 62.29 112.0 14.32 78.89 82.29 64.41 27.17 68.07 55.11 54.41 49.65 87.09 55.23 105.02 54.49 53.45 70.83 59.68 76.01 100.72 34.53 18.11 100.84 114.06 50.25 72.25 28.16 70.77 45.54 38.33 91.08 29.73 48.37 37.44 97.67 15.0 97.19 54.13 109.81 68.31 67.96 75.13 34.53 50.22 66.57 110.16 89.2 42.19 20.12 22.47 72.2 
26.4 32.14 43.86 76.55 3.16 23.6 103.02 112.04 85.73 39.22 31.02 65.74 31.14 0.0 32.57 40.11 84.72 83.38 65.03 104.81 38.47 35.51 12.04 80.65 54.71 39.2 13.15 107.12 35.13 35.36 83.38 3.0 61.13 109.04 69.64 118.85 18.03 71.57 77.16 60.01 45.34 78.72 26.93 37.34 18.68 93.96 63.56 111.83 43.42 56.04 49.2 73.78 55.0 92.76 9.49 13.93 104.56 106.3 37.48 55.95 49.2 46.01 61.22 9.22 94.54 27.31 19.24 18.0 99.85 23.77 106.63 52.61 96.93 41.62 60.3 70.06 52.33 33.53 59.21 109.0 72.07 19.65 26.63 42.95 65.28 
56.3 13.04 40.01 82.15 34.54 26.83 116.66 125.17 107.7 64.38 11.0 91.44 63.35 32.57 0.0 72.18 102.96 95.8 80.41 122.2 65.86 66.12 21.95 102.93 82.04 55.95 29.15 122.41 67.27 62.39 87.01 31.78 75.96 128.04 93.6 139.09 50.6 83.93 90.8 76.97 76.32 103.86 25.3 48.47 13.93 115.6 88.73 132.38 58.6 78.82 49.01 101.12 54.04 101.83 33.84 46.49 123.17 114.35 53.24 61.52 80.62 41.11 90.14 25.18 113.64 54.67 23.6 32.02 117.55 53.01 129.32 73.25 100.12 34.13 74.33 84.76 82.66 46.96 73.74 123.23 73.11 27.51 53.24 70.46 79.06 
30.0 72.0 76.9 95.48 39.0 60.02 108.46 117.18 80.41 43.42 71.03 57.07 9.0 40.11 72.18 0.0 86.03 93.3 74.89 104.55 38.01 10.3 52.04 75.71 45.61 56.85 44.94 109.73 5.0 21.93 103.25 40.45 72.8 105.72 63.79 112.45 23.19 83.82 86.61 69.07 27.66 68.26 63.95 61.91 58.55 87.97 56.75 105.57 60.96 56.8 78.71 59.0 83.73 105.39 43.42 27.07 102.39 118.51 57.2 79.2 27.02 79.12 45.04 47.07 92.89 36.4 57.31 45.18 99.72 21.63 97.05 58.52 115.52 76.92 73.25 79.61 34.13 57.8 71.84 112.95 96.05 50.09 25.46 21.02 77.2 
63.2 91.71 69.03 38.9 81.61 76.16 23.02 31.3 14.14 47.04 93.02 30.81 83.43 84.72 102.96 86.03 0.0 19.03 23.02 20.1 50.49 93.15 86.13 14.76 40.72 47.43 97.87 23.77 84.48 102.96 43.57 87.69 27.46 25.08 23.6 36.36 78.23 23.85 17.46 26.0 58.69 26.42 77.82 54.56 93.61 17.09 30.02 30.0 44.38 30.27 60.88 36.4 59.46 29.83 76.3 79.03 20.25 38.59 49.98 47.38 60.83 69.53 45.0 92.57 10.82 59.0 80.06 102.59 15.13 93.65 30.53 32.14 47.38 75.0 29.41 19.8 53.71 56.08 29.68 26.93 50.57 104.24 99.61 105.77 25.5 
66.48 83.52 58.18 21.1 80.5 69.87 20.88 29.43 33.02 50.57 85.16 44.1 89.0 83.38 95.8 93.3 19.03 0.0 18.97 29.7 55.47 98.84 82.1 32.56 50.91 44.18 96.19 27.29 90.82 107.34 24.74 86.37 22.36 37.64 37.59 49.68 80.96 12.04 6.71 24.7 67.62 43.68 70.61 48.26 88.57 35.69 42.2 44.65 40.05 37.01 49.19 52.39 46.32 12.81 74.17 80.78 32.8 25.24 46.04 35.34 70.84 58.14 57.8 90.02 26.93 61.03 74.55 101.32 26.4 96.77 48.1 34.89 28.86 64.47 23.09 13.93 64.35 51.04 24.19 27.51 33.6 102.04 102.49 111.4 18.11 
47.54 68.88 46.1 25.0 62.07 53.76 38.0 47.01 31.91 31.76 70.26 31.58 70.24 65.03 80.41 74.89 23.02 18.97 0.0 41.79 36.89 80.06 64.78 28.64 34.99 26.08 78.0 42.58 72.2 88.39 32.31 68.03 4.47 47.89 27.0 59.36 61.98 9.22 12.37 5.83 50.21 36.5 55.15 31.95 71.81 38.29 28.86 53.01 22.36 20.25 38.21 42.11 37.44 30.53 56.01 61.85 42.94 43.83 28.28 25.24 53.91 46.69 43.46 72.11 33.84 42.06 57.97 83.02 37.16 77.79 52.4 16.4 42.2 52.01 6.4 5.1 48.01 33.96 6.71 44.1 33.06 84.05 83.52 92.57 4.0 
83.05 110.57 86.61 50.45 101.71 95.52 15.03 17.89 25.06 67.0 112.0 47.76 102.59 104.81 122.2 104.55 20.1 29.7 41.79 0.0 70.18 112.18 105.99 29.15 58.94 67.19 117.96 8.54 103.37 122.33 52.48 107.79 46.24 8.54 40.8 20.25 98.08 39.66 32.45 45.61 76.92 39.12 96.93 73.74 113.32 19.8 47.8 16.49 63.89 50.04 77.94 49.93 75.6 33.62 96.34 99.0 5.1 35.0 69.64 64.07 78.43 86.82 61.33 112.61 11.7 79.03 99.62 122.69 5.0 113.36 24.33 52.24 50.96 92.78 47.93 37.58 71.17 75.58 48.47 13.0 63.13 124.31 119.34 124.74 43.38 
13.15 58.83 50.16 58.14 35.36 42.06 71.84 80.78 48.51 5.83 59.08 27.31 33.62 38.47 65.86 38.01 50.49 55.47 36.89 70.18 0.0 43.46 44.6 43.42 16.4 22.56 51.08 74.15 35.36 52.63 65.95 41.15 34.83 73.06 31.78 81.88 28.02 45.8 48.76 31.06 16.49 40.31 45.62 31.02 53.08 56.72 25.3 74.81 25.63 20.22 48.26 35.61 51.97 67.42 32.65 29.43 69.0 80.62 24.19 44.38 21.38 52.09 24.41 47.51 59.01 11.4 43.01 55.03 65.19 43.19 68.68 20.59 77.79 52.95 35.38 41.68 19.24 28.07 33.97 76.9 60.42 57.78 49.16 56.08 39.2 
33.02 67.6 76.06 99.02 35.17 57.58 115.11 123.97 88.57 48.3 66.37 65.28 9.85 35.51 66.12 10.3 93.15 98.84 80.06 112.18 43.46 0.0 47.52 83.73 53.46 59.55 37.66 116.91 9.0 11.7 106.67 35.13 77.52 113.86 71.7 121.1 21.63 88.68 92.14 74.24 36.01 77.01 61.35 63.13 53.01 96.33 64.63 114.16 63.89 63.25 79.06 68.18 84.4 110.54 40.85 24.6 110.32 123.89 59.41 81.32 36.22 78.29 54.08 41.01 100.62 39.2 54.12 37.0 107.28 13.34 106.02 63.98 119.4 75.24 77.7 84.97 43.05 58.9 76.32 119.92 98.29 42.06 15.81 12.65 81.99 
34.41 20.1 35.23 72.37 13.15 14.76 102.49 111.36 89.05 43.83 19.0 71.03 43.05 12.04 21.95 52.04 86.13 82.1 64.78 105.99 44.6 47.52 0.0 84.1 60.96 38.83 17.2 107.35 47.04 46.62 78.59 12.65 60.53 111.02 73.93 121.49 29.43 70.06 76.32 60.42 54.38 83.76 17.03 34.01 8.49 97.17 68.51 114.59 42.43 59.48 42.05 80.16 47.85 90.2 12.04 25.32 106.32 103.48 36.5 51.2 58.67 37.2 68.62 10.0 96.46 33.24 9.43 22.47 101.14 35.44 110.46 54.78 92.18 31.83 59.3 69.58 60.8 31.06 58.42 108.78 66.13 21.19 37.58 54.42 64.28 
56.57 92.8 73.11 50.25 77.49 76.28 36.77 44.2 5.1 41.48 93.81 18.68 74.33 80.65 102.93 75.71 14.76 32.56 28.64 29.15 43.42 83.73 84.1 0.0 30.27 47.2 93.68 35.51 74.81 94.26 56.0 83.52 32.25 30.15 12.04 38.47 71.34 33.54 29.0 28.6 48.05 11.66 78.6 55.97 92.13 13.34 19.1 31.4 45.34 24.7 66.03 21.93 65.86 44.27 73.16 72.84 26.68 53.34 50.0 53.71 49.34 74.03 32.2 89.2 17.46 53.6 79.4 97.98 24.6 86.02 26.42 29.68 61.39 78.57 34.48 27.89 42.06 56.4 34.13 39.41 60.64 100.28 92.02 96.18 32.31 
28.64 74.4 62.36 59.51 51.62 57.43 63.53 72.01 35.13 18.03 74.81 12.04 44.1 54.71 82.04 45.61 40.72 50.91 34.99 58.94 16.4 53.46 60.96 30.27 0.0 32.98 67.08 64.26 44.55 64.07 67.08 57.31 34.93 60.41 18.25 68.03 42.45 44.1 44.6 29.97 18.03 24.74 60.75 42.72 69.43 43.01 11.18 61.01 34.23 14.76 58.55 19.21 61.07 63.66 49.04 44.6 56.89 75.82 35.44 51.16 20.25 64.03 10.05 63.81 47.3 27.8 58.9 70.77 54.12 56.32 53.76 20.62 77.1 66.13 36.4 38.6 13.45 40.85 35.11 67.62 65.0 73.79 62.29 65.92 38.47 
26.91 45.61 29.41 39.66 36.35 29.15 64.03 73.01 51.87 17.12 46.62 38.59 50.21 39.2 55.95 56.85 47.43 44.18 26.08 67.19 22.56 59.55 38.83 47.2 32.98 0.0 52.04 68.59 53.08 66.04 47.2 42.19 22.0 72.45 38.95 83.26 39.12 32.39 38.01 21.59 39.05 49.68 31.4 9.85 46.17 59.68 35.51 76.49 4.47 24.21 26.0 49.65 29.43 53.85 30.02 38.01 67.68 67.45 2.83 22.47 43.93 31.05 42.95 46.04 57.94 20.52 32.7 57.14 62.36 54.59 73.5 17.69 60.21 33.54 21.1 31.02 41.05 9.22 20.02 70.18 39.2 58.01 59.93 71.4 26.08 
38.47 34.0 52.43 88.32 16.28 31.91 116.0 125.0 98.76 52.2 32.2 78.39 36.67 13.15 29.15 44.94 97.87 96.19 78.0 117.96 51.08 37.66 17.2 93.68 67.08 52.04 0.0 120.2 40.31 33.24 94.87 10.2 74.03 122.18 82.54 131.94 26.87 84.29 90.05 73.06 56.08 91.39 34.21 49.24 17.89 107.0 76.32 124.91 56.14 69.12 59.06 85.96 64.88 105.22 22.02 23.43 117.71 118.7 50.16 67.36 59.41 54.41 72.95 7.21 107.69 40.16 26.63 5.39 113.0 24.33 119.54 65.76 108.47 48.92 73.11 83.01 63.41 45.71 72.06 122.04 82.86 6.71 24.08 41.3 78.1 
86.7 110.39 85.43 46.75 104.08 96.05 8.06 9.43 32.02 70.46 111.95 53.67 107.2 107.12 122.41 109.73 23.77 27.29 42.58 8.54 74.15 116.91 107.35 35.51 64.26 68.59 120.2 0.0 108.24 126.7 47.63 110.11 46.87 16.0 46.52 26.25 101.71 38.63 31.62 47.17 82.28 46.23 97.12 74.22 114.34 27.8 53.31 24.02 64.94 53.94 76.48 57.01 73.57 28.02 98.33 102.31 13.6 27.17 70.86 62.61 84.17 85.42 67.6 114.53 18.44 82.22 100.44 125.1 11.31 117.24 32.76 55.08 44.38 91.71 48.27 37.85 76.97 76.49 49.03 4.47 59.46 126.4 123.18 129.54 43.42 
26.17 67.0 72.24 92.1 34.0 55.11 106.63 115.43 79.63 40.5 66.03 56.32 4.0 35.13 67.27 5.0 84.48 90.82 72.2 103.37 35.36 9.0 47.04 74.81 44.55 53.08 40.31 108.24 0.0 20.4 99.82 35.51 69.89 104.94 62.8 112.11 18.25 80.99 84.12 66.37 27.02 68.01 59.03 57.69 53.6 87.37 55.73 105.17 57.28 54.78 74.3 59.21 79.4 102.73 38.47 22.09 101.43 115.97 53.26 75.29 27.29 74.46 45.1 42.2 91.78 32.56 52.35 40.82 98.49 17.69 97.02 55.95 112.29 72.12 70.21 77.03 34.06 53.54 68.82 111.32 92.2 45.65 22.2 21.38 74.33 
40.85 66.1 78.6 105.69 36.06 58.83 124.45 133.41 99.18 56.92 64.56 76.03 20.0 35.36 62.39 21.93 102.96 107.34 88.39 122.33 52.63 11.7 46.62 94.26 64.07 66.04 33.24 126.7 20.4 0.0 113.16 34.01 85.49 124.4 82.22 132.0 26.93 96.66 100.66 82.64 47.1 88.05 62.27 68.12 50.45 107.07 75.17 125.02 70.49 72.78 82.81 79.51 88.41 118.6 42.8 28.43 120.7 132.1 65.46 86.83 47.68 80.8 65.38 38.33 110.89 46.52 54.59 31.02 117.39 12.04 117.15 72.73 126.25 76.85 85.43 93.41 54.33 63.89 84.1 129.52 103.71 36.06 9.22 8.06 89.96 
73.76 74.0 47.0 7.81 81.02 64.33 39.7 45.45 57.22 60.21 76.01 63.6 97.19 83.38 87.01 103.25 43.57 24.74 32.31 52.48 65.95 106.67 78.59 56.0 67.08 47.2 94.87 47.63 99.82 113.16 0.0 86.16 32.25 60.9 58.25 72.72 86.27 23.77 27.0 37.12 81.02 66.27 63.64 46.1 83.19 60.42 61.03 68.43 42.8 52.33 38.05 73.55 33.02 19.8 73.93 84.91 56.36 28.79 47.71 27.51 85.15 46.04 75.77 87.93 51.55 67.48 69.63 100.24 50.09 101.55 72.73 47.17 13.6 53.04 31.06 29.83 79.76 50.09 32.45 45.97 14.32 99.72 106.68 118.6 28.64 
28.84 32.56 45.97 79.38 6.08 25.5 106.02 115.04 88.6 42.06 31.26 68.45 31.58 3.0 31.78 40.45 87.69 86.37 68.03 107.79 41.15 35.13 12.65 83.52 57.31 42.19 10.2 110.11 35.51 34.01 86.16 0.0 64.12 111.99 72.45 121.75 19.24 74.55 80.16 63.01 47.38 81.44 28.6 40.16 18.11 96.84 66.31 114.73 46.39 58.94 51.61 76.32 57.43 95.71 12.37 15.26 107.52 109.24 40.45 58.69 51.09 48.08 63.6 7.21 97.49 30.08 20.81 15.0 102.83 22.8 109.44 55.58 99.72 43.42 63.29 73.06 54.49 36.4 62.2 112.0 74.71 16.76 25.06 41.79 68.26 
44.72 64.4 41.77 24.6 58.22 49.34 42.05 51.01 35.81 29.41 65.8 33.06 67.74 61.13 75.96 72.8 27.46 22.36 4.47 46.24 34.83 77.52 60.53 32.25 34.93 22.0 74.03 46.87 69.89 85.49 32.25 64.12 0.0 52.35 29.27 63.81 58.87 11.18 16.03 5.1 49.04 39.29 50.7 27.51 67.47 42.45 30.15 57.43 18.11 20.25 34.06 44.01 33.62 33.11 52.01 58.52 47.41 46.62 24.08 21.47 53.01 42.43 43.97 68.03 38.28 39.0 53.6 79.1 41.63 74.67 56.59 15.0 43.19 47.63 2.24 9.06 47.51 29.61 2.24 48.26 31.06 80.01 80.32 89.94 4.47 
86.15 116.73 93.48 58.6 105.91 101.24 23.35 24.52 25.32 70.46 118.07 48.66 104.48 109.04 128.04 105.72 25.08 37.64 47.89 8.54 73.06 113.86 111.02 30.15 60.41 72.45 122.18 16.0 104.94 124.4 60.9 111.99 52.35 0.0 42.19 12.04 101.08 46.86 39.7 51.08 78.09 38.28 102.88 79.62 118.6 18.03 49.25 8.06 69.46 53.34 85.0 48.85 82.98 42.15 100.9 102.31 5.0 43.1 75.03 71.22 79.08 93.81 61.4 117.15 14.56 82.61 105.11 126.75 11.31 116.0 17.46 56.52 59.48 99.57 54.2 44.1 71.81 81.15 54.59 20.1 71.22 128.65 122.0 126.29 49.93 
44.91 84.22 66.89 51.48 66.48 67.36 46.62 54.71 17.0 30.46 85.04 7.21 62.29 69.64 93.6 63.79 23.6 37.59 27.0 40.8 31.78 71.7 73.93 12.04 18.25 38.95 82.54 46.52 62.8 82.22 58.25 72.45 29.27 42.19 0.0 50.25 59.54 34.53 32.31 24.52 36.14 10.82 70.04 48.41 82.15 25.08 7.07 43.19 38.01 14.87 60.84 15.3 61.68 50.25 62.61 61.19 38.64 61.07 41.77 50.0 37.7 68.1 21.4 78.39 29.12 42.38 70.0 86.68 36.06 74.06 37.0 21.4 65.92 71.85 31.4 28.44 30.46 48.1 30.59 50.12 60.03 89.2 80.06 84.17 31.0 
95.04 128.02 105.21 70.6 115.69 112.26 34.18 33.14 33.38 79.83 129.29 56.01 112.0 118.85 139.09 112.45 36.36 49.68 59.36 20.25 81.88 121.1 121.49 38.47 68.03 83.26 131.94 26.25 112.11 132.0 72.72 121.75 63.81 12.04 50.25 0.0 109.77 58.8 51.66 62.18 85.09 44.18 114.06 90.82 129.24 25.18 57.14 7.07 80.5 62.82 96.83 53.94 94.92 53.67 111.02 111.31 16.97 53.15 85.91 83.1 85.48 105.6 67.48 127.2 25.55 91.98 115.95 136.34 23.35 124.26 16.55 66.73 70.58 111.25 65.73 55.8 78.31 92.14 66.04 29.61 83.24 138.5 130.25 133.3 61.61 
15.03 49.09 54.56 78.77 16.28 36.88 98.84 107.87 76.42 31.26 48.26 54.34 14.32 18.03 50.6 23.19 78.23 80.96 61.98 98.08 28.02 21.63 29.43 71.34 42.45 39.12 26.87 101.71 18.25 26.93 86.27 19.24 58.87 101.08 59.54 109.77 0.0 70.01 74.33 56.32 29.41 67.19 40.79 41.73 36.69 84.59 52.77 102.7 43.57 48.04 57.43 60.54 62.8 91.92 20.22 4.12 97.01 105.48 38.6 60.21 32.56 56.8 46.96 26.42 87.0 19.92 34.13 29.41 93.09 15.81 96.1 46.87 99.32 54.08 58.69 67.05 36.89 37.48 57.38 104.24 77.16 33.3 21.59 32.56 63.32 
55.9 71.78 47.01 17.03 68.73 57.87 32.76 41.44 35.74 40.5 73.38 39.85 78.89 71.57 83.93 83.82 23.85 12.04 9.22 39.66 45.8 88.68 70.06 33.54 44.1 32.39 84.29 38.63 80.99 96.66 23.77 74.55 11.18 46.86 34.53 58.8 70.01 0.0 7.21 14.87 59.41 43.0 58.69 36.22 76.53 40.71 37.34 53.04 28.16 29.41 38.28 49.82 36.12 21.93 62.29 69.57 41.87 35.47 34.13 24.41 63.13 47.17 52.33 78.06 34.06 50.16 62.51 89.45 35.61 85.8 54.38 25.5 33.02 53.24 11.4 6.08 57.2 39.01 12.65 39.29 27.2 90.09 91.42 101.12 6.71 
59.81 78.77 54.2 21.59 74.24 64.54 26.17 35.06 30.41 43.86 80.32 38.47 82.29 77.16 90.8 86.61 17.46 6.71 12.37 32.45 48.76 92.14 76.32 29.0 44.6 38.01 90.05 31.62 84.12 100.66 27.0 80.16 16.03 39.7 32.31 51.66 74.33 7.21 0.0 18.03 61.07 39.46 65.52 42.76 83.02 34.54 36.36 46.01 34.01 30.48 45.49 47.43 43.28 19.1 68.03 74.22 34.71 31.91 40.01 31.62 64.38 54.38 51.87 84.01 27.2 54.41 69.05 95.13 28.43 90.14 47.89 28.18 33.62 60.42 17.03 7.28 58.0 45.28 18.0 32.56 33.11 96.0 95.88 104.69 12.04 
41.79 65.86 44.6 29.55 57.0 50.16 43.1 52.15 32.56 25.94 67.12 28.02 64.41 60.01 76.97 69.07 26.0 24.7 5.83 45.61 31.06 74.24 60.42 28.6 29.97 21.59 73.06 47.17 66.37 82.64 37.12 63.01 5.1 51.08 24.52 62.18 56.32 14.87 18.03 0.0 44.6 34.79 51.88 28.65 67.72 39.7 25.08 55.57 18.38 15.23 37.44 39.05 37.58 36.36 51.16 56.29 46.24 49.65 24.04 25.63 48.41 45.45 38.9 67.36 36.67 36.4 54.08 78.01 40.8 72.12 53.81 10.63 47.63 50.21 7.0 10.77 42.72 30.08 6.08 49.0 36.12 79.23 77.88 86.76 8.6 
20.12 71.31 66.0 73.24 42.64 55.36 81.39 89.96 52.77 22.14 71.18 29.43 27.17 45.34 76.32 27.66 58.69 67.62 50.21 76.92 16.49 36.01 54.38 48.05 18.03 39.05 56.08 82.28 27.02 47.1 81.02 47.38 49.04 78.09 36.14 85.09 29.41 59.41 61.07 44.6 0.0 41.0 59.2 47.27 62.68 60.41 29.12 78.16 42.06 30.61 64.63 32.56 68.45 80.16 42.54 32.65 74.73 92.8 40.61 60.75 5.0 68.01 18.44 54.49 65.25 23.54 55.15 58.82 72.12 40.8 70.06 34.06 92.2 68.26 50.0 54.49 7.62 44.05 48.6 85.62 76.49 62.63 46.57 48.26 53.15 
53.14 94.76 77.7 60.01 75.58 77.83 48.17 55.23 14.21 39.96 95.52 13.0 68.07 78.72 103.86 68.26 26.42 43.68 36.5 39.12 40.31 77.01 83.76 11.66 24.74 49.68 91.39 46.23 68.01 88.05 66.27 81.44 39.29 38.28 10.82 44.18 67.19 43.0 39.46 34.79 41.0 0.0 80.61 59.2 92.09 20.25 15.26 37.34 48.83 25.5 71.55 10.82 72.24 55.71 72.2 69.26 35.78 65.0 52.5 60.41 41.3 78.89 23.35 87.66 27.8 51.43 80.28 95.27 35.0 80.89 29.15 32.2 72.53 82.66 41.48 37.01 34.13 58.8 40.8 50.33 69.46 98.09 86.83 89.14 40.45 
39.62 14.21 18.36 58.08 26.4 4.0 91.44 100.02 83.23 42.72 15.26 68.77 55.11 26.93 25.3 63.95 77.82 70.61 55.15 96.93 45.62 61.35 17.03 78.6 60.75 31.4 34.21 97.12 59.03 62.27 63.64 28.6 50.7 102.88 70.04 114.06 40.79 58.69 65.52 51.88 59.2 80.61 0.0 23.26 19.65 90.97 65.86 107.42 33.62 55.17 25.96 79.2 31.62 77.16 20.62 37.11 97.99 90.01 28.6 37.0 64.03 20.25 69.84 27.02 88.55 35.74 7.81 39.41 92.31 50.54 104.86 49.04 77.1 14.87 49.04 59.46 64.26 22.2 48.47 97.98 50.45 37.59 53.54 69.77 53.76 
32.2 37.22 19.65 39.22 34.93 21.84 68.88 77.65 60.44 26.08 38.47 48.37 54.41 37.34 48.47 61.91 54.56 48.26 31.95 73.74 31.02 63.13 34.01 55.97 42.72 9.85 49.24 74.22 57.69 68.12 46.1 40.16 27.51 79.62 48.41 90.82 41.73 36.22 42.76 28.65 47.27 59.2 23.26 0.0 40.31 68.01 45.28 84.22 10.63 33.84 17.46 59.48 21.93 56.22 27.86 39.7 74.73 69.58 7.28 18.87 52.24 21.38 52.63 42.58 65.3 26.0 26.31 54.57 69.08 56.22 82.01 27.02 59.62 23.71 25.96 36.4 50.04 4.24 25.3 75.31 35.61 54.59 61.03 74.25 30.81 
42.8 16.12 37.7 77.41 20.62 19.03 109.18 117.96 97.05 52.2 14.32 79.4 49.65 18.68 13.93 58.55 93.61 88.57 71.81 113.32 53.08 53.01 8.49 92.13 69.43 46.17 17.89 114.34 53.6 50.45 83.19 18.11 67.47 118.6 82.15 129.24 36.69 76.53 83.02 67.72 62.68 92.09 19.65 40.31 0.0 105.12 76.84 122.38 49.48 67.6 45.61 88.62 51.24 96.0 20.52 32.57 113.84 109.07 43.68 56.22 66.89 39.4 77.1 12.17 104.06 41.73 14.04 22.2 108.52 40.2 118.53 62.65 96.69 33.12 66.1 76.49 69.2 37.85 65.31 115.57 70.09 19.1 41.23 58.46 71.02 
69.87 105.12 84.15 55.97 90.8 88.84 31.78 37.2 8.25 54.82 106.23 31.06 87.09 93.96 115.6 87.97 17.09 35.69 38.29 19.8 56.72 96.33 97.17 13.34 43.01 59.68 107.0 27.8 87.37 107.07 60.42 96.84 42.45 18.03 25.08 25.18 84.59 40.71 34.54 39.7 60.41 20.25 90.97 68.01 105.12 0.0 32.02 18.11 57.43 37.95 76.49 30.87 75.6 45.01 86.38 86.15 15.81 50.96 62.43 63.41 61.19 84.86 43.42 102.46 10.44 66.94 92.18 111.32 16.64 99.13 14.14 42.49 63.0 89.87 44.6 36.06 53.94 68.8 44.55 32.2 67.62 113.6 105.12 108.66 41.4 
38.33 79.93 64.4 53.85 60.42 62.94 53.0 61.29 24.02 24.7 80.61 3.16 55.23 63.56 88.73 56.75 30.02 42.2 28.86 47.8 25.3 64.63 68.51 19.1 11.18 35.51 76.32 53.31 55.73 75.17 61.03 66.31 30.15 49.25 7.07 57.14 52.77 37.34 36.36 25.08 29.12 15.26 65.86 45.28 76.84 32.02 0.0 50.09 35.34 11.7 59.14 14.56 60.64 55.0 56.94 54.57 45.71 66.48 38.28 49.5 30.87 65.8 15.62 72.45 36.14 36.25 65.19 80.32 43.01 67.12 43.42 18.97 69.77 68.96 32.06 31.38 23.71 44.41 31.02 56.8 61.2 83.01 73.11 77.1 32.76 
87.97 121.43 99.02 65.73 108.67 105.55 31.4 32.25 26.31 72.78 122.67 49.0 105.02 111.83 132.38 105.57 30.0 44.65 53.01 16.49 74.81 114.16 114.59 31.4 61.01 76.49 124.91 24.02 105.17 125.02 68.43 114.73 57.43 8.06 43.19 7.07 102.7 53.04 46.01 55.57 78.16 37.34 107.42 84.22 122.38 18.11 50.09 0.0 73.82 55.79 90.79 47.3 89.11 49.98 104.04 104.24 12.08 51.16 79.16 77.16 78.64 99.49 60.67 120.21 19.21 84.93 109.17 129.29 18.36 117.21 11.31 59.81 67.45 105.0 59.41 49.68 71.45 85.42 59.64 28.02 78.24 131.47 123.2 126.4 55.44 
31.11 47.71 29.07 35.23 40.61 31.78 60.13 69.07 49.82 19.92 48.88 38.48 54.49 43.42 58.6 60.96 44.38 40.05 22.36 63.89 25.63 63.89 42.43 45.34 34.23 4.47 56.14 64.94 57.28 70.49 42.8 46.39 18.11 69.46 38.01 80.5 43.57 28.16 34.01 18.38 42.06 48.83 33.62 10.63 49.48 57.43 35.34 73.82 0.0 23.71 24.33 49.77 27.02 49.48 34.13 42.49 64.62 63.06 6.0 18.79 46.84 30.46 44.28 50.0 55.04 24.76 35.74 61.29 59.14 59.06 71.4 16.64 55.76 33.84 17.0 27.17 43.42 11.7 16.03 66.37 35.23 62.01 64.4 75.8 22.0 
33.02 69.35 52.77 44.78 52.89 52.5 51.87 60.73 29.73 17.12 70.18 14.87 53.45 56.04 78.82 56.8 30.27 37.01 20.25 50.04 20.22 63.25 59.48 24.7 14.76 24.21 69.12 53.94 54.78 72.78 52.33 58.94 20.25 53.34 14.87 62.82 48.04 29.41 30.48 15.23 30.61 25.5 55.17 33.84 67.6 37.95 11.7 55.79 23.71 0.0 47.43 26.25 49.03 49.58 48.47 49.04 49.09 62.2 27.02 38.12 33.94 54.13 23.77 64.51 39.05 29.27 55.22 73.55 45.04 63.39 50.99 7.28 62.43 57.45 21.84 24.08 27.8 33.3 20.62 56.75 50.8 75.69 69.35 75.89 23.71 
49.4 36.06 9.22 33.24 47.51 27.31 69.86 77.83 69.81 43.05 38.01 62.3 70.83 49.2 49.01 78.71 60.88 49.19 38.21 77.94 48.26 79.06 42.05 66.03 58.55 26.0 59.06 76.48 74.3 82.81 38.05 51.61 34.06 85.0 60.84 96.83 57.43 38.28 45.49 37.44 64.63 71.55 25.96 17.46 45.61 76.49 59.14 90.79 24.33 47.43 0.0 73.68 5.83 53.37 40.36 54.82 80.0 65.49 24.08 13.89 69.58 8.94 68.59 51.88 71.59 43.32 32.7 64.41 73.82 70.77 90.61 40.16 51.35 15.52 31.89 41.11 67.03 21.19 32.02 76.56 24.52 63.16 74.97 89.5 35.38 
47.51 93.09 78.79 66.75 70.72 76.06 58.69 65.95 25.0 36.8 93.61 11.4 59.68 73.78 101.12 59.0 36.4 52.39 42.11 49.93 35.61 68.18 80.16 21.93 19.21 49.65 85.96 57.01 59.21 79.51 73.55 76.32 44.01 48.85 15.3 53.94 60.54 49.82 47.43 39.05 32.56 10.82 79.2 59.48 88.62 30.87 14.56 47.3 49.77 26.25 73.68 0.0 75.19 64.85 68.25 63.07 46.53 74.89 52.35 63.95 32.02 80.23 14.14 82.93 38.6 47.01 77.83 89.44 45.8 73.25 38.12 33.53 80.99 83.19 46.04 43.74 25.18 58.31 45.1 61.07 75.01 92.66 79.08 80.01 46.1 
54.13 41.01 14.04 28.86 53.26 33.11 66.65 74.32 69.34 46.53 43.05 63.79 76.01 55.0 54.04 83.73 59.46 46.32 37.44 75.6 51.97 84.4 47.85 65.86 61.07 29.43 64.88 73.57 79.4 88.41 33.02 57.43 33.62 82.98 61.68 94.92 62.8 36.12 43.28 37.58 68.45 72.24 31.62 21.93 51.24 75.6 60.64 89.11 27.02 49.03 5.83 75.19 0.0 49.34 46.1 60.31 77.99 61.0 27.89 12.21 73.35 13.04 71.11 57.71 70.01 47.93 38.48 70.24 71.7 76.38 89.64 41.77 46.1 20.02 31.38 39.7 70.35 25.94 31.76 73.36 19.1 68.94 80.66 95.02 34.21 
77.82 89.11 62.59 20.62 90.03 77.01 20.0 25.81 43.93 62.27 90.93 56.86 100.72 92.76 101.83 105.39 29.83 12.81 30.53 33.62 67.42 110.54 90.2 44.27 63.66 53.85 105.22 28.02 102.73 118.6 19.8 95.71 33.11 42.15 50.25 53.67 91.92 21.93 19.1 36.36 80.16 55.71 77.16 56.22 96.0 45.01 55.0 49.98 49.48 49.58 53.37 64.85 49.34 0.0 83.36 91.42 37.95 13.6 55.32 40.31 83.49 62.1 70.6 98.73 35.06 72.09 82.01 110.48 32.02 107.7 55.73 46.87 18.03 68.88 33.24 25.81 77.08 59.54 34.54 26.17 32.76 110.77 113.3 123.0 28.64 
22.47 29.61 35.81 67.07 7.21 16.76 94.01 103.0 78.19 32.25 29.12 59.36 34.53 9.49 33.84 43.42 76.3 74.17 56.01 96.34 32.65 40.85 12.04 73.16 49.04 30.02 22.02 98.33 38.47 42.8 73.93 12.37 52.01 100.9 62.61 111.02 20.22 62.29 68.03 51.16 42.54 72.2 20.62 27.86 20.52 86.38 56.94 104.04 34.13 48.47 40.36 68.25 46.1 83.36 0.0 16.49 96.32 96.88 28.16 46.52 46.96 38.01 56.59 16.28 86.35 21.26 14.0 27.17 91.41 30.81 99.4 44.38 87.46 34.44 51.09 61.0 48.83 24.04 50.04 100.08 62.77 28.07 34.66 49.93 56.08 
16.28 45.04 51.48 77.52 12.17 33.24 99.14 108.19 77.93 32.0 44.18 56.32 18.11 13.93 46.49 27.07 79.03 80.78 61.85 99.0 29.43 24.6 25.32 72.84 44.6 38.01 23.43 102.31 22.09 28.43 84.91 15.26 58.52 102.31 61.19 111.31 4.12 69.57 74.22 56.29 32.65 69.26 37.11 39.7 32.57 86.15 54.57 104.24 42.49 49.04 54.82 63.07 60.31 91.42 16.49 0.0 98.13 105.0 37.22 58.41 36.07 53.71 49.74 22.47 88.09 20.1 30.27 26.42 94.0 16.64 97.98 47.27 98.11 50.7 58.19 66.94 40.0 35.47 56.92 104.69 75.29 30.0 21.93 34.71 62.94 
82.02 111.8 88.48 53.82 101.43 96.38 20.0 22.85 22.14 66.19 113.16 45.35 100.84 104.56 123.17 102.39 20.25 32.8 42.94 5.1 69.0 110.32 106.32 26.68 56.89 67.68 117.71 13.6 101.43 120.7 56.36 107.52 47.41 5.0 38.64 16.97 97.01 41.87 34.71 46.24 74.73 35.78 97.99 74.73 113.84 15.81 45.71 12.08 64.62 49.09 80.0 46.53 77.99 37.95 96.32 98.13 0.0 40.01 70.23 66.22 75.96 88.81 58.52 112.59 10.05 78.31 100.3 122.33 6.4 112.07 19.24 51.97 55.54 94.58 49.24 39.12 68.68 76.32 49.65 18.03 66.4 124.15 118.07 122.81 44.94 
91.29 101.49 74.67 32.25 103.59 90.05 20.02 20.62 51.89 75.59 103.39 68.01 114.06 106.3 114.35 118.51 38.59 25.24 43.83 35.0 80.62 123.89 103.48 53.34 75.82 67.45 118.7 27.17 115.97 132.1 28.79 109.24 46.62 43.1 61.07 53.15 105.48 35.47 31.91 49.65 92.8 65.0 90.01 69.58 109.07 50.96 66.48 51.16 63.06 62.2 65.49 74.89 61.0 13.6 96.88 105.0 40.01 0.0 68.88 53.01 95.9 73.98 82.07 112.15 40.52 85.62 95.13 123.97 35.36 121.26 59.14 60.03 19.8 80.89 46.82 38.95 89.27 72.99 48.1 23.54 43.01 124.17 126.87 136.4 42.15 
27.2 42.8 26.93 40.31 34.71 26.42 66.12 75.06 54.64 19.0 43.83 41.34 50.25 37.48 53.24 57.2 49.98 46.04 28.28 69.64 24.19 59.41 36.5 50.0 35.44 2.83 50.16 70.86 53.26 65.46 47.71 40.45 24.08 75.03 41.77 85.91 38.6 34.13 40.01 24.04 40.61 52.5 28.6 7.28 43.68 62.43 38.28 79.16 6.0 27.02 24.08 52.35 27.89 55.32 28.16 37.22 70.23 68.88 0.0 22.02 45.54 28.64 45.35 44.0 60.54 20.81 30.08 55.33 64.85 53.85 76.28 20.52 60.9 30.87 23.0 33.14 43.0 6.4 22.02 72.34 38.95 56.01 59.06 71.06 28.0 
49.2 48.84 22.85 21.21 53.67 37.22 56.08 64.2 57.14 38.63 50.64 52.61 72.25 55.95 61.52 79.2 47.38 35.34 25.24 64.07 44.38 81.32 51.2 53.71 51.16 22.47 67.36 62.61 75.29 86.83 27.51 58.69 21.47 71.22 50.0 83.1 60.21 24.41 31.62 25.63 60.75 60.41 37.0 18.87 56.22 63.41 49.5 77.16 18.79 38.12 13.89 63.95 12.21 40.31 46.52 58.41 66.22 53.01 22.02 0.0 65.46 22.83 61.07 60.44 58.0 42.8 42.43 72.73 60.0 75.0 77.47 31.02 41.11 29.15 19.24 27.59 61.61 23.02 19.7 62.77 16.97 72.28 79.88 92.76 22.02 
24.7 75.96 71.0 77.39 46.62 60.17 83.73 92.13 53.85 26.93 75.77 30.68 28.16 49.2 80.62 27.02 60.83 70.84 53.91 78.43 21.38 36.22 58.67 49.34 20.25 43.93 59.41 84.17 27.29 47.68 85.15 51.09 53.01 79.08 37.7 85.48 32.56 63.13 64.38 48.41 5.0 41.3 64.03 52.24 66.89 61.19 30.87 78.64 46.84 33.94 69.58 32.02 73.35 83.49 46.96 36.07 75.96 95.9 45.54 65.46 0.0 73.01 18.03 58.26 66.73 28.44 59.81 61.85 73.74 42.54 70.03 38.01 96.05 73.25 54.08 58.0 7.28 49.04 52.7 87.66 81.02 65.86 48.1 48.0 57.01 
50.99 28.07 2.24 41.77 44.82 22.67 78.79 86.73 77.99 47.38 30.15 68.94 70.77 46.01 41.11 79.12 69.53 58.14 46.69 86.82 52.09 78.29 37.2 74.03 64.03 31.05 54.41 85.42 74.46 80.8 46.04 48.08 42.43 93.81 68.1 105.6 56.8 47.17 54.38 45.45 68.01 78.89 20.25 21.38 39.4 84.86 65.8 99.49 30.46 54.13 8.94 80.23 13.04 62.1 38.01 53.71 88.81 73.98 28.64 22.83 73.01 0.0 73.98 47.2 80.28 45.4 27.8 59.64 82.66 68.82 99.01 46.96 59.03 7.0 40.31 49.82 71.25 24.02 40.31 85.49 32.02 57.8 72.47 87.92 44.05 
34.83 83.22 72.28 68.35 58.26 66.37 68.01 76.01 36.4 27.31 83.49 14.21 45.54 61.22 90.14 45.04 45.0 57.8 43.46 61.33 24.41 54.08 68.62 32.2 10.05 42.95 72.95 67.6 45.1 65.38 75.77 63.6 43.97 61.4 21.4 67.48 46.96 52.33 51.87 38.9 18.44 23.35 69.84 52.63 77.1 43.42 15.62 60.67 44.28 23.77 68.59 14.14 71.11 70.6 56.59 49.74 58.52 82.07 45.35 61.07 18.03 73.98 0.0 70.43 49.66 35.47 67.42 76.16 56.8 59.2 52.01 30.27 85.09 75.89 45.61 46.53 11.05 50.6 44.38 71.34 74.53 79.61 65.0 66.01 47.17 
35.61 27.86 45.22 81.49 12.21 24.7 110.07 119.04 94.24 47.93 26.25 74.71 38.33 9.22 25.18 47.07 92.57 90.02 72.11 112.61 47.51 41.01 10.0 89.2 63.81 46.04 7.21 114.53 42.2 38.33 87.93 7.21 68.03 117.15 78.39 127.2 26.42 78.06 84.01 67.36 54.49 87.66 27.02 42.58 12.17 102.46 72.45 120.21 50.0 64.51 51.88 82.93 57.71 98.73 16.28 22.47 112.59 112.15 44.0 60.44 58.26 47.2 70.43 0.0 102.61 36.24 19.42 12.53 107.69 28.07 115.32 60.64 101.53 41.77 67.0 77.06 61.52 39.2 66.01 116.21 75.77 12.04 29.12 46.32 72.0 
72.01 102.47 79.81 47.85 91.41 86.82 21.47 27.59 13.6 56.14 103.77 36.06 91.08 94.54 113.64 92.89 10.82 26.93 33.84 11.7 59.01 100.62 96.46 17.46 47.3 57.94 107.69 18.44 91.78 110.89 51.55 97.49 38.28 14.56 29.12 25.55 87.0 34.06 27.2 36.67 65.25 27.8 88.55 65.3 104.06 10.44 36.14 19.21 55.04 39.05 71.59 38.6 70.01 35.06 86.35 88.09 10.05 40.52 60.54 58.0 66.73 80.28 49.66 102.61 0.0 68.26 90.62 112.29 7.21 102.12 21.19 41.98 53.08 85.8 40.22 30.48 59.46 66.71 40.5 22.63 60.03 114.14 108.12 113.16 36.24 
6.4 48.3 43.29 59.82 24.17 31.95 79.08 88.12 58.69 12.17 48.37 38.47 29.73 27.31 54.67 36.4 59.0 61.03 42.06 79.03 11.4 39.2 33.24 53.6 27.8 20.52 40.16 82.22 32.56 46.52 67.48 30.08 39.0 82.61 42.38 91.98 19.92 50.16 54.41 36.4 23.54 51.43 35.74 26.0 41.73 66.94 36.25 84.93 24.76 29.27 43.32 47.01 47.93 72.09 21.26 20.1 78.31 85.62 20.81 42.8 28.44 45.4 35.47 36.24 68.26 0.0 32.25 44.38 74.03 35.74 79.38 27.17 80.21 45.01 38.91 47.13 28.64 22.14 37.58 84.59 59.67 46.82 41.48 51.31 43.46 
35.11 16.16 25.81 63.64 18.97 5.39 95.19 103.95 84.22 41.04 16.12 67.94 48.37 19.24 23.6 57.31 80.06 74.55 57.97 99.62 43.01 54.12 9.43 79.4 58.9 32.7 26.63 100.44 52.35 54.59 69.63 20.81 53.6 105.11 70.0 115.95 34.13 62.51 69.05 54.08 55.15 80.28 7.81 26.31 14.04 92.18 65.19 109.17 35.74 55.22 32.7 77.83 38.48 82.01 14.0 30.27 100.3 95.13 30.08 42.43 59.81 27.8 67.42 19.42 90.62 32.25 0.0 31.91 94.87 42.95 105.82 49.74 83.2 22.67 52.17 62.59 60.83 24.04 51.42 101.61 56.92 30.46 45.79 62.17 57.07 
42.15 38.28 57.69 93.68 21.02 37.22 121.02 130.03 103.08 56.52 36.36 82.28 37.44 18.0 32.02 45.18 102.59 101.32 83.02 122.69 55.03 37.0 22.47 97.98 70.77 57.14 5.39 125.1 40.82 31.02 100.24 15.0 79.1 126.75 86.68 136.34 29.41 89.45 95.13 78.01 58.82 95.27 39.41 54.57 22.2 111.32 80.32 129.29 61.29 73.55 64.41 89.44 70.24 110.48 27.17 26.42 122.33 123.97 55.33 72.73 61.85 59.64 76.16 12.53 112.29 44.38 31.91 0.0 117.72 23.77 123.66 70.46 113.84 54.04 78.23 88.05 66.29 50.99 77.16 127.0 88.24 5.1 22.2 39.0 83.22 
78.06 106.02 82.38 47.43 96.75 90.82 15.52 20.62 20.81 62.0 107.42 43.08 97.67 99.85 117.55 99.72 15.13 26.4 37.16 5.0 65.19 107.28 101.14 24.6 54.12 62.36 113.0 11.31 98.49 117.39 50.09 102.83 41.63 11.31 36.06 23.35 93.09 35.61 28.43 40.8 72.12 35.0 92.31 69.08 108.52 16.64 43.01 18.36 59.14 45.04 73.82 45.8 71.7 32.02 91.41 94.0 6.4 35.36 64.85 60.0 73.74 82.66 56.8 107.69 7.21 74.03 94.87 117.72 0.0 108.37 24.02 47.27 49.82 88.51 43.38 33.12 66.48 70.84 43.86 15.62 60.0 119.36 114.35 119.85 38.95 
30.59 55.32 66.61 94.15 24.19 47.01 114.54 123.56 91.05 46.87 53.94 68.36 15.0 23.77 53.01 21.63 93.65 96.77 77.79 113.36 43.19 13.34 35.44 86.02 56.32 54.59 24.33 117.24 17.69 12.04 101.55 22.8 74.67 116.0 74.06 124.26 15.81 85.8 90.14 72.12 40.8 80.89 50.54 56.22 40.2 99.13 67.12 117.21 59.06 63.39 70.77 73.25 76.38 107.7 30.81 16.64 112.07 121.26 53.85 75.0 42.54 68.82 59.2 28.07 102.12 35.74 42.95 23.77 108.37 0.0 110.03 62.59 114.74 65.0 74.46 82.86 48.38 52.01 73.16 119.85 91.83 28.79 6.0 19.24 79.12 
81.74 119.04 98.29 68.94 103.46 102.63 39.12 41.76 21.63 67.42 120.1 41.77 97.19 106.63 129.32 97.05 30.53 48.1 52.4 24.33 68.68 106.02 110.46 26.42 53.76 73.5 119.54 32.76 97.02 117.15 72.73 109.44 56.59 17.46 37.0 16.55 96.1 54.38 47.89 53.81 70.06 29.15 104.86 82.01 118.53 14.14 43.42 11.31 71.4 50.99 90.61 38.12 89.64 55.73 99.4 97.98 19.24 59.14 76.28 77.47 70.03 99.01 52.01 115.32 21.19 79.38 105.82 123.66 24.02 110.03 0.0 56.08 73.68 104.0 58.73 50.0 63.0 82.66 58.69 37.11 80.95 126.19 115.97 118.02 55.44 
32.02 63.25 45.65 39.45 49.5 46.62 51.97 61.0 34.48 15.81 64.2 22.14 54.13 52.61 73.25 58.52 32.14 34.89 16.4 52.24 20.59 63.98 54.78 29.68 20.62 17.69 65.76 55.08 55.95 72.73 47.17 55.58 15.0 56.52 21.4 66.73 46.87 25.5 28.18 10.63 34.06 32.2 49.04 27.02 62.65 42.49 18.97 59.81 16.64 7.28 40.16 33.53 41.77 46.87 44.38 47.27 51.97 60.03 20.52 31.02 38.01 46.96 30.27 60.64 41.98 27.17 49.74 70.46 47.27 62.59 56.08 0.0 58.14 50.48 16.12 21.1 32.65 26.91 14.76 57.43 44.38 72.18 68.45 76.56 19.1 
86.4 87.09 60.13 20.59 94.54 77.88 36.4 39.66 61.52 72.18 89.14 72.01 109.81 96.93 100.12 115.52 47.38 28.86 42.2 50.96 77.79 119.4 92.18 61.39 77.1 60.21 108.47 44.38 112.29 126.25 13.6 99.72 43.19 59.48 65.92 70.58 99.32 33.02 33.62 47.63 92.2 72.53 77.1 59.62 96.69 63.0 69.77 67.45 55.76 62.43 51.35 80.99 46.1 18.03 87.46 98.11 55.54 19.8 60.9 41.11 96.05 59.03 85.09 101.53 53.08 80.21 83.2 113.84 49.82 114.74 73.68 58.14 0.0 66.03 42.43 38.59 90.21 63.56 43.84 41.59 27.02 113.32 119.95 131.49 39.05 
50.09 21.1 6.32 48.66 40.82 18.03 85.23 93.3 82.73 48.76 23.19 72.07 68.31 41.62 34.13 76.92 75.0 64.47 52.01 92.78 52.95 75.24 31.83 78.57 66.13 33.54 48.92 91.71 72.12 76.85 53.04 43.42 47.63 99.57 71.85 111.25 54.08 53.24 60.42 50.21 68.26 82.66 14.87 23.71 33.12 89.87 68.96 105.0 33.84 57.45 15.52 83.19 20.02 68.88 34.44 50.7 94.58 80.89 30.87 29.15 73.25 7.0 75.89 41.77 85.8 45.01 22.67 54.04 88.51 65.0 104.0 50.48 66.03 0.0 45.61 55.47 72.18 25.3 45.45 91.92 39.01 51.87 68.24 84.22 49.65 
44.78 62.65 39.7 23.32 57.43 47.8 43.19 52.09 38.01 29.83 64.08 35.01 67.96 60.3 74.33 73.25 29.41 23.09 6.4 47.93 35.38 77.7 59.3 34.48 36.4 21.1 73.11 48.27 70.21 85.43 31.06 63.29 2.24 54.2 31.4 65.73 58.69 11.4 17.03 7.0 50.0 41.48 49.04 25.96 66.1 44.6 32.06 59.41 17.0 21.84 31.89 46.04 31.38 33.24 51.09 58.19 49.24 46.82 23.0 19.24 54.08 40.31 45.61 67.0 40.22 38.91 52.17 78.23 43.38 74.46 58.73 16.12 42.43 45.61 0.0 10.44 48.76 28.28 1.41 49.5 29.15 79.01 80.06 90.05 5.0 
52.55 73.01 49.41 23.09 67.12 58.24 33.02 42.0 30.46 36.67 74.46 33.84 75.13 70.06 84.76 79.61 19.8 13.93 5.1 37.58 41.68 84.97 69.58 27.89 38.6 31.02 83.01 37.85 77.03 93.41 29.83 73.06 9.06 44.1 28.44 55.8 67.05 6.08 7.28 10.77 54.49 37.01 59.46 36.4 76.49 36.06 31.38 49.68 27.17 24.08 41.11 43.74 39.7 25.81 61.0 66.94 39.12 38.95 33.14 27.59 58.0 49.82 46.53 77.06 30.48 47.13 62.59 88.05 33.12 82.86 50.0 21.1 38.59 55.47 10.44 0.0 51.86 38.64 11.18 39.2 32.76 89.02 88.6 97.51 5.83 
26.4 76.92 69.35 72.07 49.52 60.54 76.66 85.0 46.57 24.0 76.94 23.41 34.53 52.33 82.66 34.13 53.71 64.35 48.01 71.17 19.24 43.05 60.8 42.06 13.45 41.05 63.41 76.97 34.06 54.33 79.76 54.49 47.51 71.81 30.46 78.31 36.89 57.2 58.0 42.72 7.62 34.13 64.26 50.04 69.2 53.94 23.71 71.45 43.42 27.8 67.03 25.18 70.35 77.08 48.83 40.0 68.68 89.27 43.0 61.61 7.28 71.25 11.05 61.52 59.46 28.64 60.83 66.29 66.48 48.38 63.0 32.65 90.21 72.18 48.76 51.86 0.0 47.27 47.41 80.5 76.55 70.0 54.12 55.04 51.31 
28.23 36.4 22.09 43.08 31.02 20.12 71.45 80.31 61.03 23.54 37.44 47.43 50.22 33.53 46.96 57.8 56.08 51.04 33.96 75.58 28.07 58.9 31.06 56.4 40.85 9.22 45.71 76.49 53.54 63.89 50.09 36.4 29.61 81.15 48.1 92.14 37.48 39.01 45.28 30.08 44.05 58.8 22.2 4.24 37.85 68.8 44.41 85.42 11.7 33.3 21.19 58.31 25.94 59.54 24.04 35.47 76.32 72.99 6.4 23.02 49.04 24.02 50.6 39.2 66.71 22.14 24.04 50.99 70.84 52.01 82.66 26.91 63.56 25.3 28.28 38.64 47.27 0.0 27.46 77.78 39.82 51.24 56.86 70.01 33.24 
43.42 62.17 39.62 24.7 56.32 47.13 44.1 53.04 37.8 28.43 63.56 34.0 66.57 59.21 73.74 71.84 29.68 24.19 6.71 48.47 33.97 76.32 58.42 34.13 35.11 20.02 72.06 49.03 68.82 84.1 32.45 62.2 2.24 54.59 30.59 66.04 57.38 12.65 18.0 6.08 48.6 40.8 48.47 25.3 65.31 44.55 31.02 59.64 16.03 20.62 32.02 45.1 31.76 34.54 50.04 56.92 49.65 48.1 22.02 19.7 52.7 40.31 44.38 66.01 40.5 37.58 51.42 77.16 43.86 73.16 58.69 14.76 43.84 45.45 1.41 11.18 47.41 27.46 0.0 50.36 30.27 78.0 78.77 88.68 6.08 
