70
0.0 21.84 13.6 44.2 38.9 36.24 71.51 73.44 61.06 57.38 76.84 46.39 41.44 79.85 61.68 58.08 49.74 30.89 74.03 47.04 88.24 10.44 80.16 50.92 16.76 15.26 28.64 32.56 23.02 32.25 47.04 55.66 87.82 70.46 52.48 36.5 17.03 13.0 30.02 9.43 79.31 38.91 44.18 47.43 70.46 13.45 75.58 22.02 4.12 77.67 2.83 63.2 39.7 22.09 23.77 31.05 75.58 29.83 50.45 39.2 69.89 19.72 35.38 11.31 28.02 14.87 79.56 33.11 74.17 10.44 
21.84 0.0 12.81 41.44 17.09 38.21 62.77 53.85 49.04 49.19 66.61 27.73 20.0 64.07 44.94 37.12 38.01 33.54 63.82 27.2 72.67 24.08 60.02 66.03 38.6 14.76 7.0 40.85 36.4 23.09 57.78 39.41 74.33 49.04 40.8 19.21 38.33 34.79 21.59 29.53 63.82 55.9 52.81 51.35 50.96 34.44 58.67 24.04 24.17 59.24 24.35 42.01 33.24 36.24 32.65 38.28 61.07 44.82 33.29 20.59 58.26 38.21 30.41 13.15 8.6 10.77 61.74 50.21 53.01 11.4 
13.6 12.81 0.0 34.01 28.84 28.28 59.46 60.13 48.01 45.34 64.38 33.06 29.73 66.31 48.08 45.54 36.62 23.09 61.55 34.06 74.73 11.66 67.01 53.25 29.02 17.72 18.03 28.86 23.6 19.21 45.54 42.06 74.63 58.25 39.41 23.09 30.41 25.02 17.03 18.44 65.8 43.14 41.0 41.05 57.14 23.54 61.98 13.04 14.0 64.13 15.13 50.8 27.8 23.43 20.25 26.48 62.18 32.02 36.88 26.0 57.01 33.11 23.85 13.0 15.81 14.14 65.97 37.48 61.66 7.62 
44.2 41.44 34.01 0.0 48.05 10.44 29.07 53.34 25.18 16.28 35.47 34.67 43.32 47.27 36.24 49.04 18.87 14.42 32.89 38.59 54.0 34.66 60.9 45.88 52.43 51.62 41.01 21.21 30.46 19.03 31.38 31.62 49.82 60.81 19.7 30.36 56.85 49.2 20.02 41.87 46.17 44.0 24.7 15.62 50.77 45.22 46.57 22.2 41.77 52.55 43.93 53.81 9.49 31.78 24.19 19.65 41.05 34.53 31.83 33.24 31.26 62.94 11.05 47.01 36.01 47.76 52.2 41.3 61.72 41.63 
38.9 17.09 28.84 48.05 0.0 48.33 62.1 41.18 46.49 50.36 64.26 20.12 7.21 55.97 37.2 22.85 37.48 44.78 61.68 17.2 64.38 40.5 46.24 80.72 55.66 29.02 10.82 53.82 51.66 29.41 70.72 33.12 68.24 33.24 39.81 18.03 55.11 51.87 29.15 46.52 56.08 71.59 65.0 61.1 38.59 51.48 49.5 37.01 41.23 48.01 41.44 26.93 38.64 51.74 46.75 51.04 54.64 60.14 26.83 16.12 55.15 54.04 37.64 29.27 14.21 26.08 51.22 66.07 37.66 28.46 
36.24 38.21 28.28 10.44 48.33 0.0 39.4 60.93 35.0 26.68 45.88 38.95 44.94 57.04 44.27 53.91 26.93 5.39 43.32 42.43 64.07 26.08 68.54 37.58 42.64 45.89 39.56 11.0 20.12 19.42 24.21 39.0 60.21 66.4 28.44 32.2 47.38 39.62 19.24 32.56 56.01 34.13 17.69 13.15 58.18 35.47 55.73 15.3 33.29 61.13 35.51 59.03 14.32 21.47 14.21 9.22 51.01 24.19 37.74 35.61 41.59 54.04 12.04 41.0 34.79 42.43 61.19 31.06 67.96 35.69 
71.51 62.77 59.46 29.07 62.1 39.4 0.0 44.72 16.03 14.14 7.0 42.58 55.32 27.66 30.59 51.24 25.08 43.42 5.39 46.39 30.87 62.8 50.77 70.0 81.3 75.8 59.51 49.65 59.51 40.61 55.01 31.0 23.35 58.52 22.47 45.31 85.45 77.94 42.64 70.46 26.25 71.2 49.16 38.12 43.46 74.09 31.4 49.82 69.66 39.41 71.7 53.94 31.83 60.84 53.24 48.47 21.21 62.94 36.22 46.17 10.3 90.91 36.12 71.84 55.01 71.61 36.88 69.38 57.01 66.71 
73.44 53.85 60.13 53.34 41.18 60.93 44.72 0.0 31.89 42.43 42.06 27.07 34.93 22.02 17.2 18.6 34.48 61.03 40.85 26.68 28.16 70.03 7.62 98.49 89.05 68.31 47.13 71.17 75.5 45.71 84.53 21.93 36.12 16.28 33.84 37.05 90.45 85.05 47.52 78.0 23.0 93.96 77.83 68.8 3.0 83.01 15.03 59.68 74.11 8.54 75.24 16.4 46.62 76.3 68.66 68.62 25.5 82.71 24.33 34.23 34.44 91.78 49.65 66.94 45.89 64.56 12.65 89.74 13.04 63.95 
61.06 49.04 48.01 25.18 46.49 35.0 16.03 31.89 0.0 10.82 17.89 26.68 39.56 22.09 15.65 35.51 11.4 37.34 15.23 30.41 29.15 53.71 38.9 70.83 73.16 62.94 44.94 46.0 53.76 28.84 56.04 15.03 26.83 43.86 8.6 30.53 76.49 69.46 31.06 61.85 21.02 69.07 49.48 39.22 30.0 66.13 21.93 40.85 59.94 28.84 61.77 38.6 22.8 54.92 46.87 44.05 16.03 59.08 20.22 30.87 9.22 80.78 27.2 59.46 40.8 58.69 27.73 66.03 43.05 54.67 
57.38 49.19 45.34 16.28 50.36 26.68 14.14 42.43 10.82 0.0 19.72 32.14 44.05 32.02 25.61 43.66 13.0 30.08 17.0 36.22 38.12 48.83 49.58 60.83 67.6 61.85 46.49 37.48 46.49 26.63 45.89 23.26 33.54 53.34 11.18 32.76 71.56 64.14 28.6 56.6 30.81 60.07 39.46 28.86 40.36 60.42 32.65 35.81 55.61 39.66 57.63 47.42 17.69 47.76 39.92 35.9 25.5 50.8 26.68 34.23 15.03 76.84 22.02 57.8 41.79 57.69 38.47 57.56 53.01 52.63 
76.84 66.61 64.38 35.47 64.26 45.88 7.0 42.06 17.89 19.72 0.0 44.27 57.25 22.8 30.02 51.04 28.6 49.66 2.83 47.8 24.7 68.51 47.42 77.0 87.32 80.16 62.77 56.32 65.92 45.25 62.01 31.78 16.49 56.89 25.81 48.37 91.27 83.86 47.38 76.32 21.4 78.09 56.14 45.1 41.23 80.13 27.73 55.47 75.21 35.78 77.2 53.08 37.2 67.23 59.51 55.03 17.0 69.64 37.64 48.75 9.22 96.4 41.62 76.42 58.52 75.93 32.76 76.16 54.82 71.42 
46.39 27.73 33.06 34.67 20.12 38.95 42.58 27.07 26.68 32.14 44.27 0.0 13.0 36.88 17.69 15.0 19.24 37.44 41.76 4.12 45.45 43.19 34.01 75.72 62.01 42.49 21.63 47.71 49.98 20.59 63.13 13.04 48.41 27.78 21.02 10.0 63.39 58.01 21.93 51.04 36.8 69.35 56.64 49.82 24.08 56.08 31.06 33.84 47.04 31.62 48.17 20.25 25.61 50.6 43.46 44.94 34.83 57.78 6.71 7.28 35.11 65.0 26.91 40.5 19.31 38.48 34.01 64.62 30.08 37.11 
41.44 20.0 29.73 43.32 7.21 44.94 55.32 34.93 39.56 44.05 57.25 13.0 0.0 48.84 30.0 17.26 31.06 42.01 54.71 10.0 57.28 41.23 40.52 79.25 58.05 33.73 13.0 51.66 51.04 25.55 68.25 25.94 61.03 29.07 33.24 13.0 58.22 54.13 25.81 48.08 48.92 71.03 62.2 57.25 32.2 53.16 42.45 35.47 43.17 41.34 43.74 22.02 33.84 51.31 45.45 48.84 47.43 59.41 19.7 10.2 48.1 58.14 33.54 33.06 13.93 30.27 44.41 65.73 33.02 31.14 
79.85 64.07 66.31 47.27 55.97 57.04 27.66 22.02 22.09 32.02 22.8 36.88 48.84 0.0 19.21 36.67 31.4 59.08 22.63 38.9 8.6 73.76 25.71 92.76 93.41 78.77 58.41 68.03 75.33 48.08 77.88 24.7 14.14 38.21 29.15 44.94 96.14 89.56 50.29 82.01 1.41 91.14 71.39 60.88 22.36 86.59 7.28 61.39 79.38 14.14 80.99 36.69 44.18 76.42 68.36 66.0 6.71 81.01 30.81 43.6 18.36 99.4 48.37 76.16 55.47 74.63 10.44 88.0 35.0 72.01 
61.68 44.94 48.08 36.24 37.2 44.27 30.59 17.2 15.65 25.61 30.02 17.69 30.0 19.21 0.0 21.02 17.46 44.91 28.02 20.0 27.8 56.57 24.7 81.71 76.12 59.68 39.2 54.82 60.21 31.06 67.54 6.08 31.06 28.23 16.64 25.94 78.34 72.18 33.14 64.78 19.1 77.88 60.84 51.62 14.87 69.58 13.93 45.01 61.61 17.12 63.06 23.35 30.08 61.13 53.24 52.39 17.49 66.91 11.66 24.41 21.02 80.99 33.54 57.25 36.36 55.57 18.11 73.98 27.46 53.31 
58.08 37.12 45.54 49.04 22.85 53.91 51.24 18.6 35.51 43.66 51.04 15.0 17.26 36.67 21.02 0.0 31.76 52.43 49.0 12.08 44.42 56.52 23.41 90.7 74.43 50.99 30.15 62.68 64.47 35.51 78.1 20.62 50.33 13.0 32.7 23.77 75.03 70.46 36.72 63.95 37.16 84.08 71.59 64.44 16.28 69.05 29.53 48.33 59.41 26.17 60.21 5.39 40.31 65.0 58.14 59.91 37.36 72.45 17.49 20.25 42.0 75.33 41.87 50.25 30.07 47.52 29.83 79.2 16.12 48.0 
49.74 38.01 36.62 18.87 37.48 26.93 25.08 34.48 11.4 13.0 28.6 19.24 31.06 31.4 17.46 31.76 0.0 28.07 25.81 23.35 39.29 42.72 42.06 64.26 62.3 51.66 34.44 37.66 44.05 17.49 50.09 12.81 38.08 42.64 2.83 20.25 65.39 58.52 19.72 50.92 30.59 60.83 43.38 34.41 31.91 55.36 29.07 30.08 48.75 34.21 50.54 36.06 13.04 45.1 37.05 35.36 26.25 50.16 14.32 21.38 20.52 69.46 17.03 48.1 30.02 47.42 34.37 57.22 43.14 43.28 
30.89 33.54 23.09 14.42 44.78 5.39 43.42 61.03 37.34 30.08 49.66 37.44 42.01 59.08 44.91 52.43 28.07 0.0 47.01 40.61 66.48 20.81 68.62 38.28 38.01 40.61 35.47 10.3 16.49 17.03 26.25 39.29 63.32 65.19 30.0 29.7 42.52 34.83 16.28 27.59 58.14 32.98 20.25 18.0 58.19 30.81 57.14 10.05 28.02 61.98 30.23 57.69 15.03 17.72 9.85 7.62 53.34 22.09 37.16 33.24 44.64 48.92 11.4 35.69 30.87 37.22 62.39 29.15 67.12 30.41 
74.03 63.82 61.55 32.89 61.68 43.32 5.39 40.85 15.23 17.0 2.83 41.76 54.71 22.63 28.02 49.0 25.81 47.01 0.0 45.35 25.5 65.73 46.53 75.03 84.6 77.34 60.03 53.85 63.32 42.43 60.01 29.43 18.11 55.32 23.02 45.65 88.51 81.12 44.55 73.57 21.21 75.8 54.04 43.01 39.85 77.41 26.93 52.7 72.42 34.99 74.4 51.24 34.41 64.62 56.86 52.5 16.4 67.19 35.17 46.1 7.0 93.6 38.83 73.59 55.76 73.11 32.2 73.76 53.45 68.59 
47.04 27.2 34.06 38.59 17.2 42.43 46.39 26.68 30.41 36.22 47.8 4.12 10.0 38.9 20.0 12.08 23.35 40.61 45.35 0.0 47.38 44.72 33.14 78.82 63.07 41.79 20.62 50.8 52.39 23.6 66.53 16.16 51.04 25.08 25.08 11.7 64.07 59.08 24.7 52.35 38.95 72.01 60.11 53.6 23.77 57.43 32.65 36.25 48.04 32.2 49.0 17.46 29.41 52.92 46.07 48.01 37.44 60.37 10.2 8.25 38.6 65.12 30.41 40.26 19.24 37.95 34.99 67.12 27.89 37.34 
88.24 72.67 74.73 54.0 64.38 64.07 30.87 28.16 29.15 38.12 24.7 45.45 57.28 8.6 27.8 44.42 39.29 66.48 25.5 47.38 0.0 81.91 30.02 98.86 101.53 87.37 67.01 75.06 82.87 56.3 83.86 33.29 10.3 44.38 36.88 53.54 104.4 97.72 58.52 90.14 8.94 98.0 77.52 66.75 29.15 94.64 15.0 69.38 87.66 19.65 89.32 43.86 51.79 84.01 75.95 73.17 13.15 88.2 39.41 52.2 23.35 107.84 56.09 84.72 64.07 83.22 15.52 95.13 40.61 80.53 
10.44 24.08 11.66 34.66 40.5 26.08 62.8 70.03 53.71 48.83 68.51 43.19 41.23 73.76 56.57 56.52 42.72 20.81 65.73 44.72 81.91 0.0 77.16 42.94 19.65 23.54 29.68 22.2 13.6 25.71 37.34 50.49 80.53 69.38 45.31 33.24 22.83 15.81 23.54 8.25 73.08 32.02 34.01 37.0 67.03 13.04 70.21 13.04 7.21 73.25 9.43 61.85 31.38 13.0 13.34 20.62 68.95 21.47 46.04 36.5 62.18 28.28 26.93 18.68 27.31 21.54 74.67 26.25 72.57 14.76 
80.16 60.02 67.01 60.9 46.24 68.54 50.77 7.62 38.9 49.58 47.42 34.01 40.52 25.71 24.7 23.41 42.06 68.62 46.53 33.14 30.02 77.16 0.0 106.1 96.0 74.22 53.15 78.77 82.98 53.15 92.13 29.55 39.2 16.4 41.34 44.01 97.19 92.0 54.92 85.05 26.93 101.53 85.42 76.32 10.44 90.09 19.7 67.08 81.01 11.7 82.05 19.72 54.23 83.74 76.16 76.22 30.46 90.25 31.78 41.01 40.5 98.15 57.25 73.16 52.35 70.61 15.3 97.27 11.66 70.46 
50.92 66.03 53.25 45.88 80.72 37.58 70.0 98.49 70.83 60.83 77.0 75.72 79.25 92.76 81.71 90.7 64.26 38.28 75.03 78.82 98.86 42.94 106.1 0.0 43.01 65.92 70.29 28.02 29.68 55.22 15.03 76.56 93.09 103.46 65.46 67.62 49.0 43.29 54.2 41.76 91.59 13.0 21.38 32.14 95.75 39.62 92.44 43.84 46.82 98.35 48.38 95.96 51.89 30.02 33.97 30.81 86.31 21.47 75.18 71.22 75.54 58.0 49.24 61.33 66.53 64.4 98.08 18.25 105.31 57.71 
16.76 38.6 29.02 52.43 55.66 42.64 81.3 89.05 73.16 67.6 87.32 62.01 58.05 93.41 76.12 74.43 62.3 38.01 84.6 63.07 101.53 19.65 96.0 43.01 0.0 30.0 45.35 34.83 23.43 45.35 44.27 70.04 99.92 86.98 64.85 52.01 6.08 4.0 43.17 11.4 92.72 30.02 43.83 50.61 86.05 7.21 89.82 32.31 15.03 92.66 14.32 79.63 50.57 22.02 28.43 34.66 88.54 25.63 65.38 55.01 81.44 15.03 46.1 27.29 44.41 30.89 94.2 25.08 90.55 27.2 
15.26 14.76 17.72 51.62 29.02 45.89 75.8 68.31 62.94 61.85 80.16 42.49 33.73 78.77 59.68 50.99 51.66 40.61 77.34 41.79 87.37 23.54 74.22 65.92 30.0 0.0 21.19 45.04 37.11 35.23 60.83 54.08 88.73 62.2 54.49 33.84 27.73 26.91 33.29 24.7 78.49 54.12 57.14 58.42 65.46 28.43 73.43 30.59 19.24 73.93 18.03 55.58 44.78 36.4 36.06 43.0 75.6 44.6 48.02 35.36 72.14 25.18 41.15 5.0 23.32 4.24 76.49 48.3 66.48 10.2 
28.64 7.0 18.03 41.01 10.82 39.56 59.51 47.13 44.94 46.49 62.77 21.63 13.0 58.41 39.2 30.15 34.44 35.47 60.03 20.62 67.01 29.68 53.15 70.29 45.35 21.19 0.0 43.91 41.01 22.0 60.9 33.97 69.31 42.05 37.12 14.42 45.28 41.48 21.1 35.85 58.26 60.88 55.46 52.63 44.27 40.85 52.7 26.93 30.68 52.8 31.05 35.01 32.06 41.04 36.4 41.18 55.87 49.5 27.66 14.87 54.08 45.18 30.07 20.1 5.0 17.46 55.47 55.32 46.01 18.25 
32.56 40.85 28.86 21.21 53.82 11.0 49.65 71.17 46.0 37.48 56.32 47.71 51.66 68.03 54.82 62.68 37.66 10.3 53.85 50.8 75.06 22.2 78.77 28.02 34.83 45.04 43.91 0.0 11.4 27.2 17.0 49.34 71.02 75.47 39.32 39.7 40.22 32.45 26.25 26.4 67.01 23.19 12.17 15.81 68.35 28.02 66.61 17.0 28.86 71.81 31.05 67.96 24.74 12.81 9.0 2.83 62.01 13.34 47.42 43.28 52.47 47.89 21.54 40.05 39.66 42.3 72.01 20.1 77.41 35.23 
23.02 36.4 23.6 30.46 51.66 20.12 59.51 75.5 53.76 46.49 65.92 49.98 51.04 75.33 60.21 64.47 44.05 16.49 63.32 52.39 82.87 13.6 82.98 29.68 23.43 37.11 41.01 11.4 0.0 29.83 24.02 54.33 79.81 77.47 46.17 40.72 28.84 21.1 28.16 15.52 74.43 20.0 21.59 27.2 72.57 16.64 73.0 16.16 19.0 77.32 21.02 69.86 31.14 1.41 7.0 11.4 69.72 8.49 51.2 44.28 61.13 36.67 27.02 32.28 37.64 35.11 78.06 14.76 80.06 28.23 
32.25 23.09 19.21 19.03 29.41 19.42 40.61 45.71 28.84 26.63 45.25 20.59 25.55 48.08 31.06 35.51 17.49 17.03 42.43 23.6 56.3 25.71 53.15 55.22 45.35 35.23 22.0 27.2 29.83 0.0 43.14 25.02 55.57 48.37 20.25 12.81 48.1 41.48 2.24 33.96 47.43 48.85 36.88 31.78 42.76 38.64 44.55 14.04 31.38 48.0 33.11 40.82 10.2 30.59 23.09 24.41 43.46 37.34 21.38 16.28 37.8 51.97 8.25 31.24 17.0 31.06 49.16 44.27 50.57 26.17 
47.04 57.78 45.54 31.38 70.72 24.21 55.01 84.53 56.04 45.89 62.01 63.13 68.25 77.88 67.54 78.1 50.09 26.25 60.01 66.53 83.86 37.34 92.13 15.03 44.27 60.83 60.9 17.0 24.02 43.14 0.0 62.65 78.06 90.6 51.08 55.9 50.29 43.17 42.52 39.12 76.69 19.21 6.71 17.12 81.88 38.83 77.79 34.0 43.01 83.93 45.0 83.24 38.28 25.0 25.3 19.72 71.39 18.68 61.85 59.41 60.53 58.94 36.24 55.9 56.6 58.46 83.49 20.81 92.09 51.42 
55.66 39.41 42.06 31.62 33.12 39.0 31.0 21.93 15.03 23.26 31.78 13.04 25.94 24.7 6.08 20.62 12.81 39.29 29.43 16.16 33.29 50.49 29.55 76.56 70.04 54.08 33.97 49.34 54.33 25.02 62.65 0.0 35.47 30.23 12.81 20.25 72.28 66.1 27.07 58.69 24.41 72.28 55.95 47.2 19.24 63.51 19.92 39.0 55.54 23.02 57.01 24.17 24.7 55.23 47.38 46.84 21.93 61.19 6.4 19.1 22.56 75.03 27.89 51.48 30.81 49.93 24.19 68.25 30.41 47.42 
87.82 74.33 74.63 49.82 68.24 60.21 23.35 36.12 26.83 33.54 16.49 48.41 61.03 14.14 31.06 50.33 38.08 63.32 18.11 51.04 10.3 80.53 39.2 93.09 99.92 88.73 69.31 71.02 79.81 55.57 78.06 35.47 0.0 52.35 35.36 55.17 103.32 96.25 57.8 88.64 13.34 93.43 72.0 61.01 36.5 92.85 21.38 67.62 86.77 28.0 88.59 50.7 49.4 81.04 73.08 69.43 13.6 84.34 41.87 54.49 18.68 107.54 53.85 85.6 65.8 84.5 24.02 91.08 49.04 81.02 
70.46 49.04 58.25 60.81 33.24 66.4 58.52 16.28 43.86 53.34 56.89 27.78 29.07 38.21 28.23 13.0 42.64 65.19 55.32 25.08 44.38 69.38 16.4 103.46 86.98 62.2 42.05 75.47 77.47 48.37 90.6 30.23 52.35 0.0 43.01 36.77 87.28 83.02 49.65 76.69 39.12 97.05 84.02 76.38 16.0 81.79 31.06 61.33 72.01 24.74 72.69 7.62 52.5 78.0 71.11 72.72 41.05 85.43 29.0 33.24 48.51 87.02 54.41 62.0 42.58 59.03 28.86 92.2 5.0 60.21 
52.48 40.8 39.41 19.7 39.81 28.44 22.47 33.84 8.6 11.18 25.81 21.02 33.24 29.15 16.64 32.7 2.83 30.0 23.02 25.08 36.88 45.31 41.34 65.46 64.85 54.49 37.12 39.32 46.17 20.25 51.08 12.81 35.36 43.01 0.0 22.85 68.03 61.1 22.47 53.49 28.28 62.51 44.38 34.99 31.4 57.87 27.29 32.57 51.43 32.89 53.24 36.72 15.03 47.27 39.2 37.12 23.77 52.04 15.52 23.77 17.69 72.2 19.24 50.93 32.76 50.25 32.76 59.08 43.19 46.1 
36.5 19.21 23.09 30.36 18.03 32.2 45.31 37.05 30.53 32.76 48.37 10.0 13.0 44.94 25.94 23.77 20.25 29.7 45.65 11.7 53.54 33.24 44.01 67.62 52.01 33.84 14.42 39.7 40.72 12.81 55.9 20.25 55.17 36.77 22.85 0.0 53.46 48.01 13.45 41.05 44.65 60.42 49.68 44.29 34.06 46.1 39.81 24.6 37.05 41.23 38.21 29.15 20.88 41.23 34.48 36.88 41.87 48.76 14.32 3.61 39.66 55.36 20.59 31.3 10.63 29.68 43.32 55.46 39.56 27.51 
17.03 38.33 30.41 56.85 55.11 47.38 85.45 90.45 76.49 71.56 91.27 63.39 58.22 96.14 78.34 75.03 65.39 42.52 88.51 64.07 104.4 22.83 97.19 49.0 6.08 27.73 45.28 40.22 28.84 48.1 50.29 72.28 103.32 87.28 68.03 53.46 0.0 7.81 45.88 15.0 95.52 36.0 49.66 56.04 87.46 12.21 92.18 35.85 16.76 94.54 15.3 80.1 54.2 27.46 33.24 39.82 91.55 31.62 67.27 56.22 85.0 9.0 49.74 25.96 45.0 29.41 96.32 31.14 91.09 27.07 
13.0 34.79 25.02 49.2 51.87 39.62 77.94 85.05 69.46 64.14 83.86 58.01 54.13 89.56 72.18 70.46 58.52 34.83 81.12 59.08 97.72 15.81 92.0 43.29 4.0 26.91 41.48 32.45 21.1 41.48 43.17 66.1 96.25 83.02 61.1 48.01 7.81 0.0 39.29 7.62 88.89 30.41 42.15 48.26 82.05 4.47 85.91 28.64 11.05 88.68 10.44 75.66 46.96 19.72 25.46 32.02 84.76 24.52 61.4 51.01 77.82 15.81 42.49 23.85 40.45 27.46 90.26 25.08 86.58 23.41 
30.02 21.59 17.03 20.02 29.15 19.24 42.64 47.52 31.06 28.6 47.38 21.93 25.81 50.29 33.14 36.72 19.72 16.28 44.55 24.7 58.52 23.54 54.92 54.2 43.17 33.29 21.1 26.25 28.16 2.24 42.52 27.07 57.8 49.65 22.47 13.45 45.88 39.29 0.0 31.78 49.65 47.42 36.4 31.95 44.55 36.5 46.69 12.17 29.15 50.01 30.87 42.06 11.7 28.86 21.54 23.43 45.69 35.85 23.19 17.03 40.0 49.74 9.0 29.21 16.12 29.15 51.24 42.72 52.0 24.08 
9.43 29.53 18.44 41.87 46.52 32.56 70.46 78.0 61.85 56.6 76.32 51.04 48.08 82.01 64.78 63.95 50.92 27.59 73.57 52.35 90.14 8.25 85.05 41.76 11.4 24.7 35.85 26.4 15.52 33.96 39.12 58.69 88.64 76.69 53.49 41.05 15.0 7.62 31.78 0.0 81.32 29.55 37.11 42.06 75.0 5.1 78.45 21.02 5.66 81.39 6.71 69.23 39.36 14.32 18.6 25.55 77.16 21.1 54.15 44.18 70.21 21.63 34.89 20.62 34.21 24.08 82.87 23.77 80.06 18.6 
79.31 63.82 65.8 46.17 56.08 56.01 26.25 23.0 21.02 30.81 21.4 36.8 48.92 1.41 19.1 37.16 30.59 58.14 21.21 38.95 8.94 73.08 26.93 91.59 92.72 78.49 58.26 67.01 74.43 47.43 76.69 24.41 13.34 39.12 28.28 44.65 95.52 88.89 49.65 81.32 0.0 90.09 70.21 59.67 23.19 85.87 8.06 60.64 78.77 15.3 80.41 37.36 43.29 75.54 67.48 65.01 5.39 80.02 30.61 43.42 17.0 98.9 47.52 75.8 55.22 74.33 11.7 87.01 36.01 71.59 
38.91 55.9 43.14 44.0 71.59 34.13 71.2 93.96 69.07 60.07 78.09 69.35 71.03 91.14 77.88 84.08 60.83 32.98 75.8 72.01 98.0 32.02 101.53 13.0 30.02 54.12 60.88 23.19 20.0 48.85 19.21 72.28 93.43 97.05 62.51 60.42 36.0 30.41 47.42 29.55 90.09 0.0 22.85 33.53 91.09 26.93 89.81 35.85 34.89 94.92 36.25 89.44 47.85 19.85 25.94 25.5 85.02 11.66 69.89 64.01 75.11 45.0 44.38 49.74 57.63 53.0 95.19 5.83 99.4 46.62 
44.18 52.81 41.0 24.7 65.0 17.69 49.16 77.83 49.48 39.46 56.14 56.64 62.2 71.39 60.84 71.59 43.38 20.25 54.04 60.11 77.52 34.01 85.42 21.38 43.83 57.14 55.46 12.17 21.59 36.88 6.71 55.95 72.0 84.02 44.38 49.68 49.66 42.15 36.4 37.11 70.21 22.85 0.0 11.05 75.18 37.7 71.17 28.79 40.31 77.25 42.43 76.69 31.62 22.8 21.1 14.56 64.94 18.6 55.22 53.15 54.23 57.94 29.73 52.15 51.0 54.45 76.84 22.8 85.45 47.38 
47.43 51.35 41.05 15.62 61.1 13.15 38.12 68.8 39.22 28.86 45.1 49.82 57.25 60.88 51.62 64.44 34.41 18.0 43.01 53.6 66.75 37.0 76.32 32.14 50.61 58.42 52.63 15.81 27.2 31.78 17.12 47.2 61.01 76.38 34.99 44.29 56.04 48.26 31.95 42.06 59.67 33.53 11.05 0.0 66.29 43.83 61.1 28.02 44.01 67.54 46.24 69.31 24.21 28.6 23.77 16.55 54.34 27.2 47.38 47.51 43.42 63.63 23.71 53.46 47.8 55.15 66.85 32.65 77.34 48.26 
70.46 50.96 57.14 50.77 38.59 58.18 43.46 3.0 30.0 40.36 41.23 24.08 32.2 22.36 14.87 16.28 31.91 58.19 39.85 23.77 29.15 67.03 10.44 95.75 86.05 65.46 44.27 68.35 72.57 42.76 81.88 19.24 36.5 16.0 31.4 34.06 87.46 82.05 44.55 75.0 23.19 91.09 75.18 66.29 0.0 80.01 15.13 56.72 71.11 10.0 72.25 14.76 43.86 73.35 65.73 65.79 25.08 79.81 21.38 31.26 33.24 88.84 46.82 64.03 42.95 61.68 13.89 86.83 13.6 61.0 
13.45 34.44 23.54 45.22 51.48 35.47 74.09 83.01 66.13 60.42 80.13 56.08 53.16 86.59 69.58 69.05 55.36 30.81 77.41 57.43 94.64 13.04 90.09 39.62 7.21 28.43 40.85 28.02 16.64 38.64 38.83 63.51 92.85 81.79 57.87 46.1 12.21 4.47 36.5 5.1 85.87 26.93 37.7 43.83 80.01 0.0 83.19 25.3 10.3 86.28 10.63 74.33 43.46 15.26 21.26 27.66 81.61 20.22 59.08 49.25 74.32 20.25 39.0 24.76 39.29 28.32 87.69 21.38 85.16 23.32 
75.58 58.67 61.98 46.57 49.5 55.73 31.4 15.03 21.93 32.65 27.73 31.06 42.45 7.28 13.93 29.53 29.07 57.14 26.93 32.65 15.0 70.21 19.7 92.44 89.82 73.43 52.7 66.61 73.0 44.55 77.79 19.92 21.38 31.06 27.29 39.81 92.18 85.91 46.69 78.45 8.06 89.81 71.17 61.1 15.13 83.19 0.0 58.31 75.43 8.06 76.92 29.41 42.11 74.01 66.0 64.38 10.77 79.23 25.5 38.08 21.26 94.92 46.01 71.11 50.12 69.35 5.83 86.28 28.07 67.23 
22.02 24.04 13.04 22.2 37.01 15.3 49.82 59.68 40.85 35.81 55.47 33.84 35.47 61.39 45.01 48.33 30.08 10.05 52.7 36.25 69.38 13.04 67.08 43.84 32.31 30.59 26.93 17.0 16.16 14.04 34.0 39.0 67.62 61.33 32.57 24.6 35.85 28.64 12.17 21.02 60.64 35.85 28.79 28.02 56.72 25.3 58.31 0.0 19.85 62.01 21.93 53.71 18.36 16.76 10.0 14.32 56.32 24.19 35.36 28.18 49.19 41.11 13.89 25.71 22.8 27.17 63.07 30.87 63.91 20.4 
4.12 24.17 14.0 41.77 41.23 33.29 69.66 74.11 59.94 55.61 75.21 47.04 43.17 79.38 61.61 59.41 48.75 28.02 72.42 48.04 87.66 7.21 81.01 46.82 15.03 19.24 30.68 28.86 19.0 31.38 43.01 55.54 86.77 72.01 51.43 37.05 16.76 11.05 29.15 5.66 78.77 34.89 40.31 44.01 71.11 10.3 75.43 19.85 0.0 77.93 2.24 64.63 38.01 18.03 20.25 27.51 74.85 25.71 50.64 40.0 68.6 21.26 33.6 15.0 29.43 18.44 79.62 29.07 75.54 13.04 
77.67 59.24 64.13 52.55 48.01 61.13 39.41 8.54 28.84 39.66 35.78 31.62 41.34 14.14 17.12 26.17 34.21 61.98 34.99 32.2 19.65 73.25 11.7 98.35 92.66 73.93 52.8 71.81 77.32 48.0 83.93 23.02 28.0 24.74 32.89 41.23 94.54 88.68 50.01 81.39 15.3 94.92 77.25 67.54 10.0 86.28 8.06 62.01 77.93 0.0 79.25 24.7 47.07 78.23 70.35 69.43 18.79 84.01 27.29 38.9 29.21 96.57 50.64 72.11 50.92 70.01 4.12 91.08 21.1 68.68 
2.83 24.35 15.13 43.93 41.44 35.51 71.7 75.24 61.77 57.63 77.2 48.17 43.74 80.99 63.06 60.21 50.54 30.23 74.4 49.0 89.32 9.43 82.05 48.38 14.32 18.03 31.05 31.05 21.02 33.11 45.0 57.01 88.59 72.69 53.24 38.21 15.3 10.44 30.87 6.71 80.41 36.25 42.43 46.24 72.25 10.63 76.92 21.93 2.24 79.25 0.0 65.38 40.0 20.0 22.47 29.73 76.56 27.46 51.97 41.05 70.49 19.21 35.61 14.14 30.15 17.69 81.02 30.46 76.32 13.0 
63.2 42.01 50.8 53.81 26.93 59.03 53.94 16.4 38.6 47.42 53.08 20.25 22.02 36.69 23.35 5.39 36.06 57.69 51.24 17.46 43.86 61.85 19.72 95.96 79.63 55.58 35.01 67.96 69.86 40.82 83.24 24.17 50.7 7.62 36.72 29.15 80.1 75.66 42.06 69.23 37.36 89.44 76.69 69.31 14.76 74.33 29.41 53.71 64.63 24.7 65.38 0.0 45.28 70.38 63.51 65.19 38.33 77.82 22.02 25.63 44.28 80.16 47.01 55.08 35.23 52.24 28.65 84.58 11.0 53.04 
39.7 33.24 27.8 9.49 38.64 14.32 31.83 46.62 22.8 17.69 37.2 25.61 33.84 44.18 30.08 40.31 13.04 15.03 34.41 29.41 51.79 31.38 54.23 51.89 50.57 44.78 32.06 24.74 31.14 10.2 38.28 24.7 49.4 52.5 15.03 20.88 54.2 46.96 11.7 39.36 43.29 47.85 31.62 24.21 43.86 43.46 42.11 18.36 38.01 47.07 40.0 45.28 0.0 32.25 24.19 22.36 38.64 37.12 23.6 23.77 30.87 59.2 4.47 40.5 27.07 40.71 47.38 44.18 53.82 35.23 
22.09 36.24 23.43 31.78 51.74 21.47 60.84 76.3 54.92 47.76 67.23 50.6 51.31 76.42 61.13 65.0 45.1 17.72 64.62 52.92 84.01 13.0 83.74 30.02 22.02 36.4 41.04 12.81 1.41 30.59 25.0 55.23 81.04 78.0 47.27 41.23 27.46 19.72 28.86 14.32 75.54 19.85 22.8 28.6 73.35 15.26 74.01 16.76 18.03 78.23 20.0 70.38 32.25 0.0 8.06 12.81 70.86 8.6 51.97 44.78 62.36 35.34 28.07 31.62 37.8 34.54 79.03 14.42 80.65 27.73 
23.77 32.65 20.25 24.19 46.75 14.21 53.24 68.66 46.87 39.92 59.51 43.46 45.45 68.36 53.24 58.14 37.05 9.85 56.86 46.07 75.95 13.34 76.16 33.97 28.43 36.06 36.4 9.0 7.0 23.09 25.3 47.38 73.08 71.11 39.2 34.48 33.24 25.46 21.54 18.6 67.48 25.94 21.1 23.77 65.73 21.26 66.0 10.0 20.25 70.35 22.47 63.51 24.19 8.06 0.0 7.28 62.8 14.32 44.38 38.08 54.41 40.22 20.02 31.06 32.56 33.38 71.06 21.19 73.54 26.31 
31.05 38.28 26.48 19.65 51.04 9.22 48.47 68.62 44.05 35.9 55.03 44.94 48.84 66.0 52.39 59.91 35.36 7.62 52.5 48.01 73.17 20.62 76.22 30.81 34.66 43.0 41.18 2.83 11.4 24.41 19.72 46.84 69.43 72.72 37.12 36.88 39.82 32.02 23.43 25.55 65.01 25.5 14.56 16.55 65.79 27.66 64.38 14.32 27.51 69.43 29.73 65.19 22.36 12.81 7.28 0.0 60.07 15.03 44.78 40.46 50.8 47.17 18.97 38.0 36.89 40.11 69.72 22.0 74.71 33.06 
75.58 61.07 62.18 41.05 54.64 51.01 21.21 25.5 16.03 25.5 17.0 34.83 47.43 6.71 17.49 37.36 26.25 53.34 16.4 37.44 13.15 68.95 30.46 86.31 88.54 75.6 55.87 62.01 69.72 43.46 71.39 21.93 13.6 41.05 23.77 41.87 91.55 84.76 45.69 77.16 5.39 85.02 64.94 54.34 25.08 81.61 10.77 56.32 74.85 18.79 76.56 38.33 38.64 70.86 62.8 60.07 0.0 75.11 28.32 41.01 11.66 95.26 42.95 72.67 52.5 71.4 15.81 82.05 38.47 68.26 
29.83 44.82 32.02 34.53 60.14 24.19 62.94 82.71 59.08 50.8 69.64 57.78 59.41 81.01 66.91 72.45 50.16 22.09 67.19 60.37 88.2 21.47 90.25 21.47 25.63 44.6 49.5 13.34 8.49 37.34 18.68 61.19 84.34 85.43 52.04 48.76 31.62 24.52 35.85 21.1 80.02 11.66 18.6 27.2 79.81 20.22 79.23 24.19 25.71 84.01 27.46 77.82 37.12 8.6 14.32 15.03 75.11 0.0 58.52 52.35 65.76 40.26 33.38 39.92 46.1 42.95 84.48 7.07 87.85 36.24 
50.45 33.29 36.88 31.83 26.83 37.74 36.22 24.33 20.22 26.68 37.64 6.71 19.7 30.81 11.66 17.49 14.32 37.16 35.17 10.2 39.41 46.04 31.78 75.18 65.38 48.02 27.66 47.42 51.2 21.38 61.85 6.4 41.87 29.0 15.52 14.32 67.27 61.4 23.19 54.15 30.61 69.89 55.22 47.38 21.38 59.08 25.5 35.36 50.64 27.29 51.97 22.02 23.6 51.97 44.38 44.78 28.32 58.52 0.0 12.81 28.46 69.57 25.94 45.62 24.7 43.91 29.12 65.52 30.23 41.79 
39.2 20.59 26.0 33.24 16.12 35.61 46.17 34.23 30.87 34.23 48.75 7.28 10.2 43.6 24.41 20.25 21.38 33.24 46.1 8.25 52.2 36.5 41.01 71.22 55.01 35.36 14.87 43.28 44.28 16.28 59.41 19.1 54.49 33.24 23.77 3.61 56.22 51.01 17.03 44.18 43.42 64.01 53.15 47.51 31.26 49.25 38.08 28.18 40.0 38.9 41.05 25.63 23.77 44.78 38.08 40.46 41.01 52.35 12.81 0.0 39.82 57.72 23.85 33.24 12.08 31.3 41.23 59.03 36.14 29.83 
69.89 58.26 57.01 31.26 55.15 41.59 10.3 34.44 9.22 15.03 9.22 35.11 48.1 18.36 21.02 42.0 20.52 44.64 7.0 38.6 23.35 62.18 40.5 75.54 81.44 72.14 54.08 52.47 61.13 37.8 60.53 22.56 18.68 48.51 17.69 39.66 85.0 77.82 40.0 70.21 17.0 75.11 54.23 43.42 33.24 74.32 21.26 49.19 68.6 29.21 70.49 44.28 30.87 62.36 54.41 50.8 11.66 65.76 28.46 39.82 0.0 89.59 35.34 68.62 50.0 67.9 26.87 72.56 46.82 63.78 
19.72 38.21 33.11 62.94 54.04 54.04 90.91 91.78 80.78 76.84 96.4 65.0 58.14 99.4 80.99 75.33 69.46 48.92 93.6 65.12 107.84 28.28 98.15 58.0 15.03 25.18 45.18 47.89 36.67 51.97 58.94 75.03 107.54 87.02 72.2 55.36 9.0 15.81 49.74 21.63 98.9 45.0 57.94 63.63 88.84 20.25 94.92 41.11 21.26 96.57 19.21 80.16 59.2 35.34 40.22 47.17 95.26 40.26 69.57 57.72 89.59 0.0 54.82 25.08 45.89 28.0 98.67 40.11 91.14 27.89 
35.38 30.41 23.85 11.05 37.64 12.04 36.12 49.65 27.2 22.02 41.62 26.91 33.54 48.37 33.54 41.87 17.03 11.4 38.83 30.41 56.09 26.93 57.25 49.24 46.1 41.15 30.07 21.54 27.02 8.25 36.24 27.89 53.85 54.41 19.24 20.59 49.74 42.49 9.0 34.89 47.52 44.38 29.73 23.71 46.82 39.0 46.01 13.89 33.6 50.64 35.61 47.01 4.47 28.07 20.02 18.97 42.95 33.38 25.94 23.85 35.34 54.82 0.0 36.72 25.08 37.16 51.16 40.45 56.08 31.38 
11.31 13.15 13.0 47.01 29.27 41.0 71.84 66.94 59.46 57.8 76.42 40.5 33.06 76.16 57.25 50.25 48.1 35.69 73.59 40.26 84.72 18.68 73.16 61.33 27.29 5.0 20.1 40.05 32.28 31.24 55.9 51.48 85.6 62.0 50.93 31.3 25.96 23.85 29.21 20.62 75.8 49.74 52.15 53.46 64.03 24.76 71.11 25.71 15.0 72.11 14.14 55.08 40.5 31.62 31.06 38.0 72.67 39.92 45.62 33.24 68.62 25.08 36.72 0.0 21.19 3.61 74.46 43.91 66.07 5.39 
28.02 8.6 15.81 36.01 14.21 34.79 55.01 45.89 40.8 41.79 58.52 19.31 13.93 55.47 36.36 30.07 30.02 30.87 55.76 19.24 64.07 27.31 52.35 66.53 44.41 23.32 5.0 39.66 37.64 17.0 56.6 30.81 65.8 42.58 32.76 10.63 45.0 40.45 16.12 34.21 55.22 57.63 51.0 47.8 42.95 39.29 50.12 22.8 29.43 50.92 30.15 35.23 27.07 37.8 32.56 36.89 52.5 46.1 24.7 12.08 50.0 45.89 25.08 21.19 0.0 19.24 53.31 52.2 46.17 18.11 
14.87 10.77 14.14 47.76 26.08 42.43 71.61 64.56 58.69 57.69 75.93 38.48 30.27 74.63 55.57 47.52 47.42 37.22 73.11 37.95 83.22 21.54 70.61 64.4 30.89 4.24 17.46 42.3 35.11 31.06 58.46 49.93 84.5 59.03 50.25 29.68 29.41 27.46 29.15 24.08 74.33 53.0 54.45 55.15 61.68 28.32 69.35 27.17 18.44 70.01 17.69 52.24 40.71 34.54 33.38 40.11 71.4 42.95 43.91 31.3 67.9 28.0 37.16 3.61 19.24 0.0 72.5 47.17 63.2 7.07 
79.56 61.74 65.97 52.2 51.22 61.19 36.88 12.65 27.73 38.47 32.76 34.01 44.41 10.44 18.11 29.83 34.37 62.39 32.2 34.99 15.52 74.67 15.3 98.08 94.2 76.49 55.47 72.01 78.06 49.16 83.49 24.19 24.02 28.86 32.76 43.32 96.32 90.26 51.24 82.87 11.7 95.19 76.84 66.85 13.89 87.69 5.83 63.07 79.62 4.12 81.02 28.65 47.38 79.03 71.06 69.72 15.81 84.48 29.12 41.23 26.87 98.67 51.16 74.46 53.31 72.5 0.0 91.55 25.18 70.84 
33.11 50.21 37.48 41.3 66.07 31.06 69.38 89.74 66.03 57.56 76.16 64.62 65.73 88.0 73.98 79.2 57.22 29.15 73.76 67.12 95.13 26.25 97.27 18.25 25.08 48.3 55.32 20.1 14.76 44.27 20.81 68.25 91.08 92.2 59.08 55.46 31.14 25.08 42.72 23.77 87.01 5.83 22.8 32.65 86.83 21.38 86.28 30.87 29.07 91.08 30.46 84.58 44.18 14.42 21.19 22.0 82.05 7.07 65.52 59.03 72.56 40.11 40.45 43.91 52.2 47.17 91.55 0.0 94.7 40.8 
74.17 53.01 61.66 61.72 37.66 67.96 57.01 13.04 43.05 53.01 54.82 30.08 33.02 35.0 27.46 16.12 43.14 67.12 53.45 27.89 40.61 72.57 11.66 105.31 90.55 66.48 46.01 77.41 80.06 50.57 92.09 30.41 49.04 5.0 43.19 39.56 91.09 86.58 52.0 80.06 36.01 99.4 85.45 77.34 13.6 85.16 28.07 63.91 75.54 21.1 76.32 11.0 53.82 80.65 73.54 74.71 38.47 87.85 30.23 36.14 46.82 91.14 56.08 66.07 46.17 63.2 25.18 94.7 0.0 64.03 
10.44 11.4 7.62 41.63 28.46 35.69 66.71 63.95 54.67 52.63 71.42 37.11 31.14 72.01 53.31 48.0 43.28 30.41 68.59 37.34 80.53 14.76 70.46 57.71 27.2 10.2 18.25 35.23 28.23 26.17 51.42 47.42 81.02 60.21 46.1 27.51 27.07 23.41 24.08 18.6 71.59 46.62 47.38 48.26 61.0 23.32 67.23 20.4 13.04 68.68 13.0 53.04 35.23 27.73 26.31 33.06 68.26 36.24 41.79 29.83 63.78 27.89 31.38 5.39 18.11 7.07 70.84 40.8 64.03 0.0 
