45
0.0 53.85 51.16 45.71 4.24 56.32 28.32 7.0 26.0 27.86 31.4 49.01 31.02 10.0 33.24 30.53 15.13 57.72 4.47 15.62 52.15 57.04 49.65 24.33 52.17 5.39 33.02 48.26 35.0 24.19 40.46 56.29 14.32 24.17 7.81 9.9 24.33 26.0 48.55 38.12 51.24 51.0 42.15 44.2 10.2 
53.85 0.0 18.03 9.22 57.57 2.83 31.4 52.47 29.53 35.38 34.79 13.34 23.19 62.03 20.62 26.08 38.9 28.28 54.92 62.03 10.0 16.76 22.2 33.29 25.02 50.8 23.02 19.42 22.02 31.06 24.19 3.61 61.72 38.42 46.87 62.63 29.73 36.88 16.28 17.8 3.16 14.04 13.15 21.4 43.68 
51.16 18.03 0.0 13.42 54.01 20.22 37.8 52.17 25.32 25.71 43.19 5.39 26.63 57.14 23.02 32.02 36.5 11.18 53.6 63.06 8.06 6.32 4.47 27.0 7.0 49.82 18.68 3.16 16.49 34.0 36.06 16.49 54.92 29.61 45.89 58.08 28.16 27.66 31.62 14.76 19.1 4.0 23.32 34.89 41.44 
45.71 9.22 13.42 0.0 49.24 12.04 26.4 45.01 20.62 26.17 31.06 8.06 16.28 53.45 13.04 20.62 30.59 24.6 47.17 55.15 8.06 15.62 16.49 24.19 19.92 43.1 13.89 13.34 12.81 24.33 22.8 10.77 52.8 29.21 39.12 54.12 21.38 27.66 18.44 8.6 8.06 10.0 10.0 21.47 35.51 
4.24 57.57 54.01 49.24 0.0 60.08 32.56 10.44 29.15 29.83 35.61 52.15 34.93 5.83 37.0 34.67 18.68 60.02 7.07 16.55 55.44 60.01 52.24 27.02 54.59 9.43 36.22 51.04 38.12 28.3 44.69 59.91 11.0 25.96 12.04 5.66 27.89 27.89 52.7 41.44 55.03 54.08 46.1 48.41 13.93 
56.32 2.83 20.22 12.04 60.08 0.0 33.14 54.74 32.25 38.21 36.14 15.81 25.5 64.62 23.09 28.0 41.44 30.07 57.27 64.12 12.17 18.25 24.52 36.06 27.17 53.15 25.81 21.84 24.84 33.24 25.08 4.12 64.41 41.23 49.24 65.19 32.31 39.7 16.4 20.62 5.1 16.28 15.0 21.95 46.17 
28.32 31.4 37.8 26.4 32.56 33.14 0.0 24.19 19.65 29.43 6.32 33.29 11.31 38.18 14.87 5.83 18.03 48.1 27.46 31.78 34.44 41.68 38.9 23.19 42.43 23.6 21.63 36.12 23.6 7.0 12.21 34.71 40.8 29.02 20.52 38.21 15.3 29.15 21.19 23.35 28.28 35.51 18.25 16.12 20.25 
7.0 52.47 52.17 45.01 10.44 54.74 24.19 0.0 26.93 31.06 26.17 49.37 29.27 16.16 32.06 27.51 15.81 59.81 3.61 11.18 52.09 57.71 51.24 26.4 54.08 2.83 33.54 49.48 35.69 21.59 36.36 55.23 21.21 27.8 6.32 15.65 24.19 29.41 45.19 38.21 49.65 51.48 40.02 40.31 11.18 
26.0 29.53 25.32 20.62 29.15 32.25 19.65 26.93 0.0 10.0 25.96 23.02 11.4 32.98 10.82 16.0 11.18 33.11 28.28 37.95 26.31 31.06 24.35 4.47 27.31 24.52 7.07 22.56 9.0 13.0 26.48 31.38 32.2 10.77 20.62 33.73 4.47 10.2 30.02 12.37 27.46 25.0 20.62 28.46 16.12 
27.86 35.38 25.71 26.17 29.83 38.21 29.43 31.06 10.0 0.0 35.69 25.5 21.21 32.06 19.92 26.0 16.28 30.27 31.3 42.19 29.53 32.02 23.09 6.32 25.02 28.3 13.04 22.56 13.45 22.56 36.35 36.4 29.27 4.0 25.0 33.14 14.14 2.0 39.0 17.69 33.97 26.93 29.07 38.08 20.0 
31.4 34.79 43.19 31.06 35.61 36.14 6.32 26.17 25.96 35.69 0.0 38.42 17.2 41.4 20.62 11.4 23.35 53.76 29.7 31.78 39.12 46.62 44.6 29.43 48.17 26.25 27.78 41.73 29.68 13.15 12.04 38.28 44.78 35.13 23.85 41.23 21.59 35.36 22.02 29.07 31.62 40.61 21.93 16.12 24.7 
49.01 13.34 5.39 8.06 52.15 15.81 33.29 49.37 23.02 25.5 38.42 0.0 22.36 55.73 18.79 27.46 34.01 16.55 51.09 60.02 4.24 8.54 9.0 25.5 12.17 47.17 16.0 6.08 14.04 30.08 30.81 12.53 54.12 29.15 43.19 56.57 25.18 27.31 26.25 11.18 14.0 2.24 18.03 29.53 39.01 
31.02 23.19 26.63 16.28 34.93 25.5 11.31 29.27 11.4 21.21 17.2 22.36 0.0 39.82 3.61 5.83 16.64 36.8 31.78 39.01 24.04 30.87 27.59 15.81 31.11 27.66 10.77 24.84 12.53 8.06 15.13 26.02 40.61 22.14 23.77 40.25 8.6 21.59 19.21 12.04 20.4 24.6 11.18 17.09 21.02 
10.0 62.03 57.14 53.45 5.83 64.62 38.18 16.16 32.98 32.06 41.4 55.73 39.82 0.0 41.63 40.0 23.26 62.29 12.65 20.4 59.23 63.29 55.0 30.27 57.08 15.26 40.02 54.08 41.77 33.6 50.25 64.2 6.71 28.07 17.69 1.41 32.31 30.07 58.01 45.35 59.62 57.56 51.0 53.91 18.87 
33.24 20.62 23.02 13.04 37.0 23.09 14.87 32.06 10.82 19.92 20.62 18.79 3.61 41.63 0.0 9.22 18.38 33.24 34.37 42.11 20.62 27.31 24.04 15.26 27.59 30.27 8.06 21.26 9.49 11.4 17.03 23.19 41.88 21.47 26.31 42.15 9.43 20.62 19.24 8.49 18.03 21.02 9.9 18.25 23.09 
30.53 26.08 32.02 20.62 34.67 28.0 5.83 27.51 16.0 26.0 11.4 27.46 5.83 40.0 9.22 0.0 17.8 42.43 30.46 36.22 28.64 35.85 33.24 20.1 36.8 26.4 16.55 30.41 18.36 6.4 11.18 29.27 41.73 26.31 22.83 40.22 12.17 26.08 18.03 17.69 23.02 29.68 13.0 14.21 21.26 
15.13 38.9 36.5 30.59 18.68 41.44 18.03 15.81 11.18 16.28 23.35 34.01 16.64 23.26 18.38 17.8 0.0 44.01 17.12 26.93 37.05 42.19 35.44 10.82 38.28 13.34 18.03 33.73 20.1 11.66 28.84 41.23 24.08 13.89 9.49 23.77 9.22 15.0 35.38 23.02 36.4 36.06 27.78 32.02 5.0 
57.72 28.28 11.18 24.6 60.02 30.07 48.1 59.81 33.11 30.27 53.76 16.55 36.8 62.29 33.24 42.43 44.01 0.0 60.73 70.94 18.44 12.04 9.22 33.53 5.83 57.25 27.46 12.04 25.24 43.6 47.17 26.02 59.0 34.23 53.49 63.39 36.72 32.25 42.72 24.76 29.83 14.87 34.48 46.07 48.7 
4.47 54.92 53.6 47.17 7.07 57.27 27.46 3.61 28.28 31.3 29.7 51.09 31.78 12.65 34.37 30.46 17.12 60.73 0.0 11.31 54.0 59.3 52.39 27.2 55.08 4.12 35.13 50.8 37.22 24.35 39.66 57.56 18.03 27.78 8.06 12.08 26.0 29.53 48.3 40.01 52.17 53.15 42.72 43.57 12.17 
15.62 62.03 63.06 55.15 16.55 64.12 31.78 11.18 37.95 42.19 31.78 60.02 39.01 20.4 42.11 36.22 26.93 70.94 11.31 0.0 62.51 68.45 62.3 37.58 65.19 13.89 44.38 60.44 46.57 31.0 43.32 65.0 26.93 38.83 17.46 19.24 34.93 40.5 52.89 48.84 59.08 62.17 49.16 47.43 22.36 
52.15 10.0 8.06 8.06 55.44 12.17 34.44 52.09 26.31 29.53 39.12 4.24 24.04 59.23 20.62 28.64 37.05 18.44 54.0 62.51 0.0 7.81 12.37 29.12 15.03 50.01 19.24 9.85 17.46 32.02 30.41 8.54 57.87 33.11 46.01 60.02 28.0 31.3 24.6 14.04 11.4 4.12 17.69 28.6 42.05 
57.04 16.76 6.32 15.62 60.01 18.25 41.68 57.71 31.06 32.02 46.62 8.54 30.87 63.29 27.31 35.85 42.19 12.04 59.3 68.45 7.81 0.0 10.0 33.06 10.82 55.44 24.19 9.49 22.09 38.63 38.21 14.14 61.19 35.9 51.48 64.2 33.54 33.96 32.25 19.65 18.79 6.32 25.46 36.4 47.17 
49.65 22.2 4.47 16.49 52.24 24.52 38.9 51.24 24.35 23.09 44.6 9.0 27.59 55.0 24.04 33.24 35.44 9.22 52.39 62.3 12.37 10.0 0.0 25.32 3.61 48.76 18.36 3.16 16.12 34.41 38.47 20.88 52.35 27.07 44.92 56.01 27.73 25.08 34.93 15.56 23.0 8.25 26.0 37.7 40.26 
24.33 33.29 27.0 24.19 27.02 36.06 23.19 26.4 4.47 6.32 29.43 25.5 15.81 30.27 15.26 20.1 10.82 33.53 27.2 37.58 29.12 33.06 25.32 0.0 27.89 23.77 10.3 24.02 11.7 16.28 30.81 34.89 28.79 6.32 20.12 31.14 8.0 6.0 34.48 15.65 31.4 27.29 25.0 32.89 15.23 
52.17 25.02 7.0 19.92 54.59 27.17 42.43 54.08 27.31 25.02 48.17 12.17 31.11 57.08 27.59 36.8 38.28 5.83 55.08 65.19 15.03 10.82 3.61 27.89 0.0 51.55 21.63 6.71 19.42 37.8 42.06 23.35 54.08 29.02 47.76 58.14 30.89 27.02 38.33 19.1 26.08 11.0 29.55 41.23 43.01 
5.39 50.8 49.82 43.1 9.43 53.15 23.6 2.83 24.52 28.3 26.25 47.17 27.66 15.26 30.27 26.4 13.34 57.25 4.12 13.89 50.01 55.44 48.76 23.77 51.55 0.0 31.26 47.07 33.38 20.25 35.81 53.46 19.65 25.0 4.0 15.0 22.02 26.63 44.29 36.06 48.05 49.25 38.6 39.66 8.54 
33.02 23.02 18.68 13.89 36.22 25.81 21.63 33.54 7.07 13.04 27.78 16.0 10.77 40.02 8.06 16.55 18.03 27.46 35.13 44.38 19.24 24.19 18.36 10.3 21.63 31.26 0.0 16.16 2.24 16.28 25.08 24.6 39.0 15.56 27.29 40.79 9.49 14.21 26.25 5.39 21.26 18.03 16.16 26.08 23.02 
48.26 19.42 3.16 13.34 51.04 21.84 36.12 49.48 22.56 22.56 41.73 6.08 24.84 54.08 21.26 30.41 33.73 12.04 50.8 60.44 9.85 9.49 3.16 24.02 6.71 47.07 16.16 0.0 13.93 31.91 35.36 18.38 51.79 26.48 43.17 55.04 25.63 24.52 31.78 12.81 20.02 5.83 22.85 34.54 38.64 
35.0 22.02 16.49 12.81 38.12 24.84 23.6 35.69 9.0 13.45 29.68 14.04 12.53 41.77 9.49 18.36 20.1 25.24 37.22 46.57 17.46 22.09 16.12 11.7 19.42 33.38 2.24 13.93 0.0 18.44 26.31 23.32 40.5 16.4 29.43 42.58 11.7 14.87 26.68 4.24 20.52 16.0 16.49 27.0 25.08 
24.19 31.06 34.0 24.33 28.3 33.24 7.0 21.59 13.0 22.56 13.15 30.08 8.06 33.6 11.4 6.4 11.66 43.6 24.35 31.0 32.02 38.63 34.41 16.28 37.8 20.25 16.28 31.91 18.44 0.0 17.2 34.0 35.38 22.02 16.55 33.84 8.54 22.2 24.41 19.24 28.16 32.31 18.44 20.52 14.87 
40.46 24.19 36.06 22.8 44.69 25.08 12.21 36.36 26.48 36.35 12.04 30.81 15.13 50.25 17.03 11.18 28.84 47.17 39.66 43.32 30.41 38.21 38.47 30.81 42.06 35.81 25.08 35.36 26.31 17.2 0.0 27.78 52.5 37.11 32.65 50.33 23.09 36.67 10.0 24.04 21.1 32.8 12.81 4.12 31.89 
56.29 3.61 16.49 10.77 59.91 4.12 34.71 55.23 31.38 36.4 38.28 12.53 26.02 64.2 23.19 29.27 41.23 26.02 57.56 65.0 8.54 14.14 20.88 34.89 23.35 53.46 24.6 18.38 23.32 34.0 27.78 0.0 63.56 39.66 49.5 64.85 32.02 38.01 19.8 19.24 6.71 12.65 16.49 25.0 46.1 
14.32 61.72 54.92 52.8 11.0 64.41 40.8 21.21 32.2 29.27 44.78 54.12 40.61 6.71 41.88 41.73 24.08 59.0 18.03 26.93 57.87 61.19 52.35 28.79 54.08 19.65 39.0 51.79 40.5 35.38 52.5 63.56 0.0 25.32 21.02 8.06 32.45 27.29 59.46 44.38 59.54 55.79 51.61 55.9 20.62 
24.17 38.42 29.61 29.21 25.96 41.23 29.02 27.8 10.77 4.0 35.13 29.15 22.14 28.07 21.47 26.31 13.89 34.23 27.78 38.83 33.11 35.9 27.07 6.32 29.02 25.0 15.56 26.48 16.4 22.02 37.11 39.66 25.32 0.0 21.93 29.15 14.14 2.0 40.71 20.62 36.8 30.68 31.06 39.22 16.97 
7.81 46.87 45.89 39.12 12.04 49.24 20.52 6.32 20.62 25.0 23.85 43.19 23.77 17.69 26.31 22.83 9.49 53.49 8.06 17.46 46.01 51.48 44.92 20.12 47.76 4.0 27.29 43.17 29.43 16.55 32.65 49.5 21.02 21.93 0.0 17.69 18.03 23.43 40.82 32.06 44.15 45.28 34.79 36.4 5.0 
9.9 62.63 58.08 54.12 5.66 65.19 38.21 15.65 33.73 33.14 41.23 56.57 40.25 1.41 42.15 40.22 23.77 63.39 12.08 19.24 60.02 64.2 56.01 31.14 58.14 15.0 40.79 55.04 42.58 33.84 50.33 64.85 8.06 29.15 17.69 0.0 32.89 31.14 58.25 46.1 60.17 58.42 51.43 54.04 19.24 
24.33 29.73 28.16 21.38 27.89 32.31 15.3 24.19 4.47 14.14 21.59 25.18 8.6 32.31 9.43 12.17 9.22 36.72 26.0 34.93 28.0 33.54 27.73 8.0 30.89 22.02 9.49 25.63 11.7 8.54 23.09 32.02 32.45 14.14 18.03 32.89 0.0 14.0 27.8 14.04 27.31 27.29 19.21 25.5 14.14 
26.0 36.88 27.66 27.66 27.89 39.7 29.15 29.41 10.2 2.0 35.36 27.31 21.59 30.07 20.62 26.08 15.0 32.25 29.53 40.5 31.3 33.96 25.08 6.0 27.02 26.63 14.21 24.52 14.87 22.2 36.67 38.01 27.29 2.0 23.43 31.14 14.0 0.0 39.81 19.1 35.36 28.79 30.02 38.6 18.44 
48.55 16.28 31.62 18.44 52.7 16.4 21.19 45.19 30.02 39.0 22.02 26.25 19.21 58.01 19.24 18.03 35.38 42.72 48.3 52.89 24.6 32.25 34.93 34.48 38.33 44.29 26.25 31.78 26.68 24.41 10.0 19.8 59.46 40.71 40.82 58.25 27.8 39.81 0.0 23.19 13.6 27.86 10.2 6.08 39.2 
38.12 17.8 14.76 8.6 41.44 20.62 23.35 38.21 12.37 17.69 29.07 11.18 12.04 45.35 8.49 17.69 23.02 24.76 40.01 48.84 14.04 19.65 15.56 15.65 19.1 36.06 5.39 12.81 4.24 19.24 24.04 19.24 44.38 20.62 32.06 46.1 14.04 19.1 23.19 0.0 16.28 13.34 13.04 24.19 28.02 
51.24 3.16 19.1 8.06 55.03 5.1 28.28 49.65 27.46 33.97 31.62 14.0 20.4 59.62 18.03 23.02 36.4 29.83 52.17 59.08 11.4 18.79 23.0 31.4 26.08 48.05 21.26 20.02 20.52 28.16 21.1 6.71 59.54 36.8 44.15 60.17 27.31 35.36 13.6 16.28 0.0 15.13 10.05 18.44 41.11 
51.0 14.04 4.0 10.0 54.08 16.28 35.51 51.48 25.0 26.93 40.61 2.24 24.6 57.56 21.02 29.68 36.06 14.87 53.15 62.17 4.12 6.32 8.25 27.29 11.0 49.25 18.03 5.83 16.0 32.31 32.8 12.65 55.79 30.68 45.28 58.42 27.29 28.79 27.86 13.34 15.13 0.0 20.0 31.38 41.05 
42.15 13.15 23.32 10.0 46.1 15.0 18.25 40.02 20.62 29.07 21.93 18.03 11.18 51.0 9.9 13.0 27.78 34.48 42.72 49.16 17.69 25.46 26.0 25.0 29.55 38.6 16.16 22.85 16.49 18.44 12.81 16.49 51.61 31.06 34.79 51.43 19.21 30.02 10.2 13.04 10.05 20.0 0.0 11.7 32.2 
44.2 21.4 34.89 21.47 48.41 21.95 16.12 40.31 28.46 38.08 16.12 29.53 17.09 53.91 18.25 14.21 32.02 46.07 43.57 47.43 28.6 36.4 37.7 32.89 41.23 39.66 26.08 34.54 27.0 20.52 4.12 25.0 55.9 39.22 36.4 54.04 25.5 38.6 6.08 24.19 18.44 31.38 11.7 0.0 35.36 
10.2 43.68 41.44 35.51 13.93 46.17 20.25 11.18 16.12 20.0 24.7 39.01 21.02 18.87 23.09 21.26 5.0 48.7 12.17 22.36 42.05 47.17 40.26 15.23 43.01 8.54 23.02 38.64 25.08 14.87 31.89 46.1 20.62 16.97 5.0 19.24 14.14 18.44 39.2 28.02 41.11 41.05 32.2 35.36 0.0 
