65
0.0 50.01 27.51 11.66 15.65 4.24 32.89 23.26 51.24 12.65 29.41 26.08 20.1 3.16 24.74 28.02 28.46 38.6 13.0 26.68 36.14 37.85 45.28 12.53 41.11 22.02 24.04 11.66 14.14 37.11 23.41 13.45 8.54 49.37 23.32 46.1 38.12 41.76 51.09 50.01 18.87 13.0 13.04 43.19 25.06 5.83 10.82 27.07 5.1 38.01 49.09 36.06 12.04 39.81 48.27 17.89 22.02 20.25 16.4 47.01 27.86 52.77 34.21 9.43 40.01 
50.01 0.0 26.0 45.35 36.5 53.04 22.47 31.02 6.08 47.8 24.17 24.19 30.02 53.0 26.48 22.09 24.35 17.69 51.92 24.52 18.03 14.76 7.81 39.32 17.8 28.07 27.66 40.61 41.48 17.2 28.86 40.79 47.52 7.07 32.7 12.08 12.17 16.4 2.24 11.05 35.74 37.01 39.46 7.62 30.87 53.34 41.59 23.02 45.04 12.0 2.24 14.04 41.59 14.21 12.37 34.71 28.0 31.58 38.6 3.61 26.4 10.2 18.79 45.89 10.2 
27.51 26.0 0.0 20.02 20.0 31.38 5.39 5.1 25.32 22.2 2.0 7.0 12.53 30.68 15.13 8.25 18.03 11.18 26.31 15.0 9.0 20.25 19.42 21.21 13.6 8.94 16.28 16.28 16.03 10.0 17.46 24.08 28.6 23.19 6.71 19.03 16.97 14.32 27.73 23.02 10.05 15.81 21.93 21.4 5.0 29.27 17.26 11.05 22.47 15.62 25.94 14.87 24.04 13.04 21.1 19.72 10.77 17.46 13.04 22.47 1.0 26.0 19.31 21.02 16.12 
11.66 45.35 20.02 0.0 18.79 15.81 25.02 15.0 45.28 2.83 22.02 21.54 18.44 14.21 24.08 23.77 28.32 31.02 6.71 25.61 29.02 35.85 39.32 16.76 33.14 18.36 24.04 5.66 4.0 30.02 24.08 19.42 18.25 43.19 14.14 39.0 34.54 34.06 46.84 43.0 10.0 12.21 17.72 39.56 16.12 10.3 5.0 24.19 9.06 33.84 44.92 32.31 18.25 33.06 41.01 20.59 19.42 21.4 7.0 41.98 20.0 46.01 33.02 2.24 35.17 
15.65 36.5 20.0 18.79 0.0 17.46 24.76 18.38 38.9 21.47 21.26 15.0 7.81 18.03 10.05 16.12 13.15 29.21 24.41 12.04 26.4 23.02 33.24 3.16 32.02 11.31 9.0 13.6 17.46 27.2 8.06 4.47 11.05 37.34 19.92 35.36 24.33 32.2 37.22 38.91 17.12 7.07 3.0 29.15 20.62 20.81 13.93 13.93 12.04 24.74 35.23 22.56 5.1 29.15 37.59 2.24 10.0 5.0 17.03 33.96 20.81 41.23 19.1 17.49 27.2 
4.24 53.04 31.38 15.81 17.46 0.0 36.77 27.29 54.59 16.55 33.24 29.43 23.02 2.0 27.17 31.26 30.59 42.38 16.28 29.15 39.85 40.31 48.66 14.32 44.94 25.32 26.31 15.81 18.38 40.8 25.5 14.32 7.81 52.77 27.46 49.73 41.0 45.54 54.0 53.6 23.02 16.28 14.56 46.01 29.15 8.0 15.0 30.02 8.94 41.05 52.0 39.01 13.0 43.42 51.92 19.65 25.08 22.36 20.62 50.16 31.78 56.29 36.5 13.6 43.19 
32.89 22.47 5.39 25.02 24.76 36.77 0.0 10.05 20.88 27.02 3.61 10.3 17.03 36.06 18.38 10.44 20.4 6.0 31.06 17.72 4.47 19.92 15.23 26.25 8.25 13.45 19.7 21.59 21.02 5.39 21.02 29.0 33.84 18.68 11.05 14.04 15.65 9.06 24.41 18.03 15.03 21.1 26.91 19.21 9.06 34.53 22.56 13.6 27.86 13.89 22.8 13.93 29.07 8.54 16.0 24.21 15.0 21.63 18.03 18.87 5.1 21.1 20.1 26.17 13.45 
23.26 31.02 5.1 15.0 18.38 27.29 10.05 0.0 30.41 17.12 7.07 9.43 12.04 26.4 16.28 11.4 19.92 16.03 21.21 16.76 14.04 24.08 24.52 18.87 18.25 9.06 17.12 11.7 11.0 15.03 18.03 21.95 25.46 28.28 2.24 24.0 21.4 19.1 32.7 28.0 5.0 12.81 19.72 26.08 2.24 24.52 12.65 13.42 18.36 20.25 30.87 19.21 21.63 18.11 26.02 18.68 11.05 17.12 8.0 27.51 5.0 31.02 22.47 16.12 21.02 
51.24 6.08 25.32 45.28 38.9 54.59 20.88 30.41 0.0 47.52 23.35 25.18 31.78 54.33 29.15 23.35 27.78 15.23 51.62 27.31 16.49 19.1 6.0 41.48 14.42 29.27 30.46 41.01 41.3 15.52 31.78 43.32 49.73 2.24 31.78 7.81 15.26 13.04 8.0 5.39 35.36 38.33 41.76 12.04 29.83 54.0 42.01 25.0 46.17 14.32 8.25 16.55 43.97 12.37 7.21 37.34 29.61 34.18 38.33 5.66 25.5 4.12 22.8 46.1 11.7 
12.65 47.8 22.2 2.83 21.47 16.55 27.02 17.12 47.52 0.0 24.19 24.17 21.26 14.76 26.91 26.4 31.14 33.02 4.12 28.43 31.14 38.59 41.59 19.31 35.01 21.1 26.87 8.49 6.32 32.14 26.91 21.84 20.02 45.4 16.0 41.05 37.16 36.0 49.34 45.04 12.17 15.0 20.25 42.15 18.0 9.9 7.81 26.93 11.05 36.4 47.43 34.93 20.62 35.23 43.01 23.32 22.2 24.21 9.22 44.38 22.09 48.09 35.81 4.12 37.64 
29.41 24.17 2.0 22.02 21.26 33.24 3.61 7.07 23.35 24.19 0.0 7.28 13.6 32.57 15.52 8.0 18.03 9.22 28.28 15.13 7.0 19.24 17.46 22.67 11.7 10.0 16.76 18.25 18.03 8.0 18.03 25.46 30.23 21.21 8.54 17.03 15.62 12.37 25.94 21.02 12.04 17.49 23.35 19.85 6.71 31.26 19.24 11.05 24.35 14.14 24.19 13.6 25.5 11.05 19.1 20.81 11.66 18.36 15.03 20.62 2.24 24.0 18.68 23.02 14.42 
26.08 24.19 7.0 21.54 15.0 29.43 10.3 9.43 25.18 24.17 7.28 0.0 7.21 29.15 8.25 2.24 11.05 14.21 28.23 8.0 11.4 14.87 19.24 17.0 17.03 4.12 9.49 16.49 17.89 12.21 10.77 19.42 25.08 23.35 11.66 20.62 13.0 17.2 25.5 24.35 12.81 13.15 17.49 18.03 10.77 29.15 17.46 4.12 21.02 12.37 23.54 10.77 19.72 14.32 22.85 14.14 5.0 11.4 15.26 21.02 8.0 26.93 13.04 21.84 14.04 
20.1 30.02 12.53 18.44 7.81 23.02 17.03 12.04 31.78 21.26 13.6 7.21 0.0 23.02 5.66 8.54 9.9 21.4 25.0 7.21 18.6 18.03 25.96 9.85 24.21 3.61 5.83 12.81 15.62 19.42 6.32 12.21 18.03 30.08 14.0 27.73 18.03 24.41 31.02 31.38 12.65 7.28 10.3 23.09 14.14 24.04 13.6 7.0 15.3 18.03 29.02 16.0 12.53 21.47 29.97 7.21 2.24 5.1 13.89 27.17 13.42 33.84 14.76 18.03 20.22 
3.16 53.0 30.68 14.21 18.03 2.0 36.06 26.4 54.33 14.76 32.57 29.15 23.02 0.0 27.46 31.06 31.05 41.76 14.32 29.43 39.29 40.61 48.37 14.87 44.27 25.08 26.68 14.76 17.03 40.26 25.96 15.26 9.22 52.47 26.42 49.24 41.05 44.92 54.04 53.15 21.95 16.03 15.23 46.1 28.18 6.0 13.89 30.02 8.25 41.0 52.04 39.01 13.89 42.95 51.42 20.25 25.0 22.8 19.42 50.04 31.02 55.9 36.88 12.04 43.05 
24.74 26.48 15.13 24.08 10.05 27.17 18.38 16.28 29.15 26.91 15.52 8.25 5.66 27.46 0.0 8.06 4.24 21.4 30.61 2.0 18.6 13.15 23.71 13.0 24.21 7.28 1.41 18.44 21.26 19.21 2.83 14.32 21.1 27.73 18.44 26.4 14.32 24.08 27.17 29.68 17.89 12.53 13.04 19.1 18.11 29.15 19.21 5.0 20.25 14.87 25.18 12.65 15.13 20.52 28.6 8.25 5.39 5.1 19.42 24.04 16.12 31.76 9.49 23.6 17.46 
28.02 22.09 8.25 23.77 16.12 31.26 10.44 11.4 23.35 26.4 8.0 2.24 8.54 31.06 8.06 0.0 10.05 13.45 30.46 7.28 10.63 12.73 17.46 18.38 16.28 6.0 9.43 18.68 20.12 11.31 10.82 20.59 26.57 21.59 13.6 19.24 10.77 16.28 23.35 22.85 15.0 15.03 18.79 15.81 12.53 31.26 19.65 3.16 23.0 10.2 21.38 8.54 21.02 13.04 21.47 15.0 6.32 12.04 17.49 19.0 9.22 25.3 11.18 24.04 12.0 
28.46 24.35 18.03 28.32 13.15 30.59 20.4 19.92 27.78 31.14 18.03 11.05 9.9 31.05 4.24 10.05 0.0 22.36 34.83 3.16 19.7 10.05 22.8 16.28 25.06 11.18 4.47 22.67 25.5 20.12 5.1 17.0 24.02 26.63 22.14 26.17 12.53 24.7 24.74 29.07 21.95 16.64 16.12 16.76 21.59 33.11 23.43 7.0 24.17 13.6 22.8 11.4 18.03 20.81 28.28 11.05 9.43 8.25 23.6 22.36 19.03 30.81 6.0 27.8 16.4 
38.6 17.69 11.18 31.02 29.21 42.38 6.0 16.03 15.23 33.02 9.22 14.21 21.4 41.76 21.4 13.45 22.36 0.0 37.05 20.25 2.83 19.0 10.0 31.06 2.83 18.03 22.8 27.46 27.02 2.24 24.21 33.6 38.95 13.0 17.03 8.06 14.04 3.16 19.8 12.04 21.02 26.4 31.62 16.16 15.03 40.45 28.44 16.4 33.53 12.04 18.44 13.04 33.84 3.61 10.0 28.32 19.21 25.46 24.02 14.14 11.05 15.13 20.4 32.14 10.44 
13.0 51.92 26.31 6.71 24.41 16.28 31.06 21.21 51.62 4.12 28.28 28.23 25.0 14.32 30.61 30.46 34.83 37.05 0.0 32.2 35.23 42.54 45.71 21.95 39.0 25.06 30.48 12.21 10.44 36.22 30.41 24.17 21.21 49.5 20.02 45.1 41.23 40.01 53.45 49.09 16.28 18.38 22.83 46.24 22.02 8.54 11.4 30.89 13.0 40.5 51.55 39.0 22.85 39.32 47.04 26.4 26.08 27.59 13.34 48.51 26.17 52.15 39.66 7.07 41.76 
26.68 24.52 15.0 25.61 12.04 29.15 17.72 16.76 27.31 28.43 15.13 8.0 7.21 29.43 2.0 7.28 3.16 20.25 32.2 0.0 17.49 11.18 21.95 15.0 23.02 8.06 3.16 20.0 22.63 18.03 4.47 16.28 23.09 25.94 18.97 24.84 12.37 22.8 25.18 28.02 18.87 14.32 15.03 17.12 18.44 31.02 20.81 4.12 22.14 13.0 23.19 10.77 17.12 19.1 27.02 10.2 6.4 7.07 20.62 22.14 16.0 30.02 7.62 25.24 15.65 
36.14 18.03 9.0 29.02 26.4 39.85 4.47 14.04 16.49 31.14 7.0 11.4 18.6 39.29 18.6 10.63 19.7 2.83 35.23 17.49 0.0 17.12 10.77 28.3 5.66 15.26 20.0 25.18 25.02 1.0 21.4 30.81 36.24 14.32 15.3 10.05 12.37 5.83 20.0 14.04 19.03 23.77 28.84 15.26 13.34 38.21 26.17 13.6 31.05 10.44 18.44 11.05 31.06 4.12 12.17 25.5 16.4 22.63 22.02 14.42 9.06 17.0 18.11 30.02 9.43 
37.85 14.76 20.25 35.85 23.02 40.31 19.92 24.08 19.1 38.59 19.24 14.87 18.03 40.61 13.15 12.73 10.05 19.0 42.54 11.18 17.12 0.0 15.26 26.08 21.1 17.49 14.04 30.41 32.45 17.03 15.0 27.02 34.0 18.44 26.25 19.7 5.1 20.22 14.87 21.63 27.66 25.3 26.02 7.21 25.0 42.06 31.3 11.66 33.24 7.07 13.0 6.08 28.0 16.12 21.47 21.0 16.55 18.03 30.0 13.45 21.1 22.67 4.12 35.78 9.49 
45.28 7.81 19.42 39.32 33.24 48.66 15.23 24.52 6.0 41.59 17.46 19.24 25.96 48.37 23.71 17.46 22.8 10.0 45.71 21.95 10.77 15.26 0.0 35.74 10.0 23.35 25.06 35.01 35.36 9.85 26.42 37.7 43.97 4.12 25.96 5.0 10.63 8.6 10.0 6.4 29.43 32.39 36.06 9.22 24.04 48.0 36.01 19.31 40.2 9.22 8.94 11.4 38.28 6.71 6.32 31.78 23.77 28.64 32.39 4.47 19.65 8.06 18.44 40.11 6.4 
12.53 39.32 21.21 16.76 3.16 14.32 26.25 18.87 41.48 19.31 22.67 17.0 9.85 14.87 13.0 18.38 16.28 31.06 21.95 15.0 28.3 26.08 35.74 0.0 33.84 13.04 12.04 12.04 16.03 29.15 11.18 3.16 8.25 39.85 20.12 37.58 27.17 34.13 40.11 41.23 16.76 6.32 1.0 32.06 21.1 17.8 12.17 16.49 9.22 27.46 38.12 25.32 2.83 31.3 39.81 5.39 12.08 8.06 16.12 36.67 21.93 43.66 22.2 15.23 29.83 
41.11 17.8 13.6 33.14 32.02 44.94 8.25 18.25 14.42 35.01 11.7 17.03 24.21 44.27 24.21 16.28 25.06 2.83 39.0 23.02 5.66 21.1 10.0 33.84 0.0 20.81 25.61 29.83 29.15 5.0 27.02 36.4 41.68 12.21 19.03 6.71 16.03 1.41 20.0 10.44 23.19 29.07 34.41 17.46 17.03 42.76 30.81 19.21 36.06 14.04 18.87 15.3 36.62 5.0 8.25 31.14 22.02 28.28 26.17 14.42 13.34 13.6 22.8 34.37 12.04 
22.02 28.07 8.94 18.36 11.31 25.32 13.45 9.06 29.27 21.1 10.0 4.12 3.61 25.08 7.28 6.0 11.18 18.03 25.06 8.06 15.26 17.49 23.35 13.04 20.81 0.0 8.06 13.0 15.0 16.12 9.0 15.62 21.02 27.46 11.18 24.7 16.49 21.1 29.27 28.46 10.82 9.06 13.6 21.59 11.0 25.32 13.93 5.83 17.0 16.12 27.29 14.32 15.81 18.38 26.93 10.82 2.0 8.54 12.73 25.0 9.85 31.05 14.87 18.38 18.0 
24.04 27.66 16.28 24.04 9.0 26.31 19.7 17.12 30.46 26.87 16.76 9.49 5.83 26.68 1.41 9.43 4.47 22.8 30.48 3.16 20.0 14.04 25.06 12.04 25.61 8.06 0.0 18.38 21.4 20.62 1.41 13.15 20.02 29.07 19.24 27.8 15.52 25.5 28.28 31.06 18.38 12.21 12.0 20.22 19.03 28.64 19.1 6.4 19.7 16.16 26.31 13.93 14.04 21.93 30.0 7.07 6.08 4.0 19.72 25.3 17.26 33.12 10.2 23.43 18.79 
11.66 40.61 16.28 5.66 13.6 15.81 21.59 11.7 41.01 8.49 18.25 16.49 12.81 14.76 18.44 18.68 22.67 27.46 12.21 20.0 25.18 30.41 35.01 12.04 29.83 13.0 18.38 0.0 4.0 26.17 18.44 15.0 15.65 39.0 11.66 35.23 29.41 30.59 41.98 39.2 7.21 6.71 13.04 34.48 13.42 13.04 1.0 18.79 7.07 28.86 40.02 27.2 14.04 29.07 37.34 15.23 13.89 15.81 5.0 37.34 16.49 42.11 27.46 5.39 30.41 
14.14 41.48 16.03 4.0 17.46 18.38 21.02 11.0 41.3 6.32 18.03 17.89 15.62 17.03 21.26 20.12 25.5 27.02 10.44 22.63 25.02 32.45 35.36 16.03 29.15 15.0 21.4 4.0 0.0 26.02 21.63 19.0 19.31 39.2 10.2 35.0 30.87 30.07 43.01 39.0 6.0 10.44 17.03 35.85 12.17 13.93 4.12 20.81 10.3 30.08 41.11 28.64 18.03 29.07 37.01 18.97 16.28 19.24 3.0 38.08 16.0 42.01 29.83 5.39 31.32 
37.11 17.2 10.0 30.02 27.2 40.8 5.39 15.03 15.52 32.14 8.0 12.21 19.42 40.26 19.21 11.31 20.12 2.24 36.22 18.03 1.0 17.03 9.85 29.15 5.0 16.12 20.62 26.17 26.02 0.0 22.02 31.62 37.12 13.34 16.28 9.06 12.17 5.0 19.21 13.04 20.02 24.7 29.68 14.76 14.32 39.2 27.17 14.21 32.02 10.2 17.69 11.0 31.91 3.16 11.18 26.25 17.2 23.35 23.02 13.6 10.05 16.0 18.25 31.02 8.94 
23.41 28.86 17.46 24.08 8.06 25.5 21.02 18.03 31.78 26.91 18.03 10.77 6.32 25.96 2.83 10.82 5.1 24.21 30.41 4.47 21.4 15.0 26.42 11.18 27.02 9.0 1.41 18.44 21.63 22.02 0.0 12.04 19.0 30.41 20.1 29.21 16.76 26.91 29.43 32.45 18.97 12.04 11.05 21.38 20.0 28.18 19.1 7.81 19.24 17.46 27.46 15.23 13.0 23.35 31.4 6.0 7.0 3.16 20.12 26.57 18.44 34.48 11.05 23.35 20.12 
13.45 40.79 24.08 19.42 4.47 14.32 29.0 21.95 43.32 21.84 25.46 19.42 12.21 15.26 14.32 20.59 17.0 33.6 24.17 16.28 30.81 27.02 37.7 3.16 36.4 15.62 13.15 15.0 19.0 31.62 12.04 0.0 7.07 41.79 23.26 39.82 28.64 36.62 41.44 43.38 19.92 9.49 2.24 33.38 24.19 19.1 15.03 18.38 11.18 29.12 39.46 26.93 1.41 33.62 42.06 6.08 14.42 9.22 19.24 38.33 24.84 45.69 23.0 17.72 31.62 
8.54 47.52 28.6 18.25 11.05 7.81 33.84 25.46 49.73 20.02 30.23 25.08 18.03 9.22 21.1 26.57 24.02 38.95 21.21 23.09 36.24 34.0 43.97 8.25 41.68 21.02 20.02 15.65 19.31 37.12 19.0 7.07 0.0 48.08 26.25 45.69 35.36 42.06 48.26 49.4 22.2 12.81 8.06 40.2 27.59 14.32 15.23 24.74 9.22 35.69 46.27 33.54 6.0 39.4 47.93 13.0 20.25 16.03 20.59 44.91 29.21 51.87 30.02 16.12 38.08 
49.37 7.07 23.19 43.19 37.34 52.77 18.68 28.28 2.24 45.4 21.21 23.35 30.08 52.47 27.73 21.59 26.63 13.0 49.5 25.94 14.32 18.44 4.12 39.85 12.21 27.46 29.07 39.0 39.2 13.34 30.41 41.79 48.08 0.0 29.61 5.66 14.21 10.82 9.22 4.0 33.24 36.5 40.16 11.66 27.66 52.01 40.0 23.41 44.28 13.04 9.0 15.26 42.38 10.2 5.39 35.85 27.89 32.7 36.22 5.39 23.35 4.24 21.93 44.05 10.3 
23.32 32.7 6.71 14.14 19.92 27.46 11.05 2.24 31.78 16.0 8.54 11.66 14.0 26.42 18.44 13.6 22.14 17.03 20.02 18.97 15.3 26.25 25.96 20.12 19.03 11.18 19.24 11.66 10.2 16.28 20.1 23.26 26.25 29.61 0.0 25.08 23.43 20.0 34.44 29.07 4.47 13.89 21.02 28.02 2.0 24.04 12.53 15.65 18.6 22.2 32.65 21.26 22.83 19.42 27.02 20.4 13.15 19.03 7.28 29.15 6.32 32.14 24.7 15.52 22.83 
46.1 12.08 19.03 39.0 35.36 49.73 14.04 24.0 7.81 41.05 17.03 20.62 27.73 49.24 26.4 19.24 26.17 8.06 45.1 24.84 10.05 19.7 5.0 37.58 6.71 24.7 27.8 35.23 35.0 9.06 29.21 39.82 45.69 5.66 25.08 0.0 14.76 5.39 14.32 4.0 29.0 33.53 38.01 14.14 23.09 48.26 36.22 21.63 41.0 13.04 13.6 15.0 40.25 6.32 2.24 34.13 25.5 31.06 32.0 9.22 19.0 7.07 22.47 40.05 10.3 
38.12 12.17 16.97 34.54 24.33 41.0 15.65 21.4 15.26 37.16 15.62 13.0 18.03 41.05 14.32 10.77 12.53 14.04 41.23 12.37 12.37 5.1 10.63 27.17 16.03 16.49 15.52 29.41 30.87 12.17 16.76 28.64 35.36 14.21 23.43 14.76 0.0 15.13 13.0 17.03 25.55 25.18 27.29 5.1 21.93 41.77 30.36 11.05 33.24 2.0 11.0 2.24 29.43 11.05 16.64 22.56 16.12 19.42 28.18 9.85 17.69 18.44 7.81 34.79 4.47 
41.76 16.4 14.32 34.06 32.2 45.54 9.06 19.1 13.04 36.0 12.37 17.2 24.41 44.92 24.08 16.28 24.7 3.16 40.01 22.8 5.83 20.22 8.6 34.13 1.41 21.1 25.5 30.59 30.07 5.0 26.91 36.62 42.06 10.82 20.0 5.39 15.13 0.0 18.6 9.22 24.08 29.55 34.67 16.28 18.0 43.57 31.58 19.1 36.69 13.15 17.49 14.56 36.89 4.12 7.07 31.24 22.2 28.32 27.07 13.04 14.14 12.37 22.14 35.23 11.0 
51.09 2.24 27.73 46.84 37.22 54.0 24.41 32.7 8.0 49.34 25.94 25.5 31.02 54.04 27.17 23.35 24.74 19.8 53.45 25.18 20.0 14.87 10.0 40.11 20.0 29.27 28.28 41.98 43.01 19.21 29.43 41.44 48.26 9.22 34.44 14.32 13.0 18.6 0.0 13.15 37.34 38.12 40.2 8.06 32.65 54.59 42.95 24.02 46.17 13.15 2.0 15.03 42.3 16.28 14.56 35.36 29.07 32.25 40.16 5.66 28.18 12.04 18.97 47.3 11.7 
50.01 11.05 23.02 43.0 38.91 53.6 18.03 28.0 5.39 45.04 21.02 24.35 31.38 53.15 29.68 22.85 29.07 12.04 49.09 28.02 14.04 21.63 6.4 41.23 10.44 28.46 31.06 39.2 39.0 13.04 32.45 43.38 49.4 4.0 29.07 4.0 17.03 9.22 13.15 0.0 33.0 37.36 41.63 15.23 27.07 52.24 40.2 25.06 44.91 15.56 13.0 17.69 43.86 10.2 2.24 37.59 29.15 34.48 36.0 9.22 23.0 3.16 24.84 44.05 12.73 
18.87 35.74 10.05 10.0 17.12 23.02 15.03 5.0 35.36 12.17 12.04 12.81 12.65 21.95 17.89 15.0 21.95 21.02 16.28 18.87 19.03 27.66 29.43 16.76 23.19 10.82 18.38 7.21 6.0 20.02 18.97 19.92 22.2 33.24 4.47 29.0 25.55 24.08 37.34 33.0 0.0 10.44 17.72 30.41 6.32 19.65 8.06 16.28 14.21 24.6 35.47 23.32 19.31 23.09 31.02 18.0 12.53 17.26 3.0 32.28 10.0 36.01 25.5 11.18 25.63 
13.0 37.01 15.81 12.21 7.07 16.28 21.1 12.81 38.33 15.0 17.49 13.15 7.28 16.03 12.53 15.03 16.64 26.4 18.38 14.32 23.77 25.3 32.39 6.32 29.07 9.06 12.21 6.71 10.44 24.7 12.04 9.49 12.81 36.5 13.89 33.53 25.18 29.55 38.12 37.36 10.44 0.0 7.28 30.27 15.0 16.76 7.21 14.14 8.06 25.02 36.12 23.09 8.94 27.2 35.74 8.54 9.06 9.22 10.0 34.01 16.4 40.02 21.93 11.31 27.02 
13.04 39.46 21.93 17.72 3.0 14.56 26.91 19.72 41.76 20.25 23.35 17.49 10.3 15.23 13.04 18.79 16.12 31.62 22.83 15.03 28.84 26.02 36.06 1.0 34.41 13.6 12.0 13.04 17.03 29.68 11.05 2.24 8.06 40.16 21.02 38.01 27.29 34.67 40.2 41.63 17.72 7.28 0.0 32.14 21.95 18.44 13.15 16.76 10.0 27.66 38.21 25.5 2.24 31.76 40.25 5.1 12.53 8.0 17.12 36.88 22.67 44.01 22.09 16.16 30.08 
43.19 7.62 21.4 39.56 29.15 46.01 19.21 26.08 12.04 42.15 19.85 18.03 23.09 46.1 19.1 15.81 16.76 16.16 46.24 17.12 15.26 7.21 9.22 32.06 17.46 21.59 20.22 34.48 35.85 14.76 21.38 33.38 40.2 11.66 28.02 14.14 5.1 16.28 8.06 15.23 30.41 30.27 32.14 0.0 26.4 46.87 35.44 16.12 38.33 5.83 6.08 7.28 34.23 12.65 15.52 27.29 21.21 24.19 33.11 6.4 22.02 15.81 11.18 39.85 5.83 
25.06 30.87 5.0 16.12 20.62 29.15 9.06 2.24 29.83 18.0 6.71 10.77 14.14 28.18 18.11 12.53 21.59 15.03 22.02 18.44 13.34 25.0 24.04 21.1 17.03 11.0 19.03 13.42 12.17 14.32 20.0 24.19 27.59 27.66 2.0 23.09 21.93 18.0 32.65 27.07 6.32 15.0 21.95 26.4 0.0 25.96 14.32 14.87 20.25 20.62 30.89 19.8 23.85 17.46 25.02 20.88 13.0 19.24 9.22 27.31 4.47 30.15 23.71 17.46 21.1 
5.83 53.34 29.27 10.3 20.81 8.0 34.53 24.52 54.0 9.9 31.26 29.15 24.04 6.0 29.15 31.26 33.11 40.45 8.54 31.02 38.21 42.06 48.0 17.8 42.76 25.32 28.64 13.04 13.93 39.2 28.18 19.1 14.32 52.01 24.04 48.26 41.77 43.57 54.59 52.24 19.65 16.76 18.44 46.87 25.96 0.0 12.04 30.81 8.94 41.44 52.61 39.62 17.69 42.11 50.36 23.02 25.71 25.06 16.76 50.16 29.43 55.15 38.63 8.54 43.19 
10.82 41.59 17.26 5.0 13.93 15.0 22.56 12.65 42.01 7.81 19.24 17.46 13.6 13.89 19.21 19.65 23.43 28.44 11.4 20.81 26.17 31.3 36.01 12.17 30.81 13.93 19.1 1.0 4.12 27.17 19.1 15.03 15.23 40.0 12.53 36.22 30.36 31.58 42.95 40.2 8.06 7.21 13.15 35.44 14.32 12.04 0.0 19.7 6.4 29.83 41.0 28.16 14.0 30.07 38.33 15.65 14.76 16.4 5.66 38.33 17.46 43.1 28.3 4.47 31.4 
27.07 23.02 11.05 24.19 13.93 30.02 13.6 13.42 25.0 26.93 11.05 4.12 7.0 30.02 5.0 3.16 7.0 16.4 30.89 4.12 13.6 11.66 19.31 16.49 19.21 5.83 6.4 18.79 20.81 14.21 7.81 18.38 24.74 23.41 15.65 21.63 11.05 19.1 24.02 25.06 16.28 14.14 16.76 16.12 14.87 30.81 19.7 0.0 22.2 11.05 22.02 9.0 18.97 15.62 23.85 12.53 5.1 9.43 18.44 20.22 12.04 27.31 9.22 24.17 13.34 
5.1 45.04 22.47 9.06 12.04 8.94 27.86 18.36 46.17 11.05 24.35 21.02 15.3 8.25 20.25 23.0 24.17 33.53 13.0 22.14 31.05 33.24 40.2 9.22 36.06 17.0 19.7 7.07 10.3 32.02 19.24 11.18 9.22 44.28 18.6 41.0 33.24 36.69 46.17 44.91 14.21 8.06 10.0 38.33 20.25 8.94 6.4 22.2 0.0 33.06 44.18 31.14 9.85 34.71 43.17 14.21 17.12 16.12 12.04 42.0 22.85 47.68 29.73 7.0 35.0 
38.01 12.0 15.62 33.84 24.74 41.05 13.89 20.25 14.32 36.4 14.14 12.37 18.03 41.0 14.87 10.2 13.6 12.04 40.5 13.0 10.44 7.07 9.22 27.46 14.04 16.12 16.16 28.86 30.08 10.2 17.46 29.12 35.69 13.04 22.2 13.04 2.0 13.15 13.15 15.56 24.6 25.02 27.66 5.83 20.62 41.44 29.83 11.05 33.06 0.0 11.18 2.24 29.83 9.06 15.0 23.09 16.0 19.92 27.31 9.22 16.28 17.2 9.43 34.21 2.83 
49.09 2.24 25.94 44.92 35.23 52.0 22.8 30.87 8.25 47.43 24.19 23.54 29.02 52.04 25.18 21.38 22.8 18.44 51.55 23.19 18.44 13.0 8.94 38.12 18.87 27.29 26.31 40.02 41.11 17.69 27.46 39.46 46.27 9.0 32.65 13.6 11.0 17.49 2.0 13.0 35.47 36.12 38.21 6.08 30.89 52.61 41.0 22.02 44.18 11.18 0.0 13.04 40.31 14.87 14.14 33.38 27.07 30.27 38.28 4.47 26.42 12.37 17.09 45.35 9.85 
36.06 14.04 14.87 32.31 22.56 39.01 13.93 19.21 16.55 34.93 13.6 10.77 16.0 39.01 12.65 8.54 11.4 13.04 39.0 10.77 11.05 6.08 11.4 25.32 15.3 14.32 13.93 27.2 28.64 11.0 15.23 26.93 33.54 15.26 21.26 15.0 2.24 14.56 15.03 17.69 23.32 23.09 25.5 7.28 19.8 39.62 28.16 9.0 31.14 2.24 13.04 0.0 27.66 10.44 17.03 20.88 14.04 17.72 25.94 11.4 15.62 19.42 7.62 32.57 5.0 
12.04 41.59 24.04 18.25 5.1 13.0 29.07 21.63 43.97 20.62 25.5 19.72 12.53 13.89 15.13 21.02 18.03 33.84 22.85 17.12 31.06 28.0 38.28 2.83 36.62 15.81 14.04 14.04 18.03 31.91 13.0 1.41 6.0 42.38 22.83 40.25 29.43 36.89 42.3 43.86 19.31 8.94 2.24 34.23 23.85 17.69 14.0 18.97 9.85 29.83 40.31 27.66 0.0 34.0 42.49 7.0 14.76 10.05 18.44 39.05 24.76 46.24 24.02 16.49 32.28 
39.81 14.21 13.04 33.06 29.15 43.42 8.54 18.11 12.37 35.23 11.05 14.32 21.47 42.95 20.52 13.04 20.81 3.61 39.32 19.1 4.12 16.12 6.71 31.3 5.0 18.38 21.93 29.07 29.07 3.16 23.35 33.62 39.4 10.2 19.42 6.32 11.05 4.12 16.28 10.2 23.09 27.2 31.76 12.65 17.46 42.11 30.07 15.62 34.71 9.06 14.87 10.44 34.0 0.0 8.54 28.02 19.24 25.0 26.08 10.63 13.15 13.04 18.03 34.0 7.07 
48.27 12.37 21.1 41.01 37.59 51.92 16.0 26.02 7.21 43.01 19.1 22.85 29.97 51.42 28.6 21.47 28.28 10.0 47.04 27.02 12.17 21.47 6.32 39.81 8.25 26.93 30.0 37.34 37.01 11.18 31.4 42.06 47.93 5.39 27.02 2.24 16.64 7.07 14.56 2.24 31.02 35.74 40.25 15.52 25.02 50.36 38.33 23.85 43.17 15.0 14.14 17.03 42.49 8.54 0.0 36.36 27.73 33.29 34.01 10.0 21.02 5.39 24.41 42.11 12.21 
17.89 34.71 19.72 20.59 2.24 19.65 24.21 18.68 37.34 23.32 20.81 14.14 7.21 20.25 8.25 15.0 11.05 28.32 26.4 10.2 25.5 21.0 31.78 5.39 31.14 10.82 7.07 15.23 18.97 26.25 6.0 6.08 13.0 35.85 20.4 34.13 22.56 31.24 35.36 37.59 18.0 8.54 5.1 27.29 20.88 23.02 15.65 12.53 14.21 23.09 33.38 20.88 7.0 28.02 36.36 0.0 9.22 3.16 18.25 32.28 20.59 39.81 17.03 19.42 25.63 
22.02 28.0 10.77 19.42 10.0 25.08 15.0 11.05 29.61 22.2 11.66 5.0 2.24 25.0 5.39 6.32 9.43 19.21 26.08 6.4 16.4 16.55 23.77 12.08 22.02 2.0 6.08 13.89 16.28 17.2 7.0 14.42 20.25 27.89 13.15 25.5 16.12 22.2 29.07 29.15 12.53 9.06 12.53 21.21 13.0 25.71 14.76 5.1 17.12 16.0 27.07 14.04 14.76 19.24 27.73 9.22 0.0 6.71 14.21 25.08 11.7 31.62 13.6 19.24 18.11 
20.25 31.58 17.46 21.4 5.0 22.36 21.63 17.12 34.18 24.21 18.36 11.4 5.1 22.8 5.1 12.04 8.25 25.46 27.59 7.07 22.63 18.03 28.64 8.06 28.28 8.54 4.0 15.81 19.24 23.35 3.16 9.22 16.03 32.7 19.03 31.06 19.42 28.32 32.25 34.48 17.26 9.22 8.0 24.19 19.24 25.06 16.4 9.43 16.12 19.92 30.27 17.72 10.05 25.0 33.29 3.16 6.71 0.0 18.03 29.12 18.38 36.67 14.14 20.52 22.47 
16.4 38.6 13.04 7.0 17.03 20.62 18.03 8.0 38.33 9.22 15.03 15.26 13.89 19.42 19.42 17.49 23.6 24.02 13.34 20.62 22.02 30.0 32.39 16.12 26.17 12.73 19.72 5.0 3.0 23.02 20.12 19.24 20.59 36.22 7.28 32.0 28.18 27.07 40.16 36.0 3.0 10.0 17.12 33.11 9.22 16.76 5.66 18.44 12.04 27.31 38.28 25.94 18.44 26.08 34.01 18.25 14.21 18.03 0.0 35.17 13.0 39.01 27.59 8.25 28.46 
47.01 3.61 22.47 41.98 33.96 50.16 18.87 27.51 5.66 44.38 20.62 21.02 27.17 50.04 24.04 19.0 22.36 14.14 48.51 22.14 14.42 13.45 4.47 36.67 14.42 25.0 25.3 37.34 38.08 13.6 26.57 38.33 44.91 5.39 29.15 9.22 9.85 13.04 5.66 9.22 32.28 34.01 36.88 6.4 27.31 50.16 38.33 20.22 42.0 9.22 4.47 11.4 39.05 10.63 10.0 32.28 25.08 29.12 35.17 0.0 22.85 9.43 17.2 42.58 7.0 
27.86 26.4 1.0 20.0 20.81 31.78 5.1 5.0 25.5 22.09 2.24 8.0 13.42 31.02 16.12 9.22 19.03 11.05 26.17 16.0 9.06 21.1 19.65 21.93 13.34 9.85 17.26 16.49 16.0 10.05 18.44 24.84 29.21 23.35 6.32 19.0 17.69 14.14 28.18 23.0 10.0 16.4 22.67 22.02 4.47 29.43 17.46 12.04 22.85 16.28 26.42 15.62 24.76 13.15 21.02 20.59 11.7 18.38 13.0 22.85 0.0 26.02 20.25 21.1 16.64 
52.77 10.2 26.0 46.01 41.23 56.29 21.1 31.02 4.12 48.09 24.0 26.93 33.84 55.9 31.76 25.3 30.81 15.13 52.15 30.02 17.0 22.67 8.06 43.66 13.6 31.05 33.12 42.11 42.01 16.0 34.48 45.69 51.87 4.24 32.14 7.07 18.44 12.37 12.04 3.16 36.01 40.02 44.01 15.81 30.15 55.15 43.1 27.31 47.68 17.2 12.37 19.42 46.24 13.04 5.39 39.81 31.62 36.67 39.01 9.43 26.02 0.0 26.17 47.01 14.42 
34.21 18.79 19.31 33.02 19.1 36.5 20.1 22.47 22.8 35.81 18.68 13.04 14.76 36.88 9.49 11.18 6.0 20.4 39.66 7.62 18.11 4.12 18.44 22.2 22.8 14.87 10.2 27.46 29.83 18.25 11.05 23.0 30.02 21.93 24.7 22.47 7.81 22.14 18.97 24.84 25.5 21.93 22.09 11.18 23.71 38.63 28.3 9.22 29.73 9.43 17.09 7.62 24.02 18.03 24.41 17.03 13.6 14.14 27.59 17.2 20.25 26.17 0.0 32.76 12.21 
9.43 45.89 21.02 2.24 17.49 13.6 26.17 16.12 46.1 4.12 23.02 21.84 18.03 12.04 23.6 24.04 27.8 32.14 7.07 25.24 30.02 35.78 40.11 15.23 34.37 18.38 23.43 5.39 5.39 31.02 23.35 17.72 16.12 44.05 15.52 40.05 34.79 35.23 47.3 44.05 11.18 11.31 16.16 39.85 17.46 8.54 4.47 24.17 7.0 34.21 45.35 32.57 16.49 34.0 42.11 19.42 19.24 20.52 8.25 42.58 21.1 47.01 32.76 0.0 35.69 
40.01 10.2 16.12 35.17 27.2 43.19 13.45 21.02 11.7 37.64 14.42 14.04 20.22 43.05 17.46 12.0 16.4 10.44 41.76 15.65 9.43 9.49 6.4 29.83 12.04 18.0 18.79 30.41 31.32 8.94 20.12 31.62 38.08 10.3 22.83 10.3 4.47 11.0 11.7 12.73 25.63 27.02 30.08 5.83 21.1 43.19 31.4 13.34 35.0 2.83 9.85 5.0 32.28 7.07 12.21 25.63 18.11 22.47 28.46 7.0 16.64 14.42 12.21 35.69 0.0 
