95
0.0 37.34 84.15 61.13 38.01 114.0 40.5 110.0 39.81 78.23 63.35 57.01 67.68 76.38 29.12 99.13 29.15 62.39 32.25 61.07 61.62 48.01 61.98 43.42 31.58 5.39 46.1 56.72 72.18 44.55 46.4 50.7 50.8 98.08 88.12 45.88 51.61 27.89 113.09 100.12 52.01 73.76 49.52 20.1 100.0 73.82 89.87 54.15 71.51 17.72 37.7 116.9 82.02 63.6 75.66 92.1 65.19 28.16 30.81 52.77 9.06 43.05 62.39 44.29 24.7 32.56 38.42 89.81 124.04 91.18 24.08 95.63 51.88 28.02 7.0 61.68 30.81 48.7 60.0 54.34 41.23 53.26 14.76 109.84 83.29 5.83 86.41 73.6 96.0 61.4 64.85 70.29 58.55 11.0 61.66 
37.34 0.0 58.69 73.79 57.38 115.43 19.03 111.66 52.7 61.2 71.17 63.91 61.01 60.73 9.49 99.3 37.2 80.16 49.58 25.3 46.87 44.91 24.74 45.88 6.08 42.58 35.06 58.18 46.82 26.48 33.24 59.09 19.1 101.64 73.11 54.56 35.36 37.2 100.12 103.87 16.16 68.15 39.01 41.79 101.95 62.29 65.55 71.85 49.24 47.41 46.14 111.16 57.01 33.24 61.0 68.35 57.72 12.04 56.22 63.51 38.21 54.45 64.41 46.82 14.56 12.08 28.18 68.41 105.76 80.1 43.38 84.02 21.02 42.72 44.28 25.55 17.69 14.21 42.45 17.46 38.6 39.2 44.72 104.39 89.55 35.44 74.03 53.71 98.23 39.4 67.68 43.46 21.21 26.48 27.78 
84.15 58.69 0.0 132.42 114.59 82.13 76.24 79.51 110.94 19.31 129.81 122.56 117.09 112.11 60.21 68.01 95.29 138.31 106.85 62.01 100.98 103.09 48.01 104.55 60.42 89.14 92.44 51.09 12.21 39.6 38.83 117.78 68.73 74.95 26.87 113.22 90.8 61.91 49.4 76.85 60.53 41.76 96.05 73.25 72.67 30.08 7.07 129.87 13.42 100.0 104.65 68.24 2.24 77.01 24.04 10.05 37.05 69.77 111.4 122.16 78.87 64.03 53.08 105.48 62.2 70.77 46.23 13.0 49.01 37.48 71.2 39.05 37.7 66.65 89.27 41.01 53.91 45.22 95.75 47.52 97.14 94.92 81.27 63.25 71.17 85.7 32.02 103.0 70.49 90.27 125.87 15.23 51.04 76.69 68.01 
61.13 73.79 132.42 0.0 23.54 175.07 58.01 171.07 22.36 132.56 9.06 12.53 34.37 51.62 73.05 160.0 37.64 11.05 29.0 81.32 46.52 32.56 91.83 28.6 72.24 59.68 43.84 117.11 120.42 96.17 100.9 15.0 69.43 159.2 143.84 19.24 49.04 88.05 170.29 161.25 76.84 132.97 41.87 81.22 161.05 130.82 139.2 10.63 122.2 44.91 27.86 176.82 130.68 71.4 131.22 141.95 123.47 62.77 32.89 10.3 70.18 104.17 123.04 27.8 72.53 61.72 93.17 141.51 178.35 148.85 85.21 153.17 94.81 89.05 61.98 96.26 81.74 87.71 50.61 87.92 36.4 45.8 74.81 169.76 144.42 56.01 143.39 57.57 157.05 57.45 18.0 117.2 87.62 61.4 77.16 
38.01 57.38 114.59 23.54 0.0 152.0 45.79 148.0 9.06 112.54 27.78 23.35 42.95 57.97 54.38 137.13 20.62 24.74 7.81 71.2 47.1 29.02 79.03 22.0 54.41 36.22 36.88 94.53 102.4 76.49 80.41 17.8 58.67 136.03 123.37 15.23 43.74 65.49 149.33 138.06 64.64 111.0 37.22 58.01 138.0 109.77 121.08 16.28 103.35 21.38 15.3 154.57 112.68 65.15 110.72 123.66 101.87 45.45 10.0 17.2 47.0 81.01 100.32 22.02 52.77 45.97 72.45 122.54 158.62 127.61 62.01 132.0 77.8 66.03 38.47 82.07 61.74 71.59 49.04 73.59 27.66 42.19 51.35 147.5 121.15 33.24 122.41 60.3 134.0 54.45 32.53 99.57 74.81 39.85 68.45 
114.0 115.43 82.13 175.07 152.0 0.0 133.81 4.0 153.26 64.44 176.56 169.76 174.42 176.14 109.9 16.16 139.92 176.1 146.09 132.41 161.97 155.72 120.22 153.58 112.64 116.07 148.43 58.86 84.5 89.32 82.28 163.6 133.15 16.28 55.32 158.62 150.28 87.37 43.93 14.56 126.63 47.85 152.55 94.01 14.04 56.86 78.41 168.03 78.24 131.06 149.75 22.02 81.34 145.84 61.22 76.61 58.18 120.54 144.12 166.3 105.0 71.01 52.61 154.57 107.71 124.45 87.64 70.6 62.29 44.69 90.01 43.83 101.53 86.02 114.16 113.21 99.46 108.69 157.8 115.41 148.48 153.84 101.18 21.84 31.58 119.07 50.21 169.01 18.03 154.73 176.5 88.24 121.31 114.63 137.74 
40.5 19.03 76.24 58.01 45.79 133.81 0.0 129.99 39.05 80.1 54.12 47.01 42.0 42.54 24.17 117.72 25.5 65.8 38.47 25.5 28.16 26.93 33.97 29.41 21.19 44.64 16.28 75.77 64.76 45.4 51.97 43.01 13.0 119.62 92.05 39.05 16.49 51.4 119.07 121.84 19.1 86.88 20.1 52.5 120.17 81.3 83.24 58.0 67.74 43.1 31.89 130.12 74.73 23.35 80.01 86.13 76.49 14.87 47.76 47.8 45.28 69.63 82.08 30.23 27.46 10.0 46.17 86.68 124.15 99.13 55.17 103.04 38.83 55.97 47.13 38.28 34.54 31.05 24.17 30.02 21.63 20.22 52.48 123.32 106.93 36.14 93.05 36.62 116.38 22.67 49.65 61.13 29.73 30.41 23.54 
110.0 111.66 79.51 171.07 148.0 4.0 129.99 0.0 149.27 61.52 172.57 165.77 170.52 172.35 106.04 12.53 135.94 172.1 142.09 128.89 158.15 151.8 116.81 149.63 108.81 112.07 144.55 54.92 81.47 85.62 78.55 159.62 129.47 12.37 52.8 154.64 146.45 83.38 43.29 10.77 123.0 44.29 148.68 90.01 10.05 53.6 76.03 164.03 75.17 127.06 145.77 22.56 78.64 142.23 58.14 74.33 54.56 116.66 140.13 162.31 101.0 67.01 48.66 150.62 103.81 120.6 83.82 68.24 62.03 42.2 86.01 41.68 98.01 82.02 110.16 109.84 95.6 105.1 154.0 111.89 144.54 150.0 97.19 21.1 27.66 115.07 47.51 165.28 14.04 150.99 172.54 85.15 117.83 110.65 134.18 
39.81 52.7 110.94 22.36 9.06 153.26 39.05 149.27 0.0 110.37 23.54 17.46 34.48 49.04 51.08 138.03 15.65 27.46 8.06 64.07 38.05 20.0 72.86 13.04 50.54 39.22 28.46 95.01 98.84 74.0 78.59 11.18 51.61 137.52 121.56 7.07 35.17 66.01 147.96 139.61 58.14 110.65 28.44 59.84 139.23 108.47 117.62 19.21 100.32 25.55 7.21 154.55 109.13 57.01 108.93 120.3 101.12 41.18 17.49 13.04 48.84 82.61 101.0 13.0 50.29 40.8 70.83 119.62 156.26 126.5 63.79 130.82 73.57 67.36 41.79 76.49 59.48 66.85 40.11 68.01 19.31 33.38 54.12 147.49 122.92 34.37 121.05 51.24 135.24 45.71 26.08 95.77 68.62 39.12 60.9 
78.23 61.2 19.31 132.56 112.54 64.44 80.1 61.52 110.37 0.0 131.24 123.98 122.07 119.71 59.67 49.58 94.92 137.06 105.11 71.57 107.07 105.93 58.19 106.1 61.0 82.66 96.25 34.48 20.25 36.4 32.2 118.6 75.43 56.04 12.04 113.76 96.0 52.4 39.0 58.01 67.74 22.56 100.18 63.66 54.04 11.05 19.0 128.51 14.32 95.38 104.81 53.31 17.89 86.12 5.0 19.24 19.65 70.41 107.78 122.53 71.4 49.65 35.23 107.08 60.08 72.69 40.25 13.93 46.1 21.02 60.83 24.04 42.19 55.9 82.2 50.92 50.92 50.16 102.18 55.11 99.3 100.0 72.18 47.41 51.87 81.01 14.76 111.31 51.61 97.62 128.57 24.19 60.17 72.92 77.37 
63.35 71.17 129.81 9.06 27.78 176.56 54.12 172.57 23.54 131.24 0.0 7.28 25.71 42.95 71.59 161.2 37.05 20.0 31.32 76.06 39.12 27.46 87.37 25.3 70.34 62.64 38.83 118.07 117.99 94.92 100.13 13.0 64.64 160.9 142.77 18.0 43.19 89.2 169.5 163.0 72.4 133.18 36.24 83.36 162.52 130.25 136.7 18.79 120.21 48.47 27.02 177.18 128.16 65.12 130.23 139.52 123.41 60.88 37.74 10.77 72.37 106.07 124.15 24.35 71.7 59.14 92.66 139.47 176.65 148.35 87.3 152.59 92.11 90.8 65.15 92.28 80.89 84.69 43.6 84.12 32.7 39.6 77.62 170.14 146.37 57.87 142.71 49.4 158.53 50.61 9.06 114.59 83.22 62.03 71.51 
57.01 63.91 122.56 12.53 23.35 169.76 47.01 165.77 17.46 123.98 7.28 0.0 23.02 40.05 64.33 154.32 30.0 23.09 25.5 69.43 34.01 20.62 80.45 18.03 63.06 56.65 32.02 111.16 110.72 87.66 92.91 6.32 57.8 154.18 135.52 11.18 36.8 82.39 162.26 156.28 65.46 126.1 29.7 76.9 155.72 123.04 129.45 19.03 112.93 42.94 20.02 170.11 120.9 59.03 122.98 132.26 116.28 53.6 33.3 6.71 65.97 99.46 117.27 17.09 64.5 51.87 85.48 132.2 169.37 141.15 80.81 145.38 84.86 84.17 59.24 85.23 73.68 77.47 38.08 77.03 25.5 33.42 71.47 163.08 139.74 51.42 135.48 45.35 151.74 44.94 9.22 107.34 76.28 55.15 65.05 
67.68 61.01 117.09 34.37 42.95 174.42 42.0 170.52 34.48 122.07 25.71 23.02 0.0 17.26 64.78 158.47 38.6 45.4 41.62 57.78 17.0 19.72 70.84 24.76 62.39 69.03 26.17 115.69 106.07 87.21 93.54 25.96 48.51 159.62 134.03 27.73 26.31 88.6 161.05 161.82 56.75 128.27 22.09 85.88 160.56 123.2 124.15 42.05 109.46 58.05 31.89 171.84 115.74 44.42 122.0 127.1 117.96 53.94 51.97 29.27 75.8 106.78 122.0 24.04 66.71 50.36 87.13 128.13 165.6 141.09 89.44 145.03 80.4 91.79 71.84 76.92 75.13 72.44 22.36 69.63 26.83 22.2 82.38 164.98 146.1 61.85 135.03 24.19 156.68 29.15 16.76 102.26 67.05 62.17 52.33 
76.38 60.73 112.11 51.62 57.97 176.14 42.54 172.35 49.04 119.71 42.95 40.05 17.26 0.0 66.71 160.01 48.83 62.65 55.15 50.36 15.0 30.41 64.28 37.16 63.69 78.75 30.48 118.31 102.02 87.09 93.96 42.19 44.28 162.12 131.75 42.95 26.42 93.3 158.53 164.34 52.09 128.84 26.87 92.62 162.59 122.38 119.15 59.01 106.23 69.97 44.78 171.41 111.04 35.51 120.35 122.15 118.41 56.82 66.13 46.01 83.55 111.65 124.62 36.77 69.77 52.33 88.6 124.0 161.11 139.74 95.8 143.4 77.52 97.35 81.57 71.11 77.08 69.58 18.38 65.03 35.81 23.6 90.55 164.76 149.47 70.77 133.51 9.85 158.83 22.09 33.96 98.01 61.07 68.88 44.41 
29.12 9.49 60.21 73.05 54.38 109.9 24.17 106.04 51.08 59.67 71.59 64.33 64.78 66.71 0.0 93.86 35.47 78.26 46.65 34.79 52.2 47.0 33.14 46.53 3.61 34.48 38.64 51.62 48.02 23.35 29.0 58.94 27.8 95.52 71.2 54.12 40.5 28.32 98.01 97.74 25.63 63.51 42.76 32.31 96.17 59.08 66.73 69.77 49.24 41.4 45.22 107.23 58.31 42.01 58.69 69.35 53.24 11.0 51.66 62.94 29.02 46.1 57.94 47.52 5.1 14.56 22.36 68.54 105.3 77.16 34.0 81.3 24.08 33.6 35.9 32.57 10.44 19.7 48.33 25.32 40.05 43.97 35.36 100.32 82.76 28.18 71.34 60.54 92.35 46.32 69.26 45.22 30.0 18.79 37.12 
99.13 99.3 68.01 160.0 137.13 16.16 117.72 12.53 138.03 49.58 161.2 154.32 158.47 160.01 93.86 0.0 124.4 161.45 131.0 116.36 145.88 139.9 104.31 137.93 96.57 101.49 132.44 43.19 69.31 73.16 66.13 148.22 117.0 9.06 41.68 143.22 134.2 72.03 37.48 10.05 110.49 31.76 136.57 79.31 5.1 41.23 65.0 153.26 62.97 116.43 134.3 22.63 67.01 129.71 45.97 63.53 42.05 104.56 129.56 151.05 90.2 56.44 37.05 138.92 91.78 108.42 71.57 57.31 56.72 31.3 75.33 31.62 85.48 71.11 99.72 97.35 83.43 92.57 141.68 99.36 132.67 137.79 86.83 17.49 20.0 104.02 36.06 152.86 5.83 138.58 160.9 72.92 105.31 99.18 121.66 
29.15 37.2 95.29 37.64 20.62 139.92 25.5 135.94 15.65 94.92 37.05 30.0 38.6 48.83 35.47 124.4 0.0 43.05 13.04 50.99 34.89 19.1 58.41 14.32 34.89 30.48 20.62 81.22 83.19 58.52 63.35 24.08 38.48 124.46 106.23 19.1 27.46 52.61 132.77 126.59 44.1 96.13 22.85 48.1 125.9 93.38 101.97 34.67 84.69 21.54 10.05 140.13 93.48 46.53 93.62 104.65 86.37 25.55 22.56 27.66 37.58 70.09 87.37 15.23 34.93 25.5 55.73 104.0 140.73 111.46 51.87 115.74 57.98 54.82 33.3 61.52 44.15 51.4 34.79 53.04 13.04 27.51 43.91 133.09 110.22 23.32 105.91 47.93 121.93 38.47 36.67 80.13 54.2 25.32 48.7 
62.39 80.16 138.31 11.05 24.74 176.1 65.8 172.1 27.46 137.06 20.0 23.09 45.4 62.65 78.26 161.45 43.05 0.0 31.95 90.03 57.01 41.88 99.76 36.88 77.9 60.03 52.8 119.08 126.18 100.85 105.0 23.85 77.83 160.03 148.0 26.91 58.52 90.09 174.04 162.01 84.86 135.71 51.31 82.15 162.15 134.48 144.94 8.54 127.48 45.04 34.21 179.2 136.47 80.99 135.35 147.6 126.61 68.6 32.0 18.87 71.25 105.12 124.79 36.24 77.08 68.24 97.08 146.74 183.1 152.35 86.15 156.73 101.02 90.35 62.0 103.71 86.16 94.3 60.84 95.27 44.6 55.57 75.0 172.13 145.0 57.87 147.12 68.41 158.15 67.54 29.02 123.17 95.52 64.56 86.21 
32.25 49.58 106.85 29.0 7.81 146.09 38.47 142.09 8.06 105.11 31.32 25.5 41.62 55.15 46.65 131.0 13.04 31.95 0.0 63.95 42.95 25.0 71.4 18.03 46.62 31.32 31.06 88.14 94.67 68.94 73.05 19.24 51.43 130.25 116.06 15.0 38.05 59.08 142.17 132.31 57.14 104.24 32.06 52.35 132.06 102.62 113.37 23.41 95.71 17.49 10.44 147.98 104.96 58.69 103.41 115.97 94.92 37.64 11.18 20.62 41.3 75.24 94.05 18.38 45.19 38.21 65.15 114.93 151.16 120.54 56.32 124.91 70.0 60.07 33.84 74.33 54.23 63.78 44.18 65.86 22.0 37.05 46.32 140.91 115.52 27.02 115.25 56.29 128.06 49.01 34.13 91.81 67.2 32.76 61.47 
61.07 25.3 62.01 81.32 71.2 132.41 25.5 128.89 64.07 71.57 76.06 69.43 57.78 50.36 34.79 116.36 50.99 90.03 63.95 0.0 40.85 48.84 14.0 53.15 31.32 66.01 37.48 78.64 52.61 44.69 51.86 66.48 12.53 120.11 83.43 63.13 33.02 61.77 109.66 122.33 9.22 84.6 39.82 67.07 119.71 76.16 69.0 82.62 57.49 67.47 56.86 124.6 61.07 15.0 73.05 72.0 74.43 33.0 73.16 71.45 63.15 78.01 84.5 53.81 39.85 29.15 49.58 74.24 111.0 92.35 68.54 95.6 30.89 67.54 68.07 21.1 41.68 24.21 35.47 17.0 45.45 36.89 69.86 118.33 109.64 58.03 86.02 41.05 116.28 29.12 69.89 48.51 11.4 50.09 6.0 
61.62 46.87 100.98 46.52 47.1 161.97 28.16 158.15 38.05 107.07 39.12 34.01 17.0 15.0 52.2 145.88 34.89 57.01 42.95 40.85 0.0 18.11 54.12 25.18 49.34 64.2 15.56 103.82 90.27 73.35 80.05 33.96 32.25 147.72 119.1 33.14 11.7 78.39 146.05 149.94 40.45 114.98 12.21 77.62 148.31 109.04 108.05 51.66 94.02 56.36 32.56 157.99 99.72 27.46 107.38 111.02 104.56 42.05 54.13 38.6 68.62 96.75 110.14 25.08 55.04 37.7 74.33 112.36 149.75 126.67 80.8 130.46 65.0 82.38 67.01 60.42 62.63 57.0 5.39 53.46 21.93 8.6 75.66 151.25 134.85 56.08 120.5 13.34 144.52 12.21 31.24 86.37 50.45 53.91 35.34 
48.01 44.91 103.09 32.56 29.02 155.72 26.93 151.8 20.0 105.93 27.46 20.62 19.72 30.41 47.0 139.9 19.1 41.88 25.0 48.84 18.11 0.0 59.91 7.07 45.1 49.58 11.4 96.88 91.48 70.11 76.0 18.03 37.2 140.69 117.72 15.81 16.64 69.26 144.68 142.86 44.94 110.29 9.43 66.19 141.79 106.04 110.06 35.34 94.15 39.66 14.56 154.16 101.53 39.12 105.39 112.93 100.12 36.0 36.14 23.02 56.08 87.32 103.16 7.0 48.26 33.24 69.12 113.27 150.66 124.1 69.78 128.19 65.52 72.24 52.4 64.88 57.08 57.87 20.22 56.8 7.28 13.93 62.68 147.22 126.92 42.2 118.21 31.4 137.87 26.25 22.8 87.93 55.76 42.54 44.6 
61.98 24.74 48.01 91.83 79.03 120.22 33.97 116.81 72.86 58.19 87.37 80.45 70.84 64.28 33.14 104.31 58.41 99.76 71.4 14.0 54.12 59.91 0.0 63.25 30.41 67.27 48.55 68.77 38.83 35.23 42.01 76.84 22.83 108.6 69.92 73.0 45.19 56.32 95.9 110.8 15.0 72.67 51.48 63.64 107.9 63.53 55.0 91.92 43.97 71.69 65.76 111.43 47.1 29.0 60.01 58.0 62.8 35.85 79.4 81.69 62.03 70.66 74.28 64.03 38.05 33.62 41.59 60.3 97.0 79.12 64.33 82.22 19.85 62.36 68.88 7.28 36.67 15.81 48.76 8.06 55.44 49.24 68.03 105.31 99.04 60.17 72.8 55.04 104.62 42.76 81.88 34.71 4.24 51.2 20.0 
43.42 45.88 104.55 28.6 22.0 153.58 29.41 149.63 13.04 106.1 25.3 18.03 24.76 37.16 46.53 137.93 14.32 36.88 18.03 53.15 25.18 7.07 63.25 0.0 45.12 44.41 16.12 94.76 92.7 69.87 75.33 13.6 41.01 138.28 117.71 10.0 22.47 66.49 144.53 140.43 48.27 109.0 15.52 62.39 139.59 105.48 111.43 29.68 94.92 33.42 7.62 153.0 102.88 44.72 105.22 114.23 99.02 35.69 29.12 18.44 51.89 84.2 100.98 1.0 47.04 33.84 68.07 114.18 151.38 123.58 66.13 127.77 66.85 68.96 47.2 67.68 56.14 59.51 27.07 59.36 7.81 20.4 58.18 146.0 124.2 37.59 117.83 38.47 135.64 32.76 23.02 89.32 59.03 39.29 49.41 
31.58 6.08 60.42 72.24 54.41 112.64 21.19 108.81 50.54 61.0 70.34 63.06 62.39 63.69 3.61 96.57 34.89 77.9 46.62 31.32 49.34 45.1 30.41 45.12 0.0 36.88 36.22 54.63 48.3 25.02 31.14 57.87 24.21 98.43 72.69 53.14 37.64 31.89 99.61 100.66 22.14 65.92 40.31 35.85 98.98 61.0 67.08 69.46 49.98 42.72 44.38 109.46 58.59 38.42 60.3 69.78 55.58 9.49 52.35 62.03 32.14 49.58 60.93 46.1 8.54 12.04 25.0 69.29 106.32 79.03 37.59 83.1 23.43 37.2 38.47 30.46 13.42 18.03 45.31 22.8 38.33 41.23 38.64 102.59 85.87 30.08 73.11 57.31 95.19 43.05 67.6 45.28 27.07 20.88 33.54 
5.39 42.58 89.14 59.68 36.22 116.07 44.64 112.07 39.22 82.66 62.64 56.65 69.03 78.75 34.48 101.49 30.48 60.03 31.32 66.01 64.2 49.58 67.27 44.41 36.88 0.0 48.83 59.67 77.23 49.58 51.09 50.33 55.44 100.0 92.28 45.69 54.71 31.38 116.87 102.0 57.01 77.16 52.01 22.2 102.12 77.83 94.76 52.01 76.38 15.0 38.08 119.85 87.0 67.91 79.92 96.94 68.94 33.02 28.07 51.92 11.7 45.1 65.12 45.22 30.08 37.22 43.19 94.49 128.28 94.94 26.17 99.4 57.25 30.59 2.83 67.05 36.06 54.08 62.97 59.67 43.14 56.04 15.13 112.81 85.02 8.54 90.34 76.55 98.13 64.85 64.88 75.43 63.79 16.12 66.37 
46.1 35.06 92.44 43.84 36.88 148.43 16.28 144.55 28.46 96.25 38.83 32.02 26.17 30.48 38.64 132.44 20.62 52.8 31.06 37.48 15.56 11.4 48.55 16.12 36.22 48.83 0.0 89.84 81.02 61.07 67.36 29.07 25.81 133.81 108.17 26.08 7.0 63.51 135.18 136.01 33.62 102.11 4.12 62.2 134.63 97.08 99.46 45.79 84.01 42.06 21.59 145.67 90.96 28.64 96.02 102.36 91.79 27.89 42.0 34.06 53.08 81.84 96.17 16.64 40.8 24.19 61.0 102.96 140.43 115.02 65.46 119.0 55.11 67.23 51.61 53.67 49.03 47.3 14.32 45.69 9.22 7.21 60.11 138.81 120.55 40.61 109.0 27.78 130.77 18.03 33.62 77.37 44.42 38.42 33.42 
56.72 58.18 51.09 117.11 94.53 58.86 75.77 54.92 95.01 34.48 118.07 111.16 115.69 118.31 51.62 43.19 81.22 119.08 88.14 78.64 103.82 96.88 68.77 94.76 54.63 59.67 89.84 0.0 44.55 33.97 26.87 105.08 76.85 43.97 38.83 100.08 92.11 29.07 59.08 46.17 71.4 18.6 93.96 37.64 44.91 24.6 52.95 110.77 39.12 74.33 91.14 60.21 49.04 90.44 29.73 53.6 14.87 61.98 87.48 108.0 48.05 17.03 6.32 95.75 49.04 66.13 30.02 48.38 73.54 37.64 33.84 42.01 48.92 29.12 58.24 62.8 41.23 54.49 99.92 62.23 89.63 95.52 45.88 53.15 31.38 61.29 34.71 111.8 41.0 97.49 117.72 46.32 68.59 56.04 83.24 
72.18 46.82 12.21 120.42 102.4 84.5 64.76 81.47 98.84 20.25 117.99 110.72 106.07 102.02 48.02 69.31 83.19 126.18 94.67 52.61 90.27 91.48 38.83 92.7 48.3 77.23 81.02 44.55 0.0 27.66 27.73 105.85 58.08 75.17 31.38 101.24 79.76 50.99 57.07 77.23 50.01 39.66 84.72 62.18 73.55 28.43 18.79 117.72 6.4 87.86 92.61 73.35 10.3 67.48 23.35 21.54 32.31 57.7 99.2 110.17 67.2 55.33 47.8 93.64 50.0 58.87 34.67 22.09 59.54 41.18 60.42 43.86 25.96 56.08 77.47 31.58 41.77 33.73 85.15 37.0 85.38 83.86 69.97 67.6 68.96 73.59 34.99 93.19 70.84 80.0 114.28 4.12 41.3 64.54 58.55 
44.55 26.48 39.6 96.17 76.49 89.32 45.4 85.62 74.0 36.4 94.92 87.66 87.21 87.09 23.35 73.16 58.52 100.85 68.94 44.69 73.35 70.11 35.23 69.87 25.02 49.58 61.07 33.97 27.66 0.0 7.21 82.23 43.86 76.06 47.85 77.37 61.81 25.32 74.67 78.29 37.74 41.76 65.12 35.74 76.06 36.01 45.45 92.31 27.2 60.61 68.41 84.72 37.48 56.94 35.36 47.8 31.32 34.23 72.4 86.13 39.66 36.06 39.82 70.86 23.77 37.0 8.06 46.14 82.28 54.01 34.71 58.08 15.65 31.14 49.82 29.97 14.76 20.52 68.88 28.32 63.29 65.62 42.95 77.93 65.0 46.23 48.09 79.71 72.45 65.46 92.54 26.08 34.71 37.44 49.41 
46.4 33.24 38.83 100.9 80.41 82.28 51.97 78.55 78.59 32.2 100.13 92.91 93.54 93.96 29.0 66.13 63.35 105.0 73.05 51.86 80.05 76.0 42.01 75.33 31.14 51.09 67.36 26.87 27.73 7.21 0.0 87.3 50.99 68.88 43.01 82.38 68.45 23.26 69.43 71.12 44.94 34.93 71.45 34.48 68.94 30.15 43.93 96.46 25.61 63.29 73.35 78.31 36.62 64.14 30.36 45.97 24.52 40.0 75.59 91.01 40.31 30.59 32.65 76.32 28.44 43.19 8.06 43.42 78.29 48.26 32.7 52.47 22.2 28.46 50.93 36.36 19.24 27.66 75.69 35.36 69.03 72.18 42.44 71.45 57.8 48.88 42.58 86.73 65.31 72.45 98.18 27.2 41.73 40.72 56.61 
50.7 59.09 117.78 15.0 17.8 163.6 43.01 159.62 11.18 118.6 13.0 6.32 25.96 42.19 58.94 148.22 24.08 23.85 19.24 66.48 33.96 18.03 76.84 13.6 57.87 50.33 29.07 105.08 105.85 82.23 87.3 0.0 54.49 147.98 130.05 5.0 34.67 76.24 156.71 150.08 61.85 120.2 27.46 70.61 149.57 117.39 124.62 17.72 107.84 36.72 14.04 164.2 116.08 57.14 117.48 127.39 110.45 48.38 27.59 5.0 59.67 93.21 111.16 12.81 58.86 47.01 79.76 127.14 164.17 135.48 74.53 139.74 80.11 77.93 52.92 81.27 68.07 72.9 37.34 72.95 21.4 31.76 65.15 157.16 133.51 45.12 129.88 46.27 145.58 43.86 15.0 102.55 72.62 49.04 62.48 
50.8 19.1 68.73 69.43 58.67 133.15 13.0 129.47 51.61 75.43 64.64 57.8 48.51 44.28 27.8 117.0 38.48 77.83 51.43 12.53 32.25 37.2 22.83 41.01 24.21 55.44 25.81 76.85 58.08 43.86 50.99 54.49 0.0 119.85 87.46 50.93 22.47 56.08 114.28 122.09 8.25 85.44 28.65 59.54 119.92 78.34 75.8 70.29 62.03 55.58 44.41 127.35 67.48 14.21 76.12 78.77 75.03 22.8 60.75 59.41 54.08 73.54 83.01 41.73 32.45 18.25 46.87 80.16 117.52 95.52 61.59 99.14 33.24 61.4 57.71 28.46 36.8 25.32 27.07 21.21 33.24 26.57 61.1 120.78 108.23 47.17 89.27 36.14 116.3 22.2 59.06 54.15 18.79 40.02 11.0 
98.08 101.64 74.95 159.2 136.03 16.28 119.62 12.37 137.52 56.04 160.9 154.18 159.62 162.12 95.52 9.06 124.46 160.03 130.25 120.11 147.72 140.69 108.6 138.28 98.43 100.0 133.81 43.97 75.17 76.06 68.88 147.98 119.85 0.0 49.24 143.01 136.01 71.85 46.53 2.24 113.74 36.12 137.93 78.03 4.47 46.75 72.45 152.0 68.77 115.0 134.21 30.23 73.78 132.97 52.01 71.18 45.8 105.95 128.04 150.56 89.05 55.04 37.64 139.26 93.01 110.05 73.54 64.88 65.76 39.22 74.03 40.02 89.31 70.18 98.05 101.83 85.09 96.04 143.74 103.17 133.42 139.46 85.05 26.0 15.3 103.24 43.38 155.35 4.47 141.03 161.11 78.57 109.29 99.14 125.2 
88.12 73.11 26.87 143.84 123.37 55.32 92.05 52.8 121.56 12.04 142.77 135.52 134.03 131.75 71.2 41.68 106.23 148.0 116.06 83.43 119.1 117.72 69.92 117.71 72.69 92.28 108.17 38.83 31.38 47.85 43.01 130.05 87.46 49.24 0.0 125.17 108.0 61.29 27.02 50.99 79.76 22.14 112.11 72.2 46.53 14.87 23.32 139.46 25.96 105.55 116.18 42.06 26.25 98.06 12.65 21.93 24.76 82.04 118.19 133.88 80.78 55.44 37.58 118.7 71.31 84.48 50.92 15.65 36.06 10.63 69.03 12.53 54.23 64.03 91.59 62.64 62.1 62.2 114.21 67.08 111.02 112.0 80.8 36.62 48.26 91.29 6.08 123.32 44.78 109.66 140.29 35.47 72.03 83.57 89.27 
45.88 54.56 113.22 19.24 15.23 158.62 39.05 154.64 7.07 113.76 18.0 11.18 27.73 42.95 54.12 143.22 19.1 26.91 15.0 63.13 33.14 15.81 73.0 10.0 53.14 45.69 26.08 100.08 101.24 77.37 82.38 5.0 50.93 143.01 125.17 0.0 32.2 71.25 151.8 145.12 58.05 115.21 25.08 65.73 144.59 112.45 120.02 19.72 103.12 32.45 9.06 159.2 111.49 54.59 112.59 122.77 105.48 43.66 24.41 8.94 54.82 88.28 106.17 9.43 53.94 42.49 74.81 122.43 159.4 130.54 69.63 134.81 75.58 72.99 48.33 77.2 63.15 68.48 35.9 68.82 17.69 29.73 60.41 152.16 128.57 40.26 124.95 46.0 140.6 42.06 19.24 97.99 68.77 44.05 59.41 
51.61 35.36 90.8 49.04 43.74 150.28 16.49 146.45 35.17 96.0 43.19 36.8 26.31 26.42 40.5 134.2 27.46 58.52 38.05 33.02 11.7 16.64 45.19 22.47 37.64 54.71 7.0 92.11 79.76 61.81 68.45 34.67 22.47 136.01 108.0 32.2 0.0 66.89 135.0 138.24 30.68 103.37 7.21 66.6 136.62 97.62 97.86 51.88 83.22 48.76 28.44 146.51 89.44 22.47 96.13 100.81 92.96 30.41 49.0 39.66 58.05 85.23 98.43 22.85 43.38 26.0 62.64 101.83 139.3 115.35 69.66 119.21 54.15 71.03 57.45 50.92 50.92 46.17 8.49 43.42 16.12 4.12 65.19 139.74 123.17 46.32 109.22 22.02 132.82 11.05 36.89 75.95 41.23 43.14 28.32 
27.89 37.2 61.91 88.05 65.49 87.37 51.4 83.38 66.01 52.4 89.2 82.39 88.6 93.3 28.32 72.03 52.61 90.09 59.08 61.77 78.39 69.26 56.32 66.49 31.89 31.38 63.51 29.07 50.99 25.32 23.26 76.24 56.08 71.85 61.29 71.25 66.89 0.0 85.49 73.98 53.0 45.88 67.54 11.4 73.33 46.65 66.61 81.74 48.55 45.61 62.39 89.11 59.68 70.29 49.2 68.41 37.58 36.62 58.69 79.03 19.7 18.36 35.0 67.47 24.08 41.4 17.26 65.12 97.35 63.56 9.49 68.03 39.12 6.08 30.41 52.77 20.12 40.52 75.17 48.38 61.98 69.84 19.8 82.04 57.72 32.25 59.06 88.01 69.35 74.03 89.27 50.33 54.42 27.29 64.9 
113.09 100.12 49.4 170.29 149.33 43.93 119.07 43.29 147.96 39.0 169.5 162.26 161.05 158.53 98.01 37.48 132.77 174.04 142.17 109.66 146.05 144.68 95.9 144.53 99.61 116.87 135.18 59.08 57.07 74.67 69.43 156.71 114.28 46.53 27.02 151.8 135.0 85.49 0.0 47.27 106.47 40.5 139.13 95.71 42.3 39.56 43.38 165.52 52.35 130.74 142.77 23.26 49.65 124.46 39.32 40.71 47.93 108.9 143.62 160.43 105.19 76.03 55.44 145.52 97.86 111.45 77.13 36.4 19.24 21.93 92.18 17.46 81.1 87.24 115.87 88.65 88.65 89.09 141.13 93.65 137.93 139.0 104.24 22.2 53.71 116.71 26.93 149.97 42.95 136.44 167.2 61.19 98.31 109.48 115.57 
100.12 103.87 76.85 161.25 138.06 14.56 121.84 10.77 139.61 58.01 163.0 156.28 161.82 164.34 97.74 10.05 126.59 162.01 132.31 122.33 149.94 142.86 110.8 140.43 100.66 102.0 136.01 46.17 77.23 78.29 71.12 150.08 122.09 2.24 50.99 145.12 138.24 73.98 47.27 0.0 115.97 38.29 140.13 80.06 5.0 48.84 74.24 154.0 70.84 117.0 136.33 30.02 75.72 135.2 54.04 72.92 48.01 108.16 130.02 152.64 91.09 57.08 39.85 141.41 95.21 112.27 75.77 66.64 66.48 40.85 76.06 41.48 91.53 72.25 100.02 104.02 87.32 98.27 145.96 105.39 135.59 141.68 87.02 26.25 17.12 105.3 45.18 157.58 6.4 143.27 163.25 80.66 111.5 101.27 127.42 
52.01 16.16 60.53 76.84 64.64 126.63 19.1 123.0 58.14 67.74 72.4 65.46 56.75 52.09 25.63 110.49 44.1 84.86 57.14 9.22 40.45 44.94 15.0 48.27 22.14 57.01 33.62 71.4 50.01 37.74 44.94 61.85 8.25 113.74 79.76 58.05 30.68 53.0 106.47 115.97 0.0 78.79 36.67 57.94 113.6 71.17 67.6 77.1 54.15 59.2 50.99 120.07 59.3 19.24 68.66 70.58 68.45 24.08 65.74 66.71 53.94 69.66 77.42 49.04 30.68 20.62 41.77 72.06 109.37 88.07 59.51 91.59 25.71 58.67 59.01 20.25 33.02 18.03 35.23 13.04 40.46 34.79 60.64 113.6 102.65 49.16 81.79 43.57 110.06 30.02 67.08 46.04 10.82 41.01 12.04 
73.76 68.15 41.76 132.97 111.0 47.85 86.88 44.29 110.65 22.56 133.18 126.1 128.27 128.84 63.51 31.76 96.13 135.71 104.24 84.6 114.98 110.29 72.67 109.0 65.92 77.16 102.11 18.6 39.66 41.76 34.93 120.2 85.44 36.12 22.14 115.21 103.37 45.88 40.5 38.29 78.79 0.0 106.21 55.54 35.23 11.7 41.3 127.28 33.29 91.48 106.17 44.01 40.16 97.99 17.72 41.05 10.44 74.43 104.55 123.49 65.46 35.61 15.81 110.0 62.07 77.93 41.19 35.0 55.23 19.1 51.89 23.43 53.71 47.01 75.96 65.8 53.24 60.84 110.6 67.6 103.17 107.08 63.98 37.0 29.55 77.88 17.0 121.43 32.02 107.21 132.02 42.8 73.57 71.57 89.89 
49.52 39.01 96.05 41.87 37.22 152.55 20.1 148.68 28.44 100.18 36.24 29.7 22.09 26.87 42.76 136.57 22.85 51.31 32.06 39.82 12.21 9.43 51.48 15.52 40.31 52.01 4.12 93.96 84.72 65.12 71.45 27.46 28.65 137.93 112.11 25.08 7.21 67.54 139.13 140.13 36.67 106.21 0.0 66.03 138.75 101.12 103.08 44.72 87.82 44.38 22.02 149.75 94.59 29.68 100.0 105.99 95.89 32.02 43.19 32.45 56.73 85.87 100.28 15.81 44.92 28.28 65.12 106.71 144.18 119.04 69.34 123.0 58.86 71.2 54.82 56.86 53.15 50.99 12.17 49.04 10.2 5.0 63.7 142.9 124.65 43.93 113.0 25.08 134.89 17.26 30.41 81.02 47.41 42.2 35.36 
20.1 41.79 73.25 81.22 58.01 94.01 52.5 90.01 59.84 63.66 83.36 76.9 85.88 92.62 32.31 79.31 48.1 82.15 52.35 67.07 77.62 66.19 63.64 62.39 35.85 22.2 62.2 37.64 62.18 35.74 34.48 70.61 59.54 78.03 72.2 65.73 66.6 11.4 95.71 80.06 57.94 55.54 66.03 0.0 80.02 57.43 78.01 74.03 59.91 37.12 57.28 97.74 71.02 73.57 60.31 79.81 48.02 37.8 50.25 72.84 11.05 23.0 42.95 63.32 27.31 42.8 27.86 76.49 108.23 73.82 4.0 78.29 48.17 8.54 20.62 61.03 27.07 48.17 75.07 55.58 59.06 69.03 8.6 90.71 63.2 25.5 69.64 88.41 76.03 75.01 84.48 61.33 61.19 23.85 69.35 
100.0 101.95 72.67 161.05 138.0 14.04 120.17 10.05 139.23 54.04 162.52 155.72 160.56 162.59 96.17 5.1 125.9 162.15 132.06 119.71 148.31 141.79 107.9 139.59 98.98 102.12 134.63 44.91 73.55 76.06 68.94 149.57 119.92 4.47 46.53 144.59 136.62 73.33 42.3 5.0 113.6 35.23 138.75 80.02 0.0 45.28 69.84 154.05 67.18 117.11 135.72 25.81 71.61 132.83 50.25 68.43 45.28 106.74 130.19 152.27 91.01 57.04 38.64 140.58 93.86 110.72 74.0 62.18 61.52 36.25 76.03 36.69 88.84 72.01 100.24 101.02 85.73 95.77 144.22 102.73 134.54 140.13 87.28 21.54 18.38 105.04 40.82 155.62 4.0 141.32 162.5 77.08 108.76 100.6 124.91 
73.82 62.29 30.08 130.82 109.77 56.86 81.3 53.6 108.47 11.05 130.25 123.04 123.2 122.38 59.08 41.23 93.38 134.48 102.62 76.16 109.04 106.04 63.53 105.48 61.0 77.83 97.08 24.6 28.43 36.01 30.15 117.39 78.34 46.75 14.87 112.45 97.62 46.65 39.56 48.84 71.17 11.7 101.12 57.43 45.28 0.0 30.02 125.96 22.02 91.39 103.41 49.03 28.46 90.14 6.08 30.07 10.0 70.06 104.18 121.02 66.24 40.8 24.52 106.47 58.55 73.01 37.66 24.33 50.8 18.11 54.2 22.36 45.54 49.2 77.03 56.44 49.37 53.16 104.39 59.24 99.13 101.49 66.03 42.45 41.23 77.25 12.65 114.48 42.45 100.44 128.32 31.83 64.88 69.92 81.71 
89.87 65.55 7.07 139.2 121.08 78.41 83.24 76.03 117.62 19.0 136.7 129.45 124.15 119.15 66.73 65.0 101.97 144.94 113.37 69.0 108.05 110.06 55.0 111.43 67.08 94.76 99.46 52.95 18.79 45.45 43.93 124.62 75.8 72.45 23.32 120.02 97.86 66.61 43.38 74.24 67.6 41.3 103.08 78.01 69.84 30.02 0.0 136.47 18.38 106.04 111.4 63.25 8.54 84.0 24.0 3.0 38.33 76.49 117.64 128.95 84.22 67.07 54.15 112.36 68.51 77.62 51.62 7.81 42.0 33.84 75.72 34.71 44.6 71.02 94.76 48.04 60.0 52.2 102.83 54.59 104.06 101.98 86.21 58.69 70.09 91.68 29.07 110.02 67.98 97.33 132.85 22.14 58.08 82.8 75.0 
54.15 71.85 129.87 10.63 16.28 168.03 58.0 164.03 19.21 128.51 18.79 19.03 42.05 59.01 69.77 153.26 34.67 8.54 23.41 82.62 51.66 35.34 91.92 29.68 69.46 52.01 45.79 110.77 117.72 92.31 96.46 17.72 70.29 152.0 139.46 19.72 51.88 81.74 165.52 154.0 77.1 127.28 44.72 74.03 154.05 125.96 136.47 0.0 118.97 37.01 26.17 170.84 128.02 74.3 126.81 139.12 118.13 60.21 24.19 13.15 63.07 97.02 116.52 29.15 68.54 60.0 88.54 138.22 174.55 143.84 78.03 148.22 92.65 82.15 54.08 95.67 77.62 86.02 55.03 87.21 37.2 49.24 67.07 163.77 137.03 49.5 138.6 63.79 150.05 61.47 26.93 114.74 87.68 56.04 79.06 
71.51 49.24 13.42 122.2 103.35 78.24 67.74 75.17 100.32 14.32 120.21 112.93 109.46 106.23 49.24 62.97 84.69 127.48 95.71 57.49 94.02 94.15 43.97 94.92 49.98 76.38 84.01 39.12 6.4 27.2 25.61 107.84 62.03 68.77 25.96 103.12 83.22 48.55 52.35 70.84 54.15 33.29 87.82 59.91 67.18 22.02 18.38 118.97 0.0 87.8 94.34 67.62 11.18 72.18 17.03 20.62 26.25 59.46 99.57 112.01 65.86 50.99 41.98 95.88 50.61 61.13 33.24 19.31 56.52 35.34 57.8 38.28 29.07 53.24 76.38 36.69 41.88 37.05 89.0 41.3 87.8 87.28 68.01 61.72 62.65 73.41 29.07 97.62 64.44 84.15 116.93 10.0 46.1 64.64 63.35 
17.72 47.41 100.0 44.91 21.38 131.06 43.1 127.06 25.55 95.38 48.47 42.94 58.05 69.97 41.4 116.43 21.54 45.04 17.49 67.47 56.36 39.66 71.69 33.42 42.72 15.0 42.06 74.33 87.86 60.61 63.29 36.72 55.58 115.0 105.55 32.45 48.76 45.61 130.74 117.0 59.2 91.48 44.38 37.12 117.11 91.39 106.04 37.01 87.8 0.0 26.17 134.54 97.95 66.01 93.02 108.41 82.87 35.85 13.15 37.7 26.31 60.07 79.91 34.06 38.21 38.6 55.23 106.51 141.35 108.85 41.11 113.3 65.44 45.4 17.12 72.95 46.1 60.75 56.3 64.85 34.44 49.04 30.07 127.48 100.02 14.42 104.0 69.46 113.11 59.67 51.62 85.59 67.78 23.35 66.48 
37.7 46.14 104.65 27.86 15.3 149.75 31.89 145.77 7.21 104.81 27.02 20.02 31.89 44.78 45.22 134.3 10.05 34.21 10.44 56.86 32.56 14.56 65.76 7.62 44.38 38.08 21.59 91.14 92.61 68.41 73.35 14.04 44.41 134.21 116.18 9.06 28.44 62.39 142.77 136.33 50.99 106.17 22.02 57.28 135.72 103.41 111.4 26.17 94.34 26.17 0.0 150.16 102.88 49.98 103.59 114.13 96.42 34.93 21.59 17.72 46.49 79.62 97.25 8.06 44.91 34.13 65.76 113.65 150.53 121.49 61.13 125.77 67.12 64.33 40.82 69.53 54.13 60.21 34.01 61.07 12.37 27.02 52.39 143.13 119.85 31.95 115.92 45.89 131.75 39.2 27.2 89.44 61.52 35.13 53.71 
116.9 111.16 68.24 176.82 154.57 22.02 130.12 22.56 154.55 53.31 177.18 170.11 171.84 171.41 107.23 22.63 140.13 179.2 147.98 124.6 157.99 154.16 111.43 153.0 109.46 119.85 145.67 60.21 73.35 84.72 78.31 164.2 127.35 30.23 42.06 159.2 146.51 89.11 23.26 30.02 120.07 44.01 149.75 97.74 25.81 49.03 63.25 170.84 67.62 134.54 150.16 0.0 67.96 138.88 51.55 60.96 54.04 118.21 147.68 167.43 108.26 75.58 54.82 154.0 106.02 121.5 85.05 55.61 40.61 32.31 93.86 29.53 94.37 89.27 118.36 104.18 97.08 102.11 153.39 107.86 147.09 150.34 105.77 7.07 42.52 121.34 38.63 163.48 28.32 149.47 176.0 77.39 113.22 115.43 130.29 
82.02 57.01 2.24 130.68 112.68 81.34 74.73 78.64 109.13 17.89 128.16 120.9 115.74 111.04 58.31 67.01 93.48 136.47 104.96 61.07 99.72 101.53 47.1 102.88 58.59 87.0 90.96 49.04 10.3 37.48 36.62 116.08 67.48 73.78 26.25 111.49 89.44 59.68 49.65 75.72 59.3 40.16 94.59 71.02 71.61 28.46 8.54 128.02 11.18 97.95 102.88 67.96 0.0 76.06 22.47 11.4 35.13 67.98 109.4 120.42 76.69 61.85 51.16 103.82 60.22 69.08 44.05 13.34 50.09 36.8 68.96 38.6 36.06 64.41 87.11 40.01 51.86 43.68 94.53 46.27 95.52 93.56 79.06 62.8 69.64 83.63 31.14 102.0 69.34 89.14 124.33 13.6 50.0 74.65 67.07 
63.6 33.24 77.01 71.4 65.15 145.84 23.35 142.23 57.01 86.12 65.12 59.03 44.42 35.51 42.01 129.71 46.53 80.99 58.69 15.0 27.46 39.12 29.0 44.72 38.42 67.91 28.64 90.44 67.48 56.94 64.14 57.14 14.21 132.97 98.06 54.59 22.47 70.29 124.46 135.2 19.24 97.99 29.68 73.57 132.83 90.14 84.0 74.3 72.18 66.01 49.98 138.88 76.06 0.0 87.36 87.0 87.66 36.25 69.05 62.13 67.62 87.69 96.52 45.18 46.62 31.38 60.61 89.2 126.0 106.74 75.72 110.11 44.6 75.6 70.34 36.06 50.91 37.16 22.2 31.05 37.7 25.61 74.73 132.5 121.76 59.44 100.42 26.08 129.29 15.26 58.05 63.39 26.17 53.14 9.0 
75.66 61.0 24.04 131.22 110.72 61.22 80.01 58.14 108.93 5.0 130.23 122.98 122.0 120.35 58.69 45.97 93.62 135.35 103.41 73.05 107.38 105.39 60.01 105.22 60.3 79.92 96.02 29.73 23.35 35.36 30.36 117.48 76.12 52.01 12.65 112.59 96.13 49.2 39.32 54.04 68.66 17.72 100.0 60.31 50.25 6.08 24.0 126.81 17.03 93.02 103.59 51.55 22.47 87.36 0.0 24.19 14.87 69.58 105.6 121.28 68.51 45.28 30.27 106.21 58.69 72.17 38.28 18.68 48.37 19.42 57.31 23.09 42.95 52.35 79.32 52.8 49.48 50.8 102.59 56.32 98.62 100.08 68.88 45.31 47.17 78.72 13.15 112.18 47.63 98.31 127.88 27.02 61.68 70.94 78.75 
92.1 68.35 10.05 141.95 123.66 76.61 86.13 74.33 120.3 19.24 139.52 132.26 127.1 122.15 69.35 63.53 104.65 147.6 115.97 72.0 111.02 112.93 58.0 114.23 69.78 96.94 102.36 53.6 21.54 47.8 45.97 127.39 78.77 71.18 21.93 122.77 100.81 68.41 40.71 72.92 70.58 41.05 105.99 79.81 68.43 30.07 3.0 139.12 20.62 108.41 114.13 60.96 11.4 87.0 24.19 0.0 38.83 79.2 120.1 131.7 86.28 68.15 54.45 115.17 71.02 80.41 53.76 6.32 39.0 32.25 77.42 32.8 47.43 72.67 96.88 51.04 62.43 55.08 105.8 57.56 106.89 104.92 88.09 56.59 69.43 94.02 27.86 113.02 66.71 100.32 135.72 25.0 61.07 85.21 78.0 
65.19 57.72 37.05 123.47 101.87 58.18 76.49 54.56 101.12 19.65 123.41 116.28 117.96 118.41 53.24 42.05 86.37 126.61 94.92 74.43 104.56 100.12 62.8 99.02 55.58 68.94 91.79 14.87 32.31 31.32 24.52 110.45 75.03 45.8 24.76 105.48 92.96 37.58 47.93 48.01 68.45 10.44 95.89 48.02 45.28 10.0 38.33 118.13 26.25 82.87 96.42 54.04 35.13 87.66 14.87 38.83 0.0 64.2 95.82 113.86 57.27 30.81 16.03 100.02 52.0 67.6 31.02 33.53 60.44 26.0 44.65 30.46 43.57 39.66 67.98 56.08 43.05 50.54 100.17 57.45 93.05 96.69 56.6 47.1 37.2 68.96 21.63 111.0 41.88 96.77 122.0 34.89 63.51 62.17 79.65 
28.16 12.04 69.77 62.77 45.45 120.54 14.87 116.66 41.18 70.41 60.88 53.6 53.94 56.82 11.0 104.56 25.55 68.6 37.64 33.0 42.05 36.0 35.85 35.69 9.49 33.02 27.89 61.98 57.7 34.23 40.0 48.38 22.8 105.95 82.04 43.66 30.41 36.62 108.9 108.16 24.08 74.43 32.02 37.8 106.74 70.06 76.49 60.21 59.46 35.85 34.93 118.21 67.98 36.25 69.58 79.2 64.2 0.0 44.2 52.55 31.38 54.92 68.31 36.67 13.0 5.0 33.24 78.77 115.8 88.14 40.36 92.27 32.45 41.11 35.13 37.44 21.21 26.17 38.59 29.15 29.07 33.62 38.48 111.29 92.85 25.08 82.3 51.4 102.88 37.54 58.31 54.59 31.95 17.26 33.54 
30.81 56.22 111.4 32.89 10.0 144.12 47.76 140.13 17.49 107.78 37.74 33.3 51.97 66.13 51.66 129.56 22.56 32.0 11.18 73.16 54.13 36.14 79.4 29.12 52.35 28.07 42.0 87.48 99.2 72.4 75.59 27.59 60.75 128.04 118.19 24.41 49.0 58.69 143.62 130.02 65.74 104.55 43.19 50.25 130.19 104.18 117.64 24.19 99.57 13.15 21.59 147.68 109.4 69.05 105.6 120.1 95.82 44.2 0.0 27.2 39.46 73.17 93.06 29.41 49.2 45.79 67.54 118.51 153.84 121.76 54.23 126.19 75.66 58.55 30.0 81.61 57.69 70.18 55.33 73.24 33.06 48.17 43.0 140.62 113.0 26.93 116.81 67.47 126.19 60.01 42.45 96.67 75.29 34.99 71.17 
52.77 63.51 122.16 10.3 17.2 166.3 47.8 162.31 13.04 122.53 10.77 6.71 29.27 46.01 62.94 151.05 27.66 18.87 20.62 71.45 38.6 23.02 81.69 18.44 62.03 51.92 34.06 108.0 110.17 86.13 91.01 5.0 59.41 150.56 133.88 8.94 39.66 79.03 160.43 152.64 66.71 123.49 32.45 72.84 152.27 121.02 128.95 13.15 112.01 37.7 17.72 167.43 120.42 62.13 121.28 131.7 113.86 52.55 27.2 0.0 61.81 95.63 114.02 17.69 62.59 51.43 83.36 131.32 168.24 139.09 76.79 143.38 84.53 80.4 54.41 86.02 71.81 77.41 42.15 77.67 26.25 36.72 66.94 160.38 135.94 47.38 133.56 50.64 148.27 48.75 15.81 106.93 77.47 52.04 67.48 
9.06 38.21 78.87 70.18 47.0 105.0 45.28 101.0 48.84 71.4 72.37 65.97 75.8 83.55 29.02 90.2 37.58 71.25 41.3 63.15 68.62 56.08 62.03 51.89 32.14 11.7 53.08 48.05 67.2 39.66 40.31 59.67 54.08 89.05 80.78 54.82 58.05 19.7 105.19 91.09 53.94 65.46 56.73 11.05 91.01 66.24 84.22 63.07 65.86 26.31 46.49 108.26 76.69 67.62 68.51 86.28 57.27 31.38 39.46 61.81 0.0 34.01 53.6 52.8 24.0 36.25 32.65 83.55 116.81 83.26 15.03 87.73 49.34 19.1 10.82 60.67 27.51 47.52 66.53 54.08 49.09 60.11 7.21 101.2 74.24 14.56 78.71 80.06 87.01 67.2 73.68 65.73 59.01 15.0 64.56 
43.05 54.45 64.03 104.17 81.01 71.01 69.63 67.01 82.61 49.65 106.07 99.46 106.78 111.65 46.1 56.44 70.09 105.12 75.24 78.01 96.75 87.32 70.66 84.2 49.58 45.1 81.84 17.03 55.33 36.06 30.59 93.21 73.54 55.04 55.44 88.28 85.23 18.36 76.03 57.08 69.66 35.61 85.87 23.0 57.04 40.8 67.07 97.02 50.99 60.07 79.62 75.58 61.85 87.69 45.28 68.15 30.81 54.92 73.17 95.63 34.01 0.0 21.02 85.16 42.2 59.64 29.07 63.51 90.52 54.67 19.0 59.03 51.62 15.3 43.29 65.92 36.8 55.07 93.49 63.13 80.06 88.19 30.41 68.62 40.31 48.26 51.62 106.25 53.04 92.2 106.73 56.04 69.46 44.92 81.69 
62.39 64.41 53.08 123.04 100.32 52.61 82.08 48.66 101.0 35.23 124.15 117.27 122.0 124.62 57.94 37.05 87.37 124.79 94.05 84.5 110.14 103.16 74.28 100.98 60.93 65.12 96.17 6.32 47.8 39.82 32.65 111.16 83.01 37.64 37.58 106.17 98.43 35.0 55.44 39.85 77.42 15.81 100.28 42.95 38.64 24.52 54.15 116.52 41.98 79.91 97.25 54.82 51.16 96.52 30.27 54.45 16.03 68.31 93.06 114.02 53.6 21.02 0.0 101.97 55.36 72.45 36.24 48.84 70.94 34.71 39.05 38.9 54.45 34.53 63.56 68.12 47.54 60.31 106.23 67.94 95.9 101.84 50.96 47.8 25.24 67.12 32.76 118.07 34.71 103.75 123.91 49.98 74.28 62.13 89.2 
44.29 46.82 105.48 27.8 22.02 154.57 30.23 150.62 13.0 107.08 24.35 17.09 24.04 36.77 47.52 138.92 15.23 36.24 18.38 53.81 25.08 7.0 64.03 1.0 46.1 45.22 16.64 95.75 93.64 70.86 76.32 12.81 41.73 139.26 118.7 9.43 22.85 67.47 145.52 141.41 49.04 110.0 15.81 63.32 140.58 106.47 112.36 29.15 95.88 34.06 8.06 154.0 103.82 45.18 106.21 115.17 100.02 36.67 29.41 17.69 52.8 85.16 101.97 0.0 48.04 34.79 69.07 115.13 152.35 124.58 67.07 128.76 67.78 69.92 48.01 68.51 57.14 60.42 27.17 60.21 8.6 20.62 59.06 147.0 125.17 38.47 118.83 38.33 136.62 32.98 22.02 90.25 59.82 40.26 50.0 
24.7 14.56 62.2 72.53 52.77 107.71 27.46 103.81 50.29 60.08 71.7 64.5 66.71 69.77 5.1 91.78 34.93 77.08 45.19 39.85 55.04 48.26 38.05 47.04 8.54 30.08 40.8 49.04 50.0 23.77 28.44 58.86 32.45 93.01 71.31 53.94 43.38 24.08 97.86 95.21 30.68 62.07 44.92 27.31 93.86 58.55 68.51 68.54 50.61 38.21 44.91 106.02 60.22 46.62 58.69 71.02 52.0 13.0 49.2 62.59 24.0 42.2 55.36 48.04 0.0 17.49 21.02 69.77 106.04 76.66 29.15 80.89 27.46 29.07 31.32 37.11 9.22 24.04 51.48 30.15 41.11 46.62 30.27 99.05 79.85 24.41 71.02 64.07 89.99 50.0 70.01 47.51 35.01 15.0 42.05 
32.56 12.08 70.77 61.72 45.97 124.45 10.0 120.6 40.8 72.69 59.14 51.87 50.36 52.33 14.56 108.42 25.5 68.24 38.21 29.15 37.7 33.24 33.62 33.84 12.04 37.22 24.19 66.13 58.87 37.0 43.19 47.01 18.25 110.05 84.48 42.49 26.0 41.4 111.45 112.27 20.62 77.93 28.28 42.8 110.72 73.01 77.62 60.0 61.13 38.6 34.13 121.5 69.08 31.38 72.17 80.41 67.6 5.0 45.79 51.43 36.25 59.64 72.45 34.79 17.49 0.0 36.88 80.36 117.63 91.01 45.34 95.05 33.11 46.01 39.46 36.12 25.0 26.08 34.0 27.66 26.68 29.41 43.38 114.63 97.17 29.02 85.05 46.62 106.9 32.65 55.9 55.54 29.53 21.84 29.15 
38.42 28.18 46.23 93.17 72.45 87.64 46.17 83.82 70.83 40.25 92.66 85.48 87.13 88.6 22.36 71.57 55.73 97.08 65.15 49.58 74.33 69.12 41.59 68.07 25.0 43.19 61.0 30.02 34.67 8.06 8.06 79.76 46.87 73.54 50.92 74.81 62.64 17.26 77.13 75.77 41.77 41.19 65.12 27.86 74.0 37.66 51.62 88.54 33.24 55.23 65.76 85.05 44.05 60.61 38.28 53.76 31.02 33.24 67.54 83.36 32.65 29.07 36.24 69.07 21.02 36.88 0.0 51.4 86.33 55.73 26.68 60.02 22.8 23.09 43.14 37.0 12.04 26.08 70.23 34.13 62.03 66.22 35.36 78.1 61.4 40.82 50.22 81.86 70.23 67.54 91.02 33.54 40.5 32.7 53.76 
89.81 68.41 13.0 141.51 122.54 70.6 86.68 68.24 119.62 13.93 139.47 132.2 128.13 124.0 68.54 57.31 104.0 146.74 114.93 74.24 112.36 113.27 60.3 114.18 69.29 94.49 102.96 48.38 22.09 46.14 43.42 127.14 80.16 64.88 15.65 122.43 101.83 65.12 36.4 66.64 72.06 35.0 106.71 76.49 62.18 24.33 7.81 138.22 19.31 106.51 113.65 55.61 13.34 89.2 18.68 6.32 33.53 78.77 118.51 131.32 83.55 63.51 48.84 115.13 69.77 80.36 51.4 0.0 37.48 26.08 73.88 26.91 47.85 69.03 94.26 53.15 60.9 55.73 107.23 59.03 107.0 105.93 84.9 50.93 63.15 92.09 21.54 115.07 60.42 102.02 136.06 26.02 63.07 83.53 80.22 
124.04 105.76 49.01 178.35 158.62 62.29 124.15 62.03 156.26 46.1 176.65 169.37 165.6 161.11 105.3 56.72 140.73 183.1 151.16 111.0 149.75 150.66 97.0 151.38 106.32 128.28 140.43 73.54 59.54 82.28 78.29 164.17 117.52 65.76 36.06 159.4 139.3 97.35 19.24 66.48 109.37 55.23 144.18 108.23 61.52 50.8 42.0 174.55 56.52 141.35 150.53 40.61 50.09 126.0 48.37 39.0 60.44 115.8 153.84 168.24 116.81 90.52 70.94 152.35 106.04 117.63 86.33 37.48 0.0 36.24 105.0 32.2 85.33 100.0 127.62 90.02 96.93 93.21 144.59 96.33 144.31 143.4 116.83 41.0 72.45 127.02 38.95 152.01 62.17 139.23 173.44 63.39 100.04 119.01 117.0 
