10
0.0 15.81 13.04 13.04 8.0 15.13 10.82 16.28 12.73 12.81 
15.81 0.0 8.0 10.0 13.04 11.18 7.0 6.71 4.0 3.16 
13.04 8.0 0.0 2.0 14.76 3.61 10.63 3.61 8.94 7.62 
13.04 10.0 2.0 0.0 15.81 2.24 12.21 5.0 10.77 9.49 
8.0 13.04 14.76 15.81 0.0 18.03 6.08 16.76 9.06 10.0 
15.13 11.18 3.61 2.24 18.03 0.0 14.21 5.1 12.53 11.18 
10.82 7.0 10.63 12.21 6.08 14.21 0.0 11.66 3.0 4.12 
16.28 6.71 3.61 5.0 16.76 5.1 11.66 0.0 9.22 7.81 
12.73 4.0 8.94 10.77 9.06 12.53 3.0 9.22 0.0 1.41 
12.81 3.16 7.62 9.49 10.0 11.18 4.12 7.81 1.41 0.0 
