10
0.0 8.0 7.62 1.41 12.21 6.0 2.0 11.31 8.25 3.0 
8.0 0.0 3.16 9.06 7.28 10.0 8.25 8.0 2.0 8.54 
7.62 3.16 0.0 8.94 10.44 11.4 7.07 11.05 5.1 9.22 
1.41 9.06 8.94 0.0 12.53 5.1 3.16 11.4 9.06 2.24 
12.21 7.28 10.44 12.53 0.0 10.05 13.45 2.24 5.39 10.77 
6.0 10.0 11.4 5.1 10.05 0.0 8.0 8.25 8.94 3.0 
2.0 8.25 7.07 3.16 13.45 8.0 0.0 12.81 8.94 5.0 
11.31 8.0 11.05 11.4 2.24 8.25 12.81 0.0 6.0 9.43 
8.25 2.0 5.1 9.06 5.39 8.94 8.94 6.0 0.0 8.06 
3.0 8.54 9.22 2.24 10.77 3.0 5.0 9.43 8.06 0.0 
