70
0.0 63.41 60.42 8.25 94.54 47.54 22.67 89.56 90.92 31.62 81.22 45.01 24.41 60.0 85.48 11.18 65.76 36.4 58.52 105.62 85.0 38.28 40.45 37.2 101.53 75.66 79.4 57.71 73.01 39.85 39.81 34.48 12.73 30.27 49.24 55.32 31.62 90.55 73.98 94.05 44.91 75.8 62.17 106.92 54.13 20.62 55.07 101.97 111.09 63.39 99.16 77.08 65.15 4.12 43.57 19.24 93.3 8.54 45.35 96.51 71.78 103.0 21.19 28.86 10.0 51.55 21.02 88.6 76.0 78.01 
63.41 0.0 25.24 60.54 49.73 51.16 66.04 53.24 40.31 61.85 70.0 38.33 40.71 3.61 74.81 68.96 26.87 54.41 20.59 63.06 67.94 29.83 34.48 64.2 61.35 53.81 30.36 25.94 35.0 38.01 48.27 29.73 50.8 40.31 59.21 8.54 35.23 39.2 46.67 64.9 30.59 70.83 65.79 76.06 41.44 42.8 24.7 52.15 63.29 49.24 54.57 37.74 37.8 67.2 32.76 62.97 54.63 56.3 28.64 65.0 39.62 81.84 82.04 50.99 64.01 55.01 71.03 47.93 62.2 24.33 
60.42 25.24 0.0 54.64 34.93 67.19 71.39 33.24 30.53 71.06 44.82 54.41 36.25 25.5 49.68 61.85 5.39 66.19 5.0 47.27 43.19 22.47 48.27 75.01 44.01 29.07 19.21 2.83 14.0 22.67 61.81 36.01 48.33 49.01 74.73 21.4 43.01 30.23 22.47 42.72 46.49 45.65 41.77 55.08 18.0 42.06 5.39 41.63 51.24 24.17 39.81 18.03 12.73 63.29 48.08 52.35 36.01 51.97 44.6 43.68 16.16 58.31 81.39 60.01 57.01 71.84 74.73 30.07 37.01 19.72 
8.25 60.54 54.64 0.0 88.1 52.0 30.23 82.54 85.15 38.21 73.11 47.52 20.0 57.31 77.32 8.54 59.91 41.68 53.26 98.79 77.03 33.24 42.05 43.86 94.58 68.07 73.82 51.87 66.65 33.11 44.01 33.24 11.05 32.25 54.71 52.15 32.06 84.88 66.76 86.49 46.01 67.6 53.94 99.3 46.84 18.68 49.41 95.88 104.65 55.73 92.61 70.66 58.31 9.22 45.01 11.4 86.38 5.0 46.1 89.05 65.0 95.01 28.44 33.54 4.0 56.36 29.15 81.94 68.03 73.0 
94.54 49.73 34.93 88.1 0.0 99.41 106.3 12.04 11.31 105.57 43.42 86.37 70.84 52.17 46.04 94.51 29.61 100.04 38.33 13.34 37.05 57.28 81.06 109.22 12.21 29.55 19.42 37.36 21.54 55.01 95.02 70.35 82.87 83.29 107.3 51.24 77.32 12.73 25.0 23.77 78.31 49.48 55.47 29.83 42.8 76.92 40.26 9.85 16.55 38.42 5.0 17.46 30.23 97.08 80.22 83.76 9.22 86.01 76.32 21.54 23.6 41.23 115.69 94.43 89.94 103.7 109.64 7.21 38.6 25.63 
47.54 51.16 67.19 52.0 99.41 0.0 31.4 100.22 91.01 20.88 106.55 13.04 45.25 48.04 111.51 58.52 71.59 12.04 62.59 112.64 107.35 50.61 18.97 18.87 110.17 94.15 80.16 65.8 80.81 60.46 8.06 33.12 42.54 22.63 8.06 48.17 27.2 90.0 88.87 109.77 21.1 104.01 93.24 122.26 73.82 39.05 62.94 103.0 114.02 84.53 104.39 84.53 78.43 51.2 19.24 62.18 102.59 47.42 23.09 110.86 83.24 124.23 53.6 18.68 55.71 5.0 37.66 96.18 99.3 75.0 
22.67 66.04 71.39 30.23 106.3 31.4 0.0 103.48 100.58 11.05 100.22 34.99 37.01 62.43 104.79 33.3 76.69 19.42 68.15 118.53 103.1 49.37 33.97 15.81 114.98 92.14 88.89 69.05 85.16 55.08 25.63 37.16 26.68 25.81 30.15 59.48 30.89 99.93 89.02 110.0 38.95 95.6 82.54 123.0 70.11 30.02 66.1 112.36 122.48 80.4 111.2 89.27 79.16 24.84 36.88 41.62 106.79 27.73 40.31 112.02 85.38 121.06 22.2 16.4 32.65 34.01 6.32 101.27 94.2 85.8 
89.56 53.24 33.24 82.54 12.04 100.22 103.48 0.0 21.19 104.0 31.4 87.32 66.91 55.04 34.01 88.24 28.64 99.41 37.66 16.64 25.02 54.15 81.39 108.12 12.08 18.6 24.08 35.06 19.42 49.73 95.04 69.18 78.64 82.15 107.87 52.81 76.16 22.47 16.12 13.04 79.31 37.64 44.65 22.83 35.85 73.55 38.05 21.59 24.84 29.21 13.42 15.81 24.52 91.71 81.02 76.92 4.24 81.04 77.37 12.04 18.11 31.06 110.72 93.05 83.93 104.79 106.21 6.71 26.93 31.14 
90.92 40.31 30.53 85.15 11.31 91.01 100.58 21.19 0.0 98.84 51.04 78.0 66.65 43.1 54.33 92.2 25.24 92.66 32.7 23.71 45.4 52.77 73.17 102.11 23.43 35.23 11.7 33.29 20.0 52.63 87.21 63.79 78.71 76.49 99.0 43.1 70.61 1.41 28.86 34.01 70.01 56.14 59.77 41.11 42.8 72.09 35.85 12.04 23.02 41.23 15.26 17.0 30.23 93.81 72.03 82.22 19.72 82.49 68.01 32.25 24.6 51.88 111.83 87.66 87.42 95.08 104.4 14.56 45.1 16.03 
31.62 61.85 71.06 38.21 105.57 20.88 11.05 104.0 98.84 0.0 104.04 26.87 39.85 58.31 108.78 42.72 76.16 9.43 67.27 118.27 106.23 50.25 27.78 5.66 115.07 94.37 87.3 69.01 85.05 57.72 16.4 35.23 31.91 22.36 19.1 56.32 28.28 98.06 90.45 111.65 32.45 100.09 87.66 124.58 72.57 32.57 66.01 110.82 121.34 83.2 110.55 89.09 80.22 34.48 30.23 49.5 107.02 34.71 34.13 113.36 86.05 123.98 33.06 11.18 41.23 23.09 17.03 101.12 97.53 83.43 
81.22 70.0 44.82 73.11 43.42 106.55 100.22 31.4 51.04 104.04 0.0 94.87 64.2 70.29 5.0 76.11 43.57 102.16 49.68 44.28 7.21 55.95 87.98 109.11 39.4 17.09 48.76 44.6 37.7 46.62 99.73 73.43 73.55 85.0 113.15 65.8 79.61 52.09 24.7 23.32 87.66 7.81 20.88 32.02 32.76 71.47 46.67 52.95 54.23 22.2 44.38 37.36 32.2 82.02 88.75 64.07 34.93 73.55 86.02 26.93 31.78 22.56 101.0 94.34 73.0 111.51 101.12 37.05 7.81 55.03 
45.01 38.33 54.41 47.52 86.37 13.04 34.99 87.32 78.0 26.87 94.87 0.0 36.36 35.13 99.86 55.15 58.69 17.8 49.73 99.61 95.29 39.2 7.07 27.46 97.16 81.86 67.12 53.14 67.91 49.58 10.82 21.93 36.88 15.3 21.0 35.13 17.49 77.01 76.32 97.08 8.06 92.8 82.76 109.48 62.13 31.38 50.33 90.01 101.0 72.72 91.35 71.59 65.92 49.04 6.32 56.32 89.63 42.58 10.05 98.08 70.52 111.89 56.08 18.79 51.48 17.46 41.18 83.19 87.46 62.01 
24.41 40.71 36.25 20.0 70.84 45.25 37.01 66.91 66.65 39.85 64.2 36.36 0.0 37.58 68.95 28.3 41.63 38.59 34.13 82.46 66.49 13.89 29.53 44.94 78.64 55.15 55.07 33.62 49.34 18.11 37.54 16.28 12.08 22.63 50.61 32.25 18.87 66.24 52.09 73.0 31.95 60.42 48.55 86.0 33.14 7.28 30.87 77.88 87.32 43.57 75.58 53.45 42.43 27.66 31.78 23.19 70.41 16.28 31.32 75.06 48.84 84.34 45.18 30.41 23.32 50.21 39.32 65.25 57.72 53.6 
60.0 3.61 25.5 57.31 52.17 48.04 62.43 55.04 43.1 58.31 70.29 35.13 37.58 0.0 75.17 65.76 27.8 50.96 20.62 65.51 68.59 27.29 31.05 60.73 63.6 54.45 32.76 25.81 36.36 36.06 44.91 26.17 47.43 36.72 56.08 6.0 31.62 42.05 47.51 66.37 27.29 70.72 65.0 77.82 40.72 39.41 24.19 55.04 66.12 49.09 57.07 39.36 38.21 63.82 29.43 60.08 56.65 53.0 25.32 66.65 40.61 83.01 78.49 47.42 60.83 52.01 67.42 49.98 62.48 27.07 
85.48 74.81 49.68 77.32 46.04 111.51 104.79 34.01 54.33 108.78 5.0 99.86 68.95 75.17 0.0 80.01 48.26 107.02 54.56 45.54 9.0 60.9 92.96 113.89 40.8 21.47 52.81 49.52 42.05 51.48 104.66 78.39 78.1 89.9 118.07 70.72 84.53 55.44 29.07 24.35 92.66 10.2 24.19 31.14 37.74 76.22 51.62 55.33 55.66 27.2 46.53 41.44 37.01 86.15 93.74 68.0 37.22 77.93 91.02 27.86 36.24 19.7 105.02 99.16 77.06 116.47 105.55 40.05 12.73 59.24 
11.18 68.96 61.85 8.54 94.51 58.52 33.3 88.24 92.2 42.72 76.11 55.15 28.3 65.76 80.01 0.0 67.01 47.54 60.83 104.69 80.62 41.11 50.01 48.26 100.32 72.8 81.06 59.03 73.25 39.66 50.7 41.76 19.42 40.01 60.42 60.54 40.31 92.01 72.24 91.21 54.15 70.01 56.04 103.81 52.39 27.2 56.73 102.63 111.02 60.44 98.88 77.18 64.41 8.49 53.04 12.04 92.2 13.34 54.33 93.96 71.12 98.41 25.18 39.85 5.0 62.63 30.61 88.12 71.7 80.62 
65.76 26.87 5.39 59.91 29.61 71.59 76.69 28.64 25.24 76.16 43.57 58.69 41.63 27.8 48.26 67.01 0.0 71.06 9.06 42.11 41.11 27.86 52.77 80.01 39.01 27.02 14.14 8.06 9.22 27.59 66.48 41.01 53.71 54.01 79.25 24.6 48.01 25.0 19.8 38.91 50.7 45.31 43.1 50.92 20.62 47.43 10.77 36.25 45.88 24.52 34.53 13.04 11.7 68.6 52.39 57.28 31.14 57.31 48.76 39.56 12.81 55.22 86.76 65.07 62.2 76.16 80.08 25.0 35.85 15.81 
36.4 54.41 66.19 41.68 100.04 12.04 19.42 99.41 92.66 9.43 102.16 17.8 38.59 50.96 107.02 47.54 71.06 0.0 62.03 113.0 103.73 46.84 19.92 9.85 110.07 91.21 81.3 64.38 80.16 55.54 7.07 30.27 33.3 17.46 13.04 49.65 23.35 91.79 86.68 107.87 24.17 98.84 87.13 120.67 69.89 31.62 61.4 104.69 115.43 80.65 105.04 84.1 76.3 39.85 21.93 52.43 102.18 37.44 26.0 109.33 81.74 121.17 41.59 8.49 45.18 15.3 25.71 96.05 95.27 76.94 
58.52 20.59 5.0 53.26 38.33 62.59 68.15 37.66 32.7 67.27 49.68 49.73 34.13 20.62 54.56 60.83 9.06 62.03 0.0 51.04 48.17 20.25 43.74 71.03 48.04 34.06 21.02 5.39 18.25 22.83 57.43 32.06 46.14 45.04 70.21 16.4 39.05 32.2 27.46 47.54 41.76 50.25 45.61 59.77 21.38 39.4 5.1 44.27 54.34 28.65 43.29 22.09 17.69 61.61 43.42 52.01 40.2 50.22 39.85 48.38 21.02 63.29 79.26 56.14 55.9 67.19 71.78 34.01 41.87 19.8 
105.62 63.06 47.27 98.79 13.34 112.64 118.53 16.64 23.71 118.27 44.28 99.61 82.46 65.51 45.54 104.69 42.11 113.0 51.04 0.0 37.16 69.23 94.19 122.07 5.0 34.66 32.76 49.5 33.38 65.79 108.12 83.1 94.37 96.08 120.5 64.5 90.09 25.06 32.76 21.19 91.55 51.48 60.31 20.88 52.33 88.84 52.47 15.0 10.2 45.8 8.54 29.27 40.5 107.91 93.43 93.48 12.53 97.08 89.56 17.72 33.84 35.13 126.81 107.17 100.32 116.97 121.6 17.26 41.62 38.9 
85.0 67.94 43.19 77.03 37.05 107.35 103.1 25.02 45.4 106.23 7.21 95.29 66.49 68.59 9.0 80.62 41.11 103.73 48.17 37.16 0.0 57.01 88.55 111.13 32.31 14.14 44.38 43.42 34.13 48.51 100.85 74.32 76.53 86.38 114.24 64.54 80.78 46.53 21.4 16.12 87.82 14.87 26.83 25.24 33.84 73.76 45.8 46.39 47.17 23.09 37.66 33.11 30.48 86.09 89.07 68.59 28.28 77.06 86.09 19.72 28.6 18.03 105.23 96.17 77.23 112.26 104.39 31.06 9.0 50.99 
38.28 29.83 22.47 33.24 57.28 50.61 49.37 54.15 52.77 50.25 55.95 39.2 13.89 27.29 60.9 41.11 27.86 46.84 20.25 69.23 57.01 0.0 32.2 54.74 65.62 44.38 41.18 19.92 35.9 10.82 43.86 17.49 25.94 29.41 57.27 21.38 23.77 52.35 40.2 61.4 32.53 53.6 43.93 74.33 23.26 19.65 17.09 64.08 73.68 34.01 62.1 40.02 30.02 41.4 33.3 33.54 57.43 30.0 31.14 63.13 36.06 74.33 59.06 39.62 36.12 55.57 52.39 51.97 48.75 39.82 
40.45 34.48 48.27 42.05 81.06 18.97 33.97 81.39 73.17 27.78 87.98 7.07 29.53 31.05 92.96 50.01 52.77 19.92 43.74 94.19 88.55 32.2 0.0 29.73 91.55 75.24 62.01 46.84 61.98 42.52 14.04 14.87 31.14 10.2 26.48 30.07 10.77 72.25 69.89 90.8 5.0 85.8 75.69 103.32 55.23 25.0 43.97 85.21 96.08 65.86 86.05 65.76 59.46 44.55 3.16 50.22 83.86 37.05 6.4 91.92 64.29 105.31 53.71 17.69 46.04 23.77 39.82 77.52 80.62 57.31 
37.2 64.2 75.01 43.86 109.22 18.87 15.81 108.12 102.11 5.66 109.11 27.46 44.94 60.73 113.89 48.26 80.01 9.85 71.03 122.07 111.13 54.74 29.73 0.0 119.0 99.04 90.67 73.06 89.01 62.64 16.64 39.0 37.44 26.0 15.13 59.23 32.0 101.27 94.89 116.11 34.01 105.31 93.02 129.0 77.37 37.7 70.06 114.13 124.79 88.06 114.21 93.0 84.59 39.96 31.78 55.15 111.02 40.36 35.85 117.72 90.27 128.79 37.05 15.13 46.86 19.92 21.21 105.0 102.49 86.49 
101.53 61.35 44.01 94.58 12.21 110.17 114.98 12.08 23.43 115.07 39.4 97.16 78.64 63.6 40.8 100.32 39.01 110.07 48.04 5.0 32.31 65.62 91.55 119.0 0.0 29.73 31.02 46.1 30.02 61.68 105.39 80.0 90.47 93.0 117.96 62.17 87.0 24.84 28.18 16.49 89.11 46.53 55.32 18.36 47.93 85.16 49.09 17.09 14.87 41.05 8.6 26.0 36.4 103.73 90.93 89.0 8.25 93.01 87.13 13.15 29.83 31.58 122.71 104.02 96.01 114.59 117.89 14.04 36.62 37.58 
75.66 53.81 29.07 68.07 29.55 94.15 92.14 18.6 35.23 94.37 17.09 81.86 55.15 54.45 21.47 72.8 27.02 91.21 34.06 34.66 14.14 44.38 75.24 99.04 29.73 0.0 31.78 29.41 20.62 37.05 87.92 61.35 66.01 73.76 101.24 50.45 68.01 36.12 7.62 18.44 74.24 21.0 26.08 31.26 22.02 62.29 31.91 39.4 43.42 12.37 31.91 20.4 16.4 77.28 75.58 61.03 22.8 67.36 72.47 21.19 14.76 30.08 96.51 83.95 68.88 99.01 94.01 22.47 10.05 37.95 
79.4 30.36 19.21 73.82 19.42 80.16 88.89 24.08 11.7 87.3 48.76 67.12 55.07 32.76 52.81 81.06 14.14 81.3 21.02 32.76 44.38 41.18 62.01 90.67 31.02 31.78 0.0 22.02 12.04 41.73 76.03 52.17 67.12 64.94 88.09 32.02 59.03 11.18 24.33 36.8 59.08 52.47 53.46 46.62 33.54 60.42 24.41 23.54 34.13 34.37 24.33 11.4 21.84 82.38 61.03 71.42 24.7 71.02 57.08 36.12 18.0 54.67 100.24 76.12 76.22 84.38 92.7 18.03 41.77 7.07 
57.71 25.94 2.83 51.87 37.36 65.8 69.05 35.06 33.29 69.01 44.6 53.14 33.62 25.81 49.52 59.03 8.06 64.38 5.39 49.5 43.42 19.92 46.84 73.06 46.1 29.41 22.02 0.0 16.12 19.85 60.21 34.13 45.69 47.1 73.25 21.21 41.11 33.02 23.26 43.97 45.31 44.94 40.26 56.52 16.12 39.56 3.0 44.28 53.76 23.32 42.2 20.22 13.04 60.54 46.82 49.52 38.01 49.24 43.46 45.12 17.46 59.06 78.72 58.01 54.2 70.52 72.28 32.25 36.8 22.47 
73.01 35.0 14.0 66.65 21.54 80.81 85.16 19.42 20.0 85.05 37.7 67.91 49.34 36.36 42.05 73.25 9.22 80.16 18.25 33.38 34.13 35.9 61.98 89.01 30.02 20.62 12.04 16.12 0.0 33.62 75.66 50.01 61.35 63.01 88.46 33.62 57.01 20.25 13.0 30.02 59.91 40.79 41.44 41.79 22.8 55.54 19.1 29.41 38.08 22.36 26.25 4.12 10.3 75.58 61.61 62.8 22.02 64.47 57.97 30.46 6.08 46.86 94.15 74.01 68.6 85.38 88.29 16.12 30.36 17.46 
39.85 38.01 22.67 33.11 55.01 60.46 55.08 49.73 52.63 57.72 46.62 49.58 18.11 36.06 51.48 39.66 27.59 55.54 22.83 65.79 48.51 10.82 42.52 62.64 61.68 37.05 41.73 19.85 33.62 0.0 53.34 27.66 29.15 38.47 66.73 30.07 33.29 52.5 34.37 55.04 43.19 43.57 33.24 68.03 15.03 25.32 18.03 62.97 71.55 25.5 59.51 37.59 25.3 42.15 43.84 29.7 53.45 31.32 41.87 57.22 31.95 66.29 61.03 47.76 34.99 65.46 57.08 48.85 39.85 42.2 
39.81 48.27 61.81 44.01 95.02 8.06 25.63 95.04 87.21 16.4 99.73 10.82 37.54 44.91 104.66 50.7 66.48 7.07 57.43 108.12 100.85 43.86 14.04 16.64 105.39 87.92 76.03 60.21 75.66 53.34 0.0 26.57 34.48 15.0 13.42 44.1 20.12 86.28 82.97 104.05 17.72 96.9 85.8 116.71 67.12 31.14 57.27 99.25 110.11 77.88 100.02 79.51 72.53 43.57 15.52 54.12 97.62 39.4 19.65 105.32 77.67 117.99 47.54 11.05 47.76 12.81 31.95 91.35 92.61 71.34 
34.48 29.73 36.01 33.24 70.35 33.12 37.16 69.18 63.79 35.23 73.43 21.93 16.28 26.17 78.39 41.76 41.01 30.27 32.06 83.1 74.32 17.49 14.87 39.0 80.0 61.35 52.17 34.13 50.01 27.66 26.57 0.0 22.47 13.0 39.92 22.47 7.0 63.06 56.52 77.67 16.12 71.03 60.83 90.43 40.71 14.56 31.14 75.71 86.15 51.43 75.33 54.0 46.1 38.47 16.4 39.0 72.03 28.46 15.23 79.08 51.48 91.42 52.33 24.08 37.11 38.08 41.68 66.01 66.19 48.7 
12.73 50.8 48.33 11.05 82.87 42.54 26.68 78.64 78.71 31.91 73.55 36.88 12.08 47.43 78.1 19.42 53.71 33.3 46.14 94.37 76.53 25.94 31.14 37.44 90.47 66.01 67.12 45.69 61.35 29.15 34.48 22.47 0.0 21.59 46.23 42.64 21.02 78.29 63.51 84.15 35.0 68.96 56.08 97.13 44.05 8.06 42.95 89.96 99.37 54.04 87.6 65.46 54.13 16.4 34.06 19.7 82.23 6.08 35.06 86.37 60.64 94.53 33.12 24.84 15.03 47.17 28.0 77.2 67.6 65.46 
30.27 40.31 49.01 32.25 83.29 22.63 25.81 82.15 76.49 22.36 85.0 15.3 22.63 36.72 89.9 40.01 54.01 17.46 45.04 96.08 86.38 29.41 10.2 26.0 93.0 73.76 64.94 47.1 63.01 38.47 15.0 13.0 21.59 0.0 28.3 34.18 6.0 75.71 69.23 90.43 14.87 81.99 70.8 103.25 52.55 16.64 44.1 88.46 98.99 63.32 88.28 67.0 58.86 34.37 13.34 41.11 85.02 27.29 15.65 91.92 64.38 103.74 44.1 11.18 36.22 27.59 31.14 79.01 78.0 61.13 
49.24 59.21 74.73 54.71 107.3 8.06 30.15 107.87 99.0 19.1 113.15 21.0 50.61 56.08 118.07 60.42 79.25 13.04 70.21 120.5 114.24 57.27 26.48 15.13 117.96 101.24 88.09 73.25 88.46 66.73 13.42 39.92 46.23 28.3 0.0 56.08 33.54 98.01 96.17 117.18 29.02 110.28 99.05 129.76 80.53 43.93 70.34 111.0 122.0 91.29 112.29 92.23 85.73 52.55 27.07 65.46 110.32 50.48 31.02 118.36 90.71 131.32 52.0 21.4 58.18 5.66 36.01 103.95 106.02 83.01 
55.32 8.54 21.4 52.15 51.24 48.17 59.48 52.81 43.1 56.32 65.8 35.13 32.25 6.0 70.72 60.54 24.6 49.65 16.4 64.5 64.54 21.38 30.07 59.23 62.17 50.45 32.02 21.21 33.62 30.07 44.1 22.47 42.64 34.18 56.08 0.0 28.64 42.19 43.83 63.51 27.07 65.8 59.51 75.39 35.36 34.71 19.21 55.15 66.03 44.2 56.22 37.0 34.06 59.03 29.02 54.42 54.82 48.01 25.08 64.08 37.22 79.61 74.41 45.22 55.57 52.47 64.14 48.27 58.0 27.29 
31.62 35.23 43.01 32.06 77.32 27.2 30.89 76.16 70.61 28.28 79.61 17.49 18.87 31.62 84.53 40.31 48.01 23.35 39.05 90.09 80.78 23.77 10.77 32.0 87.0 68.01 59.03 41.11 57.01 33.29 20.12 7.0 21.02 6.0 33.54 28.64 0.0 69.86 63.35 84.53 14.04 76.85 66.07 97.32 47.01 14.32 38.12 82.57 93.06 57.78 82.3 61.0 52.95 35.74 13.34 39.62 79.03 27.07 14.04 85.99 58.42 98.03 47.63 17.12 36.06 32.2 35.81 73.01 72.5 55.36 
90.55 39.2 30.23 84.88 12.73 90.0 99.93 22.47 1.41 98.06 52.09 77.01 66.24 42.05 55.44 92.01 25.0 91.79 32.2 25.06 46.53 52.35 72.25 101.27 24.84 36.12 11.18 33.02 20.25 52.5 86.28 63.06 78.29 75.71 98.01 42.19 69.86 0.0 29.61 35.34 69.03 57.08 60.44 42.52 43.01 71.59 35.51 13.0 24.08 41.79 16.64 17.46 30.53 93.49 71.06 82.13 21.1 82.15 67.03 33.62 25.08 53.24 111.41 86.88 87.2 94.05 103.82 15.81 46.04 15.0 
73.98 46.67 22.47 66.76 25.0 88.87 89.02 16.12 28.86 90.45 24.7 76.32 52.09 47.51 29.07 72.24 19.8 86.68 27.46 32.76 21.4 40.2 69.89 94.89 28.18 7.62 24.33 23.26 13.0 34.37 82.97 56.52 63.51 69.23 96.17 43.83 63.35 29.61 0.0 21.21 68.54 28.16 31.02 34.13 19.92 59.01 26.0 34.67 40.36 13.45 28.28 13.04 10.44 75.96 70.01 60.84 20.25 65.51 66.71 23.0 7.21 35.85 95.08 79.76 68.01 93.64 91.35 17.8 17.46 30.36 
94.05 64.9 42.72 86.49 23.77 109.77 110.0 13.04 34.01 111.65 23.32 97.08 73.0 66.37 24.35 91.21 38.91 107.87 47.54 21.19 16.12 61.4 90.8 116.11 16.49 18.44 36.8 43.97 30.02 55.04 104.05 77.67 84.15 90.43 117.18 63.51 84.53 35.34 21.21 0.0 89.2 30.81 41.23 13.0 40.11 80.02 46.84 32.06 31.32 30.81 23.02 27.2 31.58 95.71 90.76 79.4 14.56 85.71 87.32 3.61 26.57 18.03 114.93 100.98 87.32 114.48 112.11 19.72 22.02 43.86 
44.91 30.59 46.49 46.01 78.31 21.1 38.95 79.31 70.01 32.45 87.66 8.06 31.95 27.29 92.66 54.15 50.7 24.17 41.76 91.55 87.82 32.53 5.0 34.01 89.11 74.24 59.08 45.31 59.91 43.19 17.72 16.12 35.0 14.87 29.02 27.07 14.04 69.03 68.54 89.2 0.0 85.91 76.42 101.53 55.0 28.28 42.54 82.02 93.0 65.46 83.29 63.56 58.18 49.03 2.24 53.6 81.58 41.01 2.0 90.14 62.63 104.22 58.67 22.63 50.01 25.5 44.82 75.13 80.16 54.04 
75.8 70.83 45.65 67.6 49.48 104.01 95.6 37.64 56.14 100.09 7.81 92.8 60.42 70.72 10.2 70.01 45.31 98.84 50.25 51.48 14.87 53.6 85.8 105.31 46.53 21.0 52.47 44.94 40.79 43.57 96.9 71.03 68.96 81.99 110.28 65.8 76.85 57.08 28.16 30.81 85.91 0.0 14.04 39.82 31.11 67.62 46.62 59.2 61.27 21.63 50.92 41.19 33.62 76.32 86.83 58.03 41.44 68.45 84.39 34.41 34.71 29.73 95.08 90.8 67.19 109.0 96.1 42.76 11.05 58.25 
62.17 65.79 41.77 53.94 55.47 93.24 82.54 44.65 59.77 87.66 20.88 82.76 48.55 65.0 24.19 56.04 43.1 87.13 45.61 60.31 26.83 43.93 75.69 93.02 55.32 26.08 53.46 40.26 41.44 33.24 85.8 60.83 56.08 70.8 99.05 59.51 66.07 60.44 31.02 41.23 76.42 14.04 0.0 51.97 24.35 55.57 41.11 65.3 69.4 19.1 57.98 43.17 32.02 62.51 77.08 44.1 48.83 55.08 75.07 44.69 35.69 43.42 81.15 78.89 53.34 98.23 82.71 48.3 19.21 58.03 
106.92 76.06 55.08 99.3 29.83 122.26 123.0 22.83 41.11 124.58 32.02 109.48 86.0 77.82 31.14 103.81 50.92 120.67 59.77 20.88 25.24 74.33 103.32 129.0 18.36 31.26 46.62 56.52 41.79 68.03 116.71 90.43 97.13 103.25 129.76 75.39 97.32 42.52 34.13 13.0 101.53 39.82 51.97 0.0 53.08 93.02 59.44 35.34 30.27 43.57 26.93 38.48 44.41 108.5 103.16 91.92 22.02 98.62 99.62 11.4 39.05 15.3 127.74 113.86 100.02 126.92 125.1 28.6 33.11 53.6 
54.13 41.44 18.0 46.84 42.8 73.82 70.11 35.85 42.8 72.57 32.76 62.13 33.14 40.72 37.74 52.39 20.62 69.89 21.38 52.33 33.84 23.26 55.23 77.37 47.93 22.02 33.54 16.12 22.8 15.03 67.12 40.71 44.05 52.55 80.53 35.36 47.01 43.01 19.92 40.11 55.0 31.11 24.35 53.08 0.0 40.31 16.76 51.66 59.08 10.77 46.87 26.17 12.73 56.04 56.04 41.18 39.81 45.71 53.41 42.43 19.21 51.42 75.19 62.36 48.1 78.77 72.03 36.06 25.5 36.4 
20.62 42.8 42.06 18.68 76.92 39.05 30.02 73.55 72.09 32.57 71.47 31.38 7.28 39.41 76.22 27.2 47.43 31.62 39.4 88.84 73.76 19.65 25.0 37.7 85.16 62.29 60.42 39.56 55.54 25.32 31.14 14.56 8.06 16.64 43.93 34.71 14.32 71.59 59.01 80.02 28.28 67.62 55.57 93.02 40.31 0.0 36.69 83.57 93.3 50.8 81.74 59.67 49.16 24.41 27.66 25.32 76.94 13.93 28.07 82.01 55.44 91.59 40.22 23.32 22.56 43.93 32.76 71.59 65.0 58.31 
55.07 24.7 5.39 49.41 40.26 62.94 66.1 38.05 35.85 66.01 46.67 50.33 30.87 24.19 51.62 56.73 10.77 61.4 5.1 52.47 45.8 17.09 43.97 70.06 49.09 31.91 24.41 3.0 19.1 18.03 57.27 31.14 42.95 44.1 70.34 19.21 38.12 35.51 26.0 46.84 42.54 46.62 41.11 59.44 16.76 36.69 0.0 47.01 56.61 25.0 45.12 23.19 15.65 57.98 44.01 47.51 41.01 46.65 40.72 48.05 20.4 61.72 76.03 55.01 51.86 67.68 69.38 35.23 38.9 24.21 
101.97 52.15 41.63 95.88 9.85 103.0 112.36 21.59 12.04 110.82 52.95 90.01 77.88 55.04 55.33 102.63 36.25 104.69 44.27 15.0 46.39 64.08 85.21 114.13 17.09 39.4 23.54 44.28 29.41 62.97 99.25 75.71 89.96 88.46 111.0 55.15 82.57 13.0 34.67 32.06 82.02 59.2 65.3 35.34 51.66 83.57 47.01 0.0 11.18 48.01 9.06 25.61 38.95 104.71 84.05 92.2 18.11 93.48 80.02 29.27 32.53 48.51 123.0 99.64 97.94 107.04 116.06 17.0 48.38 28.0 
111.09 63.29 51.24 104.65 16.55 114.02 122.48 24.84 23.02 121.34 54.23 101.0 87.32 66.12 55.66 111.02 45.88 115.43 54.34 10.2 47.17 73.68 96.08 124.79 14.87 43.42 34.13 53.76 38.08 71.55 110.11 86.15 99.37 98.99 122.0 66.03 93.06 24.08 40.36 31.32 93.0 61.27 69.4 30.27 59.08 93.3 56.61 11.18 0.0 53.76 12.21 34.01 46.65 113.64 95.01 100.17 20.62 102.55 91.0 27.89 39.96 45.01 132.23 110.17 106.47 118.11 125.96 23.02 51.11 39.05 
63.39 49.24 24.17 55.73 38.42 84.53 80.4 29.21 41.23 83.2 22.2 72.72 43.57 49.09 27.2 60.44 24.52 80.65 28.65 45.8 23.09 34.01 65.86 88.06 41.05 12.37 34.37 23.32 22.36 25.5 77.88 51.43 54.04 63.32 91.29 44.2 57.78 41.79 13.45 30.81 65.46 21.63 19.1 43.57 10.77 50.8 25.0 48.01 53.76 0.0 41.73 24.35 13.04 64.94 66.57 48.7 33.42 55.15 63.82 33.53 16.76 40.79 84.17 73.08 56.52 89.47 82.02 31.24 14.76 39.0 
99.16 54.57 39.81 92.61 5.0 104.39 111.2 13.42 15.26 110.55 44.38 91.35 75.58 57.07 46.53 98.88 34.53 105.04 43.29 8.54 37.66 62.1 86.05 114.21 8.6 31.91 24.33 42.2 26.25 59.51 100.02 75.33 87.6 88.28 112.29 56.22 82.3 16.64 28.28 23.02 83.29 50.92 57.98 26.93 46.87 81.74 45.12 9.06 12.21 41.73 0.0 22.14 34.48 101.64 85.21 87.98 9.49 90.62 81.3 20.22 27.78 39.56 120.33 99.41 94.37 108.66 114.48 10.82 40.31 30.36 
77.08 37.74 18.03 70.66 17.46 84.53 89.27 15.81 17.0 89.09 37.36 71.59 53.45 39.36 41.44 77.18 13.04 84.1 22.09 29.27 33.11 40.02 65.76 93.0 26.0 20.4 11.4 20.22 4.12 37.59 79.51 54.0 65.46 67.0 92.23 37.0 61.0 17.46 13.04 27.2 63.56 41.19 43.17 38.48 26.17 59.67 23.19 25.61 34.01 24.35 22.14 0.0 13.45 79.62 65.31 66.61 18.11 68.54 61.61 27.29 7.62 44.55 98.23 78.03 72.56 89.05 92.42 12.04 30.41 17.89 
65.15 37.8 12.73 58.31 30.23 78.43 79.16 24.52 30.23 80.22 32.2 65.92 42.43 38.21 37.01 64.41 11.7 76.3 17.69 40.5 30.48 30.02 59.46 84.59 36.4 16.4 21.84 13.04 10.3 25.3 72.53 46.1 54.13 58.86 85.73 34.06 52.95 30.53 10.44 31.58 58.18 33.62 32.02 44.41 12.73 49.16 15.65 38.95 46.65 13.04 34.48 13.45 0.0 67.42 59.62 53.54 28.16 56.61 56.36 33.14 6.71 46.07 86.33 69.46 59.93 83.22 81.74 23.71 24.41 26.02 
4.12 67.2 63.29 9.22 97.08 51.2 24.84 91.71 93.81 34.48 82.02 49.04 27.66 63.82 86.15 8.49 68.6 39.85 61.61 107.91 86.09 41.4 44.55 39.96 103.73 77.28 82.38 60.54 75.58 42.15 43.57 38.47 16.4 34.37 52.55 59.03 35.74 93.49 75.96 95.71 49.03 76.32 62.51 108.5 56.04 24.41 57.98 104.71 113.64 64.94 101.64 79.62 67.42 0.0 47.68 18.68 95.52 11.4 49.48 98.27 74.09 104.04 19.24 32.56 9.22 55.08 22.2 91.0 77.1 81.22 
43.57 32.76 48.08 45.01 80.22 19.24 36.88 81.02 72.03 30.23 88.75 6.32 31.78 29.43 93.74 53.04 52.39 21.93 43.42 93.43 89.07 33.3 3.16 31.78 90.93 75.58 61.03 46.82 61.61 43.84 15.52 16.4 34.06 13.34 27.07 29.02 13.34 71.06 70.01 90.76 2.24 86.83 77.08 103.16 56.04 27.66 44.01 84.05 95.01 66.57 85.21 65.31 59.62 47.68 0.0 52.95 83.36 40.01 4.12 91.76 64.2 105.6 56.82 20.52 49.01 23.77 42.8 76.94 81.3 56.08 
19.24 62.97 52.35 11.4 83.76 62.18 41.62 76.92 82.22 49.5 64.07 56.32 23.19 60.08 68.0 12.04 57.28 52.43 52.01 93.48 68.59 33.54 50.22 55.15 89.0 61.03 71.42 49.52 62.8 29.7 54.12 39.0 19.7 41.11 65.46 54.42 39.62 82.13 60.84 79.4 53.6 58.03 44.1 91.92 41.18 25.32 47.51 92.2 100.17 48.7 87.98 66.61 53.54 18.68 52.95 0.0 80.95 15.0 53.34 82.22 60.21 86.37 37.05 44.1 9.49 66.73 40.25 77.18 59.68 71.7 
93.3 54.63 36.01 86.38 9.22 102.59 106.79 4.24 19.72 107.02 34.93 89.63 70.41 56.65 37.22 92.2 31.14 102.18 40.2 12.53 28.28 57.43 83.86 111.02 8.25 22.8 24.7 38.01 22.02 53.45 97.62 72.03 82.23 85.02 110.32 54.82 79.03 21.1 20.25 14.56 81.58 41.44 48.83 22.02 39.81 76.94 41.01 18.11 20.62 33.42 9.49 18.11 28.16 95.52 83.36 80.95 0.0 84.77 79.62 12.53 21.59 32.2 114.48 96.0 87.85 107.08 109.66 6.71 30.87 31.62 
8.54 56.3 51.97 5.0 86.01 47.42 27.73 81.04 82.49 34.71 73.55 42.58 16.28 53.0 77.93 13.34 57.31 37.44 50.22 97.08 77.06 30.0 37.05 40.36 93.01 67.36 71.02 49.24 64.47 31.32 39.4 28.46 6.08 27.29 50.48 48.01 27.07 82.15 65.51 85.71 41.01 68.45 55.08 98.62 45.71 13.93 46.65 93.48 102.55 55.15 90.62 68.54 56.61 11.4 40.01 15.0 84.77 0.0 41.11 88.12 63.25 95.08 29.73 29.15 9.0 51.88 27.66 80.06 68.07 69.81 
45.35 28.64 44.6 46.1 76.32 23.09 40.31 77.37 68.01 34.13 86.02 10.05 31.32 25.32 91.02 54.33 48.76 26.0 39.85 89.56 86.09 31.14 6.4 35.85 87.13 72.47 57.08 43.46 57.97 41.87 19.65 15.23 35.06 15.65 31.02 25.08 14.04 67.03 66.71 87.32 2.0 84.39 75.07 99.62 53.41 28.07 40.72 80.02 91.0 63.82 81.3 61.61 56.36 49.48 4.12 53.34 79.62 41.11 0.0 88.23 60.75 102.42 59.68 24.08 50.09 27.46 46.1 73.16 78.49 52.04 
96.51 65.0 43.68 89.05 21.54 110.86 112.02 12.04 32.25 113.36 26.93 98.08 75.06 66.65 27.86 93.96 39.56 109.33 48.38 17.72 19.72 63.13 91.92 117.72 13.15 21.19 36.12 45.12 30.46 57.22 105.32 79.08 86.37 91.92 118.36 64.08 85.99 33.62 23.0 3.61 90.14 34.41 44.69 11.4 42.43 82.01 48.05 29.27 27.89 33.53 20.22 27.29 33.14 98.27 91.76 82.22 12.53 88.12 88.23 0.0 27.66 19.7 117.48 102.59 89.99 115.52 114.28 18.44 25.5 43.19 
71.78 39.62 16.16 65.0 23.6 83.24 85.38 18.11 24.6 86.05 31.78 70.52 48.84 40.61 36.24 71.12 12.81 81.74 21.02 33.84 28.6 36.06 64.29 90.27 29.83 14.76 18.0 17.46 6.08 31.95 77.67 51.48 60.64 64.38 90.71 37.22 58.42 25.08 7.21 26.57 62.63 34.71 35.69 39.05 19.21 55.44 20.4 32.53 39.96 16.76 27.78 7.62 6.71 74.09 64.2 60.21 21.59 63.25 60.75 27.66 0.0 42.44 92.97 75.17 66.64 87.93 88.12 17.0 24.35 23.54 
103.0 81.84 58.31 95.01 41.23 124.23 121.06 31.06 51.88 123.98 22.56 111.89 84.34 83.01 19.7 98.41 55.22 121.17 63.29 35.13 18.03 74.33 105.31 128.79 31.58 30.08 54.67 59.06 46.86 66.29 117.99 91.42 94.53 103.74 131.32 79.61 98.03 53.24 35.85 18.03 104.22 29.73 43.42 15.3 51.42 91.59 61.72 48.51 45.01 40.79 39.56 44.55 46.07 104.04 105.6 86.37 32.2 95.08 102.42 19.7 42.44 0.0 123.15 113.76 95.13 129.08 122.41 37.74 27.02 61.72 
21.19 82.04 81.39 28.44 115.69 53.6 22.2 110.72 111.83 33.06 101.0 56.08 45.18 78.49 105.02 25.18 86.76 41.59 79.26 126.81 105.23 59.06 53.71 37.05 122.71 96.51 100.24 78.72 94.15 61.03 47.54 52.33 33.12 44.1 52.0 74.41 47.63 111.41 95.08 114.93 58.67 95.08 81.15 127.74 75.19 40.22 76.03 123.0 132.23 84.17 120.33 98.23 86.33 19.24 56.82 37.05 114.48 29.73 59.68 117.48 92.97 123.15 0.0 37.34 28.02 56.14 16.03 109.79 96.25 98.48 
28.86 50.99 60.01 33.54 94.43 18.68 16.4 93.05 87.66 11.18 94.34 18.79 30.41 47.42 99.16 39.85 65.07 8.49 56.14 107.17 96.17 39.62 17.69 15.13 104.02 83.95 76.12 58.01 74.01 47.76 11.05 24.08 24.84 11.18 21.4 45.22 17.12 86.88 79.76 100.98 22.63 90.8 78.89 113.86 62.36 23.32 55.01 99.64 110.17 73.08 99.41 78.03 69.46 32.56 20.52 44.1 96.0 29.15 24.08 102.59 75.17 113.76 37.34 0.0 37.16 22.85 22.47 90.05 87.6 72.28 
10.0 64.01 57.01 4.0 89.94 55.71 32.65 83.93 87.42 41.23 73.0 51.48 23.32 60.83 77.06 5.0 62.2 45.18 55.9 100.32 77.23 36.12 46.04 46.86 96.01 68.88 76.22 54.2 68.6 34.99 47.76 37.11 15.03 36.22 58.18 55.57 36.06 87.2 68.01 87.32 50.01 67.19 53.34 100.02 48.1 22.56 51.86 97.94 106.47 56.52 94.37 72.56 59.93 9.22 49.01 9.49 87.85 9.0 50.09 89.99 66.64 95.13 28.02 37.16 0.0 60.01 30.89 83.63 68.26 75.69 
51.55 55.01 71.84 56.36 103.7 5.0 34.01 104.79 95.08 23.09 111.51 17.46 50.21 52.01 116.47 62.63 76.16 15.3 67.19 116.97 112.26 55.57 23.77 19.92 114.59 99.01 84.38 70.52 85.38 65.46 12.81 38.08 47.17 27.59 5.66 52.47 32.2 94.05 93.64 114.48 25.5 109.0 98.23 126.92 78.77 43.93 67.68 107.04 118.11 89.47 108.66 89.05 83.22 55.08 23.77 66.73 107.08 51.88 27.46 115.52 87.93 129.08 56.14 22.85 60.01 0.0 40.11 100.62 104.24 79.06 
21.02 71.03 74.73 29.15 109.64 37.66 6.32 106.21 104.4 17.03 101.12 41.18 39.32 67.42 105.55 30.61 80.08 25.71 71.78 121.6 104.39 52.39 39.82 21.21 117.89 94.01 92.7 72.28 88.29 57.08 31.95 41.68 28.0 31.14 36.01 64.14 35.81 103.82 91.35 112.11 44.82 96.1 82.71 125.1 72.03 32.76 69.38 116.06 125.96 82.02 114.48 92.42 81.74 22.2 42.8 40.25 109.66 27.66 46.1 114.28 88.12 122.41 16.03 22.47 30.89 40.11 0.0 104.35 95.43 89.96 
88.6 47.93 30.07 81.94 7.21 96.18 101.27 6.71 14.56 101.12 37.05 83.19 65.25 49.98 40.05 88.12 25.0 96.05 34.01 17.26 31.06 51.97 77.52 105.0 14.04 22.47 18.03 32.25 16.12 48.85 91.35 66.01 77.2 79.01 103.95 48.27 73.01 15.81 17.8 19.72 75.13 42.76 48.3 28.6 36.06 71.59 35.23 17.0 23.02 31.24 10.82 12.04 23.71 91.0 76.94 77.18 6.71 80.06 73.16 18.44 17.0 37.74 109.79 90.05 83.63 100.62 104.35 0.0 31.78 25.0 
76.0 62.2 37.01 68.03 38.6 99.3 94.2 26.93 45.1 97.53 7.81 87.46 57.72 62.48 12.73 71.7 35.85 95.27 41.87 41.62 9.0 48.75 80.62 102.49 36.62 10.05 41.77 36.8 30.36 39.85 92.61 66.19 67.6 78.0 106.02 58.0 72.5 46.04 17.46 22.02 80.16 11.05 19.21 33.11 25.5 65.0 38.9 48.38 51.11 14.76 40.31 30.41 24.41 77.1 81.3 59.68 30.87 68.07 78.49 25.5 24.35 27.02 96.25 87.6 68.26 104.24 95.43 31.78 0.0 47.8 
78.01 24.33 19.72 73.0 25.63 75.0 85.8 31.14 16.03 83.43 55.03 62.01 53.6 27.07 59.24 80.62 15.81 76.94 19.8 38.9 50.99 39.82 57.31 86.49 37.58 37.95 7.07 22.47 17.46 42.2 71.34 48.7 65.46 61.13 83.01 27.29 55.36 15.0 30.36 43.86 54.04 58.25 58.03 53.6 36.4 58.31 24.21 28.0 39.05 39.0 30.36 17.89 26.02 81.22 56.08 71.7 31.62 69.81 52.04 43.19 23.54 61.72 98.48 72.28 75.69 79.06 89.96 25.0 47.8 0.0 
