100
0.0 34.93 37.01 25.02 19.65 66.37 49.74 49.52 48.84 65.0 42.19 60.83 66.71 35.0 27.29 42.01 19.7 14.21 57.2 20.25 21.26 48.76 29.53 45.65 15.62 30.08 15.65 57.07 59.46 17.46 68.88 47.51 59.03 72.47 41.44 57.01 33.06 60.75 20.4 40.02 28.02 10.2 39.56 37.12 59.08 68.82 26.68 29.15 59.2 46.32 23.6 56.3 44.41 68.96 48.01 46.1 65.15 22.2 2.24 55.8 46.17 77.7 44.1 29.07 38.47 33.06 45.19 16.16 60.03 32.56 23.02 26.4 17.09 50.0 51.35 15.52 72.2 68.45 15.81 77.9 57.94 38.28 63.13 46.87 36.88 76.61 47.41 5.83 46.1 40.31 42.2 77.67 69.64 33.84 34.53 25.32 27.59 40.72 62.97 18.0 
34.93 0.0 9.49 16.55 27.46 43.05 15.56 22.09 41.05 60.21 20.59 31.62 47.27 8.06 18.68 12.04 15.23 21.59 32.06 14.76 18.11 38.08 21.63 27.86 20.4 6.71 19.31 46.96 43.68 17.46 48.04 17.46 26.93 50.04 21.93 31.14 35.51 44.38 21.63 8.6 9.22 25.06 5.0 17.72 35.01 42.76 20.88 17.26 33.24 13.04 13.0 22.67 14.42 46.04 46.01 38.01 49.48 30.08 35.11 23.02 34.99 52.77 24.35 16.28 20.88 12.04 10.3 26.25 57.2 8.0 17.49 17.46 17.89 48.17 45.22 28.02 48.26 55.97 27.02 54.33 41.48 29.07 56.44 14.87 7.21 49.73 29.73 29.15 30.87 37.48 9.85 51.42 45.28 6.4 8.25 19.31 14.32 27.46 52.39 32.25 
37.01 9.49 0.0 24.33 24.33 34.37 14.14 13.93 32.02 51.04 29.97 24.7 38.05 2.24 27.07 5.0 18.6 22.8 23.54 18.87 16.55 28.84 15.3 18.38 21.4 15.0 21.93 37.59 34.21 20.62 39.01 10.63 22.02 41.3 31.38 22.8 28.79 34.93 28.46 17.2 9.22 28.32 12.04 27.2 26.31 34.79 29.15 26.0 25.0 10.2 13.45 19.7 22.67 37.34 37.54 29.07 40.02 26.02 36.62 18.87 25.81 44.64 14.87 25.0 30.36 21.38 12.65 32.2 48.27 17.26 24.74 13.15 21.4 39.62 36.24 26.25 39.81 46.49 25.3 45.89 32.02 20.62 47.17 22.02 16.55 42.15 20.25 31.24 21.47 29.41 17.69 43.66 36.88 4.12 17.72 27.29 10.44 18.44 42.95 29.43 
25.02 16.55 24.33 0.0 28.28 58.69 31.62 38.08 51.55 70.58 17.26 48.1 62.03 22.2 3.61 28.16 11.4 17.2 47.85 10.0 20.25 49.48 29.15 41.11 17.03 9.85 13.6 58.69 57.22 12.04 63.2 33.84 43.42 65.62 16.76 47.07 41.05 58.14 5.83 17.2 17.12 15.3 19.21 12.17 50.64 58.94 5.1 4.47 49.24 29.53 16.16 38.83 20.25 61.66 54.56 48.38 63.2 31.83 26.17 39.45 46.32 68.88 38.01 4.12 13.93 8.54 25.61 11.18 66.71 9.9 2.0 23.77 11.4 56.8 55.36 26.4 64.13 68.88 25.61 70.21 55.15 38.9 67.36 23.26 14.21 66.1 43.1 20.4 43.42 45.62 19.42 67.72 61.19 20.22 11.4 3.0 21.84 38.83 64.54 31.4 
19.65 27.46 24.33 28.28 0.0 47.8 38.47 33.62 29.27 46.27 43.57 44.65 47.41 23.09 31.83 28.86 17.03 11.66 39.62 18.44 9.49 29.12 11.4 27.02 11.4 26.4 15.0 37.48 39.92 16.28 49.74 33.24 44.78 53.54 43.83 39.7 14.32 41.23 27.46 35.44 18.25 17.72 32.39 38.83 41.04 50.93 32.65 32.56 41.77 34.53 14.87 43.68 41.11 50.22 29.27 26.48 45.54 3.61 18.03 42.38 26.57 59.2 26.17 31.89 41.4 32.76 36.0 26.93 41.59 29.97 26.91 11.18 17.03 31.4 32.02 4.12 53.6 48.84 4.0 59.08 38.48 18.79 44.01 42.2 32.89 58.73 28.6 16.0 26.93 21.0 37.11 59.55 51.22 23.0 31.78 30.48 14.04 21.63 43.42 5.1 
66.37 43.05 34.37 58.69 47.8 0.0 33.24 21.0 26.57 34.93 61.52 15.26 8.06 36.5 61.4 31.02 51.55 53.23 11.0 52.2 45.62 23.26 36.89 20.81 51.89 49.25 53.85 23.02 14.04 53.14 6.4 26.08 23.32 7.0 63.39 12.04 40.0 13.0 62.59 48.26 42.45 60.01 43.1 60.07 8.06 6.08 63.51 60.21 10.2 32.39 45.54 29.07 51.97 3.0 34.21 26.83 14.87 46.75 65.19 26.4 23.85 11.4 22.36 59.21 63.13 55.01 38.64 65.8 36.12 51.04 59.03 40.25 54.08 34.71 28.64 51.61 5.83 22.36 51.04 11.7 13.34 29.7 30.59 49.48 49.04 12.08 19.21 61.29 21.21 33.62 47.52 12.21 3.61 38.47 51.0 61.66 39.92 26.25 23.54 51.74 
49.74 15.56 14.14 31.62 38.47 33.24 0.0 14.21 41.05 58.73 29.02 19.03 39.4 15.52 33.12 10.05 30.23 35.78 22.85 30.0 30.36 37.2 29.02 25.81 34.44 22.02 34.13 44.55 38.6 32.45 39.22 9.22 12.37 40.02 31.06 21.54 41.77 38.83 37.01 16.49 21.93 40.22 12.53 28.64 26.0 31.14 35.36 31.3 23.09 4.0 26.4 7.21 19.03 36.14 47.89 38.59 43.57 40.11 49.65 8.25 34.67 41.05 22.47 30.41 31.4 25.08 6.32 41.77 57.01 21.95 32.8 27.29 33.02 49.74 45.22 40.26 37.48 51.04 39.29 43.29 36.4 31.95 54.45 16.28 18.38 37.05 27.02 43.91 29.41 40.85 15.13 39.01 34.53 16.16 21.02 34.13 24.52 28.64 48.92 43.57 
49.52 22.09 13.93 38.08 33.62 21.0 14.21 0.0 27.73 44.69 40.79 11.31 25.96 16.16 40.61 10.05 32.25 35.47 10.0 32.65 28.28 23.71 22.36 12.65 34.06 28.44 35.23 30.48 24.41 34.13 26.31 5.39 12.04 28.0 42.58 9.06 32.14 24.7 42.38 27.46 22.83 41.62 22.2 39.12 13.04 20.88 42.76 39.32 11.18 12.08 26.63 13.93 31.62 24.0 35.11 25.63 29.53 34.01 48.8 11.4 21.54 30.81 10.05 38.33 42.19 34.01 18.38 46.1 43.27 30.07 38.6 23.43 34.99 36.77 31.76 36.62 26.17 36.89 35.81 32.25 22.2 21.0 40.36 29.55 28.07 28.23 13.42 43.93 16.16 29.27 26.93 29.73 23.19 18.03 30.0 41.0 21.93 17.03 34.71 38.47 
48.84 41.05 32.02 51.55 29.27 26.57 41.05 27.73 0.0 19.24 61.59 33.24 22.2 33.02 55.03 32.56 41.0 39.05 25.08 42.2 32.39 4.12 22.56 15.26 38.12 44.72 41.3 8.25 13.6 41.59 25.24 31.91 38.6 29.68 62.77 26.17 16.55 15.0 53.15 49.2 34.93 46.01 44.05 58.18 24.02 32.02 56.61 54.78 27.02 37.8 35.44 41.63 54.67 27.73 8.0 3.16 17.8 26.68 47.07 39.0 6.4 36.72 18.6 53.85 61.29 51.88 43.19 54.33 16.28 47.89 50.96 27.89 42.58 9.22 4.24 33.38 31.3 19.65 33.24 35.23 13.42 12.65 15.81 53.76 48.26 38.63 14.32 45.18 11.66 8.94 49.68 38.48 30.08 34.67 48.88 54.41 29.73 13.6 14.14 31.32 
65.0 60.21 51.04 70.58 46.27 34.93 58.73 44.69 19.24 0.0 80.78 46.96 27.29 52.15 74.09 51.09 59.77 57.07 38.95 61.03 50.96 22.2 41.44 33.3 56.29 63.95 59.67 14.21 21.93 60.17 30.15 49.52 53.85 34.01 81.99 40.31 32.06 22.47 71.84 68.24 54.13 63.79 63.01 77.41 36.67 41.0 75.61 73.93 40.25 55.87 54.42 58.01 73.6 34.37 17.03 22.36 20.22 43.1 63.01 55.22 25.24 41.01 36.88 73.01 80.53 71.12 61.62 72.57 5.39 67.12 69.89 46.82 61.13 15.0 15.23 50.16 37.12 14.14 50.25 38.12 23.71 31.78 4.47 72.47 67.42 45.1 31.83 62.2 29.83 25.5 68.6 44.01 37.48 53.85 68.1 73.39 48.85 32.76 11.4 47.0 
42.19 20.59 29.97 17.26 43.57 61.52 29.02 40.79 61.59 80.78 0.0 48.0 66.71 28.65 15.0 31.32 26.83 33.62 50.64 25.5 34.41 58.67 41.04 48.33 33.11 17.69 30.08 67.54 63.91 28.23 67.08 35.51 41.19 68.47 2.24 49.5 54.49 64.51 22.0 13.34 27.59 32.56 18.68 5.1 53.76 60.03 16.12 13.04 51.35 29.15 29.21 35.36 10.2 64.5 66.22 58.52 69.57 46.87 43.42 37.12 55.57 70.01 44.78 13.15 4.47 10.82 23.02 27.07 77.67 14.14 19.24 36.07 27.86 68.41 65.73 42.49 66.19 76.32 41.59 72.11 61.68 49.41 77.03 13.6 13.42 66.07 50.16 37.66 51.43 57.49 14.04 68.03 63.2 26.93 12.81 17.0 33.24 48.02 72.92 47.41 
60.83 31.62 24.7 48.1 44.65 15.26 19.03 11.31 33.24 46.96 48.0 0.0 22.67 26.93 50.29 20.12 43.27 46.75 8.25 43.57 39.6 29.15 33.29 20.4 45.34 38.28 46.4 33.24 25.06 45.22 21.63 14.32 8.06 21.54 50.01 7.07 41.48 24.7 52.8 35.13 33.84 52.8 30.41 47.27 10.3 12.17 52.5 48.76 6.71 19.24 37.8 13.93 38.05 17.89 41.19 32.02 28.43 44.78 60.11 11.4 28.0 22.02 19.31 47.8 50.16 42.95 25.02 56.82 46.82 39.29 48.85 34.71 46.04 42.43 36.67 47.8 18.68 36.24 47.01 24.33 23.26 30.08 42.49 35.23 36.5 18.25 20.1 55.23 23.09 37.22 34.01 20.1 15.81 28.65 38.83 50.92 33.24 25.96 35.85 49.4 
66.71 47.27 38.05 62.03 47.41 8.06 39.4 25.96 22.2 27.29 66.71 22.67 0.0 40.01 65.0 35.51 53.76 54.41 16.55 54.59 46.84 19.8 37.34 21.59 53.16 53.04 55.54 16.76 8.6 55.11 3.16 31.32 30.61 7.62 68.45 17.89 37.54 7.21 65.38 53.37 45.18 61.4 48.05 64.78 13.42 13.93 67.01 64.03 16.64 37.95 47.68 36.06 57.57 7.07 29.07 23.35 7.07 45.79 65.31 33.29 21.4 14.87 24.19 63.03 67.9 59.3 44.27 68.07 29.02 55.23 62.13 41.48 56.09 29.15 23.26 51.43 10.05 14.32 50.99 13.04 9.22 28.65 23.09 55.36 53.76 18.03 19.65 62.03 20.62 30.41 52.89 17.26 10.2 42.01 55.44 65.03 41.77 26.0 16.03 50.77 
35.0 8.06 2.24 22.2 23.09 36.5 15.52 16.16 33.02 52.15 28.65 26.93 40.01 0.0 25.02 7.07 16.4 20.81 25.71 16.64 14.87 30.02 14.87 19.92 19.42 13.04 19.8 38.91 35.9 18.44 41.05 12.81 24.08 43.42 29.97 25.0 28.64 36.67 26.25 16.28 7.07 26.17 11.4 25.63 28.44 37.0 27.07 24.02 27.2 11.7 11.4 21.47 21.93 39.46 38.18 30.0 41.77 25.02 34.67 20.81 26.93 46.84 16.49 23.02 28.79 19.65 13.15 29.97 49.2 15.52 22.56 12.0 19.21 40.31 37.2 24.74 41.98 48.08 23.77 48.05 33.73 21.21 48.37 21.63 15.26 44.38 21.84 29.21 22.85 29.83 17.03 45.88 39.05 2.0 16.16 25.18 9.06 19.42 44.38 28.16 
27.29 18.68 27.07 3.61 31.83 61.4 33.12 40.61 55.03 74.09 15.0 50.29 65.0 25.02 0.0 30.59 15.0 20.62 50.49 13.6 23.85 52.89 32.7 44.28 20.52 12.17 17.03 62.1 60.41 15.56 66.07 36.14 45.19 68.36 14.14 49.65 44.65 61.29 7.0 17.69 20.4 18.03 20.59 10.05 53.34 61.39 2.24 2.24 51.79 31.38 19.7 40.31 19.72 64.38 58.14 51.87 66.37 35.38 28.64 41.15 49.73 71.39 41.11 2.83 11.18 8.49 26.93 12.17 70.26 11.18 5.0 27.31 14.87 60.37 58.87 29.83 66.75 72.18 29.07 72.84 58.31 42.38 70.84 23.02 15.0 68.41 46.27 23.09 46.69 49.19 19.8 70.09 63.79 23.02 12.21 2.0 25.3 42.2 67.91 34.83 
42.01 12.04 5.0 28.16 28.86 31.02 10.05 10.05 32.56 51.09 31.32 20.12 35.51 7.07 30.59 0.0 23.43 27.8 20.02 23.6 21.47 29.0 19.0 17.8 26.4 18.44 26.87 37.2 32.7 25.5 36.12 5.83 17.03 38.01 32.98 19.1 31.78 33.24 32.7 18.03 14.14 33.24 12.65 29.27 23.0 30.81 32.76 29.27 21.21 6.08 18.44 14.87 22.83 34.01 38.83 29.83 38.28 30.27 41.62 13.89 26.17 40.79 14.21 28.28 32.39 24.0 10.63 36.72 48.8 20.02 28.79 17.72 26.25 40.8 36.8 31.02 36.22 45.19 30.08 42.3 30.46 22.36 47.01 21.4 18.25 37.95 19.42 36.24 21.26 31.3 17.89 39.56 33.24 8.6 20.02 31.05 15.23 19.42 42.19 33.96 
19.7 15.23 18.6 11.4 17.03 51.55 30.23 32.25 41.0 59.77 26.83 43.27 53.76 16.4 15.0 23.43 0.0 7.07 41.23 1.41 8.94 39.32 18.44 32.25 6.32 11.0 4.12 48.51 48.04 2.24 55.32 29.21 40.31 58.24 26.93 40.72 29.68 49.09 12.17 21.02 9.43 10.0 19.92 21.95 43.66 52.8 16.12 15.56 42.95 27.02 6.08 37.01 26.08 54.41 43.46 37.85 54.04 20.52 19.92 36.8 36.22 62.39 29.61 14.87 24.41 16.16 25.5 14.32 55.71 14.14 10.3 13.15 2.83 45.69 44.64 15.65 57.25 59.14 14.76 63.25 46.1 28.44 56.75 28.02 18.0 60.37 34.23 13.93 34.01 34.54 23.09 61.74 54.42 14.87 16.12 13.89 12.04 29.02 54.45 20.59 
14.21 21.59 22.8 17.2 11.66 53.23 35.78 35.47 39.05 57.07 33.62 46.75 54.41 20.81 20.62 27.8 7.07 0.0 43.57 8.25 7.62 38.05 17.26 32.89 1.41 18.03 3.61 47.0 47.85 5.39 56.3 33.3 44.82 59.62 33.54 43.27 25.63 49.03 15.81 28.0 13.89 7.07 26.48 28.64 45.65 55.23 21.21 21.63 45.49 32.25 9.43 42.19 33.14 55.95 40.26 36.01 53.76 15.26 13.89 41.62 35.13 64.41 30.87 21.1 30.89 23.09 31.62 15.52 52.63 21.21 15.62 13.0 5.83 42.45 42.3 9.22 59.03 58.08 8.49 64.88 46.1 27.07 54.45 35.0 25.02 62.97 34.79 8.49 33.96 31.58 30.02 64.14 56.36 19.72 23.19 19.1 13.6 28.64 53.0 14.21 
57.2 32.06 23.54 47.85 39.62 11.0 22.85 10.0 25.08 38.95 50.64 8.25 16.55 25.71 50.49 20.02 41.23 43.57 0.0 41.79 36.06 21.02 28.28 13.42 42.19 38.33 43.83 25.08 17.2 42.95 16.49 15.13 15.0 18.0 52.47 1.41 34.54 17.03 51.92 37.34 31.95 50.12 32.14 49.09 3.16 11.66 52.61 49.25 2.24 21.59 35.34 19.85 41.23 14.0 33.06 24.02 21.26 39.2 56.22 17.03 20.1 21.19 13.45 48.26 52.15 44.01 27.89 55.36 38.63 40.05 48.27 30.81 43.86 34.23 28.44 43.14 16.28 29.0 42.45 22.36 15.26 23.26 34.48 38.9 38.05 19.42 12.65 51.87 15.52 29.61 36.67 20.59 13.34 27.66 40.0 50.8 30.02 19.24 28.02 44.05 
20.25 14.76 18.87 10.0 18.44 52.2 30.0 32.65 42.2 61.03 25.5 43.57 54.59 16.64 13.6 23.6 1.41 8.25 41.79 0.0 10.3 40.45 19.65 33.14 7.62 10.05 5.0 49.65 49.01 3.0 56.09 29.41 40.36 58.94 25.55 41.23 31.06 50.04 11.05 20.1 9.85 10.3 19.31 20.59 44.27 53.31 14.76 14.14 43.46 26.91 7.0 36.88 25.02 55.08 44.78 39.05 55.01 21.93 20.62 36.77 37.34 62.97 30.41 13.45 23.02 14.87 25.06 13.6 57.01 13.04 8.94 14.32 3.16 47.01 45.88 17.0 57.87 60.21 16.12 63.89 47.04 29.61 57.97 27.07 17.03 60.84 35.13 14.56 35.0 35.85 22.2 62.24 55.03 15.0 15.03 12.53 13.0 30.07 55.58 21.95 
21.26 18.11 16.55 20.25 9.49 45.62 30.36 28.28 32.39 50.96 34.41 39.6 46.84 14.87 23.85 21.47 8.94 7.62 36.06 10.3 0.0 31.02 10.0 25.3 6.32 17.0 9.0 40.11 40.45 9.22 48.7 26.63 38.28 52.0 34.83 35.81 20.81 41.59 20.88 25.96 9.0 14.56 23.09 29.83 38.08 47.71 25.06 24.21 38.01 26.57 5.39 36.25 31.62 48.33 34.54 29.27 46.39 12.53 20.52 35.36 28.0 56.82 23.26 23.43 32.56 23.6 27.17 22.02 46.82 20.59 19.24 5.39 10.2 36.77 35.9 10.05 51.43 51.0 9.06 57.27 38.64 20.02 48.05 32.76 23.41 55.47 27.2 15.81 26.48 25.63 27.66 56.6 48.76 14.32 22.36 22.83 6.4 21.21 46.1 14.14 
48.76 38.08 28.84 49.48 29.12 23.26 37.2 23.71 4.12 22.2 58.67 29.15 19.8 30.02 52.89 29.0 39.32 38.05 21.02 40.45 31.02 0.0 21.02 11.4 37.01 42.15 40.01 9.22 11.4 40.11 22.67 28.02 34.48 27.02 59.94 22.09 17.8 12.81 51.48 46.04 32.57 45.1 40.8 55.46 20.1 28.46 54.57 52.5 23.0 34.06 33.54 37.58 51.4 24.7 12.04 3.61 16.55 26.93 47.13 34.93 3.16 33.84 14.87 51.55 58.6 49.24 39.6 53.04 19.85 45.19 49.03 26.17 41.11 13.34 8.06 33.24 28.3 20.02 32.98 32.65 10.63 11.0 18.36 50.33 45.28 35.34 10.3 44.72 7.81 10.63 46.4 35.36 26.83 31.76 46.07 52.39 27.66 10.77 15.13 31.78 
29.53 21.63 15.3 29.15 11.4 36.89 29.02 22.36 22.56 41.44 41.04 33.29 37.34 14.87 32.7 19.0 18.44 17.26 28.28 19.65 10.0 21.02 0.0 16.12 16.12 23.43 19.0 30.15 30.59 19.1 39.4 22.56 33.84 42.94 41.87 28.32 13.89 31.78 30.59 30.23 13.45 24.33 25.94 37.01 29.83 39.7 34.18 32.65 30.41 25.02 13.0 33.38 36.06 39.45 25.55 19.42 36.5 11.7 28.3 31.78 18.0 48.26 14.87 31.76 40.0 30.61 27.89 32.02 37.58 26.91 28.46 5.39 20.1 27.78 26.25 14.87 42.72 41.0 14.21 48.37 28.86 10.05 38.33 36.24 28.43 47.51 17.89 24.7 16.76 16.64 31.38 48.41 40.22 15.65 28.28 31.95 7.81 11.4 36.12 16.12 
45.65 27.86 18.38 41.11 27.02 20.81 25.81 12.65 15.26 33.3 48.33 20.4 21.59 19.92 44.28 17.8 32.25 32.89 13.42 33.14 25.3 11.4 16.12 0.0 31.62 32.76 33.96 19.42 16.12 33.54 23.41 16.64 24.19 26.83 49.77 13.93 21.19 17.03 44.05 35.36 24.02 39.85 30.02 45.54 14.21 24.08 46.17 43.57 15.65 22.67 26.17 26.57 40.5 23.32 22.47 13.0 22.09 26.17 44.42 24.04 8.94 32.2 3.61 42.58 48.7 39.56 28.32 46.53 31.24 35.44 41.01 19.92 34.53 24.17 19.42 30.81 26.63 28.16 30.23 32.25 14.04 9.85 29.21 39.2 34.93 31.83 2.0 40.72 3.61 17.0 35.51 32.56 24.21 21.84 36.06 44.1 20.22 5.83 24.6 31.11 
15.62 20.4 21.4 17.03 11.4 51.89 34.44 34.06 38.12 56.29 33.11 45.34 53.16 19.42 20.52 26.4 6.32 1.41 42.19 7.62 6.32 37.01 16.12 31.62 0.0 17.12 3.61 46.01 46.69 5.0 55.03 31.89 43.42 58.31 33.12 41.88 25.08 47.85 16.12 27.02 12.53 8.25 25.32 28.18 44.29 53.85 21.26 21.4 44.1 30.89 8.06 40.82 32.25 54.63 39.56 35.06 52.61 15.0 15.26 40.22 34.06 63.06 29.55 20.81 30.53 22.47 30.36 16.28 51.92 20.4 15.56 11.7 5.66 41.76 41.44 9.43 57.7 57.04 8.6 63.56 44.91 26.02 53.6 34.01 24.08 61.59 33.53 9.9 32.76 30.81 29.0 62.77 55.01 18.36 22.36 19.1 12.21 27.46 52.01 14.42 
30.08 6.71 15.0 9.85 26.4 49.25 22.02 28.44 44.72 63.95 17.69 38.28 53.04 13.04 12.17 18.44 11.0 18.03 38.33 10.05 17.0 42.15 23.43 32.76 17.12 0.0 15.03 51.26 48.84 13.04 54.01 24.04 33.62 56.22 18.44 37.48 36.8 49.65 15.0 10.05 10.0 19.92 10.0 13.6 41.19 49.24 14.32 11.0 39.62 19.72 11.66 29.21 15.13 52.24 48.83 41.59 54.74 29.53 30.59 29.68 39.0 59.23 29.43 10.0 16.64 7.21 16.28 19.8 60.54 3.61 10.82 18.38 13.15 51.04 48.76 25.96 54.59 60.88 25.0 60.67 46.69 32.25 60.42 17.03 7.0 56.32 34.71 24.52 35.44 40.0 12.17 57.97 51.62 11.05 5.39 12.65 15.62 31.38 56.92 30.68 
15.65 19.31 21.93 13.6 15.0 53.85 34.13 35.23 41.3 59.67 30.08 46.4 55.54 19.8 17.03 26.87 4.12 3.61 43.83 5.0 9.0 40.01 19.0 33.96 3.61 15.03 0.0 49.09 49.37 2.0 57.28 32.56 43.86 60.41 29.97 43.42 28.64 50.49 12.53 25.08 12.73 6.4 24.04 25.08 46.1 55.47 17.69 18.03 45.65 30.81 8.6 40.8 30.02 56.65 43.01 38.21 55.33 18.6 15.81 40.46 37.0 64.88 31.62 17.49 27.29 19.65 29.55 13.04 55.36 18.03 12.04 14.14 2.24 45.22 44.72 12.81 59.62 60.0 12.04 65.55 47.52 29.02 56.89 32.06 22.02 63.13 35.9 9.85 35.36 34.21 27.17 64.41 56.86 18.44 20.02 15.56 13.93 30.15 55.08 17.8 
57.07 46.96 37.59 58.69 37.48 23.02 44.55 30.48 8.25 14.21 67.54 33.24 16.76 38.91 62.1 37.2 48.51 47.0 25.08 49.65 40.11 9.22 30.15 19.42 46.01 51.26 49.09 0.0 9.0 49.25 19.92 35.36 39.82 24.35 68.88 26.4 24.7 10.05 60.67 54.71 41.76 54.01 49.4 64.47 23.09 29.0 63.79 61.68 26.57 41.77 42.76 43.83 59.91 23.35 12.81 11.05 10.82 34.93 55.32 41.05 12.37 31.62 23.02 60.73 67.62 58.31 47.63 62.13 13.6 54.23 58.25 35.36 50.25 12.53 7.07 41.59 26.68 11.4 41.44 29.55 10.2 20.1 9.9 58.6 54.12 34.53 17.8 53.34 16.12 17.09 54.92 33.96 26.17 40.72 55.04 61.61 36.88 19.92 6.0 39.56 
59.46 43.68 34.21 57.22 39.92 14.04 38.6 24.41 13.6 21.93 63.91 25.06 8.6 35.9 60.41 32.7 48.04 47.85 17.2 49.01 40.45 11.4 30.59 16.12 46.69 48.84 49.37 9.0 0.0 49.16 11.66 29.68 32.2 16.12 65.46 18.6 29.21 1.41 60.0 50.7 40.11 54.92 45.31 61.4 14.76 20.0 62.29 59.68 18.36 36.36 42.01 36.8 55.46 14.56 20.62 14.87 6.0 38.01 57.94 33.97 13.42 23.26 19.42 58.69 64.56 55.54 42.54 62.2 22.36 51.42 57.08 35.23 50.16 20.88 14.87 44.01 18.03 12.53 43.66 21.63 2.24 21.19 17.46 53.71 50.6 25.71 14.14 55.08 14.04 21.93 50.57 25.3 17.26 37.85 51.92 60.21 36.01 19.24 10.82 42.94 
17.46 17.46 20.62 12.04 16.28 53.14 32.45 34.13 41.59 60.17 28.23 45.22 55.11 18.44 15.56 25.5 2.24 5.39 42.95 3.0 9.22 40.11 19.1 33.54 5.0 13.04 2.0 49.25 49.16 0.0 56.75 31.24 42.43 59.77 28.18 42.49 29.53 50.25 11.7 23.09 11.4 7.81 22.14 23.26 45.31 54.56 16.4 16.4 44.72 29.21 7.62 39.2 28.02 55.97 43.66 38.47 55.15 19.85 17.72 38.95 37.05 64.08 31.05 15.81 25.55 17.72 27.73 13.04 55.97 16.03 10.63 14.0 1.0 45.88 45.12 14.42 58.87 60.03 13.6 64.85 47.27 29.15 57.27 30.07 20.02 62.18 35.51 11.7 35.13 34.79 25.18 63.51 56.08 16.97 18.03 14.21 13.34 30.02 55.23 19.42 
68.88 48.04 39.01 63.2 49.74 6.4 39.22 26.31 25.24 30.15 67.08 21.63 3.16 41.05 66.07 36.12 55.32 56.3 16.49 56.09 48.7 22.67 39.4 23.41 55.03 54.01 57.28 19.92 11.66 56.75 0.0 31.58 29.68 4.47 68.88 17.72 40.31 10.3 66.75 53.76 46.53 63.25 48.51 65.38 13.34 11.66 68.12 65.01 16.16 38.08 49.24 35.36 57.72 4.47 32.2 26.25 10.0 48.26 67.54 32.65 24.08 11.7 25.71 64.01 68.47 60.07 44.38 69.63 32.06 56.04 63.39 43.32 57.72 32.31 26.4 53.71 7.0 16.76 53.24 10.0 12.04 31.06 26.02 55.36 54.33 15.0 21.54 64.08 22.83 33.3 53.15 14.14 7.62 43.05 56.14 66.19 43.42 28.18 19.0 53.25 
47.51 17.46 10.63 33.84 33.24 26.08 9.22 5.39 31.91 49.52 35.51 14.32 31.32 12.81 36.14 5.83 29.21 33.3 15.13 29.41 26.63 28.02 22.56 16.64 31.89 24.04 32.56 35.36 29.68 31.24 31.58 0.0 11.66 33.06 37.34 14.04 34.06 30.02 38.48 22.2 19.85 38.95 17.03 34.01 18.25 25.32 38.33 34.71 16.0 6.71 24.04 11.0 26.25 29.07 38.91 29.53 34.89 34.21 47.01 9.22 25.55 35.36 13.42 33.73 37.05 29.15 13.0 42.54 47.8 25.32 34.54 22.36 32.02 40.71 36.06 35.78 31.02 42.19 34.89 37.05 27.46 23.54 45.25 24.17 23.0 32.28 17.8 41.77 20.25 32.28 21.59 33.96 28.02 14.42 25.08 36.69 20.25 19.92 39.82 38.28 
59.03 26.93 22.02 43.42 44.78 23.32 12.37 12.04 38.6 53.85 41.19 8.06 30.61 24.08 45.19 17.03 40.31 44.82 15.0 40.36 38.28 34.48 33.84 24.19 43.42 33.62 43.86 39.82 32.2 42.43 29.68 11.66 0.0 29.55 43.29 13.6 44.18 32.02 48.55 28.86 31.14 50.21 24.7 41.0 17.69 19.92 47.42 43.46 14.14 13.89 35.47 6.08 31.06 25.94 46.32 36.88 36.07 45.54 58.6 4.12 32.76 29.43 22.0 42.54 43.74 37.34 18.68 53.01 53.23 34.01 44.42 34.0 43.14 47.8 42.38 47.41 26.57 43.86 46.53 32.02 30.23 33.02 49.4 28.0 30.68 25.02 24.52 53.26 27.46 41.11 27.46 27.07 23.77 25.46 33.24 46.07 31.91 29.0 43.01 49.77 
72.47 50.04 41.3 65.62 53.54 7.0 40.02 28.0 29.68 34.01 68.47 21.54 7.62 43.42 68.36 38.01 58.24 59.62 18.0 58.94 52.0 27.02 42.94 26.83 58.31 56.22 60.41 24.35 16.12 59.77 4.47 33.06 29.55 0.0 70.35 19.03 44.55 14.76 69.43 55.23 49.24 66.48 50.09 67.07 15.03 10.0 70.46 67.19 17.12 39.32 52.2 35.47 58.86 4.0 36.67 30.61 14.14 52.2 71.2 32.89 28.28 7.28 28.79 66.19 70.11 62.01 45.54 72.53 36.22 58.03 65.92 46.62 60.73 36.77 30.87 57.45 3.61 20.22 56.94 5.66 16.4 35.0 30.02 56.29 56.04 11.18 25.06 67.54 26.63 37.64 54.45 10.0 5.83 45.4 58.0 68.59 46.49 31.91 23.09 57.2 
41.44 21.93 31.38 16.76 43.83 63.39 31.06 42.58 62.77 81.99 2.24 50.01 68.45 29.97 14.14 32.98 26.93 33.54 52.47 25.55 34.83 59.94 41.87 49.77 33.12 18.44 29.97 68.88 65.46 28.18 68.88 37.34 43.29 70.35 0.0 51.35 55.15 66.1 21.1 15.13 28.43 32.02 20.4 5.0 55.58 62.01 15.0 12.37 53.24 31.06 29.73 37.48 12.37 66.37 67.2 59.68 71.17 47.2 42.76 39.2 56.82 72.0 46.24 12.65 3.0 11.31 25.0 26.0 78.77 15.0 18.68 36.8 27.73 69.4 66.89 42.54 68.12 77.83 41.68 74.06 63.25 50.48 78.29 15.81 14.87 68.12 51.62 37.11 52.8 58.41 16.0 70.06 65.12 28.18 13.89 16.12 34.06 49.24 74.32 47.51 
57.01 31.14 22.8 47.07 39.7 12.04 21.54 9.06 26.17 40.31 49.5 7.07 17.89 25.0 49.65 19.1 40.72 43.27 1.41 41.23 35.81 22.09 28.32 13.93 41.88 37.48 43.42 26.4 18.6 42.49 17.72 14.04 13.6 19.03 51.35 0.0 35.11 18.44 51.24 36.22 31.38 49.74 31.06 48.04 4.47 12.08 51.79 48.37 2.24 20.4 34.89 18.44 40.02 15.03 34.13 25.0 22.67 39.41 56.08 15.62 21.02 21.84 13.6 47.38 51.09 43.05 26.68 54.78 39.92 39.12 47.54 30.61 43.38 35.36 29.61 43.14 17.12 30.41 42.43 23.19 16.64 23.77 35.85 37.64 37.01 19.72 13.34 51.61 16.28 30.41 35.51 21.02 14.14 26.93 39.01 50.01 29.68 19.7 29.41 44.2 
33.06 35.51 28.79 41.05 14.32 40.0 41.77 32.14 16.55 32.06 54.49 41.48 37.54 28.64 44.65 31.78 29.68 25.63 34.54 31.06 20.81 17.8 13.89 21.19 25.08 36.8 28.64 24.7 29.21 29.53 40.31 34.06 44.18 44.55 55.15 35.11 0.0 30.61 41.15 44.1 27.02 32.02 39.82 50.21 34.89 44.42 45.79 45.0 36.77 37.85 25.5 45.04 49.93 41.87 15.03 14.42 34.13 11.05 31.14 43.0 16.28 51.09 22.36 44.2 53.08 43.84 41.44 41.11 27.29 40.36 39.96 18.44 30.41 17.12 18.44 18.11 45.45 36.06 18.25 50.21 28.32 11.4 30.07 50.12 42.2 51.87 21.93 30.15 19.24 7.62 45.28 52.2 43.6 29.53 41.87 43.57 21.4 15.52 30.36 15.13 
60.75 44.38 34.93 58.14 41.23 13.0 38.83 24.7 15.0 22.47 64.51 24.7 7.21 36.67 61.29 33.24 49.09 49.03 17.03 50.04 41.59 12.81 31.78 17.03 47.85 49.65 50.49 10.05 1.41 50.25 10.3 30.02 32.02 14.76 66.1 18.44 30.61 0.0 61.01 51.26 41.05 56.09 45.88 62.1 14.42 19.03 63.2 60.53 18.03 36.72 43.05 36.77 55.95 13.34 21.93 16.28 5.1 39.36 59.24 33.94 14.76 21.93 20.22 59.54 65.25 56.29 42.94 63.29 23.19 52.17 58.03 36.35 51.24 22.14 16.16 45.31 16.76 12.21 44.94 20.25 3.0 22.47 18.03 54.12 51.24 24.52 15.03 56.32 15.13 23.35 51.08 24.04 16.12 38.64 52.63 61.13 37.05 20.4 11.18 44.29 
20.4 21.63 28.46 5.83 27.46 62.59 37.01 42.38 53.15 71.84 22.0 52.8 65.38 26.25 7.0 32.7 12.17 15.81 51.92 11.05 20.88 51.48 30.59 44.05 16.12 15.0 12.53 60.67 60.0 11.7 66.75 38.48 48.55 69.43 21.1 51.24 41.15 61.01 0.0 23.02 20.22 11.66 24.76 17.03 54.57 63.25 6.32 9.06 53.45 34.67 18.03 44.2 26.0 65.51 55.36 50.01 66.0 31.06 21.84 44.65 48.37 73.08 41.19 9.22 18.11 14.32 31.14 5.39 67.68 15.62 4.24 25.32 10.77 57.58 56.75 24.84 68.15 71.25 24.21 74.22 58.01 40.61 68.88 29.07 20.0 70.58 46.04 16.55 46.01 46.49 25.24 72.11 65.25 24.35 17.2 5.0 24.02 41.11 66.61 29.73 
40.02 8.6 17.2 17.2 35.44 48.26 16.49 27.46 49.2 68.24 13.34 35.13 53.37 16.28 17.69 18.03 21.02 28.0 37.34 20.1 25.96 46.04 30.23 35.36 27.02 10.05 25.08 54.71 50.7 23.09 53.76 22.2 28.86 55.23 15.13 36.22 44.1 51.26 23.02 0.0 17.46 29.83 5.39 12.17 40.45 47.01 19.85 15.62 38.12 16.0 20.62 23.41 5.83 51.24 54.45 46.23 56.3 38.28 40.61 24.74 43.01 57.04 31.76 14.87 15.03 9.22 10.2 28.3 65.44 7.62 18.87 25.94 23.19 56.59 53.41 35.51 53.04 63.16 34.53 59.01 48.47 37.48 64.35 7.0 3.16 53.34 37.12 34.53 38.59 46.01 2.24 55.23 50.04 14.87 5.83 19.1 22.83 35.61 59.94 40.02 
28.02 9.22 9.22 17.12 18.25 42.45 21.93 22.83 34.93 54.13 27.59 33.84 45.18 7.07 20.4 14.14 9.43 13.89 31.95 9.85 9.0 32.57 13.45 24.02 12.53 10.0 12.73 41.76 40.11 11.4 46.53 19.85 31.14 49.24 28.43 31.38 27.02 41.05 20.22 17.46 0.0 19.1 14.14 23.6 34.48 43.46 22.2 19.92 33.62 18.36 4.47 28.3 23.26 45.35 38.83 31.78 46.1 20.88 27.78 27.8 29.41 53.14 21.02 18.97 26.63 17.2 18.25 23.41 50.61 13.45 17.0 8.6 12.21 41.05 38.91 19.03 48.08 51.79 18.03 54.12 38.05 22.36 50.7 24.04 15.26 50.99 26.02 22.2 26.31 30.0 18.97 52.39 45.22 5.83 14.87 20.1 5.66 21.84 47.54 23.09 
10.2 25.06 28.32 15.3 17.72 60.01 40.22 41.62 46.01 63.79 32.56 52.8 61.4 26.17 18.03 33.24 10.0 7.07 50.12 10.3 14.56 45.1 24.33 39.85 8.25 19.92 6.4 54.01 54.92 7.81 63.25 38.95 50.21 66.48 32.02 49.74 32.02 56.09 11.66 29.83 19.1 0.0 29.55 27.46 52.33 61.77 17.89 19.65 51.97 37.01 15.0 47.01 34.23 62.77 46.87 43.0 60.83 21.19 11.0 46.75 42.19 71.11 37.7 19.42 29.12 23.0 35.36 9.43 59.23 22.36 13.34 19.92 7.21 49.03 49.16 14.32 65.8 65.12 13.93 71.69 53.15 34.13 61.29 36.67 26.68 69.46 41.76 5.1 41.0 38.33 32.02 70.71 63.07 24.76 24.33 16.16 20.12 35.69 60.01 18.87 
39.56 5.0 12.04 19.21 32.39 43.1 12.53 22.2 44.05 63.01 18.68 30.41 48.05 11.4 20.59 12.65 19.92 26.48 32.14 19.31 23.09 40.8 25.94 30.02 25.32 10.0 24.04 49.4 45.31 22.14 48.51 17.03 24.7 50.09 20.4 31.06 39.82 45.88 24.76 5.39 14.14 29.55 0.0 17.0 35.23 42.11 22.83 18.79 33.02 11.18 18.0 19.72 10.63 46.1 49.52 41.11 50.92 34.93 39.85 20.62 37.8 52.15 26.42 17.89 20.02 12.65 6.4 29.73 60.31 9.43 20.52 22.14 22.47 51.62 48.27 33.02 48.0 57.78 32.02 54.01 43.08 32.56 59.08 10.3 6.08 48.66 31.76 33.84 33.29 41.23 5.66 50.49 45.0 10.3 8.54 21.63 18.97 30.48 54.59 37.22 
37.12 17.72 27.2 12.17 38.83 60.07 28.64 39.12 58.18 77.41 5.1 47.27 64.78 25.63 10.05 29.27 21.95 28.64 49.09 20.59 29.83 55.46 37.01 45.54 28.18 13.6 25.08 64.47 61.4 23.26 65.38 34.01 41.0 67.07 5.0 48.04 50.21 62.1 17.03 12.17 23.6 27.46 17.0 0.0 52.15 59.08 11.4 8.0 50.01 28.07 24.76 35.44 11.4 63.07 62.43 55.07 67.19 42.2 38.33 36.88 52.33 69.12 42.06 8.06 3.16 6.4 22.36 22.2 74.09 10.3 14.14 31.89 22.85 64.64 62.27 37.59 65.0 73.68 36.72 71.01 59.2 45.79 73.79 15.0 11.05 65.49 47.43 32.56 48.47 53.6 13.6 67.36 62.0 23.77 9.49 12.04 29.21 44.72 70.01 42.54 
59.08 35.01 26.31 50.64 41.04 8.06 26.0 13.04 24.02 36.67 53.76 10.3 13.42 28.44 53.34 23.0 43.66 45.65 3.16 44.27 38.08 20.1 29.83 14.21 44.29 41.19 46.1 23.09 14.76 45.31 13.34 18.25 17.69 15.03 55.58 4.47 34.89 14.42 54.57 40.45 34.48 52.33 35.23 52.15 0.0 9.9 55.44 52.15 3.61 24.74 37.7 22.8 44.38 11.05 32.02 23.35 18.38 40.36 58.01 20.0 19.65 18.79 15.0 51.16 55.23 47.0 31.05 57.87 36.69 43.01 50.99 32.76 46.24 33.02 27.07 44.69 13.6 26.17 44.05 19.65 13.0 23.85 32.2 42.06 41.11 17.69 13.04 53.85 15.65 29.41 39.81 18.6 10.77 30.41 43.01 53.6 32.2 20.0 25.55 45.28 
68.82 42.76 34.79 58.94 50.93 6.08 31.14 20.88 32.02 41.0 60.03 12.17 13.93 37.0 61.39 30.81 52.8 55.23 11.66 53.31 47.71 28.46 39.7 24.08 53.85 49.24 55.47 29.0 20.0 54.56 11.66 25.32 19.92 10.0 62.01 12.08 44.42 19.03 63.25 47.01 43.46 61.77 42.11 59.08 9.9 0.0 63.56 60.02 9.85 31.02 46.96 25.96 50.16 7.21 39.81 31.95 20.88 50.25 67.8 23.54 28.64 10.05 24.84 59.03 62.03 54.45 37.01 66.85 42.19 50.64 59.48 42.44 55.46 40.45 34.37 54.56 6.71 28.23 53.91 12.17 19.1 33.6 36.67 47.38 48.17 7.81 22.8 63.51 25.24 38.48 46.01 8.94 4.24 38.9 50.36 61.85 41.68 29.83 29.61 55.17 
26.68 20.88 29.15 5.1 32.65 63.51 35.36 42.76 56.61 75.61 16.12 52.5 67.01 27.07 2.24 32.76 16.12 21.21 52.61 14.76 25.06 54.57 34.18 46.17 21.26 14.32 17.69 63.79 62.29 16.4 68.12 38.33 47.42 70.46 15.0 51.79 45.79 63.2 6.32 19.85 22.2 17.89 22.83 11.4 55.44 63.56 0.0 4.24 53.94 33.62 21.19 42.54 21.63 66.48 59.51 53.45 68.26 36.24 28.16 43.38 51.42 73.55 43.05 5.0 12.0 10.63 29.15 11.0 71.69 13.42 5.83 28.79 15.62 61.74 60.41 30.41 68.88 73.98 29.7 74.97 60.21 43.97 72.42 25.0 17.2 70.6 48.17 22.85 48.51 50.57 21.93 72.28 65.92 25.08 14.42 2.24 26.93 43.93 69.63 35.38 
29.15 17.26 26.0 4.47 32.56 60.21 31.3 39.32 54.78 73.93 13.04 48.76 64.03 24.02 2.24 29.27 15.56 21.63 49.25 14.14 24.21 52.5 32.65 43.57 21.4 11.0 18.03 61.68 59.68 16.4 65.01 34.71 43.46 67.19 12.37 48.37 45.0 60.53 9.06 15.62 19.92 19.65 18.79 8.0 52.15 60.02 4.24 0.0 50.49 29.73 19.72 38.47 17.49 63.2 58.18 51.62 65.62 36.07 30.41 39.4 49.34 70.04 40.31 1.0 9.49 6.4 25.06 14.32 70.21 9.49 6.32 27.29 15.81 60.42 58.69 30.81 65.49 71.59 30.0 71.57 57.56 42.15 70.58 20.81 13.04 66.94 45.54 24.74 46.1 49.24 17.69 68.66 62.51 22.02 10.3 4.12 25.08 41.76 67.45 35.81 
59.2 33.24 25.0 49.24 41.77 10.2 23.09 11.18 27.02 40.25 51.35 6.71 16.64 27.2 51.79 21.21 42.95 45.49 2.24 43.46 38.01 23.0 30.41 15.65 44.1 39.62 45.65 26.57 18.36 44.72 16.16 16.0 14.14 17.12 53.24 2.24 36.77 18.03 53.45 38.12 33.62 51.97 33.02 50.01 3.61 9.85 53.94 50.49 0.0 22.2 37.12 19.42 41.77 13.15 35.01 26.08 21.93 41.4 58.26 16.64 22.2 19.65 15.62 49.5 53.04 45.1 28.44 57.01 40.16 41.19 49.73 32.8 45.62 36.12 30.27 45.25 15.03 29.73 44.55 21.1 16.55 25.5 35.78 39.29 39.0 17.49 14.87 53.82 17.72 31.78 37.34 18.79 12.04 29.12 41.05 52.17 31.91 21.47 29.15 46.23 
46.32 13.04 10.2 29.53 34.53 32.39 4.0 12.08 37.8 55.87 29.15 19.24 37.95 11.7 31.38 6.08 27.02 32.25 21.59 26.91 26.57 34.06 25.02 22.67 30.89 19.72 30.81 41.77 36.36 29.21 38.08 6.71 13.89 39.32 31.06 20.4 37.85 36.72 34.67 16.0 18.36 37.01 11.18 28.07 24.74 31.02 33.62 29.73 22.2 0.0 22.83 10.0 19.65 35.36 44.42 35.23 41.59 36.12 46.14 10.0 31.4 41.05 19.21 28.79 31.02 23.77 6.32 39.2 53.91 20.25 30.53 23.35 29.83 46.32 42.01 36.4 37.05 48.88 35.44 43.01 34.13 28.23 51.66 17.46 17.26 37.48 24.04 40.5 26.25 37.16 15.13 39.32 34.06 12.53 19.65 32.2 20.62 25.06 46.4 39.62 
23.6 13.0 13.45 16.16 14.87 45.54 26.4 26.63 35.44 54.42 29.21 37.8 47.68 11.4 19.7 18.44 6.08 9.43 35.34 7.0 5.39 33.54 13.0 26.17 8.06 11.66 8.6 42.76 42.01 7.62 49.24 24.04 35.47 52.2 29.73 34.89 25.5 43.05 18.03 20.62 4.47 15.0 18.0 24.76 37.7 46.96 21.19 19.72 37.12 22.83 0.0 32.76 26.25 48.38 38.47 32.28 48.01 17.89 23.32 32.2 30.41 56.46 23.54 18.87 27.59 18.44 22.56 20.4 50.57 15.26 15.52 7.62 8.54 40.71 39.22 15.03 51.26 53.24 14.04 57.25 40.05 22.8 51.24 27.46 18.03 54.59 28.16 17.8 28.0 29.53 22.36 55.9 48.47 10.3 17.0 18.97 6.0 23.09 48.66 19.42 
56.3 22.67 19.7 38.83 43.68 29.07 7.21 13.93 41.63 58.01 35.36 13.93 36.06 21.47 40.31 14.87 37.01 42.19 19.85 36.88 36.25 37.58 33.38 26.57 40.82 29.21 40.8 43.83 36.8 39.2 35.36 11.0 6.08 35.47 37.48 18.44 45.04 36.77 44.2 23.41 28.3 47.01 19.72 35.44 22.8 25.96 42.54 38.47 19.42 10.0 32.76 0.0 25.18 31.78 49.04 39.56 41.11 44.91 56.08 2.83 35.47 35.51 23.77 37.59 38.08 32.2 13.42 48.92 56.94 29.15 40.0 32.57 39.82 50.7 45.62 45.88 32.57 48.84 44.94 38.08 34.71 34.37 53.6 22.02 25.5 31.06 27.31 50.48 30.08 42.95 21.84 33.14 29.73 22.47 28.18 41.34 30.08 30.59 47.51 48.76 
44.41 14.42 22.67 20.25 41.11 51.97 19.03 31.62 54.67 73.6 10.2 38.05 57.57 21.93 19.72 22.83 26.08 33.14 41.23 25.02 31.62 51.4 36.06 40.5 32.25 15.13 30.02 59.91 55.46 28.02 57.72 26.25 31.06 58.86 12.37 40.02 49.93 55.95 26.0 5.83 23.26 34.23 10.63 11.4 44.38 50.16 21.63 17.49 41.77 19.65 26.25 25.18 0.0 54.92 60.11 51.74 60.93 44.01 45.18 27.02 48.41 60.07 36.89 17.0 13.42 11.7 13.34 31.38 70.94 12.0 22.14 31.76 28.0 62.23 58.9 41.0 56.44 67.98 40.02 62.29 53.23 43.14 69.63 3.61 8.25 56.01 42.19 39.12 43.83 51.74 5.0 58.0 53.46 20.62 10.0 21.47 28.65 41.11 65.0 45.61 
68.96 46.04 37.34 61.66 50.22 3.0 36.14 24.0 27.73 34.37 64.5 17.89 7.07 39.46 64.38 34.01 54.41 55.95 14.0 55.08 48.33 24.7 39.45 23.32 54.63 52.24 56.65 23.35 14.56 55.97 4.47 29.07 25.94 4.0 66.37 15.03 41.87 13.34 65.51 51.24 45.35 62.77 46.1 63.07 11.05 7.21 66.48 63.2 13.15 35.36 48.38 31.78 54.92 0.0 35.11 28.3 14.14 49.04 67.74 29.15 25.61 9.22 25.08 62.2 66.12 58.01 41.59 68.68 36.0 54.04 61.98 42.95 56.92 35.44 29.41 54.08 3.61 21.19 53.54 8.94 14.32 31.89 30.15 52.39 52.04 11.18 21.63 63.95 23.43 35.23 50.49 10.77 3.16 41.44 54.0 64.63 42.72 28.6 23.09 54.04 
48.01 46.01 37.54 54.56 29.27 34.21 47.89 35.11 8.0 17.03 66.22 41.19 29.07 38.18 58.14 38.83 43.46 40.26 33.06 44.78 34.54 12.04 25.55 22.47 39.56 48.83 43.01 12.81 20.62 43.66 32.2 38.91 46.32 36.67 67.2 34.13 15.03 21.93 55.36 54.45 38.83 46.87 49.52 62.43 32.02 39.81 59.51 58.18 35.01 44.42 38.47 49.04 60.11 35.11 0.0 9.49 23.6 26.08 46.04 46.49 13.6 43.86 25.5 57.31 65.46 56.04 49.41 55.79 12.37 52.2 53.71 30.89 44.6 2.24 5.83 33.14 38.63 23.02 33.24 42.06 20.88 16.97 15.3 59.55 53.15 46.17 21.84 45.18 18.97 8.94 55.17 45.88 37.64 39.62 53.41 57.27 33.29 19.42 17.2 30.02 
46.1 38.01 29.07 48.38 26.48 26.83 38.59 25.63 3.16 22.36 58.52 32.02 23.35 30.0 51.87 29.83 37.85 36.01 24.02 39.05 29.27 3.61 19.42 13.0 35.06 41.59 38.21 11.05 14.87 38.47 26.25 29.53 36.88 30.61 59.68 25.0 14.42 16.28 50.01 46.23 31.78 43.0 41.11 55.07 23.35 31.95 53.45 51.62 26.08 35.23 32.28 39.56 51.74 28.3 9.49 0.0 19.72 24.04 44.38 37.0 4.12 37.44 16.12 50.7 58.18 48.76 40.46 51.24 19.21 44.78 47.8 24.74 39.46 11.18 7.21 30.59 31.91 22.36 30.41 36.24 14.21 9.49 18.97 50.91 45.22 38.91 12.37 42.3 9.49 7.07 46.75 38.95 30.41 31.62 45.79 51.24 26.57 10.63 17.03 28.79 
65.15 49.48 40.02 63.2 45.54 14.87 43.57 29.53 17.8 20.22 69.57 28.43 7.07 41.77 66.37 38.28 54.04 53.76 21.26 55.01 46.39 16.55 36.5 22.09 52.61 54.74 55.33 10.82 6.0 55.15 10.0 34.89 36.07 14.14 71.17 22.67 34.13 5.1 66.0 56.3 46.1 60.83 50.92 67.19 18.38 20.88 68.26 65.62 21.93 41.59 48.01 41.11 60.93 14.14 23.6 19.72 0.0 43.46 63.57 38.29 18.97 21.38 25.32 64.63 70.34 61.39 47.85 68.18 22.09 57.27 63.07 41.19 56.14 23.32 17.8 49.65 17.0 7.81 49.34 18.97 8.06 26.93 16.03 59.03 56.32 25.0 20.1 60.88 20.02 26.63 56.08 24.08 17.26 43.74 57.72 66.19 42.01 25.18 9.0 48.33 
22.2 30.08 26.02 31.83 3.61 46.75 40.11 34.01 26.68 43.1 46.87 44.78 45.79 25.02 35.38 30.27 20.52 15.26 39.2 21.93 12.53 26.93 11.7 26.17 15.0 29.53 18.6 34.93 38.01 19.85 48.26 34.21 45.54 52.2 47.2 39.41 11.05 39.36 31.06 38.28 20.88 21.19 34.93 42.2 40.36 50.25 36.24 36.07 41.4 36.12 17.89 44.91 44.01 49.04 26.08 24.04 43.46 0.0 20.4 43.42 24.6 58.14 25.81 35.38 44.82 36.06 38.12 30.46 38.33 33.12 30.48 13.04 20.62 28.16 29.15 7.07 52.5 46.32 7.28 57.8 36.72 17.2 41.01 44.92 35.85 58.0 27.59 19.1 25.61 18.11 39.85 58.69 50.25 25.18 34.89 34.06 16.12 20.52 40.79 5.0 
2.24 35.11 36.62 26.17 18.03 65.19 49.65 48.8 47.07 63.01 43.42 60.11 65.31 34.67 28.64 41.62 19.92 13.89 56.22 20.62 20.52 47.13 28.3 44.42 15.26 30.59 15.81 55.32 57.94 17.72 67.54 47.01 58.6 71.2 42.76 56.08 31.14 59.24 21.84 40.61 27.78 11.0 39.85 38.33 58.01 67.8 28.16 30.41 58.26 46.14 23.32 56.08 45.18 67.74 46.04 44.38 63.57 20.4 0.0 55.47 44.6 76.55 43.01 30.27 39.81 34.0 45.31 17.89 58.01 33.24 24.19 25.5 17.46 48.01 49.5 13.93 71.02 66.71 14.32 76.66 56.46 36.77 61.2 47.52 37.48 75.6 46.14 6.08 44.72 38.47 42.76 76.61 68.51 33.62 35.23 26.68 26.91 39.36 61.19 16.03 
55.8 23.02 18.87 39.45 42.38 26.4 8.25 11.4 39.0 55.22 37.12 11.4 33.29 20.81 41.15 13.89 36.8 41.62 17.03 36.77 35.36 34.93 31.78 24.04 40.22 29.68 40.46 41.05 33.97 38.95 32.65 9.22 4.12 32.89 39.2 15.62 43.0 33.94 44.65 24.74 27.8 46.75 20.62 36.88 20.0 23.54 43.38 39.4 16.64 10.0 32.2 2.83 27.02 29.15 46.49 37.0 38.29 43.42 55.47 0.0 32.89 33.24 21.38 38.48 39.62 33.24 14.56 49.2 54.2 29.97 40.5 31.38 39.62 48.1 42.95 44.78 30.08 46.01 43.86 35.69 31.89 32.14 50.8 24.02 26.57 29.0 24.7 50.0 27.51 40.61 23.35 31.02 27.2 22.02 29.15 42.06 29.07 28.28 44.69 47.43 
46.17 34.99 25.81 46.32 26.57 23.85 34.67 21.54 6.4 25.24 55.57 28.0 21.4 26.93 49.73 26.17 36.22 35.13 20.1 37.34 28.0 3.16 18.0 8.94 34.06 39.0 37.0 12.37 13.42 37.05 24.08 25.55 32.76 28.28 56.82 21.02 16.28 14.76 48.37 43.01 29.41 42.19 37.8 52.33 19.65 28.64 51.42 49.34 22.2 31.4 30.41 35.47 48.41 25.61 13.6 4.12 18.97 24.6 44.6 32.89 0.0 34.83 12.21 48.38 55.46 46.1 36.8 50.01 22.63 42.05 45.89 23.09 38.05 15.23 10.63 30.68 29.21 23.0 30.36 33.94 12.21 8.06 21.47 47.42 42.19 35.85 8.25 41.98 5.39 9.85 43.42 36.06 27.46 28.65 42.94 49.24 24.52 7.62 18.25 29.53 
77.7 52.77 44.64 68.88 59.2 11.4 41.05 30.81 36.72 41.01 70.01 22.02 14.87 46.84 71.39 40.79 62.39 64.41 21.19 62.97 56.82 33.84 48.26 32.2 63.06 59.23 64.88 31.62 23.26 64.08 11.7 35.36 29.43 7.28 72.0 21.84 51.09 21.93 73.08 57.04 53.14 71.11 52.15 69.12 18.79 10.05 73.55 70.04 19.65 41.05 56.46 35.51 60.07 9.22 43.86 37.44 21.38 58.14 76.55 33.24 34.83 0.0 33.62 69.05 72.06 64.5 47.0 76.55 43.42 60.67 69.38 51.48 65.0 44.01 38.08 63.01 5.66 27.02 62.43 3.61 23.32 41.04 37.12 57.22 58.22 5.66 30.61 72.56 32.56 44.41 56.0 3.61 8.06 48.76 60.41 71.81 50.99 37.64 30.27 63.13 
44.1 24.35 14.87 38.01 26.17 22.36 22.47 10.05 18.6 36.88 44.78 19.31 24.19 16.49 41.11 14.21 29.61 30.87 13.45 30.41 23.26 14.87 14.87 3.61 29.55 29.43 31.62 23.02 19.42 31.05 25.71 13.42 22.0 28.79 46.24 13.6 22.36 20.22 41.19 31.76 21.02 37.7 26.42 42.06 15.0 24.84 43.05 40.31 15.62 19.21 23.54 23.77 36.89 25.08 25.5 16.12 25.32 25.81 43.01 21.38 12.21 33.62 0.0 39.32 45.22 36.14 24.76 43.93 34.71 32.02 38.01 17.89 32.02 27.29 22.8 29.73 28.18 31.62 29.07 34.01 17.26 11.05 32.8 35.61 31.38 32.65 5.39 38.95 7.07 19.24 31.91 33.6 25.55 18.44 32.57 41.01 17.72 7.0 28.18 30.61 
29.07 16.28 25.0 4.12 31.89 59.21 30.41 38.33 53.85 73.01 13.15 47.8 63.03 23.02 2.83 28.28 14.87 21.1 48.26 13.45 23.43 51.55 31.76 42.58 20.81 10.0 17.49 60.73 58.69 15.81 64.01 33.73 42.54 66.19 12.65 47.38 44.2 59.54 9.22 14.87 18.97 19.42 17.89 8.06 51.16 59.03 5.0 1.0 49.5 28.79 18.87 37.59 17.0 62.2 57.31 50.7 64.63 35.38 30.27 38.48 48.38 69.05 39.32 0.0 9.85 5.66 24.19 14.56 69.32 8.54 6.08 26.42 15.26 59.54 57.78 30.23 64.5 70.61 29.41 70.58 56.57 41.23 69.64 20.25 12.21 65.97 44.55 24.52 45.12 48.37 16.97 67.68 61.52 21.02 9.43 4.47 24.17 40.8 66.48 35.23 
38.47 20.88 30.36 13.93 41.4 63.13 31.4 42.19 61.29 80.53 4.47 50.16 67.9 28.79 11.18 32.39 24.41 30.89 52.15 23.02 32.56 58.6 40.0 48.7 30.53 16.64 27.29 67.62 64.56 25.55 68.47 37.05 43.74 70.11 3.0 51.09 53.08 65.25 18.11 15.03 26.63 29.12 20.02 3.16 55.23 62.03 12.0 9.49 53.04 31.02 27.59 38.08 13.42 66.12 65.46 58.18 70.34 44.82 39.81 39.62 55.46 72.06 45.22 9.85 0.0 9.43 25.18 23.0 77.18 13.42 15.81 34.83 25.06 67.68 65.37 39.96 68.01 76.84 39.12 74.0 62.36 48.88 76.92 17.0 14.14 68.36 50.6 34.21 51.62 56.61 16.28 70.26 65.01 26.93 12.65 13.15 32.2 47.85 73.16 44.94 
33.06 12.04 21.38 8.54 32.76 55.01 25.08 34.01 51.88 71.12 10.82 42.95 59.3 19.65 8.49 24.0 16.16 23.09 44.01 14.87 23.6 49.24 30.61 39.56 22.47 7.21 19.65 58.31 55.54 17.72 60.07 29.15 37.34 62.01 11.31 43.05 43.84 56.29 14.32 9.22 17.2 23.0 12.65 6.4 47.0 54.45 10.63 6.4 45.1 23.77 18.44 32.2 11.7 58.01 56.04 48.76 61.39 36.06 34.0 33.24 46.1 64.5 36.14 5.66 9.43 0.0 18.79 19.7 67.74 4.12 10.44 25.5 17.46 58.25 55.95 31.78 60.13 67.72 30.87 66.19 53.37 39.45 67.54 14.76 6.71 61.19 41.48 28.02 42.38 47.2 11.31 62.97 57.14 17.72 4.12 10.0 22.8 38.48 63.91 36.67 
45.19 10.3 12.65 25.61 36.0 38.64 6.32 18.38 43.19 61.62 23.02 25.02 44.27 13.15 26.93 10.63 25.5 31.62 27.89 25.06 27.17 39.6 27.89 28.32 30.36 16.28 29.55 47.63 42.54 27.73 44.38 13.0 18.68 45.54 25.0 26.68 41.44 42.94 31.14 10.2 18.25 35.36 6.4 22.36 31.05 37.01 29.15 25.06 28.44 6.32 22.56 13.42 13.34 41.59 49.41 40.46 47.85 38.12 45.31 14.56 36.8 47.0 24.76 24.19 25.18 18.79 0.0 36.07 59.41 15.81 26.91 25.08 28.18 51.4 47.42 37.22 43.19 55.07 36.22 49.09 40.31 32.76 57.49 11.18 12.08 43.19 29.83 39.4 31.83 41.68 9.0 45.1 40.2 13.0 14.76 28.02 22.02 30.0 52.43 41.01 
16.16 26.25 32.2 11.18 26.93 65.8 41.77 46.1 54.33 72.57 27.07 56.82 68.07 29.97 12.17 36.72 14.32 15.52 55.36 13.6 22.02 53.04 32.02 46.53 16.28 19.8 13.04 62.13 62.2 13.04 69.63 42.54 53.01 72.53 26.0 54.78 41.11 63.29 5.39 28.3 23.41 9.43 29.73 22.2 57.87 66.85 11.0 14.32 57.01 39.2 20.4 48.92 31.38 68.68 55.79 51.24 68.18 30.46 17.89 49.2 50.01 76.55 43.93 14.56 23.0 19.7 36.07 0.0 68.15 20.81 9.43 27.02 12.04 57.97 57.71 23.71 71.47 73.01 23.26 77.49 60.3 42.05 69.87 34.44 25.24 74.32 48.51 13.45 48.17 47.07 30.53 75.77 68.62 28.18 22.47 10.2 26.31 43.05 68.12 28.3 
60.03 57.2 48.27 66.71 41.59 36.12 57.01 43.27 16.28 5.39 77.67 46.82 29.02 49.2 70.26 48.8 55.71 52.63 38.63 57.01 46.82 19.85 37.58 31.24 51.92 60.54 55.36 13.6 22.36 55.97 32.06 47.8 53.23 36.22 78.77 39.92 27.29 23.19 67.68 65.44 50.61 59.23 60.31 74.09 36.69 42.19 71.69 70.21 40.16 53.91 50.57 56.94 70.94 36.0 12.37 19.21 22.09 38.33 58.01 54.2 22.63 43.42 34.71 69.32 77.18 67.74 59.41 68.15 0.0 63.81 65.92 42.95 56.92 10.2 12.04 45.4 39.05 17.46 45.54 40.79 23.77 28.3 6.71 70.04 64.4 47.04 30.0 57.43 27.66 21.19 65.95 46.17 39.01 50.8 64.9 69.46 45.18 29.83 13.15 42.05 
