25
0.0 15.13 1.0 18.03 13.15 5.0 12.04 15.56 16.16 8.06 15.81 14.56 18.44 14.87 16.28 21.26 7.0 9.06 15.23 9.49 4.24 18.79 13.34 8.94 3.16 
15.13 0.0 15.03 17.49 2.0 12.17 18.87 9.85 4.0 17.09 16.4 16.28 10.05 8.94 9.49 14.04 8.25 6.08 4.12 13.89 18.68 16.55 5.39 7.28 16.03 
1.0 15.03 0.0 17.09 13.04 4.24 11.05 14.87 15.81 7.07 14.87 13.6 17.8 14.21 15.62 20.52 7.07 9.0 14.87 8.54 5.0 17.89 13.6 8.54 2.24 
18.03 17.49 17.09 0.0 16.55 13.34 8.6 7.81 14.21 11.4 2.24 3.61 9.43 8.6 8.49 8.06 17.03 16.28 13.6 8.54 21.93 2.0 21.19 13.15 15.65 
13.15 2.0 13.04 16.55 0.0 10.2 17.2 9.22 4.47 15.23 15.26 15.0 10.05 8.25 9.06 14.04 6.32 4.12 4.12 12.21 16.76 15.81 5.0 5.39 14.04 
5.0 12.17 4.24 13.34 10.2 0.0 8.94 10.63 12.17 5.66 11.18 10.05 13.6 10.0 11.4 16.28 5.66 6.71 11.18 5.0 9.22 13.93 12.21 5.0 4.12 
12.04 18.87 11.05 8.6 17.2 8.94 0.0 12.04 17.09 4.0 6.71 5.39 15.0 12.17 13.04 15.52 14.42 14.87 16.16 5.0 15.13 10.3 20.52 12.04 9.0 
15.56 9.85 14.87 7.81 9.22 10.63 12.04 0.0 6.4 12.37 7.21 7.62 3.16 1.0 1.0 5.83 11.7 10.2 5.83 8.25 19.8 6.71 14.14 7.62 14.42 
16.16 4.0 15.81 14.21 4.47 12.17 17.09 6.4 0.0 16.12 13.45 13.6 6.08 5.66 5.83 10.05 10.0 7.81 1.0 12.37 20.12 13.04 9.22 7.28 16.28 
8.06 17.09 7.07 11.4 15.23 5.66 4.0 12.37 16.12 0.0 9.22 7.81 15.52 12.17 13.34 17.0 11.31 12.21 15.13 4.12 11.18 12.73 17.8 9.85 5.0 
15.81 16.4 14.87 2.24 15.26 11.18 6.71 7.21 13.45 9.22 0.0 1.41 9.49 7.81 8.06 9.06 15.13 14.56 12.73 6.32 19.7 3.61 19.7 11.4 13.42 
14.56 16.28 13.6 3.61 15.0 10.05 5.39 7.62 13.6 7.81 1.41 0.0 10.2 8.06 8.54 10.2 14.32 13.93 12.81 5.1 18.38 5.0 19.24 10.77 12.08 
18.44 10.05 17.8 9.43 10.05 13.6 15.0 3.16 6.08 15.52 9.49 10.2 0.0 3.61 2.24 4.0 13.89 12.08 6.0 11.4 22.67 7.81 15.03 10.0 17.49 
14.87 8.94 14.21 8.6 8.25 10.0 12.17 1.0 5.66 12.17 7.81 8.06 3.61 0.0 1.41 6.71 10.77 9.22 5.0 8.06 19.1 7.62 13.15 6.71 13.89 
16.28 9.49 15.62 8.49 9.06 11.4 13.04 1.0 5.83 13.34 8.06 8.54 2.24 1.41 0.0 5.39 12.08 10.44 5.39 9.22 20.52 7.21 14.04 8.06 15.26 
21.26 14.04 20.52 8.06 14.04 16.28 15.52 5.83 10.05 17.0 9.06 10.2 4.0 6.71 5.39 0.0 17.46 15.81 10.0 13.04 25.5 6.08 19.03 13.42 19.85 
7.0 8.25 7.07 17.03 6.32 5.66 14.42 11.7 10.0 11.31 15.13 14.32 13.89 10.77 12.08 17.46 0.0 2.24 9.22 9.85 10.44 17.03 6.71 4.12 8.54 
9.06 6.08 9.0 16.28 4.12 6.71 14.87 10.2 7.81 12.21 14.56 13.93 12.08 9.22 10.44 15.81 2.24 0.0 7.07 10.0 12.65 16.03 5.66 3.16 10.2 
15.23 4.12 14.87 13.6 4.12 11.18 16.16 5.83 1.0 15.13 12.73 12.81 6.0 5.0 5.39 10.0 9.22 7.07 0.0 11.4 19.24 12.53 9.06 6.32 15.3 
9.49 13.89 8.54 8.54 12.21 5.0 5.0 8.25 12.37 4.12 6.32 5.1 11.4 8.06 9.22 13.04 9.85 10.0 11.4 0.0 13.42 9.43 15.62 7.07 7.21 
4.24 18.68 5.0 21.93 16.76 9.22 15.13 19.8 20.12 11.18 19.7 18.38 22.67 19.1 20.52 25.5 10.44 12.65 19.24 13.42 0.0 22.83 16.0 13.04 6.32 
18.79 16.55 17.89 2.0 15.81 13.93 10.3 6.71 13.04 12.73 3.61 5.0 7.81 7.62 7.21 6.08 17.03 16.03 12.53 9.43 22.83 0.0 20.62 13.0 16.64 
13.34 5.39 13.6 21.19 5.0 12.21 20.52 14.14 9.22 17.8 19.7 19.24 15.03 13.15 14.04 19.03 6.71 5.66 9.06 15.62 16.0 20.62 0.0 8.6 15.23 
8.94 7.28 8.54 13.15 5.39 5.0 12.04 7.62 7.28 9.85 11.4 10.77 10.0 6.71 8.06 13.42 4.12 3.16 6.32 7.07 13.04 13.0 8.6 0.0 9.06 
3.16 16.03 2.24 15.65 14.04 4.12 9.0 14.42 16.28 5.0 13.42 12.08 17.49 13.89 15.26 19.85 8.54 10.2 15.3 7.21 6.32 16.64 15.23 9.06 0.0 
