105
0.0 65.05 28.64 19.24 24.19 47.51 67.18 62.07 89.02 18.68 78.01 46.24 51.11 25.63 45.28 74.3 50.12 94.81 101.55 73.25 99.4 80.1 97.05 16.12 88.36 28.18 44.2 45.54 51.86 35.81 72.35 78.71 66.24 40.31 30.07 30.0 32.2 40.31 50.48 16.0 85.42 56.36 7.28 46.04 16.49 56.3 74.63 46.23 89.82 59.67 63.53 23.43 37.34 41.88 35.17 26.48 32.89 10.05 17.69 40.52 36.72 45.61 69.26 25.5 38.91 18.11 70.09 13.89 5.0 29.43 67.18 64.2 32.02 45.28 68.18 50.04 43.42 62.37 62.36 29.53 63.98 72.67 34.48 8.0 46.86 47.85 32.28 3.16 62.37 9.85 55.57 53.15 62.94 6.08 92.35 98.62 39.32 80.5 56.75 80.45 67.19 25.81 23.77 64.66 52.0 
65.05 0.0 55.03 77.94 42.2 18.03 94.01 51.55 61.52 49.65 17.0 29.15 20.1 59.24 80.41 111.45 70.03 39.2 46.1 108.23 45.4 60.46 41.11 56.6 56.64 62.63 21.95 39.01 86.98 79.06 101.0 116.43 18.44 31.32 46.82 35.61 36.24 31.32 74.11 54.92 30.81 22.56 58.8 44.0 74.89 77.01 107.04 19.72 50.48 34.18 103.25 41.77 87.46 25.5 88.14 88.23 38.08 71.84 66.73 35.69 31.3 58.03 114.76 71.18 86.03 52.15 98.01 51.74 68.68 90.7 2.24 97.25 33.42 41.01 121.15 107.33 97.58 87.01 109.9 37.74 22.47 106.12 65.0 59.67 18.87 25.18 85.43 63.7 111.97 62.2 18.11 86.7 2.24 61.72 45.69 45.71 94.37 27.86 33.24 22.2 123.98 39.82 60.01 101.71 26.08 
28.64 55.03 0.0 28.18 31.38 42.11 46.1 74.73 98.49 14.87 71.31 27.46 50.04 5.0 27.17 59.54 24.08 92.07 99.14 57.07 97.74 91.76 94.2 12.65 96.1 7.62 33.73 21.4 34.37 24.04 52.55 64.5 64.12 44.64 44.41 31.62 37.7 23.77 26.08 35.61 82.73 57.14 29.07 58.14 26.0 31.4 57.01 35.9 94.53 65.51 50.04 27.29 32.65 41.3 33.84 38.59 40.72 27.29 16.16 48.1 24.33 17.09 60.41 17.03 31.02 12.81 49.77 27.66 28.02 40.22 57.25 46.32 32.02 20.25 66.13 53.25 43.05 39.82 55.11 34.93 64.01 55.54 11.18 20.88 42.05 30.89 31.4 25.5 57.01 35.34 54.0 34.71 52.81 31.38 94.0 97.51 40.22 78.41 62.59 75.5 69.35 22.14 6.71 49.37 54.59 
19.24 77.94 28.18 0.0 41.0 61.72 52.7 81.22 108.0 28.3 92.59 53.81 67.07 23.26 31.3 56.61 41.3 111.07 117.99 56.08 116.06 99.25 113.3 21.4 107.12 22.8 56.04 49.4 36.62 20.59 56.85 60.75 82.28 57.49 49.01 45.54 49.24 48.8 40.02 35.13 101.59 73.08 26.02 65.01 3.16 45.61 58.0 58.25 108.05 77.78 45.8 38.9 18.87 57.58 16.16 10.63 50.64 9.22 12.21 58.55 47.01 41.59 50.33 14.0 21.26 25.81 55.0 31.26 14.32 12.81 80.16 48.17 47.17 48.37 49.04 31.4 24.19 49.19 43.32 46.32 80.65 55.9 27.07 19.65 61.27 56.57 13.42 18.0 43.17 28.86 71.51 38.28 75.72 25.32 109.88 115.43 20.1 96.8 74.81 95.75 48.66 38.47 21.47 47.51 69.12 
24.19 42.2 31.38 41.0 0.0 24.21 77.37 43.66 68.73 17.09 54.04 31.26 26.93 32.31 57.25 89.29 55.22 70.68 77.47 87.28 75.39 61.13 72.92 23.35 67.12 36.4 23.77 35.85 64.51 50.8 83.67 94.11 42.06 16.49 13.45 6.71 8.25 25.5 57.45 13.0 61.27 32.31 17.2 26.93 37.85 62.68 87.66 25.3 67.27 37.05 79.08 4.24 56.01 17.8 55.08 49.98 10.05 32.89 33.02 18.03 20.22 45.97 87.46 40.31 56.22 19.92 80.96 10.3 28.64 52.81 44.2 76.9 8.94 36.67 89.27 72.37 64.28 71.2 81.15 5.39 39.92 86.03 42.05 21.38 23.43 31.0 52.09 23.77 82.01 20.0 31.38 65.19 40.22 19.85 68.88 74.67 60.41 56.36 34.06 56.3 89.63 10.82 31.62 79.12 28.16 
47.51 18.03 42.11 61.72 24.21 0.0 85.51 42.8 60.42 33.62 30.89 22.47 9.43 45.54 69.0 101.12 61.39 50.22 57.27 98.33 55.73 56.22 52.39 40.85 56.86 49.37 9.85 32.2 76.03 65.76 92.4 106.12 22.02 15.03 29.61 17.69 18.38 20.88 64.94 36.89 40.79 16.55 41.01 30.68 58.59 68.88 97.74 8.6 53.6 27.8 92.01 24.08 73.25 8.06 73.38 71.69 20.62 54.92 51.26 20.22 18.03 49.73 102.49 56.75 72.37 36.4 89.44 33.94 51.4 74.3 20.0 87.37 15.56 34.01 107.2 92.11 82.86 78.64 97.02 19.72 22.36 96.52 53.01 42.72 1.0 19.21 70.52 46.4 98.66 44.2 12.37 76.11 16.12 43.86 52.09 55.44 79.38 36.35 25.5 34.18 109.11 23.26 45.89 91.05 16.28 
67.18 94.01 46.1 52.7 77.37 85.51 0.0 120.83 144.2 60.42 111.0 65.12 94.37 45.28 21.93 20.25 24.19 133.09 140.06 16.12 139.18 137.79 135.06 55.47 141.48 41.34 75.95 55.04 16.12 32.2 7.0 24.6 107.06 90.48 90.05 77.62 83.77 64.78 20.62 79.4 124.26 101.64 71.06 104.22 53.6 17.0 13.6 77.78 139.06 111.02 18.79 73.35 36.4 86.4 40.5 56.46 86.82 59.67 49.52 94.15 67.68 36.12 31.62 41.73 32.7 57.8 4.0 72.11 63.7 55.36 96.0 8.54 77.83 53.04 46.52 49.04 41.3 7.0 32.31 81.02 107.87 13.42 35.36 61.85 85.7 69.12 41.63 64.38 36.4 76.49 97.86 14.42 92.02 72.25 137.32 139.29 42.95 120.5 108.16 116.07 55.36 68.15 46.32 14.76 99.72 
62.07 51.55 74.73 81.22 43.66 42.8 120.83 0.0 27.46 60.75 49.01 64.35 34.13 75.96 100.9 132.85 98.01 50.54 54.92 130.92 51.87 18.03 52.35 66.76 28.23 80.06 51.66 73.0 108.17 94.11 127.24 137.64 35.23 31.4 32.39 43.42 37.12 60.96 100.62 46.1 44.27 29.15 55.23 16.76 78.31 105.59 131.32 51.09 33.42 17.46 122.53 47.54 98.31 37.48 96.75 88.02 34.01 72.11 75.71 26.93 56.22 87.66 130.23 83.43 99.04 63.57 124.48 50.99 67.07 91.02 51.92 120.55 43.57 74.52 130.25 112.0 105.39 114.49 123.63 39.81 30.27 129.69 85.62 62.97 42.01 61.62 93.77 63.29 124.04 53.01 34.01 108.85 51.26 56.04 40.46 50.22 101.32 40.26 18.38 46.39 129.02 52.77 75.27 122.71 26.93 
89.02 61.52 98.49 108.0 68.73 60.42 144.2 27.46 0.0 85.51 51.11 82.86 51.0 100.44 125.4 157.71 120.55 40.2 41.11 155.47 38.05 10.82 41.05 92.07 6.08 104.56 70.24 92.59 132.67 119.52 150.87 162.59 43.14 53.85 59.0 66.94 61.19 80.96 123.65 73.03 39.22 43.91 82.0 43.0 105.02 128.16 155.5 68.96 16.03 33.24 147.68 72.18 124.49 57.94 123.2 115.21 58.69 99.01 101.6 50.8 77.08 109.38 156.16 109.04 124.9 88.46 148.01 77.16 94.02 118.21 60.88 144.81 66.48 94.37 157.03 139.06 132.06 137.57 149.75 64.13 39.82 154.02 109.64 89.2 59.94 79.4 120.2 90.01 150.4 80.22 48.55 133.15 62.24 83.05 26.02 36.06 128.04 38.01 36.06 46.07 156.16 76.4 100.02 147.51 44.78 
18.68 49.65 14.87 28.3 17.09 33.62 60.42 60.75 85.51 0.0 64.4 27.73 39.81 15.23 40.16 72.28 38.95 83.52 90.52 70.21 88.77 78.16 85.73 7.28 83.6 19.31 27.8 27.07 47.43 34.13 66.64 77.13 54.82 32.06 29.68 19.0 24.33 21.95 40.8 21.1 74.04 46.39 16.12 44.01 25.24 46.23 70.58 30.0 83.0 53.15 62.17 13.34 40.31 30.41 40.02 38.6 26.93 22.67 17.72 34.71 19.1 31.06 71.06 24.02 40.01 3.0 63.95 13.04 20.59 41.05 51.87 59.81 20.1 27.0 74.15 58.52 49.48 54.38 65.01 21.38 53.76 68.95 25.06 11.18 33.24 29.68 37.11 16.16 66.19 22.36 44.15 48.1 47.43 19.03 83.6 88.29 45.88 69.38 50.16 67.78 75.58 10.44 14.56 62.1 43.05 
78.01 17.0 71.31 92.59 54.04 30.89 111.0 49.01 51.11 64.4 0.0 46.1 27.59 75.29 97.16 128.39 87.02 22.36 29.15 125.2 28.64 52.81 24.19 71.59 45.49 78.85 37.64 56.01 103.82 95.34 118.0 133.38 14.87 39.7 55.0 48.01 46.69 47.85 91.09 65.76 14.76 25.06 71.22 47.17 89.47 94.01 124.04 35.44 37.54 32.39 120.07 54.64 103.41 36.24 103.82 102.58 47.42 85.76 81.94 42.44 47.13 75.03 131.4 86.98 102.2 67.12 115.0 64.2 82.1 105.19 15.03 114.21 46.04 58.01 137.27 122.77 113.3 104.0 126.37 48.92 19.65 123.1 81.58 73.57 31.38 42.11 101.02 77.1 128.32 73.59 23.43 103.59 19.03 73.88 30.81 29.12 109.93 13.45 32.98 5.83 139.65 54.12 75.89 118.61 30.02 
46.24 29.15 27.46 53.81 31.26 22.47 65.12 64.35 82.86 27.73 46.1 0.0 31.91 32.2 51.42 82.3 41.01 68.01 75.0 79.1 74.06 78.6 70.0 33.02 79.16 34.99 12.81 10.2 57.87 50.99 72.11 87.28 42.45 33.6 43.01 25.96 31.38 6.08 45.01 43.01 59.14 38.95 42.2 50.22 51.09 48.17 78.0 13.89 75.27 50.22 74.15 28.02 60.03 26.91 61.29 64.44 34.93 49.93 41.73 38.83 11.05 29.02 85.87 44.41 58.14 29.15 69.12 36.35 48.3 66.48 31.26 68.12 24.35 12.17 93.11 80.71 70.49 58.14 81.27 30.36 44.01 77.03 36.4 38.91 23.02 4.0 58.82 43.86 83.57 47.68 34.44 57.56 27.07 45.35 72.57 74.17 67.68 55.44 47.8 51.0 96.75 22.09 33.42 72.56 38.6 
51.11 20.1 50.04 67.07 26.93 9.43 94.37 34.13 51.0 39.81 27.59 31.91 0.0 53.04 77.16 109.46 70.34 44.01 50.92 106.79 49.04 46.86 46.24 47.07 47.54 57.01 19.24 41.59 84.29 73.17 101.2 114.44 15.23 12.21 27.78 21.54 19.21 30.08 73.76 38.21 34.54 7.28 44.1 24.08 63.91 77.88 106.37 18.03 44.72 18.44 100.08 28.23 80.06 9.49 79.83 76.56 19.85 59.51 57.49 15.81 26.68 58.82 110.11 63.64 79.51 42.76 98.27 37.22 55.47 79.31 21.38 95.89 19.92 43.38 113.95 98.08 89.27 87.56 104.39 21.63 14.04 105.08 61.13 47.54 8.94 28.6 76.9 50.54 105.8 46.1 4.47 84.48 19.0 46.62 44.05 48.51 85.62 29.73 16.28 29.41 115.25 29.43 53.15 99.32 7.21 
25.63 59.24 5.0 23.26 32.31 45.54 45.28 75.96 100.44 15.23 75.29 32.2 53.04 0.0 25.0 57.27 25.0 95.71 102.77 55.08 101.27 93.3 97.86 10.63 98.31 4.12 37.64 26.4 32.28 20.22 51.43 62.17 67.48 46.69 44.78 33.54 39.29 28.18 26.17 34.66 86.31 60.0 27.2 59.24 21.19 31.83 55.36 39.85 97.19 67.74 47.38 28.46 28.23 44.01 29.15 33.62 42.06 23.02 11.4 49.73 28.16 20.22 57.08 12.21 26.93 12.53 48.76 27.02 24.33 35.23 61.47 44.6 34.23 25.24 61.98 48.55 38.47 39.41 51.48 36.4 67.07 53.76 10.0 18.36 45.4 35.51 26.63 22.47 53.15 33.29 57.14 32.89 57.01 29.15 97.08 100.98 35.51 81.88 64.78 79.31 64.85 24.19 2.0 47.07 57.14 
45.28 80.41 27.17 31.3 57.25 69.0 21.93 100.9 125.4 40.16 97.16 51.42 77.16 25.0 0.0 32.39 15.81 118.51 125.57 30.08 124.33 118.3 120.6 34.44 123.17 20.88 60.13 42.38 7.28 10.77 27.2 37.34 91.01 71.59 69.35 58.46 64.29 49.37 12.08 57.98 109.29 84.29 49.41 84.15 31.91 16.12 30.46 62.2 121.7 92.57 23.02 53.45 18.11 68.47 22.02 36.67 67.05 37.8 27.66 74.73 51.01 24.7 34.48 19.8 14.14 37.34 24.84 51.0 41.77 36.22 82.57 19.7 59.03 40.5 43.6 37.12 26.93 17.89 30.41 61.4 91.09 28.79 16.03 40.22 69.01 55.32 22.09 42.52 33.29 54.67 81.06 8.06 78.26 50.45 121.04 124.2 26.68 105.12 89.63 101.71 49.52 49.03 25.63 22.2 81.74 
74.3 111.45 59.54 56.61 89.29 101.12 20.25 132.85 157.71 72.28 128.39 82.3 109.46 57.27 32.39 0.0 41.77 150.12 157.16 4.24 156.05 150.42 152.16 66.1 155.54 53.15 92.01 72.56 25.18 39.0 14.87 5.0 123.07 103.94 100.9 90.8 96.54 81.01 37.48 88.64 141.03 116.62 79.62 116.09 58.52 35.74 8.06 94.0 154.06 124.95 10.82 85.62 37.8 100.84 41.11 56.59 99.2 65.19 57.78 106.96 83.1 53.6 15.03 49.77 35.51 69.38 17.03 82.28 69.97 54.56 113.53 14.32 91.41 70.58 31.14 40.85 37.2 26.4 19.65 93.62 123.33 7.07 48.37 70.77 101.18 86.28 43.42 72.01 23.35 84.12 113.28 25.02 109.37 80.06 153.21 156.01 40.46 137.0 122.0 133.18 41.05 81.39 57.72 10.2 114.13 
50.12 70.03 24.08 41.3 55.22 61.39 24.19 98.01 120.55 38.95 87.02 41.01 70.34 25.0 15.81 41.77 0.0 109.02 116.0 38.33 115.07 114.54 111.0 35.61 117.64 21.95 51.79 31.02 19.42 23.54 31.14 46.69 82.87 67.12 68.41 54.59 60.9 40.61 4.47 59.46 100.12 77.62 52.2 81.63 40.79 7.62 37.01 53.6 114.98 87.32 34.93 51.04 32.89 62.63 36.4 49.04 64.14 45.22 33.24 71.12 43.68 12.0 47.89 27.46 29.15 36.77 28.16 51.62 47.93 49.25 72.06 27.46 54.56 29.02 58.8 52.84 42.49 17.26 45.0 58.31 83.74 36.12 15.65 43.27 61.61 45.01 35.69 47.01 48.27 58.25 73.76 18.36 68.01 54.08 113.14 115.16 41.79 96.33 84.5 92.01 65.19 45.28 26.63 32.57 75.89 
94.81 39.2 92.07 111.07 70.68 50.22 133.09 50.54 40.2 83.52 22.36 68.01 44.01 95.71 118.51 150.12 109.02 0.0 7.07 147.03 6.32 46.27 2.24 90.8 34.13 99.46 58.42 78.06 125.32 115.92 140.09 155.12 28.79 54.59 68.01 65.55 62.61 69.18 113.0 80.78 9.49 38.47 87.66 55.87 107.91 116.11 146.0 56.32 24.19 38.9 141.51 72.24 123.45 53.49 123.49 120.54 62.27 103.47 101.24 55.47 67.74 97.02 152.45 106.96 122.58 86.4 137.09 80.96 99.32 123.31 37.34 136.03 63.91 80.06 157.41 141.99 132.97 126.1 147.14 65.31 30.89 145.0 102.7 91.55 50.45 64.01 120.6 94.43 148.85 88.84 39.56 125.2 41.11 89.94 14.32 7.21 129.4 14.32 41.04 17.03 159.1 73.08 96.1 140.23 43.05 
101.55 46.1 99.14 117.99 77.47 57.27 140.06 54.92 41.11 90.52 29.15 75.0 50.92 102.77 125.57 157.16 116.0 7.07 0.0 154.05 3.16 48.51 5.0 97.8 35.23 106.53 65.49 85.02 132.38 122.98 147.05 162.15 35.74 61.27 74.33 72.45 69.35 76.24 120.0 87.32 16.49 45.19 94.37 61.62 114.83 123.07 153.0 63.39 25.32 44.69 148.57 79.12 130.5 60.41 130.51 127.39 68.88 110.31 108.24 61.91 74.81 104.0 159.52 114.0 129.63 93.41 144.06 87.73 106.1 130.17 44.18 143.06 70.84 87.02 164.45 148.96 139.98 133.06 154.21 72.09 37.58 152.01 109.77 98.43 57.49 71.0 127.61 101.24 155.91 95.38 46.49 132.24 48.04 96.6 15.52 5.1 136.4 21.19 47.01 24.0 166.09 80.08 103.16 147.28 49.65 
73.25 108.23 57.07 56.08 87.28 98.33 16.12 130.92 155.47 70.21 125.2 79.1 106.79 55.08 30.08 4.24 38.33 147.03 154.05 0.0 153.0 148.37 149.05 64.26 153.17 50.96 89.09 69.26 22.8 37.59 10.63 8.54 120.2 101.64 99.16 88.53 94.37 78.03 34.13 87.21 138.0 113.99 78.29 114.16 57.8 32.02 4.12 91.05 151.46 122.58 10.82 83.52 37.48 98.31 41.04 56.85 97.12 64.4 56.36 104.81 80.31 50.25 18.44 48.3 34.83 67.36 12.81 80.62 69.07 55.0 110.29 11.0 89.05 67.27 34.53 42.72 38.08 22.47 22.09 91.48 120.6 2.83 45.89 69.32 98.41 83.1 43.14 70.83 26.02 83.01 110.55 22.36 106.17 78.89 150.4 153.0 41.05 134.03 119.64 130.06 44.28 79.08 55.66 8.6 111.63 
99.4 45.4 97.74 116.06 75.39 55.73 139.18 51.87 38.05 88.77 28.64 74.06 49.04 101.27 124.33 156.05 115.07 6.32 3.16 153.0 0.0 45.35 5.0 96.05 32.14 105.08 64.2 84.15 131.19 121.49 146.17 161.05 33.96 59.09 71.87 70.52 67.23 75.06 119.02 85.0 15.03 43.08 92.2 58.9 112.89 122.2 152.03 62.13 22.2 42.01 147.34 77.16 128.86 58.52 128.79 125.36 66.64 108.27 106.48 59.54 73.44 103.08 158.15 112.38 128.08 91.68 143.17 85.62 104.0 128.16 43.57 142.0 68.96 86.15 162.81 147.12 138.25 132.19 152.74 70.01 35.47 151.0 108.46 96.46 55.9 70.06 125.88 99.16 154.38 93.06 44.64 131.1 47.27 94.37 12.37 2.0 134.63 19.42 44.41 23.19 164.28 78.34 101.61 146.12 47.42 
80.1 60.46 91.76 99.25 61.13 56.22 137.79 18.03 10.82 78.16 52.81 78.6 46.86 93.3 118.3 150.42 114.54 46.27 48.51 148.37 45.35 0.0 47.52 84.4 14.42 97.42 65.8 87.92 125.57 111.83 144.31 155.24 42.19 47.42 50.36 60.17 54.08 76.01 117.39 64.12 43.19 40.31 73.25 34.53 96.33 122.16 148.63 64.82 23.41 28.43 140.19 64.85 116.25 52.48 114.74 106.0 51.24 90.14 93.56 43.66 71.69 103.77 148.12 101.2 116.9 81.04 141.51 68.88 85.09 109.0 60.21 137.88 60.01 89.59 148.27 130.02 123.41 131.31 141.57 56.92 38.01 147.05 102.79 80.89 55.61 75.43 111.76 81.3 142.02 71.0 45.25 126.18 60.8 74.06 32.98 43.42 119.34 40.79 30.81 48.51 147.0 69.64 92.72 140.25 40.0 
97.05 41.11 94.2 113.3 72.92 52.39 135.06 52.35 41.05 85.73 24.19 70.0 46.24 97.86 120.6 152.16 111.0 2.24 5.0 149.05 5.0 47.52 0.0 93.01 35.01 101.61 60.53 80.02 127.39 118.07 142.06 157.16 31.02 56.82 70.21 67.78 64.85 71.25 115.0 83.01 11.7 40.71 89.89 57.98 110.14 118.07 148.0 58.42 25.02 41.01 143.59 74.46 125.63 55.71 125.69 122.77 64.5 105.7 103.45 57.69 69.87 99.01 154.57 109.14 124.74 88.6 139.06 83.19 101.55 125.54 39.2 138.06 66.13 82.02 159.59 144.2 135.16 128.06 149.28 67.54 33.12 147.01 104.81 93.78 52.63 66.0 122.8 96.66 151.01 91.07 41.79 127.25 43.05 92.18 15.03 6.4 131.61 16.55 43.19 19.0 161.31 75.29 98.27 142.28 45.28 
16.12 56.6 12.65 21.4 23.35 40.85 55.47 66.76 92.07 7.28 71.59 33.02 47.07 10.63 34.44 66.1 35.61 90.8 97.8 64.26 96.05 84.4 93.01 0.0 90.35 14.21 34.67 30.36 41.63 27.46 61.4 70.88 62.1 39.0 34.93 26.08 31.06 27.66 36.77 24.08 81.32 53.6 16.64 50.0 18.44 42.45 64.88 36.89 90.02 60.03 55.79 20.02 33.14 37.66 32.76 31.89 33.38 17.0 10.44 41.3 25.61 29.73 64.2 17.03 33.02 4.47 58.83 16.64 16.28 34.21 58.83 54.13 27.29 29.83 66.91 51.26 42.2 49.82 58.01 28.07 61.0 63.16 20.52 8.25 40.5 35.47 29.83 13.04 59.08 22.83 51.42 42.49 54.38 18.79 90.8 95.57 38.6 76.66 57.04 75.03 68.31 17.72 9.22 55.97 50.16 
88.36 56.64 96.1 107.12 67.12 56.86 141.48 28.23 6.08 83.6 45.49 79.16 47.54 98.31 123.17 155.54 117.64 34.13 35.23 153.17 32.14 14.42 35.01 90.35 0.0 102.42 66.71 89.05 130.42 117.72 148.22 160.46 38.42 51.62 58.31 64.78 59.3 77.62 120.88 72.44 33.24 40.31 81.22 42.43 104.08 125.23 153.06 65.31 10.0 30.59 145.67 70.35 123.1 55.08 122.0 114.74 57.08 98.25 100.12 49.09 74.0 106.28 154.55 107.38 123.33 86.58 145.33 76.01 93.34 117.72 55.87 142.41 64.13 90.87 156.03 138.36 131.02 134.77 148.27 62.29 35.51 151.63 107.28 88.0 56.46 75.59 119.0 89.14 149.08 79.91 44.72 130.82 57.49 82.49 20.0 30.15 127.04 32.25 33.54 40.31 155.54 74.15 98.01 145.34 41.76 
28.18 62.63 7.62 22.8 36.4 49.37 41.34 80.06 104.56 19.31 78.85 34.99 57.01 4.12 20.88 53.15 21.95 99.46 106.53 50.96 105.08 97.42 101.61 14.21 102.42 0.0 41.23 28.28 28.16 16.49 47.41 58.05 71.34 50.8 48.76 37.66 43.42 31.38 22.67 38.29 90.09 64.01 30.48 63.32 21.21 28.43 51.26 43.42 101.24 71.85 43.29 32.57 25.06 48.04 26.4 32.7 46.17 24.19 12.04 53.85 31.78 19.03 53.15 10.0 23.41 16.55 44.78 30.81 26.25 34.0 64.85 40.5 38.33 26.91 58.52 45.8 35.51 35.61 47.68 40.52 71.03 49.65 6.4 21.4 49.25 38.47 24.08 25.06 49.48 36.4 61.07 28.79 60.41 32.2 101.04 104.81 32.8 85.71 68.88 82.98 61.77 28.28 5.0 42.95 61.2 
44.2 21.95 33.73 56.04 23.77 9.85 75.95 51.66 70.24 27.8 37.64 12.81 19.24 37.64 60.13 92.01 51.79 58.42 65.49 89.09 64.2 65.8 60.53 34.67 66.71 41.23 0.0 22.36 67.03 57.72 82.87 97.01 31.14 21.47 33.14 17.26 21.1 11.18 55.44 36.69 49.16 26.4 38.59 38.08 53.01 59.23 88.36 2.24 63.32 37.44 83.15 21.93 65.79 14.42 66.31 66.4 24.33 50.25 44.78 26.83 9.49 40.02 94.05 49.4 64.56 30.23 79.91 31.76 47.42 68.82 24.19 78.1 15.13 24.17 99.62 85.43 75.77 69.05 88.84 21.02 32.02 87.21 44.28 38.18 10.3 10.0 63.56 42.52 90.71 42.95 22.14 67.0 19.72 41.68 61.4 64.07 72.5 45.01 35.0 41.77 102.16 18.44 38.28 82.01 25.81 
45.54 39.01 21.4 49.4 35.85 32.2 55.04 73.0 92.59 27.07 56.01 10.2 41.59 26.4 42.38 72.56 31.02 78.06 85.02 69.26 84.15 87.92 80.02 30.36 89.05 28.28 22.36 0.0 48.51 43.27 62.03 77.52 52.63 41.73 48.76 31.91 38.01 12.04 35.13 45.89 69.26 48.75 43.0 58.05 47.01 38.05 68.03 23.77 85.38 59.68 64.76 31.95 52.8 35.61 54.56 59.91 41.62 47.17 37.22 46.69 17.03 19.03 76.84 38.21 50.48 27.46 59.03 38.33 46.57 61.61 41.05 58.31 30.81 2.0 85.0 73.88 63.41 48.04 72.62 36.36 54.08 67.12 28.3 37.66 32.65 14.14 52.35 42.76 75.15 49.04 44.38 48.05 37.0 46.01 82.76 84.29 60.96 65.62 57.14 61.03 89.31 25.3 28.02 62.97 48.02 
51.86 86.98 34.37 36.62 64.51 76.03 16.12 108.17 132.67 47.43 103.82 57.87 84.29 32.28 7.28 25.18 19.42 125.32 132.38 22.8 131.19 125.57 127.39 41.63 130.42 28.16 67.03 48.51 0.0 16.28 20.52 30.15 98.01 78.85 76.56 65.73 71.57 56.14 15.0 65.0 116.16 91.44 56.3 91.42 37.64 16.64 23.26 69.07 128.88 99.82 16.28 60.73 20.62 75.66 24.74 40.5 74.33 43.86 34.41 82.01 58.01 30.08 28.64 26.4 16.76 44.6 18.44 58.14 48.1 39.56 89.11 12.53 66.29 46.57 39.6 36.4 27.17 14.04 25.61 68.68 98.18 21.54 23.19 47.17 76.06 61.81 25.63 49.2 29.0 61.4 88.14 2.0 84.85 57.2 128.1 131.1 28.02 112.04 96.88 108.46 46.62 56.29 32.89 15.03 88.96 
35.81 79.06 24.04 20.59 50.8 65.76 32.2 94.11 119.52 34.13 95.34 50.99 73.17 20.22 10.77 39.0 23.54 115.92 122.98 37.59 121.49 111.83 118.07 27.46 117.72 16.49 57.72 43.27 16.28 0.0 36.77 43.66 87.69 66.19 61.98 53.08 58.42 47.76 21.02 49.66 106.53 80.06 40.71 77.37 21.4 26.08 38.83 59.91 117.04 87.28 28.46 47.38 10.0 64.03 13.0 26.17 60.83 27.59 18.79 68.73 48.27 28.6 37.0 10.77 7.21 31.14 34.71 43.32 31.89 26.0 81.27 28.43 54.01 41.62 42.15 31.14 20.52 28.64 31.26 55.44 87.21 36.89 15.0 31.78 65.62 54.63 12.17 33.29 32.98 45.49 77.32 17.8 76.84 41.34 117.21 121.2 18.87 102.11 84.29 99.46 46.04 44.0 20.02 29.07 77.01 
72.35 101.0 52.55 56.85 83.67 92.4 7.0 127.24 150.87 66.64 118.0 72.11 101.2 51.43 27.2 14.87 31.14 140.09 147.05 10.63 146.17 144.31 142.06 61.4 148.22 47.41 82.87 62.03 20.52 36.77 0.0 18.6 113.99 97.08 96.18 84.15 90.25 71.7 27.46 85.15 131.24 108.47 76.61 110.57 58.05 24.0 7.21 84.72 145.91 117.72 17.03 79.71 39.45 93.15 43.42 59.54 93.23 64.35 54.82 100.66 74.53 43.1 28.23 46.86 36.06 63.95 3.0 78.03 68.62 58.14 103.0 8.94 84.43 60.03 43.97 49.25 42.72 14.0 30.41 87.46 114.76 7.81 41.63 67.42 92.57 76.11 44.94 69.66 34.53 81.84 104.74 19.21 99.02 77.62 144.26 146.28 44.94 127.48 114.84 123.07 53.37 74.67 52.35 13.0 106.48 
78.71 116.43 64.5 60.75 94.11 106.12 24.6 137.64 162.59 77.13 133.38 87.28 114.44 62.17 37.34 5.0 46.69 155.12 162.15 8.54 161.05 155.24 157.16 70.88 160.46 58.05 97.01 77.52 30.15 43.66 18.6 0.0 128.06 108.85 105.62 95.71 101.41 86.01 42.43 93.23 146.03 121.59 84.17 120.88 62.77 40.52 11.4 99.0 159.02 129.88 15.23 90.47 41.88 105.8 45.0 60.14 104.05 69.46 62.39 111.83 88.09 58.55 15.52 54.42 39.82 74.22 21.1 86.98 74.3 57.98 118.51 19.24 96.34 75.54 31.06 42.94 40.36 31.02 21.47 98.49 128.32 11.18 53.34 75.39 106.17 91.27 47.43 76.49 24.7 88.55 118.27 30.02 114.35 84.53 158.2 161.01 43.84 142.0 126.92 138.18 41.11 86.31 62.59 15.13 119.08 
66.24 18.44 64.12 82.28 42.06 22.02 107.06 35.23 43.14 54.82 14.87 42.45 15.23 67.48 91.01 123.07 82.87 28.79 35.74 120.2 33.96 42.19 31.02 62.1 38.42 71.34 31.14 52.63 98.01 87.69 113.99 128.06 0.0 26.4 41.04 36.77 34.13 42.3 86.58 52.8 19.31 10.63 59.17 32.31 79.12 90.26 119.51 29.27 33.11 18.0 114.02 43.46 94.92 24.7 94.83 91.79 34.21 74.73 72.53 28.32 40.0 71.02 124.49 78.45 94.2 57.72 111.02 52.35 70.66 94.54 18.03 109.22 35.11 54.57 128.86 113.23 104.29 100.13 118.95 36.72 5.0 118.34 75.03 62.77 22.09 38.6 91.92 65.74 120.51 60.8 10.77 98.05 19.1 61.59 30.27 33.54 100.69 14.56 18.25 14.87 130.36 44.38 67.74 113.02 15.62 
40.31 31.32 44.64 57.49 16.49 15.03 90.48 31.4 53.85 32.06 39.7 33.6 12.21 46.69 71.59 103.94 67.12 54.59 61.27 101.64 59.09 47.42 56.82 39.0 51.62 50.8 21.47 41.73 78.85 66.19 97.08 108.85 26.4 0.0 15.65 13.15 8.25 29.7 70.01 26.4 45.28 16.12 33.11 16.64 54.34 74.73 101.65 21.54 51.04 21.1 94.05 19.03 72.06 7.28 71.34 66.41 7.81 49.34 49.09 5.39 24.84 56.44 103.12 56.01 72.01 35.06 94.24 26.57 44.94 69.26 32.89 90.96 12.65 43.19 105.57 88.84 80.62 83.93 97.01 11.18 23.71 100.17 55.79 37.85 14.04 31.38 68.36 40.16 98.05 34.41 16.28 79.31 29.83 35.36 52.39 58.31 76.79 40.31 18.11 41.11 106.1 22.56 46.39 93.74 11.7 
30.07 46.82 44.41 49.01 13.45 29.61 90.05 32.39 59.0 29.68 55.0 43.01 27.78 44.78 69.35 100.9 68.41 68.01 74.33 99.16 71.87 50.36 70.21 34.93 58.31 48.76 33.14 48.76 76.56 61.98 96.18 105.62 41.04 15.65 0.0 17.09 12.04 37.7 70.46 14.14 59.03 30.41 23.0 16.0 46.04 75.8 99.81 34.01 60.17 30.46 90.44 17.69 65.92 21.59 64.38 56.44 9.06 40.01 43.42 12.73 32.31 59.4 97.86 51.24 66.71 32.25 93.54 18.68 35.06 59.41 48.47 89.05 18.68 49.74 98.05 80.1 73.11 84.06 91.24 12.65 37.54 98.09 54.71 30.59 28.64 41.98 61.4 31.02 91.66 21.84 31.62 77.39 45.22 24.19 63.56 70.83 69.07 54.04 27.73 55.9 97.25 24.21 43.83 90.82 25.46 
30.0 35.61 31.62 45.54 6.71 17.69 77.62 43.42 66.94 19.0 48.01 25.96 21.54 33.54 58.46 90.8 54.59 65.55 72.45 88.53 70.52 60.17 67.78 26.08 64.78 37.66 17.26 31.91 65.73 53.08 84.15 95.71 36.77 13.15 17.09 0.0 6.4 20.62 57.27 19.7 56.08 27.66 23.35 27.2 42.38 62.18 88.6 18.68 64.0 34.23 80.89 6.71 59.21 12.08 58.69 55.04 9.9 38.01 36.35 16.55 15.23 44.41 90.05 43.01 59.01 22.0 81.34 16.28 34.13 57.78 37.64 77.88 2.24 33.02 92.91 76.66 68.07 71.18 84.01 4.47 35.17 87.09 42.72 26.0 16.97 25.18 55.73 29.15 85.15 26.63 26.0 66.22 33.6 26.17 64.78 69.92 64.33 51.26 31.26 50.61 93.86 9.49 33.24 80.6 24.08 
32.2 36.24 37.7 49.24 8.25 18.38 83.77 37.12 61.19 24.33 46.69 31.38 19.21 39.29 64.29 96.54 60.9 62.61 69.35 94.37 67.23 54.08 64.85 31.06 59.3 43.42 21.1 38.01 71.57 58.42 90.25 101.41 34.13 8.25 12.04 6.4 0.0 26.42 63.51 19.1 53.24 24.17 25.06 20.81 46.1 68.48 94.56 22.0 59.14 29.0 86.49 11.05 64.01 10.82 63.2 58.19 3.61 41.11 41.01 10.44 21.1 50.8 95.26 48.09 64.07 27.29 87.46 18.38 36.77 61.03 38.08 83.82 7.21 39.2 97.42 80.6 72.44 77.39 89.05 3.0 31.78 93.01 48.7 29.61 17.46 30.08 60.21 31.95 90.01 26.91 23.6 72.12 34.44 27.46 60.64 66.48 68.59 48.3 26.0 48.6 97.86 15.65 38.83 86.35 19.92 
40.31 31.32 23.77 48.8 25.5 20.88 64.78 60.96 80.96 21.95 47.85 6.08 30.08 28.18 49.37 81.01 40.61 69.18 76.24 78.03 75.06 76.01 71.25 27.66 77.62 31.38 11.18 12.04 56.14 47.76 71.7 86.01 42.3 29.7 37.7 20.62 26.42 0.0 44.28 37.0 60.03 37.34 36.14 46.1 45.97 48.05 77.23 13.04 74.46 47.89 72.34 22.09 56.36 23.6 57.31 59.4 30.02 44.41 36.88 34.71 5.39 28.86 83.55 40.31 54.78 23.6 68.73 30.27 42.54 61.55 33.53 67.03 19.24 13.6 89.89 76.66 66.65 57.87 78.59 25.08 43.17 76.11 33.73 33.12 21.19 7.81 54.71 38.01 80.65 41.59 33.24 56.04 29.12 39.29 72.56 75.01 63.63 56.01 45.28 52.35 93.02 16.03 29.15 71.06 36.24 
50.48 74.11 26.08 40.02 57.45 64.94 20.62 100.62 123.65 40.8 91.09 45.01 73.76 26.17 12.08 37.48 4.47 113.0 120.0 34.13 119.02 117.39 115.0 36.77 120.88 22.67 55.44 35.13 15.0 21.02 27.46 42.43 86.58 70.01 70.46 57.27 63.51 44.28 0.0 60.83 104.04 81.02 53.15 84.12 39.85 5.83 33.02 57.31 118.46 90.44 30.46 53.34 29.83 65.8 33.54 47.04 66.65 44.78 33.12 73.82 47.07 16.12 43.42 26.57 25.96 38.42 24.52 53.15 47.89 47.01 76.16 23.19 57.38 33.14 54.49 49.19 39.0 13.93 40.61 60.83 87.3 32.02 16.28 44.05 65.12 49.01 33.14 47.43 43.93 59.03 77.28 13.89 72.06 54.82 116.84 119.07 38.6 100.18 87.6 96.01 61.07 47.85 27.59 28.16 79.12 
16.0 54.92 35.61 35.13 13.0 36.89 79.4 46.1 73.03 21.1 65.76 43.01 38.21 34.66 57.98 88.64 59.46 80.78 87.32 87.21 85.0 64.12 83.01 24.08 72.44 38.29 36.69 45.89 65.0 49.66 85.15 93.23 52.8 26.4 14.14 19.7 19.1 37.0 60.83 0.0 71.56 42.44 9.22 30.07 32.25 66.47 88.19 38.28 74.22 44.27 78.0 15.13 52.63 29.83 50.8 42.3 18.6 26.02 30.87 25.5 32.06 52.15 84.65 38.91 53.76 22.8 82.66 8.06 21.0 45.28 56.86 77.52 21.93 46.32 84.15 66.03 59.3 73.88 77.88 17.2 49.93 86.35 44.6 17.89 36.06 43.29 47.85 17.26 78.09 8.06 42.52 66.04 53.0 10.05 77.25 84.08 55.23 66.57 41.44 67.48 83.15 21.02 33.3 78.72 37.74 
85.42 30.81 82.73 101.59 61.27 40.79 124.26 44.27 39.22 74.04 14.76 59.14 34.54 86.31 109.29 141.03 100.12 9.49 16.49 138.0 15.03 43.19 11.7 81.32 33.24 90.09 49.16 69.26 116.16 106.53 131.24 146.03 19.31 45.28 59.03 56.08 53.24 60.03 104.04 71.56 0.0 29.15 78.29 47.63 98.43 107.3 137.06 47.1 24.19 30.81 132.31 62.77 114.0 44.01 114.02 111.09 53.0 94.02 91.76 46.4 58.42 88.14 143.14 97.51 113.16 76.92 128.25 71.55 89.9 113.85 29.12 127.0 54.42 71.25 147.96 132.5 123.49 117.27 137.77 55.9 21.63 136.01 93.43 82.08 41.0 55.15 111.13 85.0 139.45 79.61 30.08 116.07 32.56 80.62 16.28 15.03 119.92 5.0 32.65 8.94 149.62 63.6 86.68 131.1 33.84 
56.36 22.56 57.14 73.08 32.31 16.55 101.64 29.15 43.91 46.39 25.06 38.95 7.28 60.0 84.29 116.62 77.62 38.47 45.19 113.99 43.08 40.31 40.71 53.6 40.31 64.01 26.4 48.75 91.44 80.06 108.47 121.59 10.63 16.12 30.41 27.66 24.17 37.34 81.02 42.44 29.15 0.0 49.19 22.56 69.92 85.16 113.6 25.06 37.48 12.21 107.17 34.21 86.7 16.03 86.31 82.28 23.85 65.19 63.95 17.69 33.96 66.1 117.04 70.35 86.28 49.37 105.54 42.54 60.93 85.09 23.19 103.1 26.31 50.57 120.51 104.29 95.71 94.83 111.22 26.93 7.62 112.29 68.26 53.45 16.16 35.51 83.36 56.08 112.54 50.48 5.0 91.66 22.14 51.48 37.22 42.38 91.98 24.19 10.77 25.5 121.51 36.12 60.03 106.47 5.0 
7.28 58.8 29.07 26.02 17.2 41.01 71.06 55.23 82.0 16.12 71.22 42.2 44.1 27.2 49.41 79.62 52.2 87.66 94.37 78.29 92.2 73.25 89.89 16.64 81.22 30.48 38.59 43.0 56.3 40.71 76.61 84.17 59.17 33.11 23.0 23.35 25.06 36.14 53.15 9.22 78.29 49.19 0.0 39.0 23.09 58.9 79.4 40.5 82.57 52.39 68.94 17.03 43.42 35.0 41.59 33.73 25.63 17.03 21.95 33.24 31.95 46.1 75.43 30.02 44.6 16.76 74.2 7.07 12.17 36.67 60.88 68.8 25.46 43.05 75.06 57.14 50.16 65.8 68.66 22.47 56.8 77.52 36.88 9.22 40.31 43.32 38.64 8.06 68.88 6.32 48.55 57.43 56.73 3.16 85.07 91.39 46.1 73.36 49.48 73.5 74.33 20.62 25.61 69.77 44.78 
46.04 44.0 58.14 65.01 26.93 30.68 104.22 16.76 43.0 44.01 47.17 50.22 24.08 59.24 84.15 116.09 81.63 55.87 61.62 114.16 58.9 34.53 57.98 50.0 42.43 63.32 38.08 58.05 91.42 77.37 110.57 120.88 32.31 16.64 16.0 27.2 20.81 46.1 84.12 30.07 47.63 22.56 39.0 0.0 62.03 89.19 114.59 38.01 44.94 16.97 105.77 30.87 81.74 23.71 80.31 72.34 17.49 56.01 59.03 11.4 41.04 71.61 113.6 66.71 82.38 46.82 107.84 34.37 51.04 75.33 45.04 103.82 27.66 59.41 114.04 96.08 89.09 97.95 107.06 23.32 27.73 112.95 68.94 46.39 29.73 48.02 77.32 47.01 107.56 37.48 26.08 92.11 43.05 40.11 49.4 57.63 85.05 42.8 15.0 46.53 113.22 36.36 58.52 105.95 18.11 
16.49 74.89 26.0 3.16 37.85 58.59 53.6 78.31 105.02 25.24 89.47 51.09 63.91 21.19 31.91 58.52 40.79 107.91 114.83 57.8 112.89 96.33 110.14 18.44 104.08 21.21 53.01 47.01 37.64 21.4 58.05 62.77 79.12 54.34 46.04 42.38 46.1 45.97 39.85 32.25 98.43 69.92 23.09 62.03 0.0 45.54 59.55 55.22 104.94 74.67 47.71 35.74 21.02 54.42 18.68 13.45 47.52 6.71 9.85 55.44 44.05 40.2 52.81 13.34 23.02 22.8 56.08 28.16 11.7 15.81 77.1 49.5 44.01 46.07 52.01 34.53 27.07 49.74 45.88 43.17 77.49 57.49 26.02 16.49 58.14 53.76 15.81 15.03 45.89 26.25 68.35 39.2 72.67 22.56 106.73 112.27 23.02 93.64 71.7 92.61 51.79 35.36 19.31 49.2 65.97 
56.3 77.01 31.4 45.61 62.68 68.88 17.0 105.59 128.16 46.23 94.01 48.17 77.88 31.83 16.12 35.74 7.62 116.11 123.07 32.02 122.2 122.16 118.07 42.45 125.23 28.43 59.23 38.05 16.64 26.08 24.0 40.52 90.26 74.73 75.8 62.18 68.48 48.05 5.83 66.47 107.3 85.16 58.9 89.19 45.54 0.0 30.27 61.0 122.48 94.92 30.23 58.52 34.23 70.23 38.12 52.24 71.69 50.57 38.95 78.71 51.24 19.24 43.6 32.31 30.27 43.93 21.0 58.73 53.71 52.04 79.0 21.54 62.17 36.06 55.97 52.55 42.72 10.0 41.73 65.86 91.22 29.61 22.02 49.82 69.12 52.15 38.0 53.25 45.34 64.82 81.25 15.0 75.03 60.61 120.51 122.33 42.76 103.59 92.11 99.08 63.25 52.84 33.3 27.29 83.49 
74.63 107.04 57.01 58.0 87.66 97.74 13.6 131.32 155.5 70.58 124.04 78.0 106.37 55.36 30.46 8.06 37.01 146.0 153.0 4.12 152.03 148.63 148.0 64.88 153.06 51.26 88.36 68.03 23.26 38.83 7.21 11.4 119.51 101.65 99.81 88.6 94.56 77.23 33.02 88.19 137.06 113.6 79.4 114.59 59.55 30.27 0.0 90.27 151.08 122.48 13.93 83.82 39.7 98.06 43.42 59.41 97.41 66.07 57.45 105.0 79.76 49.01 22.56 49.4 36.77 67.78 9.85 81.39 70.6 57.69 109.07 10.77 89.02 66.03 38.64 46.32 41.15 20.4 26.02 91.71 120.07 2.24 45.88 70.33 97.87 82.0 45.34 72.11 30.0 84.31 110.03 22.47 105.02 80.16 149.75 152.08 43.91 133.18 119.57 129.0 48.37 79.12 56.08 10.82 111.4 
46.23 19.72 35.9 58.25 25.3 8.6 77.78 51.09 68.96 30.0 35.44 13.89 18.03 39.85 62.2 94.0 53.6 56.32 63.39 91.05 62.13 64.82 58.42 36.89 65.31 43.42 2.24 23.77 69.07 59.91 84.72 99.0 29.27 21.54 34.01 18.68 22.0 13.04 57.31 38.28 47.1 25.06 40.5 38.01 55.22 61.0 90.27 0.0 61.68 36.4 85.21 23.71 68.01 14.32 68.54 68.6 25.08 52.4 47.01 26.93 11.7 41.77 96.18 51.62 66.76 32.45 81.74 33.62 49.52 71.03 21.95 80.06 16.49 25.63 101.83 87.66 78.0 70.86 91.01 22.2 30.36 89.14 46.39 40.31 9.22 10.63 65.8 44.6 92.89 44.72 20.62 69.01 17.49 43.57 59.54 62.03 74.73 43.0 34.06 39.62 104.39 20.52 40.5 84.02 24.84 
89.82 50.48 94.53 108.05 67.27 53.6 139.06 33.42 16.03 83.0 37.54 75.27 44.72 97.19 121.7 154.06 114.98 24.19 25.32 151.46 22.2 23.41 25.02 90.02 10.0 101.24 63.32 85.38 128.88 117.04 145.91 159.02 33.11 51.04 60.17 64.0 59.14 74.46 118.46 74.22 24.19 37.48 82.57 44.94 104.94 122.48 151.08 61.68 0.0 30.27 144.5 70.06 123.1 53.24 122.33 116.3 57.43 99.46 100.12 49.5 71.39 103.32 154.03 107.0 123.0 86.0 142.97 76.79 94.73 119.24 49.41 140.58 63.03 87.28 156.54 139.44 131.55 132.22 148.0 62.13 31.32 149.78 105.68 88.57 53.37 71.51 119.34 90.26 149.08 82.01 41.23 129.12 51.62 84.17 10.0 20.22 127.66 24.08 33.24 32.02 156.7 73.06 97.08 143.89 40.05 
59.67 34.18 65.51 77.78 37.05 27.8 111.02 17.46 33.24 53.15 32.39 50.22 18.44 67.74 92.57 124.95 87.32 38.9 44.69 122.58 42.01 28.43 41.01 60.03 30.59 71.85 37.44 59.68 99.82 87.28 117.72 129.88 18.0 21.1 30.46 34.23 29.0 47.89 90.44 44.27 30.81 12.21 52.39 16.97 74.67 94.92 122.48 36.4 30.27 0.0 115.12 40.01 93.01 24.7 92.14 86.12 27.17 69.23 70.01 19.24 43.86 76.16 124.2 77.06 93.05 56.14 114.84 46.53 64.54 89.05 34.48 111.83 33.54 61.4 126.32 109.18 101.32 104.36 118.04 32.0 13.0 121.05 76.69 58.31 27.2 47.01 89.14 60.02 119.0 52.2 17.2 100.22 34.01 54.12 33.11 40.8 97.42 26.08 3.0 30.68 126.44 43.57 67.48 114.76 11.66 
63.53 103.25 50.04 45.8 79.08 92.01 18.79 122.53 147.68 62.17 120.07 74.15 100.08 47.38 23.02 10.82 34.93 141.51 148.57 10.82 147.34 140.19 143.59 55.79 145.67 43.29 83.15 64.76 16.28 28.46 17.03 15.23 114.02 94.05 90.44 80.89 86.49 72.34 30.46 78.0 132.31 107.17 68.94 105.77 47.71 30.23 13.93 85.21 144.5 115.12 0.0 75.5 27.02 91.27 30.41 46.1 89.05 54.38 47.17 96.88 74.03 46.17 13.45 39.22 24.7 59.23 17.46 71.78 59.17 44.2 105.38 10.3 81.61 62.82 27.73 32.56 27.29 22.67 13.6 83.55 114.04 11.7 39.0 60.17 92.0 78.09 32.65 61.27 17.72 73.36 104.02 16.76 101.12 69.32 144.01 147.22 30.23 128.14 112.15 124.68 36.69 71.57 47.68 4.12 104.48 
23.43 41.77 27.29 38.9 4.24 24.08 73.35 47.54 72.18 13.34 54.64 28.02 28.23 28.46 53.45 85.62 51.04 72.24 79.12 83.52 77.16 64.85 74.46 20.02 70.35 32.57 21.93 31.95 60.73 47.38 79.71 90.47 43.46 19.03 17.69 6.71 11.05 22.09 53.34 15.13 62.77 34.21 17.03 30.87 35.74 58.52 83.82 23.71 70.06 40.01 75.5 0.0 53.04 18.79 52.35 48.33 13.6 31.3 30.07 21.38 17.0 41.73 84.21 37.05 53.04 16.28 76.97 10.0 27.46 51.08 43.86 73.05 8.6 32.7 86.58 70.09 61.66 67.12 78.03 8.06 41.76 82.22 38.08 19.31 23.43 28.16 49.37 22.47 79.03 21.02 32.7 61.35 39.7 20.0 71.2 76.54 57.87 57.94 37.01 57.31 87.32 6.71 27.89 75.43 30.41 
37.34 87.46 32.65 18.87 56.01 73.25 36.4 98.31 124.49 40.31 103.41 60.03 80.06 28.23 18.11 37.8 32.89 123.45 130.5 37.48 128.86 116.25 125.63 33.14 123.1 25.06 65.79 52.8 20.62 10.0 39.45 41.88 94.92 72.06 65.92 59.21 64.01 56.36 29.83 52.63 114.0 86.7 43.42 81.74 21.02 34.23 39.7 68.01 123.1 93.01 27.02 53.04 0.0 70.71 4.12 20.12 66.03 27.73 23.0 74.03 56.3 38.6 32.02 16.49 4.0 37.34 38.01 47.38 32.7 18.97 89.69 30.53 60.41 51.22 33.96 21.21 10.63 34.53 25.32 61.01 94.05 37.54 24.76 35.36 73.01 63.53 5.66 35.44 26.0 47.17 84.34 22.56 85.23 43.32 123.91 128.46 8.94 109.44 90.01 107.28 36.72 50.64 27.51 29.0 83.29 
41.88 25.5 41.3 57.58 17.8 8.06 86.4 37.48 57.94 30.41 36.24 26.91 9.49 44.01 68.47 100.84 62.63 53.49 60.41 98.31 58.52 52.48 55.71 37.66 55.08 48.04 14.42 35.61 75.66 64.03 93.15 105.8 24.7 7.28 21.59 12.08 10.82 23.6 65.8 29.83 44.01 16.03 35.0 23.71 54.42 70.23 98.06 14.32 53.24 24.7 91.27 18.79 70.71 0.0 70.41 67.12 12.65 50.09 48.05 12.65 19.24 51.48 101.02 54.33 70.26 33.38 90.25 28.02 46.14 69.86 27.29 87.48 10.44 37.2 104.56 88.6 79.83 79.7 95.19 12.73 23.35 96.69 52.47 38.08 7.07 24.41 67.47 41.18 96.52 37.48 13.93 75.95 23.77 37.64 53.24 57.97 76.16 39.22 21.93 38.59 105.77 20.1 44.01 90.67 13.34 
35.17 88.14 33.84 16.16 55.08 73.38 40.5 96.75 123.2 40.02 103.82 61.29 79.83 29.15 22.02 41.11 36.4 123.49 130.51 41.04 128.79 114.74 125.69 32.76 122.0 26.4 66.31 54.56 24.74 13.0 43.42 45.0 94.83 71.34 64.38 58.69 63.2 57.31 33.54 50.8 114.02 86.31 41.59 80.31 18.68 38.12 43.42 68.54 122.33 92.14 30.41 52.35 4.12 70.41 0.0 16.12 65.03 25.3 22.36 73.03 56.86 41.34 34.18 17.0 8.06 37.11 42.05 46.04 30.36 14.87 90.38 34.48 60.02 53.08 34.23 19.42 9.49 38.64 27.2 60.21 93.74 41.23 27.02 34.01 73.08 64.66 3.0 33.54 27.29 44.92 84.17 26.68 85.91 41.23 123.47 128.32 6.4 109.38 89.14 107.52 35.85 50.45 28.18 32.65 82.73 
26.48 88.23 38.59 10.63 49.98 71.69 56.46 88.02 115.21 38.6 102.58 64.44 76.56 33.62 36.67 56.59 49.04 120.54 127.39 56.85 125.36 106.0 122.77 31.89 114.74 32.7 66.4 59.91 40.5 26.17 59.54 60.14 91.79 66.41 56.44 55.04 58.19 59.4 47.04 42.3 111.09 82.28 33.73 72.34 13.45 52.24 59.41 68.6 116.3 86.12 46.1 48.33 20.12 67.12 16.12 0.0 59.2 17.09 22.8 66.94 57.49 50.96 47.71 23.09 23.77 36.24 58.14 39.85 21.59 3.0 90.44 50.61 56.8 58.83 43.17 24.19 20.25 54.12 40.5 55.36 89.89 57.2 36.14 29.07 71.2 67.18 14.87 26.25 39.36 35.01 81.02 42.38 86.02 32.25 118.68 124.65 16.4 106.23 83.2 105.55 41.0 48.55 31.91 48.6 78.11 
32.89 38.08 40.72 50.64 10.05 20.62 86.82 34.01 58.69 26.93 47.42 34.93 19.85 42.06 67.05 99.2 64.14 62.27 68.88 97.12 66.64 51.24 64.5 33.38 57.08 46.17 24.33 41.62 74.33 60.83 93.23 104.05 34.21 7.81 9.06 9.9 3.61 30.02 66.65 18.6 53.0 23.85 25.63 17.49 47.52 71.69 97.41 25.08 57.43 27.17 89.05 13.6 66.03 12.65 65.03 59.2 0.0 42.2 43.05 8.0 24.7 54.2 97.51 50.36 66.27 29.83 90.47 19.42 37.64 62.1 39.81 86.65 10.82 42.8 99.18 82.04 74.17 80.5 91.2 5.83 31.38 95.82 51.62 31.14 19.65 33.53 62.03 32.98 92.02 26.63 24.04 74.95 36.4 27.73 59.48 65.8 70.26 48.02 24.19 48.92 99.3 18.87 41.48 89.02 19.24 
10.05 71.84 27.29 9.22 32.89 54.92 59.67 72.11 99.01 22.67 85.76 49.93 59.51 23.02 37.8 65.19 45.22 103.47 110.31 64.4 108.27 90.14 105.7 17.0 98.25 24.19 50.25 47.17 43.86 27.59 64.35 69.46 74.73 49.34 40.01 38.01 41.11 44.41 44.78 26.02 94.02 65.19 17.03 56.01 6.71 50.57 66.07 52.4 99.46 69.23 54.38 31.3 27.73 50.09 25.3 17.09 42.2 0.0 12.17 50.01 41.77 43.05 59.46 18.36 29.68 20.81 62.29 22.8 5.1 19.92 74.03 55.9 39.82 46.49 58.14 40.11 33.38 55.47 52.5 38.28 72.8 64.03 29.83 12.21 54.38 52.2 22.47 9.22 52.39 19.65 63.98 45.34 69.66 16.12 101.65 107.56 29.27 89.16 66.29 88.59 57.31 32.02 21.02 55.8 61.03 
17.69 66.73 16.16 12.21 33.02 51.26 49.52 75.71 101.6 17.72 81.94 41.73 57.49 11.4 27.66 57.78 33.24 101.24 108.24 56.36 106.48 93.56 103.45 10.44 100.12 12.04 44.78 37.22 34.41 18.79 54.82 62.39 72.53 49.09 43.42 36.35 41.01 36.88 33.12 30.87 91.76 63.95 21.95 59.03 9.85 38.95 57.45 47.01 100.12 70.01 47.17 30.07 23.0 48.05 22.36 22.8 43.05 12.17 0.0 51.04 35.51 31.0 54.59 8.06 23.35 14.87 52.5 24.74 14.76 24.76 68.96 46.87 37.66 36.24 56.57 40.85 31.78 44.69 48.17 38.01 71.39 55.57 17.72 13.0 50.92 44.6 19.42 14.87 49.0 27.02 61.85 35.61 64.5 22.8 101.12 105.99 28.16 87.09 67.01 85.44 57.87 28.16 9.49 47.85 60.41 
40.52 35.69 48.1 58.55 18.03 20.22 94.15 26.93 50.8 34.71 42.44 38.83 15.81 49.73 74.73 106.96 71.12 55.47 61.91 104.81 59.54 43.66 57.69 41.3 49.09 53.85 26.83 46.69 82.01 68.73 100.66 111.83 28.32 5.39 12.73 16.55 10.44 34.71 73.82 25.5 46.4 17.69 33.24 11.4 55.44 78.71 105.0 26.93 49.5 19.24 96.88 21.38 74.03 12.65 73.03 66.94 8.0 50.01 51.04 0.0 29.7 60.75 105.48 58.31 74.24 37.66 97.86 27.29 45.35 69.86 37.11 94.25 16.64 48.08 107.17 89.94 82.15 87.73 99.18 13.34 24.84 103.45 59.14 39.12 19.24 36.72 70.03 40.79 100.02 33.54 19.24 82.57 34.37 35.11 51.87 58.59 78.23 41.4 16.28 43.19 107.2 26.0 49.24 96.77 12.73 
36.72 31.3 24.33 47.01 20.22 18.03 67.68 56.22 77.08 19.1 47.13 11.05 26.68 28.16 51.01 83.1 43.68 67.74 74.81 80.31 73.44 71.69 69.87 25.61 74.0 31.78 9.49 17.03 58.01 48.27 74.53 88.09 40.0 24.84 32.31 15.23 21.1 5.39 47.07 32.06 58.42 33.96 31.95 41.04 44.05 51.24 79.76 11.7 71.39 43.86 74.03 17.0 56.3 19.24 56.86 57.49 24.7 41.77 35.51 29.7 0.0 32.31 84.72 39.92 55.08 21.26 71.59 25.71 39.41 59.82 33.54 69.35 13.89 18.38 90.14 76.03 66.31 60.88 79.43 19.7 40.31 78.52 35.06 30.0 18.11 11.4 54.13 34.67 81.25 37.11 30.27 58.08 29.07 35.11 70.11 73.25 63.07 54.15 41.15 51.2 92.7 11.4 28.79 73.03 32.31 
45.61 58.03 17.09 41.59 45.97 49.73 36.12 87.66 109.38 31.06 75.03 29.02 58.82 20.22 24.7 53.6 12.0 97.02 104.0 50.25 103.08 103.77 99.01 29.73 106.28 19.03 40.02 19.03 30.08 28.6 43.1 58.55 71.02 56.44 59.4 44.41 50.8 28.86 16.12 52.15 88.14 66.1 46.1 71.61 40.2 19.24 49.01 41.77 103.32 76.16 46.17 41.73 38.6 51.48 41.34 50.96 54.2 43.05 31.0 60.75 32.31 0.0 58.69 27.89 35.47 29.53 40.11 44.1 44.55 51.87 60.07 39.32 44.1 17.03 68.24 59.67 49.04 29.15 55.07 48.41 72.03 48.09 14.87 37.95 50.0 33.02 39.82 42.45 57.98 52.39 62.1 29.41 56.01 48.47 101.27 103.17 47.43 84.38 73.41 80.01 73.66 35.47 22.2 44.15 64.62 
69.26 114.76 60.41 50.33 87.46 102.49 31.62 130.23 156.16 71.06 131.4 85.87 110.11 57.08 34.48 15.03 47.89 152.45 159.52 18.44 158.15 148.12 154.57 64.2 154.55 53.15 94.05 76.84 28.64 37.0 28.23 15.52 124.49 103.12 97.86 90.05 95.26 83.55 43.42 84.65 143.14 117.04 75.43 113.6 52.81 43.6 22.56 96.18 154.03 124.2 13.45 84.21 32.02 101.02 34.18 47.71 97.51 59.46 54.59 105.48 84.72 58.69 0.0 47.17 31.26 68.07 29.53 79.25 64.51 45.22 116.93 23.43 91.01 74.95 16.12 28.02 27.46 36.07 7.21 92.27 124.15 20.88 49.82 67.27 102.4 89.74 37.0 67.45 9.43 79.06 114.21 29.53 112.59 75.29 154.16 157.92 31.38 138.81 121.2 135.79 26.02 81.0 57.01 17.03 114.0 
