15
0.0 17.2 9.06 29.41 20.22 10.63 23.41 10.05 17.46 17.03 8.06 15.81 13.89 11.7 24.76 
17.2 0.0 12.08 14.32 14.87 6.71 8.25 13.0 12.21 1.41 15.13 10.3 7.28 6.71 8.06 
9.06 12.08 0.0 26.25 21.84 8.06 15.81 13.6 18.68 12.65 13.45 16.49 13.15 5.39 20.12 
29.41 14.32 26.25 0.0 14.56 19.24 16.76 21.26 14.76 13.6 24.08 15.0 15.62 20.88 7.07 
20.22 14.87 21.84 14.56 0.0 13.93 22.47 10.2 3.16 13.45 12.65 5.39 8.94 17.89 15.3 
10.63 6.71 8.06 19.24 13.93 0.0 14.04 7.62 10.77 6.4 9.06 8.54 5.1 4.24 14.14 
23.41 8.25 15.81 16.76 22.47 14.04 0.0 21.1 20.12 9.49 23.0 18.38 15.52 11.7 9.85 
10.05 13.0 13.6 21.26 10.2 7.62 21.1 0.0 7.62 12.04 2.83 6.4 6.32 11.66 18.38 
17.46 12.21 18.68 14.76 3.16 10.77 20.12 7.62 0.0 10.82 10.3 2.24 5.83 14.76 14.0 
17.03 1.41 12.65 13.6 13.45 6.4 9.49 12.04 10.82 0.0 14.32 8.94 6.08 7.28 7.81 
8.06 15.13 13.45 24.08 12.65 9.06 23.0 2.83 10.3 14.32 0.0 9.22 8.94 12.65 21.02 
15.81 10.3 16.49 15.0 5.39 8.54 18.38 6.4 2.24 8.94 9.22 0.0 3.61 12.53 13.15 
13.89 7.28 13.15 15.62 8.94 5.1 15.52 6.32 5.83 6.08 8.94 3.61 0.0 8.94 12.08 
11.7 6.71 5.39 20.88 17.89 4.24 11.7 11.66 14.76 7.28 12.65 12.53 8.94 0.0 14.76 
24.76 8.06 20.12 7.07 15.3 14.14 9.85 18.38 14.0 7.81 21.02 13.15 12.08 14.76 0.0 
