75
0.0 67.42 51.87 58.87 73.17 48.01 40.72 66.13 76.92 32.06 24.08 34.01 116.48 20.52 60.61 104.0 65.74 94.05 80.45 43.29 55.36 60.93 12.04 33.6 38.48 71.45 117.62 39.2 60.75 21.38 86.47 45.28 55.04 54.92 40.22 28.02 123.97 71.22 62.03 78.72 78.16 62.68 118.27 126.48 117.07 121.02 23.09 52.89 46.84 8.06 114.28 103.81 112.61 47.71 61.33 125.4 126.06 111.0 49.65 24.74 63.13 115.52 41.59 78.23 54.04 75.29 10.05 66.61 113.18 46.53 53.6 42.2 56.86 106.3 20.4 
67.42 0.0 15.62 18.0 60.46 27.0 72.03 39.41 36.62 43.57 74.04 41.77 76.54 47.51 7.28 85.8 32.8 79.93 31.38 50.16 41.44 15.03 77.03 37.0 30.48 56.86 66.03 51.0 78.1 54.08 65.76 32.0 41.0 25.96 32.56 39.41 80.81 20.25 57.78 38.28 48.84 23.85 101.04 97.49 97.8 97.64 50.92 70.04 27.86 62.27 74.95 69.32 80.5 29.02 14.04 107.8 105.12 91.21 78.16 62.82 28.84 108.25 26.91 29.97 55.08 46.67 75.29 69.46 61.03 33.06 69.23 32.2 34.54 100.77 82.76 
51.87 15.62 0.0 14.42 58.14 18.03 60.53 38.59 41.0 29.15 60.02 29.07 83.73 32.2 9.43 86.95 33.11 79.63 39.0 40.5 36.12 13.93 61.72 23.09 15.26 54.67 76.66 40.26 69.86 39.81 66.37 22.36 33.24 21.4 20.4 23.85 89.14 27.02 52.63 42.95 50.57 24.35 102.58 102.14 99.76 100.72 36.67 61.1 16.12 46.96 81.88 74.46 85.44 20.25 13.6 109.66 107.79 93.06 67.68 49.25 28.64 107.45 11.66 37.01 48.02 47.85 59.94 63.82 71.7 24.19 60.54 19.1 30.48 99.25 67.78 
58.87 18.0 14.42 0.0 72.14 32.45 73.76 52.01 52.39 29.83 71.06 42.2 93.86 41.44 17.46 100.12 46.04 93.24 48.51 54.63 50.45 3.16 69.92 35.51 20.62 68.62 84.02 54.08 84.1 51.0 79.63 36.72 23.0 35.36 34.18 32.39 98.48 36.69 67.01 54.23 63.29 36.89 115.66 113.85 112.68 113.18 48.01 75.24 12.81 55.54 92.18 85.8 96.93 34.67 4.12 122.64 120.44 106.0 81.32 61.07 41.62 121.26 18.11 46.84 62.43 60.75 68.01 78.24 79.03 38.59 74.73 17.8 44.55 113.22 76.9 
73.17 60.46 58.14 72.14 0.0 41.05 42.19 21.1 29.27 75.96 58.87 42.95 47.43 58.69 56.08 31.58 27.78 22.47 38.33 30.0 22.83 70.72 73.98 48.38 64.41 3.61 57.69 34.01 30.53 52.01 13.6 38.47 90.14 36.8 43.86 59.77 55.8 42.54 11.4 29.07 17.12 36.62 46.84 53.34 44.91 48.09 51.04 29.07 72.11 65.12 45.22 33.84 40.5 39.12 70.04 54.12 53.76 38.47 40.31 50.22 31.62 49.41 62.77 37.66 19.24 17.03 73.55 15.65 55.07 36.24 27.66 72.56 27.66 41.11 73.39 
48.01 27.0 18.03 32.45 41.05 0.0 45.04 23.54 30.59 37.22 48.75 16.12 73.11 27.78 20.1 71.18 20.02 63.13 32.65 23.35 18.44 31.76 55.17 14.42 24.04 37.74 70.58 24.0 52.2 30.0 50.7 5.0 49.09 7.28 7.81 23.54 79.63 23.35 34.71 32.56 36.5 14.76 86.82 88.65 84.31 86.02 27.02 43.68 31.06 41.11 71.06 62.13 72.56 2.24 31.3 94.02 92.7 77.62 51.24 37.16 16.28 90.44 21.93 30.41 30.02 33.54 53.74 45.8 65.92 6.32 43.01 31.78 13.93 82.01 59.41 
40.72 72.03 60.53 73.76 42.19 45.04 0.0 47.17 60.21 60.22 19.03 31.58 89.59 38.01 65.0 68.88 50.99 58.69 67.54 22.8 36.67 74.15 36.35 38.33 56.08 42.2 97.59 21.1 20.4 26.4 55.47 40.05 81.88 47.85 40.2 45.18 97.91 63.89 31.4 61.29 54.45 54.12 81.5 93.3 81.05 86.12 28.3 14.32 66.48 34.13 87.37 76.01 82.29 43.1 73.98 88.28 89.94 75.71 9.22 17.03 51.26 76.32 56.92 65.74 25.5 52.4 36.67 30.08 94.18 39.2 15.52 63.98 42.72 67.19 33.14 
66.13 39.41 38.59 52.01 21.1 23.54 47.17 0.0 13.04 60.67 58.8 32.28 50.8 47.85 35.36 48.37 6.71 41.23 20.88 26.17 11.4 50.33 70.33 35.13 47.54 17.49 52.43 29.83 44.28 45.19 27.78 23.0 71.55 17.46 29.0 46.0 57.97 21.84 21.0 14.21 13.04 15.62 64.01 65.12 61.27 62.63 43.08 38.6 53.71 58.31 48.66 39.01 49.16 22.2 49.58 71.12 69.46 54.56 49.4 47.8 10.63 69.35 45.22 19.42 22.47 10.05 69.35 32.25 48.41 21.02 37.36 55.03 10.0 61.55 72.2 
76.92 36.62 41.0 52.39 29.27 30.59 60.21 13.04 0.0 67.03 71.42 42.94 43.05 57.58 34.93 49.5 11.18 44.65 9.06 38.95 24.08 50.09 82.1 44.27 53.01 26.08 40.71 42.43 56.29 56.6 30.23 31.95 74.04 23.35 37.64 54.13 49.16 16.4 32.76 2.0 13.42 17.03 64.54 61.47 61.22 61.06 54.2 51.26 57.07 69.35 41.11 33.53 44.6 30.08 49.19 71.22 68.51 54.67 62.24 60.21 14.32 72.8 50.09 8.54 35.34 12.37 80.99 43.1 36.36 30.46 49.98 59.41 20.25 66.04 84.5 
32.06 43.57 29.15 29.83 75.96 37.22 60.22 60.67 67.03 0.0 50.6 34.13 110.0 22.2 38.48 107.21 57.08 98.43 66.91 49.09 53.45 32.56 44.01 27.73 14.32 73.05 105.12 46.4 76.38 33.84 87.09 38.08 23.35 44.05 32.28 16.64 116.16 55.32 67.08 69.03 73.68 50.09 122.7 125.77 120.5 122.72 32.02 67.21 17.03 31.58 108.0 99.32 109.77 38.47 33.24 129.97 129.12 113.89 69.2 43.91 53.01 124.33 17.72 64.78 60.03 70.71 42.01 76.01 100.22 40.26 67.27 12.04 50.8 115.41 52.04 
24.08 74.04 60.02 71.06 58.87 48.75 19.03 58.8 71.42 50.6 0.0 32.7 105.55 30.15 66.76 87.3 60.88 77.1 77.34 32.65 47.42 72.25 17.46 37.11 51.04 58.18 111.04 29.0 39.32 20.22 72.45 44.29 73.76 53.85 41.79 39.05 113.65 71.02 47.54 72.86 68.51 61.29 100.32 111.32 99.72 104.56 23.35 33.06 61.2 19.72 103.31 92.14 99.37 47.41 72.34 107.17 108.66 94.2 26.93 11.66 59.82 95.34 53.01 75.29 40.25 66.03 18.03 48.51 107.17 44.42 34.13 57.56 51.74 86.21 14.56 
34.01 41.77 29.07 42.2 42.95 16.12 31.58 32.28 42.94 34.13 32.7 0.0 82.98 16.0 34.53 74.53 31.76 65.25 47.01 15.0 22.09 42.58 39.7 7.21 25.81 40.45 83.65 12.81 43.6 14.14 55.23 12.04 52.63 21.93 9.22 17.49 90.25 39.05 33.24 44.72 44.72 29.7 89.74 95.05 87.86 90.8 11.4 34.41 35.85 26.42 80.81 70.71 80.16 15.0 42.43 97.02 96.69 81.39 39.22 21.19 29.41 90.38 25.94 44.82 25.94 41.77 38.42 41.88 79.26 12.81 34.21 34.21 22.85 81.39 43.42 
116.48 76.54 83.73 93.86 47.43 73.11 89.59 50.8 43.05 110.0 105.55 82.98 0.0 98.66 76.69 33.96 53.08 39.36 45.35 74.09 61.13 91.21 119.4 85.84 96.05 47.51 22.14 78.19 76.38 95.21 34.71 73.55 116.3 66.03 79.51 96.42 8.49 57.27 58.31 41.05 38.33 60.07 40.45 25.24 36.35 31.32 93.41 76.4 99.85 108.52 2.24 13.6 13.04 72.25 90.25 43.97 38.63 33.02 87.46 95.85 57.01 56.01 93.13 47.07 65.3 41.23 118.68 61.62 24.19 71.7 75.0 102.4 60.67 54.59 119.87 
20.52 47.51 32.2 41.44 58.69 27.78 38.01 47.85 57.58 22.2 30.15 16.0 98.66 0.0 40.5 90.26 46.49 80.81 60.42 29.41 38.05 42.95 29.53 13.42 21.02 56.32 98.09 26.0 54.67 11.66 71.18 25.63 44.38 34.89 20.12 9.06 105.76 50.8 48.51 59.46 60.53 42.54 105.32 111.04 103.58 106.68 9.9 45.61 31.06 14.76 96.51 86.58 96.13 27.73 43.17 112.59 112.45 97.16 47.01 21.93 43.46 105.11 23.35 58.18 40.8 57.56 27.78 55.95 93.52 27.2 45.8 27.46 38.08 96.01 35.74 
60.61 7.28 9.43 17.46 56.08 20.1 65.0 35.36 34.93 38.48 66.76 34.53 76.69 40.5 0.0 83.01 29.07 76.49 31.4 43.42 35.78 15.26 69.97 29.73 24.7 52.5 68.18 44.05 71.84 46.82 62.63 25.08 39.62 20.12 25.32 32.65 81.61 19.42 52.35 36.77 46.04 19.85 98.47 96.38 95.41 95.77 43.66 63.56 24.19 55.23 74.95 68.35 79.48 22.2 14.42 105.39 103.08 88.75 71.34 55.54 24.76 104.69 21.1 29.61 49.04 43.6 68.26 63.95 63.2 26.31 62.82 27.89 29.15 96.9 75.58 
104.0 85.8 86.95 100.12 31.58 71.18 68.88 48.37 49.5 107.21 87.3 74.53 33.96 90.26 83.01 0.0 54.08 10.2 56.85 61.29 53.76 98.23 103.59 79.81 95.08 34.21 54.01 65.19 51.08 83.15 20.59 69.29 119.88 65.76 74.95 91.21 41.44 65.8 42.11 48.1 37.01 63.25 15.65 25.06 13.34 17.26 82.39 54.57 101.97 96.02 32.56 25.18 21.19 69.46 97.42 22.85 22.2 7.0 63.91 80.16 58.52 24.7 93.11 57.38 50.09 39.41 103.39 38.83 54.15 67.07 53.37 102.96 57.27 21.0 101.79 
65.74 32.8 33.11 46.04 27.78 20.02 50.99 6.71 11.18 57.08 60.88 31.76 53.08 46.49 29.07 54.08 0.0 47.42 16.64 28.84 14.32 44.2 71.03 33.24 43.42 24.19 51.88 32.02 50.04 45.49 33.6 20.88 66.31 13.04 26.68 43.42 59.68 15.3 27.17 13.0 17.46 9.22 69.64 69.38 66.73 67.62 43.05 43.74 48.7 58.18 51.04 42.3 52.95 19.24 43.42 76.66 74.69 60.03 54.12 49.5 4.47 75.66 40.79 14.76 27.46 14.76 69.89 38.64 47.51 19.31 42.58 50.45 9.22 68.01 73.66 
94.05 79.93 79.63 93.24 22.47 63.13 58.69 41.23 44.65 98.43 77.1 65.25 39.36 80.81 76.49 10.2 47.42 0.0 52.84 51.62 45.19 91.55 93.43 70.84 86.76 25.5 57.07 55.44 41.15 73.33 14.42 60.84 112.16 58.25 66.31 82.22 47.51 60.44 32.39 43.57 31.4 56.64 24.52 34.93 23.02 27.46 72.69 44.38 94.15 86.09 37.58 27.89 27.8 61.29 90.79 31.78 32.02 17.12 53.85 70.06 51.74 28.32 85.0 53.0 40.31 33.3 93.26 28.64 56.32 58.6 43.17 94.83 49.4 21.47 91.59 
80.45 31.38 39.0 48.51 38.33 32.65 67.54 20.88 9.06 66.91 77.34 47.01 45.35 60.42 31.4 56.85 16.64 52.84 0.0 45.49 30.89 45.88 86.68 47.01 52.61 35.13 38.33 48.6 64.94 61.07 38.47 35.23 71.02 25.55 40.31 55.71 50.25 12.04 41.44 9.49 22.14 17.89 71.42 66.24 67.9 67.01 58.41 59.48 55.04 73.24 43.68 38.08 49.24 32.76 44.92 77.83 74.65 61.52 70.23 65.86 17.69 80.71 49.37 2.24 43.32 21.38 85.43 52.04 33.53 34.21 58.24 58.03 25.61 74.3 89.81 
43.29 50.16 40.5 54.63 30.0 23.35 22.8 26.17 38.95 49.09 32.65 15.0 74.09 29.41 43.42 61.29 28.84 51.62 45.49 0.0 14.87 54.42 45.31 21.93 40.36 28.16 78.41 4.12 29.53 22.02 43.19 18.44 67.27 25.18 20.59 32.45 81.94 41.11 19.24 40.31 36.24 31.32 76.12 83.22 74.55 78.06 21.1 20.62 50.0 35.23 71.87 61.03 69.43 21.21 54.08 83.36 83.49 68.26 28.02 21.95 28.64 75.77 40.0 43.57 11.4 33.62 44.6 26.93 74.52 17.12 20.12 48.84 20.12 66.71 46.32 
55.36 41.44 36.12 50.45 22.83 18.44 36.67 11.4 24.08 53.45 47.42 22.09 61.13 38.05 35.78 53.76 14.32 45.19 30.89 14.87 0.0 49.41 59.06 26.31 41.59 19.7 63.82 18.44 37.22 34.18 33.73 15.65 67.42 15.65 21.19 37.66 68.62 28.16 16.64 25.46 22.8 19.03 69.29 73.17 67.05 69.43 32.28 30.07 49.41 47.43 58.94 48.66 58.08 16.4 48.83 76.55 75.69 60.44 40.02 36.4 15.13 72.11 39.96 29.07 14.04 19.92 58.14 28.18 59.82 13.42 29.02 49.74 7.07 63.6 60.8 
60.93 15.03 13.93 3.16 70.72 31.76 74.15 50.33 50.09 32.56 72.25 42.58 91.21 42.95 15.26 98.23 44.2 91.55 45.88 54.42 49.41 0.0 71.78 36.12 22.47 67.18 81.06 54.12 83.77 52.09 77.8 36.25 26.02 34.06 34.21 33.96 95.71 34.18 66.03 51.89 61.29 35.0 113.72 111.49 110.68 111.02 49.04 75.03 15.56 57.28 89.56 83.38 94.54 34.0 1.0 120.65 118.34 104.01 81.49 62.0 39.82 119.67 19.65 44.27 61.77 58.82 69.89 77.39 76.06 38.01 74.46 20.52 43.28 111.73 78.59 
12.04 77.03 61.72 69.92 73.98 55.17 36.35 70.33 82.1 44.01 17.46 39.7 119.4 29.53 69.97 103.59 71.03 93.43 86.68 45.31 59.06 71.78 0.0 41.23 49.34 72.8 122.64 41.23 56.72 25.61 87.56 51.66 67.07 61.55 47.42 38.08 127.24 78.49 62.59 83.76 81.44 69.35 117.07 127.1 116.28 120.81 28.32 50.04 58.25 14.76 117.18 106.28 114.28 54.45 72.11 124.02 125.26 110.55 44.38 23.77 69.03 112.64 52.2 84.5 54.82 78.72 2.0 65.07 118.43 52.5 51.01 53.76 61.85 103.48 8.54 
33.6 37.0 23.09 35.51 48.38 14.42 38.33 35.13 44.27 27.73 37.11 7.21 85.84 13.42 29.73 79.81 33.24 70.84 47.01 21.93 26.31 36.12 41.23 0.0 18.6 45.61 84.69 20.0 50.8 17.09 60.02 12.37 45.45 21.47 6.71 11.4 92.76 37.64 39.36 46.17 48.04 29.15 95.21 99.41 93.15 95.71 13.93 41.62 28.65 26.87 83.73 74.11 84.01 14.32 36.06 102.49 101.87 86.59 46.24 26.17 30.08 96.6 18.79 44.78 32.45 45.04 39.7 48.6 80.11 14.14 41.4 27.02 25.18 87.71 46.14 
38.48 30.48 15.26 20.62 64.41 24.04 56.08 47.54 53.01 14.32 51.04 25.81 96.05 21.02 24.7 95.08 43.42 86.76 52.61 40.36 41.59 22.47 49.34 18.6 0.0 61.27 90.8 38.6 69.4 31.4 74.67 25.94 26.91 30.41 20.81 12.0 102.04 41.0 56.61 55.01 60.42 36.0 110.69 112.59 108.27 110.06 28.64 60.22 10.44 34.93 94.09 85.71 96.34 25.63 22.85 117.92 116.71 101.59 64.4 41.77 39.2 113.53 3.61 50.49 50.33 57.49 47.43 66.6 85.91 28.18 60.0 8.49 37.95 104.85 56.29 
71.45 56.86 54.67 68.62 3.61 37.74 42.2 17.49 26.08 73.05 58.18 40.45 47.51 56.32 52.5 34.21 24.19 25.5 35.13 28.16 19.7 67.18 72.8 45.61 61.27 0.0 56.4 32.25 32.2 50.16 15.03 35.34 86.82 33.3 40.85 57.01 55.76 39.0 10.82 26.0 14.56 33.02 49.65 55.08 47.54 50.36 49.01 29.73 68.8 63.39 45.28 34.0 41.48 35.85 66.48 56.92 56.29 41.0 41.11 49.04 28.02 52.8 59.54 34.37 18.03 14.04 72.28 17.72 53.54 33.11 28.32 69.35 24.21 44.6 72.62 
117.62 66.03 76.66 84.02 57.69 70.58 97.59 52.43 40.71 105.12 111.04 83.65 22.14 98.09 68.18 54.01 51.88 57.07 38.33 78.41 63.82 81.06 122.64 84.69 90.8 56.4 0.0 82.2 88.2 97.25 47.93 72.5 107.02 63.32 78.0 93.92 19.85 49.82 66.71 38.95 43.14 55.97 62.37 46.96 58.25 53.45 94.89 86.05 92.35 110.06 22.56 29.27 34.53 70.38 80.06 66.1 60.75 54.33 97.45 100.21 54.63 77.41 87.48 40.52 72.12 45.28 121.59 73.25 5.0 71.11 84.65 95.75 60.9 75.01 124.62 
39.2 51.0 40.26 54.08 34.01 24.0 21.1 29.83 42.43 46.4 29.0 12.81 78.19 26.0 44.05 65.19 32.02 55.44 48.6 4.12 18.44 54.12 41.23 20.0 38.6 32.25 82.2 0.0 30.81 18.0 47.27 19.0 65.44 26.93 19.92 29.83 86.01 43.46 23.09 43.86 40.25 33.62 79.91 87.28 78.41 82.02 17.26 21.63 48.55 31.14 75.96 65.15 73.55 22.02 53.85 87.13 87.37 72.17 27.46 18.03 31.38 79.12 38.59 46.62 15.13 37.59 40.5 29.97 78.24 18.11 21.4 47.01 23.02 70.01 42.44 
60.75 78.1 69.86 84.1 30.53 52.2 20.4 44.28 56.29 76.38 39.32 43.6 76.38 54.67 71.84 51.08 50.04 41.15 64.94 29.53 37.22 83.77 56.72 50.8 69.4 32.2 88.2 30.81 0.0 43.83 41.73 47.54 96.21 52.17 50.12 60.14 84.86 65.01 23.54 56.75 46.62 56.22 62.37 76.06 62.36 68.01 44.82 9.22 79.32 53.71 74.25 62.94 67.2 49.98 83.38 68.88 71.06 57.58 13.15 36.25 52.04 56.08 69.34 63.64 23.19 45.54 57.07 15.0 85.59 45.88 9.43 77.8 44.28 47.01 53.01 
21.38 54.08 39.81 51.0 52.01 30.0 26.4 45.19 56.6 33.84 20.22 14.14 95.21 11.66 46.82 83.15 45.49 73.33 61.07 22.02 34.18 52.09 25.61 17.09 31.4 50.16 97.25 18.0 43.83 0.0 65.19 26.17 55.95 36.07 22.47 19.65 102.79 53.15 41.05 58.31 56.92 43.84 97.74 105.23 96.33 100.02 3.16 34.99 41.77 13.34 93.01 82.46 91.24 29.07 52.15 104.94 105.3 90.14 35.47 10.44 43.42 96.17 33.06 58.9 33.06 54.08 24.41 46.84 92.96 26.91 35.36 38.6 36.36 86.98 29.41 
86.47 65.76 66.37 79.63 13.6 50.7 55.47 27.78 30.23 87.09 72.45 55.23 34.71 71.18 62.63 20.59 33.6 14.42 38.47 43.19 33.73 77.8 87.56 60.02 74.67 15.03 47.93 47.27 41.73 65.19 0.0 49.04 99.3 45.18 54.82 71.39 43.19 46.1 25.0 29.15 17.03 42.8 36.24 40.05 33.62 35.69 64.03 41.88 81.39 78.41 32.56 21.21 26.93 49.04 77.01 43.38 42.06 26.93 52.8 63.79 38.01 42.64 72.62 38.59 32.76 19.1 87.1 26.91 46.17 46.84 40.5 82.46 36.77 35.85 86.98 
45.28 32.0 22.36 36.72 38.47 5.0 40.05 23.0 31.95 38.08 44.29 12.04 73.55 25.63 25.08 69.29 20.88 60.84 35.23 18.44 15.65 36.25 51.66 12.37 25.94 35.34 72.5 19.0 47.54 26.17 49.04 0.0 52.01 9.9 6.0 23.0 80.41 27.02 31.14 33.84 36.01 17.69 84.86 87.82 82.54 84.65 23.35 38.9 34.06 38.01 71.45 62.01 72.11 3.16 35.85 92.11 91.09 75.89 46.27 32.65 17.89 87.66 24.41 33.02 25.81 33.02 50.33 41.87 67.98 2.24 38.28 34.13 13.0 79.06 55.44 
55.04 41.0 33.24 23.0 90.14 49.09 81.88 71.55 74.04 23.35 73.76 52.63 116.3 44.38 39.62 119.88 66.31 112.16 71.02 67.27 67.42 26.02 67.07 45.45 26.91 86.82 107.02 65.44 96.21 55.95 99.3 52.01 0.0 54.12 47.42 36.72 121.2 59.03 83.1 75.96 83.77 57.58 135.53 135.35 132.82 133.93 53.67 87.01 18.03 54.92 114.54 107.56 118.6 51.04 27.02 142.67 140.94 126.12 90.55 66.31 61.85 139.52 27.66 69.23 77.1 81.02 65.07 93.38 102.02 54.2 86.83 18.44 62.77 131.02 75.24 
54.92 25.96 21.4 35.36 36.8 7.28 47.85 17.46 23.35 44.05 53.85 21.93 66.03 34.89 20.12 65.76 13.04 58.25 25.55 25.18 15.65 34.06 61.55 21.47 30.41 33.3 63.32 26.93 52.17 36.07 45.18 9.9 54.12 0.0 14.76 30.81 72.44 17.2 32.25 25.32 30.08 7.81 81.41 82.23 78.72 80.06 33.24 44.28 36.25 47.8 64.01 55.33 65.92 7.21 33.42 88.55 86.93 72.01 53.04 42.19 9.06 86.05 27.89 23.32 29.12 27.2 60.21 43.83 58.69 9.43 43.42 37.64 9.22 77.9 65.3 
40.22 32.56 20.4 34.18 43.86 7.81 40.2 29.0 37.64 32.28 41.79 9.22 79.51 20.12 25.32 74.95 26.68 66.31 40.31 20.59 21.19 34.21 47.42 6.71 20.81 40.85 78.0 19.92 50.12 22.47 54.82 6.0 47.42 14.76 0.0 17.0 86.31 31.14 35.81 39.56 42.01 22.47 90.48 93.77 88.23 90.47 19.42 41.15 29.73 33.3 77.41 68.01 78.1 7.62 33.96 97.74 96.84 81.61 47.3 30.36 23.41 92.78 19.8 38.08 29.7 39.01 45.97 45.97 73.41 8.06 40.71 29.21 19.0 84.06 51.87 
28.02 39.41 23.85 32.39 59.77 23.54 45.18 46.0 54.13 16.64 39.05 17.49 96.42 9.06 32.65 91.21 43.42 82.22 55.71 32.45 37.66 33.96 38.08 11.4 12.0 57.01 93.92 29.83 60.14 19.65 71.39 23.0 36.72 30.81 17.0 0.0 103.1 45.18 50.57 56.09 59.01 37.95 106.61 110.65 104.55 107.08 17.09 50.93 22.2 23.41 94.34 85.01 95.08 24.19 34.21 113.89 113.27 97.98 53.85 30.08 39.81 107.79 14.32 53.49 43.42 56.01 36.25 59.36 89.2 25.02 50.91 18.97 36.0 98.84 44.64 
123.97 80.81 89.14 98.48 55.8 79.63 97.91 57.97 49.16 116.16 113.65 90.25 8.49 105.76 81.61 41.44 59.68 47.51 50.25 81.94 68.62 95.71 127.24 92.76 102.04 55.76 19.85 86.01 84.86 102.79 43.19 80.41 121.2 72.44 86.31 103.1 0.0 62.29 66.57 47.17 45.88 66.07 46.0 28.16 42.01 36.12 100.88 84.81 105.23 116.06 10.63 22.02 20.25 78.92 94.73 48.51 42.76 39.62 95.9 103.79 63.39 62.2 99.01 52.15 73.43 48.7 126.46 70.09 23.43 78.64 83.41 108.04 67.68 61.61 127.91 
71.22 20.25 27.02 36.69 42.54 23.35 63.89 21.84 16.4 55.32 71.02 39.05 57.27 50.8 19.42 65.8 15.3 60.44 12.04 41.11 28.16 34.18 78.49 37.64 41.0 39.0 49.82 43.46 65.01 53.15 46.1 27.02 59.03 17.2 31.14 45.18 62.29 0.0 42.43 18.03 29.07 9.85 80.92 77.39 77.62 77.39 50.25 58.22 43.01 64.44 55.54 49.24 60.42 24.08 33.24 87.62 84.88 71.06 68.07 59.36 13.04 88.73 37.66 10.2 42.05 27.2 77.08 53.94 44.91 26.63 57.14 46.1 21.38 81.61 82.46 
62.03 57.78 52.63 67.01 11.4 34.71 31.4 21.0 32.76 67.08 47.54 33.24 58.31 48.51 52.35 42.11 27.17 32.39 41.44 19.24 16.64 66.03 62.59 39.36 56.61 10.82 66.71 23.09 23.54 41.05 25.0 31.14 83.1 32.25 35.81 50.57 66.57 42.43 0.0 33.24 23.85 34.48 56.89 64.63 55.33 59.0 40.31 19.42 65.19 54.01 56.08 44.78 51.87 32.56 65.46 64.13 64.28 49.09 30.81 38.83 29.83 57.25 55.44 40.2 8.0 22.36 62.17 11.7 63.6 29.0 18.03 65.0 23.26 48.37 62.03 
78.72 38.28 42.95 54.23 29.07 32.56 61.29 14.21 2.0 69.03 72.86 44.72 41.05 59.46 36.77 48.1 13.0 43.57 9.49 40.31 25.46 51.89 83.76 46.17 55.01 26.0 38.95 43.86 56.75 58.31 29.15 33.84 75.96 25.32 39.56 56.09 47.17 18.03 33.24 0.0 12.65 19.03 63.03 59.62 59.67 59.36 55.95 52.0 59.03 71.12 39.12 31.62 42.72 32.02 50.99 69.66 66.85 53.15 63.07 61.72 16.28 71.61 52.09 9.43 36.24 12.04 82.68 43.29 34.67 32.31 50.7 61.4 21.95 65.0 86.05 
78.16 48.84 50.57 63.29 17.12 36.5 54.45 13.04 13.42 73.68 68.51 44.72 38.33 60.53 46.04 37.01 17.46 31.4 22.14 36.24 22.8 61.29 81.44 48.04 60.42 14.56 43.14 40.25 46.62 56.92 17.03 36.01 83.77 30.08 42.01 59.01 45.88 29.07 23.85 12.65 0.0 26.42 52.43 52.17 49.4 50.16 55.08 43.27 66.13 70.21 36.14 26.08 36.12 35.23 60.46 59.36 57.25 42.72 54.64 58.18 21.93 59.67 57.97 21.93 29.0 3.0 80.62 32.28 39.82 34.0 41.88 67.72 23.02 52.7 82.49 
62.68 23.85 24.35 36.89 36.62 14.76 54.12 15.62 17.03 50.09 61.29 29.7 60.07 42.54 19.85 63.25 9.22 56.64 17.89 31.32 19.03 35.0 69.35 29.15 36.0 33.02 55.97 33.62 56.22 43.84 42.8 17.69 57.58 7.81 22.47 37.95 66.07 9.85 34.48 19.03 26.42 0.0 78.77 77.79 75.8 76.49 41.04 49.01 40.26 55.61 58.14 50.22 61.13 15.0 34.21 85.76 83.65 69.12 58.55 49.65 5.0 84.86 33.06 15.65 33.06 23.85 68.01 46.17 51.26 17.03 48.0 42.43 12.0 77.16 73.0 
118.27 101.04 102.58 115.66 46.84 86.82 81.5 64.01 64.54 122.7 100.32 89.74 40.45 105.32 98.47 15.65 69.64 24.52 71.42 76.12 69.29 113.72 117.07 95.21 110.69 49.65 62.37 79.91 62.37 97.74 36.24 84.86 135.53 81.41 90.48 106.61 46.0 80.92 56.89 63.03 52.43 78.77 0.0 20.62 4.12 10.44 97.16 67.27 117.62 110.37 39.81 36.24 27.89 85.09 112.89 7.28 8.94 9.9 75.5 94.02 74.09 16.76 108.75 72.14 64.78 54.92 117.02 52.01 63.6 82.64 66.19 118.6 72.92 19.8 114.63 
126.48 97.49 102.14 113.85 53.34 88.65 93.3 65.12 61.47 125.77 111.32 95.05 25.24 111.04 96.38 25.06 69.38 34.93 66.24 83.22 73.17 111.49 127.1 99.41 112.59 55.08 46.96 87.28 76.06 105.23 40.05 87.82 135.35 82.23 93.77 110.65 28.16 77.39 64.63 59.62 52.17 77.79 20.62 0.0 17.49 10.3 104.08 79.06 118.0 118.42 25.61 28.18 17.0 87.3 110.57 21.02 15.0 19.21 88.77 103.41 73.76 37.34 110.11 67.54 72.56 55.11 126.75 63.25 49.4 85.71 77.79 119.82 74.97 39.66 125.88 
117.07 97.8 99.76 112.68 44.91 84.31 81.05 61.27 61.22 120.5 99.72 87.86 36.35 103.58 95.41 13.34 66.73 23.02 67.9 74.55 67.05 110.68 116.28 93.15 108.27 47.54 58.25 78.41 62.36 96.33 33.62 82.54 132.82 78.72 88.23 104.55 42.01 77.62 55.33 59.67 49.4 75.8 4.12 17.49 0.0 7.21 95.63 66.75 114.97 109.11 35.69 32.25 23.77 82.64 109.84 10.0 9.0 6.71 75.43 93.02 71.2 20.4 106.23 68.68 63.29 51.97 116.16 51.24 59.48 80.32 65.62 116.08 70.38 22.2 114.13 
121.02 97.64 100.72 113.18 48.09 86.02 86.12 62.63 61.06 122.72 104.56 90.8 31.32 106.68 95.77 17.26 67.62 27.46 67.01 78.06 69.43 111.02 120.81 95.71 110.06 50.36 53.45 82.02 68.01 100.02 35.69 84.65 133.93 80.06 90.47 107.08 36.12 77.39 59.0 59.36 50.16 76.49 10.44 10.3 7.21 0.0 99.13 71.81 116.25 113.0 31.02 29.73 19.72 84.48 110.15 12.65 7.81 10.44 80.96 97.33 72.09 27.2 107.84 68.01 67.0 52.92 120.6 56.09 55.15 82.46 70.61 117.65 72.12 29.41 119.05 
23.09 50.92 36.67 48.01 51.04 27.02 28.3 43.08 54.2 32.02 23.35 11.4 93.41 9.9 43.66 82.39 43.05 72.69 58.41 21.1 32.28 49.04 28.32 13.93 28.64 49.01 94.89 17.26 44.82 3.16 64.03 23.35 53.67 33.24 19.42 17.09 100.88 50.25 40.31 55.95 55.08 41.04 97.16 104.08 95.63 99.13 0.0 35.81 39.05 15.23 91.21 80.81 89.81 26.17 49.09 104.39 104.58 89.36 37.2 13.15 40.8 96.14 30.15 56.22 32.39 52.2 27.02 46.82 90.55 24.21 36.06 36.06 34.0 86.98 32.45 
52.89 70.04 61.1 75.24 29.07 43.68 14.32 38.6 51.26 67.21 33.06 34.41 76.4 45.61 63.56 54.57 43.74 44.38 59.48 20.62 30.07 75.03 50.04 41.62 60.22 29.73 86.05 21.63 9.22 34.99 41.88 38.9 87.01 44.28 41.15 50.93 84.81 58.22 19.42 52.0 43.27 49.01 67.27 79.06 66.75 71.81 35.81 0.0 70.18 45.54 74.2 62.8 68.48 41.48 74.67 74.11 75.66 61.39 11.4 28.16 45.18 62.8 60.21 57.97 16.28 41.68 50.16 15.81 83.01 37.36 1.41 68.6 37.01 53.6 47.38 
46.84 27.86 16.12 12.81 72.11 31.06 66.48 53.71 57.07 17.03 61.2 35.85 99.85 31.06 24.19 101.97 48.7 94.15 55.04 50.0 49.41 15.56 58.25 28.65 10.44 68.8 92.35 48.55 79.32 41.77 81.39 34.06 18.03 36.25 29.73 22.2 105.23 43.01 65.19 59.03 66.13 40.26 117.62 118.0 114.97 116.25 39.05 70.18 0.0 44.28 98.01 90.47 101.39 33.02 16.28 124.78 123.17 108.26 74.73 52.17 44.27 121.49 10.0 53.08 59.41 63.32 56.29 75.66 87.37 36.24 69.89 5.0 44.78 113.0 65.62 
8.06 62.27 46.96 55.54 65.12 41.11 34.13 58.31 69.35 31.58 19.72 26.42 108.52 14.76 55.23 96.02 58.18 86.09 73.24 35.23 47.43 57.28 14.76 26.87 34.93 63.39 110.06 31.14 53.71 13.34 78.41 38.01 54.92 47.8 33.3 23.41 116.06 64.44 54.01 71.12 70.21 55.61 110.37 118.42 109.11 113.0 15.23 45.54 44.28 0.0 106.32 95.8 104.56 40.61 57.57 117.52 118.11 103.02 43.27 17.46 55.76 107.94 37.64 71.03 46.01 67.36 13.04 58.86 105.68 39.12 46.17 40.05 49.19 98.72 21.38 
114.28 74.95 81.88 92.18 45.22 71.06 87.37 48.66 41.11 108.0 103.31 80.81 2.24 96.51 74.95 32.56 51.04 37.58 43.68 71.87 58.94 89.56 117.18 83.73 94.09 45.28 22.56 75.96 74.25 93.01 32.56 71.45 114.54 64.01 77.41 94.34 10.63 55.54 56.08 39.12 36.14 58.14 39.81 25.61 35.69 31.02 91.21 74.2 98.01 106.32 0.0 11.4 12.04 70.18 88.6 43.66 38.48 32.02 85.28 93.62 55.0 55.08 91.2 45.35 63.06 39.05 116.46 59.46 24.17 69.58 72.8 100.5 58.55 53.34 117.63 
103.81 69.32 74.46 85.8 33.84 62.13 76.01 39.01 33.53 99.32 92.14 70.71 13.6 86.58 68.35 25.18 42.3 27.89 38.08 61.03 48.66 83.38 106.28 74.11 85.71 34.0 29.27 65.15 62.94 82.46 21.21 62.01 107.56 55.33 68.01 85.01 22.02 49.24 44.78 31.62 26.08 50.22 36.24 28.18 32.25 29.73 80.81 62.8 90.47 95.8 11.4 0.0 11.18 61.03 82.46 41.62 37.54 26.93 73.88 82.64 46.53 49.48 83.02 39.36 51.89 29.07 105.62 48.1 29.02 60.03 61.4 92.57 49.01 46.1 106.51 
112.61 80.5 85.44 96.93 40.5 72.56 82.29 49.16 44.6 109.77 99.37 80.16 13.04 96.13 79.48 21.19 52.95 27.8 49.24 69.43 58.08 94.54 114.28 84.01 96.34 41.48 34.53 73.55 67.2 91.24 26.93 72.11 118.6 65.92 78.1 95.08 20.25 60.42 51.87 42.72 36.12 61.13 27.89 17.0 23.77 19.72 89.81 68.48 101.39 104.56 12.04 11.18 0.0 71.34 93.62 32.2 27.46 20.0 79.08 90.52 57.27 43.05 93.74 50.54 59.48 39.12 113.76 53.0 35.74 70.06 67.12 103.37 59.14 41.59 113.89 
47.71 29.02 20.25 34.67 39.12 2.24 43.1 22.2 30.08 38.47 47.41 15.0 72.25 27.73 22.2 69.46 19.24 61.29 32.76 21.21 16.4 34.0 54.45 14.32 25.63 35.85 70.38 22.02 49.98 29.07 49.04 3.16 51.04 7.21 7.62 24.19 78.92 24.08 32.56 32.02 35.23 15.0 85.09 87.3 82.64 84.48 26.17 41.48 33.02 40.61 70.18 61.03 71.34 0.0 33.54 92.31 91.08 75.96 49.16 35.78 15.81 88.48 23.71 30.53 27.78 32.25 53.08 43.6 65.8 4.12 40.8 33.54 12.37 80.0 58.41 
61.33 14.04 13.6 4.12 70.04 31.3 73.98 49.58 49.19 33.24 72.34 42.43 90.25 43.17 14.42 97.42 43.42 90.79 44.92 54.08 48.83 1.0 72.11 36.06 22.85 66.48 80.06 53.85 83.38 52.15 77.01 35.85 27.02 33.42 33.96 34.21 94.73 33.24 65.46 50.99 60.46 34.21 112.89 110.57 109.84 110.15 49.09 74.67 16.28 57.57 88.6 82.46 93.62 33.54 0.0 119.82 117.48 103.17 81.25 62.01 39.05 118.93 19.92 43.32 61.29 58.01 70.23 76.85 75.06 37.58 74.09 21.21 42.64 111.02 78.85 
125.4 107.8 109.66 122.64 54.12 94.02 88.28 71.12 71.22 129.97 107.17 97.02 43.97 112.59 105.39 22.85 76.66 31.78 77.83 83.36 76.55 120.65 124.02 102.49 117.92 56.92 66.1 87.13 68.88 104.94 43.38 92.11 142.67 88.55 97.74 113.89 48.51 87.62 64.13 69.66 59.36 85.76 7.28 21.02 10.0 12.65 104.39 74.11 124.78 117.52 43.66 41.62 32.2 92.31 119.82 0.0 6.08 16.64 82.04 101.08 81.12 18.44 115.95 78.64 72.01 61.91 124.0 59.01 67.78 89.89 73.06 125.8 80.11 24.19 121.41 
126.06 105.12 107.79 120.44 53.76 92.7 89.94 69.46 68.51 129.12 108.66 96.69 38.63 112.45 103.08 22.2 74.69 32.02 74.65 83.49 75.69 118.34 125.26 101.87 116.71 56.29 60.75 87.37 71.06 105.3 42.06 91.09 140.94 86.93 96.84 113.27 42.76 84.88 64.28 66.85 57.25 83.65 8.94 15.0 9.0 7.81 104.58 75.66 123.17 118.11 38.48 37.54 27.46 91.08 117.48 6.08 0.0 15.3 84.17 102.02 79.16 23.85 114.59 75.6 72.25 59.93 125.14 60.21 62.65 88.89 74.55 124.42 78.77 28.43 123.04 
111.0 91.21 93.06 106.0 38.47 77.62 75.71 54.56 54.67 113.89 94.2 81.39 33.02 97.16 88.75 7.0 60.03 17.12 61.52 68.26 60.44 104.01 110.55 86.59 101.59 41.0 54.33 72.17 57.58 90.14 26.93 75.89 126.12 72.01 81.61 97.98 39.62 71.06 49.09 53.15 42.72 69.12 9.9 19.21 6.71 10.44 89.36 61.39 108.26 103.02 32.02 26.93 20.0 75.96 103.17 16.64 15.3 0.0 70.52 87.14 64.5 23.09 99.54 62.24 57.08 45.28 110.37 45.71 55.11 73.68 60.21 109.38 63.69 22.14 108.67 
49.65 78.16 67.68 81.32 40.31 51.24 9.22 49.4 62.24 69.2 26.93 39.22 87.46 47.01 71.34 63.91 54.12 53.85 70.23 28.02 40.02 81.49 44.38 46.24 64.4 41.11 97.45 27.46 13.15 35.47 52.8 46.27 90.55 53.04 47.3 53.85 95.9 68.07 30.81 63.07 54.64 58.55 75.5 88.77 75.43 80.96 37.2 11.4 74.73 43.27 85.28 73.88 79.08 49.16 81.25 82.04 84.17 70.52 0.0 26.25 55.11 69.01 65.0 68.62 26.93 53.0 44.92 26.08 94.4 45.1 12.81 72.47 46.69 60.01 40.11 
24.74 62.82 49.25 61.07 50.22 37.16 17.03 47.8 60.21 43.91 11.66 21.19 95.85 21.93 55.54 80.16 49.5 70.06 65.86 21.95 36.4 62.0 23.77 26.17 41.77 49.04 100.21 18.03 36.25 10.44 63.79 32.65 66.31 42.19 30.36 30.08 103.79 59.36 38.83 61.72 58.18 49.65 94.02 103.41 93.02 97.33 13.15 28.16 52.17 17.46 93.62 82.64 90.52 35.78 62.01 101.08 102.02 87.14 26.25 0.0 48.27 90.8 43.29 63.78 31.05 55.57 23.35 42.11 96.21 32.76 28.86 49.04 40.31 81.58 24.41 
63.13 28.84 28.64 41.62 31.62 16.28 51.26 10.63 14.32 53.01 59.82 29.41 57.01 43.46 24.76 58.52 4.47 51.74 17.69 28.64 15.13 39.82 69.03 30.08 39.2 28.02 54.63 31.38 52.04 43.42 38.01 17.89 61.85 9.06 23.41 39.81 63.39 13.04 29.83 16.28 21.93 5.0 74.09 73.76 71.2 72.09 40.8 45.18 44.27 55.76 55.0 46.53 57.27 15.81 39.05 81.12 79.16 64.5 55.11 48.27 0.0 79.93 36.5 15.56 29.02 19.24 67.8 41.48 50.09 16.64 44.1 46.1 8.54 72.18 72.12 
115.52 108.25 107.45 121.26 49.41 90.44 76.32 69.35 72.8 124.33 95.34 90.38 56.01 105.11 104.69 24.7 75.66 28.32 80.71 75.77 72.11 119.67 112.64 96.6 113.53 52.8 77.41 79.12 56.08 96.17 42.64 87.66 139.52 86.05 92.78 107.79 62.2 88.73 57.25 71.61 59.67 84.86 16.76 37.34 20.4 27.2 96.14 62.8 121.49 107.94 55.08 49.48 43.05 88.48 118.93 18.44 23.85 23.09 69.01 90.8 79.93 0.0 112.06 81.02 64.47 61.62 112.87 49.34 78.09 85.44 61.98 121.79 77.01 9.22 109.07 
41.59 26.91 11.66 18.11 62.77 21.93 56.92 45.22 50.09 17.72 53.01 25.94 93.13 23.35 21.1 93.11 40.79 85.0 49.37 40.0 39.96 19.65 52.2 18.79 3.61 59.54 87.48 38.59 69.34 33.06 72.62 24.41 27.66 27.89 19.8 14.32 99.01 37.66 55.44 52.09 57.97 33.06 108.75 110.11 106.23 107.84 30.15 60.21 10.0 37.64 91.2 83.02 93.74 23.71 19.92 115.95 114.59 99.54 65.0 43.29 36.5 112.06 0.0 47.27 49.5 55.08 50.33 65.76 82.57 26.63 59.91 9.85 35.85 103.47 58.94 
78.23 29.97 37.01 46.84 37.66 30.41 65.74 19.42 8.54 64.78 75.29 44.82 47.07 58.18 29.61 57.38 14.76 53.0 2.24 43.57 29.07 44.27 84.5 44.78 50.49 34.37 40.52 46.62 63.64 58.9 38.59 33.02 69.23 23.32 38.08 53.49 52.15 10.2 40.2 9.43 21.93 15.65 72.14 67.54 68.68 68.01 56.22 57.97 53.08 71.03 45.35 39.36 50.54 30.53 43.32 78.64 75.6 62.24 68.62 63.78 15.56 81.02 47.27 0.0 41.76 20.88 83.24 51.0 35.74 32.02 56.75 56.01 23.6 74.43 87.68 
54.04 55.08 48.02 62.43 19.24 30.02 25.5 22.47 35.34 60.03 40.25 25.94 65.3 40.8 49.04 50.09 27.46 40.31 43.32 11.4 14.04 61.77 54.82 32.45 50.33 18.03 72.12 15.13 23.19 33.06 32.76 25.81 77.1 29.12 29.7 43.42 73.43 42.05 8.0 36.24 29.0 33.06 64.78 72.56 63.29 67.0 32.39 16.28 59.41 46.01 63.06 51.89 59.48 27.78 61.29 72.01 72.25 57.08 26.93 31.05 29.02 64.47 49.5 41.76 0.0 26.91 54.34 16.28 68.68 23.85 15.13 58.8 21.1 55.46 54.63 
75.29 46.67 47.85 60.75 17.03 33.54 52.4 10.05 12.37 70.71 66.03 41.77 41.23 57.56 43.6 39.41 14.76 33.3 21.38 33.62 19.92 58.82 78.72 45.04 57.49 14.04 45.28 37.59 45.54 54.08 19.1 33.02 81.02 27.2 39.01 56.01 48.7 27.2 22.36 12.04 3.0 23.85 54.92 55.11 51.97 52.92 52.2 41.68 63.32 67.36 39.05 29.07 39.12 32.25 58.01 61.91 59.93 45.28 53.0 55.57 19.24 61.62 55.08 20.88 26.91 0.0 77.88 31.58 41.77 31.0 40.31 64.85 20.02 54.41 79.92 
10.05 75.29 59.94 68.01 73.55 53.74 36.67 69.35 80.99 42.01 18.03 38.42 118.68 27.78 68.26 103.39 69.89 93.26 85.43 44.6 58.14 69.89 2.0 39.7 47.43 72.28 121.59 40.5 57.07 24.41 87.1 50.33 65.07 60.21 45.97 36.25 126.46 77.08 62.17 82.68 80.62 68.01 117.02 126.75 116.16 120.6 27.02 50.16 56.29 13.04 116.46 105.62 113.76 53.08 70.23 124.0 125.14 110.37 44.92 23.35 67.8 112.87 50.33 83.24 54.34 77.88 0.0 65.01 117.35 51.22 51.09 51.79 60.75 103.7 10.44 
66.61 69.46 63.82 78.24 15.65 45.8 30.08 32.25 43.1 76.01 48.51 41.88 61.62 55.95 63.95 38.83 38.64 28.64 52.04 26.93 28.18 77.39 65.07 48.6 66.6 17.72 73.25 29.97 15.0 46.84 26.91 41.87 93.38 43.83 45.97 59.36 70.09 53.94 11.7 43.29 32.28 46.17 52.01 63.25 51.24 56.09 46.82 15.81 75.66 58.86 59.46 48.1 53.0 43.6 76.85 59.01 60.21 45.71 26.08 42.11 41.48 49.34 65.76 51.0 16.28 31.58 65.01 0.0 70.71 39.82 14.56 75.07 34.93 40.16 62.97 
113.18 61.03 71.7 79.03 55.07 65.92 94.18 48.41 36.36 100.22 107.17 79.26 24.19 93.52 63.2 54.15 47.51 56.32 33.53 74.52 59.82 76.06 118.43 80.11 85.91 53.54 5.0 78.24 85.59 92.96 46.17 67.98 102.02 58.69 73.41 89.2 23.43 44.91 63.6 34.67 39.82 51.26 63.6 49.4 59.48 55.15 90.55 83.01 87.37 105.68 24.17 29.02 35.74 65.8 75.06 67.78 62.65 55.11 94.4 96.21 50.09 78.09 82.57 35.74 68.68 41.77 117.35 70.71 0.0 66.65 81.61 90.8 56.6 75.11 120.6 
46.53 33.06 24.19 38.59 36.24 6.32 39.2 21.02 30.46 40.26 44.42 12.81 71.7 27.2 26.31 67.07 19.31 58.6 34.21 17.12 13.42 38.01 52.5 14.14 28.18 33.11 71.11 18.11 45.88 26.91 46.84 2.24 54.2 9.43 8.06 25.02 78.64 26.63 29.0 32.31 34.0 17.03 82.64 85.71 80.32 82.46 24.21 37.36 36.24 39.12 69.58 60.03 70.06 4.12 37.58 89.89 88.89 73.68 45.1 32.76 16.64 85.44 26.63 32.02 23.85 31.0 51.22 39.82 66.65 0.0 36.69 36.36 11.05 76.84 55.97 
53.6 69.23 60.54 74.73 27.66 43.01 15.52 37.36 49.98 67.27 34.13 34.21 75.0 45.8 62.82 53.37 42.58 43.17 58.24 20.12 29.02 74.46 51.01 41.4 60.0 28.32 84.65 21.4 9.43 35.36 40.5 38.28 86.83 43.42 40.71 50.91 83.41 57.14 18.03 50.7 41.88 48.0 66.19 77.79 65.62 70.61 36.06 1.41 69.89 46.17 72.8 61.4 67.12 40.8 74.09 73.06 74.55 60.21 12.81 28.86 44.1 61.98 59.91 56.75 15.13 40.31 51.09 14.56 81.61 36.69 0.0 68.41 36.0 52.77 48.51 
42.2 32.2 19.1 17.8 72.56 31.78 63.98 55.03 59.41 12.04 57.56 34.21 102.4 27.46 27.89 102.96 50.45 94.83 58.03 48.84 49.74 20.52 53.76 27.02 8.49 69.35 95.75 47.01 77.8 38.6 82.46 34.13 18.44 37.64 29.21 18.97 108.04 46.1 65.0 61.4 67.72 42.43 118.6 119.82 116.08 117.65 36.06 68.6 5.0 40.05 100.5 92.57 103.37 33.54 21.21 125.8 124.42 109.38 72.47 49.04 46.1 121.79 9.85 56.01 58.8 64.85 51.79 75.07 90.8 36.36 68.41 0.0 45.69 113.16 61.29 
56.86 34.54 30.48 44.55 27.66 13.93 42.72 10.0 20.25 50.8 51.74 22.85 60.67 38.08 29.15 57.27 9.22 49.4 25.61 20.12 7.07 43.28 61.85 25.18 37.95 24.21 60.9 23.02 44.28 36.36 36.77 13.0 62.77 9.22 19.0 36.0 67.68 21.38 23.26 21.95 23.02 12.0 72.92 74.97 70.38 72.12 34.0 37.01 44.78 49.19 58.55 49.01 59.14 12.37 42.64 80.11 78.77 63.69 46.69 40.31 8.54 77.01 35.85 23.6 21.1 20.02 60.75 34.93 56.6 11.05 36.0 45.69 0.0 68.77 64.44 
106.3 100.77 99.25 113.22 41.11 82.01 67.19 61.55 66.04 115.41 86.21 81.39 54.59 96.01 96.9 21.0 68.01 21.47 74.3 66.71 63.6 111.73 103.48 87.71 104.85 44.6 75.01 70.01 47.01 86.98 35.85 79.06 131.02 77.9 84.06 98.84 61.61 81.61 48.37 65.0 52.7 77.16 19.8 39.66 22.2 29.41 86.98 53.6 113.0 98.72 53.34 46.1 41.59 80.0 111.02 24.19 28.43 22.14 60.01 81.58 72.18 9.22 103.47 74.43 55.46 54.41 103.7 40.16 75.11 76.84 52.77 113.16 68.77 0.0 100.02 
20.4 82.76 67.78 76.9 73.39 59.41 33.14 72.2 84.5 52.04 14.56 43.42 119.87 35.74 75.58 101.79 73.66 91.59 89.81 46.32 60.8 78.59 8.54 46.14 56.29 72.62 124.62 42.44 53.01 29.41 86.98 55.44 75.24 65.3 51.87 44.64 127.91 82.46 62.03 86.05 82.49 73.0 114.63 125.88 114.13 119.05 32.45 47.38 65.62 21.38 117.63 106.51 113.89 58.41 78.85 121.41 123.04 108.67 40.11 24.41 72.12 109.07 58.94 87.68 54.63 79.92 10.44 62.97 120.6 55.97 48.51 61.29 64.44 100.02 0.0 
