30
0.0 3.61 17.46 17.72 6.32 4.47 18.11 14.0 5.0 7.07 8.25 11.66 18.25 4.0 3.0 6.4 2.0 3.16 7.07 3.61 15.52 5.83 4.12 8.6 18.11 18.97 7.62 12.17 4.47 4.0 
3.61 0.0 21.02 21.19 8.06 5.39 21.38 17.12 2.83 10.63 11.0 15.26 21.02 6.71 6.32 9.9 5.39 2.24 10.44 1.41 18.11 7.0 2.83 12.21 21.0 22.47 10.82 15.52 4.12 2.24 
17.46 21.02 0.0 2.24 18.03 17.8 5.39 7.28 22.14 11.18 12.04 6.08 10.2 16.28 14.76 12.17 15.65 19.72 10.82 20.59 11.05 19.1 20.25 9.22 9.22 2.24 13.0 6.4 20.62 21.19 
17.72 21.19 2.24 0.0 19.03 17.49 3.16 5.83 22.56 12.0 11.4 7.07 8.06 17.03 14.87 13.0 15.81 19.7 10.77 20.62 9.22 20.0 20.12 10.0 7.07 1.41 14.14 5.83 21.21 21.59 
6.32 8.06 18.03 19.03 0.0 10.77 20.4 17.09 6.71 7.07 12.81 12.0 21.93 2.83 7.81 6.08 7.21 9.06 10.3 9.0 19.72 1.41 10.05 9.06 21.54 20.0 5.1 14.56 4.47 6.32 
4.47 5.39 17.8 17.49 10.77 0.0 17.09 12.65 8.06 9.49 6.32 12.81 16.03 8.25 4.12 9.22 4.0 3.16 7.07 4.12 13.0 10.3 3.0 10.3 16.12 18.87 11.05 11.66 8.49 7.21 
18.11 21.38 5.39 3.16 20.4 17.09 0.0 4.47 23.09 13.34 10.77 8.94 5.0 18.11 15.13 14.32 16.12 19.65 11.05 20.62 6.71 21.21 19.92 11.4 4.0 4.0 15.81 6.0 22.0 22.09 
14.0 17.12 7.28 5.83 17.09 12.65 4.47 0.0 19.0 10.3 6.32 7.21 5.0 14.56 11.0 11.18 12.0 15.3 7.07 16.28 4.12 17.72 15.52 8.6 4.47 7.21 13.04 2.83 18.11 18.0 
5.0 2.83 22.14 22.56 6.71 8.06 23.09 19.0 0.0 11.18 13.15 16.16 23.19 6.4 8.0 10.3 7.0 5.0 12.04 4.24 20.4 5.39 5.66 13.0 23.09 23.77 10.63 17.12 2.24 1.0 
7.07 10.63 11.18 12.0 7.07 9.49 13.34 10.3 11.18 0.0 7.62 5.1 15.26 5.1 5.39 1.0 5.83 10.0 4.47 10.63 13.45 8.0 10.82 2.0 14.76 13.04 2.83 7.62 9.49 10.3 
8.25 11.0 12.04 11.4 12.81 6.32 10.77 6.32 13.15 7.62 0.0 8.25 10.05 10.0 5.39 8.06 6.32 9.06 3.16 10.05 7.28 13.04 9.22 7.07 10.0 12.81 10.3 5.66 12.65 12.17 
11.66 15.26 6.08 7.07 12.0 12.81 8.94 7.21 16.16 5.1 8.25 0.0 12.04 10.2 9.22 6.08 10.0 14.21 5.83 15.0 11.18 13.04 14.87 3.16 11.31 8.0 7.07 4.47 14.56 15.23 
18.25 21.02 10.2 8.06 21.93 16.03 5.0 5.0 23.19 15.26 10.05 12.04 0.0 19.31 15.3 16.12 16.28 19.0 11.7 20.0 3.16 22.47 19.03 13.6 1.0 9.0 18.03 7.81 22.56 22.2 
4.0 6.71 16.28 17.03 2.83 8.25 18.11 14.56 6.4 5.1 10.0 10.2 19.31 0.0 5.0 4.12 4.47 7.07 7.62 7.28 17.0 3.16 8.06 7.07 18.97 18.11 4.24 12.17 4.47 5.66 
3.0 6.32 14.76 14.87 7.81 4.12 15.13 11.0 8.0 5.39 5.39 9.22 15.3 5.0 0.0 5.1 1.0 5.0 4.12 5.83 12.65 7.81 5.66 6.4 15.13 16.16 7.0 9.22 7.28 7.0 
6.4 9.9 12.17 13.0 6.08 9.22 14.32 11.18 10.3 1.0 8.06 6.08 16.12 4.12 5.1 0.0 5.39 9.43 5.0 10.0 14.21 7.0 10.3 3.0 15.65 14.04 2.24 8.54 8.54 9.43 
2.0 5.39 15.65 15.81 7.21 4.0 16.12 12.0 7.0 5.83 6.32 10.0 16.28 4.47 1.0 5.39 0.0 4.24 5.1 5.0 13.6 7.07 5.0 7.07 16.12 17.09 7.07 10.2 6.32 6.0 
3.16 2.24 19.72 19.7 9.06 3.16 19.65 15.3 5.0 10.0 9.06 14.21 19.0 7.07 5.0 9.43 4.24 0.0 8.94 1.0 16.03 8.25 1.0 11.31 19.03 21.02 10.77 13.93 5.83 4.24 
7.07 10.44 10.82 10.77 10.3 7.07 11.05 7.07 12.04 4.47 3.16 5.83 11.7 7.62 4.12 5.0 5.1 8.94 0.0 9.85 9.43 10.77 9.43 4.0 11.4 12.08 7.21 5.1 11.05 11.05 
3.61 1.41 20.59 20.62 9.0 4.12 20.62 16.28 4.24 10.63 10.05 15.0 20.0 7.28 5.83 10.0 5.0 1.0 9.85 0.0 17.03 8.06 1.41 12.04 20.02 21.93 11.18 14.87 5.39 3.61 
15.52 18.11 11.05 9.22 19.72 13.0 6.71 4.12 20.4 13.45 7.28 11.18 3.16 17.0 12.65 14.21 13.6 16.03 9.43 17.03 0.0 20.12 16.0 12.04 3.61 10.44 16.28 6.71 19.92 19.42 
5.83 7.0 19.1 20.0 1.41 10.3 21.21 17.72 5.39 8.0 13.04 13.04 22.47 3.16 7.81 7.0 7.07 8.25 10.77 8.06 20.12 0.0 9.22 10.0 22.14 21.02 6.32 15.3 3.16 5.1 
4.12 2.83 20.25 20.12 10.05 3.0 19.92 15.52 5.66 10.82 9.22 14.87 19.03 8.06 5.66 10.3 5.0 1.0 9.43 1.41 16.0 9.22 0.0 12.04 19.1 21.47 11.7 14.32 6.71 5.0 
8.6 12.21 9.22 10.0 9.06 10.3 11.4 8.6 13.0 2.0 7.07 3.16 13.6 7.07 6.4 3.0 7.07 11.31 4.0 12.04 12.04 10.0 12.04 0.0 13.04 11.05 4.47 5.83 11.4 12.08 
18.11 21.0 9.22 7.07 21.54 16.12 4.0 4.47 23.09 14.76 10.0 11.31 1.0 18.97 15.13 15.65 16.12 19.03 11.4 20.02 3.61 22.14 19.1 13.04 0.0 8.0 17.49 7.21 22.36 22.09 
18.97 22.47 2.24 1.41 20.0 18.87 4.0 7.21 23.77 13.04 12.81 8.0 9.0 18.11 16.16 14.04 17.09 21.02 12.08 21.93 10.44 21.02 21.47 11.05 8.0 0.0 15.03 7.21 22.36 22.8 
7.62 10.82 13.0 14.14 5.1 11.05 15.81 13.04 10.63 2.83 10.3 7.07 18.03 4.24 7.0 2.24 7.07 10.77 7.21 11.18 16.28 6.32 11.7 4.47 17.49 15.03 0.0 10.3 8.6 9.9 
12.17 15.52 6.4 5.83 14.56 11.66 6.0 2.83 17.12 7.62 5.66 4.47 7.81 12.17 9.22 8.54 10.2 13.93 5.1 14.87 6.71 15.3 14.32 5.83 7.21 7.21 10.3 0.0 16.0 16.12 
4.47 4.12 20.62 21.21 4.47 8.49 22.0 18.11 2.24 9.49 12.65 14.56 22.56 4.47 7.28 8.54 6.32 5.83 11.05 5.39 19.92 3.16 6.71 11.4 22.36 22.36 8.6 16.0 0.0 2.0 
4.0 2.24 21.19 21.59 6.32 7.21 22.09 18.0 1.0 10.3 12.17 15.23 22.2 5.66 7.0 9.43 6.0 4.24 11.05 3.61 19.42 5.1 5.0 12.08 22.09 22.8 9.9 16.12 2.0 0.0 
