80
0.0 36.35 38.12 26.08 9.22 7.81 13.93 40.85 52.01 5.0 5.66 36.4 5.39 3.61 31.02 15.52 44.92 23.77 26.63 43.74 21.21 6.4 19.03 10.3 24.0 18.03 11.4 31.26 46.04 7.21 18.44 38.83 29.41 14.76 32.02 39.0 50.8 33.73 12.0 19.65 15.0 37.64 32.02 2.83 41.98 7.62 18.97 22.0 4.12 9.49 16.28 16.55 13.0 21.93 16.03 38.33 43.17 22.8 12.53 11.05 16.76 49.16 35.34 42.19 32.65 29.12 25.24 42.15 29.83 35.51 37.7 12.08 50.45 41.79 14.32 9.49 32.89 4.0 39.0 34.13 
36.35 0.0 2.83 16.64 30.07 42.0 25.08 10.2 17.09 32.06 32.02 15.03 41.11 38.05 6.4 21.02 10.63 19.8 17.2 7.62 15.13 32.28 18.03 43.32 13.0 19.03 36.67 10.3 12.21 33.84 25.63 3.61 8.94 23.09 5.83 5.83 14.56 3.61 36.67 19.72 37.36 6.0 5.66 34.13 6.4 35.11 21.1 14.87 40.45 35.85 28.84 21.1 26.0 23.71 20.88 5.1 7.81 20.12 44.94 38.48 22.36 15.81 10.77 6.08 12.21 8.54 17.49 11.4 13.89 11.05 9.06 25.0 21.4 10.44 23.41 41.44 16.76 40.31 10.0 8.25 
38.12 2.83 0.0 19.42 32.25 44.05 26.25 12.0 14.56 34.0 34.01 13.34 43.01 40.0 7.28 23.02 11.18 20.0 20.0 7.07 17.0 33.73 19.42 44.64 14.32 21.21 37.7 9.9 9.43 35.17 28.23 5.0 11.66 25.32 8.6 3.16 13.42 6.4 39.05 20.62 39.85 8.25 6.32 36.01 6.71 36.4 21.93 16.28 42.19 37.0 29.53 23.35 27.2 26.42 22.36 7.07 8.06 22.83 46.17 39.56 23.41 13.04 13.42 4.12 15.0 11.18 20.25 13.04 13.45 9.49 11.4 27.07 18.6 12.04 24.74 42.72 15.65 42.11 12.17 7.21 
26.08 16.64 19.42 0.0 17.46 29.41 21.02 16.03 33.54 21.1 20.59 27.29 29.55 26.4 15.81 12.21 21.02 23.0 1.0 21.84 11.05 24.76 15.3 35.47 14.14 9.43 31.4 20.12 28.84 26.91 10.0 17.09 7.81 11.4 10.82 22.02 28.44 13.04 22.09 19.24 22.02 14.32 16.4 23.32 19.65 28.32 20.4 14.0 30.02 29.83 26.93 9.9 21.47 7.28 16.16 15.52 20.4 4.0 37.54 32.65 19.92 32.45 10.05 22.36 7.07 8.49 1.0 17.12 22.14 23.85 13.0 14.21 37.48 17.03 18.79 33.97 26.57 29.53 14.04 20.81 
9.22 30.07 32.25 17.46 0.0 12.17 13.89 32.98 46.69 4.47 3.61 33.62 12.08 8.94 25.71 9.49 37.48 22.63 17.89 37.01 15.52 11.05 15.26 19.42 19.31 11.05 18.25 27.31 41.0 13.15 9.22 32.02 22.09 7.0 25.02 33.73 44.05 27.0 7.81 17.69 10.0 30.27 26.68 6.4 35.06 14.32 17.69 17.46 12.81 16.28 18.97 9.0 13.42 12.73 12.81 31.14 36.12 13.89 21.63 18.68 15.62 44.38 27.2 36.12 24.35 22.02 16.55 34.21 26.93 31.78 29.83 5.39 47.01 33.96 12.81 18.36 30.81 12.21 31.05 29.73 
7.81 42.0 44.05 29.41 12.17 0.0 21.47 45.12 58.31 10.2 10.05 43.66 3.16 4.47 37.22 21.02 49.65 31.3 29.73 49.09 27.07 14.21 25.71 14.04 30.41 23.02 18.36 38.08 52.47 14.87 20.12 44.1 34.23 19.1 37.12 45.28 56.14 39.05 9.22 26.93 11.66 42.43 38.21 8.54 47.17 15.0 26.4 28.44 6.32 16.64 24.08 21.1 20.59 23.71 22.8 43.29 48.26 25.63 16.0 17.46 24.17 55.73 39.29 48.01 36.4 34.13 28.46 46.32 37.0 42.45 41.98 17.0 57.57 46.1 21.54 14.32 40.31 5.39 43.17 40.79 
13.93 25.08 26.25 21.02 13.89 21.47 0.0 32.02 39.2 12.04 12.73 22.56 19.31 17.0 18.97 9.22 34.99 9.85 21.93 32.7 11.31 8.06 7.21 18.44 12.08 11.7 11.66 18.03 33.14 9.06 19.03 28.18 20.52 12.0 22.2 26.48 39.56 23.32 21.4 6.0 23.85 28.02 19.92 13.04 31.3 10.2 5.1 10.3 17.46 10.77 6.08 12.17 1.0 21.1 5.0 28.3 32.65 19.65 19.92 13.42 3.0 36.01 27.59 30.36 25.61 19.85 20.62 33.42 16.12 22.02 29.07 10.2 36.67 32.8 2.24 16.49 18.97 17.72 30.48 21.1 
40.85 10.2 12.0 16.03 32.98 45.12 32.02 0.0 21.26 36.06 35.74 25.18 44.92 41.76 15.65 25.5 5.39 28.84 16.0 8.6 20.81 38.08 24.84 49.24 20.52 22.85 43.6 20.25 18.79 39.96 26.02 7.0 11.66 26.25 9.9 15.03 13.42 9.43 38.12 27.59 38.0 4.47 15.23 38.28 6.71 41.34 29.0 21.93 44.94 42.44 36.77 24.35 32.8 23.02 27.2 5.1 6.4 20.02 51.11 45.22 29.73 21.95 6.0 11.7 9.0 12.21 17.03 1.41 23.77 21.21 3.16 28.79 29.15 1.0 30.0 47.51 26.93 44.6 2.0 18.44 
52.01 17.09 14.56 33.54 46.69 58.31 39.2 21.26 0.0 48.17 48.26 19.24 57.08 54.15 21.1 37.34 16.64 31.05 34.0 12.73 31.26 47.1 33.0 57.56 28.02 35.69 50.01 21.21 6.08 48.26 42.72 16.64 26.0 39.81 22.85 13.04 10.2 20.62 53.6 33.24 54.41 20.0 20.1 50.09 14.87 49.37 34.37 30.02 56.0 49.65 41.23 37.85 40.2 40.72 36.0 18.6 14.87 37.16 58.86 51.97 36.22 4.24 25.61 11.18 28.02 25.63 34.44 21.4 23.77 17.72 22.67 41.44 11.4 20.62 38.05 55.58 23.26 56.01 22.63 18.11 
5.0 32.06 34.0 21.1 4.47 10.2 12.04 36.06 48.17 0.0 1.0 33.62 9.06 6.0 27.07 11.05 40.26 21.63 21.63 39.32 17.0 7.07 15.52 15.0 20.22 13.34 14.04 27.89 42.3 9.0 13.6 34.37 24.74 9.85 27.46 35.13 46.39 29.27 9.85 17.0 12.65 32.98 28.07 2.24 37.48 10.05 16.64 18.25 8.94 12.04 16.12 11.7 11.31 17.03 12.65 33.73 38.64 17.8 17.2 14.32 14.42 45.54 30.46 38.01 27.73 24.52 20.25 37.34 26.93 32.28 32.89 7.28 47.43 37.0 11.66 13.89 30.41 8.54 34.18 30.59 
5.66 32.02 34.01 20.59 3.61 10.05 12.73 35.74 48.26 1.0 0.0 34.01 9.22 6.08 27.17 11.0 40.02 22.2 21.1 39.2 17.03 8.06 15.81 15.81 20.4 13.15 15.03 28.16 42.43 10.0 12.81 34.23 24.52 9.49 27.29 35.23 46.27 29.15 8.94 17.49 11.7 32.76 28.16 2.83 37.34 11.05 17.2 18.44 9.43 13.04 17.0 11.4 12.04 16.28 13.0 33.54 38.47 17.2 18.03 15.3 15.0 45.71 30.08 38.0 27.31 24.33 19.72 37.0 27.31 32.57 32.57 7.07 47.76 36.69 12.21 14.76 30.89 8.94 33.84 30.81 
36.4 15.03 13.34 27.29 33.62 43.66 22.56 25.18 19.24 33.62 34.01 0.0 41.76 39.22 11.7 24.41 24.35 13.04 28.18 19.7 19.1 30.59 18.36 40.01 14.87 24.08 32.02 7.21 13.6 31.26 33.24 18.25 20.25 27.8 18.44 10.77 24.21 17.12 41.34 16.76 43.01 21.02 11.4 35.11 19.92 32.14 17.46 16.4 40.02 32.02 23.02 26.25 23.54 32.8 21.02 20.1 21.19 29.41 41.01 34.01 19.65 15.23 25.18 15.65 25.71 19.31 27.78 26.31 6.71 4.0 24.0 28.3 14.14 25.32 22.14 38.01 4.12 40.26 25.02 7.07 
5.39 41.11 43.01 29.55 12.08 3.16 19.31 44.92 57.08 9.06 9.22 41.76 0.0 3.16 36.01 20.1 49.24 29.15 29.97 48.37 26.02 11.66 24.19 11.0 29.07 22.36 15.26 36.5 51.16 12.04 20.81 43.42 33.73 18.68 36.5 44.05 55.44 38.33 11.18 25.0 13.93 41.98 37.01 7.0 46.53 12.04 24.35 27.07 3.16 13.6 21.4 20.62 18.38 24.41 21.21 42.76 47.68 25.94 13.04 14.32 22.14 54.33 39.22 47.04 36.4 33.54 28.64 46.17 35.17 40.79 41.76 16.28 55.79 45.88 19.65 11.18 38.28 2.24 43.01 39.32 
3.61 38.05 40.0 26.4 8.94 4.47 17.0 41.76 54.15 6.0 6.08 39.22 3.16 0.0 33.06 17.03 46.1 26.83 26.83 45.28 23.0 9.9 21.38 12.37 26.17 19.24 14.87 33.73 48.26 10.82 17.8 40.31 30.59 15.52 33.38 41.11 52.35 35.23 9.22 22.47 12.17 38.83 34.06 4.12 43.42 11.18 21.93 24.19 4.47 13.0 19.8 17.46 16.12 21.4 18.44 39.62 44.55 22.83 14.56 14.32 19.7 51.48 36.06 44.01 33.24 30.41 25.5 43.01 32.57 38.08 38.6 13.15 53.16 42.72 17.09 12.04 35.85 3.61 39.85 36.5 
31.02 6.4 7.28 15.81 25.71 37.22 18.97 15.65 21.1 27.07 27.17 11.7 36.01 33.06 0.0 16.28 16.97 13.45 16.64 13.89 10.2 26.48 12.17 37.36 7.07 14.87 30.46 5.0 15.3 27.89 23.02 9.9 8.54 18.97 7.0 8.06 20.62 6.32 32.89 13.42 34.01 11.18 1.0 29.02 12.81 29.12 14.76 9.06 35.06 29.73 22.47 17.09 19.92 21.93 15.13 10.82 14.21 18.38 38.9 32.31 16.16 18.68 14.04 11.4 14.14 7.62 16.4 17.0 8.25 8.06 13.6 20.4 22.2 16.12 17.46 35.44 12.0 35.01 14.87 5.0 
15.52 21.02 23.02 12.21 9.49 21.02 9.22 25.5 37.34 11.05 11.0 24.41 20.1 17.03 16.28 0.0 29.41 14.76 13.04 28.28 6.08 12.81 6.4 23.85 9.85 2.83 19.21 17.89 31.58 14.87 10.44 23.35 13.93 3.61 16.49 24.33 35.36 18.25 17.0 9.85 18.6 22.14 17.26 13.15 26.48 16.28 10.44 8.06 19.65 17.69 15.3 3.0 9.49 12.0 5.1 22.8 27.66 10.44 25.81 20.52 9.06 34.93 20.25 27.0 17.8 13.6 11.66 26.83 17.8 22.36 22.36 4.12 37.58 26.4 7.07 22.2 21.93 19.42 23.71 20.25 
44.92 10.63 11.18 21.02 37.48 49.65 34.99 5.39 16.64 40.26 40.02 24.35 49.24 46.1 16.97 29.41 0.0 30.41 21.1 5.0 24.17 41.63 27.78 52.8 23.02 26.93 46.65 20.81 15.3 43.38 31.02 7.07 15.52 30.59 13.0 13.6 8.06 11.66 43.01 30.0 43.05 7.28 16.28 42.45 4.47 44.72 31.4 24.7 49.04 45.65 39.2 28.64 35.85 28.16 30.41 6.71 3.16 25.02 54.56 48.37 32.45 18.03 11.18 9.06 14.14 15.81 22.02 5.0 24.41 20.62 8.06 32.98 25.71 4.47 33.12 50.99 26.83 48.76 7.28 18.36 
23.77 19.8 20.0 23.0 22.63 31.3 9.85 28.84 31.05 21.63 22.2 13.04 29.15 26.83 13.45 14.76 30.41 0.0 24.0 27.02 12.04 17.72 8.54 27.0 9.22 15.81 19.1 10.3 25.0 18.25 25.08 23.35 18.97 18.36 19.24 19.24 33.29 19.42 30.41 5.0 32.56 24.41 14.14 22.83 26.17 19.1 5.0 9.0 27.2 19.0 10.2 17.46 10.77 25.96 10.0 24.21 27.59 23.35 28.07 21.1 7.21 27.46 26.0 23.85 25.0 18.03 23.02 30.23 7.28 13.34 26.42 17.8 27.17 29.41 10.0 25.0 9.22 27.51 27.78 13.42 
26.63 17.2 20.0 1.0 17.89 29.73 21.93 16.0 34.0 21.63 21.1 28.18 29.97 26.83 16.64 13.04 21.1 24.0 0.0 22.14 12.04 25.5 16.28 36.12 15.13 10.3 32.2 21.02 29.41 27.66 10.05 17.46 8.49 12.04 11.4 22.67 28.64 13.6 22.2 20.22 22.0 14.56 17.2 23.85 19.92 29.07 21.38 15.0 30.53 30.61 27.86 10.63 22.36 7.07 17.09 15.81 20.62 4.12 38.21 33.42 20.88 33.02 10.0 22.83 7.0 9.22 1.41 17.03 23.09 24.7 13.04 14.87 38.18 17.0 19.7 34.66 27.51 30.02 14.0 21.63 
43.74 7.62 7.07 21.84 37.01 49.09 32.7 8.6 12.73 39.32 39.2 19.7 48.37 45.28 13.89 28.28 5.0 27.02 22.14 0.0 22.56 39.85 25.63 50.92 20.62 26.08 44.28 16.97 10.44 41.44 31.58 5.0 15.03 30.02 12.0 8.94 7.07 10.05 43.19 27.29 43.57 7.62 13.04 41.44 2.24 42.72 28.65 22.47 47.85 43.46 36.36 28.02 33.62 29.12 28.46 6.32 2.24 25.71 52.55 46.1 29.97 13.42 13.04 4.12 15.65 15.0 22.8 8.94 20.52 16.12 10.0 32.14 20.88 8.06 31.02 49.04 22.47 47.68 9.9 14.21 
21.21 15.13 17.0 11.05 15.52 27.07 11.31 20.81 31.26 17.0 17.03 19.1 26.02 23.0 10.2 6.08 24.17 12.04 12.04 22.56 0.0 17.46 4.47 28.64 4.24 5.0 22.8 12.21 25.5 19.24 14.21 17.72 9.22 8.94 11.18 18.25 29.61 12.65 22.85 8.25 24.19 17.0 11.18 19.03 20.88 20.59 9.49 3.16 25.32 21.63 16.64 7.21 12.04 14.32 6.4 17.46 22.14 11.4 30.41 24.41 9.43 28.86 16.28 21.02 14.42 8.6 11.0 22.2 12.81 16.64 17.8 10.2 31.76 21.63 9.22 26.83 17.2 25.18 19.21 14.32 
6.4 32.28 33.73 24.76 11.05 14.21 8.06 38.08 47.1 7.07 8.06 30.59 11.66 9.9 26.48 12.81 41.63 17.72 25.5 39.85 17.46 0.0 14.32 11.18 19.42 15.62 7.28 26.0 41.05 2.24 19.31 35.11 26.42 13.6 28.64 34.23 46.84 30.08 16.76 14.04 19.65 34.44 27.46 6.71 38.28 3.61 13.15 17.46 9.49 5.39 9.9 14.87 7.07 22.36 11.4 34.93 39.56 22.2 13.04 8.06 11.05 44.0 33.02 37.85 30.61 25.94 24.08 39.45 24.19 30.07 34.99 10.82 44.72 38.95 9.06 9.43 26.93 9.85 36.36 29.02 
19.03 18.03 19.42 15.3 15.26 25.71 7.21 24.84 33.0 15.52 15.81 18.36 24.19 21.38 12.17 6.4 27.78 8.54 16.28 25.63 4.47 14.32 0.0 25.3 5.1 7.28 18.87 12.37 27.02 15.81 16.55 21.02 13.45 10.0 15.0 20.02 32.57 16.12 23.02 4.0 24.84 20.81 13.15 17.26 24.17 17.09 5.1 3.16 23.0 17.89 12.21 8.94 8.06 17.46 3.0 21.1 25.5 15.03 26.93 20.59 5.0 30.15 20.62 23.54 18.87 12.73 15.13 26.25 11.66 16.76 21.93 10.0 31.95 25.61 5.39 23.41 15.62 23.02 23.35 15.13 
10.3 43.32 44.64 35.47 19.42 14.04 18.44 49.24 57.56 15.0 15.81 40.01 11.0 12.37 37.36 23.85 52.8 27.0 36.12 50.92 28.64 11.18 25.3 0.0 30.36 26.63 8.25 36.35 51.48 9.49 28.6 46.24 37.59 24.08 39.81 44.91 57.87 41.23 21.59 24.33 24.52 45.62 38.33 13.04 49.4 8.25 23.19 28.46 8.06 8.0 17.12 25.61 17.46 32.02 22.47 46.1 50.7 32.53 2.24 6.32 21.38 54.23 44.1 48.76 41.62 37.12 34.71 50.61 34.06 40.11 46.14 21.26 54.08 50.12 19.92 2.0 36.06 9.06 47.51 39.46 
24.0 13.0 14.32 14.14 19.31 30.41 12.08 20.52 28.02 20.22 20.4 14.87 29.07 26.17 7.07 9.85 23.02 9.22 15.13 20.62 4.24 19.42 5.1 30.36 0.0 9.22 23.71 8.06 22.09 20.88 18.44 16.12 9.85 13.04 10.63 15.0 27.51 11.4 26.83 7.07 28.3 16.28 8.06 22.09 19.24 22.14 8.49 2.0 28.02 22.85 16.28 11.4 13.0 18.36 8.06 16.4 20.59 15.23 31.95 25.5 9.43 25.32 17.0 18.44 15.81 8.94 14.32 21.93 8.6 12.53 17.8 13.93 27.73 21.21 10.44 28.46 13.04 28.0 19.21 10.44 
18.03 19.03 21.21 9.43 11.05 23.02 11.7 22.85 35.69 13.34 13.15 24.08 22.36 19.24 14.87 2.83 26.93 15.81 10.3 26.08 5.0 15.62 7.28 26.63 9.22 0.0 22.02 17.2 30.08 17.69 9.43 21.1 11.4 4.12 14.14 22.8 33.14 16.03 18.03 11.18 19.24 19.65 15.81 15.52 24.19 19.1 12.04 7.81 22.14 20.52 17.72 2.24 12.08 10.2 7.07 20.4 25.32 8.06 28.6 23.35 11.05 33.53 17.49 25.08 15.0 11.18 8.94 24.17 17.69 21.63 19.7 6.08 36.72 23.77 9.49 25.0 22.02 21.84 21.02 19.24 
11.4 36.67 37.7 31.4 18.25 18.36 11.66 43.6 50.01 14.04 15.03 32.02 15.26 14.87 30.46 19.21 46.65 19.1 32.2 44.28 22.8 7.28 18.87 8.25 23.71 22.02 0.0 28.86 43.93 5.1 26.57 39.82 32.02 20.59 33.84 37.64 51.08 34.99 23.19 17.09 26.17 39.66 31.38 13.04 42.94 4.0 15.81 21.95 12.21 2.0 9.0 21.63 10.82 29.55 16.4 39.96 44.29 29.15 9.0 2.0 14.32 46.53 38.95 41.79 36.77 31.4 30.81 45.0 26.31 32.39 40.61 17.89 46.01 44.41 13.6 6.32 28.0 13.04 42.01 32.02 
31.26 10.3 9.9 20.12 27.31 38.08 18.03 20.25 21.21 27.89 28.16 7.21 36.5 33.73 5.0 17.89 20.81 10.3 21.02 16.97 12.21 26.0 12.37 36.35 8.06 17.2 28.86 0.0 15.13 27.07 26.17 13.89 13.34 21.1 12.0 8.94 23.02 11.18 34.89 12.04 36.36 15.81 5.1 29.61 16.4 28.16 13.15 9.85 35.13 28.44 20.25 19.42 19.03 25.61 15.3 15.23 17.8 22.2 37.66 30.81 15.03 18.0 19.03 13.6 19.1 12.37 20.59 21.54 3.61 4.47 18.44 21.93 19.7 20.62 17.03 34.37 7.0 35.23 19.65 3.16 
46.04 12.21 9.43 28.84 41.0 52.47 33.14 18.79 6.08 42.3 42.43 13.6 51.16 48.26 15.3 31.58 15.3 25.0 29.41 10.44 25.5 41.05 27.02 51.48 22.09 30.08 43.93 15.13 0.0 42.19 37.58 12.81 21.1 34.21 18.03 7.28 11.7 15.81 48.08 27.17 49.04 16.4 14.32 44.18 12.08 43.29 28.28 24.08 50.01 43.57 35.17 32.28 34.13 35.85 30.02 15.0 12.65 32.25 52.77 45.89 30.15 3.61 22.02 7.21 24.04 20.59 29.68 19.31 17.72 11.7 19.42 35.69 10.44 18.38 32.02 49.5 17.49 50.04 19.72 12.04 
7.21 33.84 35.17 26.91 13.15 14.87 9.06 39.96 48.26 9.0 10.0 31.26 12.04 10.82 27.89 14.87 43.38 18.25 27.66 41.44 19.24 2.24 15.81 9.49 20.88 17.69 5.1 27.07 42.19 0.0 21.54 36.77 28.3 15.81 30.41 35.51 48.38 31.78 18.44 15.03 21.38 36.24 28.86 8.25 39.92 1.41 14.0 18.97 9.43 3.16 9.43 17.03 8.06 24.6 13.0 36.67 41.23 24.41 11.18 5.83 12.04 45.04 35.0 39.29 32.65 27.78 26.25 41.34 25.02 31.0 36.89 13.04 45.4 40.82 10.44 7.62 27.46 10.0 38.28 30.15 
18.44 25.63 28.23 10.0 9.22 20.12 19.03 26.02 42.72 13.6 12.81 33.24 20.81 17.8 23.02 10.44 31.02 25.08 10.05 31.58 14.21 19.31 16.55 28.6 18.44 9.43 26.57 26.17 37.58 21.54 0.0 26.68 16.76 7.07 19.92 30.41 38.33 22.14 12.17 20.25 12.04 24.19 23.85 15.62 29.43 22.85 20.88 17.2 21.93 24.7 25.0 7.62 19.0 3.61 15.52 25.32 30.27 6.0 30.81 27.31 19.42 41.15 20.02 31.62 17.03 17.09 9.0 27.07 27.02 30.48 23.0 9.06 45.22 27.02 17.12 27.46 31.4 21.26 24.02 27.8 
38.83 3.61 5.0 17.09 32.02 44.1 28.18 7.0 16.64 34.37 34.23 18.25 43.42 40.31 9.9 23.35 7.07 23.35 17.46 5.0 17.72 35.11 21.02 46.24 16.12 21.1 39.82 13.89 12.81 36.77 26.68 0.0 10.05 25.02 7.0 8.06 12.04 5.1 38.21 23.02 38.64 3.61 9.22 36.5 3.16 38.08 24.41 17.89 42.95 38.91 32.2 23.02 29.07 24.35 23.77 2.24 4.47 20.88 47.93 41.59 25.55 16.28 9.22 5.66 11.4 10.0 18.03 8.06 17.49 14.32 6.71 27.17 22.83 7.07 26.4 44.38 20.25 42.76 7.28 11.7 
29.41 8.94 11.66 7.81 22.09 34.23 20.52 11.66 26.0 24.74 24.52 20.25 33.73 30.59 8.54 13.93 15.52 18.97 8.49 15.03 9.22 26.42 13.45 37.59 9.85 11.4 32.02 13.34 21.1 28.3 16.76 10.05 0.0 15.13 3.16 14.21 22.0 5.39 28.16 16.64 28.64 8.25 8.94 26.93 13.0 29.68 18.03 10.82 33.53 30.81 25.61 13.15 21.26 14.76 15.62 9.06 14.04 11.18 39.45 33.6 18.44 24.7 7.21 14.87 6.08 1.0 8.6 13.04 16.03 16.55 8.6 17.46 29.7 12.53 18.44 35.85 20.22 33.24 10.0 13.42 
14.76 23.09 25.32 11.4 7.0 19.1 12.0 26.25 39.81 9.85 9.49 27.8 18.68 15.52 18.97 3.61 30.59 18.36 12.04 30.02 8.94 13.6 10.0 24.08 13.04 4.12 20.59 21.1 34.21 15.81 7.07 25.02 15.13 0.0 18.03 26.93 37.05 20.0 13.93 13.42 15.26 23.35 19.92 12.08 28.07 17.2 13.93 11.4 18.79 18.87 18.03 2.0 12.04 9.22 8.54 24.19 29.15 8.6 26.17 21.63 12.37 37.64 20.62 29.15 17.89 15.03 10.63 27.51 21.26 25.55 23.09 2.83 40.71 27.2 10.05 22.63 25.46 18.38 24.35 23.26 
32.02 5.83 8.6 10.82 25.02 37.12 22.2 9.9 22.85 27.46 27.29 18.44 36.5 33.38 7.0 16.49 13.0 19.24 11.4 12.0 11.18 28.64 15.0 39.81 10.63 14.14 33.84 12.0 18.03 30.41 19.92 7.0 3.16 18.03 0.0 11.31 19.03 2.24 31.26 17.69 31.78 5.83 7.07 29.61 10.05 31.76 19.1 12.04 36.14 32.76 26.87 16.03 23.02 17.89 17.49 6.32 11.18 14.32 41.59 35.51 19.85 21.63 7.07 11.7 7.28 3.0 11.66 11.31 15.13 14.56 7.21 20.22 26.91 10.63 20.25 38.01 19.0 35.9 8.6 11.4 
39.0 5.83 3.16 22.02 33.73 45.28 26.48 15.03 13.04 35.13 35.23 10.77 44.05 41.11 8.06 24.33 13.6 19.24 22.67 8.94 18.25 34.23 20.02 44.91 15.0 22.8 37.64 8.94 7.28 35.51 30.41 8.06 14.21 26.93 11.31 0.0 14.21 9.22 40.8 20.62 41.79 11.4 7.07 37.05 9.22 36.67 21.84 17.0 43.01 37.11 29.15 25.0 27.46 28.84 23.02 10.2 10.44 25.24 46.32 39.56 23.54 10.77 16.55 5.0 18.03 13.6 22.8 16.0 12.21 7.21 14.56 28.44 15.62 15.0 25.18 42.95 13.6 43.0 15.3 5.83 
50.8 14.56 13.42 28.44 44.05 56.14 39.56 13.42 10.2 46.39 46.27 24.21 55.44 52.35 20.62 35.36 8.06 33.29 28.64 7.07 29.61 46.84 32.57 57.87 27.51 33.14 51.08 23.02 11.7 48.38 38.33 12.04 22.0 37.05 19.03 14.21 0.0 17.12 50.09 34.01 50.36 14.14 19.7 48.51 9.0 49.65 35.34 29.41 54.92 50.33 42.94 35.06 40.5 35.69 35.44 13.04 8.06 32.39 59.46 52.92 36.77 13.04 18.97 9.43 21.84 22.02 29.43 13.04 26.4 21.21 15.81 39.2 21.02 12.53 37.95 55.97 27.59 54.74 15.23 20.0 
33.73 3.61 6.4 13.04 27.0 39.05 23.32 9.43 20.62 29.27 29.15 17.12 38.33 35.23 6.32 18.25 11.66 19.42 13.6 10.05 12.65 30.08 16.12 41.23 11.4 16.03 34.99 11.18 15.81 31.78 22.14 5.1 5.39 20.0 2.24 9.22 17.12 0.0 33.38 18.44 33.96 5.0 6.08 31.4 8.25 33.11 19.85 13.04 37.85 34.0 27.66 18.0 24.19 20.12 18.79 5.0 9.49 16.55 42.95 36.72 20.81 19.42 8.06 9.49 8.94 5.1 13.89 10.82 14.56 13.15 7.28 22.09 24.84 10.0 21.47 39.4 18.11 37.66 8.54 10.05 
12.0 36.67 39.05 22.09 7.81 9.22 21.4 38.12 53.6 9.85 8.94 41.34 11.18 9.22 32.89 17.0 43.01 30.41 22.2 43.19 22.85 16.76 23.02 21.59 26.83 18.03 23.19 34.89 48.08 18.44 12.17 38.21 28.16 13.93 31.26 40.8 50.09 33.38 0.0 25.5 3.0 36.01 33.84 10.2 41.11 19.24 25.46 25.06 13.6 21.21 25.94 15.81 20.81 15.52 20.62 37.05 42.05 18.11 23.77 23.02 23.35 51.55 32.14 42.76 29.15 28.28 21.1 39.2 34.67 39.36 35.06 13.04 54.56 39.12 20.52 21.21 38.6 12.65 36.12 37.16 
19.65 19.72 20.62 19.24 17.69 26.93 6.0 27.59 33.24 17.0 17.49 16.76 25.0 22.47 13.42 9.85 30.0 5.0 20.22 27.29 8.25 14.04 4.0 24.33 7.07 11.18 17.09 12.04 27.17 15.03 20.25 23.02 16.64 13.42 17.69 20.62 34.01 18.44 25.5 0.0 27.59 23.35 14.32 18.38 26.08 16.12 1.41 5.83 23.35 16.49 9.22 12.65 7.0 21.38 5.0 23.43 27.46 19.03 25.71 18.97 3.0 30.02 23.85 24.7 22.36 15.81 19.1 29.0 10.2 16.03 24.84 12.81 30.81 28.28 5.39 22.36 13.42 23.54 26.25 15.13 
15.0 37.36 39.85 22.02 10.0 11.66 23.85 38.0 54.41 12.65 11.7 43.01 13.93 12.17 34.01 18.6 43.05 32.56 22.0 43.57 24.19 19.65 24.84 24.52 28.3 19.24 26.17 36.36 49.04 21.38 12.04 38.64 28.64 15.26 31.78 41.79 50.36 33.96 3.0 27.59 0.0 36.22 34.93 13.15 41.44 22.2 27.66 26.63 16.49 24.19 28.64 17.0 23.32 15.03 22.63 37.34 42.3 18.03 26.68 26.02 25.61 52.55 32.0 43.42 29.0 28.86 21.02 39.01 36.4 40.82 35.01 14.87 55.95 39.0 22.8 24.19 40.46 15.52 36.0 38.47 
37.64 6.0 8.25 14.32 30.27 42.43 28.02 4.47 20.0 32.98 32.76 21.02 41.98 38.83 11.18 22.14 7.28 24.41 14.56 7.62 17.0 34.44 20.81 45.62 16.28 19.65 39.66 15.81 16.4 36.24 24.19 3.61 8.25 23.35 5.83 11.4 14.14 5.0 36.01 23.35 36.22 0.0 10.77 35.17 5.39 37.59 24.76 17.8 41.76 38.59 32.56 21.38 28.84 21.59 23.32 1.41 6.08 18.25 47.41 41.34 25.61 19.85 5.66 9.22 8.06 8.54 15.3 5.83 19.31 17.03 3.16 25.71 26.42 5.0 26.08 43.83 22.56 41.48 4.0 14.14 
32.02 5.66 6.32 16.4 26.68 38.21 19.92 15.23 20.1 28.07 28.16 11.4 37.01 34.06 1.0 17.26 16.28 14.14 17.2 13.04 11.18 27.46 13.15 38.33 8.06 15.81 31.38 5.1 14.32 28.86 23.85 9.22 8.94 19.92 7.07 7.07 19.7 6.08 33.84 14.32 34.93 10.77 0.0 30.02 12.04 30.08 15.65 10.05 36.06 30.68 23.32 18.03 20.88 22.67 16.12 10.3 13.45 19.1 39.85 33.24 17.09 17.72 14.0 10.44 14.32 8.06 17.03 16.55 8.54 7.62 13.34 21.38 21.4 15.65 18.44 36.4 12.04 36.01 14.56 4.47 
2.83 34.13 36.01 23.32 6.4 8.54 13.04 38.28 50.09 2.24 2.83 35.11 7.0 4.12 29.02 13.15 42.45 22.83 23.85 41.44 19.03 6.71 17.26 13.04 22.09 15.52 13.04 29.61 44.18 8.25 15.62 36.5 26.93 12.08 29.61 37.05 48.51 31.4 10.2 18.38 13.15 35.17 30.02 0.0 39.62 9.06 17.89 20.1 6.71 11.05 16.4 13.93 12.21 19.1 14.32 35.9 40.79 20.0 15.26 13.04 15.65 47.38 32.7 40.05 29.97 26.68 22.47 39.56 28.46 33.96 35.11 9.49 49.04 39.22 13.0 12.08 31.78 6.32 36.4 32.39 
41.98 6.4 6.71 19.65 35.06 47.17 31.3 6.71 14.87 37.48 37.34 19.92 46.53 43.42 12.81 26.48 4.47 26.17 19.92 2.24 20.88 38.28 24.17 49.4 19.24 24.19 42.94 16.4 12.08 39.92 29.43 3.16 13.0 28.07 10.05 9.22 9.0 8.25 41.11 26.08 41.44 5.39 12.04 39.62 0.0 41.23 27.46 21.02 46.1 42.05 35.23 26.08 32.2 26.93 26.93 4.12 1.41 23.54 51.08 44.72 28.65 15.26 10.82 5.1 13.42 13.04 20.62 7.28 20.0 16.16 7.81 30.27 22.47 6.32 29.55 47.54 22.36 45.89 7.81 13.89 
7.62 35.11 36.4 28.32 14.32 15.0 10.2 41.34 49.37 10.05 11.05 32.14 12.04 11.18 29.12 16.28 44.72 19.1 29.07 42.72 20.59 3.61 17.09 8.25 22.14 19.1 4.0 28.16 43.29 1.41 22.85 38.08 29.68 17.2 31.76 36.67 49.65 33.11 19.24 16.12 22.2 37.59 30.08 9.06 41.23 0.0 15.03 20.25 9.22 2.0 9.85 18.44 9.22 25.94 14.32 38.01 42.54 25.81 9.85 4.47 13.15 46.1 36.4 40.52 34.06 29.15 27.66 42.72 26.0 32.02 38.28 14.42 46.27 42.19 11.7 6.32 28.28 9.9 39.66 31.26 
18.97 21.1 21.93 20.4 17.69 26.4 5.1 29.0 34.37 16.64 17.2 17.46 24.35 21.93 14.76 10.44 31.4 5.0 21.38 28.65 9.49 13.15 5.1 23.19 8.49 12.04 15.81 13.15 28.28 14.0 20.88 24.41 18.03 13.93 19.1 21.84 35.34 19.85 25.46 1.41 27.66 24.76 15.65 17.89 27.46 15.03 0.0 7.21 22.56 15.3 7.81 13.34 6.08 22.2 5.39 24.84 28.84 20.0 24.52 17.72 2.24 31.06 25.24 26.0 23.71 17.2 20.22 30.41 11.05 17.0 26.25 13.04 31.58 29.7 5.0 21.21 13.93 22.8 27.66 16.28 
22.0 14.87 16.28 14.0 17.46 28.44 10.3 21.93 30.02 18.25 18.44 16.4 27.07 24.19 9.06 8.06 24.7 9.0 15.0 22.47 3.16 17.46 3.16 28.46 2.0 7.81 21.95 9.85 24.08 18.97 17.2 17.89 10.82 11.4 12.04 17.0 29.41 13.04 25.06 5.83 26.63 17.8 10.05 20.1 21.02 20.25 7.21 0.0 26.02 21.02 14.87 9.9 11.18 17.46 6.08 18.03 22.36 14.56 30.08 23.71 7.81 27.29 18.03 20.4 16.55 10.0 14.04 23.35 9.9 14.32 19.1 12.08 29.55 22.67 8.54 26.57 14.21 26.0 20.52 12.37 
4.12 40.45 42.19 30.02 12.81 6.32 17.46 44.94 56.0 8.94 9.43 40.02 3.16 4.47 35.06 19.65 49.04 27.2 30.53 47.85 25.32 9.49 23.0 8.06 28.02 22.14 12.21 35.13 50.01 9.43 21.93 42.95 33.53 18.79 36.14 43.01 54.92 37.85 13.6 23.35 16.49 41.76 36.06 6.71 46.1 9.22 22.56 26.02 0.0 10.63 18.87 20.62 16.49 25.5 20.0 42.45 47.3 26.63 10.2 11.18 20.4 53.08 39.4 46.27 36.67 33.24 29.15 46.24 33.54 39.32 41.79 16.16 54.13 45.88 18.11 8.06 36.4 1.0 43.08 38.05 
9.49 35.85 37.0 29.83 16.28 16.64 10.77 42.44 49.65 12.04 13.04 32.02 13.6 13.0 29.73 17.69 45.65 19.0 30.61 43.46 21.63 5.39 17.89 8.0 22.85 20.52 2.0 28.44 43.57 3.16 24.7 38.91 30.81 18.87 32.76 37.11 50.33 34.0 21.21 16.49 24.19 38.59 30.68 11.05 42.05 2.0 15.3 21.02 10.63 0.0 9.22 20.0 9.85 27.73 15.26 38.95 43.38 27.46 9.22 2.83 13.6 46.27 37.64 41.11 35.38 30.23 29.21 43.83 26.08 32.14 39.41 16.12 46.1 43.27 12.53 6.0 28.07 11.4 40.8 31.58 
16.28 28.84 29.53 26.93 18.97 24.08 6.08 36.77 41.23 16.12 17.0 23.02 21.4 19.8 22.47 15.3 39.2 10.2 27.86 36.36 16.64 9.9 12.21 17.12 16.28 17.72 9.0 20.25 35.17 9.43 25.0 32.2 25.61 18.03 26.87 29.15 42.94 27.66 25.94 9.22 28.64 32.56 23.32 16.4 35.23 9.85 7.81 14.87 18.87 9.22 0.0 18.25 6.0 27.17 10.77 32.65 36.62 25.71 18.0 11.0 7.21 37.66 32.8 33.54 31.06 24.84 26.57 38.18 17.46 23.54 33.97 16.03 37.01 37.48 8.25 15.13 19.0 19.42 35.38 23.41 
16.55 21.1 23.35 9.9 9.0 21.1 12.17 24.35 37.85 11.7 11.4 26.25 20.62 17.46 17.09 3.0 28.64 17.46 10.63 28.02 7.21 14.87 8.94 25.61 11.4 2.24 21.63 19.42 32.28 17.03 7.62 23.02 13.15 2.0 16.03 25.0 35.06 18.0 15.81 12.65 17.0 21.38 18.03 13.93 26.08 18.44 13.34 9.9 20.62 20.0 18.25 0.0 12.37 9.0 8.06 22.2 27.17 7.62 27.66 22.8 12.04 35.74 18.79 27.17 16.12 13.04 9.22 25.63 19.8 23.85 21.19 4.47 38.95 25.3 10.05 24.08 24.08 20.25 22.47 21.47 
13.0 26.0 27.2 21.47 13.42 20.59 1.0 32.8 40.2 11.31 12.04 23.54 18.38 16.12 19.92 9.49 35.85 10.77 22.36 33.62 12.04 7.07 8.06 17.46 13.0 12.08 10.82 19.03 34.13 8.06 19.0 29.07 21.26 12.04 23.02 27.46 40.5 24.19 20.81 7.0 23.32 28.84 20.88 12.21 32.2 9.22 6.08 11.18 16.49 9.85 6.0 12.37 0.0 21.21 5.66 29.15 33.54 19.92 18.97 12.53 4.0 37.01 28.28 31.32 26.25 20.62 21.02 34.21 17.12 23.02 29.83 10.05 37.66 33.6 2.83 15.52 19.92 16.76 31.24 22.09 
21.93 23.71 26.42 7.28 12.73 23.71 21.1 23.02 40.72 17.03 16.28 32.8 24.41 21.4 21.93 12.0 28.16 25.96 7.07 29.12 14.32 22.36 17.46 32.02 18.36 10.2 29.55 25.61 35.85 24.6 3.61 24.35 14.76 9.22 17.89 28.84 35.69 20.12 15.52 21.38 15.03 21.59 22.67 19.1 26.93 25.94 22.2 17.46 25.5 27.73 27.17 9.0 21.21 0.0 17.03 22.8 27.66 3.61 34.21 30.41 21.02 39.45 17.03 29.55 14.04 15.26 6.32 24.0 26.93 29.73 20.1 11.7 44.05 24.02 19.03 30.81 31.38 24.84 21.02 26.87 
16.03 20.88 22.36 16.16 12.81 22.8 5.0 27.2 36.0 12.65 13.0 21.02 21.21 18.44 15.13 5.1 30.41 10.0 17.09 28.46 6.4 11.4 3.0 22.47 8.06 7.07 16.4 15.3 30.02 13.0 15.52 23.77 15.62 8.54 17.49 23.02 35.44 18.79 20.62 5.0 22.63 23.32 16.12 14.32 26.93 14.32 5.39 6.08 20.0 15.26 10.77 8.06 5.66 17.03 0.0 23.71 28.23 15.13 24.17 18.03 4.0 33.14 22.63 26.48 20.62 15.0 15.81 28.6 14.32 19.65 24.21 7.81 34.79 28.02 2.83 20.62 18.03 20.02 25.61 18.11 
38.33 5.1 7.07 15.52 31.14 43.29 28.3 5.1 18.6 33.73 33.54 20.1 42.76 39.62 10.82 22.8 6.71 24.21 15.81 6.32 17.46 34.93 21.1 46.1 16.4 20.4 39.96 15.23 15.0 36.67 25.32 2.24 9.06 24.19 6.32 10.2 13.04 5.0 37.05 23.43 37.34 1.41 10.3 35.9 4.12 38.01 24.84 18.03 42.45 38.95 32.65 22.2 29.15 22.8 23.71 0.0 5.0 19.42 47.85 41.68 25.81 18.44 7.07 7.81 9.43 9.22 16.49 6.32 18.79 16.12 4.47 26.48 25.06 5.39 26.42 44.28 21.84 42.2 5.1 13.34 
43.17 7.81 8.06 20.4 36.12 48.26 32.65 6.4 14.87 38.64 38.47 21.19 47.68 44.55 14.21 27.66 3.16 27.59 20.62 2.24 22.14 39.56 25.5 50.7 20.59 25.32 44.29 17.8 12.65 41.23 30.27 4.47 14.04 29.15 11.18 10.44 8.06 9.49 42.05 27.46 42.3 6.08 13.45 40.79 1.41 42.54 28.84 22.36 47.3 43.38 36.62 27.17 33.54 27.66 28.23 5.0 0.0 24.33 52.39 46.07 30.02 15.65 11.18 6.0 13.93 14.14 21.38 6.71 21.4 17.46 8.06 31.4 23.09 5.83 30.87 48.85 23.71 47.07 7.81 15.26 
22.8 20.12 22.83 4.0 13.89 25.63 19.65 20.02 37.16 17.8 17.2 29.41 25.94 22.83 18.38 10.44 25.02 23.35 4.12 25.71 11.4 22.2 15.03 32.53 15.23 8.06 29.15 22.2 32.25 24.41 6.0 20.88 11.18 8.6 14.32 25.24 32.39 16.55 18.11 19.03 18.03 18.25 19.1 20.0 23.54 25.81 20.0 14.56 26.63 27.46 25.71 7.62 19.92 3.61 15.13 19.42 24.33 0.0 34.66 30.23 19.1 35.85 14.04 26.0 11.05 11.66 3.0 21.1 23.71 26.25 17.0 11.4 40.46 21.02 17.46 31.14 28.18 26.08 18.03 23.35 
12.53 44.94 46.17 37.54 21.63 16.0 19.92 51.11 58.86 17.2 18.03 41.01 13.04 14.56 38.9 25.81 54.56 28.07 38.21 52.55 30.41 13.04 26.93 2.24 31.95 28.6 9.0 37.66 52.77 11.18 30.81 47.93 39.45 26.17 41.59 46.32 59.46 42.95 23.77 25.71 26.68 47.41 39.85 15.26 51.08 9.85 24.52 30.08 10.2 9.22 18.0 27.66 18.97 34.21 24.17 47.85 52.39 34.66 0.0 7.0 22.8 55.44 46.04 50.29 43.6 38.95 36.8 52.48 35.23 41.3 48.02 23.35 55.01 51.97 21.54 3.61 37.0 11.18 49.4 40.79 
11.05 38.48 39.56 32.65 18.68 17.46 13.42 45.22 51.97 14.32 15.3 34.01 14.32 14.32 32.31 20.52 48.37 21.1 33.42 46.1 24.41 8.06 20.59 6.32 25.5 23.35 2.0 30.81 45.89 5.83 27.31 41.59 33.6 21.63 35.51 39.56 52.92 36.72 23.02 18.97 26.02 41.34 33.24 13.04 44.72 4.47 17.72 23.71 11.18 2.83 11.0 22.8 12.53 30.41 18.03 41.68 46.07 30.23 7.0 0.0 16.16 48.51 40.46 43.66 38.21 33.02 32.02 46.62 28.28 34.37 42.2 18.87 48.01 46.04 15.26 4.47 30.0 12.08 43.6 33.96 
16.76 22.36 23.41 19.92 15.62 24.17 3.0 29.73 36.22 14.42 15.0 19.65 22.14 19.7 16.16 9.06 32.45 7.21 20.88 29.97 9.43 11.05 5.0 21.38 9.43 11.05 14.32 15.03 30.15 12.04 19.42 25.55 18.44 12.37 19.85 23.54 36.77 20.81 23.35 3.0 25.61 25.61 17.09 15.65 28.65 13.15 2.24 7.81 20.4 13.6 7.21 12.04 4.0 21.02 4.0 25.81 30.02 19.1 22.8 16.16 0.0 33.02 25.61 27.51 23.85 17.69 19.65 31.14 13.15 19.03 26.87 11.18 33.73 30.48 2.83 19.42 16.16 20.62 28.28 18.11 
49.16 15.81 13.04 32.45 44.38 55.73 36.01 21.95 4.24 45.54 45.71 15.23 54.33 51.48 18.68 34.93 18.03 27.46 33.02 13.42 28.86 44.0 30.15 54.23 25.32 33.53 46.53 18.0 3.61 45.04 41.15 16.28 24.7 37.64 21.63 10.77 13.04 19.42 51.55 30.02 52.55 19.85 17.72 47.38 15.26 46.1 31.06 27.29 53.08 46.27 37.66 35.74 37.01 39.45 33.14 18.44 15.65 35.85 55.44 48.51 33.02 0.0 25.5 10.63 27.59 24.19 33.29 22.36 20.22 14.14 22.8 39.05 8.0 21.47 35.01 52.24 19.31 53.15 23.02 15.03 
35.34 10.77 13.42 10.05 27.2 39.29 27.59 6.0 25.61 30.46 30.08 25.18 39.22 36.06 14.04 20.25 11.18 26.0 10.0 13.04 16.28 33.02 20.62 44.1 17.0 17.49 38.95 19.03 22.02 35.0 20.02 9.22 7.21 20.62 7.07 16.55 18.97 8.06 32.14 23.85 32.0 5.66 14.0 32.7 10.82 36.4 25.24 18.03 39.4 37.64 32.8 18.79 28.28 17.03 22.63 7.07 11.18 14.04 46.04 40.46 25.61 25.5 0.0 14.87 3.0 8.06 11.05 7.07 22.2 21.21 3.16 23.26 31.91 7.0 25.46 42.44 26.02 39.0 4.0 18.11 
42.19 6.08 4.12 22.36 36.12 48.01 30.36 11.7 11.18 38.01 38.0 15.65 47.04 44.01 11.4 27.0 9.06 23.85 22.83 4.12 21.02 37.85 23.54 48.76 18.44 25.08 41.79 13.6 7.21 39.29 31.62 5.66 14.87 29.15 11.7 5.0 9.43 9.49 42.76 24.7 43.42 9.22 10.44 40.05 5.1 40.52 26.0 20.4 46.27 41.11 33.54 27.17 31.32 29.55 26.48 7.81 6.0 26.0 50.29 43.66 27.51 10.63 14.87 0.0 17.03 14.56 23.26 12.37 17.03 12.21 12.21 31.02 17.46 11.4 28.86 46.84 18.6 46.17 12.53 10.63 
32.65 12.21 15.0 7.07 24.35 36.4 25.61 9.0 28.02 27.73 27.31 25.71 36.4 33.24 14.14 17.8 14.14 25.0 7.0 15.65 14.42 30.61 18.87 41.62 15.81 15.0 36.77 19.1 24.04 32.65 17.03 11.4 6.08 17.89 7.28 18.03 21.84 8.94 29.15 22.36 29.0 8.06 14.32 29.97 13.42 34.06 23.71 16.55 36.67 35.38 31.06 16.12 26.25 14.04 20.62 9.43 13.93 11.05 43.6 38.21 23.85 27.59 3.0 17.03 0.0 7.07 8.06 10.05 22.0 21.84 6.08 20.59 33.6 10.0 23.43 40.0 26.08 36.25 7.0 18.68 
29.12 8.54 11.18 8.49 22.02 34.13 19.85 12.21 25.63 24.52 24.33 19.31 33.54 30.41 7.62 13.6 15.81 18.03 9.22 15.0 8.6 25.94 12.73 37.12 8.94 11.18 31.4 12.37 20.59 27.78 17.09 10.0 1.0 15.03 3.0 13.6 22.02 5.1 28.28 15.81 28.86 8.54 8.06 26.68 13.04 29.15 17.2 10.0 33.24 30.23 24.84 13.04 20.62 15.26 15.0 9.22 14.14 11.66 38.95 33.02 17.69 24.19 8.06 14.56 7.07 0.0 9.22 13.6 15.03 15.65 9.22 17.26 29.0 13.04 17.8 35.36 19.24 32.98 10.63 12.53 
25.24 17.49 20.25 1.0 16.55 28.46 20.62 17.03 34.44 20.25 19.72 27.78 28.64 25.5 16.4 11.66 22.02 23.02 1.41 22.8 11.0 24.08 15.13 34.71 14.32 8.94 30.81 20.59 29.68 26.25 9.0 18.03 8.6 10.63 11.66 22.8 29.43 13.89 21.1 19.1 21.02 15.3 17.03 22.47 20.62 27.66 20.22 14.04 29.15 29.21 26.57 9.22 21.02 6.32 15.81 16.49 21.38 3.0 36.8 32.02 19.65 33.29 11.05 23.26 8.06 9.22 0.0 18.11 22.47 24.41 14.0 13.45 38.21 18.03 18.38 33.24 26.93 28.65 15.03 21.4 
42.15 11.4 13.04 17.12 34.21 46.32 33.42 1.41 21.4 37.34 37.0 26.31 46.17 43.01 17.0 26.83 5.0 30.23 17.03 8.94 22.2 39.45 26.25 50.61 21.93 24.17 45.0 21.54 19.31 41.34 27.07 8.06 13.04 27.51 11.31 16.0 13.04 10.82 39.2 29.0 39.01 5.83 16.55 39.56 7.28 42.72 30.41 23.35 46.24 43.83 38.18 25.63 34.21 24.0 28.6 6.32 6.71 21.1 52.48 46.62 31.14 22.36 7.07 12.37 10.05 13.6 18.11 0.0 25.08 22.36 4.47 30.08 29.73 1.0 31.4 48.88 28.16 45.88 3.16 19.65 
29.83 13.89 13.45 22.14 26.93 37.0 16.12 23.77 23.77 26.93 27.31 6.71 35.17 32.57 8.25 17.8 24.41 7.28 23.09 20.52 12.81 24.19 11.66 34.06 8.6 17.69 26.31 3.61 17.72 25.02 27.02 17.49 16.03 21.26 15.13 12.21 26.4 14.56 34.67 10.2 36.4 19.31 8.54 28.46 20.0 26.0 11.05 9.9 33.54 26.08 17.46 19.8 17.12 26.93 14.32 18.79 21.4 23.71 35.23 28.28 13.15 20.22 22.2 17.03 22.0 15.03 22.47 25.08 0.0 6.08 21.84 21.63 20.62 24.17 15.52 32.06 4.47 33.73 23.09 6.4 
35.51 11.05 9.49 23.85 31.78 42.45 22.02 21.21 17.72 32.28 32.57 4.0 40.79 38.08 8.06 22.36 20.62 13.34 24.7 16.12 16.64 30.07 16.76 40.11 12.53 21.63 32.39 4.47 11.7 31.0 30.48 14.32 16.55 25.55 14.56 7.21 21.21 13.15 39.36 16.03 40.82 17.03 7.62 33.96 16.16 32.02 17.0 14.32 39.32 32.14 23.54 23.85 23.02 29.73 19.65 16.12 17.46 26.25 41.3 34.37 19.03 14.14 21.21 12.21 21.84 15.65 24.41 22.36 6.08 0.0 20.0 26.4 15.23 21.38 21.21 38.12 6.4 39.46 21.02 3.16 
37.7 9.06 11.4 13.0 29.83 41.98 29.07 3.16 22.67 32.89 32.57 24.0 41.76 38.6 13.6 22.36 8.06 26.42 13.04 10.0 17.8 34.99 21.93 46.14 17.8 19.7 40.61 18.44 19.42 36.89 23.0 6.71 8.6 23.09 7.21 14.56 15.81 7.28 35.06 24.84 35.01 3.16 13.34 35.11 7.81 38.28 26.25 19.1 41.79 39.41 33.97 21.19 29.83 20.1 24.21 4.47 8.06 17.0 48.02 42.2 26.87 22.8 3.16 12.21 6.08 9.22 14.0 4.47 21.84 20.0 0.0 25.63 29.53 4.12 27.02 44.42 25.32 41.44 1.41 17.03 
12.08 25.0 27.07 14.21 5.39 17.0 10.2 28.79 41.44 7.28 7.07 28.3 16.28 13.15 20.4 4.12 32.98 17.8 14.87 32.14 10.2 10.82 10.0 21.26 13.93 6.08 17.89 21.93 35.69 13.04 9.06 27.17 17.46 2.83 20.22 28.44 39.2 22.09 13.04 12.81 14.87 25.71 21.38 9.49 30.27 14.42 13.04 12.08 16.16 16.12 16.03 4.47 10.05 11.7 7.81 26.48 31.4 11.4 23.35 18.87 11.18 39.05 23.26 31.02 20.59 17.26 13.45 30.08 21.63 26.4 25.63 0.0 41.63 29.73 8.54 19.8 25.61 15.81 26.93 24.35 
50.45 21.4 18.6 37.48 47.01 57.57 36.67 29.15 11.4 47.43 47.76 14.14 55.79 53.16 22.2 37.58 25.71 27.17 38.18 20.88 31.76 44.72 31.95 54.08 27.73 36.72 46.01 19.7 10.44 45.4 45.22 22.83 29.7 40.71 26.91 15.62 21.02 24.84 54.56 30.81 55.95 26.42 21.4 49.04 22.47 46.27 31.58 29.55 54.13 46.1 37.01 38.95 37.66 44.05 34.79 25.06 23.09 40.46 55.01 48.01 33.73 8.0 31.91 17.46 33.6 29.0 38.21 29.73 20.62 15.23 29.53 41.63 0.0 28.79 36.14 52.09 18.03 54.34 29.97 17.49 
41.79 10.44 12.04 17.03 33.96 46.1 32.8 1.0 20.62 37.0 36.69 25.32 45.88 42.72 16.12 26.4 4.47 29.41 17.0 8.06 21.63 38.95 25.61 50.12 21.21 23.77 44.41 20.62 18.38 40.82 27.02 7.07 12.53 27.2 10.63 15.0 12.53 10.0 39.12 28.28 39.0 5.0 15.65 39.22 6.32 42.19 29.7 22.67 45.88 43.27 37.48 25.3 33.6 24.02 28.02 5.39 5.83 21.02 51.97 46.04 30.48 21.47 7.0 11.4 10.0 13.04 18.03 1.0 24.17 21.38 4.12 29.73 28.79 0.0 30.81 48.37 27.2 45.54 3.0 18.68 
14.32 23.41 24.74 18.79 12.81 21.54 2.24 30.0 38.05 11.66 12.21 22.14 19.65 17.09 17.46 7.07 33.12 10.0 19.7 31.02 9.22 9.06 5.39 19.92 10.44 9.49 13.6 17.03 32.02 10.44 17.12 26.4 18.44 10.05 20.25 25.18 37.95 21.47 20.52 5.39 22.8 26.08 18.44 13.0 29.55 11.7 5.0 8.54 18.11 12.53 8.25 10.05 2.83 19.03 2.83 26.42 30.87 17.46 21.54 15.26 2.83 35.01 25.46 28.86 23.43 17.8 18.38 31.4 15.52 21.21 27.02 8.54 36.14 30.81 0.0 18.03 18.79 18.25 28.43 20.0 
9.49 41.44 42.72 33.97 18.36 14.32 16.49 47.51 55.58 13.89 14.76 38.01 11.18 12.04 35.44 22.2 50.99 25.0 34.66 49.04 26.83 9.43 23.41 2.0 28.46 25.0 6.32 34.37 49.5 7.62 27.46 44.38 35.85 22.63 38.01 42.95 55.97 39.4 21.21 22.36 24.19 43.83 36.4 12.08 47.54 6.32 21.21 26.57 8.06 6.0 15.13 24.08 15.52 30.81 20.62 44.28 48.85 31.14 3.61 4.47 19.42 52.24 42.44 46.84 40.0 35.36 33.24 48.88 32.06 38.12 44.42 19.8 52.09 48.37 18.03 0.0 34.06 9.06 45.79 37.48 
32.89 16.76 15.65 26.57 30.81 40.31 18.97 26.93 23.26 30.41 30.89 4.12 38.28 35.85 12.0 21.93 26.83 9.22 27.51 22.47 17.2 26.93 15.62 36.06 13.04 22.02 28.0 7.0 17.49 27.46 31.4 20.25 20.22 25.46 19.0 13.6 27.59 18.11 38.6 13.42 40.46 22.56 12.04 31.78 22.36 28.28 13.93 14.21 36.4 28.07 19.0 24.08 19.92 31.38 18.03 21.84 23.71 28.18 37.0 30.0 16.16 19.31 26.02 18.6 26.08 19.24 26.93 28.16 4.47 6.4 25.32 25.61 18.03 27.2 18.79 34.06 0.0 36.69 26.48 8.54 
4.0 40.31 42.11 29.53 12.21 5.39 17.72 44.6 56.01 8.54 8.94 40.26 2.24 3.61 35.01 19.42 48.76 27.51 30.02 47.68 25.18 9.85 23.02 9.06 28.0 21.84 13.04 35.23 50.04 10.0 21.26 42.76 33.24 18.38 35.9 43.0 54.74 37.66 12.65 23.54 15.52 41.48 36.01 6.32 45.89 9.9 22.8 26.0 1.0 11.4 19.42 20.25 16.76 24.84 20.02 42.2 47.07 26.08 11.18 12.08 20.62 53.15 39.0 46.17 36.25 32.98 28.65 45.88 33.73 39.46 41.44 15.81 54.34 45.54 18.25 9.06 36.69 0.0 42.72 38.12 
39.0 10.0 12.17 14.04 31.05 43.17 30.48 2.0 22.63 34.18 33.84 25.02 43.01 39.85 14.87 23.71 7.28 27.78 14.0 9.9 19.21 36.36 23.35 47.51 19.21 21.02 42.01 19.65 19.72 38.28 24.02 7.28 10.0 24.35 8.6 15.3 15.23 8.54 36.12 26.25 36.0 4.0 14.56 36.4 7.81 39.66 27.66 20.52 43.08 40.8 35.38 22.47 31.24 21.02 25.61 5.1 7.81 18.03 49.4 43.6 28.28 23.02 4.0 12.53 7.0 10.63 15.03 3.16 23.09 21.02 1.41 26.93 29.97 3.0 28.43 45.79 26.48 42.72 0.0 18.11 
34.13 8.25 7.21 20.81 29.73 40.79 21.1 18.44 18.11 30.59 30.81 7.07 39.32 36.5 5.0 20.25 18.36 13.42 21.63 14.21 14.32 29.02 15.13 39.46 10.44 19.24 32.02 3.16 12.04 30.15 27.8 11.7 13.42 23.26 11.4 5.83 20.0 10.05 37.16 15.13 38.47 14.14 4.47 32.39 13.89 31.26 16.28 12.37 38.05 31.58 23.41 21.47 22.09 26.87 18.11 13.34 15.26 23.35 40.79 33.96 18.11 15.03 18.11 10.63 18.68 12.53 21.4 19.65 6.4 3.16 17.03 24.35 17.49 18.68 20.0 37.48 8.54 38.12 18.11 0.0 
