100
0.0 23.02 17.89 18.36 46.1 7.28 18.68 32.98 51.66 26.93 37.2 43.57 57.71 51.0 13.6 71.18 43.68 26.42 34.13 22.36 60.83 49.73 48.17 80.99 69.23 69.92 55.71 24.33 7.07 38.95 60.01 2.24 40.01 58.69 10.0 14.42 60.01 58.18 26.25 30.81 67.05 72.37 44.64 55.04 19.85 28.65 52.35 54.71 62.39 25.0 30.07 39.41 6.71 26.68 21.63 29.12 67.74 71.31 8.54 39.46 45.62 52.8 62.03 23.02 47.54 42.95 63.32 18.36 51.55 49.93 54.45 26.08 37.48 49.04 71.25 38.08 17.89 10.63 16.64 32.2 75.03 66.75 27.66 68.94 58.05 60.0 11.7 39.56 72.8 49.24 20.1 63.06 39.12 26.93 71.85 75.03 40.61 61.0 37.0 30.41 
23.02 0.0 35.36 10.63 51.97 30.02 6.4 45.28 62.43 13.0 31.02 36.0 64.5 44.01 22.47 75.39 53.91 43.27 28.44 11.4 53.24 48.05 52.55 77.16 69.72 68.07 51.09 36.8 16.12 35.23 56.01 22.02 47.51 58.69 31.78 33.62 63.69 52.24 19.92 19.1 65.07 79.18 56.22 49.0 39.4 44.1 55.66 48.26 59.0 14.32 39.82 31.0 20.62 39.62 38.91 32.65 67.27 67.12 15.52 41.63 42.11 47.01 57.01 40.25 48.27 52.01 60.3 22.02 50.49 43.19 60.9 24.7 46.23 60.61 72.03 49.68 11.4 18.36 19.1 16.16 76.92 68.25 17.12 64.2 67.23 65.19 22.47 51.74 69.07 50.45 3.16 57.31 34.06 40.36 72.99 78.11 42.15 69.84 44.42 8.06 
17.89 35.36 0.0 34.66 62.2 18.03 33.42 16.0 34.37 43.14 33.11 61.4 73.01 68.88 31.38 87.05 58.14 8.6 51.97 28.64 78.71 67.36 34.18 69.97 56.08 58.18 73.54 8.94 21.21 32.45 50.45 20.12 25.0 46.53 10.0 4.0 76.32 50.21 43.83 33.06 55.57 87.21 27.29 72.92 5.1 41.44 38.63 47.51 52.2 41.77 15.23 57.14 24.6 10.2 34.23 20.0 84.93 61.03 20.62 56.75 37.54 70.68 79.85 35.36 36.06 58.01 80.96 17.0 40.8 43.6 70.01 22.8 53.04 31.58 88.12 21.02 25.3 17.0 34.48 37.05 91.55 53.14 44.69 59.2 41.11 44.72 13.0 22.2 90.44 37.22 33.29 54.49 33.62 10.05 58.19 91.2 57.97 44.1 22.47 43.42 
18.36 10.63 34.66 0.0 41.59 24.04 4.47 47.51 65.74 8.6 39.46 28.86 54.12 36.88 12.65 65.46 43.28 43.19 20.1 19.42 46.57 39.12 58.25 85.84 77.06 76.11 43.19 38.59 13.45 43.1 64.5 16.55 51.87 66.03 28.3 31.89 53.76 61.19 11.05 28.46 73.11 68.88 59.06 41.59 37.64 34.0 61.81 57.27 67.36 7.21 42.95 24.04 13.34 41.34 29.41 37.85 58.31 75.8 14.42 31.62 50.16 39.46 49.37 30.68 55.15 41.4 52.01 25.96 58.0 52.17 50.54 31.06 35.61 63.53 62.8 52.35 17.0 19.24 8.6 26.42 67.47 75.24 10.3 72.99 71.31 70.83 23.32 54.2 61.13 57.22 8.06 66.29 42.3 41.88 80.16 68.41 32.28 74.09 48.7 14.56 
46.1 51.97 62.2 41.59 0.0 44.18 46.07 78.16 96.52 41.23 80.01 27.51 12.53 27.02 33.73 25.08 9.85 69.72 27.02 60.54 32.02 16.12 94.26 125.88 115.12 115.32 23.77 70.01 48.05 82.97 104.55 44.18 86.02 104.39 52.24 58.22 14.14 101.83 32.8 69.86 112.38 27.31 89.45 26.31 61.81 23.71 98.41 98.03 107.2 38.6 76.01 29.53 40.45 72.06 29.41 74.81 24.7 115.95 50.22 11.4 89.99 25.08 27.73 28.79 93.21 7.21 25.0 63.15 96.88 92.97 8.94 70.09 9.49 93.65 26.57 83.22 57.25 54.92 34.18 68.0 29.43 112.75 36.88 113.32 103.31 106.04 57.43 84.38 33.24 95.04 49.65 106.9 82.57 72.11 117.83 29.02 11.66 106.3 83.05 52.63 
7.28 30.02 18.03 24.04 44.18 0.0 25.18 34.01 52.35 32.31 43.19 46.1 55.04 53.01 15.56 69.03 40.31 25.71 36.8 29.55 62.68 50.16 51.2 85.49 72.8 74.09 56.82 26.17 14.32 44.41 64.88 8.0 42.43 62.63 8.06 14.04 58.31 63.51 30.0 37.74 71.31 69.35 45.28 56.6 18.03 24.04 55.54 60.22 67.08 29.97 32.39 42.43 10.77 28.02 16.76 33.54 67.19 76.03 15.81 39.22 50.77 54.38 63.06 18.03 51.62 40.05 63.69 24.08 55.95 55.61 52.0 31.89 35.01 49.5 70.21 39.05 25.08 17.2 20.0 39.4 73.55 70.09 32.25 73.82 59.14 62.39 17.03 40.2 73.16 53.14 27.0 68.26 44.82 28.0 75.19 73.17 40.5 62.13 39.62 37.12 
18.68 6.4 33.42 4.47 46.07 25.18 0.0 45.22 63.13 10.3 35.23 32.39 58.59 40.45 16.12 69.89 47.63 41.77 24.0 15.13 50.01 43.29 54.82 81.61 73.17 72.03 47.04 36.4 12.53 39.01 60.3 17.26 48.85 62.13 28.23 31.06 58.19 56.89 15.03 24.04 69.03 73.35 56.6 45.28 36.89 37.74 58.25 52.95 63.2 10.2 40.31 27.46 15.03 39.2 32.7 34.48 62.51 71.57 12.81 36.06 46.04 43.19 53.15 34.01 51.35 45.8 56.01 22.85 54.04 47.85 55.01 27.29 40.0 61.06 67.08 49.93 13.15 17.03 12.73 21.95 71.81 71.45 13.34 68.73 68.45 67.45 21.26 51.87 65.03 53.46 3.61 61.98 38.12 39.82 76.32 72.8 36.69 71.18 45.69 12.0 
32.98 45.28 16.0 47.51 78.16 34.01 45.22 0.0 18.68 55.47 30.07 75.64 89.01 83.38 46.57 103.04 74.11 10.3 66.31 35.61 93.23 82.71 20.0 56.85 41.68 44.82 88.54 8.94 34.44 27.07 39.41 35.17 10.63 33.3 26.0 20.0 92.27 40.71 57.7 35.85 42.52 103.17 11.7 87.66 17.72 57.31 24.41 39.0 40.46 54.71 6.32 71.11 39.56 6.32 50.16 16.49 100.62 48.8 33.12 72.37 29.41 85.44 94.87 51.24 24.41 74.01 96.3 23.35 29.41 36.4 86.01 24.17 69.03 16.16 103.95 5.1 33.94 28.3 49.04 41.15 107.47 38.47 57.8 47.51 25.18 29.12 24.19 6.71 105.77 24.84 44.05 44.1 29.02 6.08 43.38 107.17 73.55 28.16 9.43 53.04 
51.66 62.43 34.37 65.74 96.52 52.35 63.13 18.68 0.0 73.43 40.31 94.15 107.07 101.95 65.25 121.26 92.01 27.0 84.86 51.86 111.79 101.39 17.12 48.55 31.62 37.12 107.21 27.51 52.92 35.78 37.34 53.85 15.62 27.89 44.28 38.33 110.65 41.01 76.16 49.68 35.85 121.0 7.07 106.28 35.0 75.01 19.1 41.11 36.88 72.9 22.83 89.55 58.24 25.0 68.01 30.41 119.24 43.08 51.48 91.01 34.21 104.06 113.53 69.0 25.32 92.09 114.98 40.5 29.02 40.79 104.17 38.9 87.28 3.16 122.48 13.6 51.04 46.52 67.68 55.32 125.9 28.02 76.03 43.01 7.28 16.4 42.54 12.17 124.45 24.08 61.59 42.43 38.01 24.74 31.89 125.48 92.2 10.2 18.38 69.81 
26.93 13.0 43.14 8.6 41.23 32.31 10.3 55.47 73.43 0.0 44.01 23.0 53.6 31.02 19.03 63.51 44.82 51.62 15.81 24.19 40.31 35.44 64.85 90.14 82.61 81.06 38.12 46.62 21.93 48.17 69.01 25.06 59.09 71.57 36.89 40.46 51.88 65.19 8.49 32.06 78.06 67.96 66.89 36.0 46.23 38.6 68.15 61.2 72.0 3.16 50.61 18.0 21.54 49.41 35.23 44.6 54.57 80.1 22.67 30.23 55.08 34.01 44.01 36.35 61.0 42.52 47.38 33.11 63.39 56.14 50.0 37.11 37.01 71.34 59.48 60.21 23.09 27.2 14.0 28.64 64.51 81.05 4.47 77.16 78.72 77.49 31.4 62.13 56.08 63.15 12.37 70.26 47.04 50.0 85.84 65.92 30.53 81.44 55.95 11.4 
37.2 31.02 33.11 39.46 80.01 43.19 35.23 30.07 40.31 44.01 0.0 67.01 92.36 75.03 46.62 104.55 79.62 35.69 59.14 20.1 84.21 78.52 25.46 46.39 39.05 37.05 82.02 26.68 32.65 5.0 25.08 38.28 25.08 28.16 38.42 34.99 92.89 21.84 50.25 12.37 34.06 107.22 36.4 80.01 38.08 65.73 27.2 18.03 28.02 45.04 24.0 62.01 40.71 28.28 58.82 14.14 97.74 36.35 30.41 70.83 11.18 78.0 88.0 60.22 18.87 78.39 91.14 19.1 19.92 13.0 88.87 11.31 72.62 39.81 102.26 31.78 22.8 26.63 45.88 17.46 106.89 37.95 48.01 33.54 42.64 37.2 26.17 33.96 100.02 21.1 32.06 26.93 3.16 29.27 42.45 107.71 71.59 44.6 23.09 35.9 
43.57 36.0 61.4 28.86 27.51 46.1 32.39 75.64 94.15 23.0 67.01 0.0 37.74 8.06 30.61 44.05 35.36 69.97 9.43 47.1 17.72 14.87 87.1 113.11 105.48 104.04 15.3 66.71 41.23 71.11 92.01 41.34 80.65 94.43 53.01 57.98 33.24 88.14 18.03 55.04 101.04 50.25 87.32 13.0 63.25 38.9 90.61 84.15 95.0 22.2 71.51 5.0 36.89 69.35 39.82 66.71 32.7 103.08 42.72 17.12 78.06 11.05 21.02 40.25 83.73 32.39 24.74 54.82 86.28 79.1 34.48 59.68 29.0 91.79 38.01 80.62 45.54 47.76 26.93 51.35 43.42 103.82 19.1 100.12 99.96 99.69 51.62 82.35 33.14 85.84 35.13 93.19 70.03 69.78 108.66 45.49 16.28 102.79 77.49 32.76 
57.71 64.5 73.01 54.12 12.53 55.04 58.59 89.01 107.07 53.6 92.36 37.74 0.0 35.11 45.88 14.56 15.3 80.1 38.9 73.01 37.12 23.77 105.8 138.05 126.92 127.35 29.43 81.15 60.17 95.21 116.76 55.9 97.33 116.3 63.01 69.01 8.54 114.16 45.22 82.35 124.43 14.87 100.04 32.76 72.11 32.39 110.03 110.39 119.37 51.04 87.28 40.61 52.39 83.05 39.12 86.68 21.47 128.16 62.36 23.43 102.2 32.28 31.02 38.21 105.12 15.0 26.31 75.19 108.91 105.34 3.61 82.28 20.22 104.12 20.52 94.0 69.64 66.94 46.62 80.53 21.1 124.46 49.2 125.57 114.02 117.35 69.23 95.02 31.78 106.89 62.18 119.22 94.87 83.02 129.55 19.31 23.35 117.02 94.43 65.0 
51.0 44.01 68.88 36.88 27.02 53.01 40.45 83.38 101.95 31.02 75.03 8.06 35.11 0.0 37.74 38.95 36.12 77.41 17.09 55.15 9.85 11.4 95.13 121.07 113.53 112.07 8.06 74.46 49.04 79.16 100.0 48.76 88.6 102.49 60.21 65.37 29.15 96.08 25.96 63.01 109.07 46.04 95.08 5.1 70.49 42.94 98.66 92.09 103.0 30.27 79.38 13.04 44.29 77.08 45.0 74.73 26.08 111.04 50.6 18.97 86.09 3.61 13.15 45.22 91.79 33.14 17.46 62.82 94.34 87.05 32.28 67.74 31.05 99.54 31.62 88.39 53.6 55.66 34.44 59.21 37.2 111.88 27.17 108.07 107.84 107.71 59.46 90.08 25.32 93.9 43.19 101.12 78.06 77.47 116.73 39.7 17.72 110.68 85.44 40.45 
13.6 22.47 31.38 12.65 33.73 15.56 16.12 46.57 65.25 19.03 46.62 30.61 45.88 37.74 0.0 58.69 33.12 39.81 21.26 28.02 47.51 36.14 61.0 92.18 81.5 81.58 42.15 37.85 14.32 49.34 70.88 11.4 53.24 70.71 22.47 27.73 47.27 68.35 14.76 37.44 78.64 60.73 58.24 41.59 32.76 21.63 65.03 64.62 73.5 16.12 43.42 26.87 7.07 40.26 16.76 41.19 54.33 82.28 16.49 26.08 56.32 39.36 48.47 18.03 59.54 31.78 49.73 29.43 63.15 59.62 42.45 36.4 26.0 62.64 58.03 51.66 24.19 21.21 5.1 36.8 62.03 79.23 17.72 79.7 71.59 73.11 24.0 53.16 59.2 61.4 19.42 73.39 49.04 40.52 84.29 62.29 27.17 74.53 50.16 27.2 
71.18 75.39 87.05 65.46 25.08 69.03 69.89 103.04 121.26 63.51 104.55 44.05 14.56 38.95 58.69 0.0 29.83 94.34 47.89 84.77 37.12 29.21 119.34 150.66 140.16 140.25 31.4 95.01 72.99 107.71 129.29 69.26 111.07 129.4 77.06 83.05 11.7 126.38 55.54 93.92 137.3 9.0 114.21 35.0 86.37 46.87 123.49 122.53 132.0 61.33 101.04 48.01 65.49 97.01 53.46 99.85 15.52 140.69 75.13 33.84 114.76 35.47 29.97 52.61 118.23 29.27 24.17 88.12 121.82 117.44 17.12 94.92 34.01 118.34 11.0 108.07 81.74 79.91 58.69 91.55 8.06 137.82 59.03 138.0 128.14 131.1 82.49 109.17 25.02 120.07 73.39 131.47 107.2 97.02 142.9 5.0 33.24 131.14 108.12 74.71 
43.68 53.91 58.14 43.28 9.85 40.31 47.63 74.11 92.01 44.82 79.62 35.36 15.3 36.12 33.12 29.83 0.0 65.01 32.7 61.06 41.76 25.71 91.41 124.6 112.81 113.6 33.53 66.48 47.01 82.08 103.46 42.06 82.73 102.36 48.17 54.15 21.1 101.24 36.4 70.49 110.72 29.07 85.0 35.9 57.01 17.12 95.71 97.58 105.95 41.87 72.69 36.4 39.0 68.26 24.0 72.8 33.3 114.83 49.24 18.25 88.96 34.53 37.58 23.02 91.21 3.0 34.67 61.68 95.21 92.61 13.0 69.08 7.81 89.02 34.13 79.06 57.31 53.49 35.0 69.4 35.85 110.22 40.8 112.36 99.01 102.7 55.36 80.01 42.52 92.89 51.22 106.23 81.94 68.18 115.32 34.48 19.1 102.0 79.91 55.97 
26.42 43.27 8.6 43.19 69.72 25.71 41.77 10.3 27.0 51.62 35.69 69.97 80.1 77.41 39.81 94.34 65.01 0.0 60.54 35.47 87.24 75.61 30.23 67.01 51.97 55.0 81.94 9.06 29.73 33.84 48.92 28.65 20.81 43.42 17.72 12.08 83.86 49.65 52.43 38.33 52.63 94.01 20.02 81.39 8.0 48.01 34.67 47.51 50.21 50.33 13.04 65.73 33.12 7.62 41.01 21.59 92.89 58.73 29.0 64.85 37.59 79.16 88.24 42.0 33.97 65.12 89.2 23.09 38.95 44.28 77.23 27.02 60.41 24.02 95.9 14.56 32.65 25.0 43.05 42.95 99.14 48.76 53.26 57.28 34.06 39.22 20.81 15.13 98.68 34.66 41.4 53.41 35.44 6.71 53.67 98.62 66.1 37.05 19.1 51.31 
34.13 28.44 51.97 20.1 27.02 36.8 24.0 66.31 84.86 15.81 59.14 9.43 38.9 17.09 21.26 47.89 32.7 60.54 0.0 39.05 26.93 19.65 78.26 105.48 97.13 96.02 23.09 57.38 31.95 63.01 84.21 31.91 71.57 86.09 43.6 48.55 36.36 80.62 9.06 47.52 93.02 52.8 78.0 21.59 53.82 32.25 81.88 76.66 87.14 14.14 62.3 5.83 27.46 60.01 31.95 57.87 38.83 95.43 33.53 15.62 70.03 19.42 29.27 32.57 75.24 29.97 32.02 45.89 78.03 71.57 35.36 51.16 25.3 82.46 43.68 71.31 37.05 38.6 17.49 44.38 48.7 95.34 11.4 92.54 90.76 90.8 42.38 73.01 41.05 77.32 27.07 85.71 62.07 60.42 100.24 50.16 15.56 93.61 68.41 26.83 
22.36 11.4 28.64 19.42 60.54 29.55 15.13 35.61 51.86 24.19 20.1 47.1 73.01 55.15 28.02 84.77 61.06 35.47 39.05 0.0 64.5 58.42 41.23 66.48 58.42 57.0 62.0 27.78 15.81 24.02 45.18 22.47 36.62 47.38 28.28 28.07 73.08 41.77 30.15 9.43 54.0 87.85 45.97 60.07 33.38 48.8 44.27 37.85 48.09 25.0 29.73 42.11 23.35 30.53 42.52 21.63 77.65 56.44 13.89 50.96 31.0 58.03 68.03 43.93 36.88 59.54 71.06 12.53 39.2 32.76 69.46 13.42 53.71 50.25 82.2 39.62 4.47 13.15 26.4 9.85 86.88 56.89 28.02 53.6 56.3 53.85 16.03 41.77 80.0 39.05 12.0 46.87 23.02 31.38 61.66 87.8 51.66 58.83 33.6 18.03 
60.83 53.24 78.71 46.57 32.02 62.68 50.01 93.23 111.79 40.31 84.21 17.72 37.12 9.85 47.51 37.12 41.76 87.24 26.93 64.5 0.0 16.16 104.79 130.0 122.92 121.26 8.25 84.31 58.87 88.46 109.07 58.59 98.37 111.88 69.97 75.18 29.61 105.0 35.74 72.06 118.27 45.31 104.92 6.4 80.26 51.04 108.26 101.0 112.11 39.81 89.2 22.56 54.12 86.93 53.81 84.4 22.2 120.0 60.41 26.63 95.34 8.49 7.21 53.91 101.27 38.9 13.04 72.53 103.7 96.01 35.0 77.28 38.01 109.38 27.8 98.23 63.15 65.46 44.28 68.01 33.42 121.34 36.67 117.0 117.65 117.39 69.29 99.92 17.89 103.41 52.61 110.0 87.28 87.32 126.15 36.62 25.24 120.49 95.21 49.04 
49.73 48.05 67.36 39.12 16.12 50.16 43.29 82.71 101.39 35.44 78.52 14.87 23.77 11.4 36.14 29.21 25.71 75.61 19.65 58.42 16.16 0.0 96.42 124.9 116.0 115.21 8.06 73.98 49.37 82.22 103.59 47.54 89.11 105.0 57.94 63.57 18.44 100.13 28.28 67.08 112.22 35.47 94.37 10.2 68.15 35.47 100.24 96.18 106.47 33.73 79.43 18.87 43.17 76.4 39.05 76.16 19.24 114.86 51.24 11.4 89.27 9.0 13.45 38.95 94.01 22.8 13.6 64.12 97.05 91.08 20.88 70.01 21.95 98.76 24.04 87.8 56.08 56.32 34.23 64.03 29.15 114.04 31.05 112.01 107.71 108.78 59.68 89.29 23.09 96.02 46.53 105.22 81.39 76.66 119.02 30.89 10.0 110.63 85.99 46.24 
48.17 52.55 34.18 58.25 94.26 51.2 54.82 20.0 17.12 64.85 25.46 87.1 105.8 95.13 61.0 119.34 91.41 30.23 78.26 41.23 104.79 96.42 0.0 36.88 21.93 24.84 101.27 25.3 47.1 20.52 21.19 50.09 9.43 13.45 43.68 37.95 108.12 24.19 69.23 36.62 22.63 120.35 16.76 99.82 37.12 75.19 4.47 24.02 21.47 65.0 18.97 82.23 54.01 24.17 67.91 20.4 115.16 29.21 45.18 87.02 17.46 97.67 107.52 69.12 8.25 90.93 109.77 32.39 12.04 23.77 102.59 27.86 85.59 18.03 119.02 17.03 41.76 40.11 62.2 42.2 123.02 18.97 68.15 28.3 17.49 12.65 37.0 18.03 119.08 7.0 52.5 26.25 22.67 24.6 24.04 123.15 88.05 19.21 11.7 59.03 
80.99 77.16 69.97 85.84 125.88 85.49 81.61 56.85 48.55 90.14 46.39 113.11 138.05 121.07 92.18 150.66 124.6 67.01 105.48 66.48 130.0 124.9 36.88 0.0 17.0 12.04 128.25 61.06 77.88 42.95 21.38 82.54 46.23 23.6 78.71 73.43 139.06 25.0 96.63 58.08 14.42 152.88 51.86 126.1 73.5 109.38 32.56 29.0 18.68 91.35 54.92 108.12 85.73 60.46 102.16 52.0 144.13 10.05 75.69 117.09 35.9 124.15 134.13 103.47 34.0 123.66 137.44 62.94 29.55 34.01 134.63 55.79 118.0 51.04 148.64 53.76 69.05 71.17 91.98 62.01 153.22 20.59 94.26 13.0 43.38 32.25 69.29 54.45 146.22 32.76 78.41 20.02 43.57 61.03 17.72 153.95 117.89 42.15 48.01 81.02 
69.23 69.72 56.08 77.06 115.12 72.8 73.17 41.68 31.62 82.61 39.05 105.48 126.92 113.53 81.5 140.16 112.81 51.97 97.13 58.42 122.92 116.0 21.93 17.0 0.0 7.07 120.2 47.17 67.27 34.53 17.03 71.02 31.3 11.05 65.46 59.81 128.76 22.67 88.09 51.42 8.06 141.6 35.36 118.42 59.03 96.84 17.46 25.81 14.14 83.29 40.85 100.5 74.67 46.1 89.56 40.31 135.03 14.14 65.19 107.23 27.89 116.35 126.32 90.8 22.02 112.18 129.06 52.15 19.24 29.53 123.63 46.01 106.71 34.21 139.18 38.01 60.07 60.3 82.1 56.32 143.42 3.61 86.37 15.81 26.4 15.26 57.71 38.42 138.18 20.1 70.35 20.0 35.9 46.52 3.61 143.78 108.17 25.3 33.62 74.95 
69.92 68.07 58.18 76.11 115.32 74.09 72.03 44.82 37.12 81.06 37.05 104.04 127.35 112.07 81.58 140.25 113.6 55.0 96.02 57.0 121.26 115.21 24.84 12.04 7.07 0.0 119.0 49.24 67.27 33.02 12.65 71.57 34.21 11.66 67.12 61.72 128.72 17.89 87.05 49.25 3.0 142.13 40.0 117.04 61.59 98.08 20.52 21.54 9.49 82.0 43.05 99.05 74.95 48.55 90.82 40.8 134.37 7.07 65.12 106.92 26.0 115.02 125.02 92.11 22.47 112.79 128.04 52.17 18.44 25.96 123.98 45.4 107.2 39.45 138.71 41.73 59.14 60.42 81.74 53.76 143.14 10.05 85.01 8.94 32.57 21.19 58.24 42.45 137.0 21.02 69.0 14.21 34.01 49.09 9.85 143.69 107.79 31.78 36.06 72.69 
55.71 51.09 73.54 43.19 23.77 56.82 47.04 88.54 107.21 38.12 82.02 15.3 29.43 8.06 42.15 31.4 33.53 81.94 23.09 62.0 8.25 8.06 101.27 128.25 120.2 119.0 0.0 79.7 54.57 86.01 107.07 53.49 94.37 109.17 64.4 69.86 22.47 103.31 32.14 70.18 116.0 38.95 100.24 3.61 74.69 43.42 104.94 99.32 110.04 37.0 84.9 20.22 49.04 82.22 46.69 80.89 18.03 118.21 56.29 19.1 93.0 4.47 6.32 46.67 98.33 30.68 9.49 68.88 101.08 94.26 27.07 74.24 30.02 104.68 23.6 93.61 60.13 61.39 39.56 66.61 29.21 118.42 34.01 115.28 113.32 113.77 65.0 95.19 18.0 100.4 50.0 108.37 85.01 82.54 123.33 31.83 17.69 116.21 91.22 48.05 
24.33 36.8 8.94 38.59 70.01 26.17 36.4 8.94 27.51 46.62 26.68 66.71 81.15 74.46 37.85 95.01 66.48 9.06 57.38 27.78 84.31 73.98 25.3 61.06 47.17 49.24 79.7 0.0 25.5 25.08 41.77 26.48 16.28 37.59 18.44 12.65 84.05 41.87 48.75 29.61 46.65 95.52 20.62 78.77 12.73 50.01 29.73 39.41 43.42 45.79 6.32 62.17 30.81 2.83 42.76 12.65 92.07 52.2 24.19 63.79 29.41 76.55 86.02 43.93 27.2 66.19 87.56 15.26 32.02 35.85 78.06 18.11 61.03 25.08 95.52 13.93 25.61 19.42 40.16 34.48 99.18 44.27 48.88 50.45 33.73 36.22 15.26 15.65 97.02 28.3 35.38 45.97 26.57 3.61 49.34 99.02 64.94 36.67 13.6 44.69 
7.07 16.12 21.21 13.45 48.05 14.32 12.53 34.44 52.92 21.93 32.65 41.23 60.17 49.04 14.32 72.99 47.01 29.73 31.95 15.81 58.87 49.37 47.1 77.88 67.27 67.27 54.57 25.5 0.0 35.11 56.61 6.71 39.81 56.44 15.81 18.6 61.52 54.23 23.26 24.76 64.33 75.0 46.1 53.45 24.41 33.42 51.01 50.57 59.2 20.62 30.36 36.67 8.06 28.18 26.87 27.02 68.07 68.01 2.24 40.01 42.06 51.24 60.88 28.28 45.28 45.88 62.8 15.13 48.84 45.62 56.75 22.14 40.16 50.57 72.01 39.4 11.4 7.0 15.13 25.55 76.16 65.07 23.6 65.46 58.82 59.41 10.44 41.15 72.18 47.17 13.34 59.24 34.93 28.65 70.11 76.53 41.0 61.68 36.67 23.77 
38.95 35.23 32.45 43.1 82.97 44.41 39.01 27.07 35.78 48.17 5.0 71.11 95.21 79.16 49.34 107.71 82.08 33.84 63.01 24.02 88.46 82.22 20.52 42.95 34.53 33.02 86.01 25.08 35.11 0.0 21.59 40.25 20.88 23.54 38.9 34.83 96.1 19.24 54.04 17.09 30.02 110.06 32.28 84.1 37.22 67.6 22.2 15.81 24.33 49.01 21.38 66.12 43.08 26.25 60.54 12.53 101.4 32.98 32.89 74.15 7.07 82.05 92.05 61.91 13.89 80.99 95.02 20.59 15.3 11.31 91.76 13.0 75.27 35.47 105.8 28.16 26.17 28.64 49.03 22.36 110.32 33.24 52.04 30.36 37.8 32.2 27.46 30.27 104.0 16.12 36.01 24.17 2.24 27.2 37.85 111.0 74.97 39.7 19.24 40.52 
60.01 56.01 50.45 64.5 104.55 64.88 60.3 39.41 37.34 69.01 25.08 92.01 116.76 100.0 70.88 129.29 103.46 48.92 84.21 45.18 109.07 103.59 21.19 21.38 17.03 12.65 107.07 41.77 56.61 21.59 0.0 61.47 29.15 10.2 58.52 53.6 117.69 5.66 75.33 37.01 9.85 131.61 37.95 105.0 54.49 88.57 18.25 8.94 3.16 70.11 36.07 87.01 64.51 41.73 81.39 31.38 122.8 11.4 54.41 95.71 14.56 103.02 113.02 82.73 15.0 102.46 116.21 41.79 10.0 13.34 113.32 34.48 96.77 38.83 127.28 37.59 47.68 49.98 70.61 41.3 131.85 17.8 73.06 8.94 35.06 24.52 48.33 38.91 125.06 14.76 57.14 5.1 22.2 42.45 20.62 132.57 96.51 35.36 30.0 60.3 
2.24 22.02 20.12 16.55 44.18 8.0 17.26 35.17 53.85 25.06 38.28 41.34 55.9 48.76 11.4 69.26 42.06 28.65 31.91 22.47 58.59 47.54 50.09 82.54 71.02 71.57 53.49 26.48 6.71 40.25 61.47 0.0 42.05 60.42 12.04 16.64 58.03 59.48 24.08 31.24 68.68 70.61 46.84 52.8 22.02 27.46 54.23 55.95 63.91 23.02 32.14 37.2 4.47 28.86 20.62 30.81 65.62 72.8 8.6 37.34 47.01 50.57 59.81 22.02 49.24 41.23 61.13 19.7 53.16 51.11 52.61 27.29 35.69 51.24 69.18 40.26 18.03 11.66 14.42 32.25 73.01 68.59 25.61 70.38 60.21 62.01 13.34 41.76 70.6 50.99 19.0 64.4 40.31 29.12 73.68 73.06 38.47 63.15 39.01 29.15 
40.01 47.51 25.0 51.87 86.02 42.43 48.85 10.63 15.62 59.09 25.08 80.65 97.33 88.6 53.24 111.07 82.73 20.81 71.57 36.62 98.37 89.11 9.43 46.23 31.3 34.21 94.37 16.28 39.81 20.88 29.15 42.05 0.0 22.67 34.71 28.86 100.0 31.02 62.64 34.06 31.89 111.76 11.4 93.15 27.73 66.29 13.89 29.83 30.0 58.87 10.05 75.89 46.17 14.87 59.03 15.0 107.56 38.21 38.08 79.31 21.02 90.96 100.66 60.21 14.32 82.39 102.59 26.0 19.24 28.07 94.19 23.43 77.16 14.76 111.22 8.54 36.24 32.98 54.92 39.7 115.04 28.23 62.03 37.01 19.72 20.02 29.43 10.2 111.99 14.42 46.96 34.0 23.09 15.23 33.24 115.0 80.4 22.36 3.16 54.64 
58.69 58.69 46.53 66.03 104.39 62.63 62.13 33.3 27.89 71.57 28.16 94.43 116.3 102.49 70.71 129.4 102.36 43.42 86.09 47.38 111.88 105.0 13.45 23.6 11.05 11.66 109.17 37.59 56.44 23.54 10.2 60.42 22.67 0.0 55.54 50.09 117.96 15.23 77.06 40.52 9.22 131.03 29.53 107.38 49.93 86.65 9.43 17.2 9.06 72.25 31.38 89.45 63.95 36.89 79.38 29.61 124.06 15.81 54.33 96.33 17.09 105.3 115.28 80.65 11.18 101.64 118.04 41.3 8.25 19.85 112.97 35.0 96.1 29.73 128.25 30.48 49.04 49.5 71.18 45.54 132.54 9.85 75.33 15.23 25.0 14.32 47.07 31.4 127.14 9.49 59.3 15.03 25.0 37.44 14.32 132.97 97.25 25.18 24.41 64.03 
10.0 31.78 10.0 28.3 52.24 8.06 28.23 26.0 44.28 36.89 38.42 53.01 63.01 60.21 22.47 77.06 48.17 17.72 43.6 28.28 69.97 57.94 43.68 78.71 65.46 67.12 64.4 18.44 15.81 38.9 58.52 12.04 34.71 55.54 0.0 6.0 66.37 57.63 36.07 35.11 64.4 77.23 37.22 64.01 10.3 31.58 48.08 54.56 60.54 35.0 24.74 49.04 16.28 20.1 24.33 27.2 75.19 69.46 16.28 47.13 44.82 61.77 70.68 25.5 44.72 48.01 71.51 19.72 49.24 50.21 60.01 27.2 43.05 41.44 78.26 31.02 24.08 15.13 26.25 37.85 81.61 62.64 37.64 67.42 51.09 54.59 13.0 32.14 80.99 46.1 29.12 62.2 39.62 20.02 67.72 81.22 48.38 54.08 32.02 39.56 
14.42 33.62 4.0 31.89 58.22 14.04 31.06 20.0 38.33 40.46 34.99 57.98 69.01 65.37 27.73 83.05 54.15 12.08 48.55 28.07 75.18 63.57 37.95 73.43 59.81 61.72 69.86 12.65 18.6 34.83 53.6 16.64 28.86 50.09 6.0 0.0 72.34 53.08 40.61 33.54 59.06 83.22 31.26 69.32 5.83 37.48 42.38 50.21 55.47 38.9 18.97 53.82 21.1 14.14 30.27 22.63 81.02 64.35 18.36 52.89 40.31 67.08 76.16 31.4 39.45 54.01 77.16 17.46 44.1 46.1 66.01 24.17 49.04 35.51 84.17 25.02 24.33 15.52 31.06 37.05 87.57 56.92 41.73 62.43 45.1 48.66 12.04 26.17 86.65 40.71 31.3 57.49 35.81 14.04 61.98 87.21 54.12 48.09 26.25 41.63 
60.01 63.69 76.32 53.76 14.14 58.31 58.19 92.27 110.65 51.88 92.89 33.24 8.54 29.15 47.27 11.7 21.1 83.86 36.36 73.08 29.61 18.44 108.12 139.06 128.76 128.72 22.47 84.05 61.52 96.1 117.69 58.03 100.0 117.96 66.37 72.34 0.0 114.73 43.86 82.22 125.77 17.03 103.59 26.0 75.95 37.34 112.22 110.86 120.42 49.66 90.01 36.88 54.15 86.15 43.42 88.46 13.04 129.07 63.64 22.14 103.16 25.94 23.09 42.72 106.79 19.7 18.03 76.66 110.32 105.77 8.49 83.36 23.54 107.79 13.04 97.33 70.09 68.47 47.07 79.85 15.3 126.48 47.41 126.37 117.43 120.0 71.18 98.51 23.26 108.66 61.68 119.82 95.57 86.21 131.55 15.03 21.54 120.42 97.01 63.13 
58.18 52.24 50.21 61.19 101.83 63.51 56.89 40.71 41.01 65.19 21.84 88.14 114.16 96.08 68.35 126.38 101.24 49.65 80.62 41.77 105.0 100.13 24.19 25.0 22.67 17.89 103.31 41.87 54.23 19.24 5.66 59.48 31.02 15.23 57.63 53.08 114.73 0.0 71.85 33.14 15.26 129.03 40.79 101.12 54.56 86.83 22.02 4.0 8.6 66.48 36.62 83.15 62.24 42.2 79.76 30.48 119.36 15.03 52.0 92.65 12.81 99.18 109.17 81.12 16.76 100.09 112.54 39.82 12.17 9.06 110.68 32.2 94.34 42.19 123.97 39.56 44.64 47.85 67.72 37.01 128.65 23.43 69.35 12.0 39.46 29.41 46.65 41.11 121.26 17.26 53.6 5.1 19.31 43.01 26.25 129.52 93.39 40.02 31.3 56.04 
26.25 19.92 43.83 11.05 32.8 30.0 15.03 57.7 76.16 8.49 50.25 18.03 45.22 25.96 14.76 55.54 36.4 52.43 9.06 30.15 35.74 28.28 69.23 96.63 88.09 87.05 32.14 48.75 23.26 54.04 75.33 24.08 62.64 77.06 36.07 40.61 43.86 71.85 0.0 38.83 84.05 59.68 69.35 30.59 46.1 31.4 72.84 67.9 78.23 5.83 53.49 13.42 19.8 51.43 29.07 48.84 47.52 86.58 24.7 21.95 61.07 28.44 38.33 30.02 66.19 34.06 41.0 36.88 69.01 62.8 41.62 42.11 28.6 73.82 52.17 62.65 28.02 29.73 10.0 36.06 57.01 86.28 4.47 83.73 81.93 81.79 33.62 64.4 50.09 68.26 18.25 76.94 53.15 51.88 91.2 58.19 22.36 84.76 59.48 19.85 
30.81 19.1 33.06 28.46 69.86 37.74 24.04 35.85 49.68 32.06 12.37 55.04 82.35 63.01 37.44 93.92 70.49 38.33 47.52 9.43 72.06 67.08 36.62 58.08 51.42 49.25 70.18 29.61 24.76 17.09 37.01 31.24 34.06 40.52 35.11 33.54 82.22 33.14 38.83 0.0 46.27 97.17 44.65 68.03 38.12 58.05 38.95 29.15 40.05 33.38 29.55 50.04 32.56 32.02 51.62 19.72 86.31 48.04 22.67 60.08 23.54 66.07 76.06 53.04 30.87 68.96 79.4 16.12 32.28 24.08 78.79 11.7 63.13 48.6 91.01 38.95 13.45 20.59 35.78 5.66 95.8 50.29 36.22 45.1 53.08 48.88 22.14 41.18 88.14 33.11 20.62 38.21 15.52 32.98 54.82 96.84 60.73 55.32 31.4 23.54 
67.05 65.07 55.57 73.11 112.38 71.31 69.03 42.52 35.85 78.06 34.06 101.04 124.43 109.07 78.64 137.3 110.72 52.63 93.02 54.0 118.27 112.22 22.63 14.42 8.06 3.0 116.0 46.65 64.33 30.02 9.85 68.68 31.89 9.22 64.4 59.06 125.77 15.26 84.05 46.27 0.0 139.22 38.28 114.04 59.08 95.27 18.44 18.79 6.71 79.0 40.5 96.05 72.03 46.04 88.02 37.95 131.38 7.28 62.17 103.95 23.0 112.02 122.02 89.32 19.7 109.9 125.04 49.24 15.52 23.09 121.05 42.43 104.29 38.01 135.72 39.62 56.14 57.49 78.77 50.8 140.16 10.2 82.01 8.06 31.78 20.4 55.36 40.46 134.0 18.36 66.0 12.04 31.02 46.62 11.4 140.73 104.81 31.26 33.6 69.72 
72.37 79.18 87.21 68.88 27.31 69.35 73.35 103.17 121.0 67.96 107.22 50.25 14.87 46.04 60.73 9.0 29.07 94.01 52.8 87.85 45.31 35.47 120.35 152.88 141.6 142.13 38.95 95.52 75.0 110.06 131.61 70.61 111.76 131.03 77.23 83.22 17.03 129.03 59.68 97.17 139.22 0.0 114.02 42.54 86.01 46.0 124.62 125.25 134.2 65.51 101.71 53.76 67.19 97.33 53.04 101.41 24.33 143.0 77.2 37.74 117.05 42.72 38.28 52.01 119.85 29.43 32.57 89.99 123.69 120.21 18.38 97.12 34.93 118.0 20.0 108.12 84.5 81.74 61.47 95.26 16.49 139.09 63.51 140.43 128.04 131.75 83.95 109.04 34.01 121.6 76.92 134.08 109.73 97.25 144.18 12.65 37.44 131.03 108.9 79.32 
44.64 56.22 27.29 59.06 89.45 45.28 56.6 11.7 7.07 66.89 36.4 87.32 100.04 95.08 58.24 114.21 85.0 20.02 78.0 45.97 104.92 94.37 16.76 51.86 35.36 40.0 100.24 20.62 46.1 32.28 37.95 46.84 11.4 29.53 37.22 31.26 103.59 40.79 69.35 44.65 38.28 114.02 0.0 99.37 28.02 68.03 20.12 40.2 38.08 66.24 16.4 82.76 51.24 18.03 61.0 25.0 112.18 45.28 44.72 83.95 32.06 97.14 106.57 62.01 24.19 85.05 107.97 34.21 28.64 39.01 97.13 33.42 80.22 4.47 115.41 6.71 44.82 39.82 60.75 50.22 118.83 31.83 69.35 44.72 14.04 20.81 35.78 5.1 117.44 23.54 55.22 43.01 34.48 17.72 36.24 118.42 85.15 17.03 13.42 63.78 
55.04 49.0 72.92 41.59 26.31 56.6 45.28 87.66 106.28 36.0 80.01 13.0 32.76 5.1 41.59 35.0 35.9 81.39 21.59 60.07 6.4 10.2 99.82 126.1 118.42 117.04 3.61 78.77 53.45 84.1 105.0 52.8 93.15 107.38 64.01 69.32 26.0 101.12 30.59 68.03 114.04 42.54 99.37 0.0 74.3 44.65 103.41 97.13 108.0 35.13 83.82 18.0 48.33 81.34 47.42 79.43 21.4 116.07 55.08 20.25 91.05 2.24 8.06 47.51 96.63 32.98 12.53 67.47 99.25 92.09 30.27 72.56 31.78 103.82 27.02 92.7 58.42 60.17 38.63 64.28 32.65 116.73 32.06 113.11 112.27 112.38 63.89 94.34 20.22 98.73 48.09 106.17 83.02 81.71 121.59 35.36 18.87 115.13 89.99 45.54 
19.85 39.4 5.1 37.64 61.81 18.03 36.89 17.72 35.0 46.23 38.08 63.25 72.11 70.49 32.76 86.37 57.01 8.0 53.82 33.38 80.26 68.15 37.12 73.5 59.03 61.59 74.69 12.73 24.41 37.22 54.49 22.02 27.73 49.93 10.3 5.83 75.95 54.56 46.1 38.12 59.08 86.01 28.02 74.3 0.0 40.01 41.59 52.01 56.08 44.6 18.6 59.2 26.4 13.04 33.02 24.7 85.16 64.82 24.19 57.25 42.01 72.07 80.96 34.0 39.82 57.14 81.71 22.02 44.69 48.26 69.26 27.89 52.47 32.02 88.07 22.36 29.83 21.19 36.4 42.01 91.24 55.95 47.38 63.13 42.05 46.84 17.46 23.09 91.18 40.8 37.12 58.69 38.47 12.53 60.93 90.67 58.52 45.04 25.55 47.42 
28.65 44.1 41.44 34.0 23.71 24.04 37.74 57.31 75.01 38.6 65.73 38.9 32.39 42.94 21.63 46.87 17.12 48.01 32.25 48.8 51.04 35.47 75.19 109.38 96.84 98.08 43.42 50.01 33.42 67.6 88.57 27.46 66.29 86.65 31.58 37.48 37.34 86.83 31.4 58.05 95.27 46.0 68.03 44.65 40.01 0.0 79.56 83.35 90.87 35.44 56.29 37.66 25.5 51.62 7.28 57.38 48.37 99.81 35.61 24.41 74.24 42.72 48.84 6.08 75.61 17.72 47.51 47.01 79.85 78.55 29.83 54.71 14.42 72.0 50.16 62.2 44.6 39.12 25.5 58.05 52.5 94.11 35.69 97.51 82.05 86.15 40.25 63.07 56.4 77.16 41.05 91.71 67.74 51.48 99.2 51.42 25.81 85.05 63.56 48.33 
52.35 55.66 38.63 61.81 98.41 55.54 58.25 24.41 19.1 68.15 27.2 90.61 110.03 98.66 65.03 123.49 95.71 34.67 81.88 44.27 108.26 100.24 4.47 32.56 17.46 20.52 104.94 29.73 51.01 22.2 18.25 54.23 13.89 9.43 48.08 42.38 112.22 22.02 72.84 38.95 18.44 124.62 20.12 103.41 41.59 79.56 0.0 22.56 18.03 68.45 23.41 85.7 58.08 28.64 72.28 24.08 119.07 25.24 49.04 91.0 17.8 101.27 111.16 73.5 8.49 95.19 113.53 36.12 10.44 23.26 106.79 31.05 89.81 20.62 123.0 21.21 45.12 44.01 66.07 44.42 127.06 14.56 71.59 24.6 17.72 10.0 41.05 22.02 122.8 6.4 55.79 23.35 24.21 29.07 19.65 127.25 92.01 18.79 16.16 61.85 
54.71 48.26 47.51 57.27 98.03 60.22 52.95 39.0 41.11 61.2 18.03 84.15 110.39 92.09 64.62 122.53 97.58 47.51 76.66 37.85 101.0 96.18 24.02 29.0 25.81 21.54 99.32 39.41 50.57 15.81 8.94 55.95 29.83 17.2 54.56 50.21 110.86 4.0 67.9 29.15 18.79 125.25 40.2 97.13 52.01 83.35 22.56 0.0 12.08 62.51 34.48 79.16 58.6 39.96 76.32 27.59 115.41 19.03 48.33 88.77 10.0 95.19 105.17 77.7 16.03 96.38 108.56 36.36 12.17 5.1 106.89 28.65 90.62 42.0 120.03 38.33 40.8 44.29 63.89 33.02 124.74 26.17 65.38 16.0 40.26 30.87 43.27 40.02 117.27 17.03 49.65 9.06 15.65 40.82 29.41 125.63 89.5 41.11 29.73 52.04 
62.39 59.0 52.2 67.36 107.2 67.08 63.2 40.46 36.88 72.0 28.02 95.0 119.37 103.0 73.5 132.0 105.95 50.21 87.14 48.09 112.11 106.47 21.47 18.68 14.14 9.49 110.04 43.42 59.2 24.33 3.16 63.91 30.0 9.06 60.54 55.47 120.42 8.6 78.23 40.05 6.71 134.2 38.08 108.0 56.08 90.87 18.03 12.08 0.0 73.06 37.54 90.0 67.05 43.19 83.67 33.54 125.67 8.94 57.01 98.48 17.26 106.0 116.0 85.0 16.28 105.0 119.15 44.27 11.4 16.49 115.95 37.11 99.33 38.6 130.12 38.28 50.49 52.5 73.35 44.41 134.65 15.26 76.03 7.07 34.01 23.09 50.7 39.45 128.04 15.62 60.07 6.32 25.08 43.86 17.69 135.33 99.3 34.06 31.14 63.39 
25.0 14.32 41.77 7.21 38.6 29.97 10.2 54.71 72.9 3.16 45.04 22.2 51.04 30.27 16.12 61.33 41.87 50.33 14.14 25.0 39.81 33.73 65.0 91.35 83.29 82.0 37.0 45.79 20.62 49.01 70.11 23.02 58.87 72.25 35.0 38.9 49.66 66.48 5.83 33.38 79.0 65.51 66.24 35.13 44.6 35.44 68.45 62.51 73.06 0.0 50.09 17.26 19.24 48.55 32.14 44.64 52.95 81.3 21.63 27.78 56.0 33.06 43.05 33.24 61.52 39.62 46.1 32.89 64.12 57.43 47.43 37.48 34.06 70.71 57.72 59.54 23.35 26.42 11.05 30.36 62.64 81.61 3.16 78.41 78.39 77.62 30.53 61.4 55.0 63.64 13.0 71.57 48.01 49.09 86.47 63.91 28.18 81.15 55.71 14.14 
30.07 39.82 15.23 42.95 76.01 32.39 40.31 6.32 22.83 50.61 24.0 71.51 87.28 79.38 43.42 101.04 72.69 13.04 62.3 29.73 89.2 79.43 18.97 54.92 40.85 43.05 84.9 6.32 30.36 21.38 36.07 32.14 10.05 31.38 24.74 18.97 90.01 36.62 53.49 29.55 40.5 101.71 16.4 83.82 18.6 56.29 23.41 34.48 37.54 50.09 0.0 66.85 36.35 5.66 49.03 10.2 97.74 46.23 28.79 69.46 24.6 81.61 91.21 50.22 21.26 72.34 92.96 17.8 26.17 31.38 84.15 17.89 67.12 20.81 101.32 9.9 28.43 23.77 45.35 34.89 105.08 37.95 53.23 44.6 28.46 30.07 19.92 12.04 102.39 22.2 38.83 40.46 23.19 6.4 43.01 105.0 70.58 31.32 7.28 47.42 
39.41 31.0 57.14 24.04 29.53 42.43 27.46 71.11 89.55 18.0 62.01 5.0 40.61 13.04 26.87 48.01 36.4 65.73 5.83 42.11 22.56 18.87 82.23 108.12 100.5 99.05 20.22 62.17 36.67 66.12 87.01 37.2 75.89 89.45 49.04 53.82 36.88 83.15 13.42 50.04 96.05 53.76 82.76 18.0 59.2 37.66 85.7 79.16 90.0 17.26 66.85 0.0 32.8 64.85 37.7 61.85 37.34 98.08 38.08 18.38 73.06 16.03 26.02 38.28 78.77 33.53 29.61 50.0 81.3 74.11 37.2 54.74 29.43 87.24 42.54 76.06 40.61 43.08 22.8 46.39 47.85 98.86 14.14 95.13 95.27 94.83 47.01 77.82 38.12 80.89 30.15 88.2 65.03 65.3 103.7 49.74 17.89 98.08 72.73 27.89 
6.71 20.62 24.6 13.34 40.45 10.77 15.03 39.56 58.24 21.54 40.71 36.89 52.39 44.29 7.07 65.49 39.0 33.12 27.46 23.35 54.12 43.17 54.01 85.73 74.67 74.95 49.04 30.81 8.06 43.08 64.51 4.47 46.17 63.95 16.28 21.1 54.15 62.24 19.8 32.56 72.03 67.19 51.24 48.33 26.4 25.5 58.08 58.6 67.05 19.24 36.35 32.8 0.0 33.24 19.21 34.37 61.4 75.89 10.3 33.14 49.98 46.1 55.36 20.62 52.77 37.95 56.75 22.8 56.52 53.67 49.03 30.08 32.28 55.66 65.07 44.64 19.1 14.56 10.0 32.8 69.01 72.34 21.63 73.39 64.54 66.07 17.03 46.17 66.22 54.59 17.46 67.23 42.95 33.53 77.41 69.18 34.23 67.47 43.1 27.02 
26.68 39.62 10.2 41.34 72.06 28.02 39.2 6.32 25.0 49.41 28.28 69.35 83.05 77.08 40.26 97.01 68.26 7.62 60.01 30.53 86.93 76.4 24.17 60.46 46.1 48.55 82.22 2.83 28.18 26.25 41.73 28.86 14.87 36.89 20.1 14.14 86.15 42.2 51.43 32.02 46.04 97.33 18.03 81.34 13.04 51.62 28.64 39.96 43.19 48.55 5.66 64.85 33.24 0.0 44.41 14.14 94.37 51.86 26.93 66.1 30.02 79.12 88.54 45.54 26.91 68.07 89.99 18.03 31.83 36.67 80.01 20.4 63.0 22.47 97.74 11.4 28.43 22.2 42.72 37.0 101.32 43.08 51.62 50.25 31.4 34.53 18.03 13.0 99.46 27.8 38.21 46.1 27.89 1.0 48.1 101.08 67.27 34.37 12.53 47.51 
21.63 38.91 34.23 29.41 29.41 16.76 32.7 50.16 68.01 35.23 58.82 39.82 39.12 45.0 16.76 53.46 24.0 41.01 31.95 42.52 53.81 39.05 67.91 102.16 89.56 90.82 46.69 42.76 26.87 60.54 81.39 20.62 59.03 79.38 24.33 30.27 43.42 79.76 29.07 51.62 88.02 53.04 61.0 47.42 33.02 7.28 72.28 76.32 83.67 32.14 49.03 37.7 19.21 44.41 0.0 50.16 53.71 92.61 29.0 27.66 67.12 45.34 52.5 1.41 68.35 24.19 51.87 39.96 72.62 71.56 36.35 47.71 19.92 65.03 55.97 55.08 38.21 32.2 21.38 52.01 58.69 86.83 33.0 90.34 75.01 78.92 33.12 56.01 61.06 69.89 35.78 84.6 60.75 44.28 91.92 57.87 29.07 78.01 56.29 43.97 
29.12 32.65 20.0 37.85 74.81 33.54 34.48 16.49 30.41 44.6 14.14 66.71 86.68 74.73 41.19 99.85 72.8 21.59 57.87 21.63 84.4 76.16 20.4 52.0 40.31 40.8 80.89 12.65 27.02 12.53 31.38 30.81 15.0 29.61 27.2 22.63 88.46 30.48 48.84 19.72 37.95 101.41 25.0 79.43 24.7 57.38 24.08 27.59 33.54 44.64 10.2 61.85 34.37 14.14 50.16 0.0 95.02 42.49 25.0 67.03 17.69 77.28 87.13 51.48 18.44 72.03 89.45 12.04 22.47 23.6 83.36 8.49 66.49 29.07 99.02 19.24 21.54 20.02 42.01 25.24 103.17 38.05 47.8 40.31 34.67 32.98 17.46 21.47 98.73 20.22 32.31 35.0 13.93 15.13 43.1 103.48 68.01 37.22 12.04 39.66 
67.74 67.27 84.93 58.31 24.7 67.19 62.51 100.62 119.24 54.57 97.74 32.7 21.47 26.08 54.33 15.52 33.3 92.89 38.83 77.65 22.2 19.24 115.16 144.13 135.03 134.37 18.03 92.07 68.07 101.4 122.8 65.62 107.56 124.06 75.19 81.02 13.04 119.36 47.52 86.31 131.38 24.33 112.18 21.4 85.16 48.37 119.07 115.41 125.67 52.95 97.74 37.34 61.4 94.37 53.71 95.02 0.0 134.08 70.03 28.28 108.46 22.47 15.0 53.23 113.02 31.4 9.22 83.01 116.16 110.32 21.4 89.09 34.0 116.5 5.66 105.72 75.24 75.06 53.01 83.2 11.31 133.0 50.22 131.24 125.77 127.39 78.23 107.08 10.44 115.0 65.76 124.46 100.6 94.54 138.0 14.42 27.17 128.72 104.48 65.15 
71.31 67.12 61.03 75.8 115.95 76.03 71.57 48.8 43.08 80.1 36.35 103.08 128.16 111.04 82.28 140.69 114.83 58.73 95.43 56.44 120.0 114.86 29.21 10.05 14.14 7.07 118.21 52.2 68.01 32.98 11.4 72.8 38.21 15.81 69.46 64.35 129.07 15.03 86.58 48.04 7.28 143.0 45.28 116.07 64.82 99.81 25.24 19.03 8.94 81.3 46.23 98.08 75.89 51.86 92.61 42.49 134.08 0.0 65.8 107.08 25.96 114.11 124.1 93.94 25.0 113.84 127.39 53.14 20.25 24.0 124.72 45.88 108.16 45.19 138.6 46.23 59.03 61.35 82.0 52.04 143.2 17.0 84.21 3.16 39.05 27.66 59.62 47.2 136.18 24.08 68.36 10.2 33.54 52.5 16.76 143.95 107.87 38.47 39.62 71.06 
8.54 15.52 20.62 14.42 50.22 15.81 12.81 33.12 51.48 22.67 30.41 42.72 62.36 50.6 16.49 75.13 49.24 29.0 33.53 13.89 60.41 51.24 45.18 75.69 65.19 65.12 56.29 24.19 2.24 32.89 54.41 8.6 38.08 54.33 16.28 18.36 63.64 52.0 24.7 22.67 62.17 77.2 44.72 55.08 24.19 35.61 49.04 48.33 57.01 21.63 28.79 38.08 10.3 26.93 29.0 25.0 70.03 65.8 0.0 42.05 39.85 52.89 62.59 30.41 43.19 48.1 64.63 13.04 46.69 43.38 58.94 19.92 42.38 49.19 74.03 38.01 9.43 5.1 17.03 23.71 78.23 63.03 24.7 63.25 57.25 57.56 8.94 39.82 73.98 45.1 13.0 57.01 32.7 27.46 68.07 78.64 43.01 60.08 34.93 23.41 
39.46 41.63 56.75 31.62 11.4 39.22 36.06 72.37 91.01 30.23 70.83 17.12 23.43 18.97 26.08 33.84 18.25 64.85 15.62 50.96 26.63 11.4 87.02 117.09 107.23 106.92 19.1 63.79 40.01 74.15 95.71 37.34 79.31 96.33 47.13 52.89 22.14 92.65 21.95 60.08 103.95 37.74 83.95 20.25 57.25 24.41 91.0 88.77 98.48 27.78 69.46 18.38 33.14 66.1 27.66 67.03 28.28 107.08 42.05 0.0 81.22 18.36 24.84 27.59 85.21 15.3 24.6 55.08 88.57 83.68 19.85 61.52 12.17 88.29 32.0 77.47 48.05 47.01 25.18 57.78 36.22 105.08 25.81 104.35 97.49 99.18 50.04 78.85 34.01 87.14 39.56 97.74 73.55 66.29 110.11 36.88 1.41 100.45 76.24 41.62 
45.62 42.11 37.54 50.16 89.99 50.77 46.04 29.41 34.21 55.08 11.18 78.06 102.2 86.09 56.32 114.76 88.96 37.59 70.03 31.0 95.34 89.27 17.46 35.9 27.89 26.0 93.0 29.41 42.06 7.07 14.56 47.01 21.02 17.09 44.82 40.31 103.16 12.81 61.07 23.54 23.0 117.05 32.06 91.05 42.01 74.24 17.8 10.0 17.26 56.0 24.6 73.06 49.98 30.02 67.12 17.69 108.46 25.96 39.85 81.22 0.0 89.02 99.02 68.48 9.43 87.92 102.04 27.31 8.94 7.07 98.76 19.92 82.22 34.53 112.87 29.27 33.24 35.47 56.09 28.46 117.39 26.93 59.01 23.41 34.89 27.59 34.0 31.14 111.0 11.4 43.0 17.49 8.06 30.89 31.32 118.07 82.04 36.36 20.4 47.07 
52.8 47.01 70.68 39.46 25.08 54.38 43.19 85.44 104.06 34.01 78.0 11.05 32.28 3.61 39.36 35.47 34.53 79.16 19.42 58.03 8.49 9.0 97.67 124.15 116.35 115.02 4.47 76.55 51.24 82.05 103.02 50.57 90.96 105.3 61.77 67.08 25.94 99.18 28.44 66.07 112.02 42.72 97.14 2.24 72.07 42.72 101.27 95.19 106.0 33.06 81.61 16.03 46.1 79.12 45.34 77.28 22.47 114.11 52.89 18.36 89.02 0.0 10.0 45.45 94.53 31.58 13.93 65.31 97.19 90.14 29.61 70.46 30.08 101.59 28.02 90.48 56.32 57.97 36.4 62.39 33.6 114.63 30.02 111.16 110.06 110.22 61.68 92.11 22.09 96.63 46.04 104.24 81.01 79.48 119.51 36.12 17.0 112.93 87.8 43.74 
62.03 57.01 79.85 49.37 27.73 63.06 53.15 94.87 113.53 44.01 88.0 21.02 31.02 13.15 48.47 29.97 37.58 88.24 29.27 68.03 7.21 13.45 107.52 134.13 126.32 125.02 6.32 86.02 60.88 92.05 113.02 59.81 100.66 115.28 70.68 76.16 23.09 109.17 38.33 76.06 122.02 38.28 106.57 8.06 80.96 48.84 111.16 105.17 116.0 43.05 91.21 26.02 55.36 88.54 52.5 87.13 15.0 124.1 62.59 24.84 99.02 10.0 0.0 52.4 104.48 34.89 5.83 75.13 107.17 100.12 29.27 80.4 35.0 111.0 20.62 99.93 66.27 67.68 45.88 72.34 26.25 124.58 40.01 121.15 119.64 120.03 71.31 101.51 12.17 106.57 56.04 114.21 91.01 88.87 129.47 29.41 23.43 122.53 97.51 53.6 
23.02 40.25 35.36 30.68 28.79 18.03 34.01 51.24 69.0 36.35 60.22 40.25 38.21 45.22 18.03 52.61 23.02 42.0 32.57 43.93 53.91 38.95 69.12 103.47 90.8 92.11 46.67 43.93 28.28 61.91 82.73 22.02 60.21 80.65 25.5 31.4 42.72 81.12 30.02 53.04 89.32 52.01 62.01 47.51 34.0 6.08 73.5 77.7 85.0 33.24 50.22 38.28 20.62 45.54 1.41 51.48 53.23 93.94 30.41 27.59 68.48 45.45 52.4 0.0 69.64 23.35 51.61 41.34 73.93 72.95 35.51 49.09 19.31 66.01 55.36 56.14 39.62 33.6 22.56 53.41 57.97 88.06 34.01 91.68 76.03 80.06 34.48 57.04 60.75 71.17 37.12 85.96 62.13 45.4 93.15 57.07 29.0 79.03 57.49 45.22 
47.54 48.27 36.06 55.15 93.21 51.62 51.35 24.41 25.32 61.0 18.87 83.73 105.12 91.79 59.54 118.23 91.21 33.97 75.24 36.88 101.27 94.01 8.25 34.0 22.02 22.47 98.33 27.2 45.28 13.89 15.0 49.24 14.32 11.18 44.72 39.45 106.79 16.76 66.19 30.87 19.7 119.85 24.19 96.63 39.82 75.61 8.49 16.03 16.28 61.52 21.26 78.77 52.77 26.91 68.35 18.44 113.02 25.0 43.19 85.21 9.43 94.53 104.48 69.64 0.0 90.47 107.12 30.15 5.0 15.52 101.79 24.08 84.93 26.02 117.15 22.85 38.21 38.33 60.07 36.24 121.41 20.1 64.63 23.35 25.5 18.44 35.9 24.35 116.28 2.24 48.66 19.72 15.81 27.59 25.02 121.81 86.15 26.93 15.0 54.08 
42.95 52.01 58.01 41.4 7.21 40.05 45.8 74.01 92.09 42.52 78.39 32.39 15.0 33.14 31.78 29.27 3.0 65.12 29.97 59.54 38.9 22.8 90.93 123.66 112.18 112.79 30.68 66.19 45.88 80.99 102.46 41.23 82.39 101.64 48.01 54.01 19.7 100.09 34.06 68.96 109.9 29.43 85.05 32.98 57.14 17.72 95.19 96.38 105.0 39.62 72.34 33.53 37.95 68.07 24.19 72.03 31.4 113.84 48.1 15.3 87.92 31.58 34.89 23.35 90.47 0.0 32.2 60.73 94.37 91.39 12.17 68.01 5.83 89.14 32.65 79.0 55.9 52.5 33.29 67.68 34.79 109.66 38.42 111.33 99.02 102.4 54.57 80.02 40.31 92.2 49.41 105.11 80.78 68.03 114.76 33.73 16.12 102.02 79.51 53.76 
63.32 60.3 80.96 52.01 25.0 63.69 56.01 96.3 114.98 47.38 91.14 24.74 26.31 17.46 49.73 24.17 34.67 89.2 32.02 71.06 13.04 13.6 109.77 137.44 129.06 128.04 9.49 87.56 62.8 95.02 116.21 61.13 102.59 118.04 71.51 77.16 18.03 112.54 41.0 79.4 125.04 32.57 107.97 12.53 81.71 47.51 113.53 108.56 119.15 46.1 92.96 29.61 56.75 89.99 51.87 89.45 9.22 127.39 64.63 24.6 102.04 13.93 5.83 51.61 107.12 32.2 0.0 77.41 110.0 103.48 25.0 83.05 33.24 112.36 14.87 101.39 69.01 69.72 47.68 75.95 20.52 127.19 43.19 124.49 121.28 122.19 73.16 102.88 9.49 109.17 59.08 117.61 94.09 90.25 132.14 23.6 23.26 124.2 99.46 57.49 
